Run ID,Event ID,Particle Name,Start Energy [eV],Start X [mm],Start Y [mm],Start Z [mm],Start Time [ns]
0 0 phononL 0.004 -3.6951 1.17751 0.0396758 0
0 1 phononL 0.004 0.986973 0.0254302 0.0366587 0
0 2 phononL 0.004 -1.31506 -4.30766 -0.0143039 0
0 3 phononL 0.004 1.26833 -1.49166 -0.0347881 0
0 4 phononL 0.004 0.75315 -0.0924217 0.021189 0
0 5 phononL 0.004 -4.00977 -3.48969 -0.0187341 0
0 6 phononL 0.004 -2.15551 -2.38939 0.00597071 0
0 7 phononL 0.004 0.162684 3.74713 0.00643729 0
0 8 phononL 0.004 -0.740158 -0.0440638 0.0109315 0
0 9 phononL 0.004 -2.97628 -2.26492 -0.0225909 0
0 10 phononL 0.004 3.29434 3.4126 -0.0221981 0
0 11 phononL 0.004 -1.79563 -2.25797 -0.000573039 0
0 12 phononL 0.004 -1.87819 -3.12559 0.0122251 0
0 13 phononL 0.004 -4.82497 -1.99952 -0.00417615 0
0 14 phononL 0.004 1.17523 1.62919 0.0210147 0
0 15 phononL 0.004 2.32852 -1.7024 -0.0387628 0
0 16 phononL 0.004 -3.41033 1.09063 -0.0156659 0
0 17 phononL 0.004 4.30286 -0.258596 -0.00813994 0
0 18 phononL 0.004 -4.16606 -3.43015 0.0124472 0
0 19 phononL 0.004 3.73862 3.33351 0.0371062 0
0 20 phononL 0.004 4.49413 0.389177 0.0312826 0
0 21 phononL 0.004 -1.81615 -2.31394 -0.00816814 0
0 22 phononL 0.004 3.53827 3.83497 0.036822 0
0 23 phononL 0.004 -3.69647 -2.26111 -0.00484049 0
0 24 phononL 0.004 3.05825 1.79261 -0.00931386 0
0 25 phononL 0.004 2.05809 -2.92455 0.0303778 0
0 26 phononL 0.004 4.39979 2.08596 0.0343455 0
0 27 phononL 0.004 -2.74623 2.61008 0.0386854 0
0 28 phononL 0.004 4.14439 -0.0374004 0.00102273 0
0 29 phononL 0.004 1.42849 -1.27195 -0.00691229 0
0 30 phononL 0.004 -3.2645 1.6963 0.0330932 0
0 31 phononL 0.004 -0.761039 0.640106 -0.0368475 0
0 32 phononL 0.004 -3.80086 2.62029 -0.00265421 0
0 33 phononL 0.004 -0.121162 1.74417 0.0374144 0
0 34 phononL 0.004 -3.29256 -0.402105 -0.0376565 0
0 35 phononL 0.004 -1.12483 -3.20879 -0.0222277 0
0 36 phononL 0.004 0.439519 -0.423804 -0.0318133 0
0 37 phononL 0.004 -0.038823 -0.48004 -0.00422152 0
0 38 phononL 0.004 -4.06886 -2.8924 0.0251667 0
0 39 phononL 0.004 4.83268 4.95457 0.0297125 0
0 40 phononL 0.004 -3.04898 -3.05149 -0.0164243 0
0 41 phononL 0.004 -0.0881706 -2.16306 0.0249669 0
0 42 phononL 0.004 -4.11271 1.22439 -0.0322239 0
0 43 phononL 0.004 -3.35395 1.21648 -0.0064465 0
0 44 phononL 0.004 1.17523 0.197101 2.5655e-05 0
0 45 phononL 0.004 -4.72771 1.60262 0.0167617 0
0 46 phononL 0.004 -1.32606 0.494097 -0.000528582 0
0 47 phononL 0.004 0.90429 3.83513 -0.00335464 0
0 48 phononL 0.004 -4.6017 -3.5669 -0.00785963 0
0 49 phononL 0.004 -0.923909 -2.64255 -0.010814 0
0 50 phononL 0.004 -2.53457 0.552138 0.00322126 0
0 51 phononL 0.004 1.85775 -4.21484 -0.007303 0
0 52 phononL 0.004 1.13797 -1.60166 -0.00684938 0
0 53 phononL 0.004 0.387457 -3.01376 0.00596111 0
0 54 phononL 0.004 1.66867 1.60457 -0.00819348 0
0 55 phononL 0.004 2.08487 -4.59634 -0.0252448 0
0 56 phononL 0.004 0.135328 -0.561995 -0.0139573 0
0 57 phononL 0.004 4.38961 -0.0732354 -0.0338731 0
0 58 phononL 0.004 -0.52428 1.22773 0.0298867 0
0 59 phononL 0.004 -1.20366 0.0707744 -0.0169769 0
0 60 phononL 0.004 2.00276 -3.6737 0.0277496 0
0 61 phononL 0.004 -1.07479 2.94222 0.0146551 0
0 62 phononL 0.004 -2.80529 -3.21911 -0.0269469 0
0 63 phononL 0.004 -1.91605 4.81787 0.0261981 0
0 64 phononL 0.004 -2.25131 -1.13112 0.00464483 0
0 65 phononL 0.004 4.30703 -2.2303 -0.00386626 0
0 66 phononL 0.004 -4.50348 -0.346621 -0.0223108 0
0 67 phononL 0.004 4.69403 4.27307 -0.0271402 0
0 68 phononL 0.004 -3.18461 3.61899 0.0336564 0
0 69 phononL 0.004 1.8239 -2.94075 -0.0183775 0
0 70 phononL 0.004 -2.40981 -1.65253 0.0231384 0
0 71 phononL 0.004 1.30788 -4.26579 -0.039602 0
0 72 phononL 0.004 -4.74738 -3.6817 0.0204312 0
0 73 phononL 0.004 -3.08094 -2.59571 0.01802 0
0 74 phononL 0.004 4.17221 1.9096 -0.034347 0
0 75 phononL 0.004 3.95906 1.29547 0.00171786 0
0 76 phononL 0.004 -2.98295 0.901102 0.000176421 0
0 77 phononL 0.004 -3.38065 0.831693 -0.0111245 0
0 78 phononL 0.004 -2.58394 4.47297 -0.0233205 0
0 79 phononL 0.004 -2.94583 0.529582 0.00735789 0
0 80 phononL 0.004 -2.68632 -3.8415 -0.0358249 0
0 81 phononL 0.004 -0.38767 4.39095 -0.00394553 0
0 82 phononL 0.004 -2.70504 4.03999 -0.0263253 0
0 83 phononL 0.004 -1.81451 -4.13257 -0.0245211 0
0 84 phononL 0.004 2.02832 4.4422 0.0264715 0
0 85 phononL 0.004 -3.84472 3.53185 -0.0350399 0
0 86 phononL 0.004 -2.43768 -0.0099015 -0.00471353 0
0 87 phononL 0.004 4.00811 -1.13063 0.00631066 0
0 88 phononL 0.004 0.0100689 -2.88995 -0.0391114 0
0 89 phononL 0.004 -2.73527 3.74898 -0.0316012 0
0 90 phononL 0.004 0.1439 -3.90097 0.0346321 0
0 91 phononL 0.004 0.96067 2.17736 0.0340525 0
0 92 phononL 0.004 -4.05662 4.74292 0.0366867 0
0 93 phononL 0.004 2.08676 -1.23919 0.0265827 0
0 94 phononL 0.004 2.29355 -3.17571 -0.012246 0
0 95 phononL 0.004 3.89005 3.66013 -0.0396575 0
0 96 phononL 0.004 -1.3893 -2.90277 0.0315446 0
0 97 phononL 0.004 -3.41 -3.11337 -0.022687 0
0 98 phononL 0.004 3.34393 -4.56404 0.00333023 0
0 99 phononL 0.004 -1.79371 4.08839 -0.0157484 0
0 100 phononL 0.004 -0.80307 3.97245 0.0183959 0
0 101 phononL 0.004 4.40168 -1.62015 0.0207753 0
0 102 phononL 0.004 -4.33855 -0.289215 -0.00947337 0
0 103 phononL 0.004 -4.44409 -0.668995 0.00279678 0
0 104 phononL 0.004 -2.51165 3.33524 0.012562 0
0 105 phononL 0.004 4.92078 1.92069 -0.0378973 0
0 106 phononL 0.004 -2.766 -2.22407 0.0326384 0
0 107 phononL 0.004 4.26389 -3.10655 -0.0270845 0
0 108 phononL 0.004 4.33475 2.21995 0.0133068 0
0 109 phononL 0.004 -4.14639 4.55011 -0.0300559 0
0 110 phononL 0.004 4.72086 4.87381 -0.0280877 0
0 111 phononL 0.004 -3.2437 1.90429 -0.00163428 0
0 112 phononL 0.004 1.78933 -1.25053 -0.00536141 0
0 113 phononL 0.004 -0.336823 -2.44475 -0.00655055 0
0 114 phononL 0.004 4.94917 -2.96578 -0.0380914 0
0 115 phononL 0.004 3.24553 4.92799 -0.0375842 0
0 116 phononL 0.004 1.94292 4.20219 -0.033597 0
0 117 phononL 0.004 2.04331 3.52416 0.0353456 0
0 118 phononL 0.004 4.31186 0.380596 -0.0376942 0
0 119 phononL 0.004 -2.88829 0.697777 -0.0166533 0
0 120 phononL 0.004 -0.264474 -2.90615 0.0178103 0
0 121 phononL 0.004 0.985599 4.11749 0.0356431 0
0 122 phononL 0.004 3.26995 -1.94718 0.0389827 0
0 123 phononL 0.004 4.45119 0.0129086 -0.0138477 0
0 124 phononL 0.004 -0.272868 -4.80901 0.0311366 0
0 125 phononL 0.004 -3.16059 1.62168 -0.0102751 0
0 126 phononL 0.004 1.29202 1.41726 -0.025757 0
0 127 phononL 0.004 0.620124 -1.44209 -0.00582488 0
0 128 phononL 0.004 -1.78629 -0.964184 0.0327109 0
0 129 phononL 0.004 -3.71796 -3.73024 0.0231432 0
0 130 phononL 0.004 -2.99397 3.9134 0.00389129 0
0 131 phononL 0.004 -2.34207 -2.58041 0.0141734 0
0 132 phononL 0.004 -0.944419 -3.06387 0.0204189 0
0 133 phononL 0.004 1.81272 4.04255 -0.0266947 0
0 134 phononL 0.004 4.30187 -4.17196 0.038128 0
0 135 phononL 0.004 3.30283 3.60122 -0.0025793 0
0 136 phononL 0.004 1.93164 2.8127 0.017782 0
0 137 phononL 0.004 -2.43326 -2.9983 -0.00229599 0
0 138 phononL 0.004 -4.16744 -1.1042 0.00739524 0
0 139 phononL 0.004 -2.18717 -0.981396 -0.0166081 0
0 140 phononL 0.004 2.89888 4.34691 -0.0145337 0
0 141 phononL 0.004 -1.22265 -0.69084 -0.00185019 0
0 142 phononL 0.004 1.26451 -0.338682 0.00327297 0
0 143 phononL 0.004 -2.16957 -2.53866 0.0389826 0
0 144 phononL 0.004 -4.05917 0.33436 -0.0131729 0
0 145 phononL 0.004 0.735598 -3.59054 0.00791382 0
0 146 phononL 0.004 -2.06723 -1.05579 0.0260766 0
0 147 phononL 0.004 3.38695 2.39318 0.0182374 0
0 148 phononL 0.004 4.56294 -0.318863 -0.00601436 0
0 149 phononL 0.004 0.379793 -3.21322 0.0269848 0
0 150 phononL 0.004 4.15088 -3.8404 0.0387412 0
0 151 phononL 0.004 -3.81031 -3.2015 0.0273429 0
0 152 phononL 0.004 -1.60056 -3.04405 -0.0298449 0
0 153 phononL 0.004 2.87695 -3.08269 -0.0145427 0
0 154 phononL 0.004 -1.00265 -1.63103 0.0222087 0
0 155 phononL 0.004 -2.4017 -0.126184 -0.00446863 0
0 156 phononL 0.004 -1.83225 -4.59159 0.0177931 0
0 157 phononL 0.004 -3.75473 0.177186 -0.00849538 0
0 158 phononL 0.004 1.43892 -2.18149 0.0397505 0
0 159 phononL 0.004 1.97819 -0.714895 -0.0116376 0
0 160 phononL 0.004 -3.05258 -1.39177 0.0119534 0
0 161 phononL 0.004 4.18925 -3.20894 0.0194021 0
0 162 phononL 0.004 -4.99549 1.41368 -0.00723673 0
0 163 phononL 0.004 2.47452 4.60355 0.03884 0
0 164 phononL 0.004 1.29009 -3.45121 0.0355875 0
0 165 phononL 0.004 3.56753 0.263242 -0.00829026 0
0 166 phononL 0.004 1.07542 -3.04877 -0.0114955 0
0 167 phononL 0.004 -4.89064 -2.42973 -0.0397156 0
0 168 phononL 0.004 3.37141 -1.6767 0.0168096 0
0 169 phononL 0.004 2.89709 4.62413 0.0346683 0
0 170 phononL 0.004 -2.24168 -3.85147 -0.0279556 0
0 171 phononL 0.004 4.31909 2.68133 0.0382461 0
0 172 phononL 0.004 0.307474 -4.45335 0.0366202 0
0 173 phononL 0.004 -0.011558 -0.933196 -0.0291051 0
0 174 phononL 0.004 3.08723 -1.30754 0.0270952 0
0 175 phononL 0.004 3.27186 -0.527742 0.0239981 0
0 176 phononL 0.004 -0.0144243 0.0974061 -0.0328286 0
0 177 phononL 0.004 1.00632 0.55147 0.0101473 0
0 178 phononL 0.004 -0.313797 4.95196 -0.0372149 0
0 179 phononL 0.004 0.762258 4.52766 -0.0362378 0
0 180 phononL 0.004 -4.53089 -0.708236 0.0185846 0
0 181 phononL 0.004 1.39711 -1.7884 -0.0358939 0
0 182 phononL 0.004 -4.30386 2.51316 0.0117949 0
0 183 phononL 0.004 3.97236 0.608897 -0.0157899 0
0 184 phononL 0.004 -1.68456 1.17035 0.0356918 0
0 185 phononL 0.004 3.78859 -0.452231 0.0121873 0
0 186 phononL 0.004 1.77163 -2.08501 0.0387393 0
0 187 phononL 0.004 2.22014 -4.13325 0.00416257 0
0 188 phononL 0.004 -4.21133 -1.02184 -0.0373679 0
0 189 phononL 0.004 4.96063 -1.5272 -0.0129363 0
0 190 phononL 0.004 -0.488615 -4.60451 0.0279602 0
0 191 phononL 0.004 -3.41718 -2.19774 0.0277084 0
0 192 phononL 0.004 1.15166 -2.5905 0.0142509 0
0 193 phononL 0.004 -2.09357 -2.48696 0.0352832 0
0 194 phononL 0.004 1.03162 -4.85786 -0.0168821 0
0 195 phononL 0.004 -3.82007 1.37045 0.0102717 0
0 196 phononL 0.004 0.415333 1.51656 -0.0137506 0
0 197 phononL 0.004 -0.354793 -0.129972 0.00263118 0
0 198 phononL 0.004 3.544 1.35281 -0.0125039 0
0 199 phononL 0.004 -4.43964 2.87483 0.0325495 0
0 200 phononL 0.004 -1.6699 3.68172 0.0161272 0
0 201 phononL 0.004 -2.74134 4.86879 0.0038684 0
0 202 phononL 0.004 -3.52944 4.44452 0.0275055 0
0 203 phononL 0.004 4.99565 4.04551 -0.00915326 0
0 204 phononL 0.004 3.08119 4.70162 0.0230782 0
0 205 phononL 0.004 4.34224 0.391731 -0.0303114 0
0 206 phononL 0.004 4.70942 1.87166 -0.0335502 0
0 207 phononL 0.004 -3.11216 -0.730948 -0.00885037 0
0 208 phononL 0.004 3.49314 -2.56625 0.0196385 0
0 209 phononL 0.004 1.56803 -2.57582 0.0176035 0
0 210 phononL 0.004 -4.4852 1.38497 0.0284528 0
0 211 phononL 0.004 3.23902 0.203686 0.0301699 0
0 212 phononL 0.004 -3.65816 3.41573 -0.0369621 0
0 213 phononL 0.004 2.27104 -3.24277 -0.0354217 0
0 214 phononL 0.004 0.389942 -3.74625 -0.00770115 0
0 215 phononL 0.004 -4.49638 1.11408 -0.0133007 0
0 216 phononL 0.004 -3.75637 3.38505 0.0140276 0
0 217 phononL 0.004 -4.265 -1.41487 0.0349849 0
0 218 phononL 0.004 -4.61597 3.94864 -0.0349921 0
0 219 phononL 0.004 -4.25559 4.49027 0.00284583 0
0 220 phononL 0.004 -1.5084 -3.34341 -0.018501 0
0 221 phononL 0.004 -4.15195 1.04743 -0.0180115 0
0 222 phononL 0.004 -2.73655 0.399517 -0.00343796 0
0 223 phononL 0.004 -3.93521 2.71407 0.0345271 0
0 224 phononL 0.004 0.616653 4.05436 -0.0117184 0
0 225 phononL 0.004 -1.37168 4.96175 0.00942188 0
0 226 phononL 0.004 -2.89449 -2.62622 -0.0190543 0
0 227 phononL 0.004 2.76394 -4.64324 -0.0250348 0
0 228 phononL 0.004 -1.91231 4.85449 0.020201 0
0 229 phononL 0.004 3.37494 1.87478 -0.0237605 0
0 230 phononL 0.004 -1.07364 -4.13106 -0.0363292 0
0 231 phononL 0.004 3.33701 1.53979 -0.0198218 0
0 232 phononL 0.004 3.41706 -4.28355 0.010305 0
0 233 phononL 0.004 -4.23753 -0.247021 -0.023694 0
0 234 phononL 0.004 -3.05683 4.05274 0.0265501 0
0 235 phononL 0.004 0.965748 2.29741 0.0242151 0
0 236 phononL 0.004 -0.714587 -4.04546 0.00974279 0
0 237 phononL 0.004 1.40466 -1.21459 -0.0323269 0
0 238 phononL 0.004 2.24608 2.89184 0.00712581 0
0 239 phononL 0.004 2.93676 3.37884 0.0321854 0
0 240 phononL 0.004 -0.0398644 -3.2317 -0.0207091 0
0 241 phononL 0.004 3.47333 -0.756617 -0.00960319 0
0 242 phononL 0.004 -3.75304 -0.35185 0.00824175 0
0 243 phononL 0.004 -4.77156 4.8422 0.0269385 0
0 244 phononL 0.004 -2.46826 -1.89426 0.0314122 0
0 245 phononL 0.004 4.99401 -1.81207 0.0298465 0
0 246 phononL 0.004 -4.8842 3.57084 0.0200279 0
0 247 phononL 0.004 -3.39383 2.3887 -0.021233 0
0 248 phononL 0.004 2.61085 1.18746 -0.00454716 0
0 249 phononL 0.004 -0.820371 -3.18955 0.0231847 0
0 250 phononL 0.004 4.87616 -2.34808 -0.00582916 0
0 251 phononL 0.004 -1.51854 3.68711 -0.0141542 0
0 252 phononL 0.004 4.73661 -0.265832 0.0368679 0
0 253 phononL 0.004 -2.97372 0.330884 0.0270959 0
0 254 phononL 0.004 -4.81894 -3.74944 -0.0018429 0
0 255 phononL 0.004 -2.49797 0.698502 0.0257678 0
0 256 phononL 0.004 -1.50238 -3.64981 -0.00483758 0
0 257 phononL 0.004 4.65753 -4.2441 -0.0353006 0
0 258 phononL 0.004 -0.558153 -3.8242 0.0389252 0
0 259 phononL 0.004 3.04483 2.7487 0.00871219 0
0 260 phononL 0.004 1.71976 3.55249 -0.00268241 0
0 261 phononL 0.004 1.9718 -4.11201 0.0192097 0
0 262 phononL 0.004 -3.39455 2.16731 0.0239816 0
0 263 phononL 0.004 -1.16003 -1.96925 0.0373748 0
0 264 phononL 0.004 -4.00734 -3.25423 -0.00336158 0
0 265 phononL 0.004 3.12729 -3.70994 -0.0356324 0
0 266 phononL 0.004 -3.31294 0.107895 -0.0186989 0
0 267 phononL 0.004 -1.22103 -0.989538 0.0353364 0
0 268 phononL 0.004 -4.32921 -2.53792 0.0214953 0
0 269 phononL 0.004 -0.657004 -0.763358 -0.0178744 0
0 270 phononL 0.004 -3.80038 0.891535 0.00257226 0
0 271 phononL 0.004 1.1283 3.42293 -0.0351226 0
0 272 phononL 0.004 -3.42539 -2.41812 -0.036577 0
0 273 phononL 0.004 4.43968 -0.871961 -0.00710179 0
0 274 phononL 0.004 2.06447 0.860295 0.00114883 0
0 275 phononL 0.004 3.354 -0.89834 0.00593014 0
0 276 phononL 0.004 -3.94294 -1.12065 -0.0126309 0
0 277 phononL 0.004 -3.26544 4.43402 0.0304885 0
0 278 phononL 0.004 -4.64194 3.21935 0.0138423 0
0 279 phononL 0.004 -4.80349 -1.68684 -0.0183876 0
0 280 phononL 0.004 -2.30191 3.80396 -0.000811261 0
0 281 phononL 0.004 0.887989 1.15494 -0.0200998 0
0 282 phononL 0.004 -1.60646 4.33435 -0.02976 0
0 283 phononL 0.004 3.71896 0.1845 -0.0157576 0
0 284 phononL 0.004 -0.184773 -1.02452 0.00123862 0
0 285 phononL 0.004 4.31726 -3.18765 -0.012037 0
0 286 phononL 0.004 0.479109 1.69794 -0.00554821 0
0 287 phononL 0.004 3.29767 4.00631 -0.0243564 0
0 288 phononL 0.004 -4.78985 1.21995 -0.016701 0
0 289 phononL 0.004 4.47685 1.20439 0.0283934 0
0 290 phononL 0.004 -2.16356 0.877237 0.00389243 0
0 291 phononL 0.004 -0.28596 -2.14374 0.0335777 0
0 292 phononL 0.004 -0.509864 2.11492 0.0116074 0
0 293 phononL 0.004 3.8269 -0.873992 0.0245253 0
0 294 phononL 0.004 2.48535 -0.601438 0.0391681 0
0 295 phononL 0.004 -1.69191 0.793904 0.00817636 0
0 296 phononL 0.004 4.84508 -1.11089 -0.0304661 0
0 297 phononL 0.004 1.28887 -3.0656 -0.0021281 0
0 298 phononL 0.004 0.685183 2.63659 0.0396686 0
0 299 phononL 0.004 -0.796617 3.20812 -0.000819657 0
0 300 phononL 0.004 1.12778 -0.135386 0.00803637 0
0 301 phononL 0.004 -2.32081 -4.15202 0.0288858 0
0 302 phononL 0.004 1.77284 -2.19686 -0.0291603 0
0 303 phononL 0.004 4.91795 -3.69515 0.00931937 0
0 304 phononL 0.004 0.990397 0.0779116 0.0329721 0
0 305 phononL 0.004 -2.30433 -2.32692 0.00998871 0
0 306 phononL 0.004 -3.02905 3.6591 -0.00817685 0
0 307 phononL 0.004 3.80317 2.38991 -0.0392352 0
0 308 phononL 0.004 -0.485775 -1.83916 -0.0251046 0
0 309 phononL 0.004 -3.37432 0.260329 0.0170597 0
0 310 phononL 0.004 2.77829 2.30349 -0.0262382 0
0 311 phononL 0.004 1.43955 3.69208 0.00534155 0
0 312 phononL 0.004 -4.53213 -0.921304 -0.00636296 0
0 313 phononL 0.004 -1.47459 4.26539 0.0387679 0
0 314 phononL 0.004 -4.3124 -2.82813 0.0011923 0
0 315 phononL 0.004 4.28667 4.00099 0.0269998 0
0 316 phononL 0.004 -3.96266 -3.61677 0.0342672 0
0 317 phononL 0.004 -1.11841 1.98571 0.0386359 0
0 318 phononL 0.004 0.368905 0.553077 0.0359902 0
0 319 phononL 0.004 -1.21304 4.46674 -0.0198992 0
0 320 phononL 0.004 1.52634 3.39561 0.00556503 0
0 321 phononL 0.004 0.618528 1.80872 0.00976789 0
0 322 phononL 0.004 -0.124761 -4.35654 -0.00143704 0
0 323 phononL 0.004 4.25579 -1.46095 0.0275746 0
0 324 phononL 0.004 -2.98914 -2.13916 -0.0317328 0
0 325 phononL 0.004 0.434228 0.445011 0.00276601 0
0 326 phononL 0.004 -3.49675 -0.412539 -0.00479316 0
0 327 phononL 0.004 -3.99047 2.34509 0.0324429 0
0 328 phononL 0.004 0.732968 2.40219 0.0105487 0
0 329 phononL 0.004 4.85012 2.86343 0.0169201 0
0 330 phononL 0.004 0.244144 4.62761 0.0333414 0
0 331 phononL 0.004 -1.01635 -0.624561 0.00787374 0
0 332 phononL 0.004 4.18315 2.1029 0.0393942 0
0 333 phononL 0.004 4.65707 0.819482 -0.000527244 0
0 334 phononL 0.004 -3.36167 2.04431 0.0240644 0
0 335 phononL 0.004 2.81535 -0.383631 0.0189869 0
0 336 phononL 0.004 4.46544 1.39598 0.0169861 0
0 337 phononL 0.004 0.0923743 -3.06094 -0.0174544 0
0 338 phononL 0.004 4.54602 -4.76439 -0.00687309 0
0 339 phononL 0.004 -1.94878 4.95978 0.00587478 0
0 340 phononL 0.004 -4.02998 -2.20711 0.0154651 0
0 341 phononL 0.004 -3.51377 4.1402 -0.0313067 0
0 342 phononL 0.004 1.47891 4.37939 -0.0181034 0
0 343 phononL 0.004 -3.24804 -3.86077 0.0146014 0
0 344 phononL 0.004 -2.35184 -1.67372 -0.0113458 0
0 345 phononL 0.004 -3.27513 2.44164 0.0133009 0
0 346 phononL 0.004 -2.68623 4.50139 -0.0327274 0
0 347 phononL 0.004 1.17065 -1.66408 0.00217885 0
0 348 phononL 0.004 0.906094 -2.65592 0.0168727 0
0 349 phononL 0.004 -1.57821 -0.689812 -0.0179127 0
0 350 phononL 0.004 -3.41988 0.22341 -0.00559699 0
0 351 phononL 0.004 1.55842 -0.107609 0.0161209 0
0 352 phononL 0.004 3.66451 -3.32078 0.0191284 0
0 353 phononL 0.004 -1.21333 2.34663 -0.0365971 0
0 354 phononL 0.004 1.40183 4.50538 -0.0247837 0
0 355 phononL 0.004 -4.15096 -3.40132 0.00899674 0
0 356 phononL 0.004 -1.43275 0.846913 -0.00785063 0
0 357 phononL 0.004 2.18582 -3.97113 0.0178472 0
0 358 phononL 0.004 -0.100032 -1.77518 0.023532 0
0 359 phononL 0.004 0.15648 -0.504794 0.0274389 0
0 360 phononL 0.004 -0.0991044 2.35197 0.0304823 0
0 361 phononL 0.004 4.44533 3.31 -0.0112764 0
0 362 phononL 0.004 3.05122 -0.215658 0.0229419 0
0 363 phononL 0.004 4.12803 -2.57956 -0.035616 0
0 364 phononL 0.004 -2.44419 -3.64585 -0.0392804 0
0 365 phononL 0.004 -4.6382 1.49675 0.021614 0
0 366 phononL 0.004 -0.89609 4.18068 0.0247101 0
0 367 phononL 0.004 1.98547 0.891794 -0.0267161 0
0 368 phononL 0.004 3.50689 -1.50077 -0.00214836 0
0 369 phononL 0.004 2.64347 4.56873 0.0155403 0
0 370 phononL 0.004 -0.585069 0.727093 -0.0139976 0
0 371 phononL 0.004 4.49566 -4.34564 -0.0292649 0
0 372 phononL 0.004 -2.21655 -1.60949 0.0260945 0
0 373 phononL 0.004 -4.05115 -0.848607 -0.0104771 0
0 374 phononL 0.004 4.24758 3.44486 -0.0285701 0
0 375 phononL 0.004 -3.64723 -1.90693 -0.0251621 0
0 376 phononL 0.004 0.896271 3.1203 -0.0199464 0
0 377 phononL 0.004 -2.50233 0.328068 -0.00474654 0
0 378 phononL 0.004 -1.97832 2.05212 0.0338958 0
0 379 phononL 0.004 -3.58029 1.69694 0.0258466 0
0 380 phononL 0.004 -1.34083 -1.30266 0.0174109 0
0 381 phononL 0.004 -0.886686 3.55469 -0.0340983 0
0 382 phononL 0.004 -4.00686 2.95899 0.000982747 0
0 383 phononL 0.004 -1.86796 -2.26666 0.0197922 0
0 384 phononL 0.004 2.29334 -4.78846 0.0298149 0
0 385 phononL 0.004 -2.72059 4.39544 -0.0377319 0
0 386 phononL 0.004 3.77206 -3.34495 0.00742174 0
0 387 phononL 0.004 3.20264 4.47582 -0.00456167 0
0 388 phononL 0.004 1.89184 3.21845 0.014179 0
0 389 phononL 0.004 -0.853092 2.54403 -0.0272684 0
0 390 phononL 0.004 0.218427 2.77912 -0.00347043 0
0 391 phononL 0.004 2.00004 -0.548916 -0.00207471 0
0 392 phononL 0.004 -1.89418 -1.5716 -0.0338234 0
0 393 phononL 0.004 -2.40795 -0.852606 -0.00819066 0
0 394 phononL 0.004 4.95242 1.78425 -0.0394516 0
0 395 phononL 0.004 -0.0137277 4.6079 0.00261536 0
0 396 phononL 0.004 -4.19946 1.12377 -0.0387752 0
0 397 phononL 0.004 -3.01307 0.313803 -0.00437928 0
0 398 phononL 0.004 -1.75278 -3.46143 0.00960481 0
0 399 phononL 0.004 4.74329 -0.847327 4.29569e-05 0
0 400 phononL 0.004 -4.66182 2.9181 -0.000743121 0
0 401 phononL 0.004 -1.66601 0.555777 -0.00478009 0
0 402 phononL 0.004 -3.48232 -2.02001 0.0135552 0
0 403 phononL 0.004 -0.689878 -0.676389 -0.032159 0
0 404 phononL 0.004 -2.25569 -0.0266163 -0.00962009 0
0 405 phononL 0.004 3.07685 -0.96916 0.00173431 0
0 406 phononL 0.004 -1.67188 2.93353 0.00294251 0
0 407 phononL 0.004 -3.3801 -3.87349 -0.0171344 0
0 408 phononL 0.004 4.09798 0.992806 0.0293295 0
0 409 phononL 0.004 -1.58206 -4.14181 -0.0355555 0
0 410 phononL 0.004 -3.27288 4.29528 0.0101155 0
0 411 phononL 0.004 3.63541 3.33263 0.0164642 0
0 412 phononL 0.004 0.454582 0.083136 -0.00450181 0
0 413 phononL 0.004 3.74633 0.308074 0.0219514 0
0 414 phononL 0.004 1.05419 -3.98939 -0.0316238 0
0 415 phononL 0.004 -3.0685 2.60592 0.0288246 0
0 416 phononL 0.004 -2.88883 -4.59643 -0.0327462 0
0 417 phononL 0.004 4.40105 -0.866032 -0.0212827 0
0 418 phononL 0.004 0.761545 3.95015 -0.0257349 0
0 419 phononL 0.004 2.71511 -2.15959 -0.0227369 0
0 420 phononL 0.004 2.27416 -4.94335 -0.03069 0
0 421 phononL 0.004 -0.209311 -3.16252 -0.00503094 0
0 422 phononL 0.004 1.80287 1.86465 -0.0234256 0
0 423 phononL 0.004 4.15691 4.25649 -0.0243061 0
0 424 phononL 0.004 -0.22733 4.84838 0.0398071 0
0 425 phononL 0.004 -4.81798 -3.59396 0.025192 0
0 426 phononL 0.004 -3.3397 -4.9524 -0.0258505 0
0 427 phononL 0.004 2.65468 4.95391 0.0345604 0
0 428 phononL 0.004 -0.919968 -1.55009 -0.0259409 0
0 429 phononL 0.004 1.12977 4.8068 0.0104844 0
0 430 phononL 0.004 1.81362 4.75915 -0.0279864 0
0 431 phononL 0.004 4.51472 1.54633 -0.00632167 0
0 432 phononL 0.004 4.57609 3.65099 0.00764539 0
0 433 phononL 0.004 -1.87574 4.55802 -0.00601952 0
0 434 phononL 0.004 1.42374 -3.76322 -0.0115899 0
0 435 phononL 0.004 -1.52732 4.74239 -0.0111646 0
0 436 phononL 0.004 -4.26134 2.23417 -0.0372816 0
0 437 phononL 0.004 -0.0137801 -3.85986 0.0275781 0
0 438 phononL 0.004 4.17643 -3.06874 0.0361033 0
0 439 phononL 0.004 1.35934 -1.3947 -0.0387464 0
0 440 phononL 0.004 1.22404 -2.09125 -0.0217492 0
0 441 phononL 0.004 -0.723974 -2.28021 -0.01818 0
0 442 phononL 0.004 3.49633 -4.81241 -0.00365359 0
0 443 phononL 0.004 4.41368 -3.10448 0.000762841 0
0 444 phononL 0.004 4.80825 4.5937 0.0145659 0
0 445 phononL 0.004 3.58757 1.99012 0.00955276 0
0 446 phononL 0.004 3.06446 -1.19961 -0.0309879 0
0 447 phononL 0.004 -4.24483 0.35295 2.49859e-05 0
0 448 phononL 0.004 -2.79939 -4.10392 -0.002161 0
0 449 phononL 0.004 -1.19089 1.12751 0.0190019 0
0 450 phononL 0.004 1.36861 1.62269 0.0193139 0
0 451 phononL 0.004 1.77725 -1.83671 0.0320957 0
0 452 phononL 0.004 -0.742877 1.00901 0.0159944 0
0 453 phononL 0.004 2.85129 -0.480916 -0.0397352 0
0 454 phononL 0.004 -3.06786 -4.83353 0.0102778 0
0 455 phononL 0.004 4.77453 -0.814528 0.0131464 0
0 456 phononL 0.004 2.9235 1.62403 0.0146715 0
0 457 phononL 0.004 0.926032 -2.08967 -0.00386409 0
0 458 phononL 0.004 1.72887 3.39534 -0.0300786 0
0 459 phononL 0.004 -1.74066 1.23539 0.0281996 0
0 460 phononL 0.004 2.51296 -2.84939 0.0189296 0
0 461 phononL 0.004 -3.25727 -1.75142 0.00869733 0
0 462 phononL 0.004 1.72848 4.79287 -0.030932 0
0 463 phononL 0.004 2.11933 2.71293 -0.0333897 0
0 464 phononL 0.004 -2.32189 -3.63155 -0.0277514 0
0 465 phononL 0.004 2.44411 3.38742 0.00308749 0
0 466 phononL 0.004 3.85851 4.48774 -0.0119505 0
0 467 phononL 0.004 4.33806 -4.45718 -0.0233268 0
0 468 phononL 0.004 -2.1544 -2.68167 -0.023013 0
0 469 phononL 0.004 4.78295 0.574165 -0.0226732 0
0 470 phononL 0.004 2.21934 4.81381 0.0267336 0
0 471 phononL 0.004 -1.03481 2.30193 0.0297605 0
0 472 phononL 0.004 -0.500492 -4.90338 0.0209142 0
0 473 phononL 0.004 3.12492 1.04534 0.0131353 0
0 474 phononL 0.004 3.25612 -0.868308 0.00103505 0
0 475 phononL 0.004 2.41718 4.72074 0.013513 0
0 476 phononL 0.004 1.85986 -3.74447 0.0319952 0
0 477 phononL 0.004 0.709339 -2.50252 0.032932 0
0 478 phononL 0.004 -3.00484 -3.5891 0.0294468 0
0 479 phononL 0.004 3.90465 -3.77003 0.035491 0
0 480 phononL 0.004 -3.93061 -4.24936 0.00268697 0
0 481 phononL 0.004 -0.994387 4.07394 0.021398 0
0 482 phononL 0.004 1.875 -2.91993 -0.0182178 0
0 483 phononL 0.004 -2.0158 3.48326 0.027043 0
0 484 phononL 0.004 -1.25732 4.40665 0.00252947 0
0 485 phononL 0.004 2.34972 1.2077 -0.026735 0
0 486 phononL 0.004 1.57486 -1.4408 0.0349985 0
0 487 phononL 0.004 -2.66364 -0.828757 -0.023051 0
0 488 phononL 0.004 -2.94396 4.31219 -0.0268598 0
0 489 phononL 0.004 4.9709 3.26484 0.0101776 0
0 490 phononL 0.004 -2.57787 -3.71076 -0.0287837 0
0 491 phononL 0.004 0.737191 -2.33848 -0.0357075 0
0 492 phononL 0.004 -2.41549 1.29658 -0.00551568 0
0 493 phononL 0.004 0.450424 -3.39965 0.025216 0
0 494 phononL 0.004 -0.77659 3.33685 -0.0195684 0
0 495 phononL 0.004 3.15478 4.4221 0.00810034 0
0 496 phononL 0.004 2.99519 -2.93802 0.0293297 0
0 497 phononL 0.004 3.33917 3.99762 0.0388812 0
0 498 phononL 0.004 3.54875 -3.04626 -0.0201377 0
0 499 phononL 0.004 4.21446 0.993819 0.0388532 0
0 500 phononL 0.004 -3.7494 1.91259 0.0106229 0
0 501 phononL 0.004 -1.74861 2.63424 -0.0204799 0
0 502 phononL 0.004 -2.62488 1.06143 -0.00528936 0
0 503 phononL 0.004 -4.64433 -4.35961 -0.00344924 0
0 504 phononL 0.004 -0.122264 -1.98519 0.00811369 0
0 505 phononL 0.004 -4.927 1.14374 0.00866154 0
0 506 phononL 0.004 -4.63341 3.95113 0.0338591 0
0 507 phononL 0.004 -2.05658 2.23157 -0.0264218 0
0 508 phononL 0.004 -4.05448 0.415222 -0.0387371 0
0 509 phononL 0.004 -0.348984 4.89029 0.000844213 0
0 510 phononL 0.004 -1.87044 -1.40189 -0.00983929 0
0 511 phononL 0.004 3.48615 -3.16853 -0.037263 0
0 512 phononL 0.004 0.0667569 3.14178 -0.000624748 0
0 513 phononL 0.004 2.70275 0.270058 0.0248671 0
0 514 phononL 0.004 3.76821 -1.24834 0.0307339 0
0 515 phononL 0.004 0.456575 -3.19286 -0.0103111 0
0 516 phononL 0.004 -2.68324 3.3027 -0.014714 0
0 517 phononL 0.004 0.75599 -3.37407 -0.00358021 0
0 518 phononL 0.004 -1.48954 -2.6442 0.00200719 0
0 519 phononL 0.004 -3.18921 1.83262 0.0017597 0
0 520 phononL 0.004 3.95784 -3.51794 -0.0336924 0
0 521 phononL 0.004 -1.60742 4.89944 -0.0181005 0
0 522 phononL 0.004 1.93457 -0.972864 -0.0122598 0
0 523 phononL 0.004 -4.32778 1.38758 0.0356385 0
0 524 phononL 0.004 -3.79162 3.75482 0.00385315 0
0 525 phononL 0.004 -3.53511 1.02468 -0.0257697 0
0 526 phononL 0.004 4.42381 4.99188 -0.00650286 0
0 527 phononL 0.004 1.97336 -2.99718 -0.0220914 0
0 528 phononL 0.004 -1.69749 3.07401 0.038092 0
0 529 phononL 0.004 4.12803 -1.2069 0.0187377 0
0 530 phononL 0.004 -1.63784 -3.83482 -0.0204233 0
0 531 phononL 0.004 2.55507 3.1999 0.000725489 0
0 532 phononL 0.004 -3.24957 1.45022 0.0095088 0
0 533 phononL 0.004 -4.4383 -2.93579 0.00889326 0
0 534 phononL 0.004 -3.95849 2.55513 -0.0392656 0
0 535 phononL 0.004 -4.89151 -3.14051 -0.0224636 0
0 536 phononL 0.004 2.25492 -0.883309 0.0259013 0
0 537 phononL 0.004 0.987967 1.86094 -0.0357593 0
0 538 phononL 0.004 1.64434 -3.54653 0.023032 0
0 539 phononL 0.004 2.01926 -0.816052 0.0188273 0
0 540 phononL 0.004 -4.92952 -1.26152 -0.0196663 0
0 541 phononL 0.004 2.89645 2.84779 -0.0320547 0
0 542 phononL 0.004 -1.91604 -1.07696 0.0216412 0
0 543 phononL 0.004 -3.61888 -1.37761 0.00320835 0
0 544 phononL 0.004 -0.595339 -2.11686 -0.0216924 0
0 545 phononL 0.004 2.73973 2.16817 0.0212552 0
0 546 phononL 0.004 -1.92818 -0.230041 0.0175444 0
0 547 phononL 0.004 2.83852 2.80782 0.010914 0
0 548 phononL 0.004 3.81733 -4.04434 0.0298892 0
0 549 phononL 0.004 -0.27965 -3.67123 -0.0302049 0
0 550 phononL 0.004 -1.46295 1.65866 -0.0371948 0
0 551 phononL 0.004 0.7752 -1.46329 -0.00970942 0
0 552 phononL 0.004 -4.54388 -2.73986 0.0224491 0
0 553 phononL 0.004 2.49921 3.94264 0.0340999 0
0 554 phononL 0.004 -4.06623 -1.67667 -0.0341447 0
0 555 phononL 0.004 -4.20773 -3.89229 -0.0117992 0
0 556 phononL 0.004 2.28976 -1.08717 0.0347676 0
0 557 phononL 0.004 -2.50426 0.666871 0.0196619 0
0 558 phononL 0.004 -4.51132 3.31682 -0.0204674 0
0 559 phononL 0.004 3.49472 -3.94117 -0.0272127 0
0 560 phononL 0.004 -1.7012 2.33689 -0.0374853 0
0 561 phononL 0.004 -4.01649 -3.51783 -0.0173829 0
0 562 phononL 0.004 3.32594 1.40565 -0.0192075 0
0 563 phononL 0.004 -1.12624 3.91897 0.0267292 0
0 564 phononL 0.004 -1.65127 -3.43946 0.0358031 0
0 565 phononL 0.004 0.658908 4.92248 0.0280336 0
0 566 phononL 0.004 2.07079 0.82834 0.0249057 0
0 567 phononL 0.004 -0.940475 2.22319 0.013483 0
0 568 phononL 0.004 -4.71964 0.580945 -0.0193859 0
0 569 phononL 0.004 -0.00527821 0.813179 0.034021 0
0 570 phononL 0.004 4.87821 -4.70613 0.00168341 0
0 571 phononL 0.004 1.2037 1.07874 0.00510487 0
0 572 phononL 0.004 3.72411 -2.02597 0.0151605 0
0 573 phononL 0.004 1.49774 4.14 0.0204438 0
0 574 phononL 0.004 4.53723 2.07876 -0.0174528 0
0 575 phononL 0.004 4.22801 4.51778 0.0315224 0
0 576 phononL 0.004 -2.73108 3.01071 -0.0302697 0
0 577 phononL 0.004 4.67222 -2.87294 0.03418 0
0 578 phononL 0.004 4.55391 1.61518 -0.0359432 0
0 579 phononL 0.004 -3.07546 0.103727 0.00776501 0
0 580 phononL 0.004 4.82306 -1.41611 0.0310374 0
0 581 phononL 0.004 0.898707 -3.24535 -0.0220041 0
0 582 phononL 0.004 -1.36765 -2.52196 -0.0021968 0
0 583 phononL 0.004 2.97989 0.608409 0.0237273 0
0 584 phononL 0.004 -1.68685 -4.81476 0.000589105 0
0 585 phononL 0.004 -4.73603 -4.32258 -0.0176614 0
0 586 phononL 0.004 0.942255 2.28213 0.0382082 0
0 587 phononL 0.004 -0.27657 0.0256272 -0.00867207 0
0 588 phononL 0.004 0.029246 -0.108356 -0.0223674 0
0 589 phononL 0.004 -3.97883 -4.50035 0.0331181 0
0 590 phononL 0.004 -0.809417 3.42888 0.0175731 0
0 591 phononL 0.004 2.4039 4.46261 0.0337412 0
0 592 phononL 0.004 2.26425 -4.08417 -0.00852279 0
0 593 phononL 0.004 2.12022 -0.305592 -0.000293952 0
0 594 phononL 0.004 -0.633258 4.25309 0.00035246 0
0 595 phononL 0.004 4.97608 3.89829 0.0265253 0
0 596 phononL 0.004 0.928196 1.28066 -0.00197409 0
0 597 phononL 0.004 -2.16725 -1.60796 -0.0331569 0
0 598 phononL 0.004 -0.795957 1.65844 -0.00469603 0
0 599 phononL 0.004 4.44758 -3.97962 -0.00739038 0
0 600 phononL 0.004 -3.28095 4.29005 0.00283403 0
0 601 phononL 0.004 4.40542 3.2982 -0.0116628 0
0 602 phononL 0.004 -4.41584 -4.63342 0.0308035 0
0 603 phononL 0.004 0.936536 2.65848 0.0266104 0
0 604 phononL 0.004 2.07842 -4.45412 -0.0114849 0
0 605 phononL 0.004 1.51677 1.7354 -0.00725232 0
0 606 phononL 0.004 3.5107 -4.34617 -0.0206233 0
0 607 phononL 0.004 -4.71025 -0.165244 0.00583195 0
0 608 phononL 0.004 -2.71347 4.4987 -0.00428486 0
0 609 phononL 0.004 2.41816 0.566105 -0.0307996 0
0 610 phononL 0.004 4.71416 -1.0385 -0.0392135 0
0 611 phononL 0.004 -0.568144 -2.14451 -0.0206581 0
0 612 phononL 0.004 1.38926 0.834565 -0.00656101 0
0 613 phononL 0.004 1.47724 -0.270894 0.0271921 0
0 614 phononL 0.004 0.851746 0.854226 0.00985417 0
0 615 phononL 0.004 2.36055 3.32115 -0.00315062 0
0 616 phononL 0.004 1.27868 1.36365 -0.00238242 0
0 617 phononL 0.004 0.0922411 0.861091 0.0306853 0
0 618 phononL 0.004 0.774069 2.42165 -0.0192013 0
0 619 phononL 0.004 -2.89747 -0.481422 0.0263237 0
0 620 phononL 0.004 2.37745 -0.647382 -0.0382724 0
0 621 phononL 0.004 -2.9789 -0.743589 -0.0155294 0
0 622 phononL 0.004 -2.8044 2.11063 -0.00518912 0
0 623 phononL 0.004 1.96559 -3.20317 0.00109067 0
0 624 phononL 0.004 4.03642 1.52913 -0.0321739 0
0 625 phononL 0.004 3.82717 -1.53355 -0.0367522 0
0 626 phononL 0.004 2.00472 3.75213 -0.014596 0
0 627 phononL 0.004 3.02895 2.98372 -0.0225403 0
0 628 phononL 0.004 2.99387 3.33849 -0.0207503 0
0 629 phononL 0.004 4.69502 -2.30961 -0.0250583 0
0 630 phononL 0.004 0.899614 -4.55945 0.0377163 0
0 631 phononL 0.004 -0.377938 -1.19436 -0.00172468 0
0 632 phononL 0.004 1.46532 0.150438 0.0255144 0
0 633 phononL 0.004 -1.52536 0.26356 0.0335014 0
0 634 phononL 0.004 -0.282295 0.429296 -0.0147032 0
0 635 phononL 0.004 4.54069 1.89105 0.038972 0
0 636 phononL 0.004 -2.54391 4.03401 -0.000608525 0
0 637 phononL 0.004 -3.97534 -4.81924 -0.00281825 0
0 638 phononL 0.004 2.46914 1.18743 0.00488592 0
0 639 phononL 0.004 4.38219 0.512706 -0.03148 0
0 640 phononL 0.004 -2.43662 -4.43411 -0.0288841 0
0 641 phononL 0.004 -2.30724 -0.811025 0.0139181 0
0 642 phononL 0.004 1.58827 -3.63615 -0.0383158 0
0 643 phononL 0.004 -3.23778 -2.74074 0.013389 0
0 644 phononL 0.004 -1.49573 1.89605 0.0137567 0
0 645 phononL 0.004 -2.16435 -4.87775 0.00601886 0
0 646 phononL 0.004 -2.8285 -4.52678 -0.025161 0
0 647 phononL 0.004 3.41812 0.60581 -0.0347978 0
0 648 phononL 0.004 -4.80807 2.24316 0.0093628 0
0 649 phononL 0.004 -4.85411 -3.44829 0.0238817 0
0 650 phononL 0.004 3.14134 4.44248 -0.024733 0
0 651 phononL 0.004 0.395897 0.76686 -0.0151862 0
0 652 phononL 0.004 -2.14628 2.70903 -0.0227597 0
0 653 phononL 0.004 -0.18492 -3.49153 0.0306873 0
0 654 phononL 0.004 1.57653 -1.5275 0.0316508 0
0 655 phononL 0.004 2.93334 -1.40835 0.0383196 0
0 656 phononL 0.004 -1.68212 0.233509 -0.0351101 0
0 657 phononL 0.004 2.20248 -1.07865 -0.0360932 0
0 658 phononL 0.004 -0.0375524 0.329963 0.0146847 0
0 659 phononL 0.004 1.22821 1.50205 -0.026844 0
0 660 phononL 0.004 -4.74561 2.72546 -0.00235195 0
0 661 phononL 0.004 2.52303 1.10281 0.0106428 0
0 662 phononL 0.004 2.55424 -2.03616 0.0214401 0
0 663 phononL 0.004 -0.64936 -0.608023 0.0240888 0
0 664 phononL 0.004 -2.14768 3.49298 -0.0324258 0
0 665 phononL 0.004 -4.98007 -3.80839 0.0225902 0
0 666 phononL 0.004 -3.76113 1.1483 -0.0175016 0
0 667 phononL 0.004 3.56085 2.30156 0.0312583 0
0 668 phononL 0.004 3.00205 3.26923 -0.0260574 0
0 669 phononL 0.004 1.92374 2.61499 0.00918059 0
0 670 phononL 0.004 -3.2525 -2.54676 0.00397065 0
0 671 phononL 0.004 -1.71288 3.35785 0.0020711 0
0 672 phononL 0.004 -1.1294 2.50624 -0.0167095 0
0 673 phononL 0.004 3.58354 -0.782386 0.0288941 0
0 674 phononL 0.004 -1.32556 0.618322 -0.0278428 0
0 675 phononL 0.004 -2.47655 -4.53115 0.0253573 0
0 676 phononL 0.004 0.920853 -3.38504 0.000499331 0
0 677 phononL 0.004 -0.634943 0.0469879 0.03259 0
0 678 phononL 0.004 -4.05446 -4.75207 0.0122332 0
0 679 phononL 0.004 4.63567 -4.81215 -0.00232935 0
0 680 phononL 0.004 -2.48107 -3.57629 0.0233998 0
0 681 phononL 0.004 2.78584 -0.617561 0.0200674 0
0 682 phononL 0.004 1.10868 0.402713 -0.0330426 0
0 683 phononL 0.004 1.48974 -3.27216 -0.0258678 0
0 684 phononL 0.004 -0.653247 -3.12752 0.0148932 0
0 685 phononL 0.004 -1.54571 0.23807 0.030304 0
0 686 phononL 0.004 4.38743 3.51589 -0.0204097 0
0 687 phononL 0.004 0.992919 -3.74334 0.0374072 0
0 688 phononL 0.004 0.564424 -4.54817 -0.0340154 0
0 689 phononL 0.004 -4.34767 -4.65441 0.0358766 0
0 690 phononL 0.004 -1.55917 -0.479578 0.0150558 0
0 691 phononL 0.004 3.79271 4.8488 0.00570756 0
0 692 phononL 0.004 -0.0490658 1.11871 -0.0306028 0
0 693 phononL 0.004 -3.09163 -4.62548 0.00612288 0
0 694 phononL 0.004 -4.3733 1.39347 -0.0113762 0
0 695 phononL 0.004 -2.52762 -0.755183 -0.0389244 0
0 696 phononL 0.004 2.44461 3.63315 -0.0014327 0
0 697 phononL 0.004 0.599272 -1.10435 0.0274352 0
0 698 phononL 0.004 -4.5648 2.72852 0.0123246 0
0 699 phononL 0.004 1.07006 -3.48835 0.0328166 0
0 700 phononL 0.004 -3.79131 -1.83261 0.0131963 0
0 701 phononL 0.004 0.109291 2.73608 -0.0146813 0
0 702 phononL 0.004 0.900958 -3.82219 -0.00374672 0
0 703 phononL 0.004 -4.73844 -4.37941 0.0192743 0
0 704 phononL 0.004 -0.990057 2.05905 -0.00558371 0
0 705 phononL 0.004 -1.01442 -2.28556 0.0279007 0
0 706 phononL 0.004 2.70409 1.2551 -0.0221519 0
0 707 phononL 0.004 0.827761 -4.32613 -0.0327263 0
0 708 phononL 0.004 -3.31523 -3.19014 0.00203043 0
0 709 phononL 0.004 -4.01282 -3.74415 0.00393197 0
0 710 phononL 0.004 4.57382 -2.82685 -0.001707 0
0 711 phononL 0.004 1.10549 -1.89265 0.0354641 0
0 712 phononL 0.004 4.96218 4.60753 -0.0260851 0
0 713 phononL 0.004 -1.16824 2.70083 -0.00623544 0
0 714 phononL 0.004 4.30436 -1.16877 -0.00125273 0
0 715 phononL 0.004 -0.873247 3.82031 0.0170817 0
0 716 phononL 0.004 4.56565 -4.20858 -0.00471126 0
0 717 phononL 0.004 4.05809 -1.97929 -0.016416 0
0 718 phononL 0.004 -1.45239 2.11908 -0.0322014 0
0 719 phononL 0.004 -3.16832 -0.499211 0.0338186 0
0 720 phononL 0.004 -1.48152 0.557167 0.0315044 0
0 721 phononL 0.004 -0.600849 -0.830245 -0.0236195 0
0 722 phononL 0.004 4.62972 0.937719 0.0307321 0
0 723 phononL 0.004 1.86921 4.78847 0.0123528 0
0 724 phononL 0.004 3.5122 2.16166 -0.0339401 0
0 725 phononL 0.004 3.34608 -0.869511 -0.0397995 0
0 726 phononL 0.004 4.39637 -1.35568 0.0167746 0
0 727 phononL 0.004 -1.22878 0.968298 -0.0185713 0
0 728 phononL 0.004 1.76574 -0.0935491 0.0123462 0
0 729 phononL 0.004 -2.26975 -0.521039 -0.00674154 0
0 730 phononL 0.004 3.35565 -4.89667 0.0118463 0
0 731 phononL 0.004 2.2708 2.04735 -0.0348194 0
0 732 phononL 0.004 -1.12581 -3.27239 0.026577 0
0 733 phononL 0.004 -1.99489 2.3373 0.000345768 0
0 734 phononL 0.004 -0.535686 -3.11995 0.00462147 0
0 735 phononL 0.004 -1.2799 -3.76268 0.0276402 0
0 736 phononL 0.004 1.58189 -0.55607 0.0192335 0
0 737 phononL 0.004 -3.86345 -2.32486 -0.0113239 0
0 738 phononL 0.004 3.98579 2.26183 -0.00757463 0
0 739 phononL 0.004 2.07849 2.87373 -0.011639 0
0 740 phononL 0.004 3.15073 -1.15363 -0.0175678 0
0 741 phononL 0.004 -2.56536 -2.56857 -0.00704247 0
0 742 phononL 0.004 -3.21253 1.73829 0.0332741 0
0 743 phononL 0.004 1.83304 -0.93508 -0.00783428 0
0 744 phononL 0.004 3.04865 -2.07262 -0.00242724 0
0 745 phononL 0.004 -2.6099 1.75096 0.00885415 0
0 746 phononL 0.004 0.273833 2.25102 -0.00351305 0
0 747 phononL 0.004 4.18063 2.29093 -0.00579599 0
0 748 phononL 0.004 3.61847 -4.1553 -0.0234266 0
0 749 phononL 0.004 -4.99072 -3.50292 -0.0119652 0
0 750 phononL 0.004 -4.31776 4.57797 -0.00859817 0
0 751 phononL 0.004 -1.84109 0.151841 0.0212169 0
0 752 phononL 0.004 -0.0639665 3.63211 0.00682417 0
0 753 phononL 0.004 2.35908 -0.645622 -0.0367891 0
0 754 phononL 0.004 -2.2349 -2.08204 0.0157879 0
0 755 phononL 0.004 -1.42153 0.770056 -0.0344057 0
0 756 phononL 0.004 -2.43108 -0.836857 0.0296182 0
0 757 phononL 0.004 1.42065 -4.68774 0.021211 0
0 758 phononL 0.004 -0.759503 3.92256 0.00287181 0
0 759 phononL 0.004 1.54867 0.726202 -0.0307928 0
0 760 phononL 0.004 -2.42251 1.16271 0.0369919 0
0 761 phononL 0.004 -3.35711 3.91203 -0.0311218 0
0 762 phononL 0.004 0.671696 2.82183 0.0260963 0
0 763 phononL 0.004 -1.28249 -0.921795 -0.0346835 0
0 764 phononL 0.004 4.72928 -3.53306 0.0202037 0
0 765 phononL 0.004 4.54291 -1.1792 -0.0336111 0
0 766 phononL 0.004 -1.86818 2.82531 0.0311648 0
0 767 phononL 0.004 3.182 4.55904 0.0259687 0
0 768 phononL 0.004 -0.891335 4.79299 -0.0135703 0
0 769 phononL 0.004 0.893617 2.13476 0.0171923 0
0 770 phononL 0.004 -2.80571 1.26072 0.0366924 0
0 771 phononL 0.004 0.758404 4.79428 -0.0375869 0
0 772 phononL 0.004 3.57317 1.67505 -0.00251272 0
0 773 phononL 0.004 0.781454 -4.30393 0.01915 0
0 774 phononL 0.004 1.76681 4.09986 0.0284591 0
0 775 phononL 0.004 1.97361 -3.72711 0.036509 0
0 776 phononL 0.004 -0.693387 1.01276 -0.00196598 0
0 777 phononL 0.004 -1.13702 4.93895 -0.0349805 0
0 778 phononL 0.004 -0.638846 1.72831 0.00429025 0
0 779 phononL 0.004 -3.75182 -0.885217 0.0367771 0
0 780 phononL 0.004 -3.30176 1.89888 0.0140129 0
0 781 phononL 0.004 -3.40001 -1.63429 -0.035124 0
0 782 phononL 0.004 2.14344 -3.16056 0.0163343 0
0 783 phononL 0.004 -2.91586 0.687218 -0.0290422 0
0 784 phononL 0.004 -1.26698 -0.105077 -0.0168619 0
0 785 phononL 0.004 0.121416 -1.72801 -0.0290606 0
0 786 phononL 0.004 3.16369 -1.92729 -0.0260076 0
0 787 phononL 0.004 -1.14896 -0.315587 -0.019325 0
0 788 phononL 0.004 -2.22615 -2.91847 -0.0125165 0
0 789 phononL 0.004 0.0226388 -1.90983 0.0376015 0
0 790 phononL 0.004 1.86424 -3.24249 0.0399045 0
0 791 phononL 0.004 -2.6795 -0.729433 -0.0244359 0
0 792 phononL 0.004 2.21421 4.9095 -0.0322541 0
0 793 phononL 0.004 -3.9392 -1.34799 0.00109627 0
0 794 phononL 0.004 -1.22975 2.41532 -0.00853941 0
0 795 phononL 0.004 0.8856 -3.36412 0.00325647 0
0 796 phononL 0.004 -2.89871 4.75878 0.00294731 0
0 797 phononL 0.004 3.58094 2.14578 0.0397749 0
0 798 phononL 0.004 -1.19473 -1.46728 -0.0370154 0
0 799 phononL 0.004 1.43288 3.30075 0.0247328 0
0 800 phononL 0.004 2.89189 0.223938 0.00911944 0
0 801 phononL 0.004 -2.81833 -2.04831 0.0108123 0
0 802 phononL 0.004 3.44241 3.25476 -0.00941091 0
0 803 phononL 0.004 -2.13756 -2.60923 0.00335976 0
0 804 phononL 0.004 -3.50771 4.49671 0.000304873 0
0 805 phononL 0.004 -4.17276 1.78052 0.0138802 0
0 806 phononL 0.004 -4.09511 3.40638 0.0273979 0
0 807 phononL 0.004 -2.04829 0.936122 0.0238764 0
0 808 phononL 0.004 2.34227 -2.31902 0.0295271 0
0 809 phononL 0.004 -0.3398 -2.22301 0.0340445 0
0 810 phononL 0.004 -0.990107 -4.88623 -0.0195671 0
0 811 phononL 0.004 -1.91277 2.36447 -0.0184257 0
0 812 phononL 0.004 1.85895 -4.23149 -0.00817506 0
0 813 phononL 0.004 -2.51614 -4.97083 -0.0393551 0
0 814 phononL 0.004 4.686 -1.29553 0.039781 0
0 815 phononL 0.004 -1.82377 1.03412 -0.0172639 0
0 816 phononL 0.004 -0.217029 -0.641528 0.00777102 0
0 817 phononL 0.004 -4.8582 -1.83019 0.0140884 0
0 818 phononL 0.004 2.2916 -3.89589 -0.014393 0
0 819 phononL 0.004 -3.84826 0.0111322 0.01671 0
0 820 phononL 0.004 -0.458594 -0.751814 0.0191237 0
0 821 phononL 0.004 -3.87701 -4.18343 0.0335553 0
0 822 phononL 0.004 -1.26121 -3.48939 0.0351779 0
0 823 phononL 0.004 3.07255 -1.98708 -0.0221412 0
0 824 phononL 0.004 -0.231299 -1.66005 0.000250315 0
0 825 phononL 0.004 -0.0955788 2.68564 0.0337367 0
0 826 phononL 0.004 -0.36753 -0.981179 -0.00694963 0
0 827 phononL 0.004 -1.50201 -0.599592 0.016108 0
0 828 phononL 0.004 -2.30902 -4.58236 -0.0306008 0
0 829 phononL 0.004 -2.85903 0.0131734 0.0197819 0
0 830 phononL 0.004 0.0986494 3.76538 0.0269 0
0 831 phononL 0.004 -3.62979 -4.96313 0.00348272 0
0 832 phononL 0.004 -3.14213 -4.43827 -0.00399532 0
0 833 phononL 0.004 4.21184 -3.78432 -0.00766886 0
0 834 phononL 0.004 3.01282 -3.87255 -0.00779048 0
0 835 phononL 0.004 -3.05523 1.46144 -0.0299233 0
0 836 phononL 0.004 -2.62648 -4.78437 0.0383946 0
0 837 phononL 0.004 1.02412 -2.16235 -0.00368448 0
0 838 phononL 0.004 -0.243742 -1.79025 -0.0080087 0
0 839 phononL 0.004 -3.07645 -1.33941 0.0140359 0
0 840 phononL 0.004 0.524951 -4.95129 0.0309521 0
0 841 phononL 0.004 4.12693 1.4783 -0.0135874 0
0 842 phononL 0.004 1.19895 -4.87304 0.0221071 0
0 843 phononL 0.004 1.75012 -3.31342 -0.00998904 0
0 844 phononL 0.004 -0.799322 0.0616675 -0.0174078 0
0 845 phononL 0.004 -3.6469 -4.16389 0.0113099 0
0 846 phononL 0.004 -2.87764 -4.14505 0.0159683 0
0 847 phononL 0.004 0.758099 0.914895 0.00384471 0
0 848 phononL 0.004 -4.05646 2.82468 0.0387118 0
0 849 phononL 0.004 3.91183 -4.64216 -0.0165629 0
0 850 phononL 0.004 0.368117 1.62682 -0.00847967 0
0 851 phononL 0.004 2.12762 1.85633 0.0233709 0
0 852 phononL 0.004 -3.84602 -1.34027 -0.00825301 0
0 853 phononL 0.004 -2.49675 -4.01379 0.034115 0
0 854 phononL 0.004 -2.87543 1.28974 -0.00332839 0
0 855 phononL 0.004 3.05665 1.35303 -0.0370667 0
0 856 phononL 0.004 2.46581 -1.16648 -0.00761331 0
0 857 phononL 0.004 2.52205 -1.21128 -0.0369423 0
0 858 phononL 0.004 4.96271 0.35712 -0.00928355 0
0 859 phononL 0.004 1.06375 0.856239 0.025089 0
0 860 phononL 0.004 -2.35526 4.42474 -0.00582321 0
0 861 phononL 0.004 0.585402 2.24433 -0.0358937 0
0 862 phononL 0.004 1.26879 0.103657 0.00316755 0
0 863 phononL 0.004 -4.49392 0.290182 0.0289535 0
0 864 phononL 0.004 -0.210203 4.54391 0.0254798 0
0 865 phononL 0.004 3.72389 3.79248 0.039584 0
0 866 phononL 0.004 -3.51251 -2.29794 -0.0266061 0
0 867 phononL 0.004 -2.71304 -2.5547 -0.00680549 0
0 868 phononL 0.004 1.26556 3.10521 -0.011921 0
0 869 phononL 0.004 -4.38645 -0.422198 -0.0376181 0
0 870 phononL 0.004 2.34028 3.92502 -0.023668 0
0 871 phononL 0.004 -4.45412 -4.4918 0.0398115 0
0 872 phononL 0.004 -1.5577 0.580185 -0.0395835 0
0 873 phononL 0.004 -0.125885 3.36053 0.0183493 0
0 874 phononL 0.004 3.43538 4.91384 -0.0235417 0
0 875 phononL 0.004 3.90927 4.89035 -0.0351232 0
0 876 phononL 0.004 1.7433 2.53317 -0.0350811 0
0 877 phononL 0.004 -1.01001 3.94178 0.0119798 0
0 878 phononL 0.004 1.19824 4.87014 -0.0148689 0
0 879 phononL 0.004 -0.315724 3.4008 0.0221008 0
0 880 phononL 0.004 0.483421 -1.32662 -0.0212952 0
0 881 phononL 0.004 0.793153 -3.4313 0.0397895 0
0 882 phononL 0.004 -2.82942 4.53724 -0.0246649 0
0 883 phononL 0.004 -0.938024 -3.13219 -0.0173983 0
0 884 phononL 0.004 -1.1618 1.70955 0.028281 0
0 885 phononL 0.004 1.84841 -3.1974 0.00743391 0
0 886 phononL 0.004 2.15652 -1.92229 0.0396402 0
0 887 phononL 0.004 -3.3874 -4.10718 -0.039367 0
0 888 phononL 0.004 1.65351 -1.5577 0.0397288 0
0 889 phononL 0.004 -1.75351 -3.84319 -0.00927981 0
0 890 phononL 0.004 4.27402 -3.11771 -0.0256694 0
0 891 phononL 0.004 -0.799395 3.34663 -0.0204119 0
0 892 phononL 0.004 -3.01283 1.15199 -0.0318952 0
0 893 phononL 0.004 -1.27937 -4.07838 0.0194057 0
0 894 phononL 0.004 2.26184 2.36583 -0.00841057 0
0 895 phononL 0.004 -2.28469 3.75838 -0.0117727 0
0 896 phononL 0.004 0.300037 -3.25943 0.0085515 0
0 897 phononL 0.004 3.21595 2.69482 0.0322875 0
0 898 phononL 0.004 3.76234 -3.17408 0.0225077 0
0 899 phononL 0.004 -4.00838 3.70856 0.0338625 0
0 900 phononL 0.004 -3.2425 -0.688663 0.0163214 0
0 901 phononL 0.004 -1.85914 -0.809528 0.0273113 0
0 902 phononL 0.004 3.82868 -4.79161 -0.013583 0
0 903 phononL 0.004 0.800384 -0.593401 -0.00860419 0
0 904 phononL 0.004 3.90717 -0.00680764 -0.0248513 0
0 905 phononL 0.004 -2.73853 -1.59388 0.0296751 0
0 906 phononL 0.004 2.03047 0.650371 -0.0382222 0
0 907 phononL 0.004 -2.82715 4.66856 -0.0281305 0
0 908 phononL 0.004 4.76946 4.27637 0.00058856 0
0 909 phononL 0.004 -2.44557 0.419525 0.00690836 0
0 910 phononL 0.004 4.2049 -2.28498 0.0237012 0
0 911 phononL 0.004 -1.24911 -0.0546254 0.0221334 0
0 912 phononL 0.004 0.152979 -1.76059 0.0143958 0
0 913 phononL 0.004 4.6722 -0.271111 -0.0066962 0
0 914 phononL 0.004 2.53103 -4.52472 -0.0180672 0
0 915 phononL 0.004 2.77343 1.82979 -0.00849939 0
0 916 phononL 0.004 -3.73585 4.91657 0.0176034 0
0 917 phononL 0.004 -4.1632 -0.310052 -0.022449 0
0 918 phononL 0.004 -3.14742 0.65588 0.0146575 0
0 919 phononL 0.004 2.13125 4.70883 -0.0168093 0
0 920 phononL 0.004 3.13394 0.521448 -0.0368358 0
0 921 phononL 0.004 -0.513245 3.93426 0.036654 0
0 922 phononL 0.004 -2.24071 0.507545 -0.0335001 0
0 923 phononL 0.004 -2.55531 2.02403 -0.0193602 0
0 924 phononL 0.004 3.3961 -3.49188 -0.0186841 0
0 925 phononL 0.004 2.10738 1.79913 0.0199355 0
0 926 phononL 0.004 -2.52968 2.30521 -0.00751603 0
0 927 phononL 0.004 -0.679991 -1.68118 -0.0144386 0
0 928 phononL 0.004 -3.48067 -1.8664 -0.0384605 0
0 929 phononL 0.004 0.147628 -2.57767 -0.036819 0
0 930 phononL 0.004 0.2158 -1.38947 -0.0217864 0
0 931 phononL 0.004 1.05574 1.55062 0.00758932 0
0 932 phononL 0.004 -0.171337 1.72281 0.0295481 0
0 933 phononL 0.004 1.36791 -0.464947 -0.0254102 0
0 934 phononL 0.004 -2.23026 -3.88249 0.0368863 0
0 935 phononL 0.004 2.76759 0.251256 0.010131 0
0 936 phononL 0.004 0.416258 -1.54756 0.0192088 0
0 937 phononL 0.004 0.16449 -2.34548 0.0376918 0
0 938 phononL 0.004 -0.95754 -0.980762 0.0178141 0
0 939 phononL 0.004 0.366087 -4.07157 0.0341033 0
0 940 phononL 0.004 -2.70147 -0.861678 0.014706 0
0 941 phononL 0.004 3.638 0.0745231 -0.0329236 0
0 942 phononL 0.004 3.48891 1.90309 -0.00454235 0
0 943 phononL 0.004 1.35271 0.139497 -0.0187862 0
0 944 phononL 0.004 4.59282 2.15863 0.0374428 0
0 945 phononL 0.004 -4.3051 -1.31015 -0.0245444 0
0 946 phononL 0.004 -2.6083 -3.13514 -0.0371736 0
0 947 phononL 0.004 -3.56989 -1.5803 0.0216754 0
0 948 phononL 0.004 3.08533 2.77072 0.0332427 0
0 949 phononL 0.004 0.600183 0.00361663 -0.028812 0
0 950 phononL 0.004 -0.997854 -1.89151 0.0331061 0
0 951 phononL 0.004 1.46268 -4.98016 -0.0223046 0
0 952 phononL 0.004 1.06122 -2.53543 0.010108 0
0 953 phononL 0.004 1.78653 -2.18948 0.017529 0
0 954 phononL 0.004 1.72333 -0.470546 -0.00919548 0
0 955 phononL 0.004 -1.54503 -4.6229 -0.0189775 0
0 956 phononL 0.004 -4.38896 -0.907816 0.00984868 0
0 957 phononL 0.004 0.141469 -1.17694 -0.0267674 0
0 958 phononL 0.004 3.30402 3.16048 0.0115116 0
0 959 phononL 0.004 1.31358 -2.0735 -0.0157454 0
0 960 phononL 0.004 1.04965 4.46037 0.0112615 0
0 961 phononL 0.004 -4.59491 2.16554 0.0133727 0
0 962 phononL 0.004 -0.491418 2.44768 0.00220568 0
0 963 phononL 0.004 -0.0352827 1.35231 -0.0118164 0
0 964 phononL 0.004 3.93786 -2.3712 0.00191278 0
0 965 phononL 0.004 2.94979 1.55994 0.0116102 0
0 966 phononL 0.004 -3.18398 -1.44199 -0.0389793 0
0 967 phononL 0.004 1.84045 3.36119 0.00535138 0
0 968 phononL 0.004 0.510584 -3.28373 -0.03219 0
0 969 phononL 0.004 0.600317 3.42974 -0.0242572 0
0 970 phononL 0.004 2.13593 4.17308 -0.0395471 0
0 971 phononL 0.004 0.651635 3.50261 0.0383632 0
0 972 phononL 0.004 -3.94695 3.01243 0.00871021 0
0 973 phononL 0.004 4.97334 -4.62885 0.0119159 0
0 974 phononL 0.004 -1.03219 -3.59551 -0.0142733 0
0 975 phononL 0.004 -2.49252 -0.332714 -0.00598951 0
0 976 phononL 0.004 -3.53443 -2.97332 0.00288424 0
0 977 phononL 0.004 2.23287 -1.20908 0.0383474 0
0 978 phononL 0.004 0.996299 -0.100057 -0.00259551 0
0 979 phononL 0.004 -0.432701 2.00022 -0.0144735 0
0 980 phononL 0.004 0.858407 1.79738 -0.0339698 0
0 981 phononL 0.004 4.55754 -0.668073 -0.0115001 0
0 982 phononL 0.004 -4.83314 3.62459 -0.0189697 0
0 983 phononL 0.004 -3.4282 4.83593 -0.0156628 0
0 984 phononL 0.004 0.353033 -4.44136 -0.039271 0
0 985 phononL 0.004 -0.516522 -4.54526 -0.0248008 0
0 986 phononL 0.004 1.18292 2.03345 -0.0235393 0
0 987 phononL 0.004 0.730196 -0.228883 0.0282105 0
0 988 phononL 0.004 2.14999 1.48622 0.0246687 0
0 989 phononL 0.004 -3.61002 0.525743 0.0383515 0
0 990 phononL 0.004 -2.67844 3.79674 -0.016671 0
0 991 phononL 0.004 1.20532 0.684571 0.00906797 0
0 992 phononL 0.004 0.0856271 4.19682 0.00721655 0
0 993 phononL 0.004 -1.38287 2.99721 0.0172346 0
0 994 phononL 0.004 0.028721 4.05347 0.0224862 0
0 995 phononL 0.004 3.46181 -3.80297 0.0132432 0
0 996 phononL 0.004 3.78618 -0.491844 -0.0147873 0
0 997 phononL 0.004 -0.701762 -2.3866 0.0215491 0
0 998 phononL 0.004 -3.80602 -4.73048 0.0197048 0
0 999 phononL 0.004 -0.00856983 0.953547 -0.0359756 0
