Run ID,Event ID,Track ID,Particle Name,Start Energy [eV],Start X [mm],Start Y [mm],Start Z [mm],Start Time [ns],Energy Deposited [eV],Track Weight,End X [mm],End Y [mm],End Z [mm],Final Time [ns],Volume Name
0 52 3 phononTF 0.00151532 0.511038 3.07559 -0.0346085 15115.9 0.00069486 1 -0.085959 -0.264067 0.05 85292.7
0 68 6 phononTS 0.000512293 -0.131788 0.0199563 0.049999 2320.95 0.00034743 1 -0.10105 -0.207575 0.05 2508.53
0 75 5 phononL 0.00173977 0.927416 4.95573 -0.0332189 1614.45 0.00034743 1 0.0522647 -0.29398 0.05 13900.3
0 81 2 phononL 0.00195652 0.436372 0.893691 0.0125637 38.6743 0.00104229 1 0.0626966 -0.12675 0.05 2106.95
0 84 3 phononTS 0.00188802 3.70198 2.77551 0.0230148 1678.33 0.00138972 1 0.0820689 -0.25875 0.05 17542
0 89 35 phononTS 0.000373271 -2.85398 0.0179182 0.049999 9551.75 0.00034743 1 0.0287644 -0.155671 0.05 10841.9
0 130 2 phononTS 0.00202362 0.114882 -0.459224 0.0424136 13.5747 0.00069486 1 -0.0924968 -0.24549 0.05 402.559
0 130 12 phononTS 0.000418697 -0.0924968 -0.24549 0.049998 402.559 0.00034743 1 0.0348907 -0.244999 0.05 866.276
0 137 21 phononL 0.000906666 0.612621 0.0618005 0.049999 52180.9 0.00034743 1 -0.0357477 -0.215519 0.05 72390.9
0 140 1 phononTS 0.004 -0.253067 -0.430008 -0.0224897 0 0.00173715 1 -0.0242987 -0.272127 0.05 2229.37
0 140 13 phononTS 0.000500664 -0.0242987 -0.272127 0.049999 2229.37 0.00034743 1 -0.0508836 -0.250027 0.05 2293.77
0 146 3 phononTS 0.00191933 -3.91903 -1.73602 -0.0407625 323.889 0.00104229 1 0.0604585 -0.206115 0.05 16636.3
0 146 2 phononTS 0.00208067 -3.91903 -1.73602 -0.0407625 323.889 0.00034743 1 -0.046508 -0.259516 0.05 12382.1
0 157 3 phononTF 0.00146576 4.54401 4.72074 -0.016062 2035.79 0.00034743 1 -0.0199708 -0.172889 0.05 29068.7
0 167 1 phononL 0.004 -0.226766 -0.233155 -0.0359565 0 0.00173715 1 0.101542 -0.248118 0.05 1538.5
0 178 2 phononL 0.00169214 -3.06912 1.53321 0.00401053 592.537 0.00034743 1 0.0630119 -0.238306 0.05 20188.9
0 179 3 phononL 0.0023397 1.55604 -4.91784 -0.00528167 3701.86 0.00069486 1 -0.0736522 -0.154504 0.05 22424.5
0 180 3 phononL 0.00285862 -4.56906 3.61206 -0.0339084 9405.25 0.00104229 1 -0.0664281 -0.223717 0.05 18472.1
0 180 6 phononTS 0.000556572 -0.0664281 -0.223717 0.049999 18472.1 0.00034743 1 0.0513776 -0.151968 0.05 18565.2
0 201 3 phononTS 0.00217821 4.97551 -3.75051 -0.0409065 17966 0.00104229 1 0.101375 -0.254135 0.05 59323.5
0 226 2 phononTS 0.00171745 -1.76331 -3.69088 0.0189505 30322.9 0.00069486 1 0.0431113 -0.267265 0.05 87272
0 231 5 phononTS 0.000977708 0.546063 2.36047 -0.0415495 12483.5 0.00069486 1 0.0741124 -0.202468 0.05 51041.1
0 254 3 phononTF 0.0025527 2.4664 -1.45586 -0.0147888 4416.53 0.00138972 1 -0.0899427 -0.210789 0.05 49986.5
0 258 14 phononTS 0.000946946 -4.61142 1.06653 0.0387765 13506.7 0.00069486 1 -0.0318907 -0.131332 0.05 17142
0 267 21 phononTS 0.000422528 0.26373 0.0706154 0.049999 77006 0.00034743 1 -0.086201 -0.150885 0.05 77603.7
0 274 4 phononTS 0.000597602 0.485043 0.0925537 0.049999 10177.5 0.00034743 1 0.114527 -0.169084 0.05 10430.4
0 290 2 phononTF 0.00170813 -1.46807 1.06161 -2.03364e-05 802.757 0.00104229 1 0.0473274 -0.158266 0.05 4301.04
0 297 4 phononTF 0.00164781 1.22581 -3.15237 0.0378645 30302.6 0.00069486 1 0.0589706 -0.116974 0.05 35450.8
0 300 2 phononTF 0.00217966 -3.08379 2.86632 0.0110014 2248.85 0.00069486 1 -0.045019 -0.142826 0.05 34609.1
0 302 3 phononTS 0.0014405 -0.790273 -4.05018 -0.0195595 4631.43 0.00104229 1 0.0619411 -0.208535 0.05 11622.5
0 313 24 phononTS 0.000418876 -4.65987 0.0796526 0.049999 19648.2 0.00034743 1 0.0404943 -0.236183 0.05 33529.2
0 352 8 phononTS 0.000583382 -0.757564 0.0701681 0.049999 107768 0.00034743 1 -0.0862286 -0.146342 0.05 108602
0 355 25 phononTS 0.000807837 0.925921 0.0927494 0.049999 48384 0.00034743 1 0.0209556 -0.182244 0.05 76719.9
0 366 5 phononTF 0.00104491 1.87798 -1.01951 -0.0132565 12025 0.00034743 1 -0.0989135 -0.136269 0.05 14641.4
0 372 3 phononTF 0.00114124 -0.712108 -2.45675 0.022675 4024.39 0.00034743 1 0.0705459 -0.112788 0.05 58877.4
0 387 4 phononTS 0.000746634 -0.772419 -0.00139363 0.049999 39404.7 0.00034743 1 0.112564 -0.217143 0.05 40661.6
0 387 21 phononTF 0.0015145 0.423488 -2.39518 0.0418035 20643.3 0.00104229 1 -0.0855586 -0.194726 0.05 23794.6
0 409 1 phononTS 0.004 1.18042 -0.541448 -0.0212609 0 0.00173715 1 0.0715782 -0.227348 0.05 2272.73
0 430 13 phononTS 0.00044238 3.9962 0.100639 0.049999 32348.3 0.00034743 1 -0.0738839 -0.207067 0.05 154741
0 444 4 phononTS 0.00113594 -1.7631 -1.53066 -0.025056 36270.7 0.00034743 1 -0.0233245 -0.159482 0.05 43810.7
0 451 21 phononTS 0.000774913 -4.8522 0.0613955 0.049999 7511.57 0.00034743 1 -0.0664014 -0.200072 0.05 21188.9
0 473 7 phononTF 0.000409056 0.0212507 0.1026 0.049999 16196.3 0.00034743 1 -0.0905304 -0.211451 0.05 16365
0 496 6 phononTF 0.000696213 1.95653 0.0522736 0.049999 112639 0.00034743 1 0.0746741 -0.153124 0.05 119005
0 498 2 phononTS 0.00207836 3.85678 -2.46949 -0.00555624 2577.53 0.00104229 1 0.0201408 -0.139172 0.05 32592.5
0 500 10 phononTS 0.00057808 -0.305097 0.060853 0.049999 29513.1 0.00034743 1 -0.0799275 -0.135088 0.05 29698.7
0 533 3 phononL 0.00156006 1.45381 -4.52437 -0.00704953 4.39221 0.00069486 1 0.0430731 -0.105881 0.05 73982.7
0 533 6 phononTS 0.000405695 0.0430731 -0.105881 0.049999 73982.7 0.00034743 1 0.113243 -0.222247 0.05 74309.1
0 539 2 phononL 0.00242471 0.521944 -3.22681 0.0157842 10135.5 0.00104229 1 -0.0632941 -0.263569 0.05 12809.8
0 539 16 phononTF 0.000749976 -0.0632941 -0.263569 0.049999 12809.8 0.00069486 1 0.0441169 -0.129976 0.05 30115.3
0 557 2 phononTF 0.00249128 1.96005 -0.962491 -0.00157433 17977.2 0.00138972 1 0.0670495 -0.284252 0.05 46068.7
0 618 5 phononL 0.000575052 0.0570375 0.00201648 0.049999 14283.9 0.00034743 1 -0.0693975 -0.262942 0.05 14399.3
0 629 2 phononTS 0.000989978 -0.289165 -3.48174 0.0264334 2046.47 0.00069486 1 0.0286023 -0.283284 0.05 76106.6
0 632 1 phononTS 0.004 -0.201264 -1.33141 -0.0240279 0 0.00138972 1 0.0294168 -0.284054 0.05 11960
0 658 9 phononTF 0.000796788 -1.12393 0.0271422 0.049999 1145.5 0.00069486 1 0.0495628 -0.257453 0.05 128667
0 660 4 phononTS 0.000632197 -1.24621 0.0264851 0.049998 21177.2 0.00034743 1 -0.061832 -0.285549 0.05 21950.6
0 661 6 phononTF 0.000829937 -0.219321 0.041723 0.049999 56931.3 0.00034743 1 -0.0661657 -0.251788 0.05 57439.1
0 682 2 phononL 0.00206496 3.41904 1.96299 0.0179368 5453.05 0.00138972 1 0.0985922 -0.253874 0.05 36846.8
0 689 5 phononTF 0.00215791 -0.539266 -1.21489 -0.0269769 73686.6 0.00138972 1 0.0362643 -0.224429 0.05 74115
0 689 8 phononTS 0.000483422 0.0362643 -0.224429 0.049999 74115 0.00034743 1 0.0756803 -0.172547 0.05 74455
0 691 23 phononTF 0.000935275 -1.08696 0.0435607 0.049999 72496.9 0.00034743 1 0.0989096 -0.174033 0.05 72970.4
0 731 3 phononTS 0.00185769 1.13366 4.52943 -0.0189325 5217.29 0.00069486 1 -0.115435 -0.207641 0.05 15903.3
0 732 28 phononTS 0.000412162 -0.0400945 0.0354014 0.049999 45195.7 0.00034743 1 0.073262 -0.187284 0.05 69783.4
0 751 29 phononTS 0.000522222 -1.70923 0.0494025 0.049999 36427.1 0.00034743 1 0.0647526 -0.277218 0.05 40338.8
0 761 1 phononTS 0.004 -0.565889 -0.554654 0.0155768 0 0.00208458 1 0.0124335 -0.188408 0.05 5385.3
0 761 2 phononTS 0.000483735 0.0124335 -0.188408 0.049999 5385.3 0.00034743 1 -0.0370521 -0.138743 0.05 5461.5
0 807 1 phononTS 0.004 -2.32656 1.54759 -0.0396404 0 0.00208458 1 0.103285 -0.167372 0.05 7927.86
0 810 2 phononTF 0.00112635 0.776724 4.60207 0.0369563 2142.94 0.00034743 1 0.0718674 -0.206713 0.05 24667.3
0 812 3 phononTS 0.00162579 -1.3275 -4.91903 0.0200081 1459.7 0.00104229 1 0.0403971 -0.286997 0.05 24148.4
0 817 2 phononTF 0.00131983 4.58523 -2.96779 0.0470052 8493.83 0.00069486 1 0.118007 -0.207041 0.05 41404.7
0 821 3 phononTS 0.00152607 0.179081 -0.418148 -0.00655766 1464.27 0.00069486 1 -0.0644681 -0.259024 0.05 3919.95
0 831 3 phononL 0.00186378 -4.59509 -3.71367 0.0425755 16095.4 0.00104229 1 -0.0412037 -0.107893 0.05 56169.1
0 833 1 phononL 0.004 0.222728 1.50697 0.0111723 0 0.00138972 1 0.095293 -0.130835 0.05 3384.12
0 931 2 phononTS 0.00219082 0.655407 -4.59558 0.0288091 2457.39 0.00104229 1 0.100977 -0.140759 0.05 16142.5
0 939 2 phononTS 0.00117094 1.17492 3.65094 -0.0177245 8680.39 0.00034743 1 -0.0261919 -0.146672 0.05 11282.3
0 950 6 phononTS 0.000515719 -0.281147 -0.00797431 0.049999 59490.2 0.00034743 1 0.0555609 -0.111214 0.05 155384
0 962 1 phononTS 0.004 0.0759555 0.106632 0.0139323 0 0.00138972 1 -0.117174 -0.176766 0.05 383.959
0 962 16 phononTS 0.000393905 -0.117174 -0.176766 0.049999 383.959 0.00034743 1 -0.0379258 -0.26759 0.05 464.879
0 992 12 phononL 0.0016031 -0.290668 -0.576196 -0.0277873 5820.03 0.00104229 1 -0.0487371 -0.230636 0.05 8828.37
0 1000 18 phononTF 0.000579673 4.0947 0.0152373 0.049999 852.917 0.00034743 1 -0.0640324 -0.261948 0.05 86387.8
0 1007 4 phononL 0.00192075 -0.415276 2.2517 0.0415346 26305.7 0.00069486 1 0.0642234 -0.260438 0.05 27466
0 1011 1 phononTF 0.004 0.129006 0.518206 0.012627 0 0.00208458 1 -0.0977795 -0.220217 0.05 703.199
0 1011 4 phononTF 0.000670654 -0.0977795 -0.220217 0.049999 703.199 0.00034743 1 0.11132 -0.198321 0.05 1019.68
0 1015 4 phononTF 0.000967 -0.540867 -0.00995221 0.049999 16207 0.00034743 1 0.0959241 -0.141176 0.05 16774.6
0 1037 2 phononTF 0.00193195 -0.405677 2.348 -0.049892 15476.3 0.00104229 1 -0.0708848 -0.1285 0.05 32564.7
0 1040 2 phononTS 0.00124881 1.76347 -2.36592 0.00284566 1848.72 0.00034743 1 0.0571478 -0.1873 0.05 13342
0 1040 20 phononTS 0.000545527 0.0571478 -0.1873 0.049999 13342 0.00034743 1 0.0782333 -0.176253 0.05 13412.7
0 1046 9 phononTS 0.000417077 1.5846 0.0233323 0.049999 17407.5 0.00034743 1 -0.0379989 -0.112326 0.05 22453.7
0 1056 5 phononTS 0.00156067 2.76633 2.85915 0.0438459 4401.93 0.00069486 1 -0.0271088 -0.177576 0.05 14753.2
0 1080 17 phononTS 0.00100196 2.91947 4.69583 0.0243644 83455.3 0.00034743 1 0.0716001 -0.225082 0.05 114238
0 1084 2 phononTF 0.00182292 0.963245 -2.4266 0.0432316 1796.79 0.00104229 1 0.0282556 -0.128318 0.05 5722.54
0 1093 19 phononTS 0.0007402 -3.76013 0.039071 0.049998 18422.7 0.00034743 1 0.0879615 -0.255315 0.05 93207.4
0 1101 5 phononTS 0.00146702 -4.05008 1.82706 -0.0197686 24290.5 0.00104229 1 -0.0410339 -0.262252 0.05 80585.9
0 1102 17 phononTF 0.00044841 0.908763 0.0170736 0.049999 22508 0.00034743 1 0.111053 -0.197045 0.05 23255
0 1109 2 phononTS 0.00276687 -1.27456 3.12028 -0.0295432 7666.62 0.00034743 1 -0.0377418 -0.24984 0.05 93952.5
0 1176 5 phononTS 0.00185977 -1.04633 -1.82864 -0.0163707 4570.9 0.00069486 1 0.0715585 -0.252457 0.05 147912
0 1207 5 phononTS 0.00154973 4.58495 2.72393 0.00272694 48317.9 0.00034743 1 -0.0595576 -0.285857 0.05 110298
0 1242 5 phononTF 0.00168984 -2.1481 -4.58956 -0.0481221 23837.6 0.00069486 1 -0.0900052 -0.251874 0.05 91780.3
0 1249 2 phononTF 0.00186821 4.38473 3.75152 -0.0297539 3794.09 0.00069486 1 0.0874272 -0.231529 0.05 29319.8
0 1272 7 phononTF 0.000533031 1.38016 0.0523004 0.049999 2142.47 0.00034743 1 0.108983 -0.194446 0.05 3172.91
0 1286 3 phononTS 0.00149256 -0.442116 1.22906 0.00739646 10607.1 0.00104229 1 0.03341 -0.153105 0.05 50518.6
0 1307 27 phononTS 0.000474182 4.12704 0.0146871 0.049999 10301.7 0.00034743 1 0.0884996 -0.263082 0.05 13975.3
0 1319 2 phononTF 0.0018511 -4.63237 -4.31027 0.0348489 2103.81 0.00034743 1 0.0876269 -0.174081 0.05 33055.3
0 1319 19 phononL 0.000863395 0.0876269 -0.174081 0.049999 33055.3 0.00034743 1 0.08816 -0.136315 0.05 33177.7
0 1320 3 phononTS 0.00149373 -3.86822 3.43579 -0.0417576 8373.64 0.00069486 1 0.053056 -0.142304 0.05 77834.2
0 1374 1 phononTS 0.004 1.0491 -1.09137 -0.025206 0 0.00138972 1 -0.0411216 -0.140756 0.05 1697.43
0 1381 2 phononTS 0.00106253 1.7264 -4.3233 0.0422521 6940.58 0.00069486 1 0.0210284 -0.152609 0.05 62288.9
0 1411 16 phononTF 0.000414641 2.66994 0.09319 0.049999 11349.3 0.00034743 1 0.0650322 -0.116784 0.05 81871.7
0 1416 1 phononTS 0.004 0.0422065 -0.869359 -0.0280898 0 0.00138972 1 -0.0955813 -0.178808 0.05 3057.46
0 1424 2 phononTF 0.0024805 3.17597 2.98976 -0.0298691 1458.61 0.00138972 1 0.0253969 -0.115689 0.05 83499.8
0 1425 3 phononTS 0.00233602 -1.6986 -2.72158 0.0409639 16824.6 0.00069486 1 0.0403043 -0.285773 0.05 57337.6
0 1425 6 phononTS 0.000352768 0.0403043 -0.285773 0.049999 57337.6 0.00034743 1 0.0442269 -0.26206 0.05 57396.7
0 1434 2 phononTS 0.00122499 4.96703 1.71153 0.0297536 1930.21 0.00069486 1 -0.0699469 -0.176978 0.05 33290.8
0 1438 7 phononTF 0.000351716 -1.64256 0.0684049 0.049999 12523.5 0.00034743 1 0.112427 -0.193145 0.05 34076
0 1462 1 phononTS 0.004 0.285503 0.330274 0.0229383 0 0.00173715 1 0.0268998 -0.235457 0.05 1390.17
0 1463 30 phononTS 0.000431766 0.103581 0.00293459 0.049998 71745.3 0.00034743 1 0.0674193 -0.178527 0.05 71913.6
0 1471 7 phononTS 0.00104065 -2.66787 1.38118 0.00688088 30490.1 0.00069486 1 -0.0305935 -0.165336 0.05 165295
0 1510 5 phononTS 0.00113169 3.54342 -4.79628 -0.0479916 45892 0.00034743 1 0.0907512 -0.158329 0.05 71606.1
0 1529 2 phononTF 0.00186286 0.76984 -1.38441 -0.0416931 197.155 0.00034743 1 0.0692024 -0.284426 0.05 6911.78
0 1529 28 phononTS 0.000417008 0.0692024 -0.284426 0.049999 6911.78 0.00034743 1 0.0387397 -0.238428 0.05 8884.64
0 1530 3 phononTF 0.00275772 -0.501904 -2.20761 -0.00708439 6505.32 0.00104229 1 0.0236304 -0.234525 0.05 22492.5
0 1543 2 phononTF 0.00204818 3.57116 -2.42517 0.0458318 175.857 0.00069486 1 -0.0424928 -0.25472 0.05 58249.4
0 1554 5 phononTF 0.00167496 0.128701 3.10474 -0.0468564 49807.7 0.00104229 1 -0.0462174 -0.168132 0.05 134609
0 1615 26 phononTF 0.000453651 -1.35377 0.0468007 0.049999 102460 0.00034743 1 0.106427 -0.236828 0.05 125142
0 1639 32 phononTS 0.000392374 1.88726 0.0352793 0.049999 83241.1 0.00034743 1 0.0312909 -0.182121 0.05 100453
0 1642 2 phononTF 0.000902132 1.387 1.74045 -0.0307431 2693.27 0.00069486 1 0.05809 -0.214231 0.05 102475
0 1647 5 phononTF 0.00144613 2.09092 1.14685 -0.0401395 47547.1 0.00104229 1 0.0808657 -0.282494 0.05 164399
0 1664 19 phononTS 0.000467699 -4.21708 0.0686105 0.049999 3913.26 0.00034743 1 0.0720865 -0.183466 0.05 139406
0 1669 27 phononTF 0.000678276 2.58066 0.0405796 0.049999 30059.7 0.00034743 1 0.100618 -0.253494 0.05 37087
0 1675 2 phononTF 0.00173858 1.66208 -1.30785 -0.0261942 3154.18 0.00104229 1 -0.0360891 -0.195875 0.05 61444.5
0 1678 21 phononTF 0.000357415 0.341899 0.0334616 0.049999 82679.1 0.00034743 1 -0.0696471 -0.290337 0.05 84733.7
0 1679 3 phononL 0.00200889 1.5723 4.64116 0.0260729 17179.4 0.00104229 1 -0.108345 -0.233947 0.05 42188.3
0 1695 6 phononTS 0.000664947 0.135745 0.0787492 0.049999 38809.7 0.00034743 1 -0.0404833 -0.247396 0.05 39156.2
0 1713 18 phononTS 0.000630966 -1.0927 0.0181206 0.049999 70246.6 0.00034743 1 -0.0628148 -0.288646 0.05 70794.5
0 1742 15 phononTS 0.0010454 -0.690633 3.33102 0.00504908 47367.9 0.00034743 1 -0.109072 -0.169724 0.05 52747.8
0 1742 14 phononTS 0.00100252 -0.690633 3.33102 0.00504908 47367.9 0.00069486 1 -0.108495 -0.16237 0.05 70830.5
0 1745 6 phononTF 0.000794046 -1.27931 0.0313611 0.049999 91744.3 0.00034743 1 0.0764467 -0.193705 0.05 165690
0 1747 2 phononTS 0.00117389 -4.24354 -3.38492 0.0127499 18662.6 0.00034743 1 0.0402564 -0.214363 0.05 43367.8
0 1756 3 phononTS 0.00211151 0.820783 2.67476 0.0495384 11666 0.00104229 1 0.0519774 -0.13887 0.05 56206.3
0 1771 1 phononTS 0.004 -0.675559 -0.926518 -0.000616907 0 0.00138972 1 -0.110841 -0.220323 0.05 1101.04
0 1851 27 phononL 0.000830606 0.456126 0.0810544 0.049999 60644.4 0.00034743 1 0.0681678 -0.249679 0.05 60825
0 1879 2 phononL 0.000986709 -3.07393 -0.563382 0.00216882 6059.07 0.00069486 1 -0.0491065 -0.1987 0.05 18175.8
0 1895 5 phononTS 0.00138995 -2.11556 -1.66098 -0.0156196 27161.2 0.00069486 1 -0.0734735 -0.217825 0.05 45296.5
0 1896 18 phononTS 0.000362572 2.05961 -0.00379609 0.049999 50688.4 0.00034743 1 0.108677 -0.159095 0.05 72492
0 1902 3 phononTS 0.00132687 3.87228 2.36717 0.0195139 13617.7 0.00069486 1 0.0249534 -0.179416 0.05 26214.3
0 1914 2 phononTS 0.00207517 1.87171 -3.29402 0.0466765 4434.34 0.00104229 1 0.0560422 -0.197809 0.05 35418.1
0 1914 4 phononTS 0.000408475 0.0560422 -0.197809 0.049999 35418.1 0.00034743 1 0.0649226 -0.232703 0.05 35482.3
0 1920 2 phononTS 0.00180843 0.0306164 4.50556 -0.0314194 4740.34 0.00069486 1 -0.0778732 -0.210415 0.05 70393.5
0 1920 12 phononL 0.00080407 -0.0778732 -0.210415 0.049999 70393.5 0.00069486 1 0.0554964 -0.294403 0.05 70441.8
0 1947 28 phononTS 0.00069569 0.206571 0.0999684 0.049999 13514.8 0.00034743 1 -0.060376 -0.108441 0.05 13775.8
0 1954 2 phononTF 0.0014264 0.146095 -1.89345 0.00211135 1008.01 0.00034743 1 0.0857402 -0.277099 0.05 74372.9
0 1969 3 phononTS 0.0014537 2.10447 -2.27304 -0.0204875 29207 0.00104229 1 -0.112726 -0.187137 0.05 61165
0 1976 3 phononTF 0.00165798 -0.725494 -1.17343 0.0023936 13530.5 0.00034743 1 0.0832484 -0.217087 0.05 16137.4
0 1984 3 phononTS 0.00229675 -1.1048 3.13879 0.0198259 16424.7 0.00034743 1 0.0475029 -0.198748 0.05 64987.8
0 1984 5 phononL 0.00188888 0.0475029 -0.198748 0.049999 64987.8 0.00069486 1 -0.074928 -0.113172 0.05 65352.9
0 1990 2 phononTF 0.0022276 1.02857 4.00631 -0.0137051 2224.48 0.00104229 1 0.05407 -0.244598 0.05 11496.4
0 1992 2 phononTS 0.00215397 -1.47865 1.09104 0.0369018 463.611 0.00104229 1 0.075544 -0.154502 0.05 58657.3
0 2006 19 phononTS 0.000518733 0.61851 0.0346811 0.049999 19015.3 0.00034743 1 -0.078435 -0.119652 0.05 99305.4
0 2016 2 phononTS 0.00198069 -4.02274 3.87107 -0.0441194 1956.3 0.00138972 1 -0.0754008 -0.257943 0.05 18389.3
0 2026 4 phononTS 0.000562039 1.23092 0.0683361 0.049999 7634.59 0.00034743 1 0.0645728 -0.160216 0.05 9997.7
0 2054 3 phononTF 0.00250624 0.622815 0.328518 -0.0290992 1515.81 0.00069486 1 0.0456606 -0.11462 0.05 22197.2
0 2054 2 phononTF 0.00149376 0.622815 0.328518 -0.0290992 1515.81 0.00104229 1 -0.0914302 -0.261293 0.05 113388
0 2058 3 phononTF 0.00146351 0.98092 3.0448 0.0184231 8194.14 0.00069486 1 0.0571085 -0.188137 0.05 19290
0 2058 5 phononTS 0.000372504 0.0571085 -0.188137 0.049999 19290 0.00034743 1 -0.0636164 -0.212409 0.05 20477.7
0 2063 3 phononTS 0.00233004 -0.00374819 -1.47304 -0.010269 24184.1 0.00069486 1 0.0459712 -0.208193 0.05 25405
0 2097 17 phononTF 0.000953786 1.41821 -3.47769 -0.0471983 22821.3 0.00034743 1 0.119688 -0.199079 0.05 33914.2
0 2098 4 phononTF 0.00169214 -3.57122 -3.01403 -0.00880426 41281.7 0.00069486 1 -0.0866045 -0.212127 0.05 46421.3
0 2107 2 phononTS 0.00119848 0.619829 4.00717 0.00483068 720.505 0.00069486 1 0.0909933 -0.23482 0.05 13216.3
0 2133 6 phononTS 0.00159172 -2.65586 3.24946 -0.0290574 25262.6 0.00104229 1 0.0494608 -0.199942 0.05 29770.4
0 2136 4 phononTS 0.000899448 0.139736 0.0587331 0.049998 23335.6 0.00069486 1 0.102685 -0.177363 0.05 23664.2
0 2142 17 phononTF 0.000927845 4.88263 4.78165 0.0289998 46300.7 0.00034743 1 -0.0658777 -0.236107 0.05 69643.9
0 2164 2 phononTS 0.00137495 3.31312 -0.174484 0.0329945 103.656 0.00034743 1 0.0234302 -0.237524 0.05 1797.06
0 2192 4 phononTF 0.000855726 1.13145 0.0187164 0.049999 43974.9 0.00034743 1 -0.117633 -0.222785 0.05 73686.1
0 2193 4 phononTS 0.00055823 2.87474 0.0360083 0.049999 2535.11 0.00034743 1 -0.0541861 -0.211582 0.05 14137.6
0 2210 3 phononTF 0.00170384 -0.725425 3.69519 -0.0251419 5864.32 0.00069486 1 -0.0726767 -0.238808 0.05 23998
0 2210 17 phononTS 0.000966262 -2.2298 2.59001 0.0134097 10494.4 0.00034743 1 0.0601896 -0.123095 0.05 13189.8
0 2211 2 phononTF 0.00119744 1.16407 4.95732 -0.0215865 6199.93 0.00034743 1 -0.0940033 -0.175124 0.05 20341
0 2211 26 phononTS 0.000558178 -0.0940033 -0.175124 0.049999 20341 0.00034743 1 -0.0670683 -0.173938 0.05 20397
0 2214 3 phononL 0.00109398 -1.02056 0.390929 -0.0261967 194.424 0.00069486 1 0.105531 -0.225902 0.05 7453.97
0 2218 4 phononTS 0.0018591 0.668408 -0.548529 0.0243488 54366.6 0.00034743 1 -0.0796038 -0.183642 0.05 114588
0 2241 2 phononL 0.00120799 -2.89902 3.53293 0.0393318 9202.99 0.00034743 1 -0.0827677 -0.202358 0.05 32239.8
0 2245 5 phononTS 0.000431415 0.109535 0.0702828 0.049999 19245.6 0.00034743 1 -0.0900716 -0.141254 0.05 79254.6
0 2255 7 phononTF 0.000353952 -0.0103624 -0.00247649 0.049999 63322.1 0.00034743 1 -0.0152931 -0.215302 0.05 63410.8
0 2255 6 phononTS 0.000606641 -0.0103624 -0.00247649 0.049999 63322.1 0.00034743 1 -0.0474811 -0.16827 0.05 63549.3
0 2255 26 phononL 0.000832175 0.425675 0.0200965 0.049999 35545.5 0.00034743 1 -0.0944105 -0.240676 0.05 108287
0 2264 2 phononTF 0.00132172 2.48783 4.8627 -0.0175466 15133.8 0.00034743 1 0.027984 -0.214494 0.05 49106.1
0 2288 7 phononTS 0.000873492 -2.48261 0.0645103 0.049999 79229.3 0.00034743 1 0.0673281 -0.166874 0.05 97255.6
0 2307 3 phononL 0.00264884 -0.382747 3.53114 0.00911947 12044 0.00069486 1 0.119277 -0.217426 0.05 62982.2
0 2328 16 phononTS 0.00112812 -0.621668 3.86755 -0.0428319 56681.9 0.00069486 1 0.0295337 -0.2467 0.05 89859.3
0 2340 3 phononTS 0.00124285 -0.563681 4.15891 0.0100139 16.4256 0.00034743 1 -0.0275646 -0.131382 0.05 2809.45
0 2348 2 phononTF 0.00205547 2.17843 3.37682 0.0297517 31981.4 0.00104229 1 -0.0657771 -0.197659 0.05 56546.8
0 2410 24 phononTF 0.000617672 -1.42524 0.0308624 0.049999 27104.1 0.00034743 1 -0.0588468 -0.142682 0.05 75721.4
0 2474 1 phononTS 0.004 0.00538118 -0.0894604 -0.00212941 0 0.00138972 1 -0.0907442 -0.227671 0.05 428.841
0 2496 23 phononTF 0.000366093 -3.92352 0.085413 0.049999 26289.8 0.00034743 1 0.01737 -0.155958 0.05 241631
0 2498 13 phononTF 0.000392825 4.51645 0.0376117 0.049999 39287.9 0.00034743 1 0.0505715 -0.112972 0.05 66764.3
0 2503 3 phononL 0.00245922 -3.18079 -3.83303 -0.008242 13649.7 0.00138972 1 -0.0652049 -0.201415 0.05 31954.6
0 2507 1 phononTS 0.004 -0.800376 0.581829 0.00447957 0 0.00104229 1 -0.0948263 -0.264665 0.05 3623.25
0 2507 3 phononL 0.00139946 -0.0948263 -0.264665 0.049999 3623.25 0.00069486 1 -0.07201 -0.114206 0.05 3674.51
0 2545 5 phononTS 0.00151006 0.982508 -2.09661 0.0413484 46124.9 0.00104229 1 0.0609168 -0.27234 0.05 47890.6
0 2561 3 phononTS 0.00123162 -0.778562 -2.98815 0.0056043 3326.13 0.00069486 1 0.0876127 -0.21846 0.05 40836
0 2576 5 phononTS 0.000900469 -0.411279 4.95925 0.0214219 56040.3 0.00034743 1 0.0673899 -0.130698 0.05 59826.4
0 2586 4 phononTF 0.00174748 4.02801 -3.17441 -0.0335531 24036.7 0.00069486 1 0.0971794 -0.220743 0.05 45543.8
0 2593 5 phononTS 0.0014845 2.72053 2.30998 -0.0377872 2827.71 0.00104229 1 -0.092145 -0.146187 0.05 24763.9
0 2612 17 phononTS 0.00210465 -4.9273 0.0814079 0.049999 44137.5 0.00069486 1 -0.0537476 -0.13023 0.05 64133.2
0 2612 20 phononTS 0.000598519 -0.0537476 -0.13023 0.049999 64133.2 0.00034743 1 -0.0563177 -0.105028 0.05 64190.8
0 2649 2 phononTS 0.00106241 -4.77689 1.99725 0.042941 1168.17 0.00069486 1 -0.0729237 -0.234418 0.05 22704.2
0 2670 3 phononTS 0.00231716 4.17567 -1.99227 0.0336592 5838.12 0.00104229 1 0.0691383 -0.213482 0.05 21339.4
0 2670 11 phononTS 0.000379866 0.0691383 -0.213482 0.049999 21339.4 0.00034743 1 0.054497 -0.169518 0.05 21405.3
0 2670 9 phononL 0.000355724 0.0691383 -0.213482 0.049999 21339.4 0.00034743 1 0.0782112 -0.201588 0.05 21381.8
0 2674 5 phononL 0.00152445 -0.205024 -0.160949 0.0109591 98655.1 0.00069486 1 -0.093749 -0.136012 0.05 102161
0 2674 8 phononTF 0.000480733 -0.093749 -0.136012 0.049999 102161 0.00034743 1 -0.0943249 -0.244552 0.05 102226
0 2675 2 phononTF 0.0022057 -1.8753 -0.696498 0.00490302 3812.84 0.00104229 1 -0.0642578 -0.252108 0.05 27407.8
0 2675 14 phononTF 0.00061014 -0.0642578 -0.252108 0.049999 27407.8 0.00034743 1 -0.0388249 -0.240545 0.05 27486
0 2681 4 phononTS 0.00168564 -1.54064 0.0326078 0.049999 48736.4 0.00069486 1 -0.0502761 -0.106784 0.05 63115.6
0 2700 5 phononTS 0.000485051 -0.59375 -0.00803248 0.049999 7254.1 0.00034743 1 0.11381 -0.193356 0.05 7628.69
0 2704 16 phononTS 0.0015245 3.58781 -0.72162 -0.00312072 43883.9 0.00069486 1 -0.0837873 -0.268775 0.05 63599.9
0 2708 3 phononTS 0.0022986 2.38073 -4.48439 0.00429621 3080.75 0.00138972 1 -0.020098 -0.177516 0.05 64556.2
0 2715 3 phononTS 0.00153762 2.51327 0.636547 -0.0127393 7325.83 0.00069486 1 0.0289883 -0.144116 0.05 26454.5
0 2724 2 phononL 0.00150005 -4.62825 0.0601823 0.049999 1683.86 0.00069486 1 0.0575837 -0.296922 0.05 117436
0 2725 2 phononTF 0.00163106 3.81092 -4.8508 0.00311424 899.399 0.00069486 1 -0.0309604 -0.227649 0.05 13781
0 2725 24 phononTS 0.000400758 -0.0309604 -0.227649 0.049999 13781 0.00034743 1 -0.0524554 -0.126766 0.05 14064.9
0 2737 2 phononTS 0.00199154 -0.632624 4.33314 0.000152519 34992.2 0.00104229 1 -0.0844312 -0.123844 0.05 56770.8
0 2752 3 phononTS 0.00158147 -1.40868 -3.62834 0.0292648 4620.6 0.00069486 1 -0.0497927 -0.297953 0.05 13002.5
0 2765 3 phononTS 0.00184458 0.688288 -1.27305 0.0409693 9154.63 0.00104229 1 -0.0709516 -0.274736 0.05 54072.8
0 2790 1 phononTF 0.004 -0.732995 0.567047 0.000620043 0 0.00104229 1 -0.078879 -0.168422 0.05 1551.9
0 2796 1 phononL 0.004 0.573767 -0.688354 -0.0092442 0 0.00104229 1 0.0420962 -0.241522 0.05 1112.25
0 2805 5 phononTS 0.000625341 -4.37834 0.049366 0.049999 42912 0.00034743 1 -0.0890622 -0.243111 0.05 60740
0 2815 6 phononTF 0.000386372 4.35986 -0.0099144 0.049999 43447.9 0.00034743 1 -0.0801845 -0.191117 0.05 59294.4
0 2818 4 phononTS 0.000803722 3.46862 0.0998903 0.049999 30414.5 0.00034743 1 0.0886909 -0.159644 0.05 105643
0 2822 4 phononTS 0.00040054 3.18592 0.0188492 0.049999 16387.2 0.00034743 1 0.027607 -0.161615 0.05 23861.6
0 2838 7 phononTS 0.000447555 1.08332 0.0647941 0.049999 31974.1 0.00034743 1 0.0388119 -0.103392 0.05 63973.3
0 2858 4 phononTF 0.000928501 -0.0445353 -1.08354 0.0368991 37150.9 0.00069486 1 0.100005 -0.187127 0.05 51475.2
0 2858 2 phononTF 0.0014197 4.54896 -4.93185 -0.0122215 4024.15 0.00069486 1 0.0474487 -0.113138 0.05 52209.4
0 2865 19 phononTS 0.000523434 -0.293435 0.0801722 0.049999 22523.3 0.00034743 1 0.0573319 -0.106041 0.05 22673.4
0 2909 7 phononTS 0.000380586 -0.598779 0.0327316 0.049999 46991.5 0.00034743 1 -0.0600486 -0.185887 0.05 52525.8
0 2917 3 phononTS 0.00166504 -3.34785 0.778241 -0.0280791 228.034 0.00034743 1 -0.0738572 -0.155785 0.05 21121.3
0 2932 3 phononTF 0.00207499 -3.13743 4.36611 -0.0139085 4627.07 0.00104229 1 -0.0934475 -0.161889 0.05 24587.2
0 2950 2 phononTS 0.00211999 -3.12421 -2.23737 -0.0479246 1392.24 0.00138972 1 0.017351 -0.208647 0.05 25459.1
0 2959 4 phononTF 0.00137614 0.888682 0.0606652 0.049999 17484.5 0.00034743 1 -0.111773 -0.224707 0.05 82364.4
0 2959 15 phononTF 0.000681858 -0.111773 -0.224707 0.049999 82364.4 0.00034743 1 -0.0417251 -0.276696 0.05 82486.9
0 2967 3 phononL 0.00259499 1.76937 -3.13991 0.0498318 2657.81 0.00069486 1 -0.0764269 -0.280279 0.05 27351.7
0 2997 23 phononTF 0.000524305 0.134993 0.0979319 0.049999 19624.5 0.00034743 1 -0.0525179 -0.156103 0.05 218414
0 3012 3 phononTS 0.00182784 3.08364 3.18093 -0.0222671 11310.7 0.00104229 1 -0.0842476 -0.185107 0.05 109025
0 3056 16 phononTS 0.000973739 -4.18001 -2.35288 -0.0149314 69426.7 0.00069486 1 0.0883846 -0.193488 0.05 76898.6
0 3067 17 phononTS 0.000587156 1.3228 0.00968819 0.049998 5783.5 0.00034743 1 -0.0185174 -0.153514 0.05 13409.9
0 3072 21 phononL 0.00123417 2.33721 -2.6048 0.032237 11475.3 0.00069486 1 0.0713562 -0.278759 0.05 26805.6
0 3073 4 phononTS 0.000497923 3.43152 -3.47205 0.0315708 14401.4 0.00034743 1 0.0471149 -0.194693 0.05 34115.3
0 3105 5 phononTF 0.00087085 -2.63367 3.1032 0.010534 45973 0.00069486 1 -0.0425536 -0.122221 0.05 144028
0 3120 4 phononL 0.00109397 4.72095 -2.89437 -0.0433938 26185.2 0.00034743 1 -0.0275171 -0.146098 0.05 132931
0 3148 4 phononL 0.0014469 1.76967 -2.55985 0.0124829 35281.7 0.00069486 1 0.0335347 -0.205841 0.05 61851.4
0 3148 16 phononTS 0.000424613 0.0335347 -0.205841 0.049999 61851.4 0.00034743 1 0.0614932 -0.198613 0.05 61941.9
0 3162 2 phononTS 0.00175456 -3.36439 1.04495 -0.0332675 6006.95 0.00104229 1 -0.0281445 -0.299863 0.05 50528.3
0 3196 2 phononL 0.00122298 -0.386163 0.0458182 0.049998 2650.95 0.00069486 1 -0.0689603 -0.272352 0.05 63049.6
0 3209 3 phononTS 0.002057 -1.38769 -0.978662 0.0248351 10116.3 0.00104229 1 -0.0451695 -0.145089 0.05 31875.2
0 3209 4 phononTS 0.000376988 -0.0451695 -0.145089 0.049999 31875.2 0.00034743 1 -0.101893 -0.209606 0.05 31950.9
0 3251 2 phononTS 0.00216192 2.48067 1.81218 0.0276684 365.479 0.00138972 1 0.05694 -0.264272 0.05 5650.83
0 3264 5 phononTS 0.00139415 3.13975 -3.26106 -0.0230832 25470.5 0.00069486 1 -0.0948573 -0.228363 0.05 147500
0 3265 4 phononTF 0.00115667 -0.170078 0.0113739 0.049999 25872.8 0.00069486 1 0.0867897 -0.231914 0.05 26120.7
0 3289 2 phononTF 0.00143981 -0.297782 -0.0166414 0.0316546 3867.17 0.00069486 1 0.0118544 -0.200965 0.05 29177.3
0 3291 10 phononTS 0.000434563 4.67345 0.0681778 0.049999 11681.2 0.00034743 1 0.0575376 -0.262104 0.05 32118.2
0 3291 27 phononTS 0.00050479 -4.70973 0.0734827 0.049999 6810.53 0.00034743 1 -0.0692818 -0.207423 0.05 28005.4
0 3293 4 phononTF 0.00146725 1.19176 1.19559 -0.00822262 10316.4 0.00034743 1 -0.0743662 -0.277146 0.05 38350.2
0 3298 5 phononTS 0.00152638 -4.67963 4.44578 0.0385303 24757.4 0.00034743 1 -0.0970793 -0.255652 0.05 97884.3
0 3304 2 phononL 0.00175586 2.43618 3.00811 0.0121895 9659.24 0.00069486 1 -0.0895776 -0.224292 0.05 71902.4
0 3312 3 phononTS 0.0026548 0.512202 1.04382 -0.00921452 119.138 0.00104229 1 -0.0594863 -0.294338 0.05 2558.53
0 3326 6 phononTS 0.000957297 -1.26606 0.0680586 0.049999 31406.8 0.00034743 1 0.0341496 -0.268956 0.05 33128
0 3326 16 phononTS 0.000528951 0.0341496 -0.268956 0.049998 33128 0.00034743 1 0.0339946 -0.294315 0.05 33412
0 3335 2 phononTS 0.00187581 -0.310204 2.42285 0.000371091 40.5199 0.00104229 1 -0.0839187 -0.215282 0.05 2627.55
0 3356 14 phononTF 0.000506434 2.42824 0.822754 0.0323937 85002.4 0.00034743 1 0.0504174 -0.122212 0.05 138983
0 3361 2 phononTS 0.00277681 -0.486218 2.46146 -0.0261839 8709.05 0.00104229 1 -0.0335364 -0.301849 0.05 70187
0 3361 18 phononTS 0.000849915 -0.0335364 -0.301849 0.049998 70187 0.00034743 1 0.0364392 -0.230034 0.05 105933
0 3361 16 phononTF 0.000509446 -0.0335364 -0.301849 0.049998 70187 0.00034743 1 -0.085045 -0.241619 0.05 70264.1
0 3416 6 phononL 0.000530439 -0.542911 0.0512648 0.049999 83263.7 0.00034743 1 -0.0868821 -0.213251 0.05 83776.4
0 3419 4 phononTS 0.000971045 4.50949 -1.82347 0.0232825 20496 0.00034743 1 -0.021614 -0.170929 0.05 31193
0 3430 17 phononTS 0.00109055 2.13802 2.3425 0.0411541 18132.6 0.00069486 1 0.107905 -0.181298 0.05 50005
0 3435 3 phononL 0.00268569 0.453721 -0.381819 -0.0228957 14046.8 0.00104229 1 -0.0498751 -0.19294 0.05 16015.8
0 3435 10 phononL 0.000401333 -0.0498751 -0.19294 0.049999 16015.8 0.00034743 1 -0.0516817 -0.288589 0.05 16113.7
0 3474 3 phononTS 0.00246077 -4.17509 2.1263 -0.0435057 836.69 0.00138972 1 0.0848465 -0.197996 0.05 11692.3
0 3492 16 phononTS 0.000931645 4.2977 -3.78067 -0.0314426 50703.3 0.00034743 1 -0.109282 -0.200371 0.05 79736.5
0 3495 4 phononTF 0.000703661 -0.264054 0.0493265 0.049999 98196.5 0.00034743 1 -0.0983699 -0.181592 0.05 98360.8
0 3502 2 phononTF 0.00200724 1.85263 0.418179 -0.00593197 6699.03 0.00104229 1 0.0134212 -0.195072 0.05 9241.27
0 3544 3 phononTS 0.00191006 1.27406 -4.29721 0.031454 969.982 0.00034743 1 -0.0443199 -0.159948 0.05 161518
0 3576 2 phononL 0.00197598 2.40914 4.86481 0.00749203 7608.55 0.00069486 1 -0.111029 -0.155981 0.05 170928
0 3580 3 phononTS 0.00200127 2.91412 -2.25755 -0.0225647 342.72 0.00104229 1 -0.112845 -0.199987 0.05 24468.6
0 3580 10 phononTS 0.000390942 -0.112845 -0.199987 0.049999 24468.6 0.00034743 1 -0.0709318 -0.260404 0.05 24598.1
0 3586 5 phononTF 0.00139239 3.55996 -1.38558 -0.0449487 49619.2 0.00104229 1 0.0431003 -0.122388 0.05 242389
0 3591 6 phononTF 0.000680115 0.256707 0.0353439 0.049999 37248.9 0.00034743 1 -0.0328194 -0.117787 0.05 37541.6
0 3619 4 phononTS 0.00155171 0.556881 0.422539 -0.0436077 47711.1 0.00069486 1 -0.067717 -0.252526 0.05 74185.4
0 3631 4 phononTS 0.00132005 0.71967 -3.16737 -0.0244662 21451.4 0.00069486 1 0.10655 -0.240668 0.05 97820.9
0 3631 2 phononTS 0.00130699 0.464154 -4.86836 0.0128886 12280.7 0.00069486 1 0.0345459 -0.160695 0.05 43490.9
0 3644 13 phononTS 0.000748228 0.40735 0.0803301 0.049999 51572.5 0.00034743 1 -0.0276782 -0.17299 0.05 51896
0 3657 5 phononTS 0.00158803 -1.09451 4.79387 -0.0362443 11913.4 0.00034743 1 0.110591 -0.232773 0.05 33797.9
0 3657 9 phononTS 0.000439302 0.110591 -0.232773 0.049999 33797.9 0.00034743 1 0.100232 -0.218373 0.05 33857.9
0 3662 8 phononTS 0.000449483 -0.267022 0.0320953 0.049999 63148.4 0.00034743 1 0.0551174 -0.166626 0.05 63409
0 3662 2 phononL 0.00187276 1.32845 2.4939 0.0317645 18146.4 0.00069486 1 0.0514396 -0.279468 0.05 38103.3
0 3669 3 phononTS 0.00211615 -0.0288395 1.3636 -0.0264447 2921.78 0.00034743 1 -0.0304396 -0.170212 0.05 42773.5
0 3679 19 phononTF 0.000770318 4.29464 -2.54743 0.00676097 24148.4 0.00034743 1 -0.106609 -0.178257 0.05 36623.8
0 3685 4 phononTF 0.000630934 -3.76915 4.44893 -0.0238106 19037.1 0.00034743 1 -0.050166 -0.179618 0.05 58474.5
0 3691 8 phononTS 0.000527926 0.31134 0.0532057 0.049999 55805.3 0.00034743 1 -0.0906704 -0.175294 0.05 56003.5
0 3713 2 phononTS 0.00121938 -1.86379 4.2088 0.0243999 11564.7 0.00034743 1 -0.0944258 -0.145176 0.05 105222
0 3721 5 phononTS 0.00137129 -0.964395 -2.86699 0.0101321 10077.3 0.00069486 1 0.101947 -0.213199 0.05 15284.1
0 3765 12 phononTS 0.000558562 0.128544 0.0864823 0.049999 40916.1 0.00034743 1 -0.0332579 -0.18832 0.05 41100.1
0 3770 21 phononL 0.00125348 -0.877119 0.0747728 0.049999 8697.52 0.00034743 1 -0.070209 -0.198621 0.05 10106.7
0 3770 28 phononTS 0.000573468 -0.070209 -0.198621 0.049999 10106.7 0.00034743 1 0.0877279 -0.145633 0.05 10303.4
0 3809 4 phononTF 0.00147852 -0.866859 0.708958 -0.0474533 5461.41 0.00104229 1 -0.057027 -0.269245 0.05 37051.6
0 3815 3 phononTF 0.00209373 3.71314 1.59142 -0.0425426 9082.5 0.00138972 1 0.0186846 -0.220066 0.05 145376
0 3835 3 phononL 0.00177028 -0.199834 -2.62813 -0.0167619 24384.9 0.00104229 1 -0.0286924 -0.13519 0.05 26409.7
0 3887 2 phononTS 0.00151677 -1.89396 0.0905936 0.049999 958.642 0.00034743 1 -0.0330822 -0.184853 0.05 39441
0 3887 24 phononTF 0.00101073 -0.0330822 -0.184853 0.049999 39441 0.00069486 1 -0.0977941 -0.144277 0.05 39505
0 3915 2 phononTF 0.00216753 3.6849 -4.62283 -0.0307214 842.054 0.00104229 1 -0.0780404 -0.115205 0.05 20593.8
0 3917 3 phononTS 0.00150277 0.887131 -4.54551 -0.0265648 15362.1 0.00104229 1 0.031376 -0.28116 0.05 45050.4
0 3919 14 phononTS 0.000501081 -0.697517 0.0957374 0.049999 80611.6 0.00034743 1 -0.0536847 -0.151733 0.05 92866.9
0 3925 2 phononTF 0.00195897 -2.88649 3.85578 0.0141019 5079.62 0.00104229 1 -0.0697431 -0.160452 0.05 79331.2
0 3929 16 phononTS 0.00170112 -4.49426 -4.27741 -0.023947 18366.8 0.00069486 1 -0.102659 -0.197948 0.05 41196.7
0 3939 30 phononTF 0.000749481 3.34205 0.0564962 0.049999 99076 0.00034743 1 -0.0282889 -0.157926 0.05 147006
0 3956 5 phononTS 0.000472895 1.85399 0.0712118 0.049999 18054.5 0.00034743 1 -0.0248321 -0.205542 0.05 47574
0 3968 2 phononL 0.00227703 2.01708 -2.24806 -0.00781665 2985.89 0.00069486 1 -0.0395926 -0.294847 0.05 18253.2
0 3968 16 phononTS 0.000381737 -0.0395926 -0.294847 0.049998 18253.2 0.00034743 1 -0.0755409 -0.216346 0.05 18336.2
0 4000 15 phononL 0.00145799 3.80966 0.077108 0.049999 28746.2 0.00069486 1 -0.112295 -0.236645 0.05 99585.3
0 4027 5 phononTF 0.000739322 -0.475751 -1.90609 0.0212694 26065.4 0.00034743 1 -0.0320738 -0.251631 0.05 27018.6
0 4046 22 phononTS 0.00038989 -3.23826 0.011565 0.049998 183945 0.00034743 1 0.0172413 -0.155653 0.05 273099
0 4050 4 phononTS 0.000816724 -0.331219 2.5785 0.0042314 10162.8 0.00034743 1 -0.111275 -0.23615 0.05 103957
0 4065 3 phononTF 0.00123993 -0.821731 -0.124129 0.0474332 2215.29 0.00069486 1 0.056545 -0.199833 0.05 2782.24
0 4076 13 phononTS 0.000371191 -0.611711 0.000189248 0.049999 6090.01 0.00034743 1 0.0213055 -0.15939 0.05 25485.3
0 4078 2 phononTS 0.00118515 -0.0388055 -3.685 0.0432663 9764.69 0.00034743 1 -0.107866 -0.246021 0.05 80394
0 4097 4 phononTS 0.00191305 -3.45335 -3.03785 0.0293712 4578.4 0.00069486 1 0.119238 -0.19352 0.05 123998
0 4114 2 phononL 0.00259356 0.40094 -1.23522 -0.022954 7018.32 0.00104229 1 0.0611327 -0.216769 0.05 29286.5
0 4118 4 phononTF 0.000890741 -1.23724 4.74839 -0.0126977 19146.7 0.00069486 1 -0.04658 -0.132233 0.05 34715.7
0 4119 24 phononTF 0.000965952 -2.08422 0.026925 0.049999 25905.8 0.00034743 1 0.0382879 -0.14049 0.05 51316.9
0 4150 26 phononL 0.000424382 0.180292 0.0451756 0.049999 13333.5 0.00034743 1 0.0755493 -0.161868 0.05 30171.1
0 4175 7 phononTS 0.00116831 -1.59669 -4.33192 0.0261346 61307.2 0.00069486 1 -0.0212344 -0.257583 0.05 165192
0 4176 11 phononTS 0.00167562 -3.29436 -2.71336 0.03651 33097.3 0.00069486 1 -0.107569 -0.225087 0.05 105341
0 4192 4 phononTF 0.00137258 -0.354008 0.88307 -0.0265692 17561.1 0.00069486 1 0.0670233 -0.238435 0.05 60118.1
0 4201 1 phononTS 0.004 0.166449 -0.264276 -0.0362514 0 0.00173715 1 0.0830173 -0.127786 0.05 145.91
0 4220 14 phononTS 0.00132082 -3.04741 4.44338 0.016754 36466.7 0.00069486 1 0.0594668 -0.129385 0.05 98533.1
0 4222 5 phononTS 0.002027 2.04197 -3.11309 0.00778141 13136.2 0.00104229 1 0.035216 -0.138366 0.05 21713.3
0 4256 21 phononTF 0.000373942 -0.909458 0.0141781 0.049999 16494.8 0.00034743 1 -0.114089 -0.223047 0.05 62419.8
0 4267 24 phononTS 0.000733 -0.413292 0.0890309 0.049999 45442.5 0.00034743 1 0.0226321 -0.21551 0.05 46050.7
0 4292 5 phononTF 0.000917803 -0.121312 2.0075 0.0192796 77698.1 0.00034743 1 0.0662205 -0.113688 0.05 93477.4
0 4302 6 phononTS 0.000568202 2.74219 0.0934663 0.049999 62267.5 0.00034743 1 0.0638361 -0.109074 0.05 68285.5
0 4326 4 phononL 0.000904995 0.0247712 0.0138524 0.049999 18430.3 0.00034743 1 -0.0692169 -0.252534 0.05 18758.3
0 4328 1 phononTS 0.004 -0.60225 -2.25154 -0.0296141 0 0.00173715 1 0.0951996 -0.153408 0.05 7136.58
0 4328 8 phononTS 0.000485101 0.0951996 -0.153408 0.049999 7136.58 0.00034743 1 0.0796186 -0.116264 0.05 7200.77
0 4353 4 phononL 0.000395242 0.078498 0.0875395 0.049999 40051.5 0.00034743 1 0.0344494 -0.183829 0.05 40146.8
0 4358 17 phononTS 0.000593997 0.496077 0.0473516 0.049999 13591.2 0.00034743 1 0.106023 -0.15656 0.05 13754
0 4359 3 phononL 0.00185714 -0.538281 -2.28769 -0.0462873 1761.76 0.00069486 1 0.0713439 -0.216779 0.05 28213.6
0 4410 2 phononTS 0.00242754 -1.67149 0.931028 -0.0103682 3769.62 0.00069486 1 0.0932881 -0.180967 0.05 18418.8
0 4422 2 phononTS 0.0017217 -2.10202 0.962745 0.0197763 18.3798 0.00104229 1 0.0341511 -0.166951 0.05 9117.04
0 4475 2 phononTF 0.00227603 -3.65284 -2.67989 0.0136652 24460.5 0.00104229 1 0.0993065 -0.262914 0.05 64583.9
0 4488 5 phononTS 0.00133748 -2.52419 2.26076 -0.0342874 110514 0.00104229 1 0.117478 -0.184227 0.05 136680
0 4503 2 phononTF 0.000651552 0.315962 -1.70276 -0.00893611 5126.92 0.00034743 1 0.0344211 -0.271891 0.05 15255.3
0 4506 2 phononTS 0.000528427 0.0168519 0.0586469 0.049999 2224.73 0.00034743 1 0.0524254 -0.280661 0.05 30218.3
0 4514 13 phononTS 0.00170846 -2.49303 -4.53509 -0.0211919 26319.5 0.00104229 1 0.078866 -0.197591 0.05 55064.7
0 4537 17 phononTS 0.000475462 -3.52795 -0.00679224 0.049999 17660.8 0.00034743 1 -0.0364973 -0.240449 0.05 229926
0 4563 3 phononL 0.0021242 3.88868 -3.21289 0.0204055 2433.86 0.00034743 1 0.105699 -0.170977 0.05 18703.3
0 4571 4 phononTF 0.00124337 -1.07091 0.106024 0.049999 21201.5 0.00034743 1 -0.0478762 -0.216689 0.05 35752.4
0 4574 3 phononTS 0.00160354 -1.85957 3.99868 -0.0144327 4913.33 0.00034743 1 -0.117971 -0.190053 0.05 21546.9
0 4580 4 phononTS 0.00184418 2.1965 -1.56903 0.0465423 27875.5 0.00104229 1 -0.0378095 -0.159945 0.05 60849.3
0 4581 2 phononTF 0.00219954 -3.1119 -3.59777 0.0471826 387.428 0.00034743 1 0.0858918 -0.254337 0.05 40536.6
0 4581 28 phononTS 0.000356096 -0.0524972 -2.48596e-05 0.049999 48776.8 0.00034743 1 -0.0693207 -0.12524 0.05 48862.8
0 4581 19 phononTS 0.00045358 0.0858918 -0.254337 0.049998 40536.6 0.00034743 1 0.0145179 -0.210607 0.05 40744.5
0 4601 21 phononTF 0.00120015 -1.66244 -1.10566 -0.0391081 20835.8 0.00069486 1 -0.101268 -0.259054 0.05 124612
0 4608 8 phononTF 0.000439957 0.878931 0.00213296 0.049999 18546 0.00034743 1 -0.0562197 -0.267626 0.05 21628.7
0 4624 2 phononTS 0.000843742 -1.33043 -4.74836 0.0235505 15969.5 0.00034743 1 0.0788445 -0.189624 0.05 46411.5
0 4625 2 phononTF 0.00273299 -4.39076 -0.651618 -0.033476 14480.3 0.00104229 1 -0.0229251 -0.26424 0.05 52955.5
0 4637 7 phononTF 0.00066365 -3.58418 0.0384236 0.049998 31880.1 0.00034743 1 -0.0832067 -0.281807 0.05 45418.7
0 4653 4 phononTF 0.000902383 2.42794 3.00481 -0.0104229 54740 0.00034743 1 -0.0660571 -0.190101 0.05 93885.4
0 4653 2 phononTS 0.00214233 -1.2865 -3.02995 0.00666583 884.835 0.00069486 1 -0.0178834 -0.249133 0.05 14526.6
0 4653 22 phononTS 0.000502306 -0.0178834 -0.249133 0.049999 14526.6 0.00034743 1 -0.0120861 -0.208194 0.05 14594.5
0 4658 3 phononTF 0.00188815 1.29101 -2.71768 -0.029771 10165.7 0.00104229 1 -0.0854292 -0.14627 0.05 13305.8
0 4667 1 phononL 0.004 -0.197399 -0.443917 -0.0363054 0 0.00208458 1 -0.0824705 -0.258015 0.05 297.989
0 4667 10 phononTS 0.000452463 -0.0824705 -0.258015 0.049999 297.989 0.00034743 1 0.0772962 -0.25739 0.05 69569.8
0 4672 2 phononTF 0.00208142 3.26103 -1.92332 0.0050132 5141.69 0.00104229 1 0.032487 -0.283704 0.05 13042.8
0 4672 20 phononTS 0.000491411 0.032487 -0.283704 0.049999 13042.8 0.00034743 1 0.0375797 -0.290363 0.05 13508
0 4699 8 phononTS 0.000629336 -1.13367 -0.00408076 0.049999 24051.9 0.00034743 1 0.0594952 -0.150152 0.05 24514.9
0 4755 3 phononTS 0.00199444 -3.98246 4.29019 0.0181106 10985 0.00069486 1 0.0910565 -0.223387 0.05 25696.9
0 4757 20 phononTS 0.000521911 -2.7701 0.0932961 0.049999 64812.1 0.00034743 1 -0.0187128 -0.229666 0.05 71182.6
0 4767 2 phononTF 0.00212628 2.12101 -4.72537 0.0319457 3748.86 0.00104229 1 -0.0326363 -0.216828 0.05 31769.3
0 4771 3 phononTF 0.00138769 2.33257 1.83945 -0.0180861 129.776 0.00034743 1 0.060799 -0.194779 0.05 25234.4
0 4771 4 phononTS 0.00102596 0.060799 -0.194779 0.049999 25234.4 0.00034743 1 -0.0568352 -0.260681 0.05 25318.4
0 4771 8 phononTS 0.00044211 -0.0568352 -0.260681 0.049999 25318.4 0.00034743 1 -0.118184 -0.180856 0.05 25394.2
0 4783 8 phononL 0.000906993 -0.247825 0.011722 0.049999 15755.3 0.00034743 1 -0.0788823 -0.117683 0.05 15808.8
0 4787 5 phononTS 0.000703368 1.05664 0.0184474 0.049999 5006.29 0.00034743 1 0.0532033 -0.225454 0.05 5917.85
0 4787 19 phononTF 0.000699386 -0.52619 0.0562977 0.049999 1803.72 0.00069486 1 0.109992 -0.186667 0.05 78311
0 4789 16 phononTF 0.000576468 0.158486 2.63674 -0.0327292 122157 0.00034743 1 0.0727577 -0.121981 0.05 140784
0 4790 17 phononTF 0.000975306 0.94633 4.1053 0.022812 26181 0.00034743 1 0.0810137 -0.193297 0.05 38080
0 4815 2 phononTS 0.00168432 4.78342 -1.91715 -0.014688 1029.36 0.00069486 1 -0.108982 -0.156109 0.05 46513.8
0 4832 2 phononTF 0.00164508 0.505872 3.6102 0.0022201 1116.85 0.00069486 1 0.0968654 -0.199588 0.05 38367.1
0 4838 2 phononTS 0.00181054 -4.32666 -3.34053 0.0404709 8601.38 0.00069486 1 0.0778752 -0.178684 0.05 32784.4
0 4838 15 phononTS 0.00035567 0.0778752 -0.178684 0.049999 32784.4 0.00034743 1 0.0430795 -0.21432 0.05 32864.8
0 4840 3 phononL 0.00157717 -4.30133 1.67357 0.00627162 3803.54 0.00104229 1 0.035897 -0.204211 0.05 19170.1
0 4852 3 phononTF 0.00178191 -2.4298 2.57659 -0.0189517 8196.11 0.00069486 1 -0.0373063 -0.125991 0.05 70512.2
0 4860 5 phononTS 0.00101146 2.65945 3.15811 -0.0496195 10217.5 0.00034743 1 -0.0653018 -0.192353 0.05 49043.8
0 4860 12 phononTS 0.00037141 3.12209 0.0666074 0.049999 30187.5 0.00034743 1 -0.0839415 -0.265009 0.05 59115.8
0 4871 6 phononTF 0.00102743 3.18048 0.0732684 0.049998 30675.3 0.00069486 1 -0.0321906 -0.1364 0.05 60595.9
0 4884 3 phononTF 0.00194683 3.92656 3.69973 0.0479762 9837.98 0.00104229 1 -0.0863419 -0.263637 0.05 63016.2
0 4893 3 phononTF 0.00238109 -1.64034 -4.58843 0.00963202 10018.4 0.00138972 1 -0.0706804 -0.206144 0.05 16687.2
0 4905 3 phononTS 0.00218927 -2.36121 1.80293 0.0402178 1713.27 0.00034743 1 0.093204 -0.213182 0.05 74782.1
0 4905 4 phononTS 0.00112399 0.093204 -0.213182 0.049999 74782.1 0.00069486 1 0.0912427 -0.218106 0.05 74839.6
0 4923 3 phononTS 0.00237944 2.10725 -4.92878 -0.0449134 21460 0.00104229 1 0.0369798 -0.264548 0.05 41156.9
0 4936 9 phononTF 0.00039458 0.160339 0.0409136 0.049999 37464.7 0.00034743 1 0.0567643 -0.264603 0.05 84143.1
0 4936 6 phononL 0.000734646 0.160339 0.0409136 0.049999 37464.7 0.00034743 1 0.0478029 -0.197748 0.05 37772.2
0 4943 26 phononTS 0.0003716 4.69996 0.103476 0.049999 129930 0.00034743 1 -0.0716359 -0.246313 0.05 300653
0 4954 5 phononTF 0.000724219 2.64764 -1.8825 -0.045117 3471.81 0.00034743 1 -0.0741752 -0.183086 0.05 9847.68
0 4958 7 phononTS 0.000453177 3.92426 0.0320672 0.049998 16362.7 0.00034743 1 0.0669274 -0.246432 0.05 36198.9
0 4991 3 phononTF 0.00244849 0.680587 1.50431 -0.0196678 4355.56 0.00173715 1 0.0347077 -0.279777 0.05 7206.71
0 5011 2 phononTF 0.00179162 -3.00794 -4.01817 0.0420268 6023.48 0.00069486 1 0.0689634 -0.153331 0.05 24572.3
0 5013 4 phononTS 0.000478623 0.00235492 -0.00296509 0.049999 17549 0.00034743 1 0.0679406 -0.17737 0.05 18004.4
0 5014 3 phononTS 0.00166683 -0.805852 -2.15291 -0.0324658 5264.4 0.00069486 1 -0.0761364 -0.189504 0.05 7528.28
0 5014 2 phononL 0.00233317 -0.805852 -2.15291 -0.0324658 5264.4 0.00138972 1 0.0199337 -0.231534 0.05 23704.5
0 5022 5 phononTF 0.001407 -0.761619 0.0804475 0.049999 11535.2 0.00104229 1 -0.0850054 -0.148276 0.05 12156.8
0 5037 5 phononTF 0.00111458 -0.829058 2.87141 0.0466992 11208.7 0.00069486 1 -0.0442427 -0.298669 0.05 91460.5
0 5063 1 phononTF 0.004 -3.51414 -1.12658 0.0353605 0 0.00173715 1 0.0305096 -0.1508 0.05 10391.6
0 5082 5 phononTF 0.00107327 -1.71312 -4.09701 -0.00805468 27295 0.00069486 1 0.100833 -0.149496 0.05 177605
0 5120 2 phononTF 0.00228259 0.721148 -1.03331 0.00527753 4170.21 0.00104229 1 -0.0446094 -0.253211 0.05 5597.63
0 5120 17 phononTS 0.000442344 -0.0446094 -0.253211 0.049999 5597.63 0.00034743 1 -0.0213755 -0.223155 0.05 5794.94
0 5130 2 phononTF 0.00285547 3.59399 1.30374 0.0366582 7303.21 0.00104229 1 -0.109926 -0.200332 0.05 18709.5
0 5169 12 phononTS 0.000966836 0.667684 2.53093 -0.0330512 39364.6 0.00034743 1 0.0290979 -0.147826 0.05 86659.8
0 5169 29 phononTF 0.000426843 0.0290979 -0.147826 0.049999 86659.8 0.00034743 1 -0.0441008 -0.109653 0.05 86894.6
0 5177 7 phononTF 0.000713377 1.13513 3.75292 0.0416544 70353 0.00034743 1 -0.100593 -0.146985 0.05 75290.4
0 5208 2 phononTS 0.00181676 0.182314 0.83705 0.0431259 1383.27 0.00069486 1 0.036117 -0.216274 0.05 3103.45
0 5228 3 phononTF 0.00185023 0.465072 2.04946 0.00459754 8438.89 0.00069486 1 -0.024576 -0.221758 0.05 28171.8
0 5244 14 phononTS 0.000561099 -0.154786 0.044934 0.049999 8899.3 0.00034743 1 -0.0496799 -0.143627 0.05 10585.5
0 5250 3 phononTF 0.00273259 -0.224371 -3.24401 0.00952682 5353.83 0.00138972 1 -0.029399 -0.270225 0.05 7914.21
0 5256 4 phononTS 0.000892214 0.220074 0.0254719 0.049999 60110.6 0.00034743 1 0.0370566 -0.163251 0.05 60558.9
0 5262 16 phononTS 0.000727296 1.23754 0.00220492 0.049998 12999.4 0.00069486 1 0.0282951 -0.163403 0.05 36406.2
0 5267 4 phononTS 0.0012386 3.84813 3.79932 0.0156842 22241.8 0.00069486 1 -0.0380534 -0.128892 0.05 32595.4
0 5328 2 phononTS 0.000533391 0.627214 0.0868427 0.049998 19.1681 0.00034743 1 -0.0478001 -0.230264 0.05 24597
0 5351 4 phononTS 0.000919373 3.542 -4.20664 0.0284299 16391.7 0.00069486 1 0.0718287 -0.139698 0.05 35706.8
0 5383 2 phononTF 0.00202234 -2.5442 -1.77525 -0.0448448 6871.79 0.00069486 1 -0.0508233 -0.239182 0.05 39920.4
0 5404 1 phononL 0.004 -0.0297704 -0.0981512 0.0348395 0 0.00104229 1 -0.0243915 -0.273251 0.05 107.243
0 5404 2 phononTF 0.00185149 -0.0243915 -0.273251 0.049998 107.243 0.00104229 1 0.0905159 -0.252214 0.05 190.275
0 5405 3 phononTF 0.00285393 2.04634 3.58789 0.0154056 261.958 0.00138972 1 0.0569209 -0.192876 0.05 20604.9
0 5405 6 phononTS 0.000432496 0.0569209 -0.192876 0.049998 20604.9 0.00034743 1 0.0807955 -0.173232 0.05 20669.6
0 5424 2 phononTS 0.00204091 -3.61278 -3.31351 0.0301247 11690.9 0.00104229 1 -0.0375048 -0.111827 0.05 59614
0 5456 19 phononTF 0.000800377 -0.309264 -0.00738239 0.049999 67572.6 0.00034743 1 0.0430599 -0.198252 0.05 67824.3
0 5459 3 phononL 0.00248549 3.0042 2.83903 -0.00243748 2.48875 0.00069486 1 0.0807279 -0.230069 0.05 18647.1
0 5461 3 phononTF 0.00277991 -2.19199 -2.18491 0.0456662 1020.43 0.00104229 1 0.0426448 -0.29158 0.05 13380.7
0 5469 2 phononTS 0.00122247 -0.194548 -0.677904 0.0399669 787.552 0.00104229 1 -0.0997 -0.261714 0.05 69826.5
0 5494 1 phononTS 0.004 -1.47271 -1.79491 0.0327697 0 0.00208458 1 0.0611761 -0.163428 0.05 7703.6
0 5507 3 phononL 0.0024592 -4.66728 -1.75931 -0.00142005 17.2289 0.00069486 1 -0.0181911 -0.233076 0.05 25982.9
0 5518 4 phononTS 0.00134142 -1.64762 -0.902719 0.0337368 41168.9 0.00069486 1 0.0710401 -0.115426 0.05 72038.8
0 5523 3 phononTS 0.00263142 0.152764 -1.1789 0.0260821 3025.29 0.00069486 1 -0.085843 -0.213992 0.05 15602.8
0 5536 3 phononTS 0.00280976 -1.24722 -0.210254 -0.0282947 3901.79 0.00104229 1 -0.0349361 -0.292765 0.05 5344.67
0 5543 4 phononTF 0.00061329 4.2296 -4.15877 -0.0475284 16712.5 0.00034743 1 -0.0844272 -0.127583 0.05 35108.7
0 5565 13 phononTS 0.000442919 -3.34173 0.020691 0.049999 3248.5 0.00034743 1 0.042771 -0.210453 0.05 7000.42
0 5577 2 phononL 0.00170031 1.71636 -4.48868 -0.0406587 11804.8 0.00104229 1 0.0994904 -0.139494 0.05 21697.2
0 5586 27 phononTS 0.000517952 -1.60323 0.0751391 0.049999 12143.4 0.00034743 1 -0.0584632 -0.180523 0.05 20439.1
0 5605 4 phononTS 0.00134501 4.45667 3.89059 -0.0129612 10157.4 0.00034743 1 -0.068541 -0.251476 0.05 97696.7
0 5614 3 phononTS 0.00130936 1.79087 -1.23463 0.042084 1620.79 0.00069486 1 0.0707043 -0.286043 0.05 28638.4
0 5620 4 phononTS 0.000786979 0.202513 0.0576226 0.049999 9772.34 0.00034743 1 0.0336947 -0.193835 0.05 10159.8
0 5633 1 phononTF 0.004 0.0539683 0.56767 -0.0279534 0 0.00208458 1 -0.0478586 -0.297569 0.05 12499.4
0 5644 1 phononL 0.004 0.451652 -0.463763 -0.00822376 0 0.00138972 1 0.0476579 -0.268891 0.05 612.9
0 5644 10 phononTF 0.000875029 0.0476579 -0.268891 0.049999 612.9 0.00034743 1 0.0277746 -0.295854 0.05 782.549
0 5644 7 phononTS 0.00092577 0.0476579 -0.268891 0.049999 612.9 0.00069486 1 0.078849 -0.185784 0.05 688.516
0 5651 5 phononTF 0.00134902 4.16118 -1.94762 -0.023571 127401 0.00069486 1 -0.0910267 -0.16997 0.05 167624
0 5655 1 phononTS 0.004 -0.455558 -0.194593 -0.0252123 0 0.00138972 1 -0.0486719 -0.133164 0.05 213.522
0 5655 10 phononL 0.000455952 -0.0486719 -0.133164 0.049999 213.522 0.00034743 1 0.0942569 -0.192537 0.05 279.439
0 5704 2 phononTF 0.00268835 -1.25683 -4.66786 -0.0216559 31475.8 0.00034743 1 -0.0270759 -0.220947 0.05 44215.3
0 5720 2 phononTF 0.0023162 1.70747 -2.72422 0.00194907 99.0836 0.00104229 1 -0.0470006 -0.12153 0.05 73289.3
0 5740 5 phononTS 0.00148841 2.60668 3.42835 0.0311956 61884.1 0.00104229 1 -0.0454972 -0.160952 0.05 152555
0 5743 27 phononTF 0.000523133 -0.736383 0.0317473 0.049999 47241.1 0.00034743 1 -0.0596318 -0.17168 0.05 155657
0 5763 3 phononL 0.00185464 -4.36146 -4.66199 -0.0335797 3006 0.00069486 1 0.0784626 -0.19051 0.05 74253.2
0 5763 6 phononTF 0.000374551 0.0784626 -0.19051 0.049999 74253.2 0.00034743 1 0.11838 -0.213302 0.05 74382
0 5775 1 phononTS 0.004 1.53144 -1.22201 -0.016179 0 0.00173715 1 0.031336 -0.123062 0.05 4304.28
0 5775 22 phononTS 0.000917563 0.0406163 0.0944462 0.049998 4430.77 0.00034743 1 -0.0312871 -0.28812 0.05 11475.4
0 5781 21 phononTS 0.000490851 -2.0144 -3.41097 -0.0295109 23327.2 0.00034743 1 -0.0531708 -0.120684 0.05 50484.7
0 5799 4 phononTS 0.000572163 3.8465 0.0652302 0.049999 28926.9 0.00034743 1 -0.0477605 -0.270111 0.05 30492.7
0 5819 2 phononTS 0.00180507 0.268179 1.41188 -0.0424993 5169.25 0.00104229 1 0.0367769 -0.09471 0.05 10750.8
0 5832 3 phononTS 0.003224 1.39958 -1.36242 -0.00901659 7554.63 0.00104229 1 -0.0493827 -0.13065 0.05 12449.5
0 5832 17 phononTF 0.000553251 -1.11644 0.00425467 0.049999 25281.3 0.00034743 1 0.0213639 -0.22211 0.05 37805.1
0 5845 6 phononL 0.000484704 -0.0964474 -0.00132921 0.049999 1639.42 0.00034743 1 0.0969612 -0.157268 0.05 1805.85
0 5850 5 phononTS 0.00135457 1.73285 -2.0761 0.0455412 14067 0.00069486 1 0.0253427 -0.145894 0.05 31663.6
0 5854 3 phononTS 0.00200301 0.213535 1.02967 0.0301011 1041.94 0.00104229 1 -0.0287871 -0.26617 0.05 3378.37
0 5867 10 phononTS 0.000516563 -0.0860239 0.0861798 0.049999 30315.3 0.00034743 1 -0.0716521 -0.149998 0.05 32882
0 5874 3 phononTF 0.00206708 -0.00882761 -3.51465 0.0118333 458.63 0.00104229 1 -0.0323073 -0.293626 0.05 17512.2
0 5888 15 phononL 0.000355372 4.14349 -0.00298344 0.049999 10588.2 0.00034743 1 0.0397808 -0.184606 0.05 49450.3
0 5897 4 phononTS 0.00137331 0.450186 2.47962 0.0156812 16817.4 0.00069486 1 -0.0801927 -0.133772 0.05 42880.4
0 5898 2 phononTF 0.0019039 4.77006 1.38418 0.0141537 1025.86 0.00104229 1 0.0135463 -0.203911 0.05 22570.9
0 5908 3 phononTF 0.00240461 -2.68042 2.71807 0.0235369 15909.9 0.00069486 1 0.0668531 -0.148027 0.05 35748.1
0 5958 3 phononTS 0.0027833 -2.95669 -3.43828 0.0188519 6444.79 0.00104229 1 0.101575 -0.245454 0.05 34925
0 5965 4 phononTS 0.00190969 -1.05237 3.68573 -0.020382 3811.46 0.00069486 1 0.0583608 -0.237385 0.05 23556.3
0 5970 1 phononTF 0.004 -1.4054 -0.675178 0.0358958 0 0.00208458 1 -0.0599499 -0.289355 0.05 1763.13
0 5970 22 phononTF 0.000466294 -0.0599499 -0.289355 0.049999 1763.13 0.00034743 1 -0.0632349 -0.105374 0.05 1840.09
0 5974 4 phononTS 0.00121566 -0.565919 -0.00875175 0.049999 7912.95 0.00069486 1 0.0316869 -0.296825 0.05 8736.98
0 5976 7 phononTS 0.00090524 1.97867 0.0758126 0.049999 114423 0.00069486 1 0.0605959 -0.172131 0.05 143540
0 5982 26 phononTF 0.00104274 -3.95713 -0.00728071 0.049999 15592.8 0.00034743 1 0.0596979 -0.294201 0.05 27868.8
0 5996 27 phononTS 0.000660794 0.688111 0.083045 0.049999 6131.85 0.00034743 1 -0.0302348 -0.228852 0.05 24795.3
0 6052 3 phononTS 0.00217838 2.24075 4.14388 0.0276934 19617.7 0.00069486 1 -0.0525572 -0.139331 0.05 38799.2
0 6052 6 phononTF 0.000699228 -0.0525572 -0.139331 0.049999 38799.2 0.00034743 1 -0.05025 -0.141471 0.05 38856.7
0 6053 2 phononL 0.00273014 2.69306 -2.85943 0.0357622 219.098 0.00104229 1 0.08111 -0.220165 0.05 39905.3
0 6053 17 phononTF 0.000870522 0.08111 -0.220165 0.049999 39905.3 0.00034743 1 -0.106581 -0.203759 0.05 40091.4
0 6064 13 phononTS 0.00126823 0.873998 -2.18169 0.0383836 24783.8 0.00104229 1 0.0930583 -0.134513 0.05 38053.7
0 6112 19 phononL 0.00054855 -4.45206 -0.000170236 0.049999 21166.5 0.00034743 1 -0.0543504 -0.220665 0.05 68860.3
0 6148 2 phononTS 0.00172991 0.795906 3.61265 -0.019218 8889.6 0.00104229 1 0.0408826 -0.287985 0.05 17834.3
0 6165 1 phononL 0.004 -0.0707504 -0.28311 -0.0127339 0 0.00173715 1 -0.0954702 -0.213155 0.05 209.031
0 6165 11 phononTS 0.00050068 -0.0954702 -0.213155 0.049999 209.031 0.00034743 1 -0.0722396 -0.190155 0.05 273.1
0 6169 3 phononTS 0.00240069 4.27358 -4.89187 0.0108894 43.8934 0.00138972 1 0.0540001 -0.275516 0.05 16732
0 6169 7 phononTF 0.000455542 0.0540001 -0.275516 0.049999 16732 0.00034743 1 -0.0455905 -0.276216 0.05 16878.5
0 6184 3 phononTF 0.00187565 -2.64563 -4.28215 0.032489 5379.16 0.00138972 1 0.0758385 -0.194363 0.05 24673.1
0 6190 4 phononTS 0.00219374 2.28937 -4.381 0.0020668 9164.27 0.00104229 1 0.0820813 -0.118873 0.05 40709.1
0 6197 2 phononL 0.00207804 1.84976 -3.44987 0.0366561 21.8093 0.00069486 1 -0.0675583 -0.235545 0.05 9785.2
0 6222 5 phononTS 0.00202984 0.956503 3.64332 -0.016125 37887.5 0.00104229 1 -0.0350015 -0.286731 0.05 50360.5
0 6227 2 phononTS 0.00249565 -0.144578 -0.778841 0.0151468 46824.6 0.00138972 1 0.105265 -0.176248 0.05 47400
0 6229 11 phononTF 0.000580485 0.462981 0.101463 0.049999 102013 0.00034743 1 0.0741735 -0.180936 0.05 167846
0 6234 15 phononL 0.000659316 -0.791266 0.0885128 0.049999 58307 0.00034743 1 0.0327544 -0.122395 0.05 107308
0 6251 5 phononTS 0.00206252 -3.54234 4.77953 0.0305179 6748.87 0.00069486 1 -0.0750291 -0.265606 0.05 143406
0 6253 1 phononTF 0.004 0.204773 -1.2059 0.0210814 0 0.00173715 1 0.0288636 -0.288132 0.05 711.82
0 6259 2 phononTF 0.00143535 2.8712 -1.00889 0.0395179 27464.5 0.00104229 1 -0.0341922 -0.275304 0.05 55161.4
0 6287 3 phononTS 0.00231728 -2.12405 3.69876 -0.00148248 2965.61 0.00034743 1 -0.0992558 -0.18056 0.05 8731.16
0 6298 3 phononTS 0.00235264 4.18937 -4.28054 0.0228264 520.278 0.00104229 1 0.0647602 -0.15382 0.05 22430.6
0 6303 3 phononTF 0.00122458 -3.33317 1.07445 -0.0208356 8381.05 0.00069486 1 -0.0109624 -0.205112 0.05 20504.5
0 6303 4 phononL 0.000410535 -0.0109624 -0.205112 0.049999 20504.5 0.00034743 1 -0.0543339 -0.14812 0.05 20660.2
0 6319 2 phononTS 0.00208294 1.98452 2.64217 0.0360163 2635.4 0.00104229 1 -0.0496369 -0.255693 0.05 13715
0 6346 8 phononTS 0.000447025 -1.84264 0.0490608 0.049999 30754.4 0.00034743 1 0.0436759 -0.258136 0.05 42527.1
0 6357 3 phononTF 0.00159844 -0.115852 -3.37295 0.00731584 10.9116 0.00069486 1 -0.0385757 -0.254942 0.05 18331
0 6374 6 phononTS 0.000352865 0.959156 0.0301082 0.049999 17983.9 0.00034743 1 0.0538971 -0.294495 0.05 18300.4
0 6376 4 phononTF 0.000996439 -4.48222 4.39452 0.0105046 17464.7 0.00034743 1 0.0521857 -0.17252 0.05 43249.2
0 6409 2 phononL 0.00107177 -1.28267 1.3785 -0.0440646 16747 0.00069486 1 0.0373014 -0.133409 0.05 32407.5
0 6418 8 phononTS 0.00058839 0.893664 0.0467777 0.049999 36392.2 0.00034743 1 -0.0604631 -0.259609 0.05 37809.2
0 6423 4 phononL 0.00113385 4.20865 -4.34442 -0.0199414 39218.7 0.00069486 1 0.0297167 -0.138817 0.05 59299.8
0 6443 4 phononTF 0.00155174 0.307123 -2.93495 -0.0255328 29306.6 0.00104229 1 0.089086 -0.204096 0.05 31307.1
0 6449 3 phononTF 0.00119896 3.61107 -0.796213 -0.00170284 1677.02 0.00104229 1 -0.0682842 -0.137812 0.05 61530.7
0 6478 3 phononL 0.00209033 -1.29985 3.36213 0.00738854 14607.9 0.00069486 1 0.0827508 -0.119877 0.05 210303
0 6478 5 phononTF 0.000821509 0.0827508 -0.119877 0.049999 210303 0.00034743 1 0.0965835 -0.131904 0.05 210365
0 6480 3 phononL 0.00253409 -0.922421 1.18691 0.0358537 7915.64 0.00138972 1 -0.0328751 -0.0944153 0.05 55208.8
0 6484 3 phononTS 0.000988183 -4.57178 -1.19459 -0.0460314 2315.91 0.00034743 1 0.0414705 -0.283135 0.05 22678.5
0 6484 5 phononL 0.000362502 0.0414705 -0.283135 0.049999 22678.5 0.00034743 1 0.0261642 -0.122187 0.05 22729.4
0 6488 3 phononTF 0.0022762 2.8807 -1.54913 0.0123252 4517.25 0.00138972 1 0.0491884 -0.294518 0.05 105995
0 6491 2 phononTS 0.00151657 -1.37475 2.47149 -0.0277297 1464.49 0.00069486 1 -0.0564677 -0.226125 0.05 68464.2
0 6510 1 phononTS 0.004 -1.5677 -0.716245 0.0152531 0 0.00173715 1 0.0369815 -0.107224 0.05 30757.2
0 6518 5 phononTF 0.000364822 -3.58034 0.0175861 0.049999 29639.7 0.00034743 1 -0.0938276 -0.137871 0.05 154746
0 6549 12 phononTS 0.00170637 -3.33671 -2.15647 0.00488193 14704.1 0.00104229 1 0.0742425 -0.251827 0.05 47813.9
0 6600 1 phononTF 0.004 0.830558 1.22214 -0.0351638 0 0.00173715 1 0.0465871 -0.163803 0.05 9344.05
0 6600 4 phononTS 0.00054347 0.0465871 -0.163803 0.049999 9344.05 0.00034743 1 0.0890072 -0.201206 0.05 9410.61
0 6619 2 phononTS 0.00188646 0.708887 2.99674 0.00233967 2239.2 0.00104229 1 -0.0887689 -0.180847 0.05 27439.1
0 6630 3 phononTS 0.002509 -0.0885662 -4.52094 0.0490102 2823.65 0.00138972 1 0.112524 -0.22166 0.05 14131
0 6630 5 phononTS 0.00054761 0.112524 -0.22166 0.049999 14131 0.00034743 1 0.0973406 -0.192804 0.05 14256.3
0 6631 2 phononL 0.00162091 3.35228 -3.10342 0.0407036 1001.18 0.00034743 1 0.0305442 -0.125114 0.05 34607.9
0 6631 22 phononTS 0.000543233 0.0305442 -0.125114 0.049999 34607.9 0.00034743 1 0.0592542 -0.13914 0.05 34667.4
0 6655 6 phononTF 0.000640321 -2.07941 0.0210561 0.049999 132.582 0.00034743 1 -0.0447766 -0.154611 0.05 2584.42
0 6678 3 phononTS 0.00210735 -1.51018 -2.13129 -0.0305645 8275.66 0.00069486 1 0.109386 -0.186878 0.05 12366.5
0 6678 8 phononTS 0.000792697 0.109386 -0.186878 0.049999 12366.5 0.00034743 1 0.031563 -0.23793 0.05 12441.1
0 6695 4 phononTF 0.00190577 -0.0299635 1.56094 0.0396243 41828.9 0.00104229 1 0.106571 -0.202063 0.05 43003.1
0 6730 3 phononTS 0.00208086 4.41114 1.84332 -0.0214341 4821.98 0.00138972 1 0.0852788 -0.243622 0.05 94621.9
0 6738 2 phononTF 0.00137875 4.80792 -3.69384 0.0336709 1092.81 0.00069486 1 -0.112167 -0.187299 0.05 66013.7
0 6739 3 phononTS 0.00176897 0.0387008 -1.58676 0.0180124 4227.47 0.00104229 1 -0.0518619 -0.130952 0.05 26592.3
0 6742 4 phononTF 0.00100449 -2.06443 4.55571 -0.0348559 11949.5 0.00034743 1 0.0974408 -0.266581 0.05 14057
0 6747 5 phononL 0.000747646 -1.05149 0.0125766 0.049999 4025.46 0.00034743 1 -0.0856205 -0.22497 0.05 64446
0 6755 2 phononTS 0.00166115 -4.24086 -0.531328 -0.0012511 2358.64 0.00034743 1 0.0311314 -0.192685 0.05 114920
0 6755 25 phononTF 0.000595472 0.0311314 -0.192685 0.049999 114920 0.00034743 1 -0.0210215 -0.222827 0.05 115072
0 6755 24 phononTS 0.00066466 0.0311314 -0.192685 0.049999 114920 0.00034743 1 0.0411733 -0.182627 0.05 114979
0 6764 3 phononTS 0.00266404 3.02325 -3.40526 -0.00837639 4108.77 0.00138972 1 0.031707 -0.300213 0.05 52285.4
0 6765 2 phononTF 0.00246217 2.86958 -2.5616 0.0307363 7472.36 0.00138972 1 0.0293179 -0.304353 0.05 41815.6
0 6778 3 phononTF 0.00214681 -1.51047 1.8006 -0.0278382 358.842 0.00034743 1 0.0280289 -0.250337 0.05 4393.32
0 6778 8 phononTF 0.000404202 0.0280289 -0.250337 0.049998 4393.32 0.00034743 1 0.0832362 -0.177142 0.05 4460.61
0 6843 2 phononL 0.00194183 -0.4811 2.24113 -0.010561 15697.4 0.00069486 1 0.0512004 -0.147775 0.05 23363
0 6871 2 phononTF 0.00195746 -2.49311 -1.90971 -0.0325204 18.5754 0.00069486 1 -0.0303727 -0.123347 0.05 22595.9
0 6876 4 phononTS 0.000656098 -0.0736541 0.0329129 0.049999 63102.3 0.00034743 1 0.119368 -0.213741 0.05 63287.2
0 6882 27 phononTS 0.00035622 -0.0653704 0.0412896 0.049999 24768.8 0.00034743 1 0.0209948 -0.163099 0.05 25112
0 6885 8 phononL 0.000396717 0.510862 0.100578 0.049998 2709.58 0.00034743 1 0.100497 -0.208021 0.05 3121.03
0 6887 4 phononTS 0.00132913 -2.17194 2.66494 0.0469644 27645.7 0.00069486 1 -0.0716125 -0.152856 0.05 89528.7
0 6893 3 phononL 0.00192572 -1.56884 -4.3355 0.0178913 4153.02 0.00034743 1 -0.0559256 -0.247839 0.05 31034.4
0 6893 4 phononTF 0.00129381 -0.0559256 -0.247839 0.049999 31034.4 0.00069486 1 0.0488923 -0.227552 0.05 31104.2
0 6912 2 phononTF 0.00104567 3.63129 3.77717 0.0236678 10963.9 0.00034743 1 0.0451901 -0.166655 0.05 21476.8
0 6936 3 phononTS 0.00231549 1.19771 3.54056 -0.0240605 3331.43 0.00034743 1 0.0756842 -0.266167 0.05 62325.7
0 6940 21 phononTS 0.000731951 -2.46264 0.037897 0.049999 24353 0.00034743 1 -0.0307114 -0.202069 0.05 27573.8
0 6965 2 phononTF 0.00145159 -2.89709 -0.390126 -0.00485018 998.991 0.00069486 1 0.0316913 -0.10348 0.05 22730.6
0 7022 5 phononTS 0.00101515 4.52416 -1.3441 0.0207243 14183.9 0.00034743 1 0.0863479 -0.230107 0.05 60277.9
0 7027 2 phononTF 0.00221491 -0.362914 0.180171 0.00682991 2297.52 0.00069486 1 -0.0391945 -0.148105 0.05 2811.33
0 7029 7 phononTS 0.000391027 0.740145 0.0172057 0.049999 74700.9 0.00034743 1 -0.0469386 -0.153669 0.05 113604
0 7030 20 phononTS 0.00134436 -1.30424 -2.76608 -0.0169081 27707.2 0.00069486 1 0.0498286 -0.185652 0.05 30675.5
0 7055 2 phononTS 0.00173761 0.999288 -2.10806 -0.0348125 13628.1 0.00104229 1 -0.0870539 -0.257081 0.05 42719.2
0 7063 2 phononTF 0.00279717 -1.05786 -0.800615 -0.0386792 354.793 0.00104229 1 0.0244675 -0.126247 0.05 6770.09
0 7068 18 phononTS 0.000765856 0.770425 0.0630467 0.049999 35539 0.00034743 1 -0.0931314 -0.241846 0.05 36197
0 7069 3 phononTS 0.00243968 -1.02436 -1.48375 -0.0220909 23584.5 0.00104229 1 0.040927 -0.268505 0.05 30566.2
0 7075 2 phononTS 0.00271116 2.72759 2.71122 -0.0272674 12584.8 0.00138972 1 -0.097185 -0.253551 0.05 57005
0 7082 3 phononL 0.00184954 3.72164 -3.63007 -0.00953954 16511.5 0.00104229 1 0.041699 -0.300534 0.05 25308
0 7087 5 phononTF 0.000472343 -1.50062 -3.40141 0.0332767 2590.03 0.00034743 1 -0.0805484 -0.274047 0.05 44015.4
0 7099 4 phononTF 0.000936953 -0.395502 0.0951351 0.049999 19731 0.00069486 1 -0.0629745 -0.177914 0.05 50858.5
0 7102 25 phononTF 0.00117388 4.77076 -0.243844 -0.00678802 50963.5 0.00069486 1 0.0589719 -0.167818 0.05 56352.1
0 7106 3 phononTS 0.00150164 3.69415 -2.26636 -0.042424 910.276 0.00069486 1 -0.0419705 -0.133064 0.05 40166.7
0 7150 3 phononTF 0.00142644 -1.87762 -0.898215 0.0191653 5445.57 0.00069486 1 0.11174 -0.237314 0.05 6994.1
0 7158 2 phononTF 0.0025791 -1.43736 -2.36361 0.0134173 567.473 0.00069486 1 -0.0980024 -0.159369 0.05 4553.1
0 7166 3 phononL 0.00299882 -2.05693 0.959522 0.047345 17995.7 0.00138972 1 -0.0824741 -0.246641 0.05 36994.1
0 7169 2 phononTS 0.00144186 -0.824422 -0.47666 0.00458437 6312.93 0.00034743 1 -0.0834601 -0.166617 0.05 29902.3
0 7169 20 phononTF 0.000626216 -0.0834601 -0.166617 0.049999 29902.3 0.00034743 1 -0.0832133 -0.184316 0.05 29968.8
0 7200 20 phononTS 0.000932221 0.84048 0.0625855 0.049999 31559.2 0.00034743 1 0.0481944 -0.265995 0.05 45056
0 7273 3 phononTF 0.00227915 0.171417 0.074556 0.049999 2526.74 0.00104229 1 0.0493889 -0.115568 0.05 2677.48
0 7278 5 phononTF 0.000755588 0.707492 2.53754 -0.0127316 36812.2 0.00034743 1 0.0642977 -0.235955 0.05 76915.9
0 7296 3 phononTS 0.00254877 0.867833 -2.98312 0.0429131 838.951 0.00138972 1 -0.030325 -0.190765 0.05 6077.65
0 7296 2 phononTS 0.00145123 0.867833 -2.98312 0.0429131 838.951 0.00034743 1 -0.0301601 -0.231879 0.05 140040
0 7299 4 phononTF 0.000736235 -0.743108 0.0895232 0.049999 14746.8 0.00034743 1 -0.0673931 -0.176037 0.05 17418.1
0 7321 14 phononTS 0.00095826 -2.73591 -3.39331 0.0304916 20836.3 0.00069486 1 -0.0408788 -0.165045 0.05 38055.7
0 7354 4 phononTS 0.00122423 -1.38356 -2.90782 -0.000466906 14211.3 0.00069486 1 -0.0728285 -0.170983 0.05 22451.3
0 7355 18 phononTS 0.000401004 -0.385123 0.0217815 0.049999 107290 0.00034743 1 -0.090953 -0.199595 0.05 120338
0 7365 2 phononTF 0.00252643 -0.597628 -1.1767 -0.0208672 3625.35 0.00104229 1 0.0812487 -0.17956 0.05 4935.38
0 7385 4 phononTF 0.000649328 -3.66871 0.101778 0.049998 11615.3 0.00034743 1 -0.0442909 -0.198492 0.05 17664.5
0 7388 3 phononTS 0.00153536 -2.28014 -1.45214 0.0441151 8735.73 0.00069486 1 -0.0738672 -0.154372 0.05 10270
0 7388 2 phononTF 0.00246464 -2.28014 -1.45214 0.0441151 8735.73 0.00138972 1 0.0786149 -0.270449 0.05 39860
0 7404 4 phononL 0.00206401 -4.19261 -4.81897 0.0423569 1369.02 0.00138972 1 -0.0976028 -0.172011 0.05 18244
0 7413 5 phononL 0.00212682 -0.343142 -0.866578 -0.00233641 44125.6 0.00069486 1 -0.0587697 -0.166363 0.05 120469
0 7427 1 phononTF 0.004 0.315901 0.331152 0.00317974 0 0.00069486 1 0.0675683 -0.21593 0.05 1041.5
0 7427 4 phononTF 0.00217491 0.0675683 -0.21593 0.049999 1041.5 0.00104229 1 -0.0188652 -0.213323 0.05 1110.81
0 7471 4 phononTS 0.000683066 3.8724 0.0742903 0.049998 12087.6 0.00034743 1 -0.0978473 -0.13718 0.05 14696.4
0 7481 1 phononL 0.004 1.01535 -0.323494 0.0346999 0 0.00104229 1 0.0745454 -0.146851 0.05 1013.29
0 7487 3 phononTS 0.00190534 -0.814739 -2.21975 -0.00403771 18974.1 0.00104229 1 -0.0491833 -0.121961 0.05 121180
0 7511 3 phononTS 0.00244861 2.11655 -3.41811 -0.0486596 23107.3 0.00104229 1 0.047505 -0.188483 0.05 30710.9
0 7511 6 phononTF 0.000418047 0.047505 -0.188483 0.049999 30710.9 0.00034743 1 0.085238 -0.141291 0.05 30778.1
0 7524 3 phononTF 0.00185659 0.411906 -1.45299 -0.0465181 21279.3 0.00104229 1 -0.0265407 -0.243626 0.05 43339.4
0 7546 5 phononTS 0.00205146 1.76632 -2.88415 -0.0405624 11126.7 0.00069486 1 0.0244641 -0.159157 0.05 35069.6
0 7546 6 phononTS 0.0010301 0.0244641 -0.159157 0.049998 35069.6 0.00034743 1 0.0941123 -0.210098 0.05 35408.3
0 7583 2 phononTS 0.00170168 -2.20851 4.84391 0.0365318 488.926 0.00069486 1 0.096986 -0.256758 0.05 55428.2
0 7585 3 phononTS 0.00282196 0.401051 0.381454 -0.0441 3006.72 0.00104229 1 0.0319796 -0.107047 0.05 3216.69
0 7594 3 phononTS 0.00278903 1.69542 -0.306522 0.029053 561.826 0.00104229 1 -0.0123239 -0.187472 0.05 49846.4
0 7595 1 phononTF 0.004 0.180496 -0.585919 0.0303441 0 0.00104229 1 -0.0928295 -0.201293 0.05 564.968
0 7614 3 phononTF 0.00192757 2.74453 3.92841 0.00961221 7505.13 0.00034743 1 -0.0903062 -0.266573 0.05 26936.2
0 7614 20 phononTS 0.00102914 0.00921623 0.0547279 0.049998 111302 0.00069486 1 -0.070805 -0.237572 0.05 111573
0 7648 2 phononTS 0.00175723 3.38858 -3.95835 -0.0146127 18782.9 0.00104229 1 0.05909 -0.174347 0.05 38500.3
0 7660 6 phononTS 0.000486124 -3.86199 0.0808225 0.049999 61194.8 0.00034743 1 0.0444413 -0.157902 0.05 155223
0 7662 2 phononTS 0.00179636 3.78457 1.83825 -0.0450552 3896.99 0.00069486 1 -0.0497003 -0.286423 0.05 18005.1
0 7666 8 phononTS 0.000443617 1.49378 0.102752 0.049999 111641 0.00034743 1 -0.0321972 -0.226617 0.05 120477
0 7687 3 phononTS 0.00274294 -0.513334 -4.78858 -0.00203887 3002.83 0.00173715 1 0.114116 -0.230039 0.05 71934.5
0 7704 5 phononTS 0.00138294 0.614814 0.935743 -0.0173511 30862.8 0.00104229 1 -0.0599736 -0.167657 0.05 74491.7
0 7710 3 phononTF 0.00281078 -0.539885 -0.189757 -0.0265618 9226.4 0.00138972 1 0.0926733 -0.176783 0.05 34050.2
0 7714 3 phononTS 0.00162134 1.23949 2.75675 -0.00157079 1064.04 0.00104229 1 0.0733186 -0.234232 0.05 4300.06
0 7726 5 phononTS 0.000764523 4.57516 -0.00795606 0.049999 1264.38 0.00034743 1 0.0310728 -0.201766 0.05 17350.5
0 7728 5 phononTS 0.000711395 -4.00648 1.49261 0.0284653 45944.7 0.00034743 1 -0.117848 -0.211922 0.05 140769
0 7730 1 phononTF 0.004 0.339512 -0.978714 -0.0147636 0 0.00173715 1 0.0215543 -0.218858 0.05 10349.7
0 7766 5 phononTF 0.00102668 0.291386 0.0314244 0.049999 36723.9 0.00034743 1 -0.0464807 -0.146414 0.05 36881
0 7767 4 phononTS 0.00144623 -2.69713 2.28076 -0.0265503 4633.64 0.00034743 1 0.0916163 -0.194342 0.05 35762.9
0 7772 17 phononTS 0.00200537 2.37026 4.85741 -0.0419568 20006.5 0.00069486 1 -0.0323366 -0.121175 0.05 35407.9
0 7778 14 phononTS 0.000759757 -0.116932 0.0605315 0.049999 59202.8 0.00034743 1 -0.0737129 -0.19435 0.05 59492.6
0 7780 2 phononTS 0.00229999 0.892618 0.0988678 0.049999 10486.9 0.00069486 1 0.0716215 -0.142877 0.05 13189.6
0 7780 16 phononTS 0.00035191 0.0716215 -0.142877 0.049998 13189.6 0.00034743 1 0.06871 -0.13264 0.05 14463.4
0 7792 29 phononTF 0.000359555 -0.436632 0.0294059 0.049999 68541.6 0.00034743 1 0.0340729 -0.106218 0.05 68830.2
0 7799 5 phononTS 0.00109127 -4.50095 -4.06581 0.0125698 22083 0.00069486 1 0.0495945 -0.193951 0.05 227847
0 7813 5 phononL 0.00176211 2.82112 1.11994 0.0247548 26853.4 0.00069486 1 -0.0882499 -0.177903 0.05 61257.1
0 7820 14 phononL 0.000928668 3.65158 -2.39908 -0.0349069 16915.7 0.00069486 1 -0.0475988 -0.288444 0.05 57507.5
0 7828 8 phononTF 0.000635146 -0.476784 0.0921514 0.049999 28711.7 0.00034743 1 0.0756399 -0.285934 0.05 29946.7
0 7838 5 phononTS 0.00141869 0.285096 -1.91702 0.0411942 6254.69 0.00034743 1 0.115875 -0.168279 0.05 97509.3
0 7841 19 phononL 0.000648669 0.723226 0.0542327 0.049999 15530.7 0.00034743 1 0.114822 -0.19322 0.05 16463.5
0 7843 3 phononTF 0.00171462 3.28775 -3.14603 0.042737 16133 0.00034743 1 -0.0617738 -0.270859 0.05 31823
0 7843 4 phononTS 0.0004813 -0.0617738 -0.270859 0.049999 31823 0.00034743 1 -0.0433637 -0.2771 0.05 31881.3
0 7846 2 phononTS 0.00155755 3.80272 -3.14775 0.0159805 3007.87 0.00069486 1 -0.0118306 -0.207913 0.05 26052.2
0 7862 26 phononTS 0.000632599 -2.39582 0.102752 0.049998 79506.8 0.00034743 1 -0.0283632 -0.211677 0.05 114465
0 7864 13 phononL 0.000377398 -0.43154 0.0183263 0.049999 22475.9 0.00034743 1 0.0849452 -0.21658 0.05 23389.2
0 7874 6 phononTF 0.000423217 -0.0529191 0.0310588 0.049999 50599.1 0.00034743 1 0.0559925 -0.237033 0.05 97930.7
0 7879 5 phononTF 0.0014249 0.0496543 -4.62242 0.0103433 29183.2 0.00069486 1 0.0929978 -0.239861 0.05 109173
0 7879 6 phononTF 0.00049957 0.0929978 -0.239861 0.049998 109173 0.00034743 1 0.0594154 -0.239657 0.05 109236
0 7919 6 phononTS 0.000903076 -0.396153 0.0168914 0.049999 26178.1 0.00034743 1 -0.0490246 -0.239645 0.05 26487.8
0 7921 16 phononTS 0.00153602 -2.62079 3.131 0.00877281 47757 0.00069486 1 0.0159473 -0.175076 0.05 63365.1
0 7940 4 phononTF 0.00117676 2.23007 -4.7326 -0.0422114 31426 0.00069486 1 -0.0248952 -0.122365 0.05 39221.6
0 7958 2 phononTF 0.00143881 4.75918 -4.54403 -0.00669638 9740.24 0.00034743 1 0.0445942 -0.269237 0.05 124501
0 7958 28 phononTS 0.000531964 0.0445942 -0.269237 0.049999 124501 0.00034743 1 0.0711581 -0.227298 0.05 124752
0 7978 2 phononL 0.0021805 3.44629 -3.1771 0.00817431 8212.83 0.00104229 1 0.0840808 -0.239071 0.05 68116.1
0 7986 2 phononTS 0.00225363 1.40977 -0.720203 0.000370776 1636.9 0.00069486 1 0.0911653 -0.22754 0.05 79858.5
0 7996 4 phononTF 0.00203106 -3.84424 -3.38377 0.0101429 4391.07 0.00034743 1 0.0929618 -0.230491 0.05 38537.9
0 7996 11 phononTS 0.0013074 0.0929618 -0.230491 0.049999 38537.9 0.00069486 1 0.0194329 -0.23091 0.05 38736.5
0 7996 17 phononTF 0.00039351 0.0194329 -0.23091 0.049999 38736.5 0.00034743 1 -0.0412105 -0.101838 0.05 39063.9
0 8003 24 phononTS 0.000349384 0.607014 0.0763899 0.049999 56204.2 0.00034743 1 0.0468021 -0.143574 0.05 56561.6
0 8004 30 phononTF 0.000353789 -0.206734 -0.00366931 0.049999 33026.2 0.00034743 1 0.0672983 -0.269986 0.05 33320.3
0 8013 4 phononTS 0.000669232 0.300937 0.0958782 0.049999 30477.5 0.00034743 1 -0.0258059 -0.134428 0.05 42476
0 8028 1 phononTF 0.004 -1.26604 -1.58757 -0.0234977 0 0.00138972 1 -0.068586 -0.261051 0.05 8913.63
0 8054 18 phononTS 0.00124756 0.916114 0.0889546 0.049999 31099.2 0.00104229 1 -0.0624561 -0.232669 0.05 37010.6
0 8055 3 phononTS 0.00172551 -2.55561 3.6683 0.0344626 2624.58 0.00069486 1 0.0493749 -0.15235 0.05 13080.6
0 8055 2 phononTS 0.00227449 -2.55561 3.6683 0.0344626 2624.58 0.00104229 1 0.0458882 -0.247799 0.05 14054.3
0 8056 3 phononTF 0.00229996 4.08706 -2.72728 0.0370744 13153.9 0.00069486 1 0.0649628 -0.267685 0.05 84537.5
0 8063 2 phononL 0.00143156 1.59769 -3.21541 -0.0397312 2427.06 0.00104229 1 -0.0900886 -0.243641 0.05 22179
0 8064 4 phononL 0.00180589 -0.142199 0.0773916 0.049999 9065.32 0.00104229 1 -0.115655 -0.179687 0.05 9174.78
0 8064 24 phononTS 0.000427619 -0.115655 -0.179687 0.049999 9174.78 0.00034743 1 -0.107797 -0.158572 0.05 9231.57
0 8087 12 phononTF 0.000466228 1.08163 0.00426467 0.049999 1390.59 0.00034743 1 0.0407968 -0.111232 0.05 2413.45
0 8102 2 phononTF 0.00234123 2.57866 3.10949 -0.00906745 14428.1 0.00104229 1 0.0981608 -0.238278 0.05 44693.9
0 8124 4 phononL 0.000976833 -0.382163 3.16048 0.0118648 24188.6 0.00069486 1 0.00984035 -0.200847 0.05 87921.9
0 8143 3 phononTF 0.00159015 -1.17924 1.29078 0.0452512 3886.4 0.00034743 1 -0.0419445 -0.296955 0.05 5975.08
0 8154 3 phononTS 0.001119 2.37029 -3.48889 0.00678957 24324.5 0.00034743 1 0.0604048 -0.127633 0.05 45349.3
0 8155 18 phononTS 0.00035905 -4.44746 0.0223619 0.049999 85816.9 0.00034743 1 -0.0983989 -0.153851 0.05 95218.3
0 8167 6 phononTS 0.000836279 -0.157586 0.0368701 0.049999 835.939 0.00069486 1 0.0734934 -0.231726 0.05 1161.62
0 8169 1 phononL 0.004 0.0944367 -0.598274 -0.00174612 0 0.00173715 1 0.10356 -0.185165 0.05 1187.23
0 8169 5 phononTF 0.000915163 0.10356 -0.185165 0.049999 1187.23 0.00034743 1 -0.0199386 -0.179764 0.05 1255.48
0 8196 5 phononTF 0.00168997 0.530037 -1.9269 0.0202637 8600.18 0.00104229 1 -0.0755764 -0.12469 0.05 14384.1
0 8198 2 phononTF 0.00173789 -4.2954 -3.775 -0.0121158 13161.9 0.00138972 1 -0.0458039 -0.294402 0.05 54910.8
0 8202 4 phononTS 0.000830235 1.31313 -0.649003 0.00689938 60663.5 0.00034743 1 -0.0785089 -0.280009 0.05 61198.4
0 8204 5 phononTF 0.00151156 -3.02366 2.37311 0.0479406 46732.1 0.00034743 1 0.0591785 -0.26699 0.05 87737.8
0 8209 3 phononTF 0.00366872 -0.732182 -0.566113 -0.00418596 4383.74 0.00104229 1 0.0289776 -0.299394 0.05 5854.78
0 8256 9 phononL 0.000583642 0.440854 0.0250512 0.049999 38029.2 0.00034743 1 0.0422807 -0.215429 0.05 38560.3
0 8266 5 phononTS 0.00218621 4.46344 -4.74423 0.0310639 85135.9 0.00069486 1 -0.0552901 -0.171937 0.05 96444.1
0 8266 6 phononTS 0.000799532 -0.0552901 -0.171937 0.049999 96444.1 0.00034743 1 0.102516 -0.203979 0.05 96538.8
0 8276 2 phononTF 0.00244027 1.2242 -1.38438 -0.0243462 4850.45 0.00034743 1 0.110562 -0.159612 0.05 5654.89
0 8319 23 phononTF 0.000403911 0.53179 0.0927686 0.049999 11345.8 0.00034743 1 0.0558793 -0.251523 0.05 11730
0 8346 18 phononL 0.00144472 4.28151 3.84063 -0.0134846 23633.3 0.00069486 1 -0.0633009 -0.245615 0.05 113098
0 8352 3 phononTS 0.00264574 -1.55224 -2.43736 -0.0465087 8909.42 0.00034743 1 -0.0454337 -0.216657 0.05 22278.4
0 8352 4 phononTF 0.000932292 -0.0454337 -0.216657 0.049999 22278.4 0.00034743 1 -0.0485794 -0.248923 0.05 22347.2
0 8352 18 phononTS 0.000397537 -0.0485794 -0.248923 0.049998 22347.2 0.00034743 1 -0.043025 -0.177379 0.05 22489.4
0 8353 14 phononTF 0.000457686 2.0971 0.0194568 0.049999 22340.1 0.00034743 1 -0.0310068 -0.27843 0.05 29956.2
0 8367 28 phononTF 0.000876797 2.33654 0.0158881 0.049999 26177.3 0.00034743 1 0.0619789 -0.104193 0.05 50925.6
0 8372 2 phononTS 0.000986074 3.49366 -1.97397 0.0427892 3910.36 0.00034743 1 -0.0530526 -0.261358 0.05 21864.3
0 8378 8 phononTF 0.000389188 0.253821 0.106334 0.049999 22218.6 0.00034743 1 0.111601 -0.187544 0.05 23178
0 8385 19 phononTS 0.000396971 4.50694 0.0903372 0.049999 34449 0.00034743 1 -0.0446545 -0.0969766 0.05 126275
0 8396 4 phononTS 0.00192798 -2.10698 1.26997 -0.0242323 14596.6 0.00104229 1 0.0769436 -0.1789 0.05 47749.2
0 8408 1 phononL 0.004 -0.0952539 -1.54695 -0.0173521 0 0.00208458 1 -0.0341089 -0.0938149 0.05 1996.76
0 8408 3 phononTF 0.000392572 -0.0341089 -0.0938149 0.049999 1996.76 0.00034743 1 -0.0622868 -0.180097 0.05 2287.27
0 8422 5 phononTS 0.00126003 3.84701 4.74504 0.03591 72182 0.00069486 1 0.115106 -0.227087 0.05 82779.3
0 8424 2 phononTF 0.00184107 3.02587 -0.773206 -0.0433355 14945.9 0.00069486 1 -0.06305 -0.248018 0.05 34792.2
0 8424 25 phononTS 0.00038036 -0.06305 -0.248018 0.049999 34792.2 0.00034743 1 0.0165061 -0.236144 0.05 34883.5
0 8431 12 phononTS 0.000636872 1.52602 0.0533142 0.049998 23253.1 0.00034743 1 -0.0104617 -0.206002 0.05 24262.4
0 8445 4 phononTS 0.00175691 -0.0820115 0.0487319 0.049998 3178.11 0.00069486 1 0.0441093 -0.217505 0.05 3310.25
0 8478 2 phononTS 0.00106612 -0.219872 -2.72883 0.0301422 7233.87 0.00034743 1 -0.032246 -0.260424 0.05 16569
0 8482 15 phononTF 0.000360645 -4.79129 -0.00774001 0.049999 54175.4 0.00034743 1 0.0873534 -0.172424 0.05 111039
0 8487 2 phononL 0.00181756 -1.52854 -2.15773 -0.014398 673.52 0.00034743 1 -0.0511512 -0.265885 0.05 23756.7
0 8505 11 phononTS 0.00040887 -4.45901 0.0481979 0.049998 157262 0.00034743 1 0.0372205 -0.278753 0.05 175175
0 8511 2 phononL 0.00209612 -0.789278 -1.64157 0.00226133 23.9951 0.00069486 1 0.0557748 -0.193041 0.05 9073.65
0 8511 24 phononTF 0.000403687 0.0557748 -0.193041 0.049999 9073.65 0.00034743 1 0.0220224 -0.169285 0.05 9132.19
0 8520 2 phononTF 0.00202354 -2.12886 4.261 -0.0483296 803.174 0.00138972 1 0.0354891 -0.28531 0.05 52728.2
0 8528 3 phononTF 0.00248054 -1.09515 2.39198 -0.0190456 3716.59 0.00069486 1 -0.098441 -0.211348 0.05 12240.6
0 8528 4 phononTS 0.00147535 -0.098441 -0.211348 0.049999 12240.6 0.00069486 1 -0.10095 -0.250267 0.05 12364.8
0 8528 13 phononTS 0.000374409 -0.10095 -0.250267 0.049999 12364.8 0.00034743 1 0.035068 -0.117124 0.05 19769.1
0 8534 32 phononTS 0.000385439 4.37429 0.0837817 0.049999 28212.8 0.00034743 1 -0.0562215 -0.207545 0.05 149467
0 8566 2 phononTF 0.00193363 1.93486 2.77811 -0.014089 1735.93 0.00104229 1 0.0277478 -0.105032 0.05 20598.6
0 8576 1 phononTF 0.004 -0.12717 -0.812945 -0.00910324 0 0.00104229 1 0.0719462 -0.176812 0.05 1601.49
0 8576 8 phononTF 0.000632712 0.0719462 -0.176812 0.049999 1601.49 0.00034743 1 -0.0285522 -0.237848 0.05 1803.09
0 8576 5 phononTS 0.00110734 0.0719462 -0.176812 0.049999 1601.49 0.00034743 1 0.0997322 -0.202439 0.05 1665.55
0 8645 3 phononL 0.00175965 -1.3253 4.48657 0.0299846 8062.83 0.00034743 1 -0.115052 -0.166941 0.05 41220.8
0 8664 6 phononTS 0.000469919 0.439693 0.0297578 0.049998 20088.6 0.00034743 1 0.0693751 -0.196375 0.05 20484.1
0 8694 13 phononTS 0.00120728 0.386932 0.043109 0.049999 51296 0.00069486 1 -0.0683696 -0.271114 0.05 52046.8
0 8706 16 phononTF 0.000638598 0.035004 0.0976684 0.049999 42772.8 0.00034743 1 0.080076 -0.245187 0.05 43053.5
0 8718 16 phononTS 0.00144972 4.78291 4.27093 0.0043551 6890.29 0.00034743 1 -0.0506127 -0.170738 0.05 19777.2
0 8748 4 phononTF 0.000533144 -0.194836 0.0927688 0.049999 34073.2 0.00034743 1 -0.0773566 -0.278926 0.05 34785.9
0 8760 2 phononTS 0.00214886 -4.51457 -3.73054 -0.0301596 15191.6 0.00104229 1 -0.0212837 -0.225542 0.05 128494
0 8767 5 phononTS 0.000475741 1.75806 0.0804681 0.049999 4265.61 0.00034743 1 0.0262897 -0.268982 0.05 8875.2
0 8768 3 phononTS 0.0016311 0.0524221 -0.88043 -0.00947142 614.327 0.00069486 1 0.0579013 -0.144125 0.05 44254
0 8845 3 phononL 0.00194399 1.48398 -1.44909 0.0173712 2107.04 0.00069486 1 -0.0571031 -0.179977 0.05 39397.4
0 8845 9 phononL 0.000412477 -0.0571031 -0.179977 0.049999 39397.4 0.00034743 1 -0.0458237 -0.266864 0.05 39776.5
0 8849 3 phononTF 0.00238962 -0.275901 2.46669 0.00482295 702.102 0.00104229 1 0.0318549 -0.212307 0.05 17162.7
0 8851 3 phononTS 0.00216289 -3.13123 -2.14393 -0.00456539 15973.4 0.00069486 1 0.0711477 -0.189003 0.05 41445.1
0 8859 9 phononTF 0.00101593 -0.186109 0.068993 0.049999 2182.69 0.00069486 1 0.0646174 -0.260985 0.05 2516.79
0 8868 4 phononTS 0.00064244 3.55848 -0.00124005 0.049999 1092.51 0.00034743 1 0.088968 -0.191102 0.05 85334.4
0 8955 17 phononTS 0.00216375 -1.50476 2.79311 0.0223494 29894.9 0.00034743 1 0.0992175 -0.237898 0.05 33467.1
0 8955 18 phononTS 0.000978674 0.0992175 -0.237898 0.049999 33467.1 0.00069486 1 -0.0162976 -0.173317 0.05 33556.8
0 8956 7 phononTF 0.000746989 1.59984 0.0218717 0.049999 15175.1 0.00034743 1 0.0699266 -0.256554 0.05 189082
0 8956 6 phononTS 0.000616106 1.59984 0.0218717 0.049999 15175.1 0.00034743 1 -0.103487 -0.200792 0.05 57476.4
0 8984 3 phononTS 0.00269556 -2.92536 -3.72648 0.0315945 4626.18 0.00138972 1 0.0936903 -0.133973 0.05 22937.4
0 8987 5 phononTS 0.001449 0.536743 3.5198 0.0298312 21230.4 0.00069486 1 0.0781642 -0.136094 0.05 30406.3
0 8987 2 phononTF 0.0013529 0.598548 3.43461 0.0457137 21166.5 0.00034743 1 -0.0875517 -0.264819 0.05 126666
0 8987 26 phononTF 0.000944827 -0.0875517 -0.264819 0.049999 126666 0.00034743 1 0.0467894 -0.141178 0.05 216279
0 8989 3 phononL 0.00184148 1.47656 -3.67738 -0.0239055 830.053 0.00069486 1 -0.0211431 -0.155221 0.05 5585.27
0 9002 3 phononTF 0.00257949 -3.06976 -2.35303 -0.0284872 5107.69 0.00034743 1 -0.0825956 -0.22868 0.05 12267.8
0 9019 3 phononTS 0.00198814 4.35978 1.30757 0.0470142 87.3172 0.00138972 1 0.0641485 -0.189544 0.05 51489.7
0 9027 26 phononTS 0.000575415 -0.464053 0.031678 0.049999 26378.9 0.00034743 1 -0.102201 -0.168138 0.05 27712.7
0 9044 2 phononTS 0.00206712 4.12932 -0.321702 0.0411189 847.05 0.00104229 1 -0.108639 -0.204868 0.05 4958.07
0 9050 27 phononTF 0.00119958 -4.01698 0.0718777 0.049999 23523.9 0.00034743 1 0.037537 -0.122426 0.05 188670
0 9071 3 phononL 0.00224669 4.5761 4.08797 0.0382551 4277.55 0.00104229 1 0.0602973 -0.153828 0.05 48080.8
0 9072 6 phononTF 0.000698901 2.11383 0.0308848 0.049999 2601.46 0.00034743 1 0.0302832 -0.263462 0.05 27805.1
0 9081 19 phononTF 0.000581865 0.62548 0.0649552 0.049999 10250.8 0.00034743 1 -0.0916899 -0.2328 0.05 30992.4
0 9095 2 phononTF 0.00113167 1.25968 -2.25721 -0.0317937 5140.94 0.00069486 1 0.0990952 -0.200893 0.05 14988.5
0 9104 3 phononTF 0.00169882 -0.757379 0.718538 -0.032831 14343.4 0.00104229 1 -0.0551676 -0.176229 0.05 29297.3
0 9118 4 phononTF 0.0012471 0.0341175 3.09087 0.0371132 16663.2 0.00034743 1 0.0564756 -0.270653 0.05 43804.9
0 9121 5 phononTS 0.00157348 2.11811 2.71528 0.0333669 41705.8 0.00034743 1 -0.0640768 -0.243245 0.05 61788.2
0 9161 3 phononL 0.00221601 -0.432364 -2.5769 0.0265513 26690.1 0.00104229 1 0.0565852 -0.127337 0.05 40837
0 9192 12 phononTS 0.00052653 -0.709777 0.106464 0.049999 19383.5 0.00034743 1 0.108852 -0.157502 0.05 36530
0 9207 4 phononL 0.00155246 -4.09155 -2.28735 0.044182 14707.9 0.00104229 1 -0.0893849 -0.138289 0.05 31748.7
0 9212 1 phononTS 0.004 1.36457 1.17548 0.0334739 0 0.00138972 1 -0.064036 -0.175637 0.05 11189.3
0 9212 5 phononTS 0.000693186 -0.064036 -0.175637 0.049999 11189.3 0.00034743 1 -0.086635 -0.144898 0.05 11249.6
0 9233 14 phononTS 0.00135269 -2.99526 -3.7566 -0.00507971 20329 0.00069486 1 -0.0680778 -0.260608 0.05 25266.9
0 9235 5 phononTS 0.00165956 -2.65984 3.50591 -0.0312782 93581.4 0.00034743 1 -0.0516516 -0.288066 0.05 125761
0 9237 4 phononTS 0.00102801 -0.654081 -3.54158 -0.0307815 5428.79 0.00034743 1 -0.0395636 -0.253989 0.05 9035.64
0 9237 23 phononTS 0.000367052 -0.0395636 -0.253989 0.049999 9035.64 0.00034743 1 0.0783624 -0.283839 0.05 9120.48
0 9239 3 phononTS 0.00144402 -4.97108 -3.70096 0.0376326 21160.3 0.00069486 1 -0.0400599 -0.21435 0.05 52094
0 9252 18 phononL 0.00039085 -0.205561 0.103219 0.049998 155407 0.00034743 1 0.0435617 -0.211219 0.05 155744
0 9267 3 phononTS 0.00276293 0.953698 -1.45329 0.0499307 8074.29 0.00069486 1 -0.0695486 -0.237924 0.05 18335.7
0 9276 3 phononTS 0.00129103 -0.54662 2.77451 -0.0411934 7313.3 0.00069486 1 0.0566721 -0.102181 0.05 19677.4
0 9288 1 phononTS 0.004 -1.26591 0.925399 0.0284472 0 0.00104229 1 -0.0609725 -0.202989 0.05 4210.12
0 9288 4 phononTS 0.00101228 -0.0609725 -0.202989 0.049999 4210.12 0.00034743 1 -0.0824787 -0.252912 0.05 4276.25
0 9292 6 phononTF 0.000753823 -0.239688 0.048495 0.049999 23036.2 0.00069486 1 -0.0700962 -0.108272 0.05 24563.8
0 9297 15 phononTS 0.00146769 -2.10049 -4.80159 -0.0179861 42724.2 0.00034743 1 -0.0945422 -0.154032 0.05 53117
0 9314 22 phononTS 0.000364204 4.71598 0.0373199 0.049999 3304.76 0.00034743 1 -0.0466652 -0.16375 0.05 41442.4
0 9327 2 phononTF 0.00153673 1.86234 3.23293 0.0141244 2587.83 0.00104229 1 0.0508044 -0.161983 0.05 26082.9
0 9363 2 phononTF 0.00207987 0.306386 1.55197 0.0343075 3914.19 0.00069486 1 0.0804437 -0.271429 0.05 11941.4
0 9377 3 phononTS 0.00213679 -3.26623 -0.701258 -0.0170953 473.636 0.00069486 1 -0.0295719 -0.189961 0.05 9303.67
0 9387 2 phononTS 0.00265367 0.0289774 -1.22334 -0.0481878 3432.19 0.00173715 1 -0.0623993 -0.132869 0.05 25408.4
0 9396 3 phononTS 0.0023192 -0.842424 -3.11502 0.049516 4294.15 0.00069486 1 -0.0197266 -0.223698 0.05 55945.4
0 9396 4 phononTS 0.000851943 -0.0197266 -0.223698 0.049999 55945.4 0.00034743 1 -0.0386525 -0.126666 0.05 56115.2
0 9404 3 phononTS 0.00137542 -2.06086 1.41881 0.0275634 25207 0.00034743 1 0.0840263 -0.262263 0.05 32350.9
0 9404 5 phononTF 0.000352114 0.0840263 -0.262263 0.049999 32350.9 0.00034743 1 0.0735817 -0.271798 0.05 32429.9
0 9429 10 phononTF 0.000602703 4.53726 0.0693029 0.049999 206.699 0.00034743 1 -0.0664016 -0.108809 0.05 33403
0 9483 2 phononTS 0.00201038 3.5787 0.00238064 0.049999 10452.2 0.00138972 1 -0.0843629 -0.204708 0.05 41269.3
0 9509 11 phononTS 0.000624528 -3.21646 0.0564144 0.049999 45568.7 0.00034743 1 0.047925 -0.214838 0.05 47190.9
0 9522 4 phononL 0.00234375 -3.07744 -3.70191 0.0438284 38923.5 0.00034743 1 -0.0452427 -0.25263 0.05 113508
0 9530 2 phononTS 0.00203528 -0.899285 -1.32801 -0.0447246 12139.2 0.00069486 1 -0.0701551 -0.198721 0.05 20102.1
0 9560 3 phononTS 0.00153811 -0.0389918 1.56304 0.0478034 161.038 0.00034743 1 -0.0844395 -0.234154 0.05 6858.1
0 9611 4 phononTS 0.000950614 -0.435149 -0.00333635 0.049999 4522.86 0.00034743 1 0.0853888 -0.270086 0.05 12534.8
0 9615 1 phononTF 0.004 -1.12887 -4.15598 -0.0329995 0 0.00243201 1 0.0723813 -0.236638 0.05 23261
0 9635 3 phononTS 0.00173222 1.02241 1.59228 0.00299857 714.645 0.00034743 1 -0.104939 -0.225956 0.05 4764.59
0 9643 2 phononTS 0.00252054 -1.60647 -2.15311 0.0209774 213.674 0.00104229 1 0.0303172 -0.232976 0.05 31174
0 9664 14 phononTF 0.00178712 -4.52672 1.85991 -0.0302621 6304.37 0.00034743 1 -0.0609587 -0.122983 0.05 11536.4
0 9664 15 phononTS 0.00131086 -0.0609587 -0.122983 0.049999 11536.4 0.00034743 1 -0.0404879 -0.232532 0.05 11815
0 9668 15 phononTF 0.00129967 4.50004 3.26016 -0.037652 24511.7 0.00034743 1 0.0920776 -0.268081 0.05 39328.1
0 9672 3 phononTS 0.00191197 -3.84204 -2.60345 -0.0104311 7332.89 0.00104229 1 -0.0779575 -0.264012 0.05 38261.9
0 9673 26 phononTS 0.000581674 -0.203935 0.0221599 0.049999 1363.96 0.00034743 1 -0.118961 -0.214202 0.05 1704.62
0 9679 1 phononTF 0.004 1.0128 -0.3998 -0.0273057 0 0.00208458 1 -0.0833426 -0.257559 0.05 3324.92
0 9679 3 phononTS 0.000532117 -0.0833426 -0.257559 0.049999 3324.92 0.00034743 1 -0.0748024 -0.197901 0.05 3433.61
0 9681 3 phononTF 0.00318887 0.856975 -1.47026 0.0438547 900.733 0.00138972 1 0.105621 -0.221752 0.05 4244.67
0 9709 2 phononTF 0.00132361 3.93065 -1.67388 0.00847052 940.452 0.00034743 1 -0.0451114 -0.142495 0.05 17315.8
0 9732 2 phononTF 0.00164353 -4.59469 -2.21649 -0.00791048 5508.05 0.00069486 1 0.0499389 -0.138974 0.05 21951.3
0 9732 19 phononTF 0.000504183 0.0499389 -0.138974 0.049999 21951.3 0.00034743 1 0.0289458 -0.131618 0.05 22172.3
0 9762 28 phononL 0.000592734 0.5145 0.0253226 0.049999 45545.1 0.00034743 1 0.0744952 -0.278278 0.05 46145.1
0 9819 10 phononTS 0.000777641 -0.332406 0.0965228 0.049999 17167.5 0.00034743 1 0.112905 -0.201899 0.05 17823.1
0 9826 2 phononTF 0.00180439 3.82189 -0.550463 -0.0108595 1028.22 0.00034743 1 0.0593922 -0.249756 0.05 17636.7
0 9826 26 phononTS 0.000598459 0.0593922 -0.249756 0.049999 17636.7 0.00034743 1 -0.112071 -0.211302 0.05 41579.2
0 9826 24 phononTS 0.000551682 0.0593922 -0.249756 0.049999 17636.7 0.00034743 1 0.0634089 -0.264744 0.05 17694.8
0 9862 2 phononTS 0.00216782 2.27446 -1.96384 0.0213643 22299.3 0.00104229 1 0.043699 -0.253857 0.05 46124.4
0 9864 11 phononTS 0.000969525 1.96063 -3.22647 0.0440346 55829.8 0.00034743 1 0.0720846 -0.239863 0.05 98552.5
0 9897 4 phononL 0.000984827 0.383497 0.0563751 0.049999 66517.7 0.00034743 1 0.0817089 -0.192902 0.05 67966.8
0 9928 4 phononL 0.00163814 -4.54724 3.41892 0.0133867 16841.2 0.00034743 1 -0.022951 -0.304343 0.05 74157.6
0 9929 4 phononL 0.00149802 3.13107 -3.35521 -0.0181988 11751.4 0.00034743 1 -0.0822842 -0.250565 0.05 17862.1
0 9936 3 phononTS 0.00179363 -0.455671 -2.1117 0.0336128 3526.46 0.00034743 1 0.10457 -0.235887 0.05 5473.91
0 9938 5 phononL 0.000647963 -0.0692844 0.0989313 0.049999 957.804 0.00034743 1 0.0625545 -0.244603 0.05 3238.04
0 9953 3 phononTF 0.00338423 -0.502592 -1.00484 0.0174087 799.593 0.00208458 1 -0.0583643 -0.163705 0.05 2940.27
0 9964 2 phononTF 0.000957665 4.36862 3.7014 0.00488804 14145 0.00069486 1 -0.0922363 -0.254435 0.05 46944.9
0 9969 2 phononTF 0.00185719 1.30024 4.53195 -0.0289175 13415.6 0.00069486 1 0.0364068 -0.292428 0.05 66038.7
0 9975 2 phononTF 0.00176674 1.57496 -3.45687 0.0278853 626.127 0.00069486 1 0.0252963 -0.152031 0.05 51411.8
0 9987 2 phononTS 0.00202154 -2.69439 4.71337 -0.000347257 2689.65 0.00104229 1 -0.0669253 -0.199294 0.05 70369.2
0 9987 24 phononL 0.000704397 -0.0669253 -0.199294 0.049999 70369.2 0.00034743 1 -0.034004 -0.183914 0.05 70416.9
0 9989 5 phononTS 0.00151535 -1.14458 0.0282608 0.049999 174943 0.00069486 1 0.0493071 -0.252825 0.05 320272
0 9990 5 phononTS 0.000711238 1.55035 0.0187597 0.049999 35668.5 0.00034743 1 -0.0450516 -0.18291 0.05 36893.9
0 9990 2 phononTS 0.00118398 -0.327931 -3.57799 -0.0163829 9512.84 0.00069486 1 0.0691305 -0.270999 0.05 56255
0 9993 9 phononTF 0.000783462 4.23221 0.0773273 0.049999 40524.8 0.00034743 1 0.054313 -0.18459 0.05 91699.9
