Run ID,Event ID,Track ID,Particle Name,Start Energy [eV],Start X [mm],Start Y [mm],Start Z [mm],Start Time [ns],Energy Deposited [eV],Track Weight,End X [mm],End Y [mm],End Z [mm],Final Time [ns],Volume Name
0 33 2 phononTS 0.00213716 -1.56743 -1.43896 0.0164384 19837.5 0.00138972 1 0.110968 -0.198548 0.05 46207.1
0 36 5 phononL 0.00178586 -0.339956 -1.67998 0.037839 71100.9 0.00104229 1 0.0683743 -0.173955 0.05 84333.2
0 53 3 phononTS 0.00182008 0.40432 0.908613 0.00221073 4378.88 0.00104229 1 -0.0113625 -0.193655 0.05 4962.26
0 83 9 phononTF 0.00127344 0.282902 -3.7013 0.0203376 9977.92 0.00069486 1 0.0464662 -0.108972 0.05 38910.7
0 97 13 phononTF 0.000973393 0.960987 1.03047 -0.039642 8914.86 0.00034743 1 0.0948764 -0.182059 0.05 12521.1
0 106 3 phononTF 0.00174479 -1.21272 4.13005 0.0263161 8462.83 0.00104229 1 -0.0207526 -0.22037 0.05 42087.8
0 111 2 phononTS 0.00158407 2.04399 3.13951 -0.0407557 40.5732 0.00069486 1 -0.0275765 -0.290598 0.05 20501.6
0 137 3 phononTS 0.00149916 2.15914 -2.73048 -0.0318359 422.947 0.00069486 1 0.106609 -0.158988 0.05 1929.33
0 163 2 phononTF 0.00264729 -0.487649 -2.372 -0.0472077 9292.04 0.00104229 1 0.0778165 -0.282737 0.05 22503.1
0 163 12 phononTF 0.00102381 0.0778165 -0.282737 0.049999 22503.1 0.00069486 1 0.057035 -0.236251 0.05 22681.4
0 182 4 phononTS 0.000565119 -0.197274 0.00187076 0.049999 27914.1 0.00034743 1 0.102907 -0.14334 0.05 28288.2
0 186 3 phononTS 0.00330228 0.115361 -1.24735 0.021391 869.74 0.00173715 1 0.0933459 -0.253859 0.05 3212.88
0 190 4 phononTS 0.00151634 -2.89146 3.39684 0.00694397 70743.8 0.00069486 1 0.114541 -0.231873 0.05 147719
0 228 2 phononL 0.00243602 2.55314 -4.01299 -0.0363556 10616.9 0.00173715 1 -0.0979088 -0.236303 0.05 54494.9
0 245 14 phononTS 0.00101171 -3.93204 3.0543 -0.0490649 41658.6 0.00069486 1 -0.0294498 -0.196889 0.05 134961
0 263 5 phononL 0.00258903 4.25427 3.96344 0.0260623 57279.9 0.00138972 1 0.0925147 -0.1441 0.05 92939
0 273 1 phononTF 0.004 -0.04556 0.44777 0.0124569 0 0.00208458 1 0.0481481 -0.0972669 0.05 218.828
0 273 4 phononTF 0.000663128 0.0481481 -0.0972669 0.049999 218.828 0.00034743 1 0.0363452 -0.244437 0.05 290.47
0 277 2 phononTF 0.00169984 1.14088 -1.61429 -0.0429853 771.074 0.00104229 1 -0.0639915 -0.285893 0.05 19894.1
0 280 3 phononTS 0.00224439 0.176422 -0.902835 0.0161372 7475.26 0.00104229 1 0.0841633 -0.243937 0.05 9561.67
0 289 3 phononTS 0.00292214 1.46659 -2.94717 0.0135646 80.0437 0.00173715 1 0.0864433 -0.224289 0.05 6378.75
0 290 5 phononTS 0.00132009 -1.45555 -4.55983 0.0176734 19281.3 0.00034743 1 0.0452093 -0.186029 0.05 40944.4
0 290 6 phononTS 0.000737607 0.0452093 -0.186029 0.049999 40944.4 0.00034743 1 0.0877658 -0.220161 0.05 41014.7
0 293 3 phononTF 0.0017052 3.93756 4.41298 -0.0125012 6235.74 0.00034743 1 -0.0604682 -0.19151 0.05 20648.6
0 293 7 phononTF 0.000509764 -0.0604682 -0.19151 0.049999 20648.6 0.00034743 1 -0.116888 -0.187791 0.05 20903.4
0 305 2 phononTS 0.00166584 1.35679 3.69095 0.0252783 16892.4 0.00104229 1 -0.117298 -0.226828 0.05 71621.9
0 306 3 phononL 0.00274042 0.681996 1.58324 0.00317056 1023.25 0.00104229 1 0.116209 -0.213614 0.05 31838.4
0 313 3 phononTS 0.00179547 0.93198 -1.23384 0.0353347 1403.79 0.00034743 1 -0.101718 -0.198238 0.05 2850.2
0 313 5 phononTF 0.00086296 -0.101718 -0.198238 0.049999 2850.2 0.00069486 1 -0.016627 -0.199968 0.05 2911.51
0 344 3 phononTF 0.00199198 0.447021 4.23725 -0.0196757 3481.65 0.00138972 1 -0.0567956 -0.270705 0.05 22578
0 349 8 phononTF 0.000687286 0.135773 -0.00838002 0.049999 162.678 0.00034743 1 0.0241148 -0.205734 0.05 394.501
0 360 2 phononTS 0.00197199 1.21253 -3.03615 0.0320262 3392.18 0.00034743 1 0.0733733 -0.161425 0.05 70389.4
0 360 19 phononTF 0.000887548 0.0733733 -0.161425 0.049999 70389.4 0.00034743 1 -0.0239775 -0.157493 0.05 70452.1
0 403 2 phononTF 0.00119483 1.03633 -2.17904 0.00826696 3662.61 0.00069486 1 0.0504166 -0.226432 0.05 91099.7
0 406 4 phononTS 0.000456908 -4.73352 0.0509734 0.049999 18105.3 0.00034743 1 -0.0354159 -0.167345 0.05 61402.7
0 431 3 phononTS 0.00118757 -1.25971 3.73567 0.0212368 20948.2 0.00069486 1 0.0643287 -0.264555 0.05 65394.5
0 451 2 phononTF 0.00146177 -3.30852 -1.08436 -0.0471545 1811.93 0.00069486 1 -0.0397639 -0.169741 0.05 11208
0 457 3 phononTF 0.00179555 -0.599075 0.926522 -0.0257602 211.865 0.00138972 1 -0.0374992 -0.244165 0.05 34345
0 479 2 phononTS 0.00172367 -0.984672 -1.71307 -0.0177418 19527 0.00104229 1 -0.115257 -0.173157 0.05 36962.6
0 484 5 phononTS 0.00143014 4.33538 4.8116 -0.038238 16334.2 0.00104229 1 -0.110758 -0.183429 0.05 37117.2
0 513 6 phononTS 0.00138945 -1.8658 -0.00711592 0.049999 33258 0.00104229 1 0.0797384 -0.184307 0.05 245581
0 522 3 phononTS 0.00242791 1.74585 1.62435 -0.0141126 14674.1 0.00138972 1 -0.0219616 -0.263628 0.05 81092.5
0 568 4 phononTS 0.001656 0.0583503 -2.10788 -0.0034384 4671.57 0.00034743 1 0.0245832 -0.169879 0.05 65452.8
0 571 4 phononTS 0.000544423 4.32299 -3.84633 0.0178116 32187.3 0.00034743 1 0.0848771 -0.21125 0.05 116327
0 588 3 phononTS 0.00160115 -3.72224 4.34316 -0.0439359 592.564 0.00069486 1 -0.0561518 -0.149292 0.05 72364.6
0 595 23 phononTS 0.00043443 1.09038 0.0704356 0.049999 5833.13 0.00034743 1 -0.091848 -0.248189 0.05 17033.3
0 597 4 phononTS 0.000737692 -1.54094 4.45945 0.0408559 40671.7 0.00034743 1 0.0550211 -0.260257 0.05 59856.1
0 627 3 phononTS 0.00213128 0.0956683 -2.50057 -0.00897776 7337.02 0.00069486 1 0.0454063 -0.238541 0.05 10724.8
0 627 4 phononL 0.000548292 0.0454063 -0.238541 0.049999 10724.8 0.00034743 1 -0.0419551 -0.0992055 0.05 10836.4
0 644 2 phononL 0.00237174 2.36746 -3.90462 0.0235566 6840.28 0.00138972 1 0.11314 -0.224345 0.05 55106.5
0 662 1 phononTF 0.004 -0.279579 -0.97176 -0.0300218 0 0.00243201 1 -0.0535735 -0.300161 0.05 615.187
0 711 2 phononTS 0.00255615 2.87842 3.18371 -0.0368939 4004.57 0.00104229 1 0.0462753 -0.184719 0.05 40989.3
0 768 3 phononTF 0.00241574 -2.32211 -0.757437 -0.0330272 8087.72 0.00173715 1 0.0468188 -0.2746 0.05 12460.1
0 768 2 phononTS 0.00158426 -2.32211 -0.757437 -0.0330272 8087.72 0.00069486 1 -0.111973 -0.23118 0.05 21960.7
0 775 5 phononL 0.00134647 -3.9153 3.90318 0.0227434 45015.1 0.00069486 1 0.11627 -0.185384 0.05 97757.2
0 820 5 phononL 0.00159288 -1.02565 -0.205275 -0.0490886 1273.43 0.00104229 1 0.0625647 -0.154927 0.05 1769.47
0 838 2 phononTS 0.00213393 2.08998 -3.26826 0.018101 189.883 0.00104229 1 0.041748 -0.266821 0.05 94539.7
0 839 2 phononTS 0.00247325 -1.04375 -1.73564 0.0499803 7375.91 0.00138972 1 0.0938196 -0.138423 0.05 9135.43
0 850 4 phononTF 0.00101852 -1.04126 -1.97355 -0.0449016 68686.8 0.00069486 1 -0.0562269 -0.119327 0.05 70969.1
0 877 2 phononTS 0.00206658 -1.05937 -1.23306 -0.0413313 1918.98 0.00104229 1 -0.0284256 -0.262258 0.05 3370.36
0 886 22 phononTS 0.000359302 1.36765 0.0766271 0.049999 42500.7 0.00034743 1 0.0379018 -0.274222 0.05 208243
0 890 5 phononTS 0.00199001 4.63902 -0.969408 0.00801523 17284.3 0.00104229 1 0.0636416 -0.160568 0.05 63158.8
0 895 2 phononTS 0.00109305 4.55907 4.72355 0.0167938 7346.52 0.00034743 1 -0.0376934 -0.175408 0.05 22234.3
0 895 5 phononTS 0.00060957 -0.0376934 -0.175408 0.049998 22234.3 0.00034743 1 -0.0459208 -0.163352 0.05 22295.1
0 903 3 phononTF 0.00154596 -0.325034 -1.93976 0.0415795 8690.44 0.00104229 1 -0.0953797 -0.248112 0.05 12633
0 942 5 phononTF 0.000488853 4.70061 0.0841444 0.049998 59096 0.00034743 1 -0.065691 -0.294027 0.05 83885.8
0 991 1 phononL 0.004 -0.570589 -0.486549 0.00051966 0 0.00243201 1 -0.0603637 -0.121755 0.05 367.752
0 995 3 phononTS 0.00272443 -0.869899 -4.49643 0.0218087 28684 0.00138972 1 -0.0622874 -0.121397 0.05 37868.2
0 995 5 phononTF 0.000597998 -0.0622874 -0.121397 0.049999 37868.2 0.00034743 1 0.0293461 -0.208676 0.05 38080.3
0 1015 3 phononL 0.00140624 3.1004 3.94562 -0.016906 2534.38 0.00069486 1 -0.105132 -0.217783 0.05 32008.1
0 1042 3 phononL 0.00243712 -2.85735 -0.576219 -0.0225455 2.17241 0.00173715 1 0.0676004 -0.109995 0.05 1453.86
0 1063 3 phononTF 0.00189362 0.184579 -2.24109 -0.0130664 1447.83 0.00104229 1 -0.091341 -0.273617 0.05 25949.3
0 1064 2 phononTS 0.000772156 0.579042 2.98475 -0.00263097 5087.07 0.00034743 1 0.0155378 -0.192747 0.05 7607.48
0 1114 11 phononTF 0.000596263 0.873749 0.00682574 0.049999 1162.59 0.00034743 1 0.0908099 -0.253051 0.05 1830.35
0 1118 3 phononTF 0.00159591 -1.95462 1.6779 -0.0437212 10062.8 0.00138972 1 -0.0365308 -0.300376 0.05 34140.5
0 1123 29 phononTS 0.000353654 -1.92686 0.0134364 0.049999 107498 0.00034743 1 -0.0423521 -0.267712 0.05 118843
0 1152 1 phononL 0.004 0.00469588 -1.63842 0.0193153 0 0.00208458 1 0.101746 -0.254594 0.05 3679.81
0 1156 20 phononTS 0.000590177 -2.32721 -4.59155 -0.0184776 25510.7 0.00034743 1 0.01917 -0.235123 0.05 38083.8
0 1192 2 phononTS 0.00161316 -1.55986 1.9423 0.0459418 6947.87 0.00034743 1 0.111308 -0.206227 0.05 24171.6
0 1228 2 phononTF 0.000416009 -1.45465 1.38494 -0.0126341 17110.7 0.00034743 1 0.0156579 -0.213452 0.05 56602.3
0 1255 17 phononTF 0.000409437 -3.02423 0.0873213 0.049999 71656.6 0.00034743 1 -0.0229141 -0.218445 0.05 150495
0 1260 24 phononTF 0.000414944 3.2051 0.05263 0.049999 39308.4 0.00034743 1 -0.0888177 -0.144167 0.05 81910.6
0 1264 2 phononTS 0.00207144 -0.818276 1.57265 -0.0124735 8839.52 0.00104229 1 -0.107411 -0.181439 0.05 21143.8
0 1295 3 phononTS 0.00257191 -0.834808 -2.13941 0.0416294 9205.52 0.00138972 1 0.0631955 -0.217819 0.05 12004.9
0 1339 3 phononTS 0.00179761 4.8122 3.96194 0.0470319 3191.71 0.00104229 1 0.0338732 -0.13333 0.05 23705.7
0 1359 5 phononTS 0.00104515 -3.33724 2.0833 -0.046561 2741.71 0.00034743 1 -0.104368 -0.164971 0.05 21494.3
0 1440 3 phononTS 0.00193567 -2.25569 4.21598 0.007681 1191.66 0.00104229 1 0.0582377 -0.167793 0.05 39274.1
0 1450 4 phononL 0.000846403 0.932795 -0.00185554 0.049999 13086.3 0.00069486 1 0.112603 -0.220515 0.05 44040.9
0 1451 2 phononTS 0.00207863 -0.74827 -4.79531 0.0186432 36.3511 0.00138972 1 0.113124 -0.204725 0.05 6631.53
0 1458 5 phononTS 0.00126352 1.69766 -3.91715 -0.00300606 35431.8 0.00069486 1 -0.0177693 -0.17378 0.05 84896.1
0 1466 5 phononL 0.00110956 0.449858 1.11627 0.00305778 33272.8 0.00069486 1 -0.0580905 -0.222695 0.05 68748.8
0 1486 2 phononTS 0.00181385 -4.97501 -2.0914 -0.00333773 6716.84 0.00104229 1 0.0324345 -0.282981 0.05 109410
0 1488 3 phononL 0.00144992 1.5445 4.3426 -0.0442127 2905.5 0.00069486 1 0.0371284 -0.139685 0.05 54738.1
0 1494 3 phononTF 0.00135957 1.9526 2.21775 0.0268486 10984.1 0.00069486 1 0.0466427 -0.237018 0.05 38055.5
0 1500 5 phononTS 0.00143601 0.169514 -3.81893 0.0469436 16055.4 0.00104229 1 0.0873608 -0.168277 0.05 60000.3
0 1530 2 phononTF 0.00102554 4.65994 -0.824422 0.0206654 11777.7 0.00034743 1 -0.0762945 -0.196867 0.05 123207
0 1531 1 phononTS 0.004 0.190555 0.190969 0.0173658 0 0.00208458 1 0.0605188 -0.127961 0.05 3449.25
0 1546 1 phononTF 0.004 0.450167 -0.563858 -0.0380326 0 0.00208458 1 -0.106052 -0.219831 0.05 683.236
0 1559 5 phononTF 0.00152459 -0.149996 -0.42847 -0.0243788 48088.5 0.00069486 1 -0.0662478 -0.169092 0.05 239935
0 1559 8 phononTS 0.000446779 -0.0662478 -0.169092 0.049999 239935 0.00034743 1 -0.0865602 -0.162777 0.05 239992
0 1572 2 phononTF 0.00192781 -1.77322 -4.84445 0.0322038 15677.1 0.00104229 1 0.0999186 -0.251298 0.05 151371
0 1624 1 phononTS 0.004 -0.853305 -0.349913 -0.0356491 0 0.00243201 1 0.0262191 -0.2621 0.05 20436.9
0 1638 5 phononTS 0.00216051 4.29607 4.09228 0.0445129 18086.7 0.00104229 1 -0.0542549 -0.186663 0.05 51366.8
0 1694 1 phononTS 0.004 0.249863 -0.94178 -0.0325303 0 0.00173715 1 -0.0510646 -0.158958 0.05 2690.71
0 1697 4 phononTF 0.000465503 -1.06143 0.0390585 0.049998 4745.21 0.00034743 1 -0.0595345 -0.198376 0.05 6596.14
0 1713 3 phononTS 0.00157864 -0.707725 3.07312 -0.0389003 5674.79 0.00104229 1 -0.105324 -0.249893 0.05 92423.9
0 1713 2 phononTS 0.00242136 -0.707725 3.07312 -0.0389003 5674.79 0.00034743 1 0.0459008 -0.24193 0.05 16003.8
0 1716 2 phononTS 0.00173055 2.60289 -2.43517 -0.0251673 2458.63 0.00104229 1 0.0963769 -0.25192 0.05 55698.6
0 1717 11 phononTS 0.00125584 -0.00983732 0.0514904 0.049999 41469.9 0.00034743 1 0.0260625 -0.221037 0.05 41610.6
0 1727 2 phononL 0.00296027 1.67006 -1.23419 -0.03473 1026.61 0.00138972 1 -0.109983 -0.235923 0.05 4091.71
0 1778 2 phononTF 0.0024218 -2.82246 2.35929 -0.0465455 1456.07 0.00104229 1 -0.0706627 -0.257613 0.05 13130.4
0 1804 4 phononTF 0.000940715 1.81555 -2.9486 -0.0240257 22003.4 0.00034743 1 0.0960863 -0.219647 0.05 43151.8
0 1815 3 phononTS 0.00265545 -2.23492 -3.47374 0.030106 14267.8 0.00138972 1 0.0599805 -0.224584 0.05 17138.3
0 1834 18 phononTS 0.00153033 -3.98759 -4.62088 -0.0422043 11283.1 0.00034743 1 -0.0511157 -0.163826 0.05 47053.2
0 1838 2 phononTS 0.00165487 -0.531369 -3.3449 0.0206246 8976.61 0.00104229 1 0.102083 -0.197969 0.05 41132.8
0 1846 3 phononTS 0.00110346 2.77519 1.51304 -0.0266185 8650.64 0.00069486 1 -0.0251843 -0.250801 0.05 79629.4
0 1859 2 phononTS 0.00258475 -3.01886 -2.37814 0.00551309 1213.73 0.00138972 1 -0.0858686 -0.240872 0.05 5822.43
0 1865 3 phononTS 0.00131396 -3.68571 -2.03377 -0.0168227 2500.17 0.00069486 1 -0.0382403 -0.165106 0.05 43553
0 1865 15 phononTS 0.000969336 -4.02194 -3.34277 0.0302019 24181.8 0.00034743 1 0.0876886 -0.255622 0.05 48871.6
0 1869 5 phononTF 0.00179497 4.65234 -3.58927 0.0326168 117016 0.00069486 1 -0.0654229 -0.167863 0.05 130673
0 1870 4 phononTS 0.00108766 -4.09021 3.10074 0.0490837 12722.9 0.00069486 1 -0.0825135 -0.26856 0.05 47376.7
0 1872 2 phononTS 0.00149171 -2.70103 2.81712 -0.0114606 20463.2 0.00034743 1 -0.0144837 -0.20642 0.05 68255.3
0 1897 1 phononTF 0.004 0.18554 -0.656246 -0.0212042 0 0.00243201 1 0.0796012 -0.231732 0.05 1814.22
0 1905 3 phononTF 0.00129327 -0.470623 -2.98515 -0.0305084 1152.28 0.00069486 1 0.0393942 -0.21119 0.05 2543.7
0 1907 2 phononL 0.00230398 0.27183 -1.58885 -0.00464564 4078.03 0.00138972 1 0.0310836 -0.272501 0.05 81178.5
0 1923 5 phononTF 0.000562485 -0.0554041 0.0647952 0.049999 9004.86 0.00034743 1 -0.0228812 -0.239749 0.05 9367.25
0 1930 13 phononTS 0.00125284 -3.17621 3.06438 0.0272456 25462.2 0.00069486 1 -0.0692158 -0.135808 0.05 42166
0 1962 3 phononL 0.00157641 -3.76249 -2.56555 -0.0214138 4658.29 0.00069486 1 0.0657107 -0.172698 0.05 14461.7
0 1969 3 phononTF 0.00276262 1.167 0.989018 -0.0305397 2001.58 0.00173715 1 0.0644374 -0.245423 0.05 5651.54
0 1993 2 phononL 0.00185764 3.27072 3.88915 -0.0416476 467.094 0.00138972 1 0.0920438 -0.178342 0.05 21442.8
0 2013 5 phononTF 0.00136117 -3.26378 3.96546 0.00942453 5992.51 0.00104229 1 0.0679731 -0.251023 0.05 30555.1
0 2019 3 phononL 0.00229422 -1.16794 -1.66386 0.0144889 13363.9 0.00138972 1 0.0546089 -0.259559 0.05 15518.6
0 2032 4 phononTS 0.00124157 -0.18498 2.97124 0.029619 13349.9 0.00069486 1 0.065627 -0.248479 0.05 52430.4
0 2043 18 phononTS 0.000792754 3.51998 -4.38478 -0.0212375 25620.1 0.00034743 1 0.0693112 -0.114257 0.05 98212
0 2044 2 phononTS 0.00283138 1.68426 1.48497 -0.00616608 2218.54 0.00173715 1 -0.105364 -0.184406 0.05 8749.85
0 2089 2 phononTF 0.000952642 -0.797788 -2.45829 0.0235742 1848.21 0.00034743 1 0.0399754 -0.216493 0.05 6639
0 2097 2 phononTS 0.000589626 -4.10514 -1.34108 0.0224526 1013.61 0.00034743 1 -0.0381504 -0.129944 0.05 4509.54
0 2112 2 phononTS 0.0011547 -4.42751 0.410846 -0.0096335 5552.11 0.00069486 1 -0.0299833 -0.257171 0.05 237278
0 2121 6 phononTS 0.000904822 0.0168349 2.2447 0.00933899 32774.7 0.00069486 1 -0.0157192 -0.190563 0.05 68248.9
0 2128 2 phononTS 0.000508911 1.68111 4.7757 -0.0296518 3129.1 0.00034743 1 -0.115239 -0.221191 0.05 11551.7
0 2129 4 phononL 0.00153379 -4.98441 -3.72951 0.00332692 2084.44 0.00104229 1 0.0641781 -0.165813 0.05 53181.7
0 2191 3 phononTS 0.0026458 1.90477 -2.43714 0.0443995 539.945 0.00138972 1 0.0905996 -0.178342 0.05 20299.8
0 2196 3 phononTS 0.00198081 -0.271508 -2.67043 -0.0466113 5120.12 0.00104229 1 0.0571595 -0.241282 0.05 95369.1
0 2197 3 phononTS 0.00161913 -3.24516 1.06632 0.0147137 877.039 0.00069486 1 0.0757728 -0.273563 0.05 4680.29
0 2234 9 phononL 0.000500518 0.14786 0.00958269 0.049999 69005.8 0.00034743 1 0.115533 -0.205553 0.05 127178
0 2249 5 phononTF 0.00208366 -1.63055 4.66529 -0.0467524 48691.2 0.00069486 1 0.0851319 -0.139579 0.05 98998.4
0 2249 4 phononTF 0.00110948 -1.63055 4.66529 -0.0467524 48691.2 0.00069486 1 -0.0932098 -0.136717 0.05 67479.9
0 2294 26 phononTF 0.000359274 -3.10084 0.0751072 0.049999 9051.45 0.00034743 1 0.0431906 -0.117122 0.05 16908.9
0 2365 22 phononTF 0.000569244 4.48171 0.0241073 0.049999 9986.89 0.00034743 1 -0.0690581 -0.245851 0.05 22208.6
0 2395 5 phononTF 0.000708436 2.66003 0.106225 0.049999 31303 0.00034743 1 -0.0875606 -0.265655 0.05 117845
0 2413 3 phononTS 0.00290669 0.0203518 -4.67874 -0.0460659 4468.14 0.00138972 1 -0.0350451 -0.113605 0.05 52650.7
0 2461 4 phononTS 0.00129665 1.31531 -0.467734 0.0383453 6725.62 0.00069486 1 -0.0330273 -0.188165 0.05 71222.1
0 2472 2 phononL 0.00181832 -4.63115 -3.84211 -0.0266194 4940.46 0.00104229 1 0.0322664 -0.279741 0.05 31331.8
0 2500 13 phononTS 0.000934308 -0.839983 3.59747 0.0415401 14595.9 0.00069486 1 0.0708661 -0.151059 0.05 24396.3
0 2540 3 phononL 0.00163223 -2.48515 4.26662 -0.0102166 6488.96 0.00069486 1 -0.069048 -0.280341 0.05 26131
0 2543 3 phononTS 0.00165816 -0.658081 -4.00266 -0.0280149 2590.48 0.00104229 1 -0.107942 -0.239862 0.05 85093.7
0 2583 7 phononTS 0.00163966 4.22744 2.23477 0.0128658 18611.6 0.00104229 1 -0.0211242 -0.147575 0.05 27610.2
0 2593 4 phononTF 0.00057063 -4.21396 0.0163632 0.049999 3370.25 0.00034743 1 -0.110909 -0.158594 0.05 5334.89
0 2631 3 phononTF 0.00192243 -1.08917 -2.42443 -0.0433238 1358.78 0.00104229 1 -0.0609585 -0.173802 0.05 3044.11
0 2633 7 phononTS 0.00144046 -0.118033 -0.328207 -0.00267206 21123.8 0.00069486 1 -0.0464043 -0.297784 0.05 21408.2
0 2672 3 phononTS 0.00204967 -2.35481 -2.43533 -0.0462717 11490 0.00138972 1 0.0363337 -0.258766 0.05 23315.4
0 2673 16 phononTS 0.00153461 1.41381 4.89697 0.0490274 30871.9 0.00104229 1 -0.0298833 -0.232434 0.05 58159.3
0 2674 3 phononL 0.00189921 -3.20892 -4.55871 -0.0223283 3184.77 0.00104229 1 -0.0406159 -0.265548 0.05 33542.7
0 2678 2 phononL 0.00275215 3.00821 -2.96088 0.0316577 8002.61 0.00173715 1 -0.0301505 -0.288411 0.05 12855.7
0 2699 3 phononTS 0.003726 0.164666 1.42991 0.0447367 20391.1 0.00173715 1 0.0780751 -0.114828 0.05 25959.2
0 2699 4 phononTF 0.000400013 0.0780751 -0.114828 0.049999 25959.2 0.00034743 1 -0.0876338 -0.131645 0.05 26034.7
0 2722 2 phononTF 0.00195055 -0.598092 -3.61217 -0.0453257 3389.73 0.00069486 1 0.0400407 -0.155189 0.05 26337.8
0 2729 4 phononTF 0.00089548 4.63973 4.63548 -0.0230805 9735.88 0.00069486 1 0.104347 -0.14627 0.05 70406.5
0 2734 2 phononTS 0.00259467 1.78815 1.99701 0.0484064 7774.89 0.00138972 1 0.0712017 -0.227778 0.05 15035.2
0 2739 3 phononTF 0.00362228 0.0339913 -0.317314 0.0135494 1378.47 0.00208458 1 0.0846282 -0.154878 0.05 6780.7
0 2739 2 phononTS 0.000377715 0.0339913 -0.317314 0.0135494 1378.47 0.00034743 1 -0.0982922 -0.152484 0.05 3033.22
0 2761 1 phononTF 0.004 1.37421 -0.40061 0.0381626 0 0.00243201 1 -0.0187314 -0.211363 0.05 4208.75
0 2779 3 phononTF 0.00177604 3.93203 1.43802 0.0079646 20937.6 0.00138972 1 -0.0370429 -0.205421 0.05 55075.8
0 2784 3 phononTS 0.00192215 2.64729 -1.40365 -0.0482471 11591.1 0.00104229 1 0.0342146 -0.254605 0.05 21516.5
0 2785 19 phononL 0.00150055 0.135884 -0.224485 0.0374374 4293.8 0.00069486 1 0.0896595 -0.207372 0.05 4344.6
0 2799 15 phononTS 0.00142041 -4.95679 3.73938 0.0284573 64066.7 0.00069486 1 -0.102179 -0.258255 0.05 192206
0 2809 2 phononTS 0.000886176 4.48615 3.38647 -0.0342675 179.873 0.00069486 1 0.0394481 -0.114429 0.05 56590.4
0 2823 2 phononTF 0.00254265 2.5947 4.44142 0.0344278 8.34875 0.00138972 1 -0.0755747 -0.220583 0.05 37068.2
0 2826 5 phononTF 0.00120855 3.78372 -2.13622 -0.0239401 24137.7 0.00069486 1 -0.0374059 -0.138944 0.05 46456.6
0 2826 2 phononTS 0.00201395 2.68092 3.26162 0.0334889 1301.02 0.00069486 1 -0.0570503 -0.26577 0.05 21762.6
0 2885 2 phononTS 0.00180592 3.44125 2.57496 0.0425292 17209.7 0.00069486 1 -0.056179 -0.138254 0.05 92976.7
0 2886 3 phononTS 0.00230448 -0.931016 -3.51181 0.0251947 16272.2 0.00138972 1 -0.0382284 -0.113065 0.05 47600.5
0 2910 3 phononTS 0.00233531 4.31092 -1.43949 -0.0239506 56.456 0.00069486 1 0.0360176 -0.294389 0.05 18682.5
0 2910 5 phononTS 0.000979874 0.0360176 -0.294389 0.049999 18682.5 0.00034743 1 0.0275858 -0.278925 0.05 18744
0 2914 2 phononTS 0.00134989 4.08195 0.87282 0.0493706 1890.54 0.00069486 1 0.0774776 -0.205763 0.05 6099.56
0 2947 1 phononTF 0.004 -0.154182 -0.57776 -0.039555 0 0.00173715 1 -0.0288123 -0.194837 0.05 867.596
0 2983 4 phononTF 0.000417828 0.33601 -0.0072963 0.049999 26764.3 0.00034743 1 0.0299022 -0.135205 0.05 28296.3
0 2998 2 phononTS 0.00200231 2.3023 -2.92913 -0.00740866 7493.9 0.00104229 1 -0.0146784 -0.201053 0.05 12811.3
0 3038 3 phononTS 0.00187456 -2.294 -2.19768 0.0428396 17351.4 0.00104229 1 0.11627 -0.169483 0.05 53528.7
0 3126 2 phononTF 0.00129898 -4.49152 -2.14534 -0.0404968 2726.08 0.00069486 1 -0.0505029 -0.211648 0.05 5198.32
0 3126 16 phononL 0.000423842 -0.0505029 -0.211648 0.049999 5198.32 0.00034743 1 -0.111524 -0.17087 0.05 5320.41
0 3129 2 phononTF 0.00053782 3.86128 0.00426933 0.049999 562.931 0.00034743 1 -0.0522188 -0.275547 0.05 135132
0 3131 2 phononTS 0.00234643 0.237756 -0.444643 0.0118529 16686.3 0.00138972 1 0.117857 -0.201974 0.05 16798.2
0 3139 2 phononTS 0.00192399 -4.49897 1.89624 0.0122731 7254.36 0.00104229 1 0.0374201 -0.10227 0.05 104863
0 3169 2 phononTF 0.00161914 1.69722 4.78356 -0.0160679 2699.72 0.00069486 1 -0.0351058 -0.203042 0.05 9306.98
0 3173 4 phononTS 0.00144613 -3.08921 2.32291 0.011655 2219.38 0.00069486 1 -0.101487 -0.249047 0.05 68106.8
0 3214 3 phononTF 0.00189544 -0.882404 1.40818 -0.0470991 14507.9 0.00104229 1 -0.10331 -0.183273 0.05 18240.2
0 3219 2 phononL 0.00276723 2.10293 -4.75583 0.0203139 2308.19 0.00138972 1 -0.0359889 -0.110054 0.05 15590.4
0 3219 13 phononTS 0.000401198 -0.0359889 -0.110054 0.049999 15590.4 0.00034743 1 -0.0576564 -0.121125 0.05 15657.5
0 3240 3 phononTF 0.00246488 -1.05408 -2.28912 -0.0104819 704.952 0.00138972 1 -0.08047 -0.140644 0.05 26661.3
0 3244 14 phononTS 0.00104604 0.6644 1.53407 -0.046043 48475.7 0.00034743 1 0.0667939 -0.282677 0.05 59164
0 3276 3 phononTS 0.0022843 -3.41639 -3.46262 -0.00859749 874.886 0.00104229 1 -0.0528792 -0.147185 0.05 62142.1
0 3285 4 phononTF 0.00196833 1.23056 3.97814 0.0287757 34117.8 0.00104229 1 0.0940238 -0.211745 0.05 45755.9
0 3308 2 phononL 0.0013395 -4.79204 3.68818 -0.000143264 2996.36 0.00034743 1 0.017828 -0.245365 0.05 8980.73
0 3353 1 phononTS 0.004 0.250016 -0.48385 -0.02963 0 0.00208458 1 -0.0788551 -0.137563 0.05 528.94
0 3353 6 phononTS 0.000684188 -0.0788551 -0.137563 0.049999 528.94 0.00034743 1 0.0320769 -0.151991 0.05 609.371
0 3370 2 phononTS 0.00175339 3.67682 1.69965 0.0360708 258.515 0.00104229 1 -0.0235799 -0.205949 0.05 132800
0 3374 3 phononTS 0.00272307 0.422831 -1.18728 -0.0108544 13719.3 0.00173715 1 -0.0282998 -0.198109 0.05 14769.8
0 3375 3 phononTF 0.00207329 0.286385 -2.99419 0.00573009 12340.8 0.00138972 1 0.101706 -0.242445 0.05 54472.1
0 3386 2 phononTF 0.00162101 -3.0151 -2.66326 -0.0315718 11931.7 0.00069486 1 -0.11758 -0.181566 0.05 19740
0 3389 4 phononL 0.000690931 -0.591742 4.86641 0.0219229 65890.4 0.00034743 1 0.0869269 -0.235875 0.05 126330
0 3394 3 phononTF 0.00149363 2.98188 -3.40514 0.0212161 6218.73 0.00069486 1 0.0391304 -0.165794 0.05 147334
0 3407 2 phononTS 0.00162004 -4.05178 3.26183 -0.0265843 4670.78 0.00069486 1 -0.086356 -0.121212 0.05 83059.9
0 3420 3 phononTF 0.00200185 1.50594 2.30338 0.0203254 8196.67 0.00138972 1 -0.0403661 -0.272511 0.05 199403
0 3431 2 phononL 0.00227608 0.544421 1.11655 0.0259122 533.218 0.00104229 1 -0.0807083 -0.243085 0.05 3758.31
0 3436 18 phononL 0.000900923 -4.36505 2.7436 -0.0182702 26579.7 0.00034743 1 -0.0538123 -0.0999687 0.05 64528.9
0 3458 5 phononTS 0.00139549 2.89687 4.38939 0.0106461 16326.3 0.00069486 1 -0.0251843 -0.25255 0.05 206990
0 3474 2 phononTS 0.00124706 -4.38992 4.72807 -0.00360005 5562.18 0.00104229 1 0.106234 -0.18764 0.05 15090.9
0 3480 3 phononTS 0.00261978 -1.90937 2.37713 -0.00286156 5147.65 0.00173715 1 -0.0685641 -0.2424 0.05 17419.7
0 3507 5 phononTS 0.000789923 0.681772 -4.99956 -0.0373423 22824.1 0.00034743 1 -0.0792719 -0.142793 0.05 78532.9
0 3531 3 phononTF 0.00142379 2.10823 -3.68269 0.044786 17837.2 0.00104229 1 0.0273872 -0.23802 0.05 46747.4
0 3534 1 phononTS 0.004 -0.611953 -1.14335 -0.0211734 0 0.00277944 1 0.0504213 -0.216391 0.05 1111.32
0 3534 19 phononTS 0.000350158 0.0504213 -0.216391 0.049999 1111.32 0.00034743 1 0.0385337 -0.131621 0.05 1296.02
0 3596 2 phononTS 0.00135435 1.67711 -0.987308 -0.00686541 8456.24 0.00069486 1 0.0291885 -0.165901 0.05 42932.7
0 3604 2 phononTF 0.00205653 -1.37077 -4.46278 0.0247577 3894.19 0.00104229 1 0.0230182 -0.220661 0.05 65904.7
0 3627 4 phononTS 0.000900214 -3.58374 1.48772 0.0455339 19677.9 0.00034743 1 0.0632076 -0.274155 0.05 24304.5
0 3642 5 phononTS 0.00106211 -0.114389 1.72408 -0.00860442 8187.41 0.00069486 1 -0.0855766 -0.211942 0.05 52979
0 3643 2 phononTF 0.00106644 2.42735 2.3537 0.0140125 1936.83 0.00069486 1 -0.023707 -0.159536 0.05 54920.8
0 3709 2 phononTS 0.00167071 -4.7923 -4.07148 -0.00994743 4806.62 0.00104229 1 -0.0262925 -0.127932 0.05 11500.2
0 3732 3 phononTS 0.0018636 2.19012 3.3618 -0.0167741 16644.4 0.00104229 1 -0.0787818 -0.17701 0.05 101086
0 3740 2 phononTF 0.00120757 3.37257 -1.70109 0.0191036 24946.2 0.00069486 1 0.0583064 -0.252453 0.05 211871
0 3769 7 phononTS 0.000869753 -4.45916 4.02947 -0.0106255 48514.9 0.00034743 1 0.0652059 -0.109463 0.05 58131.3
0 3773 1 phononTS 0.004 -1.22357 -0.30023 0.0031512 0 0.00138972 1 -0.0517621 -0.170605 0.05 5314.92
0 3815 1 phononL 0.004 1.29679 -0.529114 -0.0096537 0 0.00243201 1 0.0834167 -0.277372 0.05 1924.45
0 3881 3 phononTS 0.00276935 -1.94805 -1.2547 -0.0231347 8.51124 0.00138972 1 -0.112097 -0.230004 0.05 3045.91
0 3912 14 phononTF 0.00093575 0.920256 -3.23384 -0.00808955 13783.8 0.00034743 1 0.0116117 -0.211311 0.05 45837.4
0 3941 2 phononTF 0.00159812 4.75978 4.73155 0.0196032 13926.7 0.00138972 1 0.0855753 -0.18052 0.05 55769.8
0 3948 2 phononTF 0.000723789 -0.989704 0.0968018 0.049999 623.204 0.00034743 1 -0.0340417 -0.256967 0.05 1526.15
0 3957 3 phononTS 0.00238531 -0.168995 -0.00455711 0.0315229 152.126 0.00138972 1 -0.0841093 -0.255826 0.05 1598.16
0 3959 5 phononL 0.00146159 -2.73966 -2.21434 -0.0142287 21025.7 0.00104229 1 -0.0656484 -0.235428 0.05 43002.5
0 3967 1 phononTS 0.004 1.41469 -1.02811 0.0060981 0 0.00208458 1 -0.0364126 -0.145067 0.05 3907.5
0 3985 1 phononTS 0.004 0.663366 -0.433664 0.0117291 0 0.00243201 1 0.0796224 -0.1534 0.05 1222.45
0 3998 2 phononL 0.002103 0.34407 -3.58292 -0.0154996 4997.5 0.00069486 1 0.0466914 -0.211788 0.05 14845.1
0 3998 17 phononTF 0.000766065 0.0466914 -0.211788 0.049999 14845.1 0.00034743 1 0.0817718 -0.199169 0.05 15013
0 4000 2 phononTF 0.00140983 -0.387308 0.370957 0.0226545 5241.74 0.00069486 1 0.114449 -0.211684 0.05 5881.63
0 4014 3 phononTS 0.00192959 -1.33692 -3.06805 -0.0191447 4313.39 0.00104229 1 -0.0478495 -0.250656 0.05 16830.2
0 4015 2 phononL 0.00153994 4.72142 -2.60359 -0.0144796 3258.91 0.00069486 1 0.0628524 -0.157252 0.05 15083.2
0 4025 3 phononL 0.00243473 -1.12563 -2.14711 0.0202261 6912.88 0.00104229 1 0.0890628 -0.208318 0.05 68830.2
0 4049 2 phononTF 0.00156205 -0.372256 3.69412 -0.0356863 25552.2 0.00069486 1 0.0935793 -0.256178 0.05 33319.7
0 4072 1 phononTS 0.004 -2.70463 1.9786 0.0385953 0 0.00173715 1 -0.0604954 -0.178182 0.05 18323.5
0 4112 1 phononTS 0.004 -0.794056 -2.51298 0.000888494 0 0.00243201 1 -0.088879 -0.134497 0.05 14525
0 4162 2 phononTS 0.0020357 -2.31436 -3.95263 -0.0471398 3035.11 0.00104229 1 0.0432045 -0.161538 0.05 15869.6
0 4166 4 phononTF 0.000390801 -0.300281 0.0739137 0.049999 46062.9 0.00034743 1 0.0565906 -0.248832 0.05 46233.3
0 4199 3 phononTS 0.00242041 -4.56906 -2.47074 0.0474655 5451.28 0.00138972 1 -0.0755148 -0.227769 0.05 53667.6
0 4222 3 phononTF 0.00264531 -1.12428 1.42924 -0.00714415 1713.43 0.00173715 1 0.0226328 -0.2157 0.05 36431.2
0 4240 4 phononL 0.000412277 -0.684158 0.0632135 0.049999 56747.7 0.00034743 1 0.112801 -0.215597 0.05 58487.6
0 4241 19 phononTF 0.000367729 4.8108 0.0770894 0.049999 89815.6 0.00034743 1 0.0650466 -0.17198 0.05 142486
0 4288 4 phononTF 0.000506926 -0.0580841 0.0627361 0.049999 48125.9 0.00034743 1 -0.0481437 -0.150816 0.05 48252.5
0 4334 3 phononTF 0.00245056 4.4496 3.04439 -0.0396689 5417.87 0.00104229 1 -0.076746 -0.275227 0.05 21644.1
0 4348 1 phononTF 0.004 -0.342082 0.445192 -0.0266301 0 0.00173715 1 -0.0729035 -0.169726 0.05 918.96
0 4354 5 phononTS 0.0016903 0.267809 2.13446 0.0220775 31403.9 0.00104229 1 0.0972829 -0.157695 0.05 111839
0 4357 2 phononTF 0.00186364 -3.81362 -3.73151 0.0272353 17181.9 0.00104229 1 0.119174 -0.201845 0.05 60136.8
0 4367 5 phononTS 0.00121009 0.440659 2.99778 0.0441794 3061.37 0.00069486 1 -0.0286094 -0.161137 0.05 15094.9
0 4381 3 phononTS 0.00215881 -1.00704 2.56829 -0.0318123 18444 0.00104229 1 0.093874 -0.212574 0.05 41543.1
0 4384 9 phononTF 0.000611856 -4.4207 0.0950728 0.049999 7494.44 0.00034743 1 0.113932 -0.207721 0.05 43994.9
0 4409 3 phononTS 0.00297616 -0.12279 -1.99434 0.00309139 23624.5 0.00138972 1 0.0522766 -0.200678 0.05 75843.4
0 4409 5 phononTS 0.000414803 0.0522766 -0.200678 0.049999 75843.4 0.00034743 1 0.0732461 -0.135851 0.05 75920.6
0 4409 28 phononTS 0.000465116 0.450869 0.0544859 0.049999 86883.4 0.00034743 1 -0.100002 -0.196464 0.05 165843
0 4438 2 phononL 0.00177546 0.942632 1.7373 -0.0440952 2368.91 0.00104229 1 0.0487818 -0.162841 0.05 6430.85
0 4446 1 phononTS 0.004 0.424739 0.31587 0.0399141 0 0.00208458 1 0.0554953 -0.236977 0.05 1736.67
0 4446 2 phononL 0.000356702 0.0554953 -0.236977 0.049999 1736.67 0.00034743 1 0.0737185 -0.232104 0.05 1968.97
0 4483 26 phononTS 0.000412446 -2.85185 0.0236198 0.049999 4638.39 0.00034743 1 0.0779443 -0.235847 0.05 5624.26
0 4489 5 phononTF 0.00131285 -2.04902 2.37774 0.0243412 26622 0.00104229 1 -0.0433878 -0.296085 0.05 68398.6
0 4490 1 phononTF 0.004 -0.370001 -0.716509 0.00360638 0 0.00208458 1 -0.106527 -0.205362 0.05 1209.28
0 4511 4 phononTF 0.00118584 4.27497 -2.65414 0.0306336 42959.4 0.00034743 1 0.061469 -0.246354 0.05 53773.3
0 4522 31 phononTS 0.000602678 -1.01995 0.0722843 0.049999 8083.41 0.00034743 1 0.0848739 -0.214966 0.05 54835.4
0 4536 5 phononL 0.00104604 1.50224 -2.49181 0.0457651 13862.4 0.00069486 1 0.0826746 -0.265244 0.05 17861
0 4599 3 phononTS 0.00193338 -2.69651 1.63864 -0.000309693 1756.46 0.00138972 1 -0.102907 -0.205029 0.05 127512
0 4600 3 phononTS 0.00133504 -1.76518 2.60675 -0.0445929 16026.5 0.00034743 1 0.0402922 -0.304303 0.05 79811
0 4600 4 phononTF 0.000961353 0.0402922 -0.304303 0.049999 79811 0.00069486 1 0.105237 -0.164946 0.05 79892.7
0 4606 2 phononTF 0.00130339 1.77501 -4.51544 0.0410504 4369.66 0.00069486 1 0.111739 -0.189216 0.05 42588.9
0 4634 4 phononTS 0.000935029 0.0709867 0.0221491 0.049999 79065 0.00069486 1 0.0278261 -0.105182 0.05 79157.9
0 4671 2 phononL 0.00211192 0.128374 -0.845448 -0.0246914 2613.59 0.00104229 1 0.0187024 -0.248311 0.05 4102.17
0 4691 3 phononL 0.0018884 0.401148 -0.848816 -0.0472519 1834.53 0.00069486 1 -0.0360984 -0.249823 0.05 2439.1
0 4694 4 phononTF 0.000540383 3.45179 0.0705291 0.049998 104705 0.00034743 1 -0.0428397 -0.242373 0.05 129170
0 4700 11 phononTS 0.00116327 3.49897 0.953142 -0.0167736 11034.7 0.00069486 1 0.0135135 -0.200985 0.05 12747.3
0 4726 3 phononTF 0.00194453 -1.71025 3.40941 0.0408251 2859.85 0.00104229 1 -0.0299592 -0.260398 0.05 8409.58
0 4753 3 phononTS 0.00202092 -3.76891 -4.0462 -0.0188139 5330.48 0.00104229 1 0.0479738 -0.119439 0.05 15428.9
0 4767 5 phononTS 0.00212067 -2.28291 -4.53115 -0.031968 1800.53 0.00104229 1 -0.115451 -0.207623 0.05 74280.7
0 4781 2 phononTS 0.00121795 -2.48131 4.57745 0.0396985 6019.64 0.00069486 1 -0.0621648 -0.283753 0.05 15576.8
0 4794 4 phononTF 0.000562895 -1.91589 0.974082 -0.0270853 66659.1 0.00034743 1 0.07206 -0.170863 0.05 71401.4
0 4819 3 phononTF 0.0024662 -3.02623 0.266902 -0.0357494 3392.3 0.00104229 1 0.0823774 -0.218368 0.05 22460.1
0 4819 2 phononTF 0.0015338 -3.02623 0.266902 -0.0357494 3392.3 0.00069486 1 0.0592194 -0.284547 0.05 145909
0 4822 19 phononTS 0.000839298 3.01168 0.0619139 0.049999 57952.4 0.00069486 1 -0.111723 -0.233179 0.05 69735.4
0 4847 4 phononTS 0.00128677 3.66082 4.37467 0.00733435 7138.3 0.00069486 1 0.109626 -0.163132 0.05 16105.6
0 4847 17 phononTS 0.000475896 0.109626 -0.163132 0.049999 16105.6 0.00034743 1 0.106217 -0.157874 0.05 16173.2
0 4898 3 phononTF 0.0017385 -2.02578 -1.64097 0.00861645 751.545 0.00104229 1 -0.0933501 -0.225263 0.05 4520.49
0 4911 5 phononL 0.00148739 -0.201055 4.24802 0.0139642 25569.5 0.00069486 1 0.0698279 -0.119131 0.05 116525
0 4914 5 phononTF 0.00231692 4.7586 -4.5957 0.0126065 7080.96 0.00104229 1 0.0970609 -0.219584 0.05 18154.4
0 4914 6 phononTS 0.00051032 0.0970609 -0.219584 0.049999 18154.4 0.00034743 1 0.1088 -0.22978 0.05 18276.5
0 4928 3 phononTS 0.00246097 -0.709506 -1.14095 0.0357471 3930.3 0.00138972 1 -0.0859048 -0.276193 0.05 5062.03
0 4933 19 phononTF 0.000560458 -1.65276 0.0985578 0.049999 54796.4 0.00034743 1 -0.0783371 -0.118518 0.05 56621.4
0 4944 2 phononTS 0.00175141 -2.23828 -2.86295 0.0367461 1864.94 0.00069486 1 0.0414908 -0.263559 0.05 28510.1
0 4965 1 phononTS 0.004 0.897396 1.95952 0.0225187 0 0.00173715 1 -0.0449767 -0.192835 0.05 6620.78
0 4965 4 phononTF 0.000401219 -0.0449767 -0.192835 0.049998 6620.78 0.00034743 1 -0.0641127 -0.188024 0.05 6680.4
0 5021 3 phononTF 0.00187045 -0.0679332 -1.64937 0.0419267 8709.35 0.00138972 1 -0.0876736 -0.252755 0.05 9647.41
0 5039 5 phononL 0.00155319 -1.56374 1.95248 -0.0303342 2595.54 0.00069486 1 0.0666349 -0.19345 0.05 24599.9
0 5042 3 phononTF 0.0018959 1.65497 -2.08939 0.00918952 5086.93 0.00104229 1 -0.060171 -0.201723 0.05 26104.3
0 5044 2 phononL 0.00131881 4.9135 -1.15739 0.0222741 4568.45 0.00069486 1 0.0723492 -0.13355 0.05 17124.3
0 5051 3 phononL 0.00269823 -0.246871 -3.76993 0.0403211 52.4503 0.00173715 1 -0.0760942 -0.16575 0.05 32429.4
0 5066 17 phononTS 0.000862529 -2.46799 -1.63233 -0.00572232 17121.2 0.00034743 1 -0.0221152 -0.156099 0.05 90184.6
0 5076 2 phononTF 0.00136542 -0.342029 3.17432 0.046933 18096.8 0.00069486 1 -0.0991323 -0.158022 0.05 27000.1
0 5079 4 phononTS 0.00129534 -4.36406 3.43681 0.0467442 7212.26 0.00069486 1 -0.050927 -0.15524 0.05 23455.7
0 5086 4 phononTS 0.00108323 1.03806 2.08092 -0.023954 98306.4 0.00069486 1 0.0651748 -0.213862 0.05 149250
0 5154 2 phononTS 0.00165283 -4.19018 1.49406 -0.0304102 59.7009 0.00069486 1 -0.105099 -0.155823 0.05 102854
0 5219 3 phononL 0.00256872 -1.49964 0.591225 0.0157401 2864.36 0.00104229 1 0.0641579 -0.158559 0.05 4810.54
0 5238 1 phononTF 0.004 0.0972372 -0.44934 0.0398089 0 0.00138972 1 0.102935 -0.222328 0.05 1043.8
0 5238 5 phononTS 0.000579463 0.102935 -0.222328 0.049998 1043.8 0.00034743 1 -0.0440559 -0.247324 0.05 1136.21
0 5238 4 phononTF 0.000379893 0.102935 -0.222328 0.049998 1043.8 0.00034743 1 -0.102764 -0.146817 0.05 60951.5
0 5266 3 phononTF 0.00208459 0.260382 -2.70272 -0.0225626 11913.8 0.00104229 1 -0.0323449 -0.153326 0.05 51650.8
0 5294 2 phononTF 0.00231443 -1.44587 -1.21845 -0.024904 884.572 0.00138972 1 -0.103521 -0.216491 0.05 4637.12
0 5296 23 phononTF 0.000907375 4.31103 3.66326 -0.00656255 45853.2 0.00069486 1 -0.0270967 -0.279894 0.05 53844
0 5301 3 phononTS 0.00134186 3.02959 -1.57658 0.0306156 445.299 0.00069486 1 0.108466 -0.188081 0.05 3176.92
0 5305 3 phononTF 0.00113152 2.7406 -3.69869 0.0311754 7168.45 0.00104229 1 0.034959 -0.155684 0.05 24602.7
0 5311 2 phononTS 0.00157416 1.13862 4.01771 -0.0399849 4109.93 0.00104229 1 0.070335 -0.285159 0.05 19734.4
0 5317 3 phononTS 0.00159667 4.94552 1.46682 -0.0010767 11752.1 0.00104229 1 0.0712789 -0.288287 0.05 22751.8
0 5346 2 phononTS 0.00134328 3.1764 1.25659 -0.0374081 1708.46 0.00104229 1 -0.107225 -0.175636 0.05 60078.9
0 5349 13 phononTF 0.000350673 -3.66991 0.040198 0.049998 18346.2 0.00034743 1 -0.0674812 -0.187763 0.05 22927.6
0 5365 4 phononTS 0.00104797 0.0923751 0.0993808 0.049999 79276.5 0.00069486 1 0.0357176 -0.194816 0.05 79667.3
0 5376 2 phononTF 0.000426687 -0.0449895 0.0795056 0.049999 763.851 0.00034743 1 0.0225909 -0.173162 0.05 874.451
0 5393 2 phononTS 0.00132687 4.0373 4.4363 -0.0032869 954.49 0.00069486 1 0.0897161 -0.239112 0.05 28822
0 5413 1 phononTS 0.004 -0.348277 1.2998 0.00836326 0 0.00208458 1 0.03422 -0.210238 0.05 4804.55
0 5446 4 phononTS 0.00088552 1.03268 -3.82805 -0.0164116 58310.5 0.00034743 1 0.0623407 -0.183269 0.05 99506.6
0 5495 4 phononTS 0.000638277 -0.301456 0.0165402 0.049998 2487.97 0.00034743 1 -0.0727254 -0.129156 0.05 2726.26
0 5523 3 phononTS 0.00315679 -0.745107 -0.329962 0.0117102 8774.35 0.00173715 1 0.0591765 -0.232732 0.05 9368.66
0 5532 3 phononTF 0.0020173 0.602458 -0.637801 -0.0245664 564.6 0.00069486 1 0.0810673 -0.17577 0.05 850.789
0 5541 4 phononTS 0.000978444 -2.08468 -3.84087 -0.0213316 9075.75 0.00069486 1 0.115272 -0.206287 0.05 21122.5
0 5573 3 phononTS 0.00130936 1.79087 -1.23463 0.042084 1620.79 0.00069486 1 0.0707043 -0.286043 0.05 28638.4
0 5604 23 phononL 0.000414861 -0.305166 0.0942887 0.049999 62274.6 0.00034743 1 0.0723315 -0.127882 0.05 62397.6
0 5609 5 phononTS 0.00167095 -2.6006 -4.07179 0.0329902 59588.4 0.00034743 1 0.0971778 -0.231729 0.05 167429
0 5616 3 phononL 0.00173598 -0.792403 1.93153 0.0397355 4815.46 0.00069486 1 -0.0329913 -0.137842 0.05 80241.9
0 5626 3 phononL 0.00243448 -0.472071 -3.97598 -0.00882185 724.109 0.00173715 1 0.0743713 -0.220793 0.05 8042.7
0 5639 17 phononL 0.000986528 -3.56496 -3.00233 -0.0463242 26298 0.00034743 1 0.0903452 -0.181314 0.05 41632.9
0 5657 2 phononTS 0.0021444 3.02747 -2.76255 -0.032427 3828.8 0.00138972 1 -0.0204924 -0.253762 0.05 74602.6
0 5671 2 phononTS 0.00180382 0.450362 -4.60393 -0.0291946 1738.21 0.00104229 1 -0.0669741 -0.173258 0.05 41617.4
0 5675 2 phononL 0.00199209 0.167364 3.67748 -0.0444221 8641.31 0.00104229 1 0.0177363 -0.154652 0.05 19123.4
0 5690 14 phononTS 0.00119506 3.28017 -1.85167 0.0356491 34545.9 0.00069486 1 -0.0561375 -0.12693 0.05 89068.1
0 5703 2 phononL 0.000787883 3.87092 -0.683383 0.043775 19303.9 0.00034743 1 0.0569802 -0.200521 0.05 31657.1
0 5719 4 phononTF 0.00189883 0.110482 -0.507344 -0.0388179 28456.1 0.00138972 1 0.101514 -0.154973 0.05 28842.6
0 5742 3 phononTS 0.00113236 -4.34088 0.301194 -0.0374965 18876.9 0.00034743 1 -0.0248757 -0.127008 0.05 61420.1
0 5743 2 phononTF 0.00215761 4.21951 -1.70717 -0.0463306 11154.6 0.00104229 1 0.0802682 -0.132253 0.05 61625.7
0 5809 3 phononL 0.00123701 -4.55678 -1.87473 0.0140132 2398.06 0.00069486 1 -0.08789 -0.221497 0.05 37061.1
0 5811 3 phononTS 0.00144116 3.47034 -1.31853 0.0289821 4253.99 0.00104229 1 0.0911702 -0.225965 0.05 13548.6
0 5815 5 phononTS 0.00121602 2.00035 3.82594 -0.0251932 11594.3 0.00034743 1 0.0305368 -0.239069 0.05 53596.4
0 5835 25 phononTF 0.000383669 -4.0076 0.0711611 0.049999 52210.6 0.00034743 1 -0.0325508 -0.0986901 0.05 79752.4
0 5854 2 phononTS 0.00175346 -1.12599 4.07956 0.0145019 2357.2 0.00104229 1 0.0663005 -0.11376 0.05 35548.7
0 5857 5 phononTS 0.00097382 -0.234711 4.16762 0.0371456 15136.2 0.00034743 1 0.0158245 -0.184192 0.05 200271
0 5861 4 phononTS 0.000485384 -0.9651 0.0578122 0.049999 25284.7 0.00034743 1 0.0488994 -0.124378 0.05 25778.6
0 5870 5 phononL 0.00133824 3.43784 3.86255 -0.041051 11103.7 0.00069486 1 -0.0801043 -0.217806 0.05 18876.5
0 5884 2 phononTS 0.00231497 1.29438 1.60383 -0.0337146 7479.29 0.00104229 1 0.0502165 -0.273481 0.05 13212.6
0 5890 3 phononTF 0.00134547 -4.91117 4.04896 0.0129596 12.2494 0.00069486 1 -0.0860682 -0.262308 0.05 98055.3
0 5931 19 phononL 0.000570756 -0.376023 0.0255923 0.049999 49686.7 0.00034743 1 -0.0733954 -0.133585 0.05 50361.9
0 5946 2 phononL 0.00197709 2.15644 -3.06533 0.0358066 55.319 0.00104229 1 -0.119569 -0.196666 0.05 11148.2
0 5958 3 phononTS 0.00268652 -2.11867 0.395358 0.0215325 1143.71 0.00173715 1 -0.0922987 -0.193982 0.05 3127.14
0 5961 2 phononTS 0.0015344 0.116553 2.70583 0.0452304 3133.29 0.00104229 1 -0.060756 -0.197027 0.05 22822.9
0 5965 3 phononTS 0.00243565 -1.99599 -4.94885 0.0223324 2032.57 0.00173715 1 0.0216648 -0.21896 0.05 13451.6
0 5983 1 phononL 0.004 -0.275987 -0.571419 -0.020309 0 0.00277944 1 -0.0403382 -0.109578 0.05 2731.3
0 5996 13 phononTF 0.0016491 1.31359 4.23856 -0.0227947 9898.39 0.00104229 1 0.0744286 -0.15509 0.05 71317.3
0 6010 4 phononTS 0.00107781 3.80025 3.57465 -0.0451038 19087.5 0.00069486 1 -0.111144 -0.204487 0.05 89992.1
0 6032 4 phononTF 0.00114081 4.57163 -4.4387 0.0284184 3190.51 0.00069486 1 -0.0590516 -0.191286 0.05 69503.6
0 6042 2 phononTS 0.00206868 -0.831296 2.69204 0.0259369 13182.6 0.00104229 1 0.0349678 -0.111497 0.05 69167.6
0 6075 2 phononTF 0.00234356 3.26679 -4.51586 0.0481354 7989.52 0.00104229 1 0.0919974 -0.220882 0.05 35723.6
0 6078 2 phononTF 0.00153005 0.215314 -0.414432 0.0168309 2727.63 0.00069486 1 -0.0800752 -0.194067 0.05 4025.09
0 6095 2 phononTS 0.00275051 -1.10222 4.09252 -0.038279 128.195 0.00138972 1 0.0392437 -0.211565 0.05 19999.9
0 6123 3 phononTS 0.00241981 -0.721792 4.84281 0.036314 1886.52 0.00104229 1 -0.0277121 -0.162987 0.05 15214.4
0 6140 6 phononL 0.00079701 -4.92173 -4.25022 0.0163198 46545.3 0.00069486 1 0.0341411 -0.193764 0.05 133886
0 6168 6 phononTF 0.000595896 0.0350214 0.0139734 0.049999 146250 0.00034743 1 -0.0807146 -0.217872 0.05 146475
0 6193 2 phononL 0.00249757 -1.02326 -0.815491 0.00846193 2780.61 0.00138972 1 0.104981 -0.15007 0.05 5700.24
0 6215 2 phononTF 0.00213051 0.792986 -4.96008 0.00114873 413.409 0.00104229 1 -0.0921683 -0.174129 0.05 25527.4
0 6244 3 phononTS 0.00197249 1.67167 -1.15247 0.0214671 284.295 0.00034743 1 0.081004 -0.274007 0.05 2798.71
0 6252 3 phononTS 0.0018295 -4.14647 -3.0194 -0.0126177 4977.56 0.00104229 1 -0.0516177 -0.150573 0.05 44565.5
0 6254 3 phononTS 0.00127356 1.57679 3.30229 0.00267942 2778.31 0.00069486 1 -0.089812 -0.247682 0.05 93069.4
0 6263 3 phononTS 0.00176503 -2.53092 -2.61378 0.00200518 24636.3 0.00138972 1 -0.0315646 -0.152481 0.05 37949.6
0 6264 2 phononTS 0.0021411 -1.66277 -0.670547 0.0198394 11497.8 0.00069486 1 0.0401759 -0.266058 0.05 15849
0 6264 20 phononTS 0.000410982 0.0401759 -0.266058 0.049999 15849 0.00034743 1 0.038057 -0.27633 0.05 15907.5
0 6291 1 phononTS 0.004 0.102181 -0.766319 -0.0285263 0 0.00277944 1 -0.024037 -0.157688 0.05 1517.8
0 6308 2 phononTS 0.00296713 1.89453 -1.25491 -0.0133435 41521.3 0.00173715 1 0.0544594 -0.190876 0.05 45269.4
0 6311 3 phononL 0.00199919 -2.9818 -1.69554 -0.00584345 3033.95 0.00104229 1 0.104813 -0.224478 0.05 44814
0 6315 5 phononTS 0.00155 -4.99404 -3.45152 0.0161322 33118.8 0.00069486 1 -0.0336343 -0.111143 0.05 47282.1
0 6319 1 phononTF 0.004 0.510822 -0.350838 -0.0349031 0 0.00173715 1 0.0674674 -0.257283 0.05 442.035
0 6327 2 phononTS 0.00234342 -1.82418 2.64313 -0.00139654 3449.02 0.00138972 1 -0.0882704 -0.184461 0.05 6609.14
0 6330 2 phononTS 0.00179579 -0.152704 0.0680833 0.049999 8315.51 0.00104229 1 -0.0491696 -0.254152 0.05 8458.37
0 6385 3 phononL 0.00278097 3.10795 4.76693 0.0292716 13665.3 0.00173715 1 -0.079032 -0.14051 0.05 34099.2
0 6427 2 phononL 0.00220108 0.721753 1.43215 -0.0154651 8134.96 0.00104229 1 -0.0826573 -0.267334 0.05 10206.4
0 6446 2 phononTF 0.00217935 -3.60188 2.26562 0.011633 1836.09 0.00138972 1 0.103836 -0.160279 0.05 18163.3
0 6489 3 phononTS 0.00179648 1.24331 -1.96532 0.0457903 1116.07 0.00069486 1 0.0673152 -0.238392 0.05 7170.19
0 6499 2 phononTS 0.0024633 -1.52435 3.67839 -0.0409968 315.964 0.00104229 1 0.0781526 -0.260965 0.05 44957.9
0 6499 16 phononTS 0.000361477 0.0781526 -0.260965 0.049999 44957.9 0.00034743 1 -0.0466481 -0.163787 0.05 45044.7
0 6534 4 phononTF 0.00103737 2.81179 -3.87126 -0.0403777 19330.6 0.00069486 1 -0.0644665 -0.164096 0.05 62898.5
0 6552 12 phononTS 0.00120088 -1.88053 -3.50211 0.00908651 21560.9 0.00104229 1 0.0513712 -0.167967 0.05 25517.6
0 6560 3 phononTS 0.00287699 3.36492 -0.952219 0.00180686 1418.7 0.00173715 1 0.0489712 -0.149599 0.05 16187.3
0 6590 3 phononTS 0.00226607 0.0349797 -3.19574 -0.0234063 183.037 0.00138972 1 0.0961789 -0.152554 0.05 7097.5
0 6641 2 phononL 0.00161565 -1.78566 3.28933 0.00692007 4629.56 0.00069486 1 -0.10086 -0.168255 0.05 28997.9
0 6645 2 phononL 0.00166289 -3.34194 -0.473203 -0.000878805 8956.19 0.00104229 1 0.0261194 -0.150986 0.05 13779.7
0 6651 3 phononTS 0.00264895 -1.88273 3.05999 0.0371981 8075.97 0.00104229 1 0.0867027 -0.145278 0.05 14920.5
0 6651 8 phononTS 0.000683869 0.0867027 -0.145278 0.049999 14920.5 0.00034743 1 0.0881127 -0.13109 0.05 14981
0 6660 3 phononTS 0.00247994 -0.682587 1.54892 -0.0228422 4360.14 0.00069486 1 -0.0750884 -0.174461 0.05 44043
0 6660 9 phononTS 0.000553818 -0.0750884 -0.174461 0.049999 44043 0.00034743 1 0.0295988 -0.130959 0.05 44282.4
0 6676 1 phononL 0.004 0.54461 -1.02828 -0.0127402 0 0.00243201 1 -0.0717995 -0.289116 0.05 1101.2
0 6680 4 phononTS 0.00083887 -3.07422 2.59054 -0.0365825 42878.6 0.00034743 1 0.0841639 -0.129015 0.05 121208
0 6694 3 phononTF 0.00214681 -1.51047 1.8006 -0.0278382 358.842 0.00138972 1 0.0280289 -0.250337 0.05 4393.32
0 6694 2 phononL 0.00185319 -1.51047 1.8006 -0.0278382 358.842 0.00104229 1 -0.0783121 -0.212127 0.05 13472.5
0 6702 5 phononTF 0.00118545 3.64816 -0.329818 0.0129053 2683.88 0.00069486 1 -0.0646048 -0.300735 0.05 37006.8
0 6718 2 phononTS 0.0020934 0.0609985 -0.970839 -0.0475098 1065.5 0.00138972 1 -0.0757613 -0.124404 0.05 3077.01
0 6725 18 phononTS 0.00123809 -3.3214 2.68617 0.0129542 101057 0.00069486 1 -0.051395 -0.204692 0.05 139521
0 6757 3 phononTS 0.00173177 2.58486 -2.57442 0.0163916 5909.03 0.00138972 1 0.0293597 -0.274614 0.05 35398.4
0 6760 2 phononL 0.00162596 1.063 1.38901 0.0452758 12905.5 0.00069486 1 0.0821556 -0.273938 0.05 37584.2
0 6761 3 phononTF 0.00187442 2.28941 3.91732 -0.0400741 491.644 0.00104229 1 -0.0702473 -0.135515 0.05 19091.2
0 6768 4 phononTS 0.00113611 -0.756835 3.47071 -0.038858 17262.5 0.00069486 1 -0.0319389 -0.272659 0.05 19771.2
0 6784 1 phononTS 0.004 -0.769667 -0.545259 -0.00605571 0 0.00173715 1 0.0854481 -0.147124 0.05 4288.04
0 6811 2 phononTF 0.000643725 -4.16864 -2.3763 0.0279686 17317.3 0.00034743 1 0.0433151 -0.156594 0.05 144981
0 6840 1 phononL 0.004 -1.80145 -0.836624 -0.0131192 0 0.00208458 1 -0.0377192 -0.261359 0.05 7082.03
0 6870 3 phononTF 0.00183194 2.54174 4.98108 -0.0147954 603.384 0.00138972 1 -0.0276104 -0.176675 0.05 76144.6
0 6885 2 phononTF 0.00243389 0.52561 1.86086 0.0486457 4187.7 0.00138972 1 -0.0353514 -0.233591 0.05 9266.65
0 6886 19 phononTF 0.000785277 2.52279 2.52574 0.0321964 7375.91 0.00069486 1 0.0297483 -0.15448 0.05 22814
0 6888 3 phononL 0.00245033 1.42335 -1.82803 0.0137411 4037.75 0.00138972 1 0.0324105 -0.158404 0.05 7043.8
0 6890 2 phononTF 0.00280007 1.08574 -2.07344 0.0477147 448.7 0.00069486 1 -0.100376 -0.170282 0.05 11564.9
0 6890 15 phononTS 0.00131407 -0.100376 -0.170282 0.049999 11564.9 0.00069486 1 -0.0245992 -0.15547 0.05 46907.9
0 6935 6 phononTS 0.000457973 0.788236 0.0707864 0.049999 3433.03 0.00034743 1 0.0449665 -0.227864 0.05 3744.49
0 6943 4 phononTS 0.000650715 -3.14459 0.034486 0.049998 18710.7 0.00034743 1 0.0634633 -0.153074 0.05 32785.8
0 6963 3 phononTS 0.00222296 -1.43683 3.69085 0.0235854 10653.8 0.00104229 1 -0.037486 -0.246111 0.05 55958.5
0 6968 2 phononTS 0.00207763 -3.68791 -3.07061 -0.0352523 10537.1 0.00069486 1 0.0997228 -0.149309 0.05 21987.7
0 7017 1 phononTS 0.004 -0.09725 -0.683577 -0.00296215 0 0.00173715 1 0.031196 -0.168527 0.05 7412.58
0 7052 4 phononTF 0.00042897 -0.154758 0.0962959 0.049998 11687.6 0.00034743 1 0.0655917 -0.205892 0.05 22667.6
0 7056 2 phononTF 0.00140798 -4.59562 -0.386487 0.00368888 1520.89 0.00104229 1 0.025933 -0.256524 0.05 8876.42
0 7081 9 phononTS 0.000494543 -0.327541 0.0766413 0.049999 30191.1 0.00034743 1 -0.0879652 -0.234323 0.05 30508.9
0 7086 3 phononTS 0.00175234 -0.0909291 -0.595386 -0.0148044 796.881 0.00138972 1 -0.0580729 -0.161021 0.05 1062.52
0 7100 9 phononTS 0.00121889 -4.95705 2.88258 0.0264304 96930.4 0.00069486 1 -0.0923259 -0.151854 0.05 178467
0 7105 2 phononTS 0.00155517 1.44866 -0.102705 -0.0306994 491.361 0.00104229 1 -0.0391796 -0.159984 0.05 5369.57
0 7110 4 phononTS 0.00108552 1.71862 4.96723 -0.0242604 39759.4 0.00034743 1 0.0751133 -0.172177 0.05 143855
0 7133 4 phononTS 0.000657068 -3.98558 -1.59119 -0.0211021 32168.7 0.00034743 1 0.068549 -0.1244 0.05 47110.7
0 7148 16 phononTS 0.00128061 -1.46062 -1.01838 -0.026978 9800.45 0.00104229 1 -0.0442659 -0.24071 0.05 40314.2
0 7160 2 phononTS 0.00108639 -1.12618 3.3273 0.0228442 3825.51 0.00069486 1 -0.0890672 -0.265585 0.05 19527.5
0 7163 3 phononTS 0.00279493 -1.35395 -1.22903 0.0135379 2073.97 0.00173715 1 0.0508393 -0.249189 0.05 27782.5
0 7165 5 phononTF 0.00162856 3.05861 3.60759 -0.0313803 9290.16 0.00069486 1 -0.0273178 -0.262904 0.05 30147
0 7168 17 phononTS 0.00109312 -2.55857 2.04418 -0.0297279 60545 0.00069486 1 -0.0378126 -0.205754 0.05 75138.3
0 7201 2 phononTS 0.00194192 4.10211 -4.36778 0.0273509 1846.99 0.00069486 1 0.042945 -0.283844 0.05 17359.2
0 7207 2 phononTS 0.00236702 -1.3137 -3.09079 0.0440961 34.5614 0.00104229 1 -0.0304515 -0.115548 0.05 7479.6
0 7207 14 phononTS 0.000493825 -0.0304515 -0.115548 0.049999 7479.6 0.00034743 1 0.0635683 -0.182978 0.05 7722.24
0 7239 3 phononTF 0.00213986 1.16026 -2.45463 -0.0466596 12194.4 0.00069486 1 -0.0932064 -0.240993 0.05 21508.5
0 7247 5 phononTS 0.00162079 -4.48558 3.09164 -0.0232763 122796 0.00069486 1 -0.0479217 -0.281633 0.05 153088
0 7254 4 phononTF 0.000780434 1.06322 -3.8187 0.0147074 176.866 0.00034743 1 -0.106493 -0.248186 0.05 14123.5
0 7259 3 phononL 0.0021261 0.219888 -1.16616 0.042677 2406.95 0.00069486 1 0.0442096 -0.254044 0.05 9669.29
0 7262 16 phononTS 0.00044453 0.240611 0.0988762 0.049999 15768.6 0.00034743 1 -0.0933063 -0.197047 0.05 16282.3
0 7264 4 phononTS 0.000989945 -2.25065 -0.00702821 0.049999 38852 0.00034743 1 -0.0348032 -0.105632 0.05 94480
0 7273 2 phononTF 0.00128112 2.33999 4.11298 -0.00558859 559.352 0.00069486 1 0.0870696 -0.273625 0.05 11880.2
0 7277 5 phononTF 0.00106144 -2.98232 -2.76672 0.0270183 2224.81 0.00069486 1 -0.104936 -0.218182 0.05 66795.1
0 7296 3 phononTS 0.00255776 -2.12513 3.98036 -0.0317917 3846.8 0.00138972 1 0.0691468 -0.235857 0.05 12939.3
0 7318 3 phononTF 0.0016944 -3.03986 2.63072 0.0248826 18300.7 0.00104229 1 0.112134 -0.196893 0.05 55043.5
0 7343 2 phononTS 0.001934 2.54127 2.21338 -0.0373503 7794.33 0.00069486 1 -0.0166067 -0.226669 0.05 37465.8
0 7343 17 phononTS 0.00076288 -0.0166067 -0.226669 0.049998 37465.8 0.00034743 1 -0.0234163 -0.231461 0.05 37522.8
0 7347 2 phononTF 0.00174137 3.4719 0.863913 0.00285841 1515.25 0.00069486 1 0.0237379 -0.263342 0.05 112581
0 7348 2 phononTS 0.00286183 -3.60975 2.50085 0.0498394 10691.7 0.00173715 1 0.037219 -0.127956 0.05 69447.8
0 7357 7 phononTF 0.000464341 -0.458806 0.0411115 0.049999 40033.8 0.00034743 1 -0.10335 -0.164394 0.05 41773
0 7368 2 phononTF 0.00226581 -1.77112 -2.60532 -0.0395018 2216.35 0.00069486 1 -0.0534493 -0.120011 0.05 5653.74
0 7370 2 phononTF 0.00233192 -0.397345 2.88921 -0.0387276 14553.2 0.00138972 1 0.0377836 -0.276615 0.05 40874.2
0 7392 2 phononTF 0.000863548 -4.23535 4.65744 -0.00518632 13818.1 0.00034743 1 -0.119438 -0.185798 0.05 89225
0 7440 3 phononTS 0.00200064 2.24999 -3.02989 -0.0362556 993.581 0.00104229 1 0.0324416 -0.253292 0.05 35146.8
0 7440 2 phononTS 0.00199936 2.24999 -3.02989 -0.0362556 993.581 0.00069486 1 0.0793048 -0.146015 0.05 6448.45
0 7440 22 phononTF 0.000520058 0.0793048 -0.146015 0.049999 6448.45 0.00034743 1 0.0693148 -0.222237 0.05 6512.36
0 7480 3 phononTF 0.00203418 -4.57807 2.5862 -0.0482722 236.9 0.00104229 1 -0.0380393 -0.187626 0.05 42402.4
0 7480 8 phononTS 0.000490383 -0.0380393 -0.187626 0.049999 42402.4 0.00034743 1 -0.0665335 -0.158845 0.05 42468.3
0 7480 22 phononTF 0.000548328 2.81826 -3.09789 0.0383503 57021.4 0.00034743 1 -0.0893656 -0.248849 0.05 162537
0 7481 2 phononTF 0.00146497 1.57648 -1.29339 0.0138594 3691.42 0.00069486 1 -0.114602 -0.225017 0.05 5208.05
0 7492 7 phononTF 0.000837012 1.62562 -0.744308 0.0219506 26892.5 0.00069486 1 0.113805 -0.203097 0.05 124883
0 7497 25 phononL 0.00101256 -0.0832597 -4.19418 0.0150106 71483.8 0.00069486 1 0.0313445 -0.23542 0.05 129065
0 7504 3 phononL 0.00284981 2.59976 4.95335 0.0342408 6390.14 0.00138972 1 -0.0205924 -0.14048 0.05 44888.4
0 7535 2 phononTS 0.00137227 1.05584 -1.39808 0.0258693 33906.9 0.00104229 1 -0.113814 -0.229283 0.05 103384
0 7561 13 phononTS 0.00151701 -3.28205 3.50055 -0.0207335 61947.6 0.00069486 1 -0.072537 -0.28174 0.05 66810
0 7611 5 phononTS 0.00138294 0.614814 0.935743 -0.0173511 30862.8 0.00104229 1 -0.0599736 -0.167657 0.05 74491.7
0 7659 3 phononTS 0.00131196 -0.57069 2.44318 -0.0338089 3659.56 0.00069486 1 -0.0825106 -0.218245 0.05 16094.2
0 7683 2 phononTS 0.00209289 -0.30396 2.8778 -0.0221176 5186.43 0.00104229 1 0.105265 -0.253282 0.05 34411.3
0 7690 3 phononTS 0.00190616 -1.50656 3.42013 -0.0188004 455.483 0.00104229 1 -0.0267622 -0.181661 0.05 16567.6
0 7718 5 phononTS 0.00178213 3.57887 -4.08108 -0.00674169 10887.4 0.00104229 1 -0.0395185 -0.119383 0.05 52305
0 7764 2 phononTF 0.00257751 3.82476 -3.73289 -0.0463575 2400.33 0.00104229 1 0.0513172 -0.100874 0.05 37141.6
0 7764 13 phononTS 0.00043766 0.0513172 -0.100874 0.049999 37141.6 0.00034743 1 -0.0911018 -0.208653 0.05 37250.6
0 7784 19 phononTS 0.00138936 1.74144 -1.47372 0.0467988 124329 0.00104229 1 -0.0323125 -0.281823 0.05 152982
0 7803 3 phononTF 0.002375 -2.03798 0.496777 0.0176842 1084.5 0.00104229 1 -0.0461863 -0.115224 0.05 58599.5
0 7829 4 phononL 0.0018929 -4.61871 -4.62809 -0.0481126 12426 0.00104229 1 -0.0560281 -0.243243 0.05 29556.9
0 7880 2 phononTF 0.00151605 -0.738418 0.408913 0.0150635 7731.8 0.00104229 1 -0.0279611 -0.120816 0.05 16675.7
0 7893 3 phononTF 0.00187743 -1.81895 -1.98066 0.0288829 6931.71 0.00138972 1 -0.0754507 -0.231951 0.05 41270.9
0 7899 2 phononTS 0.00128896 0.453118 1.8003 -0.0420336 3021.01 0.00104229 1 0.0349811 -0.19497 0.05 11045.8
0 7902 2 phononTS 0.00131656 3.48284 0.503585 -0.0458664 13427.9 0.00069486 1 -0.0649354 -0.226899 0.05 36401.9
0 7907 3 phononL 0.0028856 -1.05175 4.33598 -0.0392171 7614.26 0.00173715 1 -0.0550589 -0.285211 0.05 32198.4
0 7933 2 phononTF 0.00268949 -0.206082 -0.750466 0.0444397 126.541 0.00104229 1 0.0978101 -0.259638 0.05 37816.5
0 7946 1 phononTS 0.004 -0.403047 -0.895727 0.0243619 0 0.00173715 1 -0.119239 -0.181392 0.05 1138.11
0 7948 2 phononTS 0.00131702 1.62174 -3.14318 0.0212968 11380.3 0.00069486 1 -0.0325261 -0.207698 0.05 41797.2
0 7960 3 phononTS 0.00219006 3.21909 0.741788 -0.0245937 2240.95 0.00138972 1 0.10794 -0.227648 0.05 5371.73
0 7964 3 phononL 0.00238275 1.32155 -0.544083 -0.022938 6805.29 0.00104229 1 -0.0165516 -0.208272 0.05 90135
0 7966 30 phononTS 0.000417676 -1.98844 1.11682 0.0182928 21415.7 0.00034743 1 0.0831148 -0.203673 0.05 28191.3
0 7968 2 phononTF 0.00146856 -2.81813 -3.82746 -0.0487983 1441.6 0.00069486 1 0.0484947 -0.291772 0.05 63275.1
0 7974 2 phononTS 0.000755016 0.41083 3.63265 -0.0225197 22.7074 0.00034743 1 0.0365546 -0.0993241 0.05 20003
0 7991 3 phononTF 0.00322272 -0.495411 -0.513773 0.00932263 4532.7 0.00208458 1 -0.0863449 -0.26194 0.05 4738.14
0 8012 2 phononL 0.00197611 4.844 -0.939539 -0.00914001 5310.34 0.00104229 1 -0.0866087 -0.266473 0.05 79830.1
0 8035 25 phononTS 0.000753909 -3.17783 2.86585 0.0402078 1570.39 0.00034743 1 0.102844 -0.21025 0.05 25302.2
0 8035 27 phononTS 0.000389624 0.102844 -0.21025 0.049998 25302.2 0.00034743 1 0.0307808 -0.146081 0.05 25376.8
0 8038 2 phononTF 0.00284663 2.90729 1.24776 0.0158371 5294.4 0.00104229 1 0.0985886 -0.208223 0.05 9756.99
0 8039 2 phononTS 0.0024441 -0.193909 4.62767 0.00719608 26160 0.00138972 1 0.0395856 -0.136509 0.05 40628.7
0 8045 4 phononTS 0.001369 2.99594 -1.15783 0.0451686 26701.1 0.00069486 1 0.0213584 -0.226867 0.05 41766.2
0 8058 2 phononL 0.00166787 -3.64479 1.96599 -0.0474955 760.333 0.00069486 1 -0.0401599 -0.302737 0.05 11363
0 8068 3 phononTF 0.00178721 -3.28676 0.898817 -0.0148218 3537.59 0.00069486 1 0.0264321 -0.174281 0.05 64629.5
0 8085 2 phononTF 0.00207092 -1.55012 -1.69013 -0.0369574 8470.56 0.00104229 1 0.0823514 -0.128013 0.05 15246.2
0 8119 4 phononTS 0.000643504 -1.79827 1.6192 0.0421589 23556.7 0.00034743 1 0.0443809 -0.170929 0.05 26908.9
0 8122 2 phononL 0.0023851 3.45423 -3.78277 0.0278808 11094.4 0.00138972 1 -0.0325897 -0.164694 0.05 21573.5
0 8136 19 phononTS 0.000704023 -0.270472 4.05926 0.0227669 136447 0.00034743 1 0.0639554 -0.258736 0.05 143568
0 8155 4 phononL 0.00102111 1.26706 3.21039 -0.0037061 77295.2 0.00069486 1 0.0286197 -0.28833 0.05 84119
0 8158 13 phononTS 0.000480661 -0.463674 1.01535 -0.049245 13563 0.00034743 1 0.109563 -0.189634 0.05 16238.9
0 8166 3 phononTF 0.00241319 2.52944 3.34921 0.0108927 1607.62 0.00138972 1 -0.0380858 -0.144096 0.05 38408.3
0 8174 14 phononTS 0.00041978 1.17491 -0.00325753 0.049999 37066.1 0.00034743 1 -0.0548373 -0.290661 0.05 37488.8
0 8200 3 phononTS 0.00222296 4.07812 3.25964 0.0097751 6371.68 0.00104229 1 -0.0442894 -0.233273 0.05 31084.8
0 8213 3 phononL 0.00246589 -2.37731 -3.38326 -0.00639291 2150.21 0.00138972 1 0.0880188 -0.27657 0.05 27500
0 8216 3 phononTS 0.00186206 1.10144 -4.04451 -0.0195957 25994.7 0.00069486 1 0.100368 -0.239078 0.05 96404.2
0 8242 2 phononTS 0.00180416 1.25659 -4.47914 -0.0143444 68.2117 0.00069486 1 -0.0922006 -0.250501 0.05 5698.03
0 8242 24 phononTS 0.000617015 -0.0922006 -0.250501 0.049999 5698.03 0.00034743 1 -0.044584 -0.249053 0.05 5764.08
0 8269 4 phononTS 0.000569514 -0.862155 0.0502791 0.049999 112056 0.00034743 1 0.0840918 -0.194882 0.05 112802
0 8283 2 phononTS 0.00214005 4.48037 3.80069 0.0213631 844.342 0.00104229 1 -0.108556 -0.212863 0.05 10290.3
0 8303 4 phononTF 0.00170079 -3.06126 -4.79891 0.034399 12662.8 0.00034743 1 -0.0297995 -0.263558 0.05 68478.8
0 8326 2 phononTS 0.00156366 -3.93462 -1.95299 0.0345865 10217.8 0.00034743 1 -0.0942405 -0.162715 0.05 138641
0 8328 3 phononTS 0.00221722 -3.97056 -2.39376 -0.0470494 13254.9 0.00138972 1 0.116566 -0.217551 0.05 39728.3
0 8332 16 phononTF 0.000944406 -4.46197 0.0144034 0.049999 54391.1 0.00069486 1 -0.0931644 -0.241168 0.05 70971.5
0 8348 3 phononTS 0.0023453 1.77693 1.44369 -0.030109 6221.22 0.00069486 1 0.0295468 -0.160225 0.05 58662.9
0 8396 2 phononTF 0.00215934 -0.568276 -4.7499 -0.0102401 6.78752 0.00104229 1 0.0509032 -0.264195 0.05 8643.58
0 8408 3 phononTS 0.00195791 -3.43299 2.31568 -0.0134323 13382.6 0.00104229 1 0.0837209 -0.177165 0.05 34097.2
0 8417 2 phononTS 0.00181556 0.0171868 4.55279 -0.0274815 11119.9 0.00104229 1 0.0261574 -0.267568 0.05 42137.6
0 8439 3 phononTF 0.00280259 0.953795 -2.44767 -0.0317667 1911.16 0.00104229 1 -0.0523895 -0.124603 0.05 5900.32
0 8457 3 phononTS 0.00232802 -1.66934 1.72041 -0.00858437 33473.4 0.00104229 1 -0.0399726 -0.150497 0.05 54061.3
0 8462 2 phononTS 0.000780259 2.94487 -1.89145 0.0465293 2581.53 0.00034743 1 -0.0499992 -0.211052 0.05 9269.8
0 8466 2 phononTS 0.00259857 -1.90759 -4.76133 -0.00356358 5364.64 0.00138972 1 0.0614044 -0.205794 0.05 34814.1
0 8469 6 phononTS 0.000489676 0.798709 0.0205893 0.049999 47048.3 0.00034743 1 -0.0106104 -0.193235 0.05 70606.6
0 8478 3 phononTS 0.00216913 -0.0522848 -3.59665 -0.0363431 10992.2 0.00138972 1 0.109561 -0.214368 0.05 30544
0 8478 2 phononTS 0.00183087 -0.0522848 -3.59665 -0.0363431 10992.2 0.00104229 1 0.0497726 -0.239931 0.05 17380.8
0 8499 21 phononTS 0.000444052 -2.29246 0.0762675 0.049998 19002 0.00034743 1 -0.0998166 -0.161419 0.05 44726.8
0 8503 2 phononTF 0.00110775 0.0328035 -1.67179 0.0230897 21886.3 0.00069486 1 -0.0728294 -0.158672 0.05 23312.7
0 8517 24 phononTF 0.000450016 0.9628 0.0220896 0.049999 24081.8 0.00034743 1 0.102834 -0.173142 0.05 56077.8
0 8542 5 phononTF 0.00146165 -2.28892 -1.31732 0.0400153 7200.68 0.00104229 1 -0.0282379 -0.145209 0.05 38257.7
0 8575 3 phononTS 0.00249915 0.0728383 -0.403901 -0.0296596 2249.76 0.00173715 1 -0.0626072 -0.157077 0.05 2559.04
0 8575 2 phononTS 0.00150085 0.0728383 -0.403901 -0.0296596 2249.76 0.00069486 1 -0.0762023 -0.235611 0.05 2631.97
0 8577 2 phononTS 0.00177256 -3.51258 -4.91371 -0.000562485 1424 0.00104229 1 0.0575313 -0.261831 0.05 10083.9
0 8578 3 phononTS 0.00221451 -1.80664 -1.74643 -0.045877 3027.67 0.00104229 1 0.0578033 -0.271553 0.05 7727.86
0 8578 6 phononTF 0.000491605 0.0578033 -0.271553 0.049999 7727.86 0.00034743 1 0.0970069 -0.217996 0.05 7857.87
0 8585 5 phononTF 0.00109968 2.01641 -4.23481 0.0198476 46298.7 0.00104229 1 0.0617328 -0.216275 0.05 177400
0 8600 3 phononTS 0.00126981 -0.514975 -4.19018 0.00497992 22.8935 0.00034743 1 0.0733924 -0.158296 0.05 2648.72
0 8605 2 phononTF 0.00156528 -4.16997 -4.3328 0.0303152 3790.72 0.00069486 1 0.0260723 -0.236892 0.05 44661
0 8616 3 phononL 0.00227017 -1.27062 3.02648 -0.0473797 3613.06 0.00138972 1 -0.107667 -0.212513 0.05 6729.77
0 8676 2 phononTS 0.00196295 2.26143 2.80604 0.0342354 5317.42 0.00104229 1 0.0315143 -0.27459 0.05 17996.7
0 8713 2 phononTS 0.000563381 0.182009 -3.77484 0.00677031 6708.89 0.00034743 1 -0.0338717 -0.221065 0.05 8252.94
0 8760 5 phononTS 0.00177863 2.84644 -0.734913 -0.0477352 20013.1 0.00138972 1 0.0554875 -0.156713 0.05 33337.4
0 8773 3 phononTS 0.00258333 -3.24172 -4.24718 -0.0367947 12.8948 0.00104229 1 0.0990354 -0.189122 0.05 21434.6
0 8773 2 phononTF 0.00141667 -3.24172 -4.24718 -0.0367947 12.8948 0.00069486 1 -0.0523518 -0.23705 0.05 76441.7
0 8776 2 phononL 0.00229542 0.523454 -1.21395 0.037137 9825.09 0.00138972 1 -0.0208119 -0.258036 0.05 10541.6
0 8842 2 phononL 0.00163302 1.93454 0.582629 0.0207497 5746.9 0.00069486 1 0.067297 -0.120985 0.05 120670
0 8864 2 phononL 0.00263203 1.79241 1.80703 0.017267 49049.6 0.00138972 1 -0.0933138 -0.26959 0.05 59904.7
0 8875 5 phononL 0.00194537 3.77113 3.25292 -0.033648 106976 0.00069486 1 -0.0580304 -0.118941 0.05 343740
0 8875 8 phononL 0.000458576 -0.0580304 -0.118941 0.049999 343740 0.00034743 1 0.0344757 -0.129385 0.05 343984
0 8900 18 phononTS 0.000838473 -0.082765 2.04141 0.045806 21711.2 0.00069486 1 -0.0242234 -0.211217 0.05 57403.6
0 8936 3 phononTF 0.00176569 2.1492 -4.38021 0.00949694 4389.93 0.00104229 1 0.0355048 -0.188553 0.05 9916.25
0 8955 8 phononTS 0.000391535 4.65652 0.0614223 0.049998 18976.6 0.00034743 1 -0.022255 -0.262934 0.05 56149.9
0 8972 1 phononTS 0.004 -0.729985 -1.40316 -0.032049 0 0.00208458 1 -0.020297 -0.257501 0.05 2085.11
0 8994 3 phononTS 0.00250294 1.99056 -1.58469 0.000647648 3331.47 0.00173715 1 -0.0482752 -0.158586 0.05 33262.2
0 9002 3 phononTS 0.00225052 3.4706 -1.3262 -0.0418134 8314.25 0.00104229 1 -0.0396142 -0.116635 0.05 48230.3
0 9050 2 phononTF 0.0029979 4.17594 -2.83301 0.00492009 50.7381 0.00138972 1 0.0419688 -0.208057 0.05 18560.2
0 9068 3 phononTS 0.00235071 -3.2435 -3.18562 0.0426637 12864.9 0.00138972 1 0.0386671 -0.119373 0.05 39369
0 9074 3 phononTF 0.00176852 -1.07566 -2.64837 -0.0103282 27.4284 0.00104229 1 -0.0207396 -0.247272 0.05 67422.7
0 9076 5 phononL 0.00106775 -1.43076 -2.78318 -0.0155295 17653.7 0.00069486 1 0.116519 -0.228243 0.05 56151.7
0 9103 6 phononTF 0.000448596 3.61089 -0.00313969 0.049999 16937.9 0.00034743 1 -0.0205391 -0.202492 0.05 24149.8
0 9125 2 phononTS 0.00168075 0.740235 -3.12601 -0.0454611 10024.2 0.00104229 1 0.0635567 -0.237163 0.05 13438.3
0 9156 3 phononL 0.00185628 -1.6144 2.2094 -0.00242491 445.304 0.00104229 1 0.0529151 -0.273868 0.05 51612.4
0 9160 3 phononTF 0.00273288 2.24401 1.92529 0.0313295 4390.41 0.00173715 1 0.095352 -0.200649 0.05 55779.5
0 9162 4 phononTF 0.00116757 -1.65136 -2.15143 -0.00771432 12713.4 0.00069486 1 0.115233 -0.211121 0.05 41685.2
0 9163 4 phononL 0.000562986 4.22623 0.091758 0.049999 48107.1 0.00034743 1 0.045035 -0.288579 0.05 117077
0 9180 3 phononTS 0.00206422 -0.664525 -0.879818 -0.0264325 1542.63 0.00138972 1 -0.0663193 -0.250972 0.05 2002.54
0 9202 6 phononTS 0.000399905 -4.55242 0.0866755 0.049999 4287.35 0.00034743 1 -0.104439 -0.198241 0.05 51632.7
0 9204 18 phononTS 0.000622849 0.0774865 0.0169539 0.049999 6115.24 0.00034743 1 0.075712 -0.14347 0.05 6213.48
0 9205 2 phononL 0.00173831 1.58401 4.11167 0.0406936 16.9799 0.00104229 1 0.0935438 -0.231264 0.05 66793.7
0 9219 1 phononTS 0.004 -0.547456 -1.00335 0.0355603 0 0.00208458 1 -0.0441773 -0.133878 0.05 760.005
0 9225 4 phononTF 0.00120181 -0.491379 1.02337 -0.0420378 18202.1 0.00069486 1 -0.0711215 -0.211833 0.05 88556
0 9232 2 phononTF 0.00236231 -0.888165 -4.79162 -0.0126571 6436.77 0.00138972 1 -0.0770813 -0.137474 0.05 54179.8
0 9271 3 phononL 0.00293603 2.23447 -4.00475 0.0275541 13854.5 0.00208458 1 -0.0835649 -0.196212 0.05 40531.8
0 9284 4 phononTS 0.00050818 1.18754 -0.00941354 0.049999 28905.1 0.00034743 1 -0.0519808 -0.131329 0.05 29782.7
0 9296 3 phononTS 0.00260641 -3.13812 -3.01516 0.00174778 12266.9 0.00138972 1 -0.0768871 -0.159063 0.05 20249.4
0 9296 6 phononTS 0.000537818 -0.0768871 -0.159063 0.049999 20249.4 0.00034743 1 0.104596 -0.186882 0.05 20354.3
0 9325 5 phononTS 0.000896814 4.34356 -4.01416 -0.0105265 49267.5 0.00034743 1 -0.0843913 -0.23757 0.05 68665
0 9345 3 phononTF 0.00218247 -1.66686 -2.11602 -0.000342577 4637.48 0.00104229 1 0.0416991 -0.129401 0.05 85785.3
0 9405 2 phononTS 0.00179505 1.43536 -2.06799 0.0253442 5838.3 0.00104229 1 0.068792 -0.174686 0.05 7250.23
0 9415 2 phononTS 0.00141312 -1.02252 -1.19418 -0.0238328 2687.15 0.00104229 1 0.0274021 -0.188842 0.05 3912.52
0 9416 12 phononL 0.00220627 2.06494 -4.14331 0.022504 33900.2 0.00104229 1 0.0649235 -0.276145 0.05 88715.2
0 9428 3 phononTS 0.00282335 -4.20684 -4.53187 -0.00595154 2473.88 0.00138972 1 0.074802 -0.181728 0.05 60863
0 9432 2 phononTF 0.00114507 -2.3664 -3.68986 -0.0358508 76.2318 0.00069486 1 -0.0340622 -0.155874 0.05 31202.6
0 9450 2 phononTS 0.00199572 3.3146 -1.65936 0.0231394 2023.38 0.00138972 1 -0.100741 -0.214337 0.05 25507.2
0 9454 1 phononTF 0.004 0.425279 1.98066 0.0005974 0 0.00173715 1 0.0480784 -0.109668 0.05 7189.63
0 9485 17 phononL 0.000927461 -2.90635 -3.19158 0.016349 18368.2 0.00034743 1 0.064391 -0.171956 0.05 29218.3
0 9485 18 phononTS 0.000370823 0.064391 -0.171956 0.049999 29218.3 0.00034743 1 0.109295 -0.161805 0.05 29294.4
0 9486 5 phononL 0.000863582 0.159102 4.65796 0.00118057 16886.3 0.00034743 1 -0.073032 -0.193776 0.05 23499.6
0 9499 2 phononTS 0.00158583 2.47873 -2.46858 0.000105905 9099.19 0.00034743 1 0.0195019 -0.241172 0.05 48077.9
0 9499 20 phononTS 0.00117901 0.0195019 -0.241172 0.049999 48077.9 0.00034743 1 0.0541866 -0.210489 0.05 48144.7
0 9499 23 phononL 0.000368169 0.0541866 -0.210489 0.049999 48144.7 0.00034743 1 0.0426403 -0.095889 0.05 48195.6
0 9513 3 phononTS 0.00241241 0.622238 -0.368721 0.0430629 6508.55 0.00069486 1 0.0704837 -0.290825 0.05 6816.83
0 9540 3 phononTF 0.00198333 3.15549 0.41289 -0.039237 3617.21 0.00069486 1 -0.0634182 -0.264601 0.05 66490.4
0 9549 1 phononTF 0.004 0.203217 0.0988886 0.0207184 0 0.00208458 1 0.039291 -0.297452 0.05 1985.29
0 9557 21 phononTF 0.000655647 0.780851 0.0224691 0.049999 8897.19 0.00034743 1 -0.0531352 -0.178189 0.05 17268
0 9597 3 phononTF 0.00132628 -3.42717 3.21658 -0.0327529 12684.6 0.00069486 1 0.0265099 -0.198498 0.05 77509
0 9603 10 phononTF 0.00132992 2.06895 -4.24359 -0.00298986 18619.4 0.00069486 1 0.0109383 -0.197044 0.05 38792.9
0 9615 3 phononTS 0.00129341 -0.168269 -2.38221 -0.0163645 30.9558 0.00069486 1 0.0449086 -0.140928 0.05 26093.3
0 9640 2 phononTF 0.00268441 -2.24921 -0.188007 -0.0219675 7.0102 0.00173715 1 0.019555 -0.244278 0.05 24630.4
0 9651 5 phononTF 0.00219822 4.38222 1.15284 0.0348166 17117.9 0.00069486 1 -0.0245215 -0.221852 0.05 45976.9
0 9653 2 phononTS 0.00184192 1.50128 3.79348 -0.0216036 9380.33 0.00104229 1 0.0639518 -0.250822 0.05 76228.4
0 9667 2 phononTS 0.00195964 -1.12193 -4.18526 -0.00943051 2648.51 0.00104229 1 -0.0985247 -0.222581 0.05 40359.6
0 9680 6 phononTF 0.00050788 -2.56613 0.0364999 0.049999 27816.8 0.00034743 1 -0.0567253 -0.220556 0.05 182669
0 9681 3 phononTF 0.00116203 4.66473 -2.99589 0.0241261 16573.3 0.00069486 1 -0.0726502 -0.118404 0.05 21533.8
0 9701 2 phononL 0.00277929 -2.81816 0.625226 -0.0199293 600.23 0.00138972 1 0.0335176 -0.243231 0.05 21602
0 9705 1 phononTS 0.004 -0.118895 -0.143112 0.0378447 0 0.00208458 1 0.10788 -0.227086 0.05 359.809
0 9721 3 phononTS 0.00118245 1.2041 -1.9898 -0.0040305 6.1589 0.00034743 1 0.0289941 -0.110487 0.05 41797.6
0 9721 2 phononTS 0.00281755 1.2041 -1.9898 -0.0040305 6.1589 0.00138972 1 0.102069 -0.259834 0.05 4428.97
0 9737 1 phononTS 0.004 -1.07104 -0.710031 -0.00884686 0 0.00173715 1 0.0641852 -0.158597 0.05 3364.37
0 9757 3 phononTF 0.00272255 -4.42166 -2.44491 0.0396215 24371.4 0.00104229 1 0.0295195 -0.176941 0.05 39822.8
0 9758 7 phononTF 0.000970764 0.275218 1.67494 -0.0127739 94048.9 0.00069486 1 0.0241014 -0.190857 0.05 94589.5
0 9758 23 phononTS 0.00138414 2.65683 1.13033 -0.0300091 67786 0.00034743 1 -0.0702087 -0.168872 0.05 90321
0 9791 3 phononTF 0.00227214 0.467343 -2.33778 -0.0463887 650.492 0.00069486 1 -0.0996197 -0.203731 0.05 31077.5
0 9800 3 phononTS 0.00264006 2.40691 -4.78048 0.0253663 755.575 0.00138972 1 0.043375 -0.288162 0.05 13834.1
0 9813 3 phononTF 0.00238694 -0.2948 -3.85645 -0.0015463 5959.46 0.00104229 1 0.0816757 -0.202888 0.05 20649.4
0 9843 2 phononTS 0.00188983 -3.93194 1.83657 0.0182424 415.331 0.00104229 1 0.0161366 -0.179584 0.05 10656.4
0 9850 2 phononTF 0.000653372 -1.62099 -4.63771 0.0122466 7238.16 0.00034743 1 -0.105454 -0.147424 0.05 26026.4
0 9890 3 phononTF 0.000529043 -1.20452 0.010597 0.049999 168.792 0.00034743 1 -0.0148868 -0.224757 0.05 21436.4
0 9910 5 phononTF 0.00210166 2.96901 -1.52915 0.00574641 1625.96 0.00069486 1 0.0757586 -0.125927 0.05 22073
0 9910 6 phononTS 0.000997854 0.0757586 -0.125927 0.049999 22073 0.00069486 1 -0.0971176 -0.162257 0.05 22169.4
0 9939 1 phononTF 0.004 -1.57778 -0.941297 0.0217311 0 0.00243201 1 -0.0661628 -0.285389 0.05 5556.66
0 9957 2 phononL 0.00228652 -0.183288 -0.849184 -0.0186453 7683.28 0.00138972 1 0.0369904 -0.11886 0.05 9803.05
0 9957 16 phononTF 0.0003739 0.0369904 -0.11886 0.049999 9803.05 0.00034743 1 0.01816 -0.213845 0.05 9871.16
0 9982 2 phononTS 0.00172576 -2.75332 -1.62115 -0.0102893 11705.6 0.00104229 1 0.0316543 -0.273827 0.05 39622.8
0 9987 2 phononTS 0.00228462 2.55203 -4.58401 0.0406209 9489.63 0.00138972 1 -0.065548 -0.287595 0.05 19048.6
