Run ID,Event ID,Track ID,Particle Name,Start Energy [eV],Start X [mm],Start Y [mm],Start Z [mm],Start Time [ns],Energy Deposited [eV],Track Weight,End X [mm],End Y [mm],End Z [mm],Final Time [ns],Volume Name
0 22 15 phononTS 0.000742023 -0.108309 -0.00688716 0.049999 45848.7 0.00034743 1 0.0971755 -0.202085 0.05 46029.8
0 23 2 phononL 0.00118852 4.31719 4.05335 -0.0249992 1794.96 0.00069486 1 -0.0732736 -0.182755 0.05 68198.6
0 28 2 phononTS 0.00106714 -4.29453 1.46478 0.0171521 3137.58 0.00069486 1 -0.0362934 -0.263118 0.05 92574.8
0 35 17 phononTS 0.000844461 1.57669 3.55765 0.016494 56599 0.00034743 1 0.039037 -0.281777 0.05 58686.9
0 40 3 phononTF 0.00206861 -3.97014 -1.57732 0.0124632 1442.52 0.00138972 1 -0.0214291 -0.165322 0.05 42626.3
0 45 26 phononTF 0.000583103 -4.64077 -0.000767169 0.049999 73016.8 0.00034743 1 0.0328159 -0.250529 0.05 131889
0 58 3 phononTF 0.0026494 -2.38114 -1.51642 0.00457728 1.94098 0.00173715 1 0.119339 -0.20351 0.05 43574.1
0 78 6 phononTS 0.00044441 1.95151 0.0140987 0.049999 35259.4 0.00034743 1 0.0485112 -0.267518 0.05 59536.3
0 102 3 phononTS 0.00201865 4.95532 -4.5186 -0.0137032 15737.5 0.00069486 1 0.0247452 -0.187219 0.05 41420.8
0 106 2 phononTS 0.00187965 -3.1083 -4.1568 -0.0158945 9694.73 0.00069486 1 -0.0411924 -0.220642 0.05 20179.6
0 108 5 phononTS 0.000781905 2.61752 4.90816 0.00118162 52265.4 0.00034743 1 -0.0286564 -0.220199 0.05 125449
0 118 2 phononTF 0.0019235 -2.87789 -2.57076 -0.0234212 253.516 0.00104229 1 0.0437481 -0.204188 0.05 11315
0 119 1 phononTS 0.004 0.0363183 0.293845 -0.0172193 0 0.00243201 1 -0.0408419 -0.194805 0.05 1309.81
0 133 2 phononTF 0.00219692 -3.69999 2.234 0.0269371 96.97 0.00104229 1 -0.0634724 -0.138622 0.05 32356.5
0 133 17 phononTF 0.000492264 -0.0634724 -0.138622 0.049999 32356.5 0.00034743 1 0.0825685 -0.177584 0.05 32935.2
0 153 2 phononTS 0.00104371 0.113007 1.6136 -0.0478296 832.188 0.00034743 1 0.0886975 -0.241106 0.05 10900
0 185 23 phononTS 0.0005857 -2.37418 -0.00869752 0.049999 38586.4 0.00034743 1 0.0618657 -0.234151 0.05 40212.6
0 207 5 phononTS 0.00171002 3.85081 -2.02481 0.0261763 2245.59 0.00069486 1 -0.0956978 -0.140946 0.05 15940.7
0 212 6 phononTS 0.000413183 1.12181 0.0646949 0.049999 35145.1 0.00034743 1 -0.0399673 -0.254061 0.05 39058.6
0 224 2 phononTS 0.00257293 2.04643 -4.06433 -0.0196256 6654.29 0.00069486 1 0.0519869 -0.126499 0.05 22870.6
0 224 4 phononTF 0.000918282 0.0519869 -0.126499 0.049999 22870.6 0.00034743 1 0.0861132 -0.258754 0.05 23640.1
0 253 2 phononTF 0.000796619 4.19147 2.01162 0.0180716 1143.28 0.00034743 1 0.0271267 -0.197986 0.05 76802.2
0 270 1 phononTS 0.004 -0.941416 0.203318 0.0191281 0 0.00173715 1 -0.056994 -0.277238 0.05 1475.41
0 270 4 phononL 0.000561301 -0.056994 -0.277238 0.049999 1475.41 0.00034743 1 -0.115677 -0.192775 0.05 1530.71
0 279 3 phononTS 0.00158083 1.06641 -1.71322 0.00941871 2476.71 0.00104229 1 0.0903781 -0.136723 0.05 42420.2
0 282 2 phononTS 0.0017646 -0.177653 -0.727554 -0.0259241 3139.24 0.00138972 1 0.0964574 -0.176239 0.05 3625.9
0 292 3 phononTS 0.00201865 3.53566 4.91793 -0.0242895 9050.86 0.00138972 1 0.0472735 -0.24189 0.05 18857.5
0 303 1 phononL 0.004 -0.588171 0.789195 -0.00159747 0 0.00208458 1 -0.0440559 -0.0976833 0.05 5030.83
0 340 25 phononTS 0.000695932 -0.0523188 0.0483121 0.049999 37427.5 0.00034743 1 -0.116932 -0.210079 0.05 37812.3
0 342 4 phononTS 0.000948773 0.423445 0.0724565 0.049999 77915.6 0.00034743 1 0.0706369 -0.198411 0.05 80513.9
0 342 22 phononTS 0.000418818 0.0706369 -0.198411 0.049999 80513.9 0.00034743 1 -0.0483395 -0.302514 0.05 80602.2
0 348 9 phononTS 0.00037313 -0.231856 0.035121 0.049999 16992.1 0.00034743 1 0.0620196 -0.181306 0.05 65440
0 355 3 phononTS 0.001574 -1.53253 4.86417 0.0174949 2316.41 0.00069486 1 0.086752 -0.178152 0.05 72619.9
0 382 1 phononL 0.004 0.107926 -0.256674 -0.0389157 0 0.00208458 1 0.0411166 -0.222695 0.05 21.7043
0 386 7 phononTF 0.000430824 -0.571477 0.00885528 0.049999 7598.68 0.00034743 1 -0.0266098 -0.289003 0.05 228794
0 415 2 phononTS 0.00182094 3.6994 -2.2963 -0.0464592 1219.2 0.00104229 1 0.0771114 -0.281211 0.05 4696.3
0 455 2 phononTS 0.00149543 0.566074 2.1501 0.00255515 1903.37 0.00104229 1 0.0587706 -0.106249 0.05 11871.9
0 465 3 phononTF 0.00179984 -2.96682 2.65908 -0.0115704 4827.74 0.00138972 1 -0.0337628 -0.150472 0.05 59080.8
0 466 17 phononL 0.000351562 -0.700331 0.0852058 0.049999 34007.8 0.00034743 1 -0.0874551 -0.153298 0.05 36413.5
0 469 3 phononTS 0.00222743 -2.98639 -3.81507 -0.00209523 19234.7 0.00034743 1 -0.0737842 -0.289013 0.05 40933.6
0 469 4 phononL 0.000712729 -0.0737842 -0.289013 0.049999 40933.6 0.00034743 1 0.100924 -0.252346 0.05 41021.8
0 486 3 phononTS 0.00245866 2.26498 0.980483 -0.0258474 2239.56 0.00173715 1 0.0467909 -0.129338 0.05 4793.9
0 496 5 phononTS 0.000545459 1.65447 0.00795937 0.049999 6492.79 0.00034743 1 0.0139944 -0.223402 0.05 9685.41
0 499 3 phononTS 0.00187001 4.91768 4.39999 0.0245377 1005.28 0.00104229 1 -0.056202 -0.203743 0.05 45420.7
0 504 3 phononL 0.00247343 -4.22547 1.83268 -0.0380985 1586.84 0.00138972 1 0.0872697 -0.179552 0.05 12390.4
0 533 4 phononL 0.00133681 1.61207 0.0417863 0.049999 36286.4 0.00034743 1 -0.0450397 -0.188471 0.05 38460.1
0 568 2 phononTF 0.00132466 3.24527 -3.48779 -0.0378947 18641 0.00034743 1 0.085217 -0.184627 0.05 47041
0 595 15 phononTS 0.000471619 -2.53444 0.0538771 0.049999 4163.35 0.00034743 1 0.0600643 -0.266998 0.05 39978.3
0 605 1 phononTF 0.004 0.00277816 1.12303 -0.0182556 0 0.00138972 1 0.0541123 -0.181102 0.05 4217.47
0 605 15 phononL 0.000351949 0.0541123 -0.181102 0.049999 4217.47 0.00034743 1 0.0478235 -0.153239 0.05 4261.86
0 621 3 phononL 0.00194298 -3.50635 3.40293 -0.0166449 3132.13 0.00104229 1 -0.0291948 -0.123421 0.05 79907.7
0 623 5 phononTF 0.000632548 2.21389 0.184167 -0.0131471 16390.4 0.00034743 1 -0.0727981 -0.219237 0.05 54599
0 624 10 phononTF 0.000560735 4.93238 0.000835485 0.00687967 23971.8 0.00034743 1 0.0371179 -0.134647 0.05 37620.1
0 637 2 phononTS 0.00175615 -4.30537 1.97632 -0.0458892 1815.63 0.00034743 1 -0.088219 -0.12834 0.05 44688.4
0 638 3 phononL 0.00196066 -4.33097 -4.18631 0.0239726 7311.04 0.00104229 1 0.0426189 -0.259786 0.05 69799.6
0 639 4 phononTS 0.000368246 -1.00656 0.0419964 0.049999 23523.2 0.00034743 1 -0.0384158 -0.144987 0.05 25707.8
0 647 2 phononTF 0.0011764 -3.48818 1.87245 -0.0470579 12200.7 0.00034743 1 -0.0361773 -0.135153 0.05 35848.3
0 664 5 phononTF 0.00164477 2.73603 1.90486 -0.0283648 6352.72 0.00104229 1 0.0388018 -0.148959 0.05 18819.2
0 670 5 phononTS 0.00208511 -0.673656 0.501271 0.0202358 25731.8 0.00104229 1 -0.0475799 -0.103438 0.05 26453.4
0 677 5 phononTS 0.00137917 -1.48801 1.01927 -0.0228281 17013.2 0.00034743 1 -0.0208039 -0.146955 0.05 27605.2
0 711 4 phononTS 0.00143703 2.70568 3.39579 0.00752879 14384.5 0.00069486 1 -0.0713253 -0.132335 0.05 38910.4
0 711 16 phononTS 0.000617918 -0.0713253 -0.132335 0.049999 38910.4 0.00034743 1 -0.0530636 -0.135393 0.05 38966.8
0 744 2 phononTF 0.00220813 -1.08541 -4.19609 -0.00191419 0.26856 0.00104229 1 0.0180862 -0.228644 0.05 67814.8
0 757 35 phononTS 0.000720979 3.52666 0.0726774 0.049999 46144.5 0.00034743 1 -0.0617187 -0.197419 0.05 54666.2
0 758 27 phononTS 0.000636607 -0.136624 0.0101743 0.049999 82751.3 0.00034743 1 0.116516 -0.186297 0.05 138016
0 774 2 phononTS 0.000644727 0.220817 0.523646 -0.0130364 25.031 0.00034743 1 -0.0416526 -0.105741 0.05 53051.1
0 808 3 phononTS 0.002552 1.44954 0.610022 0.035737 120.017 0.00104229 1 0.0970204 -0.214454 0.05 6200.9
0 808 14 phononTF 0.000475877 0.0970204 -0.214454 0.049999 6200.9 0.00034743 1 0.0727696 -0.169834 0.05 6260.87
0 808 7 phononTS 0.000371736 0.0970204 -0.214454 0.049999 6200.9 0.00034743 1 0.107692 -0.193262 0.05 6258.67
0 836 2 phononTF 0.00270421 3.66867 -1.88743 -0.0150626 5580.23 0.00173715 1 0.0916444 -0.271967 0.05 33688.6
0 838 6 phononTS 0.000463633 -0.217934 0.00152962 0.049999 5611.97 0.00034743 1 -0.110372 -0.227392 0.05 5730.42
0 842 4 phononTF 0.000843446 0.592918 0.0200309 0.049999 8360.08 0.00034743 1 0.0896945 -0.153227 0.05 16194.8
0 843 3 phononTF 0.00214064 -3.29039 -4.97527 0.00122504 4935.98 0.00104229 1 -0.0239714 -0.26938 0.05 22844.3
0 847 5 phononTS 0.0017689 -1.68458 3.42819 -0.0238369 4409.29 0.00104229 1 -0.0628901 -0.239694 0.05 56582.9
0 864 5 phononTS 0.00171108 2.51461 -2.20844 0.00645318 9740.77 0.00104229 1 0.0590782 -0.165996 0.05 44583.3
0 873 2 phononTF 0.00245652 4.57507 -4.008 0.0365235 11280.5 0.00104229 1 0.0621073 -0.237221 0.05 19250.4
0 883 3 phononTS 0.00225519 1.73607 -2.14137 -0.016186 3122.71 0.00069486 1 -0.0577463 -0.115139 0.05 20750.6
0 898 3 phononTS 0.00143907 4.14444 -1.49229 0.0310223 218.481 0.00034743 1 0.087157 -0.243032 0.05 167027
0 934 2 phononL 0.00133119 -2.19708 -0.70941 0.0317797 23345.1 0.00104229 1 -0.107142 -0.242501 0.05 216275
0 949 2 phononL 0.000937952 -3.19666 -3.70408 0.0211882 1529.16 0.00034743 1 -0.057415 -0.182349 0.05 145294
0 993 3 phononTS 0.00197623 -0.900308 4.78448 0.0350817 82.3988 0.00104229 1 0.0431921 -0.20609 0.05 33518
0 1013 2 phononTF 0.00246153 -0.0959612 0.243459 0.0251108 79.7489 0.00138972 1 -0.0778832 -0.148006 0.05 1371.3
0 1014 3 phononTS 0.00272443 -0.869899 -4.49643 0.0218087 28684 0.00138972 1 -0.0622874 -0.121397 0.05 37868.2
0 1030 2 phononTF 0.0011614 -4.26361 -2.01439 0.00680403 3310.64 0.00069486 1 0.0444033 -0.0961207 0.05 126927
0 1035 3 phononL 0.00140624 3.1004 3.94562 -0.016906 2534.38 0.00069486 1 -0.105132 -0.217783 0.05 32008.1
0 1064 21 phononL 0.000462945 -0.403548 0.0358093 0.049999 12711.4 0.00034743 1 0.107375 -0.163745 0.05 13037.5
0 1085 2 phononL 0.00178818 -0.114653 0.0213487 0.049999 20681 0.00069486 1 -0.0818478 -0.127216 0.05 20777.6
0 1085 16 phononTS 0.000460928 -0.0818478 -0.127216 0.049999 20777.6 0.00034743 1 0.0410351 -0.232999 0.05 20868.3
0 1109 4 phononTS 0.00180678 1.12785 -3.94304 -0.0314949 19291.1 0.00069486 1 0.0821154 -0.210525 0.05 42592.5
0 1109 15 phononTF 0.000953098 0.0821154 -0.210525 0.049999 42592.5 0.00069486 1 0.0790595 -0.121708 0.05 43052.5
0 1114 16 phononTF 0.000907866 -4.42124 -4.31453 -0.0352142 18880.5 0.00034743 1 -0.0994992 -0.242861 0.05 50621.8
0 1118 2 phononL 0.00159698 -0.206297 4.21473 0.0426259 11047.1 0.00034743 1 -0.100264 -0.178848 0.05 19939.7
0 1118 24 phononTS 0.000374875 -0.100264 -0.178848 0.049999 19939.7 0.00034743 1 -0.0990696 -0.188518 0.05 23348.2
0 1131 12 phononL 0.000905463 -1.67465 -0.828046 0.0131417 12582.5 0.00069486 1 -0.0431247 -0.23126 0.05 81574.7
0 1149 4 phononTF 0.00187413 1.96017 -2.6338 -0.00823108 15456.1 0.00034743 1 0.0502899 -0.190644 0.05 70104.8
0 1184 3 phononTF 0.00197654 -3.6036 1.77023 -0.0158983 522.325 0.00104229 1 0.0681241 -0.135348 0.05 29457
0 1213 3 phononTS 0.00218091 -4.2222 -2.97063 0.0277962 2712.49 0.00069486 1 -0.0311499 -0.163019 0.05 8633.03
0 1237 30 phononTF 0.000360631 -2.63505 0.0330882 0.049998 30312.1 0.00034743 1 -0.0576796 -0.252921 0.05 37731.6
0 1245 14 phononTF 0.000959154 -0.131716 0.0888679 0.049999 1511.05 0.00034743 1 -0.0126339 -0.214716 0.05 1740.56
0 1271 1 phononTS 0.004 0.75993 -0.528476 -0.0332826 0 0.00243201 1 0.0783978 -0.267634 0.05 1706.35
0 1275 3 phononTS 0.00223148 1.22925 3.47753 -0.0278478 2664.25 0.00104229 1 -0.0285075 -0.212864 0.05 116158
0 1279 15 phononL 0.0013636 2.09502 3.41904 0.0400217 8748.52 0.00069486 1 -0.0918179 -0.190074 0.05 54868.1
0 1303 4 phononTS 0.000714275 -4.19473 0.00319388 0.049999 53104.9 0.00034743 1 0.0695796 -0.271374 0.05 117776
0 1316 6 phononTF 0.000962186 3.00628 -0.703288 -0.00691752 18085.6 0.00069486 1 -0.0832118 -0.120183 0.05 45578.5
0 1325 2 phononTS 0.00238942 -4.81355 -2.80532 0.0207893 2220.17 0.00104229 1 -0.0561295 -0.190619 0.05 73993.5
0 1331 2 phononTF 0.0018511 -4.63237 -4.31027 0.0348489 2103.81 0.00034743 1 0.0876269 -0.174081 0.05 33055.3
0 1331 19 phononL 0.000863395 0.0876269 -0.174081 0.049999 33055.3 0.00034743 1 0.08816 -0.136315 0.05 33177.7
0 1332 3 phononTS 0.00149373 -3.86822 3.43579 -0.0417576 8373.64 0.00069486 1 0.053056 -0.142304 0.05 77834.2
0 1349 2 phononTF 0.00232474 2.16744 -3.6817 0.0228409 80.2952 0.00069486 1 0.0686791 -0.282593 0.05 9776.77
0 1352 2 phononTF 0.00199007 -0.868608 -1.30658 -0.010703 858.13 0.00104229 1 0.106988 -0.220433 0.05 2454.19
0 1353 3 phononTF 0.00240453 -3.13731 -4.26705 -0.0420844 16884.9 0.00104229 1 0.0963691 -0.18312 0.05 58992.6
0 1356 18 phononTS 0.000696319 -2.61708 4.25559 0.0267986 182376 0.00034743 1 0.0921837 -0.184124 0.05 257239
0 1364 3 phononL 0.00193561 2.44871 -4.64547 0.0429328 558.906 0.00034743 1 -0.0441831 -0.226799 0.05 96531.1
0 1385 16 phononTS 0.000848308 -0.171146 -0.00395956 0.049999 124990 0.00034743 1 -0.0709723 -0.282779 0.05 125687
0 1387 3 phononTS 0.0018233 2.50114 4.15946 0.0252779 22810.8 0.00069486 1 -0.103014 -0.146707 0.05 38117.3
0 1390 2 phononTF 0.000611366 -4.50028 0.0220593 0.049999 7307.33 0.00034743 1 0.0330195 -0.230429 0.05 16692
0 1398 20 phononTF 0.000868939 0.0906398 0.0293483 0.049999 81716 0.00069486 1 0.0521517 -0.210349 0.05 84861.5
0 1425 2 phononL 0.0015893 -0.519145 -3.06555 -0.0263936 18823.1 0.00069486 1 -0.0448896 -0.203129 0.05 85775
0 1455 2 phononL 0.0016294 -3.96479 -3.89168 -0.0415413 4111.18 0.00104229 1 0.0192296 -0.212556 0.05 16572.2
0 1480 4 phononL 0.00138714 -1.75425 -0.774399 0.0215897 26281.3 0.00069486 1 0.0831319 -0.239615 0.05 108468
0 1491 3 phononTS 0.00090532 0.0988245 -0.271394 0.0469903 3489.6 0.00069486 1 -0.0986578 -0.165055 0.05 3623.79
0 1506 2 phononTS 0.00134162 -1.65716 -4.28731 -0.0432014 8827.28 0.00069486 1 -0.0723279 -0.285001 0.05 13616
0 1506 26 phononTS 0.00046817 -0.0723279 -0.285001 0.049999 13616 0.00034743 1 -0.0467309 -0.199782 0.05 13704.5
0 1512 2 phononTF 0.00223209 -3.7023 -4.45415 -0.0448051 8619.78 0.00104229 1 0.10728 -0.230294 0.05 43420
0 1519 14 phononTF 0.00156563 4.82959 -2.71264 -0.0252454 22756.6 0.00034743 1 -0.0888192 -0.177869 0.05 36183.2
0 1519 16 phononTS 0.000443691 -0.0888192 -0.177869 0.049999 36183.2 0.00034743 1 -0.0221781 -0.256823 0.05 36257.1
0 1538 20 phononTS 0.00117246 -2.05569 -3.04354 -0.0424061 62630.5 0.00034743 1 -0.0416018 -0.116426 0.05 79519.9
0 1552 5 phononTS 0.00173267 -2.18621 -3.98979 -0.0283592 89338.9 0.00069486 1 -0.10575 -0.219563 0.05 121395
0 1559 7 phononTS 0.000829785 -0.493739 -2.441 0.0221835 42816.4 0.00034743 1 -0.0830218 -0.228057 0.05 71949.1
0 1608 3 phononTS 0.00200494 1.55585 -1.83288 0.0357069 5721.56 0.00104229 1 0.0415859 -0.212612 0.05 49775.9
0 1608 2 phononL 0.00199506 1.55585 -1.83288 0.0357069 5721.56 0.00104229 1 -0.0403525 -0.095989 0.05 186217
0 1625 3 phononTF 0.00170987 -2.71912 -3.20945 0.00459065 4170 0.00069486 1 0.043575 -0.0983169 0.05 22439.3
0 1625 2 phononTF 0.00229013 -2.71912 -3.20945 0.00459065 4170 0.00104229 1 0.0412114 -0.22473 0.05 24077
0 1625 23 phononTF 0.000710571 0.0412114 -0.22473 0.049999 24077 0.00034743 1 0.0431296 -0.231093 0.05 24134.3
0 1658 2 phononTS 0.000688469 3.07965 0.856388 0.0150017 6131.98 0.00034743 1 -0.081031 -0.186141 0.05 15013.6
0 1666 2 phononTF 0.00204788 -3.49034 -3.96228 0.00463002 5001.74 0.00069486 1 -0.0443751 -0.17222 0.05 28357.1
0 1682 2 phononTF 0.00188849 -3.80827 4.40492 0.0499106 2754.67 0.00104229 1 0.103366 -0.158393 0.05 37056
0 1705 3 phononL 0.00166861 -0.703862 1.06422 0.0323509 17744.5 0.00069486 1 -0.0406303 -0.270162 0.05 23995.7
0 1710 5 phononTS 0.00123683 2.82059 4.77983 -0.0220195 1331.73 0.00069486 1 -0.0752114 -0.165695 0.05 32849.5
0 1730 3 phononTS 0.00321584 -3.36499 -2.55686 0.0294033 7093.23 0.00208458 1 0.0206456 -0.217214 0.05 28398.6
0 1743 3 phononTF 0.00301086 3.58852 -3.62587 -0.0489375 366.083 0.00173715 1 0.0440481 -0.240988 0.05 25687.7
0 1743 4 phononTS 0.000359469 0.0440481 -0.240988 0.049999 25687.7 0.00034743 1 0.0218101 -0.185197 0.05 26134
0 1745 2 phononTS 0.00166644 -2.42753 2.35253 -0.00141393 4472.33 0.00069486 1 -0.052178 -0.242204 0.05 14872.9
0 1754 3 phononTS 0.00117468 -0.93179 -2.77753 -0.0191725 4312.06 0.00034743 1 0.0200013 -0.194066 0.05 6923.46
0 1761 4 phononTS 0.00114421 -0.290368 0.00123281 0.049999 3356.42 0.00034743 1 -0.0994883 -0.204218 0.05 3558.36
0 1768 1 phononTF 0.004 0.0442547 -1.2362 -0.031201 0 0.00104229 1 -0.0704627 -0.189597 0.05 9730.2
0 1812 3 phononTS 0.00203846 2.37942 4.30048 -0.0353783 6359.21 0.00069486 1 -0.0865761 -0.160694 0.05 42176.5
0 1829 3 phononTF 0.00126975 -1.24315 -2.95699 0.0199123 802.543 0.00034743 1 -0.0183635 -0.210186 0.05 21270.6
0 1836 1 phononTS 0.004 0.18765 -0.434383 0.0175396 0 0.00104229 1 0.0486633 -0.144225 0.05 474.59
0 1861 26 phononTF 0.000558884 3.73247 0.0146697 0.049999 31762.2 0.00034743 1 0.0937607 -0.247271 0.05 229997
0 1869 3 phononTF 0.00203686 -0.156184 -1.59956 -0.043567 8955.42 0.00104229 1 0.0520384 -0.20728 0.05 9502.38
0 1874 4 phononTF 0.0013988 -1.2432 0.0410069 0.049999 29398.4 0.00034743 1 -0.0293024 -0.104383 0.05 30705.1
0 1895 5 phononTS 0.000857401 -2.3636 -1.43036 -0.0402535 148283 0.00069486 1 0.0182346 -0.177337 0.05 155044
0 1944 3 phononTF 0.00293931 -4.15612 -0.77817 0.0262336 4483.19 0.00069486 1 -0.0966075 -0.248542 0.05 25751.1
0 1948 12 phononTS 0.00217592 1.28542 -2.96195 0.0359496 53315.6 0.00138972 1 0.0710087 -0.15906 0.05 55469.7
0 1954 26 phononTF 0.000809335 1.87036 1.05989 0.00701931 32875.8 0.00034743 1 -0.10495 -0.241941 0.05 35733.1
0 1964 5 phononTF 0.000369586 1.53734 0.0900253 0.049999 24849.4 0.00034743 1 -0.109877 -0.241203 0.05 49163.3
0 1996 22 phononTS 0.00073427 0.405329 0.00148586 0.049999 24771.4 0.00034743 1 0.068605 -0.113032 0.05 24924.5
0 2004 3 phononTF 0.00136358 -1.96385 1.12569 -0.0330636 7121.04 0.00069486 1 0.0584537 -0.232 0.05 124564
0 2027 5 phononTS 0.000350307 -1.15758 0.0386659 0.049999 24643.5 0.00034743 1 -0.0485416 -0.146784 0.05 42250.5
0 2042 1 phononTS 0.004 0.857385 -0.426565 -0.0312726 0 0.00069486 1 0.0403044 -0.161475 0.05 1648.07
0 2062 13 phononL 0.00042736 -3.95984 0.0375398 0.049999 158580 0.00034743 1 -0.0762064 -0.226933 0.05 182026
0 2063 4 phononTF 0.00160895 -0.128672 3.83434 -0.0118955 18796.7 0.00104229 1 0.0265443 -0.153443 0.05 49154
0 2067 5 phononTS 0.00173406 1.3791 -4.94553 0.0346989 11805.7 0.00069486 1 0.0464778 -0.103781 0.05 14560.5
0 2070 3 phononTS 0.00169936 -4.48317 -1.63116 -0.040788 8349.89 0.00069486 1 0.107377 -0.174814 0.05 11789.2
0 2090 3 phononTF 0.00110453 -2.08569 0.689552 0.0446168 5.93482 0.00069486 1 0.113017 -0.196448 0.05 107025
0 2102 2 phononTF 0.00227791 -3.98449 -2.95673 0.00232643 44.8332 0.00138972 1 0.0778763 -0.210157 0.05 19700.3
0 2109 6 phononTS 0.000431357 -0.784138 0.0213883 0.049999 27254.3 0.00034743 1 0.0340162 -0.177674 0.05 28955.9
0 2142 2 phononTS 0.0018274 4.16436 -2.11502 -0.0378052 7010.53 0.00069486 1 0.0472844 -0.11237 0.05 21832.8
0 2151 2 phononTS 0.00112439 2.82894 2.0466 0.00541568 6124.18 0.00034743 1 -0.0823892 -0.246915 0.05 37358.8
0 2163 1 phononTS 0.004 -0.143541 -0.315468 0.0380155 0 0.00173715 1 -0.0579276 -0.261926 0.05 215.997
0 2173 2 phononL 0.00179443 1.79424 -4.6413 -0.0327733 6181.82 0.00104229 1 0.0207285 -0.203819 0.05 16991.5
0 2175 3 phononTS 0.00181554 1.922 -0.949083 0.0100941 164.145 0.00069486 1 -0.0966406 -0.18528 0.05 70022.6
0 2201 7 phononTS 0.000414154 4.12276 0.0993359 0.049999 590.41 0.00034743 1 0.0735491 -0.152811 0.05 117463
0 2230 4 phononTS 0.00109575 3.54534 -2.21218 0.00980232 38456.6 0.00034743 1 -0.0374849 -0.246748 0.05 140391
0 2283 3 phononTS 0.0015594 0.0713331 -1.51524 0.0300655 13365 0.00034743 1 0.027637 -0.26638 0.05 18662.7
0 2303 2 phononTF 0.00191975 0.582428 -2.01083 -0.00781109 4008.78 0.00104229 1 0.0974359 -0.152824 0.05 97310.8
0 2306 2 phononL 0.00268946 0.659242 -1.86333 0.0326222 5445.44 0.00138972 1 0.0247196 -0.175682 0.05 30884
0 2312 2 phononTS 0.000813 -0.869379 -1.6841 0.0148339 8680.58 0.00034743 1 0.0575524 -0.28514 0.05 21482.7
0 2348 2 phononTF 0.00120012 -1.06961 0.199742 -0.0101237 507.611 0.00034743 1 -0.0782909 -0.117238 0.05 40893.5
0 2367 16 phononTF 0.000792923 -0.0983149 -0.00718729 0.049998 1250.12 0.00034743 1 -0.0386315 -0.260624 0.05 1349.18
0 2409 4 phononTF 0.00106181 4.9953 -3.38731 -0.0392388 108803 0.00034743 1 0.0636531 -0.289907 0.05 134084
0 2421 3 phononTF 0.00369946 0.436641 -0.21526 0.0489981 2276.02 0.00208458 1 0.113667 -0.182595 0.05 3251.31
0 2426 2 phononTF 0.000774774 -2.06901 0.000853199 0.049999 8594.98 0.00034743 1 0.0777531 -0.203325 0.05 21718.9
0 2466 7 phononTS 0.00053608 -0.118844 0.00653352 0.049999 2523.05 0.00034743 1 0.0192342 -0.182546 0.05 2773.22
0 2488 17 phononTF 0.000477625 2.89301 0.0664765 0.049999 23676 0.00034743 1 0.0666429 -0.223414 0.05 27872.4
0 2524 15 phononTF 0.00220561 -4.88099 -3.98343 -0.0454358 38768.3 0.00138972 1 0.0603245 -0.278511 0.05 118840
0 2537 3 phononTF 0.00239947 -2.76995 -2.66243 0.0112289 6256.62 0.00104229 1 -0.105416 -0.227467 0.05 38218.5
0 2553 18 phononL 0.000838957 -1.21184 4.05717 -6.60466e-05 53695.3 0.00034743 1 0.0491693 -0.217873 0.05 114981
0 2563 2 phononTS 0.00185079 -3.50023 -3.0744 -0.0141535 16042.1 0.00069486 1 -0.0133582 -0.223558 0.05 48570
0 2604 4 phononTF 0.000663653 -3.59959 0.0805659 0.049999 42493 0.00034743 1 -0.0506159 -0.128821 0.05 77283.3
0 2613 5 phononTS 0.00144534 -0.558788 3.74648 -0.00668825 39267.1 0.00104229 1 -0.0443494 -0.106922 0.05 113513
0 2649 3 phononTS 0.00209805 1.0895 -0.25911 -0.0319746 1346.84 0.00069486 1 -0.0800821 -0.135076 0.05 7149.15
0 2660 3 phononL 0.00176354 4.88977 -0.796951 0.00601827 9412.79 0.00069486 1 -0.0914455 -0.247159 0.05 15135.5
0 2675 1 phononTS 0.004 -1.09298 -0.528114 0.0096545 0 0.00138972 1 0.0524342 -0.243274 0.05 810.782
0 2701 4 phononTF 0.000537095 0.00897379 -0.00741629 0.049999 5963.9 0.00034743 1 0.0495548 -0.239866 0.05 26465.7
0 2708 3 phononTF 0.00197358 -2.61716 -3.78059 0.012888 6843.54 0.00104229 1 -0.106768 -0.193919 0.05 14485.8
0 2734 16 phononTS 0.000920646 -3.95654 0.080219 0.049999 65712 0.00069486 1 0.0690158 -0.257383 0.05 72122
0 2737 4 phononTS 0.00162013 -0.131316 -2.71119 0.0142977 25843.3 0.00069486 1 0.0668793 -0.118821 0.05 27963.2
0 2747 4 phononTS 0.00162851 1.97751 -3.37125 -0.0368526 17764.7 0.00034743 1 0.0857798 -0.143595 0.05 54348.8
0 2747 17 phononTF 0.00113209 0.0857798 -0.143595 0.049999 54348.8 0.00034743 1 -0.0794988 -0.144741 0.05 54425.5
0 2752 5 phononTF 0.000376696 0.123909 0.058088 0.049999 78812.2 0.00034743 1 -0.103259 -0.217408 0.05 84596.5
0 2759 3 phononTS 0.00232611 -2.0609 0.85714 -0.0212961 824.144 0.00138972 1 -0.0631531 -0.142412 0.05 23864.7
0 2782 3 phononTF 0.00163592 -1.51166 1.32803 0.0336813 3.18706 0.00069486 1 -0.0396744 -0.101417 0.05 59412.7
0 2799 4 phononL 0.00140637 -0.475279 -3.31537 -0.00872431 11960.2 0.00069486 1 -0.0740189 -0.1823 0.05 73548.1
0 2801 1 phononTS 0.004 0.381934 -1.42895 0.0202505 0 0.00208458 1 -0.0701154 -0.241307 0.05 2294.28
0 2814 3 phononTS 0.00210759 4.78394 4.96615 -0.00976906 208.936 0.00104229 1 0.0708148 -0.235083 0.05 88859.2
0 2822 21 phononTF 0.000912279 -0.93256 0.0875575 0.049999 13189.7 0.00034743 1 0.0170978 -0.182801 0.05 15819.1
0 2846 3 phononTF 0.0018223 0.0443135 -0.880844 -0.0378147 9918.74 0.00034743 1 -0.0739201 -0.261108 0.05 42168
0 2846 4 phononTF 0.00107818 -0.0739201 -0.261108 0.049999 42168 0.00034743 1 -0.028686 -0.156081 0.05 46029.6
0 2857 2 phononTS 0.00133751 -1.41174 -2.56656 -0.0286853 1312.98 0.00069486 1 -0.0804247 -0.165828 0.05 13291.3
0 2865 4 phononTS 0.000855924 4.56183 0.0212178 0.049999 1624.26 0.00069486 1 0.0374568 -0.229165 0.05 20687.6
0 2894 2 phononL 0.0013626 1.13116 0.213975 0.0199161 789.922 0.00069486 1 0.0550222 -0.170506 0.05 65995.5
0 2925 7 phononTF 0.000878676 -0.702363 0.0526043 0.049999 16888 0.00034743 1 -0.0336469 -0.135959 0.05 17342.2
0 2932 3 phononTF 0.00220061 -3.37138 4.76563 0.0375027 772.244 0.00138972 1 -0.0268653 -0.273017 0.05 29813.6
0 2942 1 phononTS 0.004 0.944428 -0.486425 0.0250955 0 0.00208458 1 -0.0738613 -0.184928 0.05 3177.94
0 2942 17 phononTS 0.000393917 -0.0738613 -0.184928 0.049999 3177.94 0.00034743 1 0.0387361 -0.294686 0.05 3272.76
0 2967 4 phononTS 0.00152865 -0.843805 0.0808745 0.049999 1977.1 0.00034743 1 0.0692032 -0.142863 0.05 4158.13
0 2970 18 phononTF 0.00124298 -1.46002 -3.60084 -0.0190597 35431.7 0.00069486 1 0.0255448 -0.150483 0.05 92578.6
0 2979 25 phononTS 0.000585778 -4.76243 -0.00423295 0.049998 4539.91 0.00034743 1 0.104643 -0.236075 0.05 13386.6
0 3001 21 phononTF 0.000653306 -0.484148 0.0109014 0.049999 138064 0.00034743 1 -0.036421 -0.19802 0.05 138776
0 3015 3 phononL 0.00249544 -4.05034 -1.84783 -0.04559 1229.03 0.00069486 1 -0.115817 -0.217583 0.05 17893.7
0 3018 12 phononTS 0.000539268 -0.249612 0.00953091 0.049999 10240.8 0.00034743 1 -0.0713275 -0.231696 0.05 10909
0 3037 3 phononTS 0.00168926 1.23243 -1.96257 0.0384687 40644.7 0.00104229 1 0.0553754 -0.257478 0.05 66520.1
0 3044 1 phononTS 0.004 0.186959 -0.456473 0.0211407 0 0.00208458 1 -0.0516548 -0.208197 0.05 1045.8
0 3058 2 phononTF 0.00260435 4.14496 3.02556 0.0042927 3466.84 0.00069486 1 0.0827143 -0.274088 0.05 19871.9
0 3075 5 phononTS 0.00101833 -0.125252 4.14503 0.0369279 11596.5 0.00069486 1 0.0844932 -0.250735 0.05 20666.5
0 3080 5 phononTS 0.000684322 -4.09387 1.83142 -0.0399456 26093.9 0.00034743 1 -0.0429773 -0.203847 0.05 86250.2
0 3099 2 phononL 0.00271955 2.39264 0.899955 0.0192304 4400.91 0.00138972 1 0.074542 -0.120821 0.05 60507.9
0 3113 3 phononTS 0.00205566 0.46703 -0.35297 0.0121402 2111.23 0.00104229 1 -0.0361615 -0.125028 0.05 6551.99
0 3118 6 phononL 0.00124548 -3.84535 0.0276421 0.049999 2564.53 0.00069486 1 0.0755927 -0.237984 0.05 27732.6
0 3146 3 phononTS 0.00194979 3.47691 3.98888 -0.0470232 7655.6 0.00069486 1 -0.0254583 -0.204226 0.05 49131.1
0 3162 2 phononL 0.00252681 -2.07169 3.44658 -0.031375 7398.67 0.00104229 1 -0.0799178 -0.159028 0.05 79797.9
0 3169 4 phononTS 0.0018491 -3.73213 -4.26175 0.000687125 9542.43 0.00104229 1 0.0905852 -0.251941 0.05 21405.4
0 3190 5 phononTF 0.00118973 -1.9589 1.07646 -0.0287795 33540 0.00069486 1 -0.0610666 -0.167973 0.05 80798.4
0 3212 3 phononTF 0.00292248 -3.31494 -1.81223 0.00469648 2624.81 0.00104229 1 -0.0925085 -0.223573 0.05 25840.7
0 3212 10 phononL 0.000374937 -0.0925085 -0.223573 0.049999 25840.7 0.00034743 1 0.0348499 -0.244651 0.05 26703
0 3218 19 phononTF 0.000612833 -0.454492 0.0784579 0.049999 36847 0.00034743 1 -0.0868251 -0.155603 0.05 37956.6
0 3220 2 phononTF 0.00197154 -4.44118 -4.43714 -0.0495823 19052.2 0.00104229 1 0.0841726 -0.230277 0.05 59353.9
0 3250 20 phononTF 0.000420402 1.72529 0.0581869 0.049999 8970.78 0.00034743 1 0.0898886 -0.164918 0.05 152812
0 3262 5 phononTS 0.000453555 0.347361 0.0663422 0.049999 44785.4 0.00034743 1 0.0677078 -0.11127 0.05 44995.3
0 3271 4 phononTF 0.00110212 -0.17712 0.0463192 0.049999 82913.5 0.00034743 1 -0.0946906 -0.212355 0.05 83215.4
0 3295 1 phononTS 0.004 1.69444 -0.443054 -0.00932828 0 0.00243201 1 0.0649375 -0.227865 0.05 1943.29
0 3312 28 phononTS 0.000822429 1.74509 0.0863783 0.049998 11519.5 0.00034743 1 0.089767 -0.249009 0.05 23768.9
0 3351 2 phononTS 0.00223615 -0.904814 -0.96635 -0.0235772 19923.8 0.00138972 1 -0.0466326 -0.282247 0.05 31611.9
0 3365 4 phononTF 0.000955418 0.535168 0.0934643 0.049999 18712.7 0.00069486 1 -0.0500452 -0.287304 0.05 19075.6
0 3370 12 phononTF 0.000870569 2.8763 -2.14073 0.0114579 29155.8 0.00034743 1 -0.0534815 -0.207069 0.05 57784
0 3398 15 phononTS 0.00129595 -0.293503 2.15498 -0.0146221 26281.3 0.00069486 1 -0.0402931 -0.289447 0.05 44506.4
0 3412 2 phononTF 0.00189681 4.7872 1.09918 0.0409143 17904.5 0.00104229 1 0.0717315 -0.20707 0.05 94868.8
0 3431 2 phononTF 0.00200359 -0.97258 2.99917 0.0436276 4500.09 0.00138972 1 0.069011 -0.115823 0.05 16683.1
0 3444 2 phononL 0.00219343 -3.25416 1.75784 0.00785169 11079.9 0.00104229 1 -0.0810877 -0.148556 0.05 14268.5
0 3450 4 phononTF 0.00103427 0.785553 -0.222321 9.56415e-06 20277.4 0.00034743 1 0.0454778 -0.266838 0.05 25958.4
0 3451 3 phononTS 0.00254288 -2.42707 -3.51417 0.0243024 15755.9 0.00104229 1 0.0459716 -0.13597 0.05 48806.2
0 3465 2 phononTF 0.0020731 3.89614 2.49755 0.0100799 575.743 0.00104229 1 -0.097148 -0.176243 0.05 17105.9
0 3465 17 phononTS 0.000464876 -0.097148 -0.176243 0.049999 17105.9 0.00034743 1 -0.0740009 -0.212324 0.05 17174.7
0 3478 26 phononTF 0.000523547 3.19927 -0.00113541 0.049999 27277.8 0.00034743 1 0.0526888 -0.109111 0.05 36120
0 3489 3 phononTF 0.000806575 2.3386 3.05494 -0.0235291 4388.96 0.00034743 1 0.0456774 -0.243195 0.05 13693.9
0 3489 2 phononTF 0.00319342 2.3386 3.05494 -0.0235291 4388.96 0.00208458 1 0.0370903 -0.119393 0.05 12959.2
0 3514 2 phononTS 0.00127963 -0.701352 3.38448 0.0127007 2711.35 0.00069486 1 0.118412 -0.202765 0.05 6840.14
0 3541 3 phononTS 0.00191906 -2.05799 3.06483 -0.0441859 1271.44 0.00069486 1 -0.109828 -0.174425 0.05 20240.8
0 3541 8 phononTS 0.000351428 -0.109828 -0.174425 0.049999 20240.8 0.00034743 1 -0.110909 -0.219262 0.05 20304.2
0 3551 2 phononTS 0.00202868 -0.856696 4.9364 0.0463161 852.354 0.00034743 1 0.064171 -0.276526 0.05 10523.1
0 3551 18 phononTF 0.00148884 0.064171 -0.276526 0.049999 10523.1 0.00069486 1 0.0198928 -0.205702 0.05 10588.3
0 3564 4 phononTF 0.0010847 -0.131648 0.238483 -0.0215487 618.828 0.00069486 1 -0.0713999 -0.243261 0.05 103463
0 3566 15 phononTF 0.000387512 4.67032 0.0897274 0.049999 16278.8 0.00034743 1 0.0342442 -0.263399 0.05 65240.6
0 3572 2 phononTF 0.0023991 -0.29148 -4.69496 0.0199547 3431.72 0.00069486 1 -0.0522225 -0.120069 0.05 17490.2
0 3602 32 phononTF 0.000350742 1.20707 0.0398352 0.049999 18604.6 0.00034743 1 -0.0572897 -0.160984 0.05 74056.9
0 3630 2 phononTS 0.00154777 -3.49058 -4.43743 -0.0276271 1124.56 0.00069486 1 -0.0712063 -0.206329 0.05 105111
0 3634 22 phononTF 0.000525376 2.73112 -0.000831282 0.049999 69430.4 0.00034743 1 -0.0946287 -0.15555 0.05 87347.2
0 3641 3 phononTS 0.00139427 -0.741705 -3.67403 0.0443304 743.472 0.00069486 1 0.0649548 -0.188639 0.05 7386.74
0 3648 3 phononTF 0.00135979 4.50761 -0.497573 -0.0308225 1753.72 0.00069486 1 -0.0830471 -0.262691 0.05 57845.6
0 3661 1 phononTS 0.004 -0.368909 2.31091 -0.0293549 0 0.00208458 1 -0.0822455 -0.120127 0.05 5358.04
0 3669 15 phononTS 0.000685873 -4.52605 -3.07537 -0.0346479 76581.2 0.00034743 1 -0.0437411 -0.189878 0.05 105053
0 3673 23 phononTS 0.000807052 0.203804 0.0332482 0.049999 9233.67 0.00034743 1 -0.0781102 -0.224416 0.05 19020
0 3696 2 phononTS 0.001942 1.27119 4.40842 0.0420242 22127.4 0.00104229 1 -0.0390506 -0.304394 0.05 39824.6
0 3721 6 phononTS 0.000400859 -0.168123 0.0310918 0.049999 61618.9 0.00034743 1 -0.0341372 -0.244437 0.05 61758.1
0 3738 2 phononL 0.00171053 -3.07455 -1.78116 0.0264832 25.4259 0.00104229 1 -0.0324556 -0.114947 0.05 27415.8
0 3741 2 phononTS 0.00176062 -4.30238 -0.796865 0.00952573 672.69 0.00069486 1 0.101281 -0.195443 0.05 5344.82
0 3749 3 phononTF 0.00115089 -2.30611 -3.86284 0.0104928 2610.54 0.00069486 1 0.0226372 -0.255879 0.05 69066.1
0 3752 4 phononTS 0.000845851 -3.02057 -2.58779 0.0265942 14930.6 0.00034743 1 0.0897787 -0.220912 0.05 67242.4
0 3762 15 phononTS 0.00188339 1.3537 1.75055 -0.0433949 5867.59 0.00138972 1 0.0739583 -0.19573 0.05 51173.4
0 3777 5 phononL 0.00143027 3.72696 -3.46192 0.0273012 10885.4 0.00034743 1 0.108483 -0.239736 0.05 48316
0 3817 4 phononTS 0.000415193 -1.12066 0.0849515 0.049999 39608.5 0.00034743 1 0.0499246 -0.227621 0.05 40493.8
0 3820 3 phononTF 0.00263953 -0.682102 -0.408799 -0.032043 900.476 0.00138972 1 -0.0857531 -0.198075 0.05 5477.41
0 3844 6 phononL 0.00129574 2.25516 -4.44174 -0.0358482 10371.9 0.00104229 1 0.0424167 -0.25626 0.05 50828.1
0 3846 3 phononTS 0.00178444 1.44343 3.45343 -0.0417003 1716.97 0.00104229 1 -0.0804501 -0.218763 0.05 67130.5
0 3860 2 phononTS 0.0017534 0.0594812 4.92106 -0.0203408 1335.67 0.00069486 1 -0.047267 -0.167873 0.05 54241.8
0 3860 16 phononTS 0.000906101 -0.047267 -0.167873 0.049999 54241.8 0.00034743 1 -0.0498693 -0.179942 0.05 54301.2
0 3865 2 phononTF 0.00269097 -0.490486 -2.49986 0.0163291 986.818 0.00069486 1 -0.0713252 -0.13414 0.05 30513.5
0 3869 19 phononTF 0.000479407 -0.475615 0.0995253 0.049999 24701 0.00034743 1 -0.0978537 -0.244206 0.05 25260.4
0 3897 3 phononTF 0.00273714 2.55631 -2.9689 -0.0434343 736.659 0.00138972 1 0.0351451 -0.197161 0.05 15225.2
0 3897 7 phononTS 0.000385942 0.0351451 -0.197161 0.049999 15225.2 0.00034743 1 0.0526455 -0.19982 0.05 15329.4
0 3908 4 phononL 0.000534246 0.975373 2.22835 0.0217357 67770.4 0.00034743 1 -0.0883107 -0.250168 0.05 157477
0 3913 2 phononTS 0.00142862 -2.10422 4.81562 -0.0274298 49.8968 0.00069486 1 0.0633096 -0.125239 0.05 22424.1
0 3937 2 phononTF 0.00165583 -2.69311 -2.10075 -0.0353812 907.243 0.00069486 1 -0.0224216 -0.187028 0.05 33450.7
0 3940 2 phononL 0.00176165 0.771642 -2.08616 -0.00228484 527.601 0.00104229 1 -0.037363 -0.244101 0.05 46155.6
0 3945 3 phononTF 0.00174847 -3.63441 -0.0273339 0.00478069 78.1936 0.00104229 1 -0.0459177 -0.222616 0.05 31122.2
0 3947 2 phononTS 0.00154107 4.56688 -4.26512 0.0489804 3173.52 0.00104229 1 0.0316306 -0.235105 0.05 42672.6
0 3977 16 phononL 0.000569406 -0.368633 0.0542188 0.049998 57250.1 0.00034743 1 -0.0688129 -0.276555 0.05 58037.8
0 3982 2 phononTS 0.00152048 2.22991 -0.434733 -0.0194728 1180.82 0.00104229 1 0.0810599 -0.212301 0.05 2207.47
0 3994 4 phononTF 0.00119362 -4.30131 -3.25831 -0.0345355 21863.3 0.00034743 1 -0.042868 -0.153748 0.05 39591.9
0 3994 6 phononTS 0.000791629 -0.042868 -0.153748 0.049998 39591.9 0.00034743 1 -0.0682503 -0.217693 0.05 40445.4
0 3994 2 phononTF 0.000809307 -4.12939 -2.2855 -0.020837 20495.7 0.00034743 1 -0.0764764 -0.179541 0.05 47320.8
0 3999 5 phononTS 0.00180085 -2.63389 2.45894 -0.0351279 37717.1 0.00034743 1 0.0850925 -0.157981 0.05 45542.6
0 4019 3 phononTF 0.00195347 1.28813 -2.24597 -0.0223865 17230.8 0.00069486 1 -0.0220772 -0.1656 0.05 94912.1
0 4019 6 phononTF 0.000351462 -0.0220772 -0.1656 0.049999 94912.1 0.00034743 1 -0.0755144 -0.206205 0.05 95265.8
0 4030 3 phononTS 0.00260222 -4.59835 -1.72382 0.0401425 8509.5 0.00069486 1 0.0318117 -0.285628 0.05 32220.8
0 4035 1 phononTS 0.004 -0.252255 -1.94366 0.00466306 0 0.00138972 1 0.102597 -0.181235 0.05 10962.9
0 4035 6 phononL 0.000453048 0.102597 -0.181235 0.049999 10962.9 0.00034743 1 0.0583127 -0.224306 0.05 11347.4
0 4043 4 phononTS 0.00136671 -3.80912 3.68171 -0.00278628 407.296 0.00034743 1 0.0572339 -0.195343 0.05 50246.9
0 4055 2 phononTF 0.00080169 4.23643 -1.22682 0.0102487 5339.59 0.00069486 1 -0.100119 -0.207799 0.05 32603.4
0 4063 6 phononTF 0.000453116 -3.03075 0.0803344 0.049999 62471.3 0.00034743 1 0.063581 -0.280626 0.05 95819
0 4068 2 phononTS 0.00214211 0.342925 -3.8886 0.0263007 4239.79 0.00104229 1 0.0407338 -0.134322 0.05 13076.8
0 4068 25 phononTS 0.00089619 0.0407338 -0.134322 0.049999 13076.8 0.00069486 1 0.0390119 -0.174652 0.05 13202.3
0 4087 3 phononTS 0.00220982 3.67217 1.39426 -0.0079702 11863.7 0.00104229 1 0.0480283 -0.156355 0.05 28867.6
0 4090 3 phononL 0.00254339 0.520065 -4.37255 -0.0461019 3997.79 0.00138972 1 0.0338688 -0.15695 0.05 23538.4
0 4115 1 phononTS 0.004 1.34973 1.63829 -0.0216673 0 0.00208458 1 0.0995143 -0.155517 0.05 15091.8
0 4115 2 phononTS 0.000808298 0.0995143 -0.155517 0.049999 15091.8 0.00034743 1 0.097288 -0.137634 0.05 15151
0 4132 3 phononTS 0.00121175 4.06383 -2.38946 0.0114379 9216.44 0.00104229 1 0.0297057 -0.24173 0.05 95647
0 4145 4 phononTS 0.00152124 0.718876 1.71891 -0.0475186 2466.76 0.00069486 1 -0.10028 -0.244811 0.05 11618.2
0 4145 23 phononTF 0.000471553 -0.10028 -0.244811 0.049999 11618.2 0.00034743 1 0.0694135 -0.249152 0.05 11706.1
0 4161 8 phononTF 0.000769908 -0.457486 0.0165785 0.049998 41468.4 0.00034743 1 -0.0834157 -0.142897 0.05 42688.7
0 4169 1 phononL 0.004 -0.108786 -0.362268 0.000584545 0 0.00173715 1 0.0616504 -0.217932 0.05 2052.58
0 4207 3 phononTS 0.00178027 2.17072 -3.92302 0.0156145 264.877 0.00034743 1 -0.0411983 -0.127804 0.05 5513.91
0 4209 3 phononTF 0.00246108 -3.09517 -1.97843 0.0112134 5750.92 0.00104229 1 -0.116053 -0.201641 0.05 14971.6
0 4209 5 phononTF 0.000654633 -0.116053 -0.201641 0.049999 14971.6 0.00034743 1 0.0126664 -0.181972 0.05 39551.6
0 4215 5 phononTS 0.00108218 4.12627 -1.39847 0.0190164 7820.35 0.00069486 1 0.0493967 -0.135961 0.05 54061.4
0 4221 3 phononTF 0.00244186 4.10813 -1.59984 -0.0179305 4618.6 0.00104229 1 -0.0516727 -0.284023 0.05 20628.8
0 4241 2 phononTF 0.00196316 -0.624637 -0.535522 -0.049998 24751.9 0.00034743 1 -0.0329097 -0.225293 0.05 25078.9
0 4263 2 phononL 0.000634098 -0.705327 0.0561624 0.049999 27874.8 0.00034743 1 0.0466844 -0.161429 0.05 28353.1
0 4278 15 phononL 0.00054118 0.391573 0.0495291 0.049999 84257.3 0.00034743 1 -0.0505384 -0.252006 0.05 84805.9
0 4294 3 phononTS 0.00221223 0.35908 -3.17791 -0.0253115 1020.74 0.00104229 1 -0.0765504 -0.276909 0.05 34271
0 4300 3 phononTF 0.00235821 1.86792 -0.596033 0.011754 3263.58 0.00138972 1 0.029934 -0.298879 0.05 8679.97
0 4313 3 phononTS 0.00139801 -2.41899 -1.18294 -0.0376175 1549.73 0.00034743 1 -0.106034 -0.152345 0.05 18310.2
0 4360 22 phononTS 0.000522769 0.84117 0.0406005 0.049999 68774.8 0.00034743 1 0.043027 -0.267189 0.05 101252
0 4407 5 phononL 0.00171223 -4.4726 4.75538 0.00464492 28230.5 0.00104229 1 0.0984773 -0.15768 0.05 40085.1
0 4416 2 phononTS 0.00173022 0.145643 1.0037 0.0438947 1663.31 0.00069486 1 -0.105043 -0.157679 0.05 6214.86
0 4431 5 phononTS 0.00123872 -1.65393 0.0536032 0.049999 13116.2 0.00069486 1 -0.0304144 -0.293342 0.05 14085.4
0 4437 8 phononTS 0.000708596 -3.97451 0.00237919 0.049999 43486.3 0.00034743 1 0.0457038 -0.145572 0.05 54458.7
0 4443 3 phononTS 0.00315513 -0.836574 -2.46867 0.0484563 16472.4 0.00138972 1 -0.0380932 -0.191989 0.05 23217.4
0 4453 4 phononTS 0.00139749 1.66127 1.7082 0.0492317 69168.9 0.00069486 1 0.101522 -0.140914 0.05 105090
0 4465 7 phononTS 0.000613074 -1.01872 0.0391677 0.049999 32927.2 0.00034743 1 0.0415091 -0.249132 0.05 37255.7
0 4483 3 phononL 0.00133979 -2.75947 -4.50154 -0.0268279 10893.7 0.00034743 1 -0.0364405 -0.285566 0.05 17242.6
0 4485 15 phononTS 0.0013021 2.82835 3.45615 -0.0308881 9854.05 0.00104229 1 0.0172868 -0.240285 0.05 110795
0 4487 2 phononTS 0.00237034 -1.31906 2.88849 0.0361619 21996.6 0.00104229 1 -0.0903745 -0.204978 0.05 38527.4
0 4498 4 phononTS 0.000681512 -1.59147 0.0610426 0.049999 1392.19 0.00034743 1 0.0778399 -0.209215 0.05 2149.9
0 4504 2 phononTF 0.00121861 0.407233 2.61167 -0.0268044 5418.43 0.00069486 1 0.0612645 -0.219098 0.05 31110.8
0 4513 8 phononL 0.000629168 -0.0550254 0.00159417 0.049999 12341.4 0.00034743 1 -0.0616654 -0.138111 0.05 13161.8
0 4528 3 phononTS 0.00143954 2.02948 2.8774 -0.000526993 1282.38 0.00034743 1 -0.0800323 -0.166728 0.05 92920.9
0 4528 4 phononL 0.000430062 -0.0800323 -0.166728 0.049999 92920.9 0.00034743 1 -0.0776975 -0.258856 0.05 93118
0 4548 21 phononTS 0.00109412 -3.66951 3.28637 -0.0474543 36523.7 0.00069486 1 0.103214 -0.14655 0.05 53298.9
0 4552 16 phononTS 0.00059245 1.2027 0.103004 0.049999 13239.5 0.00034743 1 0.115832 -0.177642 0.05 14410.5
0 4571 6 phononTF 0.000531097 -0.0733987 0.0238465 0.049999 64685.5 0.00034743 1 0.0300434 -0.14558 0.05 64864.8
0 4574 6 phononL 0.0010966 -4.55863 0.0396394 0.049999 32236.4 0.00069486 1 -0.0876943 -0.271135 0.05 55903.9
0 4582 24 phononTS 0.00104095 -2.60034 -1.82714 0.00261545 13063.5 0.00034743 1 0.0947759 -0.19108 0.05 39194.8
0 4589 4 phononTS 0.0012663 3.84889 1.31388 -0.0295904 44814.4 0.00069486 1 -0.0446603 -0.125077 0.05 135307
0 4604 2 phononL 0.00239677 -0.310286 2.94193 -0.0176256 263.01 0.00138972 1 -0.0350902 -0.260252 0.05 9018.86
0 4638 20 phononTS 0.000945086 0.109061 2.44225 -0.0393827 26308.7 0.00069486 1 -0.0144364 -0.232263 0.05 29836.2
0 4655 14 phononTF 0.000845703 -4.85911 -0.638899 -0.022855 160051 0.00034743 1 -0.10384 -0.21522 0.05 238041
0 4668 28 phononTS 0.000457727 0.159178 -0.00849532 0.049999 6766.59 0.00034743 1 0.0147904 -0.216349 0.05 6874.3
0 4680 2 phononTF 0.00215012 0.68277 -4.06341 -0.0190671 5709.25 0.00069486 1 -0.0804497 -0.257061 0.05 21328
0 4690 5 phononTF 0.00208564 2.39171 -2.0478 0.0199014 7223.63 0.00034743 1 0.0172863 -0.173624 0.05 12019.9
0 4690 6 phononL 0.00151857 0.0172863 -0.173624 0.049999 12019.9 0.00069486 1 -0.053759 -0.169782 0.05 12070.7
0 4695 3 phononTS 0.000962063 0.472071 3.1372 -0.0444655 3032.04 0.00034743 1 0.0487396 -0.185457 0.05 30216.5
0 4695 5 phononTS 0.000571199 0.0487396 -0.185457 0.049999 30216.5 0.00034743 1 0.0425966 -0.129085 0.05 30281.8
0 4732 3 phononTS 0.00112189 0.0487025 -3.86223 0.0426122 1199.09 0.00069486 1 0.117332 -0.209936 0.05 78080.7
0 4733 5 phononTS 0.000974542 0.459588 -4.41715 -0.00353597 80793.8 0.00069486 1 -0.104636 -0.224059 0.05 113508
0 4742 9 phononTF 0.000373684 0.024815 0.0152687 0.049998 7611.31 0.00034743 1 -0.0373222 -0.2873 0.05 7875.49
0 4765 22 phononTF 0.00043771 4.8909 0.0252095 0.049999 1280.33 0.00034743 1 0.0218365 -0.228657 0.05 13297.5
0 4768 22 phononTF 0.000956843 -0.428199 1.50669 0.0440444 86849.1 0.00034743 1 -0.0486046 -0.173321 0.05 91472.3
0 4801 25 phononTS 0.00045033 4.89978 0.0205888 0.049998 36079 0.00034743 1 0.0361112 -0.130717 0.05 38148.8
0 4834 2 phononTS 0.00147998 4.23756 3.23029 -0.0270425 10932.8 0.00069486 1 0.0235023 -0.190272 0.05 112423
0 4836 1 phononL 0.004 -0.174539 2.35198 -0.0182088 0 0.00138972 1 0.0977945 -0.195716 0.05 13333.5
0 4836 2 phononTF 0.00161904 0.0977945 -0.195716 0.049999 13333.5 0.00104229 1 -0.0845125 -0.253464 0.05 13688.7
0 4859 4 phononTS 0.00175824 -2.37008 0.399978 0.0375053 56233.6 0.00104229 1 0.0392526 -0.178005 0.05 105301
0 4865 3 phononTS 0.0025279 4.76454 1.08246 0.0233991 2732.86 0.00104229 1 0.0645626 -0.161905 0.05 19616.1
0 4873 2 phononL 0.00184597 -1.27281 -1.15963 0.0124198 5634.87 0.00069486 1 0.0982354 -0.225004 0.05 12640.2
0 4876 3 phononTS 0.00201798 1.29151 -4.47203 -0.0421249 2617.56 0.00104229 1 0.0274036 -0.203672 0.05 15449.5
0 4890 5 phononTS 0.00149065 2.43936 -2.03012 0.0334083 18213.6 0.00069486 1 -0.0478795 -0.284975 0.05 27282.4
0 4890 2 phononTF 0.00086848 0.81545 -3.28026 0.00577116 10862.5 0.00034743 1 0.0336482 -0.231426 0.05 26725.9
0 4900 14 phononL 0.00156783 -2.03733 3.6392 -0.0309656 61746.4 0.00069486 1 0.0489455 -0.302204 0.05 80232.5
0 4901 6 phononTF 0.00061192 -0.181907 0.0989429 0.049999 21665 0.00034743 1 -0.101071 -0.166403 0.05 22422.3
0 5003 2 phononTS 0.00185355 -3.70044 -3.02848 -0.0398457 6879.83 0.00138972 1 -0.0244566 -0.148179 0.05 152733
0 5007 2 phononTS 0.00243808 2.98952 -4.2953 0.0446525 11050.3 0.00104229 1 -0.0805435 -0.239911 0.05 22733
0 5015 18 phononL 0.00171438 0.576815 4.80779 0.0283804 136499 0.00034743 1 -0.0561989 -0.148969 0.05 157810
0 5027 4 phononTF 0.000791491 -4.3337 0.0992845 0.049999 51883.8 0.00034743 1 -0.112873 -0.207188 0.05 69867.1
0 5033 28 phononTF 0.000691272 3.08715 0.0501318 0.049999 58860.3 0.00034743 1 0.00902278 -0.199214 0.05 76389.4
0 5037 5 phononTS 0.000985817 -4.05673 1.38036 0.0285306 3770.46 0.00069486 1 -0.0786278 -0.224348 0.05 26402.8
0 5043 2 phononTS 0.00191193 -3.85815 2.36848 -0.0478964 1366.49 0.00104229 1 0.0821884 -0.143953 0.05 20501.4
0 5055 3 phononTS 0.00169722 0.278549 -2.70885 -0.00531735 1701 0.00034743 1 0.0508883 -0.229472 0.05 4920.57
0 5055 4 phononTF 0.000689777 0.0508883 -0.229472 0.049999 4920.57 0.00034743 1 0.0516147 -0.28915 0.05 4986.37
0 5063 2 phononTS 0.00102244 4.15685 2.89645 -0.04927 6009.16 0.00034743 1 0.102056 -0.182461 0.05 72669.2
0 5092 3 phononL 0.00253666 -4.69378 1.41562 0.00283108 38842.4 0.00104229 1 0.0743644 -0.120818 0.05 53359.4
0 5092 4 phononTS 0.00092157 0.0743644 -0.120818 0.049999 53359.4 0.00069486 1 -0.0829604 -0.154366 0.05 53747
0 5108 3 phononL 0.00129506 -4.30396 4.57471 0.0337181 13434 0.00069486 1 -0.0640821 -0.192503 0.05 34060.5
0 5146 5 phononTS 0.00177396 -1.52285 0.430292 0.0485704 38669.6 0.00104229 1 0.0715286 -0.188903 0.05 45809.9
0 5156 3 phononL 0.00134702 3.31437 -2.49824 0.00318959 9010.84 0.00069486 1 0.0671266 -0.246816 0.05 27241.8
0 5162 21 phononTF 0.000841664 0.0361483 0.0605653 0.049999 18658.7 0.00069486 1 0.0310797 -0.0935793 0.05 18741.1
0 5168 16 phononTF 0.000860387 -2.14173 3.98839 -0.0086507 62574.2 0.00034743 1 0.0901739 -0.199706 0.05 85171.1
0 5169 2 phononTF 0.000579131 2.71961 2.56303 -0.0013841 2713.96 0.00034743 1 -0.044891 -0.286646 0.05 105627
0 5187 1 phononL 0.004 -0.159425 -0.256522 -0.031183 0 0.00173715 1 0.0305953 -0.286378 0.05 895.478
0 5187 4 phononTS 0.00127055 0.0305953 -0.286378 0.049998 895.478 0.00069486 1 0.0718213 -0.283602 0.05 965.716
0 5188 1 phononTF 0.004 -0.294831 -0.223398 0.0386551 0 0.00138972 1 -0.109115 -0.212393 0.05 588.727
0 5238 3 phononTS 0.00164983 -0.823888 -1.28967 0.00880206 2070.9 0.00034743 1 0.0687611 -0.282073 0.05 3003.67
0 5250 4 phononTS 0.00170601 -0.833209 4.36145 -0.00363298 2179.9 0.00069486 1 0.0879489 -0.130651 0.05 12123.2
0 5250 12 phononTF 0.000437279 0.0879489 -0.130651 0.049999 12123.2 0.00034743 1 0.0307961 -0.183796 0.05 12188
0 5253 14 phononTF 0.000462387 0.0892535 0.0389566 0.049999 63162.8 0.00034743 1 0.0402684 -0.209608 0.05 104555
0 5264 1 phononTS 0.004 0.0144548 -0.592234 -0.00711361 0 0.00173715 1 -0.0845847 -0.26676 0.05 471.518
0 5266 23 phononTF 0.00113042 -1.70902 -2.71994 0.0395885 32189.9 0.00069486 1 -0.0505164 -0.188222 0.05 69715
0 5288 2 phononTS 0.0013308 0.208047 -2.80222 -0.0055909 84.1642 0.00034743 1 0.0888473 -0.234064 0.05 2204.68
0 5299 2 phononTS 0.00240028 -1.04068 0.548555 -0.0305851 126.891 0.00104229 1 -0.0762576 -0.279071 0.05 2013.36
0 5327 7 phononTS 0.000381595 -4.98405 0.0918554 0.049999 50155.7 0.00034743 1 -0.0795602 -0.264621 0.05 122897
0 5329 3 phononL 0.00204253 0.560008 -0.262488 -0.042177 5239.96 0.00104229 1 0.0460512 -0.290926 0.05 5503.58
0 5344 3 phononTF 0.00145569 3.03546 -4.69249 -0.0207146 2349.16 0.00034743 1 -0.0672647 -0.252803 0.05 56074.1
0 5362 4 phononTF 0.00137752 3.94274 -3.49556 -0.00535835 20511.9 0.00034743 1 -0.0526568 -0.140257 0.05 105417
0 5388 3 phononL 0.00218326 -3.07953 2.82945 0.00627668 2772.66 0.00069486 1 -0.0760817 -0.116859 0.05 54410.8
0 5389 4 phononL 0.000963969 1.38293 2.62105 -0.0236967 36474.6 0.00034743 1 -0.0509691 -0.221226 0.05 49220
0 5418 20 phononL 0.000776663 -4.09589 -4.60587 -0.0169064 27959.6 0.00034743 1 -0.108857 -0.227314 0.05 87444.9
0 5422 22 phononTF 0.000449141 1.39085 0.00224713 0.049999 51289.8 0.00034743 1 -0.0922613 -0.137966 0.05 63317.8
0 5426 2 phononTF 0.0020067 1.16568 -4.86349 0.0262121 7881.94 0.00104229 1 -0.0951527 -0.232134 0.05 88224.9
0 5436 2 phononTF 0.0014958 3.12081 3.01973 -0.0098619 14496.3 0.00034743 1 -0.0276388 -0.258186 0.05 36602.5
0 5443 1 phononTS 0.004 -0.370916 0.00459754 0.0263933 0 0.00138972 1 -0.0815847 -0.23007 0.05 619.628
0 5443 3 phononTS 0.000769785 -0.0815847 -0.23007 0.049999 619.628 0.00034743 1 0.102583 -0.232358 0.05 719.371
0 5460 17 phononTS 0.000681418 0.0197762 -3.4402 0.0191315 11483.1 0.00034743 1 -0.0683306 -0.285259 0.05 162146
0 5504 6 phononTS 0.00106872 1.81901 0.0822745 0.049999 15314.4 0.00034743 1 -0.0693197 -0.187057 0.05 17878.2
0 5556 1 phononL 0.004 -0.424819 -0.645005 0.00613916 0 0.00208458 1 0.0248869 -0.238061 0.05 1063.3
0 5573 2 phononTF 0.00177405 -0.189333 0.4725 0.0026825 714.234 0.00069486 1 -0.0600285 -0.244048 0.05 120621
0 5582 2 phononTS 0.00180368 1.99829 4.08367 -0.025641 22772.1 0.00104229 1 0.0804369 -0.162972 0.05 51736.5
0 5585 3 phononTS 0.00280976 -1.24722 -0.210254 -0.0282947 3901.79 0.00138972 1 -0.0349361 -0.292765 0.05 5344.67
0 5641 25 phononL 0.00106678 -1.73839 -3.58936 -0.0171588 7955.38 0.00069486 1 0.0353754 -0.181676 0.05 23888.5
0 5658 3 phononTS 0.00200503 -0.21185 -0.403315 -0.0101424 1180.92 0.00104229 1 -0.0216891 -0.242684 0.05 1309.27
0 5675 3 phononTS 0.00187434 3.58546 -2.40641 -0.0042159 1430.35 0.00104229 1 -0.072353 -0.212901 0.05 45013.4
0 5711 4 phononTS 0.000844655 3.44351 3.93908 -0.0191233 5676.97 0.00034743 1 -0.0929966 -0.188721 0.05 34146.6
0 5717 3 phononTS 0.00370767 1.55116 -1.70949 -0.0260321 1172.37 0.00104229 1 -0.0879827 -0.208504 0.05 15001
0 5741 16 phononTS 0.000777466 0.972738 4.7894 0.0459317 33642.2 0.00034743 1 0.0469531 -0.206008 0.05 86470.7
0 5742 3 phononTF 0.00222757 3.74365 -4.50209 0.00593618 23.8964 0.00104229 1 0.0655137 -0.175169 0.05 15525.7
0 5743 2 phononTS 0.00197192 -1.18677 1.01626 -0.0170623 3.12291 0.00104229 1 0.0232785 -0.248328 0.05 5370.48
0 5750 2 phononTS 0.00176397 4.37351 2.27452 0.0320442 10848.4 0.00069486 1 -0.0360568 -0.120462 0.05 40138.2
0 5755 1 phononTF 0.004 2.38683 -0.948383 -0.00733929 0 0.00034743 1 -0.0810388 -0.249323 0.05 9860.48
0 5755 4 phononTS 0.000400331 -0.0810388 -0.249323 0.049999 9860.48 0.00034743 1 -0.027016 -0.212952 0.05 9928.81
0 5755 3 phononTF 0.00299193 -0.0810388 -0.249323 0.049999 9860.48 0.00138972 1 -0.078607 -0.117912 0.05 9950.79
0 5770 2 phononTS 0.00192163 -0.349099 1.22049 0.0189142 176.485 0.00138972 1 0.106835 -0.159269 0.05 59909.9
0 5783 4 phononTS 0.000863602 -1.8388 4.83708 0.0222759 3899.05 0.00034743 1 -0.062834 -0.267166 0.05 67289
0 5792 5 phononTS 0.00138301 1.3695 0.0689505 0.049999 22463.2 0.00069486 1 -0.0405537 -0.30241 0.05 95792.7
0 5818 4 phononTF 0.00189883 0.110482 -0.507344 -0.0388179 28456.1 0.00138972 1 0.101514 -0.154973 0.05 28842.6
0 5827 4 phononTF 0.000478542 -4.46496 -0.00955804 0.049999 6740.65 0.00034743 1 0.0646603 -0.186539 0.05 18969.8
0 5831 4 phononTS 0.00107492 -0.824327 0.016324 0.049999 16417.6 0.00069486 1 0.0796494 -0.126717 0.05 17603.3
0 5866 10 phononL 0.000351758 -1.93811 0.0150541 0.049998 27603.6 0.00034743 1 -0.0496324 -0.291467 0.05 32388.5
0 5874 31 phononTS 0.000528236 2.575 0.0506969 0.049999 93585.7 0.00034743 1 0.0819207 -0.235835 0.05 231918
0 5891 15 phononTS 0.00127123 2.27272 2.33024 0.00510836 67422.7 0.00069486 1 -0.0610193 -0.248619 0.05 144556
0 5895 3 phononL 0.00111808 -0.296672 1.23667 0.0211792 15947.5 0.00069486 1 -0.028355 -0.116845 0.05 19977.7
0 5895 13 phononTF 0.00177123 -0.476524 2.7961 -0.0474526 21039.9 0.00104229 1 0.020122 -0.224326 0.05 32698.5
0 5923 21 phononTS 0.000796705 1.22922 0.0731434 0.049999 77065.7 0.00034743 1 0.0343551 -0.181633 0.05 96932.8
0 5923 32 phononTF 0.000415518 0.0343551 -0.181633 0.049999 96932.8 0.00034743 1 0.0395334 -0.149317 0.05 97003.6
0 5970 3 phononTS 0.00146765 -0.208391 -1.09215 0.0125865 20630.5 0.00069486 1 -0.0531357 -0.242953 0.05 21274.2
0 5974 5 phononL 0.00167128 -0.261244 4.22026 -0.00219471 26095.6 0.00069486 1 0.0677274 -0.207796 0.05 83769.6
0 5974 6 phononTS 0.000624735 0.0677274 -0.207796 0.049999 83769.6 0.00034743 1 0.0430898 -0.263597 0.05 84029
0 5992 4 phononL 0.00142268 -0.0287726 0.00673688 0.049999 2364.41 0.00069486 1 -0.0612894 -0.112779 0.05 2459.03
0 6005 3 phononTS 0.00221444 -4.03154 -0.912718 0.0107161 6131.16 0.00104229 1 -0.0532532 -0.21052 0.05 17882.5
0 6018 1 phononTF 0.004 -0.335243 1.00715 0.0186831 0 0.00138972 1 0.0372086 -0.255673 0.05 5072.48
0 6018 4 phononTS 0.000875186 0.0372086 -0.255673 0.049999 5072.48 0.00034743 1 0.107733 -0.180941 0.05 5228.91
0 6020 2 phononTS 0.00280355 -1.92483 2.41043 0.0403542 10244.4 0.00138972 1 -0.0201108 -0.198141 0.05 33570.1
0 6020 24 phononTF 0.000369095 -0.0201108 -0.198141 0.049999 33570.1 0.00034743 1 -0.0313636 -0.202671 0.05 33629.9
0 6050 4 phononTS 0.000403589 -1.42357 0.0449306 0.049999 2459.91 0.00034743 1 -0.0871964 -0.187158 0.05 2898.35
0 6078 21 phononTS 0.00144669 3.19949 2.72334 0.0255363 29938.6 0.00069486 1 0.0675689 -0.264708 0.05 53368.8
0 6081 3 phononTS 0.00156271 2.96001 3.44776 0.000913561 452.373 0.00069486 1 -0.0222644 -0.194372 0.05 22660.2
0 6128 10 phononL 0.00208686 1.56207 -0.899038 0.0282453 12067.6 0.00138972 1 0.0416651 -0.14134 0.05 60557.6
0 6141 15 phononTF 0.00116954 -0.990787 -2.86312 -0.0153099 6868.39 0.00069486 1 0.0447719 -0.187 0.05 38081.6
0 6157 2 phononTS 0.00258087 0.64779 -1.1282 -0.010126 2014.72 0.00138972 1 0.0851481 -0.121547 0.05 8362.21
0 6171 2 phononTS 0.00172676 -4.1584 -4.14213 0.038907 1128.23 0.00104229 1 0.0264903 -0.180102 0.05 15315.2
0 6181 3 phononTS 0.00276218 -4.29293 -2.34305 0.0124302 11593.1 0.00138972 1 0.0936692 -0.210518 0.05 21756.3
0 6181 2 phononTS 0.00123782 -4.29293 -2.34305 0.0124302 11593.1 0.00069486 1 -0.0410438 -0.277049 0.05 27799.7
0 6182 3 phononTS 0.00253957 1.28153 -0.346045 0.00740887 817.73 0.00104229 1 -0.0733147 -0.264405 0.05 2119.68
0 6182 4 phononTF 0.000963922 -0.0733147 -0.264405 0.049999 2119.68 0.00069486 1 -0.0758357 -0.142096 0.05 2360.88
0 6187 22 phononTF 0.000833437 -0.00365722 0.0687612 0.049999 13430.1 0.00034743 1 -0.0906624 -0.200459 0.05 15453.9
0 6197 16 phononTS 0.00138746 4.96834 0.664612 -0.00546897 62459.5 0.00069486 1 0.0253839 -0.223165 0.05 98265.3
0 6255 4 phononTS 0.00145159 -1.20651 -4.34909 0.0448813 2964.37 0.00069486 1 0.0702604 -0.192145 0.05 18504.4
0 6259 1 phononTS 0.004 0.402639 -0.331838 -0.0294097 0 0.00243201 1 0.0821697 -0.186968 0.05 465.834
0 6266 3 phononTS 0.00255045 0.485795 1.49475 0.00515842 13384.3 0.00173715 1 0.0500449 -0.20479 0.05 27413.6
0 6269 3 phononTF 0.00236284 -2.31584 -3.02561 0.0339008 15.1197 0.00104229 1 0.111855 -0.162233 0.05 60572.9
0 6269 6 phononTF 0.000389423 0.111855 -0.162233 0.049999 60572.9 0.00034743 1 0.0563592 -0.184411 0.05 60850.9
0 6276 1 phononTF 0.004 -0.29515 -0.191871 0.0310258 0 0.00173715 1 0.0631465 -0.179614 0.05 1525.17
0 6277 3 phononTF 0.00261639 -1.76687 -2.16862 0.0258134 3105.46 0.00173715 1 0.043065 -0.298775 0.05 37316.2
0 6297 3 phononL 0.00193733 1.26383 -2.07887 -0.0175375 11133.6 0.00138972 1 -0.0383222 -0.121067 0.05 12815.9
0 6317 5 phononTF 0.00106793 1.12879 -2.22102 0.00268439 20254.6 0.00034743 1 0.0968629 -0.181688 0.05 105332
0 6317 8 phononTS 0.000479014 0.0968629 -0.181688 0.049998 105332 0.00034743 1 -0.0799695 -0.138748 0.05 105848
0 6324 2 phononTS 0.00157257 2.10053 1.93019 -0.0253115 461.372 0.00069486 1 0.0795069 -0.144931 0.05 37053.4
0 6349 3 phononTS 0.00127356 1.57679 3.30229 0.00267942 2778.31 0.00069486 1 -0.089812 -0.247682 0.05 93069.4
0 6375 2 phononTS 0.00137817 -4.16971 0.87471 0.0187391 8131.29 0.00069486 1 -0.0357697 -0.146076 0.05 10412.8
0 6389 3 phononTF 0.00164676 1.84219 1.72925 -0.0384751 1088.82 0.00069486 1 -0.0521248 -0.290732 0.05 19258.6
0 6390 5 phononTS 0.00147486 -2.38721 -4.54968 -0.0257688 40298.1 0.00104229 1 0.0499596 -0.157683 0.05 43187.4
0 6392 2 phononTS 0.00120734 1.07645 4.53148 0.0423045 5963.52 0.00069486 1 -0.0217093 -0.136265 0.05 51162.8
0 6408 5 phononL 0.000512347 -2.25083 0.0922951 0.049999 12106.4 0.00034743 1 0.0323108 -0.151562 0.05 83681.5
0 6413 2 phononTS 0.0016754 -4.801 -3.64889 0.0227551 1457.53 0.00104229 1 0.105053 -0.151458 0.05 53262.6
0 6415 4 phononTS 0.000696732 0.0547279 0.004099 0.049999 2148.47 0.00034743 1 -0.0235985 -0.25141 0.05 2364.91
0 6457 2 phononTF 0.00177214 -0.460719 -0.95295 0.0367223 2603.64 0.00138972 1 -0.0320999 -0.143361 0.05 4214.15
0 6461 3 phononTF 0.00220128 0.800131 3.80067 -0.0230894 25693.8 0.00138972 1 0.0444927 -0.134912 0.05 49208.2
0 6493 21 phononTS 0.000655662 2.1825 0.0399496 0.049999 12919.2 0.00034743 1 0.0356707 -0.173961 0.05 27317.3
0 6521 1 phononL 0.004 -0.649448 -3.64252 0.0337571 0 0.00138972 1 0.119973 -0.21417 0.05 12008.7
0 6524 4 phononTS 0.00171544 -2.33991 3.34423 -0.0273619 86933.8 0.00104229 1 0.0472657 -0.254825 0.05 92646.5
0 6540 3 phononTS 0.00229484 2.94585 -1.59432 0.0230389 4820.31 0.00138972 1 0.0307491 -0.277595 0.05 22348.7
0 6542 5 phononL 0.00144281 -0.831156 -2.16399 -0.00411535 69017.7 0.00034743 1 -0.113926 -0.176159 0.05 76798.3
0 6555 1 phononTS 0.004 -0.484676 -0.469778 -0.0154222 0 0.00208458 1 0.0684989 -0.178607 0.05 341.861
0 6569 1 phononTF 0.004 -0.215123 2.20988 0.0150968 0 0.00173715 1 0.0275813 -0.148728 0.05 6591.57
0 6587 25 phononL 0.000447454 -0.321592 0.00144197 0.049999 6432.36 0.00034743 1 -0.0752538 -0.240194 0.05 6714.57
0 6606 3 phononTS 0.00245011 0.428633 -0.939339 -0.0451018 6179.16 0.00104229 1 0.0696932 -0.29629 0.05 7058.05
0 6639 2 phononTS 0.00104617 4.30623 -1.94144 0.0290531 2059.78 0.00069486 1 -0.0498283 -0.299369 0.05 149224
0 6653 20 phononTS 0.000563666 -0.76126 0.0276829 0.049998 13040.6 0.00034743 1 -0.0386756 -0.172087 0.05 13533.8
0 6718 4 phononTS 0.000520342 -2.47438 0.092364 0.049999 18894.6 0.00034743 1 0.0687962 -0.267267 0.05 23111.4
0 6748 2 phononTS 0.0023348 0.377409 3.43851 -0.0245449 3600.44 0.00104229 1 0.0247684 -0.184028 0.05 9422.4
0 6781 4 phononTS 0.00171483 -2.72102 2.13959 -0.0373939 8602.01 0.00104229 1 -0.0540161 -0.10465 0.05 27157.6
0 6790 2 phononTS 0.00213346 -1.29006 0.903254 0.0102304 3985.69 0.00138972 1 -0.0785728 -0.228333 0.05 7897.48
0 6795 1 phononTF 0.004 0.118754 -0.35887 0.0348858 0 0.00104229 1 -0.0351359 -0.108597 0.05 10153.1
0 6796 4 phononTS 0.00170597 -1.53434 -0.316311 0.0498702 102885 0.00104229 1 0.0240102 -0.23534 0.05 212155
0 6818 16 phononTF 0.00132395 -2.17452 -1.34619 -0.0212049 7531.83 0.00069486 1 -0.0583128 -0.289639 0.05 29581.9
0 6824 22 phononTS 0.000586628 1.74492 0.0952242 0.049999 11560.1 0.00034743 1 0.0583338 -0.152253 0.05 39484.7
0 6835 5 phononTF 0.00161302 1.93068 3.20752 -0.0448588 23486.9 0.00104229 1 0.0207535 -0.143524 0.05 33231.4
0 6860 24 phononL 0.000348824 4.04045 0.0470381 0.049999 9254.14 0.00034743 1 0.0687977 -0.185197 0.05 22775.7
0 6863 2 phononTF 0.0015404 0.811155 -2.0827 0.0093133 2466.44 0.00034743 1 -0.0231303 -0.160953 0.05 77503.7
0 6871 30 phononTF 0.000550494 -2.27217 0.0433884 0.049999 35289.6 0.00034743 1 0.0542548 -0.212606 0.05 97064.9
0 6905 3 phononTF 0.00259689 3.5617 -4.55979 0.0276185 1785.03 0.00138972 1 0.0994939 -0.229203 0.05 40069.5
0 6906 2 phononTS 0.00275734 -1.72589 -1.39372 0.0266674 8737.08 0.00104229 1 -0.107522 -0.246984 0.05 9601.63
0 6912 5 phononTS 0.00166881 -2.99628 -3.19956 0.0392828 105847 0.00104229 1 -0.089852 -0.229509 0.05 112567
0 6929 5 phononTS 0.00124542 -1.77641 -4.27323 -0.0487899 17491.8 0.00034743 1 -0.0840739 -0.188389 0.05 57875.2
0 6950 2 phononTF 0.000875398 -4.56827 2.54383 -0.0274414 1858.77 0.00069486 1 -0.0662569 -0.175956 0.05 40474
0 6954 2 phononTF 0.00228144 4.38408 3.46196 0.0480027 3654.32 0.00138972 1 -0.0803964 -0.200119 0.05 20389.3
0 6959 3 phononL 0.00204624 -2.67024 0.6741 -0.0308348 6591.06 0.00069486 1 0.0979936 -0.19773 0.05 17391.4
0 6975 3 phononTF 0.00192701 0.753801 -1.37538 -0.045132 5141.45 0.00104229 1 0.019835 -0.191842 0.05 29771.4
0 6982 3 phononTS 0.00231549 1.19771 3.54056 -0.0240605 3331.43 0.00034743 1 0.0756842 -0.266167 0.05 62325.7
0 7000 5 phononTF 0.00179164 -0.508441 -3.7466 -0.023336 36038.5 0.00104229 1 -0.0784563 -0.284098 0.05 38016.6
0 7000 6 phononTS 0.000668759 -0.0784563 -0.284098 0.049999 38016.6 0.00034743 1 -0.117424 -0.209703 0.05 38143.9
0 7007 2 phononTF 0.00213373 -2.9687 -2.17192 -0.023714 10552.8 0.00069486 1 0.0765525 -0.275592 0.05 38182.6
0 7009 14 phononTS 0.00160798 -1.15374 4.47361 0.0218157 3734.55 0.00104229 1 0.0262013 -0.230476 0.05 7525.11
0 7016 3 phononTF 0.00223814 -2.6302 4.1711 -0.0373979 394.537 0.00069486 1 0.0600073 -0.246221 0.05 13704.5
0 7023 8 phononTS 0.000417282 2.08455 0.0787178 0.049999 22647.2 0.00034743 1 -0.0710125 -0.142822 0.05 24220.6
0 7069 5 phononTS 0.00087935 -4.56805 -4.94969 0.0298043 4507.44 0.00034743 1 0.0529448 -0.213321 0.05 20954.1
0 7070 3 phononL 0.00230369 0.82281 -4.43464 0.0104318 2852 0.00034743 1 -0.108435 -0.195558 0.05 22576.4
0 7078 3 phononTF 0.0017691 2.14904 4.6876 -0.0329774 13376.2 0.00034743 1 -0.0190379 -0.147554 0.05 64644.7
0 7078 4 phononTF 0.000824285 -0.0190379 -0.147554 0.049999 64644.7 0.00034743 1 0.0325449 -0.166042 0.05 65166.5
0 7080 8 phononTS 0.000393905 4.8887 4.9622 0.027394 83823.8 0.00034743 1 -0.0654598 -0.150825 0.05 150366
0 7094 5 phononTF 0.000906551 0.463302 4.9056 -0.03567 1924.34 0.00034743 1 -0.0605649 -0.140923 0.05 42186.8
0 7119 5 phononTS 0.00185595 -0.0037631 -3.99162 0.00837896 12876.6 0.00069486 1 -0.11734 -0.209724 0.05 18221.4
0 7128 17 phononTF 0.0011667 0.919273 -1.15689 0.0237185 32645 0.00034743 1 -0.0404359 -0.207255 0.05 51443.9
0 7141 5 phononTS 0.000938836 -0.0461067 0.0529228 0.049999 42728.1 0.00034743 1 0.0408846 -0.11883 0.05 44837.8
0 7163 2 phononTF 0.00191708 -2.93936 0.926494 -0.00209591 3159.31 0.00138972 1 0.0800297 -0.255976 0.05 40104
0 7167 1 phononTS 0.004 -0.0655824 -0.652638 0.0245463 0 0.00173715 1 -0.065122 -0.120506 0.05 495.699
0 7188 1 phononTF 0.004 -0.650403 -1.65867 -0.0236417 0 0.00277944 1 0.0480615 -0.208346 0.05 3469.83
0 7191 2 phononTS 0.00169255 -0.332041 3.86197 0.0205717 5198.44 0.00069486 1 -0.0920789 -0.133326 0.05 34498.1
0 7197 2 phononTF 0.00136136 2.22925 2.5536 -0.0263725 3595.14 0.00034743 1 0.0494323 -0.291141 0.05 25660.7
0 7228 18 phononL 0.00044195 0.428423 0.0373247 0.049999 62694.7 0.00034743 1 -0.0859393 -0.158314 0.05 63279.2
0 7249 2 phononTF 0.00123449 -1.47575 1.54472 0.00076835 2602.74 0.00069486 1 -0.103599 -0.161833 0.05 27951.8
0 7266 3 phononTF 0.00270334 -3.87262 -1.36004 0.0393727 1692.52 0.00104229 1 0.0532951 -0.20332 0.05 53551.2
0 7270 7 phononL 0.000684391 -0.34183 0.104614 0.049999 10154.4 0.00034743 1 -0.0361453 -0.216864 0.05 10296
0 7294 2 phononTF 0.00157478 2.04783 -3.88485 0.0179175 17979.6 0.00034743 1 -0.0914303 -0.24714 0.05 69121.2
0 7294 8 phononTS 0.00117416 -0.0914303 -0.24714 0.049999 69121.2 0.00034743 1 -0.0730427 -0.257726 0.05 69189.4
0 7294 11 phononTF 0.00048018 -0.0730427 -0.257726 0.049999 69189.4 0.00034743 1 -0.0618547 -0.163251 0.05 69318.5
0 7309 2 phononTF 0.00254995 3.5921 -2.62141 -0.0477583 269.183 0.00138972 1 0.0611757 -0.160747 0.05 40120.3
0 7311 2 phononTS 0.00169251 -1.01042 0.789384 0.00459825 3997.79 0.00069486 1 0.099828 -0.251112 0.05 57871.8
0 7367 3 phononTF 0.00332555 -0.55031 -1.24247 -0.0432693 165.407 0.00208458 1 0.0700799 -0.291867 0.05 4856.49
0 7380 16 phononTS 0.00113912 1.91259 -3.01918 0.0318862 28752.1 0.00069486 1 -0.0967659 -0.229445 0.05 155366
0 7384 4 phononTF 0.00069782 -0.325446 0.00883291 0.049999 6340.38 0.00034743 1 -0.0890417 -0.13929 0.05 6500.03
0 7385 3 phononTS 0.00204218 -1.6286 0.706427 -0.0121586 6056.69 0.00104229 1 0.030013 -0.301337 0.05 9053.43
0 7393 3 phononTS 0.00245877 3.05602 -2.78911 0.0473009 17522.2 0.00138972 1 0.0316105 -0.189803 0.05 43161
0 7395 3 phononTF 0.00270173 2.23383 -3.36304 -0.0265562 5583.71 0.00138972 1 0.0747277 -0.262941 0.05 34180.6
0 7400 3 phononTS 0.00377597 0.870794 -4.11989 0.0342828 4364.73 0.00173715 1 -0.0419078 -0.245178 0.05 17669.2
0 7410 15 phononTS 0.0016985 -2.81275 -1.58786 -0.0487476 5026.85 0.00034743 1 0.033598 -0.197283 0.05 93440.3
0 7416 7 phononTF 0.00134349 -0.326582 -1.04517 0.0100865 9677.41 0.00034743 1 -0.0687728 -0.161571 0.05 11802.5
0 7430 2 phononTS 0.00129133 -0.0588944 0.778138 0.0132432 7167.55 0.00069486 1 0.0229439 -0.205509 0.05 7458.67
0 7431 3 phononL 0.00158297 0.380437 -1.65531 -0.0488432 3947.48 0.00034743 1 0.0783034 -0.231111 0.05 7267.01
0 7438 2 phononTS 0.000818476 -0.24545 -0.179517 -0.000162699 284.309 0.00034743 1 -0.0863896 -0.22752 0.05 429.573
0 7440 5 phononTS 0.00113106 -3.52947 3.99865 -0.00578081 15431.1 0.00069486 1 -0.0933046 -0.131255 0.05 39483.9
0 7445 2 phononL 0.00130455 -4.98122 -3.6141 -0.0271359 7900.83 0.00069486 1 0.0180554 -0.156796 0.05 17259.1
0 7458 1 phononTS 0.004 0.212742 -0.88721 0.0203158 0 0.00138972 1 0.106369 -0.181244 0.05 3012.99
0 7458 6 phononTS 0.000353714 0.106369 -0.181244 0.049999 3012.99 0.00034743 1 0.0878608 -0.228958 0.05 3845.09
0 7458 4 phononTS 0.00127366 0.106369 -0.181244 0.049999 3012.99 0.00069486 1 0.0500268 -0.140255 0.05 3124.68
0 7465 2 phononTS 0.00239624 1.8097 -1.51492 0.0336938 66.9682 0.00104229 1 -0.0530697 -0.11899 0.05 3262.8
0 7471 21 phononTF 0.000671028 -0.554815 -0.746042 0.0452276 6834.21 0.00034743 1 -0.062395 -0.162044 0.05 9515.58
0 7495 3 phononTS 0.00256068 2.72222 -3.54363 -0.033725 1498.56 0.00138972 1 -0.119511 -0.19107 0.05 19597
0 7527 7 phononL 0.00108096 1.71364 4.91688 0.0138184 9355.92 0.00034743 1 0.0788919 -0.126784 0.05 60412.4
0 7530 3 phononTF 0.0024146 1.00775 1.08172 -0.00577817 3599.05 0.00069486 1 -0.0431454 -0.151092 0.05 7017.49
0 7530 6 phononTS 0.00113485 -0.0431454 -0.151092 0.049999 7017.49 0.00069486 1 -0.0265511 -0.127344 0.05 7079.17
0 7550 16 phononTS 0.00165063 -1.56834 0.0807337 0.049999 103856 0.00034743 1 0.0484463 -0.100456 0.05 117172
0 7563 17 phononTS 0.00174929 2.91427 -3.18351 0.0133981 73397.6 0.00069486 1 -0.0633105 -0.198512 0.05 93929.7
0 7612 3 phononL 0.00162133 -0.819881 -4.48613 -0.0330794 25432.7 0.00104229 1 -0.0145621 -0.181681 0.05 29696.6
0 7634 2 phononL 0.0017005 -2.09961 -4.72992 0.0129506 2795.53 0.00069486 1 0.0522255 -0.262055 0.05 33080.4
0 7634 20 phononTS 0.000590183 0.0522255 -0.262055 0.049999 33080.4 0.00034743 1 0.0244639 -0.219428 0.05 33145.2
0 7668 5 phononTF 0.00250271 -1.91394 -3.62856 0.026693 46175.3 0.00173715 1 0.0188165 -0.148261 0.05 62303.9
0 7680 3 phononL 0.0010754 3.29405 -0.200641 0.00300336 538.659 0.00069486 1 0.0876763 -0.26897 0.05 29993.2
0 7687 5 phononTF 0.000364125 -0.400476 0.0268787 0.049999 19068.6 0.00034743 1 -0.0955899 -0.199763 0.05 19727.8
0 7699 2 phononTS 0.000960016 0.26465 0.329032 0.0162662 3880.97 0.00034743 1 -0.0407764 -0.279747 0.05 21851.7
0 7730 2 phononTS 0.00217105 -4.51322 2.02479 -0.0195127 3799.86 0.00104229 1 -0.100892 -0.195147 0.05 50804.3
0 7767 3 phononL 0.0019552 -1.52537 -4.10938 -0.00541591 6663.04 0.00104229 1 -0.0288452 -0.15963 0.05 33887.2
0 7782 22 phononTF 0.001269 -4.81203 2.43326 0.0451481 41214 0.00069486 1 0.0718584 -0.28491 0.05 47766.4
0 7792 3 phononTS 0.0021826 0.210189 0.879888 0.00777881 14025.9 0.00138972 1 -0.0800243 -0.179452 0.05 24994.3
0 7836 20 phononTF 0.00091918 -1.54831 1.20997 -0.0315382 27973.2 0.00034743 1 0.0410699 -0.207173 0.05 34009.9
0 7845 2 phononTF 0.00150857 -3.87938 4.37316 0.0178485 406.532 0.00069486 1 0.0648331 -0.171589 0.05 19960.6
0 7862 2 phononTF 0.00205499 -2.97415 3.24556 0.0414368 9.88603 0.00034743 1 0.0555939 -0.158622 0.05 13437.1
0 7896 3 phononTS 0.00129208 3.0889 -3.69227 0.043735 11014.8 0.00034743 1 0.0975396 -0.143368 0.05 36801.3
0 7905 2 phononL 0.00225669 2.02023 1.84462 -0.0180406 2426.23 0.00104229 1 0.0807104 -0.247605 0.05 53770.5
0 7906 13 phononTF 0.000453508 4.93959 -0.00434989 0.049999 93843.5 0.00034743 1 -0.0397447 -0.133469 0.05 159253
0 7909 3 phononTF 0.00223519 0.0419943 3.19586 0.0259915 930.321 0.00104229 1 0.100105 -0.215985 0.05 13273.2
0 7913 2 phononTS 0.00192939 3.44034 -4.19522 0.0311613 4383.43 0.00069486 1 0.114645 -0.225967 0.05 18387.9
0 7913 20 phononTS 0.000690362 0.114645 -0.225967 0.049999 18387.9 0.00034743 1 0.105537 -0.22796 0.05 18445.1
0 7928 3 phononL 0.00173316 -4.69578 -4.92692 0.0389043 12680.5 0.00069486 1 0.0709031 -0.222293 0.05 48206.2
0 7942 6 phononTS 0.000436101 -0.83332 -0.009997 0.049999 19427.4 0.00034743 1 -0.0450307 -0.162937 0.05 39391.4
0 7944 2 phononTF 0.0018833 -2.51076 -3.62561 -0.0348736 19923.4 0.00034743 1 0.0808568 -0.156468 0.05 34134.8
0 7945 3 phononTF 0.00156186 3.07702 2.81613 0.00119721 3961.64 0.00069486 1 0.0646811 -0.243506 0.05 24166.1
0 7962 3 phononL 0.00186483 3.54166 -2.27906 0.0156791 6746.24 0.00104229 1 0.0228041 -0.224552 0.05 93275.9
0 7979 2 phononTF 0.0012779 2.69101 -3.67353 -0.0476884 1507.53 0.00069486 1 -0.0219111 -0.196758 0.05 52145
0 7988 3 phononL 0.00147011 2.05451 0.997511 0.0217778 4032.74 0.00104229 1 0.0534492 -0.118565 0.05 50182.8
0 8016 5 phononTF 0.00155272 1.21782 2.77651 0.00778237 18786.1 0.00104229 1 0.0957131 -0.184502 0.05 59121.2
0 8037 6 phononL 0.000696909 0.510858 0.0308713 0.049999 65515.2 0.00034743 1 0.0943419 -0.252197 0.05 65739.5
0 8048 1 phononTS 0.004 -1.06904 -0.880315 0.0370235 0 0.00138972 1 -0.0967866 -0.215819 0.05 2468.14
0 8056 2 phononTS 0.00232833 -0.652865 0.953164 -0.00314953 12497.4 0.00104229 1 0.0234026 -0.213486 0.05 14990.6
0 8063 3 phononTF 0.00329145 -1.57927 0.0368732 -0.0247183 986.616 0.00104229 1 0.0561515 -0.238916 0.05 3762.98
0 8063 14 phononTF 0.000348208 0.0561515 -0.238916 0.049999 3762.98 0.00034743 1 0.0535887 -0.245446 0.05 3826.88
0 8063 8 phononTS 0.000731997 0.0561515 -0.238916 0.049999 3762.98 0.00034743 1 0.0447631 -0.17425 0.05 3839.58
0 8063 5 phononTF 0.000388071 0.0561515 -0.238916 0.049999 3762.98 0.00034743 1 0.0987966 -0.235036 0.05 3950.3
0 8070 2 phononTS 0.000365924 0.531959 -0.760472 0.0470988 2762.83 0.00034743 1 0.114044 -0.232367 0.05 3354.44
0 8072 2 phononTS 0.00157052 1.40016 -4.57132 0.0198706 9094.87 0.00069486 1 -0.0403041 -0.191083 0.05 75210.2
0 8074 3 phononTF 0.00189126 -0.752586 4.90524 -0.0333274 484.662 0.00069486 1 0.0982913 -0.137432 0.05 7339.22
0 8086 2 phononTS 0.0027462 1.14325 3.73142 0.000396109 3306.4 0.00104229 1 0.0671841 -0.266455 0.05 7552.11
0 8086 6 phononTF 0.000413873 0.0671841 -0.266455 0.049999 7552.11 0.00034743 1 -0.0595828 -0.267027 0.05 7621.18
0 8086 4 phononTS 0.000366528 0.0671841 -0.266455 0.049999 7552.11 0.00034743 1 0.0732107 -0.2713 0.05 7612.56
0 8103 19 phononTS 0.00163817 -4.59893 -4.04208 -0.0291688 9254.62 0.00034743 1 -0.0344749 -0.114132 0.05 46345.7
0 8108 4 phononTF 0.000969405 2.58903 2.63082 -0.00447992 57814.6 0.00069486 1 -0.0429977 -0.163445 0.05 163377
0 8124 2 phononTF 0.00191609 -2.12234 -3.30739 -0.0141574 11713.1 0.00104229 1 0.0371131 -0.231916 0.05 30938.3
0 8133 16 phononTF 0.00161025 1.55546 -4.99942 0.0181317 38003.9 0.00034743 1 -0.0755846 -0.249276 0.05 42630.8
0 8148 2 phononTS 0.00223467 3.23069 0.777572 -0.0246873 5286.72 0.00069486 1 -0.116045 -0.22118 0.05 7190.8
0 8149 3 phononTS 0.00149205 -0.943847 2.11334 -0.0267292 5766.65 0.00069486 1 0.0583047 -0.194938 0.05 23489.6
0 8193 6 phononTS 0.0005566 -0.260218 0.106191 0.049999 10838.3 0.00034743 1 0.0908067 -0.184382 0.05 19083.8
0 8211 5 phononL 0.00110154 1.84482 -2.02957 0.0157154 62227.2 0.00069486 1 0.0343543 -0.176127 0.05 96925.7
0 8218 1 phononL 0.004 -0.445079 -0.244546 -0.0201098 0 0.00208458 1 -0.09343 -0.193305 0.05 1103.89
0 8232 3 phononTF 0.00279589 -1.45673 2.86479 0.0477843 2301.58 0.00104229 1 0.0287867 -0.284367 0.05 9467.71
0 8233 2 phononTS 0.00116351 0.0605054 -2.89957 -0.0234953 3025.39 0.00069486 1 -0.0642024 -0.284053 0.05 134690
0 8247 13 phononTS 0.000400292 -2.84593 -0.0104051 0.049999 50170.1 0.00034743 1 0.0246697 -0.124096 0.05 135553
0 8271 6 phononL 0.000429547 -1.04516 0.0424453 0.049999 33478.6 0.00034743 1 0.0815991 -0.161078 0.05 33898.1
0 8278 5 phononTS 0.000490458 -4.80329 0.0172955 0.049999 32246.7 0.00034743 1 0.0746134 -0.23204 0.05 92021.1
0 8288 4 phononTF 0.000423463 -0.838751 0.0522617 0.049999 48710.8 0.00034743 1 0.102137 -0.259693 0.05 49934.7
0 8289 3 phononTS 0.00154174 1.55354 -4.45392 -0.00315388 2014.37 0.00069486 1 0.0343107 -0.241706 0.05 12175.7
0 8294 4 phononL 0.00115737 3.46781 0.0736896 0.049999 53116.9 0.00104229 1 -0.104363 -0.194535 0.05 86987.2
0 8297 3 phononTS 0.00217371 -0.119354 -0.254003 0.00105184 4588.65 0.00104229 1 -0.0381445 -0.165751 0.05 4847.23
0 8297 8 phononTS 0.00039939 -0.0381445 -0.165751 0.049999 4847.23 0.00034743 1 -0.0232219 -0.163973 0.05 4906.75
0 8346 22 phononTF 0.000827109 0.416699 0.081491 0.049999 16791.6 0.00034743 1 0.0393932 -0.121204 0.05 16943.8
0 8348 4 phononL 0.00136278 1.56187 0.0445023 0.049999 12081.5 0.00069486 1 0.10497 -0.21962 0.05 41875.4
0 8354 3 phononL 0.00221756 -0.595168 -1.95053 0.0116983 15567.4 0.00034743 1 -0.0194071 -0.186278 0.05 24247.8
0 8359 3 phononL 0.0023036 -4.97827 -2.36652 -0.0130552 8950.38 0.00069486 1 0.0784159 -0.186636 0.05 28656.4
0 8365 15 phononTS 0.000457255 0.188209 -0.00096852 0.049999 28172.7 0.00034743 1 0.0734998 -0.155732 0.05 28274.1
0 8368 2 phononTS 0.00197118 2.14533 -1.4805 0.0415035 17.0775 0.00069486 1 0.0538882 -0.127287 0.05 5527.41
0 8384 10 phononTS 0.000670789 -1.74242 0.0242464 0.049999 79198 0.00034743 1 -0.0505259 -0.113682 0.05 110235
0 8395 2 phononTF 0.0018619 1.41211 -3.23473 0.0453267 4040.41 0.00138972 1 -0.0686482 -0.20402 0.05 8998.36
0 8409 2 phononTF 0.00203596 1.45377 -4.82815 -0.0274828 4723.44 0.00104229 1 -0.0445386 -0.13913 0.05 61321.3
0 8417 2 phononL 0.00209876 0.548343 1.42577 -0.0438045 11149.4 0.00104229 1 0.0121253 -0.206629 0.05 13658.8
0 8438 2 phononTF 0.00245872 1.99226 -3.64935 -0.032339 1202.78 0.00138972 1 -0.062626 -0.130308 0.05 51937.3
0 8474 23 phononTS 0.00101699 4.65985 -2.62437 0.0354951 51790.8 0.00069486 1 0.0779267 -0.165844 0.05 65382.3
0 8477 4 phononTF 0.00105584 -4.76903 -3.12978 0.0301131 40076.7 0.00034743 1 0.0243914 -0.160906 0.05 80893.8
0 8496 1 phononTF 0.004 0.407807 0.321349 0.0309796 0 0.00138972 1 0.0593267 -0.242352 0.05 2296.83
0 8503 2 phononTS 0.00104914 -4.16605 -2.42354 0.0202776 10640.6 0.00034743 1 -0.0871165 -0.225832 0.05 36804.4
0 8512 2 phononTF 0.00242694 0.0960821 -3.66076 -0.0208724 192.586 0.00104229 1 0.0723376 -0.206788 0.05 20572.2
0 8517 4 phononTS 0.00113917 4.605 -0.671537 0.00713963 22023.9 0.00069486 1 0.120292 -0.206166 0.05 38448.5
0 8518 2 phononTF 0.00072164 -0.30537 0.0618139 0.049999 1582.99 0.00034743 1 0.0280196 -0.137221 0.05 14911
0 8525 7 phononTS 0.000779616 0.761516 0.094657 0.049999 2801.69 0.00034743 1 -0.0250946 -0.150947 0.05 67633.1
0 8570 4 phononTF 0.000983268 3.57436 -1.27497 -0.0120221 21919.3 0.00034743 1 -0.0793938 -0.180045 0.05 28382.7
0 8587 24 phononTS 0.000703611 -2.38963 0.0130591 0.049999 59254.1 0.00034743 1 0.033652 -0.240679 0.05 78195.5
0 8597 2 phononTF 0.00191062 -0.633 -1.67321 0.000104006 1683.19 0.00069486 1 0.060312 -0.255827 0.05 2808.34
0 8604 2 phononL 0.00267036 2.8627 4.87018 -0.0494768 10511.7 0.00138972 1 0.0443334 -0.232259 0.05 85124.4
0 8604 22 phononTF 0.0004032 0.0443334 -0.232259 0.049998 85124.4 0.00034743 1 0.0191924 -0.185119 0.05 85187.5
0 8611 3 phononL 0.0021445 0.302213 3.06941 -0.0421189 21622.6 0.00034743 1 0.0797874 -0.182304 0.05 72621.8
0 8660 5 phononTS 0.00105661 1.74578 -1.77252 -0.0362729 45851.7 0.00034743 1 -0.0500625 -0.269201 0.05 49705
0 8666 2 phononTS 0.00148346 2.79315 -1.51964 0.0269893 2945.63 0.00104229 1 -0.0288999 -0.10245 0.05 15785
0 8668 2 phononTS 0.000716734 -0.877147 -1.14357 -0.0087149 7629.9 0.00034743 1 0.0396256 -0.248045 0.05 26723.9
0 8673 1 phononL 0.004 0.432557 -0.680284 0.0358853 0 0.00034743 1 0.029364 -0.303319 0.05 6308.08
0 8678 4 phononTS 0.000628731 0.23615 0.099116 0.049998 26299.1 0.00034743 1 -0.0357558 -0.279049 0.05 27653.4
0 8686 4 phononTF 0.00166296 0.0979842 -0.361921 -0.0140728 122105 0.00069486 1 0.0944111 -0.170414 0.05 122305
0 8734 2 phononTF 0.00121429 0.698045 0.423644 0.0212999 23.5713 0.00034743 1 0.0673313 -0.255819 0.05 22208
0 8760 32 phononTS 0.000408639 2.94965 -0.00157746 0.049999 35264.8 0.00034743 1 -0.0714631 -0.273164 0.05 125400
0 8768 17 phononTS 0.000379371 2.88848 0.105565 0.049999 51772.9 0.00034743 1 -0.0311772 -0.18618 0.05 102184
0 8770 8 phononTS 0.000365558 1.32144 0.0631763 0.049999 21402.3 0.00034743 1 0.0247495 -0.186994 0.05 24610.5
0 8789 3 phononTF 0.00181682 -4.59895 -4.33199 -0.00659879 1836.74 0.00069486 1 0.0986631 -0.251199 0.05 22061.1
0 8791 3 phononTF 0.000614763 -0.00332366 0.0336608 0.049999 6477.66 0.00034743 1 0.0808329 -0.282617 0.05 6690.54
0 8793 5 phononTS 0.00144597 -1.80727 2.28306 0.0321632 4840.98 0.00104229 1 -0.0344217 -0.244498 0.05 40371.1
0 8796 25 phononL 0.000409201 0.143624 0.0613331 0.049999 67032.2 0.00034743 1 -0.0248007 -0.20015 0.05 67443.4
0 8803 26 phononTS 0.000497084 1.66472 0.0685833 0.049999 15106.3 0.00034743 1 0.0870718 -0.144794 0.05 16609.1
0 8817 4 phononTF 0.00118936 -3.06334 2.88693 -0.0266306 12066.1 0.00034743 1 0.0536576 -0.188374 0.05 15680.8
0 8819 3 phononTF 0.00218822 -2.74026 -0.724706 0.0168219 16140.6 0.00069486 1 -0.105283 -0.176647 0.05 65384.2
0 8829 3 phononTF 0.00129763 3.56348 -1.9737 0.0318821 3785.61 0.00069486 1 0.104984 -0.186422 0.05 17051.8
0 8830 3 phononL 0.00193914 -0.887595 -2.58702 0.0223794 733.815 0.00069486 1 -0.0463654 -0.221436 0.05 4125.29
0 8838 8 phononTF 0.000476104 -0.278441 0.0101563 0.049998 3543.98 0.00034743 1 0.0755503 -0.144974 0.05 3784.26
0 8879 6 phononTS 0.000370582 -4.38562 0.069519 0.049999 28426.2 0.00034743 1 -0.0932558 -0.170796 0.05 65059.7
0 8887 2 phononTF 0.00168411 -4.89551 -2.03 -0.0263026 1177.23 0.00034743 1 -0.0399378 -0.27259 0.05 13616
0 8894 3 phononL 0.00154508 -2.93278 -2.3223 -0.00420514 2947.22 0.00034743 1 -0.096843 -0.159415 0.05 8110.61
0 8895 1 phononTS 0.004 -0.31274 -1.02989 0.0165367 0 0.00173715 1 0.0315736 -0.257697 0.05 800.275
0 8895 2 phononTS 0.0010524 0.0315736 -0.257697 0.049999 800.275 0.00069486 1 0.0575337 -0.189604 0.05 909.052
0 8911 2 phononTF 0.00254571 2.00804 -4.23344 -0.00569692 1281.24 0.00104229 1 -0.0151191 -0.209875 0.05 25833.2
0 8934 3 phononTF 0.0018602 -2.99539 2.87502 0.024585 1340.56 0.00034743 1 0.0668404 -0.172782 0.05 31798.2
0 8953 2 phononTS 0.00205543 -2.15936 2.4108 0.012289 22.3475 0.00104229 1 -0.0257636 -0.25533 0.05 31058.1
0 8960 3 phononTF 0.00184365 2.73861 3.2932 -0.0468061 1657.78 0.00034743 1 -0.0521177 -0.245688 0.05 21416.1
0 8960 4 phononTS 0.000845936 -0.0521177 -0.245688 0.049999 21416.1 0.00034743 1 -0.059358 -0.202309 0.05 22895.6
0 8963 2 phononTS 0.00255092 0.854058 2.85067 0.03662 11719.3 0.00069486 1 0.0286837 -0.296363 0.05 18155.3
0 8977 4 phononTF 0.000864701 -0.260044 0.0960691 0.049999 13163.9 0.00034743 1 0.0966198 -0.215575 0.05 31574.4
0 8983 2 phononTF 0.000818432 -2.54636 -4.52713 -0.0341162 9218.92 0.00034743 1 0.0310843 -0.177501 0.05 24047.1
0 9000 3 phononL 0.00138302 -4.05921 0.0912672 0.049999 710.872 0.00034743 1 -0.0200721 -0.218142 0.05 62706.5
0 9019 24 phononTS 0.00069161 4.04581 0.0490928 0.049999 24395.7 0.00034743 1 -0.113702 -0.224446 0.05 91830.7
0 9035 3 phononTF 0.00155763 3.42337 -4.68659 0.0304862 999.835 0.00034743 1 0.105783 -0.198602 0.05 77244.1
0 9036 13 phononL 0.00133379 -0.601537 0.0708691 0.049999 13433.6 0.00104229 1 -0.091043 -0.166982 0.05 13901.7
0 9039 4 phononTS 0.000357432 0.357902 0.0686191 0.049999 12782.5 0.00034743 1 0.100143 -0.212534 0.05 13119.3
0 9056 3 phononTF 0.00187653 -2.61686 4.02895 -0.0333006 8022.62 0.00034743 1 0.0335704 -0.203163 0.05 18499.8
0 9094 27 phononTF 0.000642978 2.80072 0.0943715 0.049999 11640.9 0.00034743 1 -0.0918445 -0.209516 0.05 18973.8
0 9101 4 phononTF 0.00119669 2.70178 4.87541 -0.0470098 18974.5 0.00069486 1 -0.0757425 -0.211176 0.05 102485
0 9107 29 phononTS 0.000809855 0.419789 0.0947027 0.049999 19737.9 0.00069486 1 -0.0306822 -0.167117 0.05 20172
0 9151 3 phononL 0.0029147 -1.53906 -1.98929 -0.0407919 5049.83 0.00138972 1 -0.0368227 -0.188197 0.05 29715.5
0 9151 10 phononTS 0.000685612 -0.0368227 -0.188197 0.049999 29715.5 0.00034743 1 0.0410587 -0.260837 0.05 30296.1
0 9161 17 phononTF 0.00163629 -2.76307 -4.81705 0.0283633 2615.7 0.00104229 1 0.0444513 -0.103155 0.05 13391
0 9187 3 phononTF 0.00230981 4.41692 -3.55144 0.0479809 1057.81 0.00104229 1 0.0547305 -0.238989 0.05 44905.5
0 9196 3 phononL 0.00169249 -0.633994 -0.49013 -0.0160392 4527.18 0.00069486 1 0.0845861 -0.277308 0.05 6573.03
0 9198 2 phononTS 0.00162559 -4.86269 4.05909 -0.04547 5053.24 0.00104229 1 0.0549015 -0.255909 0.05 57718.4
0 9202 16 phononTS 0.00052189 4.66916 0.0769883 0.049999 60815.8 0.00034743 1 0.061291 -0.218143 0.05 73140.7
0 9216 3 phononTS 0.00288759 1.36445 0.066103 0.049999 17136 0.00138972 1 0.0841238 -0.211998 0.05 26283.2
0 9216 13 phononTS 0.000452062 0.0841238 -0.211998 0.049999 26283.2 0.00034743 1 0.0595434 -0.186545 0.05 26413.4
0 9217 1 phononTF 0.004 -0.493121 -0.412002 0.00366355 0 0.00208458 1 -0.0621918 -0.280916 0.05 6604.92
0 9223 3 phononTS 0.00127667 1.92117 0.485747 -0.0437636 3351.88 0.00034743 1 -0.0420704 -0.192043 0.05 21668.6
0 9223 18 phononTF 0.000817571 2.35734 0.02043 0.049999 5830.15 0.00034743 1 -0.0859588 -0.142734 0.05 11940.3
0 9257 3 phononTF 0.00190891 -0.463345 0.530105 0.044766 2250.55 0.00034743 1 0.0632397 -0.247405 0.05 3737.14
0 9264 13 phononTS 0.00124691 -4.83144 -1.70781 -0.00241736 12523.4 0.00069486 1 -0.0892846 -0.131426 0.05 50270.7
0 9298 21 phononTF 0.000391084 -0.208979 0.0234196 0.049999 67770.6 0.00034743 1 -0.0948971 -0.166383 0.05 67873.7
0 9300 4 phononTS 0.0020758 3.04331 -4.33091 -0.0230602 1289.53 0.00138972 1 0.0843471 -0.267497 0.05 67526.2
0 9323 2 phononTS 0.00251263 2.29128 -3.19799 -0.0499975 1128.04 0.00069486 1 0.0628318 -0.214483 0.05 19977.3
0 9337 6 phononTF 0.000397897 2.13887 -0.00323677 0.049999 61230.1 0.00034743 1 0.0693396 -0.203492 0.05 107491
0 9346 14 phononTF 0.000360859 -0.0584076 0.0312219 0.049998 25931.9 0.00034743 1 0.0671164 -0.128511 0.05 26182.5
0 9360 15 phononTF 0.000623825 0.0926064 0.0351557 0.049999 915.402 0.00034743 1 0.0384943 -0.144647 0.05 1239.46
0 9375 3 phononTS 0.00255758 1.62836 -4.16935 0.0205958 21.403 0.00138972 1 0.0569308 -0.190702 0.05 26211.1
0 9380 15 phononTF 0.00145073 -0.161053 -2.7476 0.0419621 8035.66 0.00034743 1 -0.0576314 -0.291013 0.05 58771.4
0 9380 16 phononL 0.000465226 -0.0576314 -0.291013 0.049999 58771.4 0.00034743 1 0.0728789 -0.132529 0.05 61033.4
0 9394 4 phononTF 0.00109273 1.78777 2.30808 -0.0246626 15871.5 0.00069486 1 -0.0540338 -0.22783 0.05 17289
0 9408 19 phononTF 0.000479301 3.25686 0.0433922 0.049999 6340.96 0.00034743 1 -0.0579752 -0.265101 0.05 54501.9
0 9448 3 phononL 0.0020775 -4.78575 -2.81778 -0.0475743 2465.09 0.00069486 1 0.0761878 -0.157769 0.05 46358.6
0 9448 6 phononTS 0.000583989 0.0761878 -0.157769 0.049999 46358.6 0.00034743 1 0.0307752 -0.145146 0.05 46422.4
0 9485 1 phononTS 0.004 0.536427 0.40223 -0.0172727 0 0.00138972 1 0.101852 -0.149934 0.05 1418.93
0 9492 4 phononTF 0.00143555 -2.21072 -2.18896 -0.00707233 1561.76 0.00034743 1 0.0946547 -0.143957 0.05 8052.47
0 9518 14 phononTS 0.000350115 -0.631405 -0.00424149 0.049999 24090.7 0.00034743 1 -0.0647308 -0.154014 0.05 24640.1
0 9521 11 phononTS 0.00100271 -1.43767 0.0876637 0.049999 1475.62 0.00034743 1 0.0313576 -0.124331 0.05 3445.06
0 9531 2 phononTS 0.00251992 -3.80803 0.448348 0.0407535 2935.58 0.00104229 1 -0.0668862 -0.241659 0.05 114514
0 9531 6 phononTS 0.000374665 -0.0668862 -0.241659 0.049999 114514 0.00034743 1 -0.100709 -0.239218 0.05 114572
0 9542 4 phononL 0.00112229 0.940367 0.018519 0.049998 40632.8 0.00069486 1 0.0288041 -0.247397 0.05 41305.9
0 9544 7 phononTF 0.000649225 -1.1615 0.0320087 0.049999 877.242 0.00034743 1 0.0532354 -0.26022 0.05 22730.6
0 9546 4 phononTF 0.000597027 -3.86615 -3.51636 0.0496603 7527.49 0.00034743 1 0.109623 -0.197171 0.05 25058.8
0 9553 3 phononL 0.00204037 2.3267 -1.10755 0.0425444 6449.9 0.00104229 1 -0.107447 -0.225249 0.05 14637.1
0 9603 4 phononTS 0.00105916 -4.75018 0.0199452 0.049999 11591.1 0.00034743 1 0.0390732 -0.183522 0.05 14842.2
0 9606 1 phononTS 0.004 0.0927221 -0.160432 -0.0223953 0 0.00138972 1 0.0273721 -0.275265 0.05 244.372
0 9606 2 phononL 0.00085044 0.0273721 -0.275265 0.049999 244.372 0.00034743 1 0.110015 -0.219653 0.05 502.355
0 9651 3 phononTS 0.00274589 -0.715242 -1.72331 0.0374154 7773.57 0.00138972 1 0.0996971 -0.203865 0.05 12887.1
0 9678 1 phononTF 0.004 0.451108 0.139196 -0.0166495 0 0.00173715 1 -0.082482 -0.227095 0.05 1742.38
0 9678 4 phononTS 0.000512406 -0.082482 -0.227095 0.049999 1742.38 0.00034743 1 -0.0979345 -0.214214 0.05 1798.44
0 9678 3 phononTF 0.000419951 -0.082482 -0.227095 0.049999 1742.38 0.00034743 1 -0.0821195 -0.259072 0.05 1868.01
0 9687 3 phononTF 0.00149105 0.0558178 1.05294 -0.0240667 1383.54 0.00104229 1 0.109895 -0.20555 0.05 46189.3
0 9701 2 phononTS 0.00157231 2.51747 4.86833 -0.0174655 413.886 0.00104229 1 -0.0437072 -0.267932 0.05 25259.1
0 9714 30 phononL 0.000423211 0.301805 0.0482438 0.049999 41420.2 0.00034743 1 0.0353843 -0.163017 0.05 41584
0 9727 2 phononTS 0.000971139 4.31118 4.79565 0.0134539 5974.04 0.00069486 1 0.0275226 -0.165183 0.05 28409.1
0 9736 3 phononL 0.00179913 -2.09064 -4.12915 -0.0485596 1138.98 0.00104229 1 0.0296353 -0.0951861 0.05 45635.9
0 9746 2 phononTF 0.00207196 -0.444412 -0.910044 -0.0457579 30.9954 0.00069486 1 -0.0675616 -0.128354 0.05 30966.7
0 9746 6 phononTF 0.00046527 -0.0675616 -0.128354 0.049999 30966.7 0.00034743 1 -0.0937713 -0.207852 0.05 31119.2
0 9761 2 phononL 0.00181949 4.24402 2.82737 0.00210446 10509 0.00034743 1 0.02363 -0.168895 0.05 152956
0 9764 3 phononTF 0.00228902 0.42528 4.21257 -0.0201724 27346.6 0.00104229 1 0.0712183 -0.208255 0.05 43003.1
0 9772 14 phononTS 0.0010994 1.65215 -3.85973 -0.0302667 52285.4 0.00034743 1 0.0386619 -0.14223 0.05 118240
0 9786 27 phononTF 0.00037224 0.726891 0.0580211 0.049999 69895.6 0.00034743 1 -0.0512487 -0.271297 0.05 70800.8
0 9801 2 phononTF 0.0017711 -0.234777 -3.86519 -0.0327724 799.466 0.00104229 1 0.0629441 -0.252683 0.05 50214.8
0 9805 5 phononTS 0.000594006 -4.82423 0.0517635 0.049999 37395.9 0.00034743 1 -0.118596 -0.215849 0.05 48518.8
0 9824 1 phononTS 0.004 0.0643557 -0.433822 -0.0170461 0 0.00243201 1 -0.0922669 -0.271656 0.05 368.896
0 9835 2 phononTS 0.00154149 1.33173 -0.795581 0.0234417 21287.1 0.00069486 1 0.0319459 -0.224362 0.05 32510.1
0 9835 22 phononL 0.000405583 0.0319459 -0.224362 0.049999 32510.1 0.00034743 1 -0.0378965 -0.253518 0.05 32829.8
0 9838 9 phononTS 0.000389028 -0.0394382 0.018142 0.049999 9457.58 0.00034743 1 -0.0453677 -0.244378 0.05 80282.2
0 9840 22 phononTS 0.000408348 -2.73684 0.0388418 0.049998 17603 0.00034743 1 -0.0218131 -0.149602 0.05 19606.9
0 9846 3 phononTS 0.00192944 -0.128422 -1.80739 -0.0362658 12341.4 0.00104229 1 0.111829 -0.230926 0.05 20196.7
0 9874 21 phononL 0.000352953 2.94387 0.103837 0.049999 58025.5 0.00034743 1 -0.0614016 -0.289944 0.05 65209.1
0 9877 4 phononTS 0.00160143 2.1156 4.70041 -0.0107051 12201.2 0.00034743 1 -0.0713252 -0.178448 0.05 29299.1
0 9880 3 phononTS 0.00162405 1.00113 4.99601 0.0317001 3116.96 0.00069486 1 0.0926162 -0.164258 0.05 128397
0 9880 5 phononTF 0.000468842 0.0926162 -0.164258 0.049999 128397 0.00034743 1 -0.0847456 -0.149159 0.05 128477
0 9884 3 phononTF 0.0020567 -1.87264 0.743001 0.00131024 17976.2 0.00034743 1 0.0653617 -0.158339 0.05 22825.5
0 9896 2 phononTS 0.00214948 4.80203 3.77898 0.0268456 1986.18 0.00104229 1 0.0486827 -0.157499 0.05 37811.5
0 9916 17 phononTS 0.00154448 1.88997 4.75841 0.0405559 4662.96 0.00069486 1 0.0234856 -0.277427 0.05 13880.5
0 9929 3 phononTS 0.00231893 -2.14297 -2.62202 -0.0372568 12019.9 0.00104229 1 -0.0830443 -0.172775 0.05 22285.6
