Run ID,Event ID,Track ID,Particle Name,Start Energy [eV],Start X [mm],Start Y [mm],Start Z [mm],Start Time [ns],Energy Deposited [eV],Track Weight,End X [mm],End Y [mm],End Z [mm],Final Time [ns],Volume Name
0 56 2 phononTF 0.00128012 -1.11629 4.19804 0.00943777 256.219 0.00069486 1 0.0561255 -0.100694 0.05 96347.7
0 62 3 phononL 0.00120378 -0.950156 4.35734 0.0164121 6867.82 0.00034743 1 0.0526412 -0.111958 0.05 40488.8
0 106 2 phononTF 0.00210535 -0.833432 3.88069 0.00361714 480.493 0.00104229 1 -0.0564192 -0.186643 0.05 51300.3
0 108 5 phononTS 0.00188536 -2.33775 3.81316 -0.0019279 6439.19 0.00034743 1 0.0989752 -0.191332 0.05 44208.9
0 118 4 phononTS 0.00166435 -3.93621 4.2277 0.032422 31120.5 0.00034743 1 -0.0254722 -0.122726 0.05 48633.3
0 174 2 phononTS 0.000860959 -1.55698 3.67446 0.00706515 2257.09 0.00034743 1 -0.0829213 -0.19196 0.05 137720
0 191 4 phononTS 0.00112247 0.404078 4.935 0.0491997 16160.3 0.00034743 1 -0.0791501 -0.126844 0.05 30731.9
0 193 3 phononTF 0.00249872 -0.945341 4.08139 -0.0257353 19872.6 0.00138972 1 -0.102173 -0.188701 0.05 32929.2
0 211 3 phononL 0.00148707 -2.97332 4.9949 -0.0237243 2581.15 0.00104229 1 -0.0445058 -0.0985878 0.05 9463.17
0 263 2 phononTS 0.00212134 -0.371393 4.35104 0.0118419 3610.15 0.00069486 1 -0.0733742 -0.245716 0.05 5857.98
0 277 3 phononTS 0.00167039 -1.33894 4.26829 0.0198366 179.715 0.00069486 1 -0.019255 -0.148258 0.05 54747.4
0 306 2 phononTF 0.00129836 -2.39796 4.50209 0.0351345 6424.81 0.00034743 1 0.0416807 -0.177648 0.05 27773.3
0 375 2 phononTS 0.00280865 -1.82446 3.88671 -0.0112374 2071.53 0.00069486 1 0.0276092 -0.291064 0.05 52021.2
0 377 2 phononL 0.00186788 -0.948219 4.40349 0.0300342 5017.49 0.00104229 1 -0.0239075 -0.254192 0.05 29283.7
0 390 3 phononTS 0.00223119 -1.08243 2.44599 0.0110136 13757.6 0.00104229 1 -0.0978064 -0.248278 0.05 14801.8
0 418 5 phononTF 0.00155482 1.08714 2.35287 -0.029686 23289.1 0.00034743 1 -0.0648258 -0.231512 0.05 39479.5
0 436 3 phononL 0.0017324 -2.09804 4.32718 0.00265828 4898.4 0.00034743 1 0.0131297 -0.201576 0.05 26785.8
0 437 4 phononTF 0.00145165 -0.502998 4.88476 -0.0208613 5724.94 0.00034743 1 0.0460258 -0.135934 0.05 35873.1
0 472 2 phononL 0.00216986 -1.35217 3.95619 0.0149134 2565.33 0.00034743 1 -0.0372586 -0.249004 0.05 28250
0 473 4 phononTS 0.00053719 -2.13536 0.580444 0.0120983 10632.6 0.00034743 1 -0.078677 -0.204428 0.05 12623.9
0 500 2 phononTS 0.00123148 -0.207414 4.09151 -0.0181463 6156 0.00034743 1 0.023786 -0.251868 0.05 54348.1
0 500 7 phononL 0.000636071 0.023786 -0.251868 0.049999 54348.1 0.00034743 1 0.10507 -0.250477 0.05 60744.9
0 547 3 phononTS 0.00109844 -1.09543 4.61602 -0.0399097 3349.79 0.00034743 1 -0.097679 -0.259883 0.05 69030
0 547 6 phononL 0.000511744 -0.097679 -0.259883 0.049999 69030 0.00034743 1 0.0489775 -0.181404 0.05 69182.3
0 591 3 phononL 0.00222919 -0.748871 3.78551 0.0144101 5117.2 0.00138972 1 0.0349704 -0.240568 0.05 64229.1
0 592 2 phononTS 0.00130335 -1.21336 4.41402 0.0304374 2581.88 0.00034743 1 0.0335974 -0.116366 0.05 36162
0 599 2 phononTF 0.00226936 0.504004 4.33346 -0.0264408 4481.91 0.00034743 1 0.0766935 -0.127708 0.05 18835
0 599 7 phononTF 0.000456761 0.0766935 -0.127708 0.049999 18835 0.00034743 1 0.0837726 -0.129414 0.05 18900.4
0 619 2 phononTS 0.0019029 -1.88858 4.33627 0.0179106 3114.15 0.00069486 1 -0.0903993 -0.205678 0.05 29466.8
0 632 3 phononTS 0.00180684 -0.454076 4.51579 0.0294604 5652 0.00069486 1 0.0956645 -0.26643 0.05 46397
0 682 2 phononTS 0.00222072 -1.51276 4.9108 -0.0108494 3150.47 0.00069486 1 -0.0532367 -0.27653 0.05 149184
0 712 2 phononL 0.00215718 -0.985548 3.58305 0.0275547 3240.66 0.00034743 1 0.0641516 -0.216889 0.05 34726.6
0 721 2 phononTS 0.00272332 0.138475 4.70785 0.0175332 4529.8 0.00104229 1 0.0765695 -0.270631 0.05 14135.2
0 721 4 phononTF 0.000474583 0.0765695 -0.270631 0.049999 14135.2 0.00034743 1 -0.091039 -0.248164 0.05 44804.9
0 739 3 phononTS 0.00253981 -0.137123 3.8744 -0.0469901 15068.5 0.00069486 1 0.0824584 -0.143508 0.05 87817.5
0 739 4 phononTS 0.0010728 0.0824584 -0.143508 0.049999 87817.5 0.00034743 1 -0.0986189 -0.184082 0.05 87921
0 781 3 phononTS 0.00186659 -1.49752 4.84936 -0.00650965 2737 0.00034743 1 0.0643984 -0.225736 0.05 55174.7
0 781 2 phononTF 0.00213341 -1.49752 4.84936 -0.00650965 2737 0.00069486 1 0.0693425 -0.108174 0.05 43000
0 786 3 phononTF 0.00145157 -1.26258 4.26519 0.00356949 3.75037 0.00034743 1 0.0527212 -0.299274 0.05 44873.7
0 823 2 phononTS 0.00125144 -0.0706005 4.30032 -0.00329568 7252.24 0.00034743 1 -0.0820542 -0.143031 0.05 24961.4
0 909 5 phononTF 0.00192024 -0.969995 4.61108 0.0403625 560.913 0.00069486 1 -0.0162784 -0.236908 0.05 11005.6
0 995 3 phononL 0.00215772 -0.607221 4.15831 0.0369246 4126.52 0.00034743 1 -0.060325 -0.271142 0.05 44009.3
0 1074 3 phononTF 0.00235503 -0.953577 3.94667 -0.00720368 2341.46 0.00034743 1 -0.0151737 -0.171302 0.05 42747.9
0 1104 3 phononTF 0.0027706 -0.546477 3.50966 0.0259249 1898.47 0.00069486 1 0.045668 -0.237293 0.05 31156.9
0 1126 2 phononTS 0.00203366 -1.38497 3.66766 0.00218979 3464.76 0.00034743 1 -0.0491754 -0.189039 0.05 26015
0 1126 6 phononL 0.00130895 -0.0491754 -0.189039 0.049999 26015 0.00034743 1 -0.0501696 -0.119557 0.05 26118.2
0 1128 2 phononTS 0.00140081 -1.25763 4.05093 0.00395587 3253.42 0.00034743 1 -0.0415475 -0.149197 0.05 17803.6
0 1128 4 phononTF 0.000945632 -0.0415475 -0.149197 0.049999 17803.6 0.00069486 1 -0.0867356 -0.170454 0.05 17863.3
0 1146 2 phononTS 0.00135848 -2.50973 3.82484 -0.0151802 6987.17 0.00034743 1 -0.0986831 -0.226282 0.05 12106
0 1158 3 phononTS 0.00226902 -2.80261 3.45571 0.00505884 6215.3 0.00069486 1 0.0813596 -0.165978 0.05 18643.1
0 1167 2 phononTS 0.00212068 -1.039 3.25498 0.0115411 1208.84 0.00034743 1 0.0619676 -0.2284 0.05 18492
0 1180 2 phononL 0.00154796 0.614931 4.04509 0.0474955 6116.17 0.00034743 1 0.110204 -0.234732 0.05 42340.8
0 1182 2 phononTF 0.00228422 -0.787898 3.93553 -0.0315443 1070.75 0.00104229 1 -0.101555 -0.239407 0.05 50890.3
0 1205 2 phononTS 0.00224809 -1.55018 4.82348 0.0353667 8027.48 0.00034743 1 -0.0852468 -0.227287 0.05 15376.1
0 1205 4 phononL 0.00175392 -0.0852468 -0.227287 0.049998 15376.1 0.00034743 1 0.0327343 -0.251624 0.05 15501.5
0 1214 2 phononTF 0.00119387 -1.06973 4.36294 0.0133503 1105.87 0.00034743 1 0.0875639 -0.132108 0.05 19306.9
0 1235 3 phononTS 0.00105564 -0.799062 4.90545 0.0138614 1554.43 0.00034743 1 -0.0951534 -0.160077 0.05 38618.1
0 1261 4 phononTS 0.00112452 -3.73078 0.220565 0.012188 30770.1 0.00034743 1 -0.0895286 -0.127792 0.05 70795.3
0 1325 2 phononTF 0.00185924 0.356622 4.3133 -0.0290739 2828.7 0.00069486 1 0.0879381 -0.266393 0.05 10021.2
0 1354 4 phononTS 0.00202997 -2.00296 2.62622 -0.0302083 10919.2 0.00034743 1 0.0656798 -0.282773 0.05 23450.5
0 1394 2 phononTS 0.00180512 -1.1256 3.77522 -0.0343008 2959.21 0.00034743 1 0.0489417 -0.121447 0.05 10640.7
0 1451 3 phononTS 0.00200644 -0.751849 3.85945 -0.0496075 9711.18 0.00034743 1 -0.0411012 -0.24139 0.05 50738.4
0 1451 4 phononTS 0.000694017 -0.0411012 -0.24139 0.049999 50738.4 0.00034743 1 -0.04282 -0.227282 0.05 50795.3
0 1456 5 phononTF 0.00151639 1.018 1.73486 0.0485772 10351.1 0.00034743 1 0.0531558 -0.138931 0.05 14762.7
0 1456 7 phononTF 0.000634875 0.0531558 -0.138931 0.049999 14762.7 0.00034743 1 0.0440307 -0.122913 0.05 15264.8
0 1508 3 phononL 0.00198049 -0.885621 3.57599 0.0123846 5533.63 0.00034743 1 0.00963751 -0.195054 0.05 82757.1
0 1508 5 phononTF 0.000420977 0.00963751 -0.195054 0.049999 82757.1 0.00034743 1 0.0661118 -0.174306 0.05 82926.8
0 1524 5 phononTS 0.00161151 -3.59646 4.33219 0.0248471 23975.9 0.00034743 1 0.011415 -0.208949 0.05 57694
0 1551 3 phononTF 0.001716 -1.33022 3.57184 -0.0144382 4961.96 0.00034743 1 0.0292457 -0.150142 0.05 7215.87
0 1574 2 phononL 0.00217111 0.538806 4.72359 -0.0448822 13082.3 0.00104229 1 0.030803 -0.304807 0.05 36934.8
0 1588 2 phononL 0.00133801 -2.52194 4.29076 0.0338443 14696.8 0.00034743 1 -0.0962355 -0.145754 0.05 31646.9
0 1594 2 phononTF 0.00119075 0.939959 4.4502 0.0220684 10272.1 0.00034743 1 0.0533832 -0.28254 0.05 14639.5
0 1596 3 phononL 0.0017686 -0.335897 4.94467 -0.0477251 2607.33 0.00069486 1 -0.102896 -0.178025 0.05 9843.78
0 1660 5 phononTF 0.000588515 -3.60965 3.43787 0.000750282 31077.7 0.00034743 1 0.0787157 -0.266399 0.05 63605.7
0 1662 2 phononTS 0.00205034 -1.7316 4.8216 -0.00209687 4887.07 0.00069486 1 0.096188 -0.131299 0.05 24802.6
0 1672 4 phononTS 0.000880216 2.86357 1.08017 -0.0148239 16799.1 0.00034743 1 -0.0592815 -0.277129 0.05 34429.3
0 1682 5 phononL 0.00133498 -4.0869 3.07448 -0.00959108 19073.1 0.00034743 1 0.0396445 -0.138017 0.05 52135.5
0 1688 4 phononTS 0.000978831 -3.54463 4.54884 -0.00465283 14919.5 0.00069486 1 -0.0655845 -0.165873 0.05 71275
0 1697 3 phononTS 0.00286305 0.451455 2.77103 0.0387636 7819.99 0.00138972 1 -0.103663 -0.226391 0.05 18583.3
0 1715 3 phononTF 0.00119183 -1.9022 2.04589 -0.0395258 7524.13 0.00034743 1 0.0147419 -0.188452 0.05 54067.6
0 1757 2 phononTS 0.00098425 -1.13054 3.90859 0.0188439 6098.15 0.00034743 1 0.117603 -0.198671 0.05 23219.6
0 1830 3 phononTF 0.0017756 0.309601 2.49178 0.0467562 15822.9 0.00034743 1 0.0527125 -0.198936 0.05 63789.1
0 1897 2 phononL 0.00136977 -2.99138 4.66145 -0.00922972 8198.59 0.00034743 1 0.0413076 -0.233817 0.05 15020.6
0 1897 6 phononTS 0.000593933 0.0413076 -0.233817 0.049998 15020.6 0.00034743 1 -0.119265 -0.214714 0.05 15193.2
0 1931 5 phononTS 0.0020848 1.5675 4.66548 -0.0325547 17241.1 0.00138972 1 -0.0611609 -0.256527 0.05 27165.9
0 1933 2 phononTF 0.00187993 -0.262042 2.15618 -0.027784 5573.57 0.00069486 1 -0.0813454 -0.140439 0.05 71597.3
0 1937 2 phononTF 0.00149453 -0.858834 4.71732 -0.0123359 6696.62 0.00069486 1 -0.082282 -0.255343 0.05 12179.5
0 1980 3 phononL 0.00303264 -0.649709 4.63814 -0.00704733 1053.46 0.00069486 1 0.0936302 -0.204172 0.05 24844.7
0 1980 7 phononTS 0.00125749 0.0936302 -0.204172 0.049999 24844.7 0.00069486 1 -0.0283243 -0.280892 0.05 25571.8
0 2009 3 phononTS 0.00162788 -1.33994 4.76784 -0.0395788 2890.18 0.00034743 1 0.0703907 -0.21366 0.05 29881.8
0 2028 4 phononTF 0.00122254 -3.28765 -0.27691 -0.045595 54609.2 0.00034743 1 -0.0210731 -0.247625 0.05 62975.1
0 2044 3 phononL 0.00135805 -1.29317 4.15798 0.0371128 36.0441 0.00034743 1 0.092425 -0.14421 0.05 60946.2
0 2049 2 phononTS 0.00201253 -0.658616 3.9142 0.0203926 2098.25 0.00034743 1 0.0939457 -0.137881 0.05 111111
0 2075 2 phononTS 0.0013483 -1.08454 3.63866 -0.0247143 5039.97 0.00034743 1 0.0794215 -0.224724 0.05 11581.9
0 2112 5 phononTF 0.0010042 -2.82226 2.05896 0.0443621 20396.9 0.00034743 1 0.0482086 -0.275422 0.05 66712.1
0 2123 4 phononTS 0.00147803 3.95209 3.06091 0.00827051 17243.9 0.00069486 1 0.0861749 -0.128025 0.05 49399
0 2141 5 phononTF 0.00100214 -2.35438 4.47364 0.0460715 3549.73 0.00034743 1 0.0554023 -0.226669 0.05 42838
0 2147 2 phononTF 0.00136656 -0.0796386 4.93836 -0.0175994 3988.49 0.00034743 1 0.0394394 -0.241244 0.05 9119.22
0 2151 3 phononTF 0.00127499 -1.46002 3.93985 -0.0173619 2756.97 0.00104229 1 -0.0543541 -0.110744 0.05 38644.9
0 2201 4 phononTS 0.00263 -0.141334 0.620458 0.0239925 22257.6 0.00069486 1 0.091381 -0.171261 0.05 27139.2
0 2226 4 phononTS 0.00104611 -0.716878 1.31129 -0.0419325 28159.7 0.00034743 1 -0.0452754 -0.133817 0.05 29071.9
0 2273 3 phononTS 0.00119189 -0.54984 4.15291 0.0350784 1845.28 0.00034743 1 0.0228468 -0.167706 0.05 34118.8
0 2275 2 phononL 0.00187758 -1.38412 3.25615 0.043066 3781.85 0.00034743 1 -0.0459312 -0.236573 0.05 79061.7
0 2275 4 phononTS 0.000569554 -0.0459312 -0.236573 0.049999 79061.7 0.00034743 1 -0.0816645 -0.271711 0.05 79124.6
0 2303 3 phononL 0.00194103 -1.56154 3.46326 -0.0307304 15468.5 0.00034743 1 0.105081 -0.186807 0.05 113508
0 2354 4 phononTS 0.0017155 -4.07872 1.52356 0.0145588 46919.9 0.00069486 1 0.0631862 -0.176034 0.05 127204
0 2389 2 phononTF 0.000642014 0.623247 3.51782 -0.00757291 9361.6 0.00034743 1 0.0496911 -0.259154 0.05 62267.5
0 2397 3 phononTS 0.00145887 -1.22436 4.23481 0.0258803 7.25521 0.00069486 1 0.0667245 -0.201319 0.05 14892.1
0 2407 2 phononTF 0.00119486 -1.40141 4.48482 -0.0418687 89.154 0.00034743 1 -0.049347 -0.300931 0.05 113058
0 2421 2 phononTS 0.00251866 -1.26293 3.48628 -0.0354226 3613.22 0.00034743 1 0.0248716 -0.262794 0.05 99375.6
0 2421 6 phononTS 0.000466574 0.0248716 -0.262794 0.049999 99375.6 0.00034743 1 -0.0236423 -0.270062 0.05 101317
0 2451 5 phononTF 0.00116543 -3.38819 4.85011 0.025367 6029.69 0.00034743 1 -0.0396885 -0.280206 0.05 31931.5
0 2477 2 phononTS 0.00261832 0.0818717 3.59924 0.0470159 11941.9 0.00034743 1 0.0673695 -0.242258 0.05 29740.6
0 2517 2 phononTF 0.00218427 -1.36659 3.79655 0.0423303 3370.4 0.00069486 1 0.022333 -0.228199 0.05 24618.3
0 2528 3 phononL 0.00185442 -2.11137 4.37086 -0.00848818 1963.85 0.00069486 1 -0.0660309 -0.187627 0.05 32376.5
0 2536 3 phononTF 0.00167505 -1.72463 4.49149 -0.0194812 1961.04 0.00069486 1 -0.0320028 -0.117544 0.05 13600.2
0 2557 3 phononTF 0.00271197 -4.22591 2.98937 -0.00643203 8727.47 0.00069486 1 0.0638363 -0.120432 0.05 22827.6
0 2557 9 phononL 0.00152638 0.0638363 -0.120432 0.049999 22827.6 0.00034743 1 0.0725599 -0.245861 0.05 22879.3
0 2557 16 phononL 0.000813138 0.0725599 -0.245861 0.049999 22879.3 0.00034743 1 0.0962019 -0.254322 0.05 23509.9
0 2557 22 phononTF 0.000453774 0.0962019 -0.254322 0.049999 23509.9 0.00034743 1 0.0372065 -0.119524 0.05 25974.8
0 2588 5 phononL 0.00259808 -0.344755 4.06604 -0.0069736 13109.8 0.00069486 1 0.101584 -0.209028 0.05 29190
0 2607 5 phononL 0.00129882 0.315883 2.88474 -0.0310685 28082 0.00034743 1 -0.0287879 -0.178526 0.05 32886.3
0 2612 5 phononTF 0.00129227 -0.820905 4.91644 0.0421795 3792.2 0.00034743 1 -0.077257 -0.189082 0.05 34373.6
0 2629 2 phononTS 0.00183098 -0.304702 4.43452 0.026561 1199.07 0.00104229 1 0.07616 -0.277757 0.05 33794
0 2653 2 phononTS 0.00129314 0.770084 4.15946 0.0448189 18743.1 0.00069486 1 -0.0430326 -0.153181 0.05 143434
0 2750 5 phononL 0.00215561 -1.07955 -1.05765 -0.0403854 43904.6 0.00104229 1 -0.0879444 -0.242932 0.05 44307.5
0 2797 4 phononTF 0.00180892 0.443688 4.82983 0.0241825 6359.55 0.00069486 1 0.0509603 -0.119128 0.05 108656
0 2813 2 phononL 0.00245521 -1.78461 2.58859 -0.0467683 5331.92 0.00034743 1 0.0322018 -0.211206 0.05 13601.4
0 2827 3 phononL 0.00272098 0.807286 4.87259 -0.0075585 4032.4 0.00069486 1 -0.0762111 -0.17101 0.05 38143.2
0 2827 11 phononTS 0.000783049 -0.0762111 -0.17101 0.049999 38143.2 0.00034743 1 0.0687623 -0.254705 0.05 38240.2
0 2827 2 phononL 0.00127902 0.807286 4.87259 -0.0075585 4032.4 0.00069486 1 -0.0162639 -0.186669 0.05 31614
0 2828 3 phononTS 0.0020227 -1.86419 3.06547 -0.00976244 5461.49 0.00069486 1 -0.098252 -0.239018 0.05 17890.2
0 2828 10 phononTF 0.00046159 -0.098252 -0.239018 0.049999 17890.2 0.00034743 1 -0.0403265 -0.152257 0.05 18098.4
0 2828 4 phononTF 0.00037999 -0.098252 -0.239018 0.049999 17890.2 0.00034743 1 -0.0410696 -0.243781 0.05 17955.6
0 2935 3 phononTS 0.00184864 -0.941099 4.17991 -0.00652666 404.733 0.00069486 1 0.058412 -0.170478 0.05 5424.03
0 2950 2 phononTF 0.00154741 -2.52918 3.43483 -0.0392097 6255.84 0.00069486 1 0.076806 -0.123653 0.05 15002.3
0 2957 3 phononTS 0.00124643 -1.66623 4.37726 -0.00821638 3962.91 0.00069486 1 0.0870503 -0.167884 0.05 19774
0 2960 3 phononL 0.00197447 -1.69086 4.343 -0.000389811 991.127 0.00034743 1 0.0418981 -0.301678 0.05 16096.5
0 3065 2 phononTS 0.00157015 -1.15482 4.38465 -0.0279928 13228.7 0.00034743 1 0.0302249 -0.0989976 0.05 20302.9
0 3065 5 phononTS 0.000910661 0.0302249 -0.0989976 0.049999 20302.9 0.00034743 1 0.0371258 -0.146757 0.05 20404.2
0 3067 3 phononTF 0.00174322 0.546946 4.41034 -0.0176768 10317.9 0.00034743 1 0.103151 -0.246123 0.05 42591.9
0 3105 3 phononTF 0.00258583 0.662139 3.32587 0.0149811 5019.71 0.00034743 1 -0.0879117 -0.151876 0.05 12793.7
0 3107 3 phononTS 0.00205229 -1.22366 4.52688 -0.0025464 662.18 0.00069486 1 0.108634 -0.17701 0.05 29150.3
0 3108 2 phononTF 0.00162586 -0.78121 4.39967 0.0390305 3905.13 0.00034743 1 -0.00920179 -0.205789 0.05 6435.79
0 3124 3 phononTS 0.00201351 -1.87371 4.26938 0.00413586 12737.7 0.00034743 1 0.0516996 -0.225899 0.05 35477.9
0 3146 2 phononTF 0.00186889 -0.625654 3.14764 0.0337358 12838.4 0.00034743 1 -0.0833651 -0.156951 0.05 48131.1
0 3146 5 phononTS 0.000875139 -0.0833651 -0.156951 0.049999 48131.1 0.00034743 1 -0.103007 -0.169408 0.05 48194.4
0 3146 9 phononTS 0.000374877 -0.103007 -0.169408 0.049999 48194.4 0.00034743 1 -0.0594492 -0.231161 0.05 48290.4
0 3147 2 phononTF 0.0026318 -0.936064 2.32975 -0.0356595 12804.6 0.00034743 1 0.0484239 -0.213577 0.05 42194.6
0 3228 3 phononTF 0.00215187 -0.508624 4.96219 -0.00559231 3289.22 0.00069486 1 0.0643265 -0.266152 0.05 16567
0 3232 5 phononTS 0.00121052 -0.635082 1.61956 0.00990669 32906.6 0.00034743 1 -0.0435307 -0.265989 0.05 40420.1
0 3234 3 phononTF 0.0025007 -1.00252 2.9568 -0.0334355 4874.13 0.00069486 1 0.0320659 -0.154393 0.05 36814.2
0 3234 5 phononTS 0.00117764 0.0320659 -0.154393 0.049999 36814.2 0.00069486 1 0.0903583 -0.252936 0.05 37163.1
0 3235 4 phononTF 0.00130814 -2.43336 -1.19176 0.0158222 11162.8 0.00069486 1 -0.0815437 -0.215294 0.05 39443.1
0 3238 5 phononTS 0.00202863 1.24844 0.589712 -0.0142195 27329.9 0.00069486 1 0.054761 -0.184252 0.05 28619.9
0 3243 4 phononTF 0.000801669 -1.48791 3.6476 0.0317134 7984.89 0.00034743 1 -0.0439548 -0.283723 0.05 44749.8
0 3247 2 phononTS 0.00212667 -1.48091 3.81063 -6.06458e-07 452.903 0.00034743 1 -0.0960414 -0.144872 0.05 6468.11
0 3288 4 phononTS 0.00139954 3.6906 -0.643354 -0.0316642 51011.9 0.00034743 1 0.0653086 -0.17184 0.05 69381.6
0 3297 2 phononTS 0.00174703 -1.20426 3.28687 -0.00164543 2206.19 0.00034743 1 -0.0464795 -0.194396 0.05 14360.2
0 3321 4 phononTS 0.00167055 0.297349 3.24477 0.0390125 5916 0.00069486 1 0.0606932 -0.278806 0.05 103473
0 3348 2 phononTF 0.00153966 -1.80816 4.53878 0.0249244 2690.43 0.00034743 1 0.0540041 -0.263188 0.05 15892
0 3360 2 phononTF 0.00183499 -1.62932 3.55663 0.0033804 6316.14 0.00069486 1 0.0254215 -0.124442 0.05 17808.8
0 3373 3 phononTF 0.00187555 -1.27094 4.30522 0.0389614 13.2483 0.00034743 1 0.0361011 -0.119521 0.05 30745.9
0 3373 4 phononTS 0.000671026 0.0361011 -0.119521 0.049999 30745.9 0.00034743 1 -0.0324582 -0.143569 0.05 30828.4
0 3385 2 phononTS 0.00159084 -0.926737 4.47267 -0.015295 1355.19 0.00069486 1 0.0982413 -0.182417 0.05 20272.5
0 3385 4 phononTS 0.000471372 0.0982413 -0.182417 0.049999 20272.5 0.00034743 1 0.105757 -0.181513 0.05 20331.5
0 3493 5 phononTF 0.00212082 -0.696166 3.61354 -0.0200369 13264.9 0.00034743 1 0.0959173 -0.200031 0.05 40098.9
0 3493 6 phononTF 0.000670686 0.0959173 -0.200031 0.049999 40098.9 0.00034743 1 -0.0468183 -0.17427 0.05 40178.9
0 3495 5 phononTS 0.00134379 3.69127 2.86756 0.0460167 7687.88 0.00069486 1 0.0632118 -0.106637 0.05 13032
0 3498 2 phononTS 0.00192415 -1.25282 4.11727 -0.0450384 281.46 0.00034743 1 -0.100601 -0.236274 0.05 38509.7
0 3498 4 phononTS 0.00105492 -0.100601 -0.236274 0.049999 38509.7 0.00034743 1 -0.0666132 -0.245268 0.05 134528
0 3517 4 phononTS 0.000989807 -2.16673 3.57354 -0.0336737 15172.8 0.00034743 1 -0.0436957 -0.224262 0.05 68414.9
0 3517 6 phononTS 0.000414082 -0.0436957 -0.224262 0.049999 68414.9 0.00034743 1 0.0637172 -0.217838 0.05 68804.2
0 3528 2 phononTS 0.00199259 -1.3154 4.69101 0.00327285 6651.66 0.00034743 1 0.0332759 -0.118078 0.05 38051.1
0 3533 5 phononTF 0.00145753 -0.232585 0.801626 -0.0107869 130518 0.00034743 1 0.0832278 -0.129237 0.05 138378
0 3533 6 phononTF 0.000803793 0.0832278 -0.129237 0.049999 138378 0.00034743 1 0.0461758 -0.222555 0.05 139460
0 3574 2 phononTS 0.00276335 -0.925418 3.91737 0.0186562 537.161 0.00034743 1 0.0475084 -0.2592 0.05 7183.54
0 3606 3 phononTS 0.00190686 -0.702828 4.74604 -0.026284 1082.5 0.00034743 1 -0.0303421 -0.215924 0.05 21510.3
0 3626 2 phononTF 0.00132133 -1.32334 3.66548 0.0288825 4802.47 0.00034743 1 -0.0495673 -0.105462 0.05 11114.7
0 3626 6 phononTS 0.000602505 -0.0495673 -0.105462 0.049998 11114.7 0.00034743 1 -0.0713534 -0.147165 0.05 11180.9
0 3685 2 phononTS 0.0022801 -1.27796 4.27349 0.0239263 7.96252 0.00069486 1 -0.0535286 -0.262253 0.05 14430.7
0 3827 5 phononTF 0.000978897 -0.294376 2.42076 -0.0411984 19918.4 0.00034743 1 0.0665987 -0.285515 0.05 77342.7
0 3833 3 phononTS 0.00278918 0.32349 3.98976 0.035439 2556.56 0.00069486 1 -0.0893375 -0.1639 0.05 13082.6
0 3833 6 phononTS 0.000671489 -0.0893375 -0.1639 0.049999 13082.6 0.00034743 1 -0.0987338 -0.155508 0.05 13142.3
0 3833 4 phononL 0.000547703 -0.0893375 -0.1639 0.049999 13082.6 0.00034743 1 0.0492206 -0.231878 0.05 13133.7
0 3855 5 phononTS 0.00118103 0.00620898 -0.487015 -0.00950894 24155.3 0.00069486 1 -0.0437248 -0.12578 0.05 24883.2
0 4001 3 phononL 0.00172709 -2.35404 4.55578 -0.0372313 3666.6 0.00034743 1 -0.0344178 -0.210546 0.05 22650.5
0 4003 5 phononTS 0.00164921 2.55027 3.27744 -0.0259066 31882.7 0.00034743 1 -0.100686 -0.176834 0.05 70879
0 4038 5 phononL 0.00166393 -4.36742 -1.4824 -0.0378493 16178.7 0.00034743 1 0.0538037 -0.207712 0.05 45254.6
0 4049 5 phononTS 0.00135605 -4.47795 2.96764 -0.0317686 12984.9 0.00034743 1 0.0184938 -0.196796 0.05 45210
0 4049 7 phononTF 0.000876609 0.0184938 -0.196796 0.049999 45210 0.00034743 1 0.0947657 -0.195456 0.05 45272.7
0 4065 4 phononTF 0.00141448 2.43719 1.26165 0.00217678 148902 0.00034743 1 0.05599 -0.260282 0.05 204246
0 4120 5 phononTF 0.000926878 -2.67443 1.416 -0.0258748 9806.2 0.00034743 1 -0.0974786 -0.135681 0.05 30952.1
0 4133 3 phononL 0.00257021 -0.92849 4.93558 -0.000608814 1543.91 0.00104229 1 -0.107512 -0.226259 0.05 36884
0 4133 11 phononTS 0.000948772 -0.107512 -0.226259 0.049999 36884 0.00034743 1 -0.117716 -0.200342 0.05 36966.8
0 4142 2 phononTF 0.00183889 -0.0373822 4.72637 0.0164136 4769.11 0.00034743 1 0.058243 -0.239475 0.05 22674.7
0 4142 4 phononTF 0.000656607 0.058243 -0.239475 0.049999 22674.7 0.00034743 1 -0.0179514 -0.234292 0.05 22882.7
0 4164 2 phononL 0.00278987 -1.12749 4.40049 -0.00977919 4627.97 0.00034743 1 0.0828874 -0.252399 0.05 50900
0 4164 4 phononTF 0.000729366 0.0828874 -0.252399 0.049999 50900 0.00034743 1 -0.0672535 -0.242963 0.05 50971.3
0 4166 2 phononTF 0.000522306 -1.10125 4.4613 -0.0183375 10690.2 0.00034743 1 0.0575983 -0.176928 0.05 45921.2
0 4172 2 phononL 0.00293609 -1.28469 4.3029 -0.0303043 18.0729 0.00104229 1 0.0378385 -0.269575 0.05 8566.58
0 4176 5 phononTF 0.00111442 -1.04468 2.95877 -0.0208465 5186.49 0.00034743 1 -0.0374004 -0.25364 0.05 76079.9
0 4198 3 phononTS 0.00262711 -1.23032 3.22613 0.0467044 7008.78 0.00034743 1 -0.0501286 -0.148844 0.05 40375.1
0 4213 2 phononL 0.00126454 -2.90342 4.19474 -0.0296777 5270.27 0.00069486 1 -0.0706238 -0.224874 0.05 18165.9
0 4251 5 phononTS 0.0013473 2.15309 3.55809 -0.00110224 35255.2 0.00034743 1 -0.0175277 -0.216663 0.05 90792.7
0 4253 2 phononTS 0.00162889 -1.9367 2.7085 0.0341993 8902.1 0.00069486 1 -0.091516 -0.140582 0.05 47771.6
0 4258 3 phononTS 0.00181516 -2.74835 3.81131 0.0168572 6332.94 0.00069486 1 -0.0977326 -0.243011 0.05 16761.3
0 4281 2 phononTS 0.00264694 -0.480496 3.02015 -0.0449444 1453.62 0.00104229 1 -0.0751787 -0.208258 0.05 15811.9
0 4281 7 phononTF 0.000372992 -0.0751787 -0.208258 0.049999 15811.9 0.00034743 1 0.0421002 -0.219005 0.05 15878.5
0 4297 2 phononTS 0.00207591 -0.838771 3.03317 0.000456191 36481.3 0.00034743 1 -0.120143 -0.207832 0.05 40901.8
0 4297 4 phononTS 0.000411783 -0.120143 -0.207832 0.049999 40901.8 0.00034743 1 -0.110095 -0.194015 0.05 42645.1
0 4360 5 phononTF 0.00194939 2.02336 4.0766 0.0404238 20552.9 0.00069486 1 -0.0608472 -0.225955 0.05 39532.3
0 4394 3 phononTS 0.00176243 0.231907 1.91717 -0.00714173 33999.3 0.00069486 1 0.0901378 -0.259933 0.05 61292
0 4442 2 phononTF 0.00119344 -0.295163 3.08998 -0.0467177 16428.7 0.00034743 1 0.0474048 -0.10126 0.05 18209.7
0 4487 5 phononTS 0.00166377 -1.82913 2.22756 0.0345129 60295.1 0.00034743 1 -0.0717049 -0.283659 0.05 80684.8
0 4487 7 phononL 0.000412703 -0.0717049 -0.283659 0.049999 80684.8 0.00034743 1 -0.0392923 -0.209863 0.05 80727.8
0 4552 3 phononTF 0.00246953 -1.33809 4.66074 -0.0301769 1279.81 0.00104229 1 -0.0418189 -0.224479 0.05 5395.17
0 4558 4 phononTS 0.00120872 -1.69502 3.04822 -0.022286 45861 0.00034743 1 0.0644806 -0.239226 0.05 75403.4
0 4575 3 phononTF 0.00120649 -0.505605 4.40887 -0.0135748 10041.2 0.00034743 1 -0.0450855 -0.174438 0.05 26738.3
0 4575 6 phononTS 0.000744347 -0.0450855 -0.174438 0.049999 26738.3 0.00034743 1 -0.0651248 -0.234105 0.05 26822.7
0 4586 2 phononTF 0.000873486 -2.16777 4.06868 -0.00123379 2117.66 0.00034743 1 -0.0884355 -0.255023 0.05 40658.6
0 4643 4 phononL 0.00134709 -4.24606 3.21067 0.0104625 11710.3 0.00069486 1 -0.0851096 -0.169356 0.05 151039
0 4655 3 phononTF 0.00207093 -1.74381 1.66231 0.0372087 5692.57 0.00034743 1 0.112155 -0.203904 0.05 9231.72
0 4671 2 phononTF 0.00152913 -1.28856 3.82986 0.00512149 1725.93 0.00069486 1 0.0718039 -0.194993 0.05 77414.9
0 4699 4 phononTS 0.00161872 2.34723 -0.0273446 -0.0367733 54298.8 0.00034743 1 -0.0558556 -0.109657 0.05 64969.3
0 4699 6 phononL 0.000789075 -0.0558556 -0.109657 0.049999 64969.3 0.00034743 1 0.0664771 -0.108033 0.05 65025.8
0 4702 3 phononL 0.0024173 -1.9999 3.0276 -0.000156658 3233.58 0.00069486 1 0.0648273 -0.206586 0.05 10003.1
0 4706 3 phononTS 0.00259772 -3.24508 4.32987 0.0115856 6192.98 0.00069486 1 -0.0915715 -0.206366 0.05 27432.2
0 4707 4 phononTF 0.00166585 -1.01404 1.68104 0.0159564 29373.8 0.00034743 1 0.0890887 -0.210581 0.05 30588.8
0 4707 6 phononTS 0.00036738 0.0890887 -0.210581 0.049999 30588.8 0.00034743 1 0.0451989 -0.202103 0.05 31168.8
0 4725 5 phononTS 0.00134698 4.09047 3.85083 -0.0337375 41051.7 0.00034743 1 0.0877845 -0.123057 0.05 144463
0 4781 2 phononTF 0.00254085 -1.20629 4.54594 -0.0467371 6814.84 0.00034743 1 0.0916988 -0.154616 0.05 47664.4
0 4788 3 phononL 0.00205661 -1.74229 3.44993 0.0254214 6899.29 0.00069486 1 0.101109 -0.242602 0.05 25365.3
0 4835 6 phononTF 0.00115014 0.411655 4.1975 0.0413951 128520 0.00069486 1 0.0540887 -0.108843 0.05 133032
0 4847 2 phononTS 0.00221842 -2.87164 4.81821 0.0110979 3395.97 0.00069486 1 0.0632064 -0.20094 0.05 67857.9
0 4921 4 phononTS 0.000929219 0.0426901 0.451918 0.00854629 11751.1 0.00034743 1 -0.0450983 -0.201175 0.05 71611.2
0 4941 2 phononTS 0.00152284 0.810222 4.25505 0.0163725 6428.04 0.00034743 1 0.0482841 -0.302758 0.05 10730.3
0 4954 3 phononTF 0.00260158 -4.12307 4.75508 -0.027227 13775.9 0.00034743 1 -0.0212446 -0.222649 0.05 42460.8
0 4954 6 phononTF 0.000832706 -0.0212446 -0.222649 0.049999 42460.8 0.00034743 1 0.099944 -0.179638 0.05 55493.9
0 4960 4 phononTS 0.00160405 0.19505 3.69606 -0.0395957 13603.4 0.00104229 1 0.0496349 -0.145952 0.05 16782.5
0 4962 3 phononTS 0.00211923 -0.88319 4.13897 -0.0300293 1036.31 0.00069486 1 -0.0322684 -0.0937376 0.05 17709.1
