Run ID,Event ID,Track ID,Particle Name,Start Energy [eV],Start X [mm],Start Y [mm],Start Z [mm],Start Time [ns],Energy Deposited [eV],Track Weight,End X [mm],End Y [mm],End Z [mm],Final Time [ns],Volume Name
0 18 2 phononTS 0.00229654 3.76361 -0.254725 0.00966893 3.25343 0.00034743 1 -0.0500113 -0.221438 0.05 10503.8
0 18 4 phononTF 0.0018851 -0.0500113 -0.221438 0.049999 10503.8 0.00069486 1 -0.0613905 -0.201966 0.05 10561.1
0 30 2 phononTS 0.00197931 3.06777 -1.49604 0.0115787 13174.1 0.00034743 1 0.0469928 -0.215929 0.05 31464
0 46 2 phononTF 0.00174241 3.74937 -0.258765 0.0391363 13.1575 0.00069486 1 0.0460285 -0.269659 0.05 29527.1
0 60 2 phononTS 0.00156376 3.62375 -0.150408 0.0244721 62.0527 0.00034743 1 0.0201084 -0.192469 0.05 108933
0 120 2 phononTS 0.000526595 3.54614 0.0332803 0.049999 643.398 0.00034743 1 -0.0841721 -0.122854 0.05 20254.3
0 141 5 phononTF 0.000758941 3.61818 2.47967 0.0300741 8343.09 0.00034743 1 -0.0786253 -0.165937 0.05 41895.1
0 177 4 phononTS 0.00103593 3.6026 -0.794156 0.00547859 594.522 0.00034743 1 -0.076825 -0.275275 0.05 88941.9
0 188 5 phononTF 0.000474112 3.46222 0.0567013 0.049999 608.818 0.00034743 1 -0.0945638 -0.228522 0.05 65630.7
0 195 3 phononTS 0.00049281 3.9102 0.0896256 0.049998 359.773 0.00034743 1 -0.0314629 -0.172124 0.05 1938.7
0 218 2 phononTS 0.00196387 4.9078 -0.263997 -0.0389708 1911.91 0.00034743 1 0.0775994 -0.251924 0.05 48922.4
0 237 5 phononTF 0.000831709 0.872513 -3.97135 0.0417278 16330.9 0.00034743 1 -0.0439838 -0.139345 0.05 108525
0 237 6 phononTF 0.000408055 -0.0439838 -0.139345 0.049999 108525 0.00034743 1 0.0539018 -0.164991 0.05 108887
0 256 2 phononTF 0.00055577 3.9854 -0.0100021 0.049999 677.526 0.00034743 1 0.0189442 -0.169424 0.05 41951
0 352 2 phononTS 0.000910872 3.5075 0.396452 0.015414 2369.7 0.00034743 1 0.105925 -0.229603 0.05 42250.2
0 371 3 phononTF 0.00085581 4.17815 0.0751025 0.049999 243.253 0.00034743 1 0.0345354 -0.165228 0.05 94714.6
0 405 4 phononTS 0.000722595 3.62781 0.0149554 0.049999 376.232 0.00034743 1 0.034833 -0.227269 0.05 13985.6
0 406 2 phononTS 0.00138149 3.86182 -0.330445 0.0430946 26.9894 0.00104229 1 0.0513684 -0.250963 0.05 105100
0 471 3 phononTS 0.000528315 3.68563 -0.0092051 0.049999 1001.44 0.00034743 1 -0.0403597 -0.288229 0.05 32774
0 512 2 phononTF 0.00140452 3.6142 -0.264257 -0.0139336 184.619 0.00069486 1 0.037889 -0.1821 0.05 35511.9
0 518 3 phononTS 0.000782023 3.74735 0.00264627 0.049999 959.126 0.00034743 1 -0.0299972 -0.176264 0.05 73288.3
0 599 2 phononL 0.0026039 3.86361 -0.230502 -0.00865658 37.6959 0.00034743 1 -0.0344999 -0.225567 0.05 15339.4
0 654 3 phononTS 0.00169114 4.28073 -0.535972 0.0125154 776.08 0.00069486 1 -0.10213 -0.186977 0.05 51238.7
0 689 5 phononTS 0.00164838 1.26823 -1.86576 0.0109748 48901.3 0.00034743 1 0.0255234 -0.192517 0.05 62642.4
0 703 2 phononTF 0.00249842 4.23894 1.05866 -0.0068203 7007 0.00069486 1 -0.0527803 -0.135226 0.05 27572.3
0 711 3 phononTS 0.000402708 4.19052 0.0248319 0.049998 870.302 0.00034743 1 0.0674114 -0.269578 0.05 17670
0 754 2 phononTF 0.0019228 3.66438 -0.247426 0.00485681 199.322 0.00104229 1 -0.0348674 -0.116999 0.05 23117.3
0 812 6 phononTS 0.000453283 0.800633 0.0191936 0.049998 15876 0.00034743 1 -0.0873836 -0.148002 0.05 107046
0 813 2 phononTF 0.00147979 4.29704 -1.04754 -0.0275769 13868.7 0.00069486 1 0.0739592 -0.127198 0.05 36051.1
0 823 2 phononTS 0.00082908 3.84878 0.0442263 0.049999 2762.6 0.00034743 1 -0.106784 -0.199367 0.05 92654.8
0 856 3 phononTS 0.00179924 4.63252 -2.79094 0.00211461 8352.39 0.00034743 1 -0.0786635 -0.184173 0.05 18838.5
0 856 5 phononTS 0.000920921 -0.0786635 -0.184173 0.049999 18838.5 0.00034743 1 -0.0322733 -0.277401 0.05 18919.3
0 926 5 phononTS 0.00165201 -0.314273 -4.69403 0.000706177 8909.74 0.00069486 1 -0.0339264 -0.259966 0.05 114175
0 946 4 phononL 0.00238783 -0.202195 -1.5322 -0.0117235 19726.7 0.00069486 1 -0.0183478 -0.185684 0.05 20772
0 951 3 phononTS 0.000799622 3.38746 0.0386654 0.049999 885.533 0.00034743 1 0.104367 -0.191734 0.05 8680.37
0 959 2 phononTS 0.000928406 4.2366 -0.708561 0.0130817 2595.46 0.00034743 1 0.0403819 -0.296149 0.05 14476.7
0 973 4 phononTF 0.00124144 4.82785 1.30033 0.00463434 4458.21 0.00069486 1 -0.0311303 -0.108859 0.05 6261.97
0 1086 5 phononTF 0.000542356 3.58304 0.0721344 0.049999 489.243 0.00034743 1 0.0497987 -0.289108 0.05 7557.09
0 1136 2 phononTS 0.00164272 3.78231 -0.217858 -0.00615839 8.58559 0.00034743 1 0.0530406 -0.107856 0.05 10087
0 1150 2 phononTS 0.00165687 3.66666 -1.02032 0.0367217 1936.76 0.00034743 1 0.0551081 -0.244743 0.05 7888.52
0 1215 4 phononTS 0.000576027 3.05889 0.0501956 0.049999 424.383 0.00034743 1 -0.0886518 -0.23811 0.05 173836
0 1223 3 phononTF 0.0027917 3.77331 -0.218454 0.0226834 8.31177 0.00034743 1 0.0550864 -0.295845 0.05 17092.2
0 1226 2 phononTF 0.00191878 4.17551 -1.11469 0.0172653 2914.1 0.00034743 1 -0.0372824 -0.222798 0.05 27568.1
0 1226 5 phononTF 0.0013484 -0.0372824 -0.222798 0.049999 27568.1 0.00069486 1 -0.111988 -0.199303 0.05 27887.6
0 1258 2 phononTS 0.000864814 4.67991 -0.676482 0.00993931 1844.41 0.00034743 1 -0.0670506 -0.173208 0.05 21695.4
0 1271 2 phononL 0.00142296 2.67342 -1.15 -0.0494749 6810.48 0.00034743 1 -0.0407722 -0.163432 0.05 9081.27
0 1301 3 phononTF 0.0028867 3.35571 -0.915939 0.0387789 4700.98 0.00069486 1 -0.0355312 -0.166385 0.05 11909
0 1301 9 phononTF 0.00114785 -0.0355312 -0.166385 0.049999 11909 0.00069486 1 0.0175178 -0.196081 0.05 11969.8
0 1395 5 phononL 0.000679202 3.61002 -0.00930575 0.049999 850.683 0.00034743 1 0.0842995 -0.277694 0.05 25285.6
0 1399 3 phononL 0.00227999 4.7018 1.30287 0.000516753 9554.16 0.00069486 1 0.0548499 -0.221614 0.05 14766.8
0 1408 3 phononTS 0.000509734 3.38088 0.025695 0.049999 1759.2 0.00034743 1 0.0235067 -0.254764 0.05 111208
0 1492 2 phononTF 0.00148239 3.81696 -0.336115 -0.00272503 20.5846 0.00034743 1 0.0807699 -0.218174 0.05 9339.74
0 1493 3 phononTS 0.00235679 3.67045 -0.388346 -0.0171183 282.142 0.00069486 1 -0.042071 -0.0961127 0.05 7616.01
0 1493 10 phononTF 0.000441849 -0.042071 -0.0961127 0.049999 7616.01 0.00034743 1 0.0336585 -0.112276 0.05 8466.06
0 1514 3 phononTS 0.00236591 4.89003 -1.76923 0.0478736 3973.31 0.00034743 1 0.100217 -0.221981 0.05 25784.6
0 1514 4 phononL 0.00134536 0.100217 -0.221981 0.049999 25784.6 0.00069486 1 0.040232 -0.251388 0.05 26411.7
0 1517 2 phononTS 0.000354935 2.83468 0.95612 -0.0414793 8457.24 0.00034743 1 -0.10988 -0.222229 0.05 39960.1
0 1556 2 phononTF 0.000607617 3.90295 -0.00339191 0.049999 416.388 0.00034743 1 0.0444707 -0.18619 0.05 10932.4
0 1596 2 phononTF 0.00264083 4.58964 -0.0110958 -0.00228239 723.787 0.00104229 1 0.0908751 -0.15763 0.05 29345.1
0 1596 6 phononL 0.000721349 0.0908751 -0.15763 0.049999 29345.1 0.00034743 1 0.0300968 -0.138103 0.05 192283
0 1611 5 phononTS 0.000478754 2.93706 0.0357952 0.049999 2314.7 0.00034743 1 0.0540961 -0.131508 0.05 6323.56
0 1623 2 phononTS 0.00147885 4.50153 -0.394858 0.0348531 1338.47 0.00034743 1 -0.058521 -0.103038 0.05 37598.8
0 1623 8 phononTF 0.00104988 -0.058521 -0.103038 0.049999 37598.8 0.00069486 1 0.0568328 -0.143515 0.05 37669.6
0 1637 3 phononTS 0.00234759 3.70851 -0.250809 0.0293111 9.64527 0.00069486 1 0.0328632 -0.203215 0.05 30685.2
0 1643 4 phononTS 0.00154406 3.11415 0.349162 -0.0459961 69488 0.00034743 1 -0.0856816 -0.128086 0.05 80682.9
0 1706 3 phononTF 0.000516148 3.94209 0.0866363 0.049999 1882.31 0.00034743 1 -0.0725642 -0.124622 0.05 36946.9
0 1736 4 phononTS 0.00094818 4.59041 -3.95579 0.00705614 95835.8 0.00069486 1 -0.0757193 -0.150855 0.05 172711
0 1740 4 phononTS 0.00151634 2.27727 2.68991 0.0451366 41203.4 0.00034743 1 -0.0705063 -0.186244 0.05 55242.6
0 1786 2 phononTS 0.00111912 3.18903 -1.60911 0.0160229 3673.27 0.00034743 1 0.107941 -0.18772 0.05 26969.2
0 1786 4 phononL 0.000691071 0.107941 -0.18772 0.049998 26969.2 0.00034743 1 0.0168843 -0.243062 0.05 27027.4
0 1804 4 phononTF 0.00220848 4.56957 0.149604 0.0170293 21830.1 0.00104229 1 -0.0271558 -0.276403 0.05 33027.6
0 1807 3 phononTF 0.00221899 4.44023 -0.779565 -0.0103995 3761.19 0.00034743 1 0.0877037 -0.188986 0.05 49723.7
0 1807 2 phononL 0.00178101 4.44023 -0.779565 -0.0103995 3761.19 0.00034743 1 0.104 -0.144379 0.05 22352.6
0 1814 2 phononTF 0.00215622 3.53559 -0.41259 0.0186019 64.6518 0.00034743 1 -0.0370062 -0.279657 0.05 53339.5
0 1914 2 phononTS 0.00176917 4.42157 0.836189 0.0269523 1960.13 0.00069486 1 -0.0497035 -0.100052 0.05 79253.4
0 1977 2 phononL 0.000746045 3.55842 -0.00401887 0.049999 226.479 0.00034743 1 0.0812059 -0.25318 0.05 18731.2
0 1981 2 phononTS 0.00227752 3.72652 -0.210232 -0.035427 417.633 0.00069486 1 -0.100852 -0.186074 0.05 2037.54
0 1996 4 phononTF 0.0018447 3.34831 -2.34052 0.0143641 12414.9 0.00034743 1 0.098384 -0.201672 0.05 28689.8
0 2018 3 phononTF 0.00189128 3.36427 -0.623076 -0.00364791 874.496 0.00034743 1 -0.0210504 -0.235437 0.05 3303.43
0 2057 2 phononTS 0.00243646 4.24718 -0.539134 -0.0244026 9677.19 0.00069486 1 -0.0831 -0.265041 0.05 20255
0 2083 2 phononL 0.00239053 3.73503 -0.442132 -0.0359016 2381.58 0.00069486 1 -0.042597 -0.292503 0.05 46438.1
0 2100 3 phononL 0.000980692 3.67142 -0.222183 -0.0353095 20.7972 0.00034743 1 -0.0313427 -0.290129 0.05 47810.7
0 2103 2 phononTS 0.00146053 4.36486 -0.76835 -0.0348733 1051.72 0.00069486 1 0.0697824 -0.291563 0.05 71293.5
0 2103 12 phononTF 0.000357656 0.0697824 -0.291563 0.049999 71293.5 0.00034743 1 0.118061 -0.188208 0.05 71364.5
0 2116 3 phononL 0.00176826 3.57191 -0.078518 -0.0474895 450.39 0.00034743 1 -0.0600508 -0.282942 0.05 21405.3
0 2141 3 phononTF 0.00163338 4.0356 -0.498009 -0.0406876 651.465 0.00034743 1 0.0189883 -0.16682 0.05 47935
0 2153 3 phononTS 0.00156116 3.53033 0.315858 0.0407156 7486.78 0.00034743 1 -0.0533749 -0.284707 0.05 25088
0 2153 4 phononTS 0.00114231 -0.0533749 -0.284707 0.049999 25088 0.00034743 1 0.0187782 -0.196321 0.05 25166.5
0 2173 3 phononL 0.00258592 3.53312 -0.696175 0.031462 596.792 0.00069486 1 0.0223928 -0.243947 0.05 29355.6
0 2173 4 phononTS 0.00074738 0.0223928 -0.243947 0.049999 29355.6 0.00034743 1 0.069462 -0.250388 0.05 29505.4
0 2264 5 phononL 0.000933583 1.73689 3.69092 -0.0185812 16903.6 0.00034743 1 -0.0683272 -0.111924 0.05 23588
0 2336 3 phononTS 0.000832526 3.75277 0.0716619 0.049999 393.914 0.00034743 1 0.0892266 -0.159502 0.05 7794.25
0 2350 5 phononL 0.000393514 3.64932 0.0689313 0.049999 1109.37 0.00034743 1 -0.0572444 -0.277312 0.05 32158.5
0 2383 2 phononTF 0.000670782 3.9175 0.0283436 0.049999 629.349 0.00034743 1 -0.0803698 -0.13402 0.05 19972.2
0 2402 4 phononTS 0.00112089 -4.71644 -0.816801 -0.0260171 28263.6 0.00034743 1 0.0259003 -0.138058 0.05 83706.6
0 2410 2 phononTS 0.00257279 0.407343 -1.28112 -0.00602773 13939.1 0.00034743 1 0.0612444 -0.110947 0.05 16665
0 2410 5 phononL 0.000586111 0.0612444 -0.110947 0.049999 16665 0.00034743 1 -0.0472039 -0.254335 0.05 16791.6
0 2428 2 phononTF 0.00165834 3.65774 -0.431234 0.0156555 219.306 0.00069486 1 0.0939144 -0.18027 0.05 22963.1
0 2472 3 phononTS 0.00290809 0.846072 -0.173104 0.0208157 7325.09 0.00034743 1 0.0224713 -0.211876 0.05 27765.4
0 2493 3 phononL 0.00240614 4.4644 0.563651 0.041419 1237.29 0.00069486 1 0.111997 -0.234338 0.05 9104.48
0 2501 3 phononTS 0.0019314 3.62429 -0.554862 0.0421066 612.251 0.00034743 1 0.0374571 -0.125402 0.05 22023.9
0 2553 5 phononTS 0.000532453 2.58369 0.0970973 0.049999 8486.71 0.00034743 1 0.115816 -0.176999 0.05 13804.1
0 2567 3 phononL 0.00152745 3.59724 -0.504919 0.0479533 1165.57 0.00034743 1 -0.0841592 -0.214768 0.05 42159.4
0 2584 6 phononTS 0.000397209 4.84047 0.0944557 0.049999 649.766 0.00034743 1 0.0766846 -0.26802 0.05 33006.4
0 2662 3 phononTF 0.00159031 3.46543 -0.265192 0.0362224 1686.3 0.00069486 1 -0.0510291 -0.18965 0.05 19217.5
0 2681 4 phononTF 0.00189783 2.46404 -0.509793 0.00423674 5417.62 0.00034743 1 -0.112063 -0.23995 0.05 7581.4
0 2682 2 phononTF 0.00138329 3.84782 -0.415011 -0.00243781 40.5296 0.00034743 1 -0.0859224 -0.199273 0.05 71548.3
0 2682 4 phononTF 0.00046827 -0.0859224 -0.199273 0.049999 71548.3 0.00034743 1 -0.0771542 -0.201046 0.05 71667
0 2710 3 phononTS 0.00152506 4.68622 -0.338055 -0.00721331 2657.43 0.00034743 1 0.0492777 -0.147805 0.05 19505.1
0 2717 3 phononTF 0.00191845 3.64195 -0.452355 -0.0256185 871.976 0.00034743 1 -0.045203 -0.225213 0.05 4501.37
0 2718 5 phononL 0.000507584 3.71389 0.0851911 0.049999 527.276 0.00034743 1 0.0924246 -0.24489 0.05 96950.1
0 2721 3 phononTF 0.00225297 3.79574 -1.21313 -0.00164543 2206.19 0.00034743 1 -0.0442799 -0.120168 0.05 47967
0 2721 4 phononTS 0.00114972 -0.0442799 -0.120168 0.049999 47967 0.00034743 1 -0.0341771 -0.121084 0.05 48024.1
0 2725 3 phononTS 0.000577788 3.61906 0.0555537 0.049999 232.729 0.00034743 1 -0.053644 -0.247782 0.05 4919.87
0 2907 2 phononL 0.000840985 4.2002 0.0214775 -0.0202063 381.901 0.00034743 1 -0.0824473 -0.137628 0.05 61648.3
0 2908 3 phononTS 0.000878658 4.96099 0.0787512 0.049999 3141.22 0.00034743 1 -0.0166574 -0.183221 0.05 16103.6
0 2929 5 phononTF 0.00178891 0.139954 -0.201506 -0.0301409 32456.5 0.00034743 1 0.0485683 -0.109634 0.05 32514.3
0 2957 5 phononTS 0.000391092 2.74244 -4.95804 -0.0240472 36091.6 0.00034743 1 -0.0457767 -0.118277 0.05 47671.5
0 2969 3 phononTF 0.000734885 4.08227 0.0339029 0.049999 981.034 0.00034743 1 0.0354688 -0.119621 0.05 44554
0 2982 2 phononTS 0.00108426 3.85341 -0.262236 -0.0285855 73.5981 0.00034743 1 0.0305754 -0.174677 0.05 25655.7
0 2982 4 phononTF 0.000370937 0.0305754 -0.174677 0.049999 25655.7 0.00034743 1 0.0668869 -0.273188 0.05 25723.9
0 3019 5 phononTS 0.00134044 1.84885 1.41005 -0.0307263 12623.4 0.00069486 1 -0.108414 -0.215942 0.05 64689.8
0 3087 2 phononTS 0.00191014 3.19422 -1.8223 0.0323296 3838.4 0.00034743 1 -0.0149357 -0.214702 0.05 34104.2
0 3117 3 phononTS 0.0018719 3.70068 -0.264863 0.0313786 81.0476 0.00069486 1 -0.0311838 -0.254893 0.05 13473.7
0 3121 3 phononTS 0.000495135 3.69786 0.0796441 0.049999 480.579 0.00034743 1 -0.0254601 -0.284878 0.05 18151.6
0 3242 3 phononTF 0.00199984 3.69477 -0.286759 -0.0354039 13.888 0.00034743 1 -0.0356444 -0.141201 0.05 26886.1
0 3273 2 phononTS 0.00162285 3.48885 -0.701499 0.0391433 677.744 0.00034743 1 -0.0883768 -0.129636 0.05 17669.3
0 3355 2 phononTS 0.00243327 3.58495 0.82334 -0.0241002 2839.92 0.00034743 1 -0.0955088 -0.266279 0.05 62986.3
0 3355 4 phononTS 0.00140256 -0.0955088 -0.266279 0.049999 62986.3 0.00034743 1 -0.0344977 -0.230502 0.05 63442.5
0 3405 3 phononL 0.00211581 3.79366 -0.205685 0.000149978 11.6425 0.00034743 1 -0.0841489 -0.251492 0.05 22433.3
0 3405 5 phononTS 0.00114818 -0.0841489 -0.251492 0.049999 22433.3 0.00034743 1 -0.0748463 -0.263734 0.05 22491.2
0 3405 4 phononL 0.000573746 -0.0841489 -0.251492 0.049999 22433.3 0.00034743 1 -0.0709982 -0.193827 0.05 26120.6
0 3423 2 phononTS 0.00189418 2.74583 -1.57767 0.0311944 4019.41 0.00034743 1 -0.0780496 -0.254619 0.05 5663.41
0 3429 3 phononTS 0.00258678 3.32782 1.89643 0.0392474 3755.79 0.00138972 1 -0.0558626 -0.203464 0.05 10997.1
0 3463 4 phononTS 0.00166679 3.12672 1.40506 0.00975827 14444.5 0.00069486 1 -0.0926558 -0.137191 0.05 28643.3
0 3481 3 phononTS 0.000637976 4.84426 0.0898431 0.049999 4358.25 0.00034743 1 -0.0359079 -0.268129 0.05 109924
0 3490 2 phononTS 0.00246084 2.41592 -0.969577 -0.0290638 6439.35 0.00034743 1 -0.073377 -0.278945 0.05 41598.4
0 3519 5 phononTF 0.00160028 2.63392 -4.32742 -0.0441078 30989.9 0.00034743 1 0.0800158 -0.154525 0.05 45359.5
0 3520 3 phononL 0.00170529 3.10282 -0.0572481 0.0225015 2751.65 0.00034743 1 -0.0831131 -0.149736 0.05 37636.6
0 3540 2 phononTS 0.0015873 2.80865 -0.112332 -0.0340148 2748.64 0.00069486 1 0.0916403 -0.133177 0.05 25805.4
0 3607 2 phononTF 0.00263077 3.73501 -0.245846 -0.00451646 3.20306 0.00069486 1 -0.0928553 -0.191787 0.05 29576
0 3702 2 phononTS 0.000743384 2.73592 0.0843326 0.049999 2482.96 0.00034743 1 0.0303622 -0.121932 0.05 8713.66
0 3734 3 phononTF 0.00184332 3.77884 -0.231938 0.0422484 10.144 0.00034743 1 0.0347521 -0.181412 0.05 15040.4
0 3790 5 phononL 0.00141113 1.48695 1.66795 0.0104462 18036.7 0.00034743 1 0.0408893 -0.122066 0.05 50063.9
0 3813 2 phononTS 0.00175144 3.53957 -0.159274 -0.0251462 124.321 0.00034743 1 0.103748 -0.210881 0.05 4316.49
0 3844 3 phononTF 0.00216409 2.55166 -0.982901 0.0464809 3470.54 0.00069486 1 0.0420678 -0.195816 0.05 10217.8
0 3878 4 phononTF 0.00167241 1.12123 3.33557 -0.0355795 37103 0.00069486 1 -0.0690925 -0.224961 0.05 44630.2
0 3969 5 phononTS 0.000664586 4.06204 0.0669118 0.049999 526.773 0.00034743 1 -0.113517 -0.162432 0.05 91608.7
0 4007 2 phononTS 0.00220615 3.70871 -0.213239 0.0275954 71.0224 0.00069486 1 -0.0196628 -0.167665 0.05 50910.1
0 4021 5 phononTS 0.000988694 0.0913054 -2.91162 0.0317506 17367 0.00034743 1 0.0732901 -0.22633 0.05 53081.7
0 4060 3 phononL 0.00211216 2.50125 0.986263 0.0473571 9264.74 0.00034743 1 0.0656116 -0.173985 0.05 12971.7
0 4153 2 phononTS 0.00199659 3.87309 -0.475243 0.0232126 458.777 0.00069486 1 0.0786261 -0.145275 0.05 5349.48
0 4168 3 phononTF 0.00266141 3.6402 -0.457037 -0.00189773 329.719 0.00034743 1 0.0759529 -0.265356 0.05 22700.7
0 4187 3 phononTF 0.00187451 2.36661 -2.37285 -0.048423 11788.6 0.00069486 1 0.0388944 -0.234926 0.05 90183.3
0 4187 4 phononTF 0.000568255 0.0388944 -0.234926 0.049999 90183.3 0.00034743 1 -0.0766386 -0.156215 0.05 90552.1
0 4208 3 phononTS 0.00237163 4.19201 -0.536784 0.00168399 2295.19 0.00138972 1 0.036246 -0.28862 0.05 29281.1
0 4210 3 phononTF 0.00230502 3.82051 -1.37278 0.00870834 1967.63 0.00069486 1 -0.0701569 -0.240288 0.05 32606.6
0 4237 2 phononTS 0.00139884 3.20969 -0.873243 0.0277944 4975.82 0.00034743 1 -0.0650553 -0.275281 0.05 83409
0 4270 2 phononTS 0.00152205 4.21448 -0.137526 0.0249911 1467.16 0.00034743 1 0.0513774 -0.222899 0.05 43222.3
0 4342 2 phononTS 0.000540572 3.87712 0.0403722 0.049999 318.984 0.00034743 1 0.0409082 -0.161876 0.05 2306.29
0 4419 5 phononTS 0.00114476 4.0336 -0.916092 0.0451696 3303.57 0.00034743 1 0.0819967 -0.150814 0.05 61219.7
0 4537 2 phononTS 0.000916557 4.61524 0.028021 0.049999 2674.44 0.00034743 1 -0.0433456 -0.303932 0.05 75382.1
0 4538 2 phononTF 0.00166243 3.77636 -0.215679 0.000339666 8.1706 0.00034743 1 0.103899 -0.23299 0.05 19874.2
0 4686 3 phononTS 0.00235253 2.11643 -1.13152 0.0121559 7339.13 0.00138972 1 -0.0604175 -0.149454 0.05 11968.3
0 4753 4 phononL 0.000717499 3.52297 0.0275828 0.049999 494.476 0.00034743 1 0.053259 -0.157809 0.05 13608
0 4771 3 phononTS 0.00199417 4.18951 -0.683648 0.00595158 2570.53 0.00034743 1 -0.0454968 -0.113869 0.05 55401.4
0 4824 5 phononTS 0.00110672 0.163289 0.923212 0.0330851 22803.5 0.00034743 1 0.0675569 -0.256168 0.05 71388.6
0 4853 4 phononTS 0.000461666 4.96093 0.0490161 0.049999 2681.7 0.00034743 1 -0.0216611 -0.188543 0.05 8957.24
0 4858 3 phononTF 0.00142068 3.11351 0.369932 -0.0075962 1676.7 0.00034743 1 -0.0421464 -0.172757 0.05 74179.7
0 4894 3 phononTF 0.00215192 3.85046 -0.760201 -0.00391297 2779.82 0.00034743 1 0.0734535 -0.165333 0.05 13774.2
0 4894 4 phononTF 0.00106559 0.0734535 -0.165333 0.049999 13774.2 0.00034743 1 -0.0863476 -0.239975 0.05 15420.5
