Run ID,Event ID,Track ID,Particle Name,Start Energy [eV],Start X [mm],Start Y [mm],Start Z [mm],Start Time [ns],Energy Deposited [eV],Track Weight,End X [mm],End Y [mm],End Z [mm],Final Time [ns],Volume Name
0 4 3 phononTS 0.00209094 -0.731532 -1.85087 -0.0308042 1087.04 0.00034743 1 -0.0922116 -0.251681 0.05 5388.59
0 12 4 phononTS 0.000856709 -1.12015 -0.156613 0.00688884 5558.59 0.00034743 1 0.0799662 -0.231132 0.05 53050.7
0 15 2 phononTF 0.00211905 -2.16254 -0.936639 -0.0374118 15647.4 0.00104229 1 -0.0439168 -0.134102 0.05 27566.4
0 30 2 phononL 0.00284105 -0.981309 -2.26009 -0.0064181 2569.18 0.00069486 1 -0.0485085 -0.167218 0.05 17874.7
0 30 6 phononTF 0.000449998 -0.0485085 -0.167218 0.049999 17874.7 0.00034743 1 -0.0966863 -0.265574 0.05 17943.2
0 30 5 phononTS 0.000537551 -0.0485085 -0.167218 0.049999 17874.7 0.00034743 1 -0.097415 -0.219214 0.05 18029.9
0 32 4 phononTF 0.00131997 3.01453 1.35616 0.0190178 38204.6 0.00069486 1 0.0684005 -0.236112 0.05 113616
0 43 2 phononL 0.00268268 -0.167437 -1.77587 -0.00875625 4646.78 0.00034743 1 -0.0574321 -0.251638 0.05 11075.3
0 57 2 phononL 0.00225893 -1.41214 -0.712429 0.0397037 3945.68 0.00104229 1 -0.0469284 -0.156422 0.05 9492.99
0 57 7 phononTS 0.000378522 -0.0469284 -0.156422 0.049998 9492.99 0.00034743 1 -0.0581368 -0.185728 0.05 9555.9
0 65 5 phononTS 0.000977593 -0.355625 -2.55495 -0.0240707 784.845 0.00034743 1 0.0754798 -0.131219 0.05 33263.3
0 82 3 phononTS 0.00164515 0.0894597 -3.29943 -0.0379995 7022.84 0.00069486 1 -0.0771195 -0.269556 0.05 43189
0 106 2 phononTF 0.000796613 -2.2719 -2.42713 -0.029827 7886.16 0.00034743 1 -0.0561843 -0.141268 0.05 32129.2
0 120 1 phononTF 0.004 -0.75 -2.25 0 0 0.00034743 1 0.0227917 -0.211233 0.05 3750.53
0 123 3 phononTS 0.00219488 -0.32188 -2.21901 0.0419208 6019.93 0.00034743 1 -0.0243568 -0.218596 0.05 10953.5
0 123 5 phononTF 0.00121569 -0.0243568 -0.218596 0.049999 10953.5 0.00034743 1 0.0925184 -0.205565 0.05 46233.1
0 164 3 phononTS 0.00186459 -0.797047 -1.30901 0.0112921 15883 0.00034743 1 -0.0879792 -0.21951 0.05 18436.3
0 169 4 phononTS 0.000930299 1.30519 -1.35433 -0.0384232 4441.71 0.00034743 1 -0.0857146 -0.166627 0.05 10777.2
0 174 3 phononTS 0.0022663 -0.727347 -1.92757 -0.0141269 508.828 0.00034743 1 -0.0591325 -0.157603 0.05 8646.23
0 174 5 phononTF 0.00162136 -0.0591325 -0.157603 0.049999 8646.23 0.00034743 1 0.0306014 -0.290909 0.05 8833
0 174 12 phononTS 0.000402234 0.0306014 -0.290909 0.049999 8833 0.00034743 1 0.103829 -0.225075 0.05 8996.54
0 184 4 phononTS 0.00166482 2.7596 -0.527983 0.000109666 27773.9 0.00069486 1 0.0476273 -0.167297 0.05 98210.1
0 186 3 phononTF 0.0025186 -0.747301 -2.23973 0.0108908 2.83497 0.00069486 1 0.0384689 -0.141759 0.05 3770.73
0 186 5 phononL 0.000789462 0.0384689 -0.141759 0.049998 3770.73 0.00034743 1 0.0225908 -0.245096 0.05 8720.86
0 198 1 phononTF 0.004 -0.75 -2.25 0 0 0.00034743 1 -0.0805616 -0.145698 0.05 3956.79
0 198 2 phononTF 0.00278196 -0.0805616 -0.145698 0.049999 3956.79 0.00034743 1 -0.100764 -0.146904 0.05 4042.95
0 199 2 phononTS 0.002539 -0.789589 -2.09399 0.0137513 235.834 0.00034743 1 0.0531987 -0.267786 0.05 16808.4
0 199 6 phononTS 0.00120144 0.0531987 -0.267786 0.049999 16808.4 0.00034743 1 0.0100683 -0.208312 0.05 16876.3
0 245 3 phononTS 0.00176662 -0.7547 -2.01025 0.0160718 289.122 0.00069486 1 0.105262 -0.145008 0.05 20149.3
0 272 3 phononTS 0.00181043 0.049554 -1.8067 0.0219078 4582.67 0.00069486 1 0.117047 -0.215949 0.05 5046.67
0 299 5 phononTF 0.00185511 2.81398 -2.771 0.0323337 12972.8 0.00034743 1 -0.0721887 -0.172948 0.05 66985.1
0 301 2 phononTS 0.00207679 -0.855751 -2.2652 -0.0394655 1359.56 0.00034743 1 0.101317 -0.219917 0.05 6275.77
0 301 4 phononTF 0.00127199 0.101317 -0.219917 0.049999 6275.77 0.00034743 1 0.0458015 -0.191463 0.05 6920.17
0 312 3 phononTS 0.00222311 -0.00458243 -2.22459 0.00369196 1332.32 0.00034743 1 -0.0827551 -0.13489 0.05 5706.3
0 314 1 phononTS 0.004 -0.75 -2.25 0 0 0.00069486 1 0.0260774 -0.140755 0.05 10490.8
0 330 3 phononTF 0.002658 1.60124 -0.902316 -0.0246925 4342.52 0.00034743 1 -0.0367545 -0.214818 0.05 12555.6
0 330 6 phononTS 0.00037929 -0.0367545 -0.214818 0.049999 12555.6 0.00034743 1 -0.0446765 -0.190619 0.05 12672.3
0 335 3 phononTS 0.00197182 -0.714665 -1.07586 -0.000112179 6060.62 0.00034743 1 -0.0437047 -0.225425 0.05 105655
0 351 3 phononTS 0.00132245 -2.33305 -2.56727 -0.0422331 4163.43 0.00034743 1 -0.0383675 -0.0974148 0.05 9805.44
0 353 1 phononTS 0.004 -0.75 -2.25 0 0 0.00104229 1 0.0196616 -0.18521 0.05 16532.2
0 353 7 phononTF 0.000978955 0.0196616 -0.18521 0.049999 16532.2 0.00034743 1 -0.0713501 -0.228555 0.05 16677.2
0 357 1 phononL 0.004 -0.75 -2.25 0 0 0.00034743 1 -0.0746163 -0.192937 0.05 4631.55
0 364 3 phononL 0.00217104 -0.67785 -1.89084 -0.0346853 459.387 0.00034743 1 0.0588331 -0.163134 0.05 19078
0 364 4 phononTS 0.00149111 0.0588331 -0.163134 0.049999 19078 0.00034743 1 0.083304 -0.184967 0.05 19140.9
0 391 2 phononTS 0.00265445 0.237328 -2.85485 0.0129047 1427.24 0.00104229 1 0.11121 -0.214298 0.05 30871.1
0 404 3 phononTS 0.00258355 -0.734275 -2.38963 0.0219753 237.46 0.00034743 1 0.103081 -0.191246 0.05 14217.6
0 404 4 phononTS 0.000843496 0.103081 -0.191246 0.049999 14217.6 0.00034743 1 0.0385956 -0.282785 0.05 59992.9
0 420 5 phononTS 0.00125072 0.462308 0.466611 0.0248076 29289.6 0.00069486 1 0.0667664 -0.27354 0.05 33872
0 422 3 phononTS 0.00131829 -0.6092 -1.95323 0.0157563 1887.31 0.00069486 1 -0.0845041 -0.142325 0.05 7896.31
0 445 1 phononTF 0.004 -0.75 -2.25 0 0 0.00034743 1 0.0543077 -0.101346 0.05 6678.4
0 445 5 phononTF 0.000732229 0.0543077 -0.101346 0.049999 6678.4 0.00034743 1 -0.0557298 -0.12902 0.05 6822.54
0 449 3 phononTF 0.00273496 1.02189 -2.63745 0.00688043 7218.26 0.00069486 1 0.0342778 -0.210273 0.05 11673.5
0 449 4 phononTS 0.00134608 0.0342778 -0.210273 0.049999 11673.5 0.00069486 1 -0.0886972 -0.253875 0.05 11757.7
0 451 4 phononTS 0.000783518 1.16147 -4.92553 -0.0100049 49421.9 0.00069486 1 -0.0577887 -0.202714 0.05 161500
0 480 4 phononTS 0.00135842 -1.52079 -2.726 0.0365277 13105.3 0.00034743 1 0.0413278 -0.299435 0.05 48979.4
0 521 2 phononTF 0.00225913 0.18231 -2.84421 0.0194507 1989.98 0.00104229 1 0.0503371 -0.162556 0.05 5699.82
0 521 12 phononTS 0.000352933 0.0503371 -0.162556 0.049999 5699.82 0.00034743 1 0.0613982 -0.117686 0.05 29805.6
0 535 4 phononTS 0.00145796 -2.46135 -0.736814 -0.0386508 10502.6 0.00069486 1 -0.101633 -0.229302 0.05 39949.1
0 536 5 phononTF 0.00193903 2.74641 -0.145396 -0.0211617 9487.8 0.00034743 1 0.0418726 -0.264322 0.05 18920.2
0 549 1 phononTS 0.004 -0.75 -2.25 0 0 0.00069486 1 -0.0748587 -0.175939 0.05 6208.58
0 550 2 phononL 0.00177527 -0.237039 -2.47345 0.047583 1458.89 0.00034743 1 -0.0777908 -0.250069 0.05 33611.2
0 563 3 phononL 0.0021701 0.297708 -0.457158 0.0105062 4261.46 0.00034743 1 0.0649976 -0.215036 0.05 5058.28
0 567 2 phononTS 0.002083 0.0893128 -3.59196 0.00184502 6966.95 0.00104229 1 -0.046959 -0.226903 0.05 21869
0 572 3 phononL 0.00232179 -0.701606 -2.34479 -0.0442016 42.6093 0.00034743 1 0.104492 -0.159354 0.05 70071.9
0 572 4 phononL 0.00167887 0.104492 -0.159354 0.049999 70071.9 0.00069486 1 0.0642885 -0.180394 0.05 75541.8
0 604 5 phononL 0.000606775 -2.51651 0.0780478 0.049999 8550.43 0.00034743 1 0.0412862 -0.291116 0.05 96070.8
0 636 4 phononTS 0.0014054 -0.47276 -2.59815 -0.0487949 5838.09 0.00034743 1 -0.0661411 -0.189626 0.05 8686.61
0 636 2 phononTF 0.00167905 -0.944254 -3.38482 0.0180303 1607.11 0.00034743 1 0.0712307 -0.224483 0.05 8305.13
0 640 3 phononTS 0.00193385 -0.513526 -2.52909 0.0184322 1239.66 0.00104229 1 0.0472886 -0.200693 0.05 32781.5
0 670 3 phononTS 0.00133124 -0.212421 -1.9305 -0.00242535 5342.33 0.00034743 1 0.0237359 -0.15593 0.05 6182.79
0 673 2 phononL 0.00223503 -1.55104 -2.56847 0.045429 4965.14 0.00104229 1 0.053815 -0.259035 0.05 44104.3
0 707 2 phononTS 0.00199081 -0.61389 -2.60516 0.0485917 1064.4 0.00034743 1 -0.0961527 -0.189591 0.05 6859.01
0 707 4 phononTS 0.000463678 -0.0961527 -0.189591 0.049999 6859.01 0.00034743 1 -0.100966 -0.193963 0.05 6917.62
0 714 3 phononTF 0.00209804 -0.598651 -0.625741 -9.70209e-05 12557.1 0.00069486 1 0.0505389 -0.273865 0.05 23081.7
0 722 1 phononTF 0.004 -0.75 -2.25 0 0 0.00034743 1 -0.0293477 -0.254897 0.05 5612.97
0 723 3 phononTS 0.00298095 -0.993721 -0.908279 0.0282046 5472.18 0.00034743 1 0.0401836 -0.276149 0.05 7753.38
0 724 1 phononL 0.004 -0.75 -2.25 0 0 0.00034743 1 -0.0300856 -0.297896 0.05 3805.74
0 724 4 phononTS 0.00132321 -0.0300856 -0.297896 0.049999 3805.74 0.00069486 1 -0.0881968 -0.268761 0.05 3993.81
0 724 15 phononTF 0.00047072 -0.0881968 -0.268761 0.049999 3993.81 0.00034743 1 -0.0579059 -0.257666 0.05 5019.52
0 742 5 phononTF 0.00142787 -4.31221 2.89259 0.00534948 38014.8 0.00069486 1 -0.0316026 -0.158522 0.05 49091.4
0 746 3 phononTF 0.00200379 -0.718939 -2.27038 0.0297989 8.7275 0.00034743 1 -0.0469177 -0.0998483 0.05 2271.87
0 757 3 phononTS 0.00177443 -1.61606 -3.88158 0.0394009 17814.8 0.00034743 1 0.0464485 -0.272495 0.05 43146.6
0 819 3 phononL 0.00184122 -1.00107 -1.87669 -0.0248441 1452.97 0.00034743 1 -0.109859 -0.241382 0.05 8780.83
0 824 1 phononTS 0.004 -0.75 -2.25 0 0 0.00104229 1 -0.0845206 -0.2554 0.05 4049.78
0 826 3 phononTS 0.00226377 -0.603566 -1.17229 -0.0329351 11410.2 0.00034743 1 0.0300269 -0.104364 0.05 12888.3
0 842 3 phononTS 0.00278639 -0.494224 -1.01995 0.0286792 5390.6 0.00069486 1 -0.0721121 -0.124752 0.05 6162.41
0 886 2 phononTS 0.00192596 -0.728492 -2.19996 -0.0373837 12.2979 0.00034743 1 -0.0562285 -0.102891 0.05 10886.4
0 893 3 phononTF 0.00192961 -1.02314 -0.492097 0.0331048 8680.46 0.00069486 1 0.0920782 -0.13 0.05 48655.3
0 931 4 phononTS 0.00132263 -1.25973 -2.67694 -0.0188617 1362.32 0.00069486 1 0.114214 -0.235422 0.05 66835.9
0 942 2 phononTF 0.00125497 -0.641237 -2.84419 0.0215927 15175.6 0.00069486 1 0.0558257 -0.247776 0.05 46024.7
0 950 4 phononL 0.000890432 -1.48404 1.75927 0.0161063 7956.98 0.00034743 1 -0.0888277 -0.136838 0.05 53453.1
0 953 5 phononTS 0.0012464 4.05873 -4.6796 0.0382748 8553.24 0.00034743 1 0.0333209 -0.109189 0.05 52385.9
0 962 4 phononTS 0.00161179 -1.39838 -2.12914 -0.0184405 3648.4 0.00034743 1 -0.0330088 -0.158656 0.05 17870.4
0 987 3 phononTS 0.00246995 -0.785522 -2.22586 -0.0162609 8.57135 0.00069486 1 0.0319063 -0.246682 0.05 2796.7
0 1025 4 phononTS 0.00133865 0.618278 -4.55613 -0.00765908 21609.7 0.00034743 1 -0.0339342 -0.14999 0.05 71007.8
0 1026 5 phononL 0.00113019 0.919512 1.2738 0.0223563 18638.4 0.00069486 1 -0.0451892 -0.161127 0.05 194716
0 1038 2 phononL 0.000973623 -0.86654 -2.15531 0.0124645 36.257 0.00034743 1 0.0691915 -0.195933 0.05 173634
0 1059 2 phononL 0.00158473 -0.265845 -0.699876 0.0233129 5677.43 0.00034743 1 -0.066503 -0.147305 0.05 27116
0 1089 2 phononTS 0.00200414 -0.63844 -2.66142 -0.0262715 10936.6 0.00104229 1 -0.0464057 -0.129291 0.05 13194.9
0 1089 7 phononTS 0.000405799 -0.0464057 -0.129291 0.049998 13194.9 0.00034743 1 0.0639641 -0.173409 0.05 13280.2
0 1100 3 phononTS 0.00172828 -0.747661 -2.64355 -0.0022245 223.792 0.00069486 1 -0.0248941 -0.176545 0.05 26413.5
0 1100 4 phononTS 0.000364639 -0.0248941 -0.176545 0.049999 26413.5 0.00034743 1 0.0678895 -0.228769 0.05 26566.3
0 1116 3 phononTF 0.00229359 -0.648509 -2.06308 -0.0341468 712.975 0.00104229 1 0.0664465 -0.151982 0.05 10788.1
0 1134 3 phononTF 0.00204434 -0.228337 -1.46682 -0.0277396 5197.05 0.00034743 1 -0.105977 -0.240809 0.05 12737.4
0 1134 5 phononTF 0.000791871 -0.105977 -0.240809 0.049999 12737.4 0.00034743 1 -0.0146048 -0.23253 0.05 12827.9
0 1150 3 phononTF 0.00261681 0.209771 -2.04604 -0.00715059 2681.35 0.00034743 1 0.0517953 -0.264188 0.05 5208.84
0 1173 3 phononTF 0.00132039 -0.174197 -1.6368 0.0172178 2735.42 0.00034743 1 -0.0918285 -0.187484 0.05 5591.12
0 1187 4 phononL 0.00134395 2.99195 0.435803 -0.0365157 62892.5 0.00069486 1 -0.0295446 -0.271297 0.05 89567.8
0 1194 2 phononTS 0.00203137 -1.93531 -1.7078 -0.0352717 10917.2 0.00104229 1 -0.0280005 -0.267962 0.05 18923.1
0 1209 3 phononTS 0.00218425 -1.44346 -1.73603 0.0342104 1450.34 0.00034743 1 0.0684341 -0.286294 0.05 22140.7
0 1211 5 phononL 0.00177638 1.31444 -2.86448 0.0196692 16230.5 0.00034743 1 0.0791894 -0.213908 0.05 22355.4
0 1215 5 phononL 0.00211369 -3.35068 -4.62713 -0.00478895 14093.2 0.00034743 1 0.0221839 -0.246131 0.05 90149.7
0 1226 3 phononTF 0.0029519 0.0381507 -2.10501 0.0387382 3276.04 0.00069486 1 -0.016362 -0.219234 0.05 9081.08
0 1226 4 phononTS 0.000351865 -0.016362 -0.219234 0.049999 9081.08 0.00034743 1 0.0858975 -0.131221 0.05 18073.2
0 1228 2 phononTS 0.0020124 1.32774 -2.13529 -0.0462582 14752.8 0.00034743 1 0.0155476 -0.163492 0.05 35651.6
0 1230 2 phononTS 0.00179677 -2.2789 -1.7883 0.0451289 22631.3 0.00034743 1 -0.11196 -0.175449 0.05 46235.2
0 1230 6 phononTS 0.000906765 -0.11196 -0.175449 0.049998 46235.2 0.00034743 1 -0.0419809 -0.265237 0.05 46317.6
0 1250 6 phononTS 0.00095949 -4.73219 -1.17176 -0.037313 52776 0.00034743 1 0.078754 -0.208682 0.05 88919.2
0 1279 1 phononTF 0.004 -0.75 -2.25 0 0 0.00069486 1 -0.0731496 -0.227978 0.05 5355.37
0 1327 5 phononL 0.00127152 -0.0329209 -2.67431 -0.0431656 648.568 0.00034743 1 0.033494 -0.0943741 0.05 52209
0 1329 3 phononTF 0.0024454 -0.721872 -1.66325 -0.0143579 1620.32 0.00104229 1 -0.0299153 -0.242391 0.05 8003.01
0 1329 8 phononTF 0.000347988 -0.0299153 -0.242391 0.049999 8003.01 0.00034743 1 -0.0574401 -0.252136 0.05 8123.57
0 1330 2 phononTS 0.00221347 0.421534 -0.519738 -0.0275725 18222.2 0.00034743 1 0.0261967 -0.264336 0.05 24056.5
0 1330 5 phononL 0.000712853 0.0261967 -0.264336 0.049998 24056.5 0.00034743 1 0.0472099 -0.273481 0.05 24158.9
0 1330 4 phononTS 0.0010395 0.0261967 -0.264336 0.049998 24056.5 0.00034743 1 0.0422686 -0.249698 0.05 24112.2
0 1330 19 phononL 0.000654367 0.0422686 -0.249698 0.049998 24112.2 0.00034743 1 0.0455695 -0.280449 0.05 24160.7
0 1341 3 phononTS 0.00187138 -1.10959 -1.29627 -0.0431332 4662.7 0.00069486 1 0.10018 -0.162222 0.05 71711.4
0 1341 8 phononTS 0.000353093 0.10018 -0.162222 0.049999 71711.4 0.00034743 1 0.0880961 -0.149971 0.05 71767.8
0 1350 2 phononTS 0.00215372 -1.69419 -2.80746 -0.028345 3378.04 0.00034743 1 -0.0782357 -0.11862 0.05 5074.6
0 1373 3 phononL 0.00214732 1.57089 -2.18104 -0.0108519 5728.01 0.00034743 1 -0.0521509 -0.233658 0.05 21215.2
0 1373 4 phononTF 0.00149884 -0.0521509 -0.233658 0.049999 21215.2 0.00069486 1 0.0404835 -0.231453 0.05 21290.6
0 1373 11 phononTS 0.000404375 0.0404835 -0.231453 0.049999 21290.6 0.00034743 1 0.114128 -0.214153 0.05 21363.6
0 1395 3 phononTF 0.00232924 -1.38173 -2.08385 0.046689 2387.16 0.00034743 1 0.106816 -0.220503 0.05 4141.84
0 1444 2 phononTS 0.00254892 -0.480193 -1.08632 -0.0327561 9632.4 0.00034743 1 -0.0351363 -0.164884 0.05 13320.6
0 1444 8 phononTS 0.000418168 -0.0351363 -0.164884 0.049999 13320.6 0.00034743 1 -0.0715241 -0.178923 0.05 43013.8
0 1459 2 phononL 0.00217562 -1.52439 -3.50315 0.047122 8466.86 0.00104229 1 -0.0351038 -0.292159 0.05 23969.1
0 1470 2 phononTF 0.00239565 -1.59611 -2.07448 0.0104174 6683.07 0.00034743 1 -0.0220201 -0.262762 0.05 48132
0 1542 2 phononTS 0.00252929 -1.19234 -2.25376 0.0365844 4057.11 0.00138972 1 0.0462262 -0.184585 0.05 42853.6
0 1543 2 phononL 0.000742781 -2.02138 0.102219 0.049999 14031.4 0.00034743 1 -0.0943829 -0.137735 0.05 43590.2
0 1553 2 phononTF 0.00255303 -0.613171 -1.80998 0.0268087 10517.8 0.00034743 1 0.0742593 -0.130232 0.05 31390.6
0 1560 5 phononTF 0.00157184 0.411649 -2.73612 0.0371434 11733.1 0.00034743 1 -0.0552621 -0.224767 0.05 13705.6
0 1595 3 phononTF 0.00136876 -1.66352 -3.8414 0.0416124 4820.53 0.00034743 1 0.105009 -0.190391 0.05 24822.9
0 1595 5 phononTS 0.000537684 0.105009 -0.190391 0.049999 24822.9 0.00034743 1 0.105278 -0.214143 0.05 27399.6
0 1611 2 phononL 0.000761131 -0.22969 -1.81229 -0.0251177 2520.15 0.00034743 1 0.026453 -0.108287 0.05 34509.3
0 1632 4 phononTS 0.000782213 4.36215 -0.213184 0.00466066 41186.1 0.00034743 1 0.114318 -0.201307 0.05 60157.2
0 1634 2 phononTF 0.00137058 -1.12317 -2.14638 0.0240732 1006.51 0.00034743 1 -0.0774839 -0.125471 0.05 11374.5
0 1636 3 phononTF 0.00182221 0.481463 -2.50484 0.0257567 2600.17 0.00104229 1 0.0734273 -0.163934 0.05 26737
0 1636 9 phononTS 0.000377359 0.0734273 -0.163934 0.049998 26737 0.00034743 1 -0.0657399 -0.15457 0.05 27234
0 1644 5 phononTS 0.00172479 -0.528822 0.267845 -0.00160024 34423.8 0.00104229 1 -0.0444052 -0.196766 0.05 62367.4
0 1651 2 phononTF 0.0022387 -1.39276 -2.02394 -0.017962 5448.08 0.00034743 1 -0.0434446 -0.219625 0.05 12662.4
0 1651 5 phononTS 0.000471285 -0.0434446 -0.219625 0.049999 12662.4 0.00034743 1 -0.0227789 -0.197861 0.05 12822.7
0 1653 2 phononTF 0.00251934 -0.738587 -0.899706 0.0388752 3757.81 0.00104229 1 0.0522453 -0.212902 0.05 10374.2
0 1653 10 phononTF 0.000371117 0.0522453 -0.212902 0.049999 10374.2 0.00034743 1 0.0774044 -0.186058 0.05 10441.9
0 1691 2 phononTS 0.00154344 -1.57207 -2.98477 0.035286 4043.21 0.00034743 1 -0.0708751 -0.224401 0.05 8322.71
0 1705 3 phononTF 0.00227098 -0.711355 -2.49174 0.00932848 574.483 0.00138972 1 -0.0657652 -0.268136 0.05 2891.63
0 1707 3 phononL 0.00197077 -2.55494 -2.85893 0.0118764 2438.78 0.00034743 1 0.0333931 -0.214422 0.05 36067.8
0 1708 2 phononTF 0.00103204 0.384175 -1.41262 0.00303126 6916.44 0.00034743 1 0.0572725 -0.129484 0.05 13216.9
0 1710 3 phononTS 0.00234099 -0.660132 -1.6359 0.0453089 2552.33 0.00034743 1 -0.0246774 -0.276188 0.05 82879.3
0 1735 3 phononL 0.00152633 -0.847018 -2.26567 0.00262703 1826.74 0.00034743 1 -0.0492872 -0.131166 0.05 99542.6
0 1735 4 phononTF 0.000596063 -0.0492872 -0.131166 0.049999 99542.6 0.00034743 1 -0.0467404 -0.23555 0.05 99606.2
0 1756 2 phononTF 0.00171508 0.116684 -2.19204 -0.0397009 3084.3 0.00034743 1 -0.0345881 -0.0931949 0.05 5152.47
0 1756 4 phononTS 0.000670481 -0.0345881 -0.0931949 0.049999 5152.47 0.00034743 1 0.0796667 -0.131838 0.05 5234.85
0 1761 2 phononTF 0.00260182 0.250317 -2.3194 -0.0476902 5821.15 0.00034743 1 0.0912838 -0.128262 0.05 10166.9
0 1780 2 phononL 0.0021132 1.32862 -1.44608 -0.0450858 12626.4 0.00034743 1 -0.0632906 -0.140062 0.05 14755.2
0 1780 5 phononL 0.000623988 -0.0632906 -0.140062 0.049999 14755.2 0.00034743 1 -0.0838246 -0.195113 0.05 15569.2
0 1780 4 phononTF 0.000658817 -0.0632906 -0.140062 0.049999 14755.2 0.00034743 1 0.0759705 -0.130797 0.05 15016.5
0 1804 2 phononTF 0.00174708 -0.690284 -3.07753 -0.0294264 2084.48 0.00069486 1 -0.0332782 -0.262605 0.05 23810.4
0 1826 3 phononTS 0.00287601 -2.24704 -0.699695 0.0143324 7422.27 0.00069486 1 0.0419506 -0.111615 0.05 13954.8
0 1853 3 phononTS 0.00181478 0.769129 -1.89995 0.0473314 3192.74 0.00034743 1 -0.0260021 -0.244747 0.05 15753.1
0 1857 5 phononTS 0.00115589 -1.56103 -1.97736 -0.015766 10410.9 0.00034743 1 0.0687768 -0.174947 0.05 14609.3
0 1863 3 phononTF 0.00183982 -0.391892 -2.44907 -0.0177529 1057.62 0.00034743 1 -0.0355967 -0.137052 0.05 3754.49
0 1882 3 phononTS 0.00209652 -0.490583 -0.14991 -0.0209742 7317.34 0.00034743 1 -0.0161857 -0.182185 0.05 7463.1
0 1891 2 phononTF 0.00252906 -0.232721 -1.9906 0.0449903 4058.28 0.00069486 1 -0.0743161 -0.147217 0.05 45192.5
0 1891 4 phononTS 0.000566492 -0.0743161 -0.147217 0.049999 45192.5 0.00034743 1 -0.0663935 -0.158289 0.05 45252.2
0 1892 2 phononTF 0.00225455 -2.81556 -1.25076 0.0122435 5617.22 0.00034743 1 -0.103287 -0.164145 0.05 12773.9
0 1900 3 phononTF 0.00244993 -2.63285 -4.62632 0.0316118 15121.2 0.00104229 1 0.0680879 -0.233001 0.05 60537.5
0 1913 5 phononTS 0.00138579 3.01469 3.54138 0.0152169 20413 0.00034743 1 0.1119 -0.2375 0.05 31312.5
0 1915 3 phononTS 0.00102281 -0.396634 -2.33702 -0.00963307 1377.43 0.00034743 1 0.0801535 -0.124747 0.05 3298.92
0 1936 3 phononTS 0.00176344 -0.125336 -1.78411 0.0261082 852.022 0.00034743 1 0.0580185 -0.207405 0.05 3554.29
0 1945 3 phononTS 0.00256096 -1.10812 -2.48768 0.0371517 1327.82 0.00034743 1 -0.110437 -0.184857 0.05 11845.4
0 1945 5 phononTS 0.000995099 -0.110437 -0.184857 0.049999 11845.4 0.00034743 1 -0.0498263 -0.118973 0.05 12071
0 1945 4 phononTS 0.00102837 -0.110437 -0.184857 0.049999 11845.4 0.00034743 1 -0.0680753 -0.201523 0.05 11909.7
0 1975 3 phononTS 0.00270722 -0.726146 -2.22362 0.0138529 7.03354 0.00034743 1 -0.0582782 -0.181816 0.05 14738.4
0 1975 6 phononTS 0.00164728 -0.0582782 -0.181816 0.049999 14738.4 0.00069486 1 -0.0642224 -0.113347 0.05 14811.7
0 1977 2 phononTF 0.00254385 -0.286036 -3.01729 -0.0339037 4151.52 0.00034743 1 0.0364443 -0.295066 0.05 75202.8
0 1979 2 phononTS 0.00146837 -2.12262 -2.26509 0.024864 15198.8 0.00034743 1 -0.0545539 -0.212839 0.05 40984.2
0 1979 6 phononTF 0.000757428 -0.0545539 -0.212839 0.049999 40984.2 0.00034743 1 -0.0912803 -0.171761 0.05 41044.8
0 1989 2 phononTF 0.00229793 0.955404 -1.7754 -0.0216132 13994.4 0.00034743 1 -0.0385258 -0.103453 0.05 39588.5
0 1989 7 phononTF 0.00191059 -0.0385258 -0.103453 0.049999 39588.5 0.00104229 1 -0.0410222 -0.126415 0.05 39658
0 2004 3 phononTF 0.00228649 -0.856196 -1.27202 0.0345619 6750.03 0.00104229 1 0.095324 -0.141983 0.05 40696.9
0 2007 2 phononTF 0.00253003 -1.06342 -2.23063 -0.000625989 3505.58 0.00138972 1 0.0342998 -0.14194 0.05 5677.27
0 2015 2 phononTS 0.00139325 -1.30652 -2.29809 0.0460459 725.867 0.00034743 1 -0.0478044 -0.2722 0.05 17750
0 2020 4 phononTS 0.000607344 -0.594111 -2.3596 -0.0393587 5087.79 0.00034743 1 -0.0991103 -0.245442 0.05 7463.36
0 2023 2 phononTS 0.00171501 0.0541221 -1.21575 0.0313217 2222.17 0.00034743 1 0.0604975 -0.130258 0.05 27383.3
0 2072 2 phononTS 0.00213391 -3.16878 -1.98508 -0.0166969 6810.23 0.00034743 1 -0.0433409 -0.18821 0.05 23449.1
0 2072 4 phononTS 0.00149143 -0.0433409 -0.18821 0.049999 23449.1 0.00034743 1 -0.0467993 -0.21514 0.05 23524.6
0 2079 2 phononTF 0.00266225 -1.03406 -1.86302 0.00813187 1189.57 0.00069486 1 -0.038021 -0.285412 0.05 14615.8
0 2090 2 phononL 0.00119063 0.118109 -1.54188 0.0432999 3108.56 0.00034743 1 0.0748497 -0.263405 0.05 49287.8
0 2126 3 phononTF 0.00257176 -0.623534 -2.29272 -0.0217953 651.179 0.00034743 1 -0.114067 -0.205631 0.05 4871.68
0 2137 2 phononTF 0.00255929 0.583656 -1.18859 -0.0473246 3894.96 0.00034743 1 0.0584583 -0.275585 0.05 18768.8
0 2147 4 phononTF 0.00065852 -1.07631 0.0585285 0.049999 3904.22 0.00034743 1 -0.0650151 -0.110127 0.05 12544.6
0 2156 3 phononTF 0.00197277 0.404567 -2.12172 -0.0220988 2228.83 0.00034743 1 0.056457 -0.247436 0.05 25653.5
0 2167 3 phononL 0.00290987 -0.410748 -2.18362 0.0321742 1483.54 0.00034743 1 0.0709128 -0.115087 0.05 20070.6
0 2170 3 phononTF 0.00198331 -0.956032 -0.43121 0.0203701 4499.25 0.00069486 1 -0.0164514 -0.212622 0.05 8389.73
0 2195 3 phononTF 0.00210346 -0.446585 -0.226804 -0.0326452 6527.12 0.00034743 1 0.0627654 -0.250232 0.05 6723.29
0 2198 2 phononTS 0.00146792 -1.0815 -2.41931 0.0259166 4108.22 0.00034743 1 0.0331727 -0.209718 0.05 81565.9
0 2203 3 phononTS 0.00248158 -0.907287 -2.09767 0.0140661 2512.98 0.00034743 1 0.0916689 -0.164391 0.05 12715.1
0 2203 4 phononTS 0.000664737 0.0916689 -0.164391 0.049999 12715.1 0.00034743 1 0.0101663 -0.200158 0.05 32975.6
0 2235 2 phononTF 0.00205274 -0.545834 -2.39302 0.0361789 617.82 0.00034743 1 -0.0274346 -0.274068 0.05 21521.1
0 2244 2 phononL 0.00110355 -1.24668 -2.42576 -0.0346237 1834.38 0.00034743 1 0.0818098 -0.15155 0.05 89635.3
0 2248 2 phononTS 0.00294985 -0.269119 -1.81649 0.0384452 4409.27 0.00069486 1 0.0907614 -0.193416 0.05 24421.7
0 2248 4 phononTS 0.0012798 0.0907614 -0.193416 0.049998 24421.7 0.00034743 1 0.0841156 -0.243925 0.05 24495.8
0 2268 4 phononTS 0.000898111 -2.32601 -1.14053 0.0167944 31301.2 0.00034743 1 0.0237358 -0.181515 0.05 83211.3
0 2277 3 phononTS 0.00241298 -1.8069 -1.65142 0.0383443 20640.7 0.00069486 1 0.0629074 -0.160043 0.05 25055.5
0 2277 2 phononTS 0.00158702 -1.8069 -1.65142 0.0383443 20640.7 0.00034743 1 -0.0274895 -0.26532 0.05 42854.1
0 2304 2 phononTF 0.00157893 -0.579638 -3.14756 0.00257992 3580.7 0.00034743 1 0.028748 -0.279753 0.05 25318.2
0 2323 2 phononTS 0.00184376 -0.740374 -2.22659 -0.0263785 6.79007 0.00069486 1 0.0639412 -0.144579 0.05 8637.26
0 2339 3 phononTS 0.00133949 0.394469 -4.44412 0.0219669 4348.56 0.00034743 1 -0.0861058 -0.258894 0.05 20595.6
0 2339 4 phononTF 0.000953206 -0.0861058 -0.258894 0.049998 20595.6 0.00034743 1 0.020835 -0.26403 0.05 20726.6
0 2339 9 phononTS 0.000370551 0.020835 -0.26403 0.049998 20726.6 0.00034743 1 0.0653777 -0.25156 0.05 20791.8
0 2345 3 phononTF 0.00186649 -0.964284 -1.94588 0.0277919 1747.9 0.00034743 1 0.0763244 -0.219722 0.05 4886.55
0 2362 3 phononTS 0.00184042 -0.258153 -1.35776 -0.0437527 2492.48 0.00034743 1 -0.0397866 -0.204973 0.05 2925.61
0 2362 5 phononTS 0.000805685 -0.0397866 -0.204973 0.049998 2925.61 0.00034743 1 0.0756405 -0.185668 0.05 3106.04
0 2391 3 phononTS 0.00229193 -1.13767 -2.77336 -0.00999002 190.584 0.00034743 1 -0.0400386 -0.295458 0.05 4813.27
0 2410 4 phononTS 0.0014622 -0.850618 -3.52803 -0.0298537 14740.6 0.00034743 1 -0.0380109 -0.191287 0.05 113348
0 2410 6 phononTS 0.000712467 -0.0380109 -0.191287 0.049999 113348 0.00034743 1 -0.0945031 -0.223526 0.05 113419
0 2418 2 phononTF 0.00243236 -0.858964 -2.20073 0.0393451 87.6001 0.00034743 1 0.0981003 -0.187703 0.05 2178.7
0 2430 2 phononTF 0.00259422 -0.269576 -2.5979 -0.0174354 602.942 0.00069486 1 0.0483268 -0.11155 0.05 6122.16
0 2430 4 phononTS 0.000986867 0.0483268 -0.11155 0.049999 6122.16 0.00069486 1 -0.0897294 -0.216544 0.05 6553.79
0 2437 2 phononTF 0.00214804 -1.36848 -1.82461 -0.0384141 2725.71 0.00034743 1 -0.0504325 -0.284591 0.05 12641.5
0 2463 1 phononTF 0.004 -0.75 -2.25 0 0 0.00069486 1 -0.0940999 -0.144075 0.05 1837.61
0 2463 3 phononTS 0.00175049 -0.0940999 -0.144075 0.049999 1837.61 0.00104229 1 -0.0650908 -0.150332 0.05 1976.23
0 2523 2 phononTS 0.00146045 -0.727187 -2.53746 0.0425938 92.39 0.00104229 1 0.0743509 -0.182538 0.05 47771
0 2534 3 phononTS 0.00221266 -1.02546 -1.76732 -0.0450241 521.857 0.00034743 1 -0.054471 -0.268464 0.05 6855.52
0 2545 2 phononTF 0.0021815 0.466048 -2.51529 -0.0188376 8697.08 0.00104229 1 0.0375934 -0.297653 0.05 12030.4
0 2562 1 phononL 0.004 -0.75 -2.25 0 0 0.00034743 1 0.0490255 -0.146879 0.05 14035.8
0 2562 6 phononTF 0.000467795 0.0490255 -0.146879 0.049999 14035.8 0.00034743 1 0.0622929 -0.287462 0.05 14119.8
0 2572 2 phononTS 0.00216848 -0.434235 -2.17745 -0.0178164 5850.33 0.00034743 1 -0.0576913 -0.139257 0.05 21616.1
0 2602 3 phononTS 0.00239143 -0.868772 -1.88626 -0.0274488 455.738 0.00034743 1 0.0575471 -0.189888 0.05 2223.45
0 2602 2 phononL 0.00160857 -0.868772 -1.88626 -0.0274488 455.738 0.00069486 1 0.0780208 -0.121423 0.05 5063.24
0 2614 1 phononTF 0.004 -0.75 -2.25 0 0 0.00034743 1 0.0672469 -0.269945 0.05 2902.17
0 2614 3 phononTS 0.0006586 0.0672469 -0.269945 0.049999 2902.17 0.00034743 1 0.0675682 -0.2743 0.05 2958.97
0 2704 4 phononL 0.00207098 1.07617 0.793229 0.00175639 28677.4 0.00034743 1 -0.0718429 -0.150158 0.05 29961
0 2709 3 phononTS 0.00288325 -1.89967 -2.38914 0.0346311 6054.22 0.00104229 1 -0.0887431 -0.173184 0.05 21184.6
0 2709 13 phononTF 0.000496641 -0.0887431 -0.173184 0.049998 21184.6 0.00034743 1 0.0570623 -0.167823 0.05 21669.5
0 2730 2 phononL 0.00181152 -0.812961 -0.902937 0.0358917 1288.48 0.00034743 1 -0.101482 -0.230025 0.05 35568.2
0 2730 4 phononTS 0.00120484 -0.101482 -0.230025 0.049999 35568.2 0.00034743 1 -0.0981958 -0.251521 0.05 60941.9
0 2734 2 phononTS 0.00246167 -1.41919 -2.51961 -0.0154797 4442.42 0.00034743 1 -0.0623926 -0.196946 0.05 24405.1
0 2741 3 phononTS 0.00154455 -0.509988 -2.80374 0.019729 1321.23 0.00034743 1 0.0287964 -0.29016 0.05 15686.6
0 2753 2 phononL 0.000777457 -1.57168 -3.15662 0.0395166 2350.22 0.00034743 1 0.103874 -0.181139 0.05 32991.5
0 2758 4 phononTS 0.00146859 -1.03035 -0.842273 -0.0470598 4440.38 0.00104229 1 0.0921571 -0.236758 0.05 7204.19
0 2793 3 phononTS 0.00221352 1.75327 -0.458168 0.0419895 11993.8 0.00104229 1 -0.10059 -0.182078 0.05 20911
0 2815 3 phononL 0.00222279 -1.71555 -0.362145 -0.0213442 12390.9 0.00069486 1 -0.0794387 -0.280484 0.05 15818.9
0 2829 3 phononTS 0.00109442 -1.11024 -1.87819 0.03644 2935.26 0.00069486 1 -0.0984907 -0.181353 0.05 15871.5
0 2834 2 phononL 0.00108287 -0.718231 -2.27474 0.0351599 9.77909 0.00034743 1 -0.0519971 -0.126062 0.05 5285.78
0 2853 3 phononTS 0.00144305 -0.556941 -1.61257 0.0491748 3062.11 0.00034743 1 -0.0700298 -0.225041 0.05 5414.38
0 2866 5 phononTS 0.0015417 -1.15133 -0.701045 0.0334864 13794 0.00034743 1 -0.0825092 -0.12348 0.05 16212.3
0 2884 2 phononTF 0.00300258 0.451614 -2.42563 0.049218 9720.2 0.00069486 1 0.0357798 -0.250586 0.05 27199.2
0 2884 5 phononTF 0.00140588 0.0357798 -0.250586 0.049999 27199.2 0.00034743 1 0.0456449 -0.153948 0.05 27279.1
0 2888 3 phononTF 0.00193772 -0.745454 -2.29423 -0.0130609 21.4502 0.00034743 1 -0.041401 -0.192681 0.05 41722.6
0 2895 2 phononTS 0.00139424 -0.48665 -2.88295 -0.0318142 9328.03 0.00034743 1 -0.0456661 -0.278053 0.05 11172.3
0 2917 2 phononTS 0.00197979 -1.90485 -1.50055 0.0121613 7204.49 0.00034743 1 0.0733651 -0.183128 0.05 25152.4
0 2931 3 phononTS 0.00238588 -0.972001 -1.72005 0.0490088 1006.88 0.00069486 1 -0.060487 -0.257036 0.05 32359.8
0 2931 10 phononTS 0.00103353 -0.060487 -0.257036 0.049999 32359.8 0.00034743 1 -0.0809227 -0.261554 0.05 32516.8
0 2948 3 phononTS 0.0030671 -0.708631 -0.529454 0.021122 1911.54 0.00069486 1 -0.043041 -0.242399 0.05 4070.82
0 2966 3 phononL 0.00261447 -0.516893 -2.55032 -0.0103295 1873.21 0.00069486 1 0.115619 -0.185638 0.05 9919.27
0 2966 4 phononTS 0.000707385 0.115619 -0.185638 0.049999 9919.27 0.00034743 1 -0.0633579 -0.192726 0.05 23147.1
0 2969 5 phononTS 0.00168246 -0.166203 -4.57708 0.0267898 21962.6 0.00034743 1 0.0617326 -0.120912 0.05 24382.2
0 2981 3 phononTF 0.00255573 -0.531711 -2.21593 -0.0051669 131.957 0.00034743 1 0.0492376 -0.1101 0.05 2081.58
0 3021 3 phononTS 0.00274253 -0.673451 -1.74141 0.0376228 6764.17 0.00104229 1 -0.0998331 -0.253982 0.05 9643.02
0 3024 3 phononTS 0.00203999 -0.963803 -2.68247 -0.0110717 757.099 0.00069486 1 -0.0456043 -0.202027 0.05 11191.7
0 3026 4 phononL 0.00146247 -4.25136 4.89353 -0.0210893 22506.1 0.00034743 1 -0.100604 -0.140786 0.05 50614.7
0 3027 3 phononTS 0.00173545 -0.576887 -1.96154 -0.0208306 3597.22 0.00034743 1 -0.0932983 -0.134906 0.05 83235.2
0 3039 2 phononL 0.00206174 -4.55566 -1.47716 -0.0471054 15468.4 0.00069486 1 0.0663629 -0.158626 0.05 68420.7
0 3051 4 phononTS 0.00141173 0.334638 1.14645 -0.0488021 33722.9 0.00034743 1 0.0939954 -0.144195 0.05 49869
0 3070 3 phononTF 0.00230185 -0.509001 -3.48139 -0.0353014 7117.69 0.00069486 1 0.0297271 -0.229578 0.05 15553.2
0 3081 2 phononTS 0.00158572 -0.805251 -2.13312 -0.012669 59.805 0.00034743 1 0.0983784 -0.214821 0.05 13636
0 3095 2 phononTF 0.00221036 -1.07817 -1.50175 0.0183956 5255.08 0.00069486 1 -0.0464623 -0.121452 0.05 8091.04
0 3110 2 phononTS 0.00156125 -0.921805 -3.48773 0.00436374 4347.42 0.00034743 1 0.0845519 -0.199131 0.05 9575.03
0 3116 3 phononTS 0.00277569 0.730459 -4.05408 -0.0373873 11751.3 0.00104229 1 0.0527721 -0.179866 0.05 26353.4
0 3116 8 phononL 0.000513136 0.0527721 -0.179866 0.049999 26353.4 0.00034743 1 -0.0496823 -0.232825 0.05 26803.8
0 3156 3 phononTS 0.00280996 -1.43316 -2.13096 0.0379192 943.903 0.00069486 1 0.0368524 -0.196019 0.05 9686.49
0 3156 11 phononTF 0.00105861 0.0368524 -0.196019 0.049999 9686.49 0.00069486 1 -0.0392127 -0.109764 0.05 9828.35
0 3172 2 phononL 0.00192055 -1.10712 -1.8063 0.0213086 6142.11 0.00104229 1 -0.0915062 -0.20485 0.05 13674.9
0 3182 3 phononL 0.00225907 -1.60652 -2.31318 0.00577722 4241 0.00069486 1 0.045951 -0.152797 0.05 8830.17
0 3185 3 phononTS 0.00171963 -0.519853 -2.24913 -0.013076 895.187 0.00069486 1 -0.0845828 -0.23671 0.05 23703.3
0 3207 3 phononTF 0.00195949 -1.98449 -2.70057 -0.0430711 1311.52 0.00034743 1 0.0911934 -0.210583 0.05 3938.42
0 3218 3 phononL 0.00153261 -1.14219 -3.33889 0.00423269 4191.05 0.00069486 1 -0.0707542 -0.21593 0.05 30997
0 3240 2 phononL 0.00277343 1.08913 -0.993382 -0.03148 8643.9 0.00069486 1 0.0419007 -0.123363 0.05 35067.9
0 3240 5 phononTF 0.00179593 0.0419007 -0.123363 0.049998 35067.9 0.00034743 1 -0.0245421 -0.140056 0.05 35245.7
0 3271 4 phononTF 0.000630196 2.98906 -0.811481 0.0121933 31595.8 0.00034743 1 0.0526945 -0.176715 0.05 34811.1
0 3292 1 phononTF 0.004 -0.75 -2.25 0 0 0.00069486 1 0.0503051 -0.288922 0.05 5709.81
0 3292 13 phononL 0.000489969 0.0503051 -0.288922 0.049999 5709.81 0.00034743 1 0.0513862 -0.292914 0.05 6671.88
0 3292 6 phononTF 0.000779504 0.0503051 -0.288922 0.049999 5709.81 0.00034743 1 0.0636408 -0.292009 0.05 5777.94
0 3303 6 phononTF 0.000592836 -1.52061 -4.21041 -0.0396003 21715.1 0.00034743 1 0.0633762 -0.235453 0.05 38628.2
0 3313 2 phononTS 0.00205787 0.0425731 -0.1461 0.00681972 9457 0.00069486 1 0.108005 -0.205176 0.05 9523.82
0 3341 3 phononTF 0.00199697 -1.15818 -2.77547 0.0361929 1874.1 0.00034743 1 -0.0830261 -0.26525 0.05 42506.2
0 3381 3 phononTS 0.00125289 -0.82497 -2.29045 -0.0434139 1598.91 0.00034743 1 0.0539087 -0.201898 0.05 8992.09
0 3397 2 phononL 0.00121138 -0.837866 -2.41616 -0.0443139 2014.99 0.00034743 1 -0.100184 -0.256823 0.05 8159.14
0 3397 4 phononL 0.000384718 -0.100184 -0.256823 0.049999 8159.14 0.00034743 1 0.111603 -0.163256 0.05 10385.8
0 3421 2 phononTS 0.00235658 -1.36647 -0.946381 -0.0123036 5766.15 0.00034743 1 0.101842 -0.145746 0.05 7700.92
0 3421 4 phononTS 0.000787748 0.101842 -0.145746 0.049999 7700.92 0.00034743 1 -0.108903 -0.171655 0.05 8051.14
0 3423 5 phononTS 0.00168559 -0.606038 -2.33056 -0.0314656 16072.4 0.00069486 1 0.0316581 -0.241684 0.05 26504.8
0 3435 1 phononTS 0.004 -0.75 -2.25 0 0 0.00069486 1 -0.109776 -0.235635 0.05 15027.3
0 3435 3 phononL 0.000437122 -0.109776 -0.235635 0.049999 15027.3 0.00034743 1 -0.0355275 -0.256111 0.05 15827.7
0 3435 2 phononTS 0.00147608 -0.109776 -0.235635 0.049999 15027.3 0.00069486 1 0.106717 -0.227398 0.05 16810.3
0 3509 1 phononL 0.004 -0.75 -2.25 0 0 0.00069486 1 0.0418352 -0.230145 0.05 3317.24
0 3512 3 phononTF 0.00262081 0.297909 -1.47551 -0.00435353 3894.93 0.00069486 1 -0.036097 -0.271693 0.05 6927.41
0 3518 3 phononTS 0.00232949 0.114813 -2.51567 -0.0463341 8014.73 0.00034743 1 0.0809174 -0.205539 0.05 12941.7
0 3541 3 phononTS 0.00193388 -0.473552 -2.00314 0.000787729 359.242 0.00104229 1 -0.0550772 -0.296841 0.05 58310.5
0 3545 3 phononL 0.00276428 0.826566 -4.81221 -0.0237274 10941 0.00034743 1 0.0533596 -0.100286 0.05 25248.3
0 3545 4 phononTS 0.00131417 0.0533596 -0.100286 0.049999 25248.3 0.00034743 1 0.0558487 -0.135095 0.05 25313.2
0 3547 3 phononTS 0.0021702 -0.119653 -2.28672 -0.0112449 1025.79 0.00104229 1 0.0759496 -0.22705 0.05 6529.85
0 3609 5 phononL 0.00255015 -2.07084 -2.31051 0.0196494 6176.57 0.00104229 1 -0.0691824 -0.175229 0.05 11600.2
0 3609 8 phononTF 0.00061191 -0.0691824 -0.175229 0.049999 11600.2 0.00034743 1 -0.105456 -0.160671 0.05 11728.8
0 3625 2 phononTF 0.00235106 -0.969953 -2.99073 0.0495487 4194.26 0.00104229 1 0.0527526 -0.187456 0.05 6399.94
0 3638 3 phononL 0.00153088 -0.856101 -2.40773 -0.0163146 297.776 0.00034743 1 -0.0204403 -0.171983 0.05 23392.9
0 3643 2 phononTS 0.00171077 -0.805757 -2.02517 0.00511504 121.807 0.00034743 1 0.0596387 -0.2581 0.05 30201.3
0 3676 4 phononTF 0.000740122 -0.434541 -3.15528 -0.0489561 10491.5 0.00034743 1 0.0969432 -0.242982 0.05 17872.7
0 3702 3 phononL 0.0016658 -1.59067 -2.25227 0.0462213 2305.26 0.00034743 1 -0.0327678 -0.306386 0.05 14379.7
0 3726 3 phononTS 0.0020911 0.854892 -0.436651 -0.0444105 11962.9 0.00034743 1 0.053096 -0.27385 0.05 13431.7
0 3726 7 phononL 0.000508669 0.053096 -0.27385 0.049999 13431.7 0.00034743 1 0.0999994 -0.201999 0.05 13768.1
0 3728 5 phononTS 0.00271859 2.43829 -3.62619 0.0332464 57094.8 0.00104229 1 -0.0483732 -0.185249 0.05 99946.8
0 3737 2 phononTF 0.00225433 -1.23776 -0.854102 -0.0491709 4750.57 0.00104229 1 -0.0406908 -0.199407 0.05 49512.2
0 3750 2 phononTF 0.00111105 -0.456629 -2.10713 -0.00402223 411.34 0.00034743 1 -0.104225 -0.218817 0.05 9373.26
0 3750 5 phononTS 0.00044011 -0.104225 -0.218817 0.049999 9373.26 0.00034743 1 -0.0271181 -0.288546 0.05 38430.8
0 3752 5 phononTF 0.00195586 1.16246 0.515343 -0.024065 9760.56 0.00034743 1 -0.0916143 -0.206869 0.05 42873.7
0 3752 6 phononTS 0.00100699 -0.0916143 -0.206869 0.049999 42873.7 0.00034743 1 -0.0773199 -0.221129 0.05 42931.8
0 3775 4 phononTS 0.000917608 0.432682 -2.74286 -0.0495674 25316.7 0.00034743 1 -0.0637433 -0.1821 0.05 39227.2
0 3777 4 phononTS 0.00109381 1.76675 -3.57934 -0.0239216 8940.18 0.00034743 1 0.10331 -0.169386 0.05 47085
0 3800 2 phononL 0.00173703 -1.03217 -4.99095 -0.0477433 5345.28 0.00034743 1 -0.021839 -0.263217 0.05 19716.3
0 3800 6 phononTS 0.000756965 -0.021839 -0.263217 0.049998 19716.3 0.00034743 1 -0.0229796 -0.2502 0.05 19776
0 3804 2 phononTS 0.00222733 -1.17576 -2.70193 -0.0294572 1681.46 0.00069486 1 -0.0409623 -0.195527 0.05 65400.8
0 3804 12 phononTS 0.000417383 -0.0409623 -0.195527 0.049999 65400.8 0.00034743 1 0.07585 -0.148452 0.05 65489
0 3817 2 phononTS 0.00238274 -2.46058 -1.20204 0.0200079 6325.59 0.00034743 1 -0.0954924 -0.248665 0.05 39113.5
0 3851 2 phononTS 0.00183466 -0.860877 -2.17112 0.0278395 13957.2 0.00069486 1 -0.0370136 -0.223611 0.05 44903.3
0 3892 3 phononTS 0.00123153 -0.0671344 -2.422 0.0352463 482.007 0.00034743 1 0.0363187 -0.213481 0.05 42465.9
0 3920 2 phononTF 0.0020612 -0.754263 -2.17002 0.024709 438.21 0.00034743 1 -0.0562884 -0.237412 0.05 29407
0 3920 5 phononTS 0.000669716 -0.0562884 -0.237412 0.049999 29407 0.00034743 1 -0.0854605 -0.239807 0.05 29466.8
0 3934 2 phononL 0.0021946 -1.10545 -2.51939 0.0196858 1173.01 0.00104229 1 -0.0609454 -0.182796 0.05 27372.9
0 3940 2 phononTF 0.00291568 -0.222421 -1.89602 -0.0307739 6016.77 0.00034743 1 -0.0578871 -0.250771 0.05 23368.9
0 3944 3 phononTF 0.00138832 -0.825351 -2.43156 0.0333505 3576.75 0.00034743 1 -0.0763923 -0.238365 0.05 19792.6
0 3948 3 phononTF 0.00304465 -2.49473 -0.53912 0.0229305 7004.53 0.00069486 1 -0.0701563 -0.120447 0.05 14813.4
0 3948 5 phononTS 0.000698807 -0.0701563 -0.120447 0.049999 14813.4 0.00034743 1 0.0784701 -0.246724 0.05 15081.3
0 3968 3 phononL 0.00283824 -0.686762 -1.00393 -0.0340962 10945.1 0.00034743 1 0.0259129 -0.142531 0.05 17193.1
0 3968 4 phononTF 0.00191506 0.0259129 -0.142531 0.049999 17193.1 0.00104229 1 0.115759 -0.182381 0.05 17259.8
0 4011 2 phononTS 0.00221655 -1.07895 -2.23736 0.0122229 3483.95 0.00034743 1 -0.0388925 -0.217859 0.05 11046.3
0 4026 3 phononL 0.00207186 -0.741466 -2.24028 -0.0404892 496.142 0.00069486 1 -0.0799412 -0.269851 0.05 6679.22
0 4033 3 phononTS 0.00250306 -1.05893 -1.99346 -0.00091865 3376.78 0.00069486 1 0.0938176 -0.166737 0.05 15287.7
0 4039 2 phononTS 0.00246889 -1.1575 -1.05248 -0.0328073 3619.95 0.00104229 1 -0.0524938 -0.253349 0.05 45189.3
0 4054 3 phononL 0.00249656 -0.282083 -2.45522 -0.0134352 3031.7 0.00034743 1 -0.0133214 -0.207221 0.05 78303.4
0 4068 2 phononTF 0.00144412 -1.72131 -2.73817 0.00579057 6675.58 0.00034743 1 -0.0608699 -0.207595 0.05 9316.96
0 4068 7 phononL 0.000517536 -0.0608699 -0.207595 0.049999 9316.96 0.00034743 1 0.0790264 -0.206559 0.05 9421.2
0 4070 3 phononTS 0.00219314 0.976705 -1.63993 -0.000795158 7414.16 0.00104229 1 0.0672488 -0.153765 0.05 66193.4
0 4070 5 phononL 0.000522764 0.0672488 -0.153765 0.049999 66193.4 0.00034743 1 0.0589354 -0.255364 0.05 66309.2
0 4071 2 phononTS 0.00153857 -0.624 -2.28811 0.0146142 3178.47 0.00069486 1 0.0111497 -0.199701 0.05 95490.1
0 4073 3 phononTF 0.001054 -0.165836 -0.468782 0.0257885 9491.87 0.00034743 1 0.102197 -0.156559 0.05 24999.2
0 4073 5 phononL 0.000471776 0.102197 -0.156559 0.049999 24999.2 0.00034743 1 -0.0353719 -0.13597 0.05 25048.6
0 4074 3 phononL 0.00314769 -0.720334 -1.76087 0.00710646 1076.22 0.00034743 1 -0.0548938 -0.108678 0.05 12871.8
0 4074 7 phononTS 0.000390211 -0.0548938 -0.108678 0.049999 12871.8 0.00034743 1 -0.0577819 -0.273931 0.05 13861.4
0 4090 3 phononTF 0.00153215 -0.692803 -1.65772 -0.0217101 2043.69 0.00034743 1 0.0928496 -0.252655 0.05 11255
0 4140 3 phononTS 0.00165229 -0.570128 -1.47156 -0.0197826 18240 0.00069486 1 0.0754592 -0.182136 0.05 21141.1
0 4155 2 phononTS 0.0022214 -1.21919 -2.06799 -0.0353091 2322.4 0.00034743 1 0.110191 -0.19137 0.05 7723.26
0 4173 1 phononTF 0.004 -0.75 -2.25 0 0 0.00034743 1 -0.0582795 -0.276391 0.05 15634.7
0 4176 5 phononL 0.0012464 0.0813082 1.29827 -0.0484318 38409.6 0.00034743 1 -0.0510608 -0.109496 0.05 71799.6
0 4185 3 phononTS 0.00238985 -0.505856 -1.82697 -0.0127283 5642.82 0.00069486 1 -0.0452667 -0.105411 0.05 13587.9
0 4185 8 phononTS 0.000792438 -0.0452667 -0.105411 0.049999 13587.9 0.00034743 1 0.0326283 -0.135482 0.05 13660.1
0 4185 14 phononTF 0.00038337 0.0326283 -0.135482 0.049999 13660.1 0.00034743 1 0.0327128 -0.125589 0.05 13725.8
0 4190 3 phononTS 0.00236933 -0.109602 -3.90914 0.0268415 13690.1 0.00069486 1 -0.0830329 -0.210366 0.05 74568.7
0 4190 4 phononTF 0.00079649 -0.0830329 -0.210366 0.049999 74568.7 0.00034743 1 -0.0803676 -0.266983 0.05 74627.9
0 4195 5 phononTF 0.00220066 -2.43883 -0.55459 -0.0313558 12286.4 0.00034743 1 0.0748167 -0.14235 0.05 15726.5
0 4203 2 phononL 0.00208366 0.374193 -4.52474 0.0182546 7384.17 0.00034743 1 0.103021 -0.220377 0.05 14594.7
0 4232 3 phononTS 0.00188931 0.226293 -1.5112 0.0200439 2474.18 0.00069486 1 0.0929527 -0.219101 0.05 15229.7
0 4238 3 phononTS 0.00267975 -0.731366 0.297173 0.0283402 5282.89 0.00069486 1 0.100673 -0.146513 0.05 6341.84
0 4291 3 phononTS 0.00176966 -0.819113 -4.02242 0.00950499 3258.52 0.00034743 1 0.0639831 -0.261426 0.05 29768.7
0 4303 3 phononTS 0.00310126 -1.0807 -3.08781 0.00392722 1750.03 0.00069486 1 0.0764874 -0.274651 0.05 12779.9
0 4314 2 phononTF 0.00193498 -0.645674 -2.64897 0.0238683 18738.4 0.00034743 1 -0.0998748 -0.160415 0.05 30728.9
0 4350 2 phononTS 0.00144136 -0.474145 -1.99319 0.0462503 7702.82 0.00034743 1 0.0218094 -0.170775 0.05 11414.6
0 4352 4 phononTF 0.00115034 -3.0915 -2.12264 0.0324588 31704.8 0.00069486 1 0.08435 -0.185036 0.05 42206
0 4370 4 phononTS 0.000502132 -0.825576 -0.468144 0.0112353 19610 0.00034743 1 0.0630676 -0.107401 0.05 23538.8
0 4385 4 phononL 0.00125816 -0.149669 -0.958298 0.0211644 4470.03 0.00034743 1 0.0335826 -0.256318 0.05 20197.8
0 4393 2 phononTF 0.0026775 -0.164542 -1.58831 0.0227242 12171.1 0.00034743 1 0.114221 -0.202819 0.05 21445.7
0 4400 2 phononTF 0.00222301 1.09618 -3.90472 0.0210528 17122 0.00069486 1 -0.0433306 -0.265509 0.05 53032.3
0 4408 3 phononTS 0.00220967 -0.793159 -2.42127 -0.0179678 1561.32 0.00034743 1 -0.0281611 -0.27448 0.05 7628.96
0 4411 3 phononTS 0.00247214 -1.10742 -2.24529 0.0162869 748.42 0.00034743 1 0.039879 -0.179711 0.05 9766.51
0 4419 3 phononTS 0.00174936 -0.0356207 -3.15316 0.0379865 13069.5 0.00034743 1 0.103891 -0.173516 0.05 28766.6
0 4456 5 phononL 0.000965685 -1.85026 0.700087 -0.0205312 19364 0.00069486 1 0.114462 -0.206514 0.05 105659
0 4462 2 phononTS 0.000901306 -1.57168 -1.38525 -0.0282104 5910.51 0.00034743 1 -0.0599274 -0.142976 0.05 16242.9
0 4495 2 phononL 0.00199299 -0.391108 -1.83379 0.00788325 3065.49 0.00069486 1 -0.0513261 -0.164771 0.05 6186.68
0 4495 9 phononTS 0.000433124 -0.0513261 -0.164771 0.049999 6186.68 0.00034743 1 0.0328581 -0.151072 0.05 21144.1
0 4522 2 phononTS 0.00238791 0.142763 -0.985915 -0.00989747 9236.05 0.00034743 1 -0.0320298 -0.284446 0.05 12803.5
0 4536 3 phononTF 0.00228945 -0.954522 -2.56871 -0.0383985 1179.95 0.00034743 1 -0.0336906 -0.261927 0.05 57565.6
0 4540 2 phononTF 0.00202034 -0.700842 -1.76762 0.00316293 1662.82 0.00034743 1 0.0382386 -0.116194 0.05 25498.5
0 4567 3 phononL 0.00231412 -2.44833 -0.764607 -0.0146015 6946.19 0.00069486 1 0.0793687 -0.152517 0.05 11817.7
0 4567 4 phononTS 0.000596156 0.0793687 -0.152517 0.049998 11817.7 0.00034743 1 0.0282468 -0.13027 0.05 11891
0 4593 3 phononTF 0.002042 -0.35805 -2.87456 0.00647762 3459.53 0.00104229 1 0.089923 -0.182269 0.05 14547.7
0 4616 4 phononTF 0.000966806 -0.341727 1.89724 0.0413007 66990.2 0.00069486 1 0.0354471 -0.102679 0.05 103823
0 4616 2 phononTS 0.00189305 -1.5563 -3.72802 -0.017422 8561.14 0.00069486 1 -0.0868911 -0.20927 0.05 21540.8
0 4650 3 phononL 0.00144025 -0.787592 -2.88809 0.0124977 933.107 0.00034743 1 0.0367131 -0.102049 0.05 5387.44
0 4672 3 phononTS 0.0023761 -0.554342 -2.09685 -0.01169 1847.06 0.00104229 1 -0.103211 -0.213814 0.05 3696.26
0 4702 7 phononTF 0.000719953 2.90512 -3.87509 0.00623623 40821 0.00034743 1 -0.0182708 -0.223805 0.05 90451.9
0 4706 3 phononTS 0.00180415 -0.537368 -1.34282 -0.00529298 1709.69 0.00069486 1 -0.0340863 -0.139935 0.05 2971.51
0 4711 2 phononTS 0.00189094 -0.72756 -2.30955 -0.0396392 19.9815 0.00034743 1 0.0979937 -0.235761 0.05 25063.3
0 4713 3 phononTS 0.00159578 -0.739919 -2.27028 0.0183623 5.37943 0.00034743 1 0.0644444 -0.224932 0.05 13975.7
0 4720 3 phononTS 0.00183691 0.490533 -2.24924 0.00482933 2228.91 0.00034743 1 -0.0522638 -0.251639 0.05 36137.9
0 4734 1 phononTF 0.004 -0.75 -2.25 0 0 0.00104229 1 0.0316921 -0.298826 0.05 20230.8
0 4746 3 phononTS 0.0019732 -0.786908 -2.22025 -0.0376977 11.0534 0.00034743 1 0.0747332 -0.218612 0.05 49421.1
0 4852 3 phononL 0.00184558 -0.730797 -2.14328 0.0237092 245.733 0.00069486 1 -0.0339148 -0.154204 0.05 10291.4
0 4865 2 phononTS 0.0022309 0.192821 -1.92613 -0.00660143 3579.16 0.00069486 1 -0.0465741 -0.273817 0.05 8026.57
0 4865 7 phononTF 0.000628139 -0.0465741 -0.273817 0.049999 8026.57 0.00034743 1 -0.0598953 -0.209979 0.05 8238.16
0 4889 4 phononTF 0.000875357 -2.65869 1.25605 -0.0376728 25006.3 0.00034743 1 -0.0218041 -0.145835 0.05 41115
0 4890 2 phononTS 0.00243489 -0.752547 -2.45259 -0.0446347 225.813 0.00034743 1 -0.0591461 -0.190847 0.05 2464.41
0 4890 7 phononTF 0.00109431 -0.0591461 -0.190847 0.049999 2464.41 0.00034743 1 0.0682333 -0.273406 0.05 2632.78
0 4960 5 phononTS 0.00132699 0.737339 -4.87956 -0.00655886 10224.4 0.00069486 1 0.0145257 -0.170906 0.05 26627.7
0 4992 3 phononTS 0.00256104 -1.31296 -1.97685 -0.0306157 908.384 0.00034743 1 -0.0417286 -0.163099 0.05 4927.56
0 4992 5 phononTS 0.000417314 -0.0417286 -0.163099 0.049999 4927.56 0.00034743 1 0.0308755 -0.211723 0.05 10458.6
