Run ID,Event ID,Track ID,Particle Name,Start Energy [eV],Start X [mm],Start Y [mm],Start Z [mm],Start Time [ns],Energy Deposited [eV],Track Weight,End X [mm],End Y [mm],End Z [mm],Final Time [ns],Volume Name
0 56 2 phononTS 0.00185228 4.14302 -3.74147 0.0219051 510.503 0.00069486 1 -0.0226093 -0.199543 0.05 22753.8
0 64 5 phononTF 0.000402001 3.86039 -4.59618 -0.0112712 3433.45 0.00034743 1 0.0585976 -0.183697 0.05 83038.1
0 81 5 phononTS 0.000859835 3.46813 -4.38007 0.0197269 2417.11 0.00034743 1 0.0758018 -0.247539 0.05 49974.2
0 134 5 phononTS 0.00140132 2.76441 -4.71672 0.0161853 11583.5 0.00034743 1 0.0528363 -0.228926 0.05 41928.3
0 151 3 phononTS 0.00268142 4.58044 -4.04048 -0.0342799 9368.62 0.00034743 1 0.0358038 -0.116851 0.05 26054.8
0 168 5 phononTS 0.0023557 4.23328 -0.0512938 -0.00832925 15265.4 0.00069486 1 -0.0974497 -0.193686 0.05 19939
0 174 3 phononL 0.00174968 1.27155 -0.835309 -0.00844889 13738.6 0.00069486 1 0.0647948 -0.110429 0.05 44481.2
0 178 2 phononTF 0.00249146 3.28492 -4.02776 0.0133424 437.716 0.00069486 1 -0.0459061 -0.288595 0.05 53690.8
0 208 2 phononTS 0.00223777 3.26393 -3.98973 -0.033839 1324.49 0.00034743 1 0.0964984 -0.20727 0.05 43221.2
0 208 6 phononTF 0.000879869 0.0964984 -0.20727 0.049999 43221.2 0.00034743 1 0.0703297 -0.195177 0.05 44571.7
0 218 3 phononTF 0.00219034 2.91397 -4.2212 -0.0134017 2398.94 0.00034743 1 0.068535 -0.131974 0.05 51190.9
0 270 3 phononTS 0.00200324 3.60712 -3.12869 -0.0167494 720.67 0.00069486 1 -0.0923985 -0.256433 0.05 13559.7
0 308 2 phononTS 0.00154762 3.59307 -4.3582 -0.00418911 6989.79 0.00034743 1 0.110747 -0.183053 0.05 59802.2
0 353 3 phononL 0.00219776 3.74206 -3.74769 -0.0190882 4.10027 0.00069486 1 0.0414008 -0.123527 0.05 145132
0 357 3 phononL 0.00204601 3.02006 -3.67754 0.00974038 2062.97 0.00069486 1 0.0545748 -0.125477 0.05 11175.4
0 398 2 phononTF 0.00213871 3.78721 -3.64007 -0.0238008 27.357 0.00034743 1 -0.100849 -0.176548 0.05 31430.5
0 411 4 phononTS 0.00141747 -2.52424 -2.60117 0.0272755 54455.7 0.00034743 1 -0.0363467 -0.146894 0.05 70017.1
0 415 5 phononTF 0.000723667 3.44862 -3.37179 -0.0148543 8007.86 0.00034743 1 -0.0491336 -0.123749 0.05 43093
0 418 2 phononTF 0.00254245 3.40674 -3.64625 0.048589 1234.27 0.00069486 1 -0.0444907 -0.298586 0.05 10581.3
0 419 2 phononL 0.00152579 3.8673 -2.90081 0.0321253 900.201 0.00069486 1 0.0898402 -0.2452 0.05 19907.8
0 473 3 phononTF 0.00158585 3.31933 -3.28607 0.0269866 1575.77 0.00069486 1 0.11176 -0.21364 0.05 15745.9
0 475 2 phononTF 0.0021105 4.11846 -3.9049 0.00834858 969.642 0.00138972 1 0.0505222 -0.27976 0.05 15208.2
0 481 3 phononTS 0.00227179 4.94366 -2.6677 -0.00435541 6636.22 0.00034743 1 0.0954078 -0.204576 0.05 32465.8
0 487 2 phononTS 0.0013121 2.15084 -4.02428 -0.019174 16618 0.00034743 1 0.0277787 -0.270767 0.05 24333.1
0 537 3 phononTS 0.00142393 1.31208 -2.3651 -0.0280809 3965.09 0.00069486 1 0.022481 -0.209025 0.05 7474.87
0 597 2 phononTS 0.00163525 3.29708 -2.49686 0.0113288 5329.46 0.00069486 1 -0.0625154 -0.104513 0.05 19745.8
0 678 5 phononTF 0.0013931 1.56702 -1.23578 0.000500782 12731.4 0.00104229 1 -0.0346722 -0.306007 0.05 63134.3
0 708 3 phononTS 0.00157503 3.77235 -3.75136 0.0435824 12.8677 0.00069486 1 0.115254 -0.215447 0.05 18332.5
0 708 6 phononTS 0.000392774 0.115254 -0.215447 0.049999 18332.5 0.00034743 1 -0.0990538 -0.208261 0.05 18475.5
0 742 2 phononL 0.00241678 4.7969 -3.7422 -0.0449621 7062.62 0.00069486 1 0.0943189 -0.159267 0.05 57868.6
0 751 4 phononTF 0.00136867 -0.148324 -0.84601 -0.0290785 4681.2 0.00034743 1 -0.0595973 -0.201114 0.05 5712.46
0 752 3 phononTS 0.0018744 3.67695 -3.45493 0.00245414 905.647 0.00069486 1 -0.0286729 -0.219789 0.05 28525.6
0 762 4 phononL 0.00172925 4.479 -2.58189 -0.00387294 27429.3 0.00034743 1 0.0922111 -0.272695 0.05 55703.9
0 775 7 phononL 0.000677472 -1.85536 0.561875 0.00657969 97095 0.00034743 1 0.0548354 -0.239215 0.05 100177
0 848 2 phononTF 0.00133517 4.12538 -3.05695 -0.0484376 4590.7 0.00034743 1 -0.0914861 -0.187435 0.05 112783
0 848 5 phononTS 0.000840838 -0.0914861 -0.187435 0.049999 112783 0.00034743 1 0.0771607 -0.144807 0.05 113531
0 870 5 phononTS 0.00139342 3.75676 -4.17903 -0.0202624 4325.03 0.00034743 1 -0.0431838 -0.202585 0.05 10512.3
0 900 5 phononTS 0.000866874 4.75847 -1.80725 -0.0453645 12316.2 0.00034743 1 0.0455151 -0.27476 0.05 98263.8
0 908 2 phononTS 0.00131055 4.73927 -4.97137 -0.0379907 3333.71 0.00034743 1 0.0653473 -0.147135 0.05 39628.6
0 912 5 phononL 0.00134371 3.52207 -2.94839 0.0160324 64813.1 0.00034743 1 -0.0701241 -0.145597 0.05 98474.5
0 959 2 phononTS 0.00168709 3.74311 -3.28316 0.00785603 383.163 0.00034743 1 -0.0799243 -0.271499 0.05 28029.3
0 993 4 phononTF 0.00108746 -0.290997 -0.160783 -0.0278675 45813.3 0.00069486 1 -0.06213 -0.11815 0.05 51282.5
0 997 3 phononTS 0.0015851 4.44661 -3.57897 -0.0435615 2659.51 0.00034743 1 0.0426944 -0.261468 0.05 66770.9
0 998 5 phononTF 0.00134653 3.17821 -3.79579 -0.0281881 27463.1 0.00034743 1 0.0548483 -0.295035 0.05 45800.3
0 1020 2 phononTF 0.00197028 3.64772 -4.82474 -0.0421344 4099.96 0.00034743 1 0.0748215 -0.265798 0.05 33278.4
0 1036 3 phononTF 0.00190825 3.5232 -3.63964 -0.0225133 2560.81 0.00034743 1 -0.0310499 -0.25322 0.05 8869.94
0 1036 5 phononTS 0.00109198 -0.0310499 -0.25322 0.049999 8869.94 0.00034743 1 -0.0461253 -0.212716 0.05 14320.7
0 1041 2 phononL 0.00242154 4.9879 -4.17847 0.0237876 5819.46 0.00034743 1 0.0290507 -0.104277 0.05 33119.8
0 1063 2 phononTS 0.00162811 2.092 -2.85756 -0.0119907 6355.45 0.00069486 1 -0.0768458 -0.234734 0.05 25475.1
0 1076 3 phononTS 0.0020745 3.69078 -3.35362 0.0484419 1487.52 0.00104229 1 -0.045332 -0.205211 0.05 4896.57
0 1088 2 phononL 0.00273762 4.56665 -3.2924 0.0287088 961.216 0.00069486 1 -0.0663846 -0.155552 0.05 31470.7
0 1119 2 phononTF 0.00177069 4.87996 -3.12208 0.0198773 8238.36 0.00069486 1 -0.101749 -0.205765 0.05 44095.9
0 1128 3 phononL 0.00183685 3.65201 -3.55513 1.32983e-05 84.6815 0.00034743 1 -0.0765053 -0.243069 0.05 20710.4
0 1136 4 phononTF 0.00133975 4.9012 -3.30837 -0.0107336 21216.6 0.00034743 1 -0.0173204 -0.173342 0.05 33077.8
0 1137 5 phononL 0.00134544 3.45237 -1.99438 -0.0346387 6613.07 0.00034743 1 -0.0270812 -0.130569 0.05 35289.4
0 1137 8 phononTS 0.000621077 -0.0270812 -0.130569 0.049999 35289.4 0.00034743 1 -0.114272 -0.235533 0.05 35801.1
0 1152 4 phononTS 0.00103913 2.64102 -3.29333 -0.00585951 16300.9 0.00034743 1 0.0501475 -0.12481 0.05 23465.3
0 1303 2 phononL 0.00183879 4.01622 -4.42556 0.0121589 3187.6 0.00034743 1 0.027982 -0.19372 0.05 29309.7
0 1303 5 phononTF 0.00148207 0.027982 -0.19372 0.049999 29309.7 0.00069486 1 0.0223887 -0.198786 0.05 29366.3
0 1310 2 phononTS 0.0017236 3.50083 -3.47312 -0.0409209 5937.52 0.00034743 1 -0.0391832 -0.275505 0.05 37706.3
0 1331 3 phononTF 0.00139881 3.28476 -3.65658 0.0228798 204.635 0.00034743 1 0.0618801 -0.253699 0.05 36504.6
0 1331 5 phononTF 0.000826098 0.0618801 -0.253699 0.049999 36504.6 0.00034743 1 0.0460643 -0.104257 0.05 36923.5
0 1332 2 phononL 0.00246607 3.6191 -2.72728 0.0060285 5514.95 0.00069486 1 -0.106051 -0.152835 0.05 29861
0 1337 3 phononTS 0.00187131 3.94238 -3.17659 0.00379432 4252.2 0.00034743 1 0.083931 -0.126016 0.05 54382.5
0 1337 2 phononTF 0.00212869 3.94238 -3.17659 0.00379432 4252.2 0.00069486 1 0.0253463 -0.154912 0.05 17358.4
0 1337 9 phononTS 0.000546171 0.0253463 -0.154912 0.049999 17358.4 0.00034743 1 -0.0380993 -0.216716 0.05 17805.9
0 1375 5 phononTS 0.000768037 2.04998 -3.54399 0.0130076 4647.08 0.00034743 1 0.0754315 -0.112545 0.05 15707.7
0 1383 3 phononTS 0.00157033 0.15195 -1.95741 0.025336 23352.4 0.00034743 1 0.0367212 -0.157696 0.05 46605
0 1453 3 phononTS 0.00177031 3.98242 -3.48787 0.0156162 799.169 0.00034743 1 -0.0233896 -0.260783 0.05 72813.7
0 1453 5 phononTS 0.000955654 -0.0233896 -0.260783 0.049999 72813.7 0.00034743 1 -0.0408211 -0.302133 0.05 72893.1
0 1466 2 phononTS 0.00126475 3.07919 -3.0059 0.0314519 1878.69 0.00069486 1 -0.106257 -0.170037 0.05 26359.7
0 1472 3 phononTS 0.00229774 3.06598 -3.47917 -0.00139638 9774.74 0.00069486 1 -0.0801672 -0.126695 0.05 26736.1
0 1472 4 phononTS 0.000479009 -0.0801672 -0.126695 0.049999 26736.1 0.00034743 1 -0.0836557 -0.130294 0.05 26804.1
0 1504 4 phononTF 0.00122576 2.54884 -0.568999 -0.0181879 40891.7 0.00034743 1 0.0419541 -0.295472 0.05 127136
0 1507 7 phononL 0.000620546 -0.809895 -0.774272 -0.0362104 11418.9 0.00034743 1 -0.0725681 -0.210441 0.05 32335
0 1510 3 phononTS 0.00205552 3.37398 -4.77936 0.0199778 17947.4 0.00104229 1 0.0540459 -0.20779 0.05 24502.1
0 1510 8 phononTF 0.000439036 0.0540459 -0.20779 0.049998 24502.1 0.00034743 1 -0.104384 -0.156595 0.05 24954.4
0 1519 3 phononTF 0.0018187 2.11932 -3.86646 0.000835684 4673.97 0.00034743 1 -0.0275945 -0.244436 0.05 34399
0 1519 5 phononTF 0.00120772 -0.0275945 -0.244436 0.049999 34399 0.00034743 1 0.0578776 -0.204663 0.05 34466.9
0 1526 5 phononTF 0.00138936 0.035652 0.4828 0.0362443 27664.1 0.00034743 1 0.0435306 -0.117912 0.05 31774.1
0 1526 6 phononTS 0.000598918 0.0435306 -0.117912 0.049999 31774.1 0.00034743 1 0.0477356 -0.120284 0.05 31861.8
0 1564 4 phononTF 0.0017264 2.02964 -2.92774 -0.0282374 21400.4 0.00034743 1 -0.0507711 -0.126777 0.05 53627.2
0 1583 3 phononTS 0.00179581 4.84344 -2.49528 -0.0205968 9838.03 0.00034743 1 0.0345844 -0.132669 0.05 47823.1
0 1591 3 phononTS 0.00146351 2.89607 -4.1495 0.0349738 3933.67 0.00034743 1 -0.0343086 -0.166466 0.05 82364.7
0 1598 2 phononTS 0.00160632 2.74751 0.915019 -0.0393245 17081.4 0.00034743 1 -0.0186482 -0.150039 0.05 33033.1
0 1600 4 phononL 0.00203155 4.49887 -3.84906 0.0462823 11129.2 0.00069486 1 -0.0402596 -0.106615 0.05 62808.9
0 1600 7 phononTF 0.001252 -0.0402596 -0.106615 0.049999 62808.9 0.00034743 1 0.0728266 -0.170848 0.05 63625.4
0 1609 5 phononTS 0.00135351 0.690197 -0.0742294 -0.0371059 63533 0.00069486 1 -0.0876271 -0.181843 0.05 69516.7
0 1639 2 phononL 0.00145101 3.71672 -3.44931 0.0089814 259.912 0.00069486 1 0.099537 -0.224459 0.05 28283.9
0 1662 3 phononTF 0.00293472 3.42798 -2.88379 -0.0121818 2952.36 0.00034743 1 0.044304 -0.209798 0.05 63095.3
0 1662 5 phononTF 0.000404533 0.044304 -0.209798 0.049999 63095.3 0.00034743 1 0.020932 -0.157525 0.05 63157.5
0 1678 3 phononL 0.00169804 4.46617 -3.98666 -0.00561398 5520.85 0.00034743 1 0.0431715 -0.14603 0.05 30450
0 1678 4 phononL 0.000650838 0.0431715 -0.14603 0.049998 30450 0.00034743 1 0.0542425 -0.29142 0.05 32573.6
0 1679 3 phononTS 0.00188653 4.07322 -3.80849 0.0218723 1107.17 0.00069486 1 -0.0611255 -0.261061 0.05 18775.2
0 1688 7 phononTS 0.00129604 4.17119 2.56128 -0.0378446 20385.6 0.00034743 1 0.0704406 -0.191168 0.05 42193.4
0 1688 8 phononTS 0.000549288 0.0704406 -0.191168 0.049999 42193.4 0.00034743 1 -0.0186667 -0.191645 0.05 42268.3
0 1696 2 phononL 0.0020558 2.91169 -3.55797 -0.0120977 1727.97 0.00034743 1 -0.057525 -0.159503 0.05 63326.4
0 1697 2 phononTS 0.00232748 3.54039 -3.24743 -0.0154895 14286.6 0.00069486 1 -0.0657773 -0.271717 0.05 47875
0 1719 5 phononTS 0.00162528 -0.0457635 3.16698 0.00751063 26115.8 0.00034743 1 -0.0847026 -0.229945 0.05 40564.3
0 1723 3 phononTF 0.00242784 2.79417 -3.83456 0.0210665 5918.56 0.00034743 1 0.0699351 -0.271801 0.05 15472.1
0 1723 4 phononTS 0.000538928 0.0699351 -0.271801 0.049999 15472.1 0.00034743 1 0.0608206 -0.204978 0.05 17708.2
0 1741 2 phononTS 0.00124901 3.54273 -4.64339 0.0138463 889.177 0.00034743 1 -0.0886193 -0.267648 0.05 22278.3
0 1742 4 phononTF 0.00100494 2.82406 -4.02229 0.0363425 2509.46 0.00034743 1 0.0618224 -0.219891 0.05 16718.8
0 1829 2 phononTF 0.00179069 2.70419 -3.11081 -0.00969401 1106.4 0.00034743 1 0.0966464 -0.139018 0.05 20618.2
0 1884 3 phononL 0.00121813 3.93928 -4.40202 -0.0267043 1657.15 0.00034743 1 0.0657116 -0.198334 0.05 80050.4
0 1906 3 phononTS 0.00238756 4.56897 -4.64258 -0.0267319 1414.54 0.00069486 1 0.0325451 -0.208637 0.05 49931.2
0 1906 11 phononTF 0.000524858 0.0325451 -0.208637 0.049999 49931.2 0.00034743 1 -0.0548974 -0.261013 0.05 50930.8
0 1925 3 phononL 0.00260748 4.29785 -4.38525 0.0308545 5922.65 0.00034743 1 -0.0538499 -0.134475 0.05 29706.5
0 1925 5 phononL 0.00171017 -0.0538499 -0.134475 0.049999 29706.5 0.00069486 1 -0.01671 -0.215396 0.05 29801
0 1928 3 phononTF 0.00193679 3.53782 -2.50903 -0.0255798 11591 0.00034743 1 0.0339885 -0.238859 0.05 21100.9
0 1928 4 phononTF 0.00118027 0.0339885 -0.238859 0.049999 21100.9 0.00034743 1 0.0316154 -0.229408 0.05 21167.3
0 1959 4 phononTF 0.00103878 3.99887 -3.85045 -0.0256905 3299.6 0.00034743 1 0.0717729 -0.219453 0.05 52610.8
0 1959 6 phononTF 0.000400002 0.0717729 -0.219453 0.049999 52610.8 0.00034743 1 0.0214099 -0.151411 0.05 52676.9
0 2015 4 phononTS 0.00142432 2.39327 -4.35177 -0.024579 22106.8 0.00034743 1 0.0324907 -0.131366 0.05 30026.4
0 2045 3 phononTS 0.00232988 3.56205 -4.10336 0.0471275 916.31 0.00104229 1 0.0618393 -0.160841 0.05 25521
0 2045 9 phononTF 0.000931973 0.0618393 -0.160841 0.049999 25521 0.00069486 1 0.0395633 -0.146118 0.05 25652.7
0 2072 2 phononTF 0.00233158 4.41798 -3.47419 0.0391814 2540.24 0.00069486 1 -0.0740122 -0.265617 0.05 66894.3
0 2072 8 phononTF 0.000864413 -0.0740122 -0.265617 0.049999 66894.3 0.00034743 1 -0.0795235 -0.133015 0.05 66967.8
0 2146 6 phononTS 0.000540774 -3.09695 2.00395 -0.0115708 17921.6 0.00034743 1 -0.0934677 -0.173761 0.05 116486
0 2179 2 phononTS 0.000929116 2.21552 -1.90535 -0.0446082 7027.25 0.00034743 1 0.0680459 -0.26234 0.05 25457.5
0 2179 5 phononTF 0.000348131 0.0680459 -0.26234 0.049999 25457.5 0.00034743 1 0.0329415 -0.228148 0.05 25518.3
0 2195 3 phononTS 0.00192799 3.48626 -4.08164 -0.0250617 588.596 0.00034743 1 0.0207414 -0.173043 0.05 14758
0 2195 5 phononTF 0.0004976 0.0207414 -0.173043 0.049999 14758 0.00034743 1 0.0413128 -0.161475 0.05 157615
0 2209 2 phononL 0.00203945 3.81091 -3.73399 0.00828977 24.9464 0.00034743 1 -0.0907838 -0.256146 0.05 88131
0 2261 3 phononTF 0.00114192 3.80465 -4.71206 -0.038798 1803.63 0.00069486 1 0.0486292 -0.290349 0.05 21349.9
0 2277 3 phononTF 0.0014416 4.00032 -3.9656 -0.0105569 691.433 0.00034743 1 -0.0210887 -0.172718 0.05 50819.9
0 2368 3 phononTS 0.00106349 2.66216 -3.8523 -0.0120544 20244 0.00034743 1 0.012712 -0.205913 0.05 29989.5
0 2400 3 phononTS 0.00280227 4.24282 -1.58655 -0.00217744 9734 0.00034743 1 -0.0460634 -0.291137 0.05 52540.6
0 2401 2 phononTS 0.00166596 3.79233 -3.7912 0.0253721 50.1524 0.00034743 1 -0.0290047 -0.144477 0.05 15936.1
0 2447 3 phononTS 0.00214458 3.18695 -4.2779 0.0486762 3083.99 0.00034743 1 -0.0290173 -0.132925 0.05 39032.9
0 2447 5 phononL 0.00123461 -0.0290173 -0.132925 0.049999 39032.9 0.00034743 1 0.0263083 -0.18262 0.05 39121.1
0 2453 2 phononTS 0.00218126 3.27761 -3.85188 0.0426049 134.173 0.00069486 1 -0.0885018 -0.209223 0.05 4746.38
0 2509 3 phononTS 0.00250776 3.52193 -4.58143 0.0307888 3557.23 0.00069486 1 0.0460655 -0.270376 0.05 40728
0 2514 2 phononTF 0.00205813 2.93737 -3.56975 0.00304102 5218.7 0.00034743 1 -0.108459 -0.243833 0.05 24322.4
0 2514 5 phononTF 0.00169284 -0.108459 -0.243833 0.049999 24322.4 0.00034743 1 -0.0341212 -0.260689 0.05 24386.3
0 2526 4 phononL 0.00129982 -0.837671 3.81313 -0.0477754 38941.7 0.00069486 1 0.0576507 -0.191382 0.05 54750.3
0 2544 3 phononL 0.00148857 4.29031 -4.2615 -0.00094168 12183.4 0.00069486 1 -0.0410829 -0.141132 0.05 22741.6
0 2544 4 phononTS 0.000720037 -0.0410829 -0.141132 0.049999 22741.6 0.00034743 1 -0.036518 -0.162229 0.05 22801.4
0 2572 2 phononTS 0.00186271 4.86419 -4.80259 0.0396372 9859.09 0.00104229 1 0.072201 -0.166511 0.05 53833.6
0 2612 3 phononTS 0.0011442 3.77324 -3.49487 0.0162462 535.157 0.00034743 1 -0.109466 -0.187401 0.05 15819.7
0 2612 6 phononTS 0.000347436 -0.109466 -0.187401 0.049999 15819.7 0.00034743 1 -0.0767306 -0.217352 0.05 15884
0 2615 2 phononL 0.00248605 4.96249 -1.87148 0.0289202 25949.7 0.00034743 1 -0.0893368 -0.239177 0.05 55688.6
0 2617 4 phononTF 0.00128991 3.43366 -4.4264 -0.0264435 31976.8 0.00069486 1 -0.0629453 -0.105383 0.05 65866.6
0 2695 2 phononTS 0.00239768 4.74758 -3.84392 -0.0147421 1462.94 0.00034743 1 -0.0444737 -0.0992412 0.05 94929.6
0 2701 3 phononTS 0.00161958 2.24724 -4.50868 0.0417586 7580.89 0.00034743 1 0.0573935 -0.247146 0.05 87640.3
0 2740 3 phononTF 0.00265583 3.8069 -2.33696 0.0458953 9722.14 0.00104229 1 -0.0889548 -0.136278 0.05 60494.7
0 2775 2 phononTS 0.00156692 4.99615 -4.30579 0.00435754 1937.1 0.00069486 1 -0.0632362 -0.275733 0.05 9552.04
0 2784 5 phononTF 0.00112757 2.83583 -3.42355 -0.00669687 49822.8 0.00034743 1 0.0492004 -0.124325 0.05 67680.1
0 2793 3 phononTS 0.00259753 3.67651 -3.89382 -0.0351131 7429.8 0.00034743 1 -0.0745241 -0.162616 0.05 38905.4
0 2805 3 phononTS 0.00119716 3.73301 -3.83426 0.0395149 363.216 0.00034743 1 0.0688552 -0.144241 0.05 16839.7
0 2811 2 phononL 0.00111756 2.92146 -4.08577 0.0484937 38856.8 0.00034743 1 -0.117396 -0.184 0.05 108382
0 2820 3 phononTS 0.00249579 3.84989 -2.77747 -0.0380386 2242.65 0.00069486 1 -0.0552018 -0.130079 0.05 43455.1
0 2820 8 phononTS 0.00109849 -0.0552018 -0.130079 0.049999 43455.1 0.00034743 1 -0.0391638 -0.143777 0.05 43516
0 2823 3 phononTS 0.00206876 3.98499 -2.96423 0.0399445 6283.64 0.00069486 1 -0.0989552 -0.145917 0.05 35287.6
0 2829 3 phononTS 0.0026955 4.43242 -4.13317 -0.0138993 7810.98 0.00034743 1 0.085144 -0.255219 0.05 50006.8
0 2868 2 phononL 0.00163126 3.55114 -3.81227 0.0431382 1119.84 0.00034743 1 0.0203794 -0.196534 0.05 97622.8
0 2868 4 phononTS 0.000577154 0.0203794 -0.196534 0.049999 97622.8 0.00034743 1 -0.0498589 -0.133134 0.05 97699.1
0 2919 4 phononTF 0.00185555 1.70493 -0.566435 0.00336766 22822.9 0.00104229 1 -0.0876303 -0.208338 0.05 24889.1
0 2933 3 phononTF 0.00174674 1.75766 -3.86054 -0.0396428 17308.8 0.00069486 1 0.0495537 -0.295782 0.05 61565.2
0 2936 5 phononTF 0.00163105 0.763261 -4.40713 -0.0242659 18360.2 0.00034743 1 -0.101528 -0.230296 0.05 42781.5
0 2952 4 phononTF 0.001321 4.65377 -1.95426 0.00653023 11867.5 0.00034743 1 -0.0758391 -0.118849 0.05 32841.5
0 2972 3 phononTS 0.00208305 3.8848 -3.5883 0.0440952 5540.59 0.00034743 1 0.0921785 -0.272272 0.05 67874.8
0 3073 4 phononTF 0.00233648 1.53058 -4.56612 -0.0107186 4577.5 0.00034743 1 0.102492 -0.178117 0.05 23590.2
0 3125 4 phononTS 0.00117002 2.18867 -3.73238 -0.0387908 10140.9 0.00034743 1 -0.106923 -0.16702 0.05 15076.1
0 3142 2 phononTS 0.00158618 3.34635 -3.43317 -0.018626 3712.41 0.00069486 1 0.0457055 -0.11775 0.05 25379.1
0 3170 2 phononTS 0.00097451 4.86062 -3.6802 0.039775 5299.62 0.00034743 1 -0.0743451 -0.193613 0.05 20440
0 3170 4 phononTS 0.000451235 -0.0743451 -0.193613 0.049998 20440 0.00034743 1 -0.0825061 -0.28099 0.05 24655.6
0 3171 3 phononTF 0.00303488 4.34194 -2.30852 0.0145406 5553.22 0.00069486 1 0.0782816 -0.22294 0.05 70149.7
0 3208 5 phononTS 0.00206371 1.45977 -2.8194 0.0345609 17829.6 0.00034743 1 0.071713 -0.168393 0.05 26225.4
0 3220 2 phononTF 0.00216512 4.26721 -3.72577 0.00525899 1418.46 0.00034743 1 0.0341309 -0.265956 0.05 10414
0 3239 2 phononTF 0.00202534 3.13102 -3.75642 -0.0073235 8799.88 0.00069486 1 -0.0720133 -0.115935 0.05 51376.8
0 3257 3 phononTS 0.00235906 3.64491 -3.47572 0.0314368 7846.12 0.00034743 1 0.0416242 -0.23829 0.05 48403.4
0 3263 4 phononTS 0.00168841 -0.573591 -2.35864 0.0190777 33201.9 0.00034743 1 -0.0774126 -0.171087 0.05 39573.8
0 3264 2 phononTS 0.00227051 4.26308 -2.08071 -0.00287641 2502.45 0.00034743 1 -0.0837115 -0.1268 0.05 44316.5
0 3264 4 phononTS 0.0010808 -0.0837115 -0.1268 0.049999 44316.5 0.00034743 1 -0.0942643 -0.22211 0.05 44512.6
0 3264 12 phononTF 0.000494651 -0.0942643 -0.22211 0.049999 44512.6 0.00034743 1 -0.0950208 -0.24149 0.05 44576.1
0 3280 3 phononTS 0.00223931 1.97317 -4.12949 0.0150557 10936.6 0.00104229 1 -0.0344217 -0.301028 0.05 23285.9
0 3289 6 phononTF 0.000502034 2.56176 -0.284349 0.0156152 64516.5 0.00034743 1 -0.101264 -0.221494 0.05 111987
0 3298 2 phononTF 0.00172032 0.473245 -0.278232 0.00489632 24638 0.00034743 1 0.105715 -0.16908 0.05 203804
0 3298 6 phononTS 0.00107945 0.105715 -0.16908 0.049999 203804 0.00034743 1 -0.0256241 -0.206342 0.05 210118
0 3308 3 phononTS 0.00163808 2.66583 -3.49551 -0.0026152 2260.58 0.00034743 1 -0.0822819 -0.132186 0.05 48692.3
0 3308 2 phononL 0.00236192 2.66583 -3.49551 -0.0026152 2260.58 0.00034743 1 -0.0926446 -0.194963 0.05 44570.4
0 3436 2 phononTS 0.00145531 3.90386 -4.85062 -0.0338618 10695 0.00034743 1 0.0212714 -0.24371 0.05 139734
0 3512 4 phononTF 0.000845137 3.60369 -4.50271 -0.0272388 38280.1 0.00034743 1 -0.0407261 -0.187979 0.05 69322.2
0 3524 3 phononTS 0.00234436 4.43047 -3.41315 0.0411842 719.091 0.00034743 1 0.0544633 -0.129371 0.05 7812.77
0 3539 2 phononTF 0.00261565 4.18192 -2.4672 0.0366861 22850.8 0.00034743 1 0.0406826 -0.114086 0.05 48548.7
0 3539 4 phononTS 0.000370017 0.0406826 -0.114086 0.049999 48548.7 0.00034743 1 0.0326879 -0.112932 0.05 48605
0 3595 2 phononL 0.00201247 3.48073 -3.44856 0.0489851 2220.24 0.00069486 1 0.0205938 -0.220573 0.05 38636.5
0 3596 2 phononTF 0.00167511 4.75769 -3.20897 0.00543412 2660.75 0.00104229 1 -0.0459384 -0.154496 0.05 56182.2
0 3655 4 phononTS 0.0012944 4.27104 2.68731 -0.0176173 46978.3 0.00034743 1 0.0479502 -0.281557 0.05 56381.8
0 3668 2 phononTS 0.00180066 2.87584 -2.52511 -0.0187635 5182.73 0.00034743 1 -0.0360069 -0.114341 0.05 93845.2
0 3682 5 phononTF 0.00111771 0.977672 4.44406 -0.0087552 32153.9 0.00034743 1 0.0576171 -0.144154 0.05 45082.5
0 3730 5 phononL 0.0019061 3.9276 -3.90091 -0.0426576 51.4819 0.00034743 1 -0.027485 -0.131037 0.05 53932
0 3730 7 phononL 0.000814882 -0.027485 -0.131037 0.049999 53932 0.00034743 1 0.0367345 -0.15019 0.05 65655.1
0 3769 3 phononTF 0.00258643 3.42871 -3.75201 -0.0238696 9019.49 0.00034743 1 -0.0401294 -0.303567 0.05 39221.2
0 3769 4 phononL 0.00170643 -0.0401294 -0.303567 0.049999 39221.2 0.00069486 1 -0.0589891 -0.24444 0.05 39272
0 3781 3 phononTS 0.00148091 3.76186 -3.75726 0.00624889 2.84537 0.00069486 1 -0.096175 -0.141165 0.05 12841.2
0 3784 3 phononL 0.00187099 4.7296 -3.82474 -0.0496309 3726.91 0.00069486 1 -0.0498984 -0.294044 0.05 51489.7
0 3836 2 phononTF 0.00158212 4.87441 -4.17473 0.00253593 1804.63 0.00034743 1 0.0678762 -0.269466 0.05 17485.5
0 3906 2 phononL 0.00190942 3.26917 -3.42652 -0.0224447 374.063 0.00034743 1 -0.09881 -0.182696 0.05 28717.2
0 3907 2 phononTS 0.00262459 3.23318 -3.33092 0.0314709 2103.23 0.00104229 1 -0.0797389 -0.271511 0.05 39124.4
0 3930 8 phononTF 0.000861663 -3.80536 3.63612 -0.0105303 67347.2 0.00034743 1 -0.0616315 -0.143742 0.05 106974
0 3988 5 phononTS 0.00163802 3.32601 -3.54191 -0.0360844 11348.6 0.00069486 1 -0.0951086 -0.162251 0.05 49895.4
0 3995 5 phononL 0.00202321 0.720935 -4.42953 0.0337103 13574.2 0.00069486 1 0.0517322 -0.125055 0.05 41368.5
0 4015 2 phononTF 0.00155026 3.74134 -3.7547 0.0126426 20.8195 0.00034743 1 -0.0743353 -0.120328 0.05 90409.2
0 4027 3 phononTF 0.00165329 3.62645 -4.02873 0.0404293 279.705 0.00034743 1 0.0533727 -0.281525 0.05 13415.3
0 4029 2 phononTS 0.00186658 3.69679 -3.7307 -0.0270241 12045 0.00034743 1 -0.0560262 -0.296043 0.05 17932.5
0 4070 2 phononTS 0.00146386 3.55642 -3.14242 0.0336331 635.044 0.00034743 1 0.10725 -0.203239 0.05 16102.8
0 4103 4 phononTF 0.00143342 -3.67437 3.34207 -0.0310538 54225.4 0.00034743 1 -0.0200234 -0.18464 0.05 75380.6
0 4110 3 phononTS 0.00102597 3.59287 -3.63263 -0.0388444 274.4 0.00034743 1 0.0689065 -0.16158 0.05 5433.78
0 4127 5 phononTF 0.00160456 4.69194 -3.97809 0.0159729 17690.8 0.00034743 1 -0.0942345 -0.141958 0.05 36995.2
0 4127 7 phononTS 0.000365797 -0.0942345 -0.141958 0.049999 36995.2 0.00034743 1 0.0704601 -0.134145 0.05 37102.2
0 4146 3 phononTS 0.00215486 3.94095 -3.93783 -0.0309469 30285.7 0.00034743 1 0.0533698 -0.123943 0.05 49013.1
0 4177 5 phononTS 0.00168341 3.8894 -1.99897 -0.0336188 20919.6 0.00034743 1 -0.0384118 -0.19995 0.05 41065.2
0 4184 2 phononTF 0.00182465 3.69139 -3.24922 0.0290338 2639.21 0.00034743 1 -0.0348949 -0.248668 0.05 8354.96
0 4195 3 phononTS 0.00211924 3.27254 -4.86346 0.0340275 9451.84 0.00034743 1 0.0482167 -0.257671 0.05 31789.5
0 4229 3 phononTS 0.00214173 3.41652 -2.87353 0.0396986 6434.37 0.00069486 1 -0.0268047 -0.19243 0.05 30919.5
0 4232 2 phononTF 0.001487 4.02975 -3.01133 -0.00743255 9110.07 0.00034743 1 0.0386185 -0.213873 0.05 76477.2
0 4260 2 phononTS 0.00154937 4.53266 -3.88824 -0.0355942 3387.58 0.00069486 1 -0.0914666 -0.244264 0.05 20902.5
0 4275 2 phononTF 0.00112381 3.77397 -3.73609 -0.0431583 12.9802 0.00034743 1 0.059106 -0.150437 0.05 10321.9
0 4280 2 phononTS 0.00227821 3.26534 -3.77996 -0.0295843 138.725 0.00069486 1 0.0773853 -0.116638 0.05 16299.3
0 4331 4 phononTS 0.00122207 4.23378 -1.90516 -0.00423626 54777.7 0.00069486 1 -0.0692268 -0.232708 0.05 67701.7
0 4359 3 phononTS 0.00234262 2.31713 -3.78747 0.0174037 3965.58 0.00069486 1 -0.104735 -0.217535 0.05 18205.1
0 4364 2 phononTS 0.00204424 3.52338 -3.53035 -0.0200042 1917.01 0.00034743 1 -0.0530317 -0.251118 0.05 42625
0 4394 2 phononTS 0.00130577 3.66506 -3.40197 -0.0149142 1115.31 0.00034743 1 0.0551644 -0.186533 0.05 56883.6
0 4417 3 phononTS 0.00218795 2.89804 -2.88142 -0.0170878 3781.31 0.00104229 1 -0.111723 -0.167059 0.05 35040.7
0 4440 2 phononTF 0.00233921 2.75486 -4.93271 0.0125556 6646.89 0.00034743 1 0.0960091 -0.264044 0.05 16618.3
0 4440 7 phononL 0.000678823 0.0960091 -0.264044 0.049999 16618.3 0.00034743 1 -0.0307293 -0.172439 0.05 16684.8
0 4462 3 phononTF 0.00171681 4.04313 -3.9021 -0.0155929 14781.5 0.00034743 1 0.0663791 -0.272353 0.05 28843.3
0 4473 2 phononL 0.00193296 4.0287 -3.40883 0.0161153 2684.57 0.00069486 1 0.0155299 -0.204745 0.05 56512.7
0 4478 3 phononTS 0.00210163 4.88293 -3.02103 0.0107254 3145.84 0.00034743 1 -0.039148 -0.152551 0.05 16720.5
0 4509 2 phononTS 0.00158125 3.06515 -2.98728 0.0152748 2417.56 0.00069486 1 0.0816293 -0.1279 0.05 147694
0 4552 2 phononTF 0.00112365 3.80162 -3.65445 0.0437273 22.1169 0.00034743 1 0.0689555 -0.205912 0.05 18385.4
0 4590 3 phononTS 0.00230291 2.68749 -2.09627 -0.0366743 12374.1 0.00069486 1 0.0679673 -0.269858 0.05 23253.1
0 4590 4 phononTS 0.00120272 0.0679673 -0.269858 0.049999 23253.1 0.00034743 1 -0.0981942 -0.179381 0.05 23432.4
0 4599 2 phononTS 0.00165992 3.66213 -1.66234 -0.0373475 11493.5 0.00034743 1 -0.0816156 -0.139333 0.05 15469.4
0 4606 3 phononTF 0.00219873 1.54607 -1.00188 -0.0210294 19784 0.00034743 1 0.0370753 -0.264482 0.05 21469.4
0 4623 5 phononTS 0.00124207 2.78138 -3.78919 0.0461635 7906.55 0.00034743 1 0.0138051 -0.174224 0.05 12148
0 4639 4 phononTS 0.00163844 2.63551 -3.54267 -0.00543324 17871.7 0.00069486 1 -0.0592937 -0.156532 0.05 57251.2
0 4639 2 phononL 0.000930641 2.97838 -4.21134 0.0198117 2917.31 0.00034743 1 -0.0329599 -0.290325 0.05 60905.8
0 4648 2 phononL 0.00202003 3.14819 -4.45708 0.0403488 1154.79 0.00034743 1 0.0386486 -0.287496 0.05 9776.58
0 4669 5 phononTS 0.00238242 2.6606 -1.9172 0.00564566 14754.5 0.00069486 1 0.0786453 -0.18649 0.05 49508.7
0 4669 9 phononTF 0.000461734 0.0786453 -0.18649 0.049999 49508.7 0.00034743 1 0.0979883 -0.192346 0.05 50282.7
0 4669 4 phononL 0.00134741 2.6606 -1.9172 0.00564566 14754.5 0.00069486 1 0.0839501 -0.236258 0.05 124827
0 4715 3 phononTF 0.00252307 3.30915 -3.77488 -0.0098885 714.041 0.00034743 1 -0.0404316 -0.135417 0.05 48960.2
0 4715 7 phononTS 0.000373831 -0.0404316 -0.135417 0.049999 48960.2 0.00034743 1 -0.0547329 -0.107764 0.05 49023.9
0 4728 4 phononTS 0.00148785 2.82633 0.554434 0.0111071 20078.2 0.00104229 1 -0.0824855 -0.281942 0.05 24482.4
0 4740 5 phononTS 0.000880935 3.65854 -3.17485 -0.0467712 6514.05 0.00034743 1 0.0738724 -0.111083 0.05 30274.7
0 4768 4 phononTS 0.00164566 -0.14433 0.241653 0.0486213 24758.9 0.00034743 1 -0.0896422 -0.180479 0.05 25111.5
0 4768 7 phononTS 0.000404982 -0.0896422 -0.180479 0.049999 25111.5 0.00034743 1 0.0509315 -0.105861 0.05 25376.1
0 4824 2 phononTF 0.000443552 4.62719 -3.64368 0.0202684 5274.1 0.00034743 1 0.105751 -0.218627 0.05 58085
0 4888 2 phononTS 0.00108761 1.98445 -3.55937 -0.0359994 6186.94 0.00034743 1 0.1028 -0.1743 0.05 11224.9
0 4893 3 phononTF 0.0017134 3.36803 -4.78428 0.016318 2813.49 0.00034743 1 -0.0348415 -0.206071 0.05 25935.6
0 4960 2 phononL 0.00159953 1.21566 -1.58198 0.030793 10134.3 0.00069486 1 -0.119054 -0.211101 0.05 62727.6
