Run ID,Event ID,Track ID,Particle Name,Start Energy [eV],Start X [mm],Start Y [mm],Start Z [mm],Start Time [ns],Energy Deposited [eV],Track Weight,End X [mm],End Y [mm],End Z [mm],Final Time [ns],Volume Name
0 1 5 phononTS 0.00135546 -2.79058 2.4684 -0.0450043 42425 0.00069486 1 0.0221687 -0.185615 0.05 80214.1
0 1 10 phononTS 0.00048214 0.0221687 -0.185615 0.049999 80214.1 0.00034743 1 0.0604738 -0.237795 0.05 80328.8
0 2 2 phononTS 0.00141077 1.93975 2.63881 0.0169705 6821.16 0.00034743 1 0.0250454 -0.151886 0.05 133865
0 20 2 phononTF 0.00228422 0.976092 4.8458 -0.0386558 568.296 0.00069486 1 -0.0175613 -0.208311 0.05 108921
0 20 6 phononTS 0.000745609 -0.0175613 -0.208311 0.049999 108921 0.00034743 1 0.0144975 -0.190918 0.05 108986
0 59 3 phononTS 0.00182751 -0.2678 4.76403 -0.00348573 6692.62 0.00069486 1 -0.046846 -0.196685 0.05 84371
0 85 3 phononTS 0.00120277 0.563451 4.08116 -0.042825 399.785 0.00034743 1 0.0714238 -0.143148 0.05 22588.8
0 100 2 phononTF 0.000417665 1.15363 2.92997 -0.0394562 11167.2 0.00034743 1 0.0157024 -0.163738 0.05 45109.8
0 166 4 phononTF 0.00100728 0.339074 -0.291784 0.0441264 105265 0.00034743 1 0.0350249 -0.101419 0.05 105519
0 166 6 phononTF 0.000431857 0.0350249 -0.101419 0.049999 105519 0.00034743 1 -0.0346073 -0.15808 0.05 143207
0 177 5 phononTS 0.00193961 1.25729 -0.661358 0.0187187 55837.6 0.00069486 1 0.0685317 -0.201288 0.05 57880.7
0 192 2 phononTS 0.000399922 0.0812155 4.83285 0.0106474 696.689 0.00034743 1 -0.0571243 -0.158115 0.05 24495.5
0 268 3 phononTS 0.00221805 -0.124642 3.79168 -0.0156274 9329.42 0.00034743 1 0.0415497 -0.233845 0.05 107313
0 278 2 phononTS 0.0015806 2.32921 3.27663 -0.00189904 16281.1 0.00069486 1 -0.0920175 -0.252176 0.05 38291.6
0 295 4 phononTF 0.00135778 -0.793904 3.71005 -0.00569598 11771.8 0.00034743 1 -0.0386158 -0.139978 0.05 41751.4
0 307 2 phononTS 0.0011052 1.2686 3.43195 0.0427638 6866.84 0.00069486 1 0.0915506 -0.222718 0.05 17018.8
0 311 4 phononTS 0.00168966 -3.955 3.59006 0.0145731 49670.9 0.00034743 1 0.101343 -0.206604 0.05 60674.5
0 311 6 phononTF 0.000687403 0.101343 -0.206604 0.049999 60674.5 0.00034743 1 0.0650906 -0.284263 0.05 61855.8
0 312 5 phononTS 0.000685798 1.11522 2.27508 -0.0151792 15033 0.00034743 1 0.0612678 -0.282031 0.05 38643.1
0 341 3 phononTF 0.00265623 0.318109 4.16152 0.0367675 963.575 0.00034743 1 0.0539522 -0.204925 0.05 16123.1
0 341 5 phononTF 0.00204034 0.0539522 -0.204925 0.049999 16123.1 0.00069486 1 -0.0275046 -0.210064 0.05 16209.2
0 399 3 phononL 0.00181328 0.280251 4.04792 0.0472589 116.746 0.00034743 1 -0.0441792 -0.143325 0.05 23637.8
0 410 3 phononTS 0.00185152 0.960029 3.57235 0.0373794 8015.7 0.00104229 1 -0.0354333 -0.215315 0.05 54232.6
0 413 3 phononL 0.00118008 0.152685 4.63155 0.015236 1909.11 0.00034743 1 0.108493 -0.237696 0.05 24047.2
0 462 3 phononL 0.00186657 0.0691298 3.77589 0.0258784 3166.52 0.00034743 1 0.0438614 -0.131069 0.05 49975
0 523 3 phononTF 0.00230176 -0.101282 2.77631 -0.0394236 5718.75 0.00034743 1 0.0327528 -0.213847 0.05 84464.5
0 523 5 phononTF 0.000416129 0.0327528 -0.213847 0.049999 84464.5 0.00034743 1 0.0905554 -0.250105 0.05 84527.3
0 538 2 phononTS 0.00105991 0.215919 4.48783 -0.0327825 13656.7 0.00069486 1 -0.0261455 -0.164022 0.05 49895.2
0 547 4 phononTF 0.000587054 1.0263 1.44818 -0.0335606 27726.6 0.00034743 1 0.113901 -0.232982 0.05 96562.9
0 554 4 phononTS 0.000785729 -1.63678 3.5284 0.0176507 6075.87 0.00034743 1 -0.0724089 -0.230314 0.05 42845.8
0 568 3 phononTF 0.00229214 1.74696 4.81562 -0.013364 14761.6 0.00034743 1 0.0723901 -0.278636 0.05 33803.2
0 575 4 phononTS 0.000998282 -2.74199 1.05464 0.0106702 33220.7 0.00034743 1 -0.0902051 -0.132266 0.05 41351.9
0 586 2 phononTS 0.00170463 0.495468 4.35152 -0.0200648 10958.4 0.00034743 1 0.0522039 -0.102967 0.05 20676
0 589 2 phononTS 0.00275773 1.41802 4.02699 0.0267724 3883.03 0.00034743 1 -0.104415 -0.168816 0.05 7860.36
0 609 3 phononL 0.00142486 -0.739779 4.72785 0.0146 5543.32 0.00034743 1 0.0206042 -0.187631 0.05 126022
0 609 5 phononTS 0.00091575 0.0206042 -0.187631 0.049999 126022 0.00069486 1 -0.0910936 -0.181711 0.05 126104
0 621 4 phononL 0.00165144 -0.12435 1.20673 0.0297561 13888.9 0.00034743 1 -0.0666965 -0.236126 0.05 66586.8
0 621 7 phononTF 0.000856116 -0.0666965 -0.236126 0.049999 66586.8 0.00034743 1 -0.0953629 -0.140934 0.05 66765.5
0 636 3 phononTS 0.00160771 0.369438 3.57905 0.0280477 6377.98 0.00034743 1 0.0282396 -0.246605 0.05 62094.3
0 637 4 phononTS 0.000809075 3.6658 0.542343 -0.0249237 33708.3 0.00034743 1 0.0334671 -0.171641 0.05 35956.3
0 639 3 phononTF 0.00218631 3.32248 4.91195 -0.0255902 56046.3 0.00034743 1 -0.0808262 -0.189553 0.05 82282.4
0 667 4 phononTS 0.000987295 -2.3562 3.2513 -0.0441093 13715.2 0.00034743 1 0.0675011 -0.212928 0.05 167322
0 692 2 phononL 0.00154082 0.069102 3.95614 0.00927405 667.737 0.00034743 1 -0.102392 -0.17217 0.05 15203.1
0 731 2 phononTS 0.00268905 -1.48965 4.77178 0.0359408 17024.4 0.00069486 1 -0.115273 -0.185815 0.05 29699.1
0 747 2 phononTS 0.00220904 0.153444 4.23579 -0.0485977 1130.62 0.00069486 1 0.0538174 -0.208011 0.05 9988.18
0 753 4 phononTF 0.00131595 -1.44102 2.71424 -0.0187957 10642.9 0.00034743 1 0.0570752 -0.16883 0.05 57880
0 757 4 phononTS 0.000878714 -0.731271 -4.26727 -0.0144793 35657.3 0.00034743 1 -0.0820665 -0.257607 0.05 101387
0 761 4 phononTS 0.00122657 0.659596 0.640291 0.0263158 25561.5 0.00034743 1 0.0758204 -0.243315 0.05 35005.4
0 762 2 phononTF 0.00136788 3.75614 3.67164 -0.00933028 18684.9 0.00069486 1 -0.0487721 -0.24422 0.05 39319.8
0 778 2 phononTS 0.0015647 -0.383456 3.85816 -0.0246962 6938.66 0.00034743 1 0.0402804 -0.298649 0.05 54314.4
0 812 3 phononTS 0.00263857 0.17116 4.08015 0.0490136 2299.53 0.00069486 1 0.0712924 -0.185111 0.05 11909.8
0 835 4 phononL 0.00178055 4.87897 2.32255 0.00670766 25927.5 0.00104229 1 0.0380497 -0.180917 0.05 93198.5
0 883 3 phononTS 0.00202624 0.930046 3.38349 0.00501337 3678.26 0.00069486 1 0.0775176 -0.244915 0.05 20885.6
0 920 5 phononL 0.00139657 2.3039 4.65332 0.00449189 29047.6 0.00069486 1 -0.0367959 -0.244459 0.05 42878.3
0 959 2 phononTF 0.00109839 0.266916 4.27616 -0.0174514 6.59166 0.00034743 1 0.0630761 -0.226129 0.05 6840.23
0 961 2 phononTS 0.000670806 -0.0878438 4.90288 -0.00924183 5598.8 0.00034743 1 -0.018778 -0.233529 0.05 11147
0 973 3 phononTS 0.00115225 -0.0815623 4.43354 0.00373614 1372.91 0.00034743 1 -0.0801994 -0.198056 0.05 25871.8
0 988 2 phononTS 0.00251955 -0.193703 3.90602 0.0350574 2727.96 0.00034743 1 -0.0301425 -0.152047 0.05 31701.5
0 1001 2 phononTF 0.00116232 0.412715 3.71527 -0.0479317 2783.65 0.00069486 1 -0.0803622 -0.163931 0.05 6251.51
0 1047 4 phononL 0.0021323 -4.93073 3.00775 0.00540341 26626.7 0.00069486 1 0.0432505 -0.158123 0.05 89002.2
0 1047 7 phononTS 0.000850632 0.0432505 -0.158123 0.049999 89002.2 0.00034743 1 -0.0173007 -0.175357 0.05 89071.4
0 1155 2 phononL 0.00139856 0.680588 4.97567 0.0134075 1965.02 0.00034743 1 -0.117257 -0.204372 0.05 10294.9
0 1173 3 phononTS 0.00241831 0.0660867 4.60388 0.0111462 552.902 0.00104229 1 0.0268567 -0.240143 0.05 11049.3
0 1189 2 phononL 0.00180392 0.690174 4.42046 0.0339676 552.679 0.00069486 1 -0.0157995 -0.228016 0.05 18289.9
0 1189 6 phononTF 0.000816819 -0.0157995 -0.228016 0.049999 18289.9 0.00034743 1 0.0982817 -0.228053 0.05 18439.6
0 1189 17 phononTF 0.000450874 0.0982817 -0.228053 0.049999 18439.6 0.00034743 1 0.0788914 -0.263838 0.05 18509.8
0 1210 3 phononTS 0.00287618 -0.221835 3.99865 -0.0335784 3598.69 0.00069486 1 0.0359047 -0.243972 0.05 13091.5
0 1210 4 phononTS 0.000937005 0.0359047 -0.243972 0.049999 13091.5 0.00034743 1 0.0408674 -0.180227 0.05 13164.8
0 1239 2 phononTS 0.00158282 0.504002 3.84187 -0.0200088 14532.3 0.00069486 1 0.0799292 -0.203302 0.05 39005.1
0 1249 4 phononTF 0.00143914 -1.5536 2.60853 0.00453496 20103.2 0.00034743 1 0.0564916 -0.109054 0.05 25092.9
0 1288 5 phononTF 0.00151059 0.0644638 4.14424 -0.0116042 2461.63 0.00069486 1 -0.06403 -0.267769 0.05 11391.1
0 1296 3 phononL 0.00233089 -0.827938 4.68032 -0.0293772 8405.96 0.00138972 1 -0.114542 -0.211067 0.05 66680.7
0 1305 3 phononL 0.00322851 1.42534 1.82781 0.0374443 10476.1 0.00069486 1 -0.0798215 -0.259123 0.05 13656.4
0 1305 9 phononTS 0.00120075 -0.0798215 -0.259123 0.049999 13656.4 0.00034743 1 -0.0600477 -0.240178 0.05 13716.1
0 1315 3 phononTS 0.00196627 0.659394 4.81119 -0.0166577 3933.64 0.00069486 1 -0.070714 -0.234657 0.05 26556.2
0 1330 3 phononL 0.00162435 -0.358721 4.60278 -0.00964707 11757.2 0.00069486 1 0.0298465 -0.10368 0.05 35859.1
0 1349 3 phononTF 0.0022118 0.207234 4.14178 0.00165726 1399.39 0.00069486 1 -0.0225937 -0.152572 0.05 8460
0 1349 4 phononTS 0.000460846 -0.0225937 -0.152572 0.049999 8460 0.00034743 1 -0.0670786 -0.157473 0.05 8524.62
0 1367 2 phononTF 0.00164726 0.0463664 4.10006 0.0270032 1137.03 0.00034743 1 0.0757038 -0.230908 0.05 11324
0 1395 2 phononTF 0.00209118 0.131789 4.12289 -0.0267546 216.628 0.00104229 1 -0.0400722 -0.0949911 0.05 65456.6
0 1412 2 phononTS 0.00263832 0.520195 4.70046 -0.0380268 268.444 0.00069486 1 0.0352126 -0.257277 0.05 23871.8
0 1412 4 phononL 0.00126393 0.0352126 -0.257277 0.049999 23871.8 0.00034743 1 0.0728285 -0.212082 0.05 24080.4
0 1434 2 phononL 0.00145034 -0.922821 4.07526 0.00745364 9003.3 0.00034743 1 -0.105067 -0.205018 0.05 13176.5
0 1449 5 phononTS 0.00227274 -0.439806 0.139116 0.047489 39360 0.00069486 1 0.0587235 -0.168466 0.05 54044.9
0 1476 4 phononL 0.000811208 2.64462 3.83405 0.0265159 10262.2 0.00034743 1 0.0471935 -0.232152 0.05 77672.4
0 1532 2 phononTS 0.00176203 -0.0249683 4.37051 0.0132185 5781.39 0.00069486 1 -0.100728 -0.173671 0.05 31788.1
0 1539 3 phononTF 0.00149679 0.309127 4.20482 0.0210061 5156.99 0.00069486 1 -0.0332399 -0.230057 0.05 67849.9
0 1587 2 phononTS 0.0021412 -0.751774 4.03022 0.00729673 7799.58 0.00034743 1 -0.120854 -0.201891 0.05 60578.9
0 1590 2 phononTS 0.00173947 0.177436 3.79406 -0.0147408 4496.73 0.00069486 1 -0.0590616 -0.156693 0.05 13325.2
0 1621 2 phononTF 0.0019547 0.25215 4.62685 -0.0381139 5191.34 0.00069486 1 0.0462918 -0.118779 0.05 26082.1
0 1627 3 phononTS 0.00229828 -1.19204 3.62591 -0.0170208 5677.18 0.00034743 1 0.0921054 -0.168157 0.05 18416.6
0 1630 5 phononL 0.00270447 2.64973 1.69027 -0.0110184 11282.9 0.00104229 1 0.0615312 -0.263097 0.05 24171.2
0 1630 6 phononTF 0.000693426 0.0615312 -0.263097 0.049999 24171.2 0.00034743 1 0.0312144 -0.102296 0.05 24253.7
0 1636 5 phononL 0.0022673 1.91661 4.21499 0.0413201 13785.9 0.00138972 1 0.0936637 -0.140774 0.05 45704.4
0 1782 2 phononTF 0.00199702 1.16757 3.68452 -0.0138798 3554.89 0.00069486 1 -0.113072 -0.168019 0.05 17069.1
0 1784 3 phononL 0.00235679 0.170454 4.11165 -0.0171183 282.142 0.00069486 1 -0.0120631 -0.198584 0.05 12314.2
0 1816 3 phononTF 0.00174662 1.4583 3.80715 0.00509303 13903.9 0.00069486 1 -0.0723758 -0.254617 0.05 61261.7
0 1869 3 phononTF 0.00260667 0.10753 3.16387 0.0272635 2948.5 0.00034743 1 0.0297995 -0.104278 0.05 8404.94
0 1883 2 phononL 0.00174444 0.65391 4.28436 -0.0265377 4177.02 0.00034743 1 0.0623345 -0.183024 0.05 64680.9
0 1897 3 phononTS 0.00220831 0.325091 4.36297 -0.0451967 883.764 0.00034743 1 -0.0409987 -0.279337 0.05 12871.5
0 1959 2 phononTS 0.00174708 0.309716 3.42247 -0.0294264 2084.48 0.00034743 1 -0.0516645 -0.12788 0.05 31237.5
0 1988 3 phononTF 0.00164432 -1.23271 3.23054 0.0400196 7862.83 0.00034743 1 0.0258712 -0.140483 0.05 32393
0 2021 2 phononL 0.00127422 -0.359745 4.68773 0.014632 1092.88 0.00069486 1 -0.0439722 -0.180788 0.05 49444.6
0 2031 2 phononTS 0.00162396 0.233797 4.49461 -0.00805019 208.989 0.00034743 1 -0.058035 -0.129142 0.05 9332.7
0 2031 6 phononTS 0.00106079 -0.058035 -0.129142 0.049999 9332.7 0.00034743 1 0.0401464 -0.16977 0.05 9503.59
0 2081 2 phononL 0.0017567 -0.0730322 3.98104 -0.00855666 6374.08 0.00034743 1 -0.0707007 -0.265903 0.05 21263.9
0 2117 2 phononL 0.00223446 -0.815426 3.51371 0.0093878 20083.8 0.00034743 1 -0.0249808 -0.231353 0.05 29126.7
0 2180 3 phononTS 0.00104962 -1.03883 4.19661 -0.0156741 15326.2 0.00034743 1 -0.0505031 -0.201595 0.05 38352.1
0 2196 2 phononTF 0.00164589 -0.433657 4.81229 -0.0169604 1305 0.00034743 1 -0.0331604 -0.233496 0.05 79624.6
0 2205 3 phononL 0.00112795 0.876511 1.43039 -0.031079 16868.2 0.00034743 1 0.0730624 -0.126911 0.05 67015.5
0 2210 2 phononTS 0.000841901 1.44801 4.51823 -0.0442739 4312.69 0.00034743 1 -0.0445265 -0.252191 0.05 26938.3
0 2222 3 phononTS 0.00273457 -2.15016 4.13493 -0.0351389 14453.5 0.00034743 1 0.0295325 -0.136354 0.05 42805.2
0 2262 2 phononTS 0.00137074 -0.0215342 4.67249 0.0349853 3530.16 0.00034743 1 -0.0427686 -0.238866 0.05 4923.7
0 2262 6 phononL 0.000735679 -0.0427686 -0.238866 0.049999 4923.7 0.00034743 1 -0.0961257 -0.214595 0.05 5755.48
0 2308 4 phononTS 0.00148453 -2.28071 3.95793 -0.0388667 14091 0.00069486 1 -0.10568 -0.247832 0.05 46404.2
0 2333 2 phononL 0.00226371 1.28917 3.66693 0.0306064 8791.33 0.00104229 1 -0.094664 -0.238931 0.05 35724.4
0 2358 2 phononL 0.00145744 1.39452 4.27215 0.0158213 4427.75 0.00034743 1 -0.0644567 -0.230852 0.05 22070.9
0 2412 3 phononTS 0.00167521 -0.208718 3.51495 0.0465715 6850.68 0.00069486 1 0.0674745 -0.236612 0.05 16727
0 2412 8 phononTF 0.000751991 0.0674745 -0.236612 0.049999 16727 0.00034743 1 -0.0505655 -0.119605 0.05 17894.9
0 2422 3 phononTS 0.00193896 0.401019 4.43327 -0.038667 4585.98 0.00034743 1 -0.0918998 -0.231061 0.05 64782.7
0 2485 4 phononTF 0.000954221 2.97524 4.0836 0.04024 40244.7 0.00034743 1 0.119725 -0.196124 0.05 66423.8
0 2504 3 phononTF 0.0026406 -1.42374 1.06518 0.0360012 54439.8 0.00069486 1 -0.0993256 -0.225441 0.05 63769.4
0 2507 3 phononTF 0.00226858 0.34325 4.76842 0.0139141 3274.96 0.00069486 1 0.100832 -0.158819 0.05 41993.3
0 2515 3 phononTF 0.00240328 1.52698 4.96259 0.0188442 3862.49 0.00069486 1 0.06023 -0.139458 0.05 85475.3
0 2515 4 phononTS 0.00104646 0.06023 -0.139458 0.049999 85475.3 0.00034743 1 -0.0313578 -0.303288 0.05 93604.5
0 2530 3 phononL 0.00168939 0.189258 4.16519 -0.0290258 45.2705 0.00069486 1 0.0855049 -0.196974 0.05 57980.8
0 2544 4 phononTS 0.000887887 1.27733 0.276795 -0.0088573 142553 0.00034743 1 -0.0302308 -0.209062 0.05 148171
0 2557 3 phononTS 0.00212537 0.341902 4.70509 -0.0179116 1590.75 0.00069486 1 0.0408081 -0.168843 0.05 43778
0 2557 4 phononTF 0.000499572 0.0408081 -0.168843 0.049999 43778 0.00034743 1 0.118012 -0.223653 0.05 44036
0 2571 2 phononTS 0.00112098 -0.424045 4.10471 0.0172272 828.402 0.00034743 1 -0.0532583 -0.295209 0.05 81845.5
0 2582 2 phononTS 0.00127986 0.722877 4.89469 -0.031392 1391.71 0.00034743 1 -0.0273004 -0.16395 0.05 21058.9
0 2585 2 phononTS 0.00219749 0.557364 4.5703 0.047479 2958.28 0.00034743 1 -0.0289499 -0.130087 0.05 39807
0 2592 3 phononL 0.00193092 -0.0541419 4.86514 -0.0159813 10334 0.00034743 1 0.0525659 -0.189374 0.05 24576.8
0 2592 4 phononTS 0.00108678 0.0525659 -0.189374 0.049999 24576.8 0.00034743 1 0.0473257 -0.178307 0.05 24632.8
0 2616 4 phononTF 0.00133693 0.285868 4.51491 -0.0326423 657.901 0.00069486 1 -0.0532506 -0.221058 0.05 20536.3
0 2639 2 phononTF 0.00169848 -0.107907 4.52587 -0.0465439 188.036 0.00034743 1 0.0850788 -0.244426 0.05 28436.9
0 2639 7 phononTF 0.000383994 0.0850788 -0.244426 0.049999 28436.9 0.00034743 1 0.0431702 -0.30199 0.05 28500.2
0 2645 2 phononTS 0.00133252 0.0371769 3.22582 -0.0368461 3788.54 0.00034743 1 -0.061023 -0.195899 0.05 39299
0 2645 5 phononTF 0.000395236 -0.061023 -0.195899 0.049999 39299 0.00034743 1 0.0426415 -0.110368 0.05 39387.7
0 2645 4 phononTF 0.000519962 -0.061023 -0.195899 0.049999 39299 0.00034743 1 -0.054466 -0.208344 0.05 39358.5
0 2713 4 phononL 0.00202795 0.481839 1.62746 0.013543 11325.5 0.00069486 1 0.0384565 -0.226398 0.05 32933.6
0 2713 10 phononTF 0.00105849 0.0384565 -0.226398 0.049999 32933.6 0.00034743 1 -0.114675 -0.217189 0.05 33124.3
0 2776 3 phononTF 0.00210708 0.221992 4.34542 0.0368036 20.7211 0.00069486 1 -0.0586435 -0.17912 0.05 29050.4
0 2796 3 phononTF 0.00260161 1.24398 3.52045 0.0104967 3195.88 0.00034743 1 -0.0339029 -0.20646 0.05 21628.9
0 2796 4 phononTF 0.000800843 -0.0339029 -0.20646 0.049998 21628.9 0.00034743 1 0.0469742 -0.171623 0.05 21762.1
0 2803 2 phononL 0.00214234 0.154791 2.30247 0.0378477 7567.6 0.00069486 1 0.0578593 -0.264455 0.05 9699.72
0 2835 2 phononL 0.00204495 0.215549 4.23439 -0.0451001 13.4798 0.00034743 1 -0.0635059 -0.228061 0.05 41995.2
0 2835 5 phononTS 0.00136779 -0.0635059 -0.228061 0.049999 41995.2 0.00069486 1 -0.0848439 -0.229019 0.05 42125
0 2835 9 phononTS 0.000519893 -0.0848439 -0.229019 0.049999 42125 0.00034743 1 -0.0737319 -0.187288 0.05 42193.4
0 2865 5 phononTF 0.00178453 0.363074 -0.26572 -0.035901 13479.1 0.00034743 1 -0.055917 -0.166555 0.05 92088.7
0 2865 6 phononTF 0.000393177 -0.055917 -0.166555 0.049999 92088.7 0.00034743 1 -0.0760378 -0.123338 0.05 92276.6
0 2868 5 phononTS 0.00145329 1.63673 1.70181 -0.0135041 6511.81 0.00034743 1 -0.0544312 -0.232677 0.05 61510.5
0 2903 3 phononTF 0.00186938 0.528279 4.328 0.0293349 1865.98 0.00069486 1 -0.0336732 -0.145571 0.05 11875.8
0 2925 3 phononTS 0.00140105 0.408101 4.1957 -0.00693854 1265.47 0.00069486 1 0.0143428 -0.170857 0.05 44808.2
0 2957 4 phononTS 0.00108943 -4.70893 4.28906 0.0108922 23811.5 0.00034743 1 0.0213507 -0.192391 0.05 48816.3
0 2981 2 phononL 0.00164125 0.23982 4.07273 -0.0021492 260.588 0.00069486 1 0.0332098 -0.107882 0.05 42065.6
0 3018 3 phononTS 0.00217552 0.18116 4.18387 -0.0223629 778.992 0.00069486 1 -0.0801039 -0.14712 0.05 71362.2
0 3018 4 phononTS 0.00105117 -0.0801039 -0.14712 0.049999 71362.2 0.00034743 1 -0.0598088 -0.131859 0.05 71421.2
0 3018 14 phononTS 0.000502346 -0.0598088 -0.131859 0.049999 71421.2 0.00034743 1 0.0294968 -0.0989306 0.05 72611.1
0 3038 2 phononTF 0.00250095 0.386183 4.44895 0.00859266 191.273 0.00034743 1 -0.0906598 -0.159682 0.05 4321.7
0 3065 3 phononTF 0.00142508 0.482892 4.42486 0.0348954 624.479 0.00069486 1 -0.0465429 -0.198764 0.05 85986
0 3111 4 phononTF 0.00159644 -0.060747 3.77615 -0.0219501 10384.4 0.00034743 1 -0.0406476 -0.203063 0.05 109197
0 3130 2 phononL 0.00252323 -0.741529 4.96883 0.0401109 19402 0.00034743 1 0.0645254 -0.154061 0.05 38141.5
0 3135 3 phononTS 0.00145757 0.639865 4.87581 -0.0425542 7073.35 0.00034743 1 -0.0574355 -0.221778 0.05 14008.4
0 3162 5 phononTS 0.00177774 0.178543 -0.672387 0.00408802 78447.5 0.00034743 1 0.0308063 -0.127558 0.05 91990.2
0 3276 3 phononTS 0.00109486 0.515047 2.36612 -0.0455713 5781.6 0.00034743 1 -0.0664301 -0.226066 0.05 26499.8
0 3279 3 phononTF 0.00242202 0.0650956 4.00879 -0.0126393 18305.5 0.00069486 1 -0.0150152 -0.222365 0.05 44868
0 3279 6 phononL 0.000412128 -0.0150152 -0.222365 0.049999 44868 0.00034743 1 -0.0544494 -0.19597 0.05 45086.3
0 3289 2 phononTS 0.0017269 0.564304 3.96319 -0.0311389 1018.72 0.00034743 1 0.018613 -0.17958 0.05 8396.93
0 3292 3 phononTS 0.00172831 0.220816 4.30977 0.0267352 23.313 0.00034743 1 0.0470647 -0.105493 0.05 4774.11
0 3397 2 phononTF 0.0016745 -0.684262 4.3072 -0.0352526 13840.8 0.00034743 1 -0.0156312 -0.182606 0.05 26209.6
0 3424 2 phononL 0.00161537 0.379165 4.07184 0.0048134 104.836 0.00034743 1 0.106301 -0.250703 0.05 65079.9
0 3425 3 phononTF 0.0022878 -0.373432 4.74147 -0.0130086 2105.2 0.00034743 1 0.0267696 -0.274251 0.05 71798
0 3437 3 phononTS 0.00217522 0.826747 3.58477 0.046557 21216.1 0.00034743 1 0.037769 -0.240944 0.05 54998.8
0 3454 2 phononTF 0.00118373 0.131686 3.86056 0.0442355 765.878 0.00034743 1 0.0421451 -0.133725 0.05 4483.5
0 3460 2 phononTF 0.0017978 0.898687 3.25643 -0.0300727 2139.61 0.00034743 1 -0.0659546 -0.293461 0.05 19208.7
0 3482 3 phononTF 0.00226007 -0.556543 4.0657 0.0407469 7737.5 0.00034743 1 -0.0349622 -0.235002 0.05 36920
0 3482 5 phononTS 0.000409696 -0.0349622 -0.235002 0.049999 36920 0.00034743 1 0.043679 -0.221063 0.05 37056.7
0 3482 4 phononTS 0.000931271 -0.0349622 -0.235002 0.049999 36920 0.00069486 1 -0.0840469 -0.206859 0.05 38042.6
0 3529 2 phononTF 0.00133702 -0.0629188 4.70574 0.0249253 8179.85 0.00069486 1 -0.0843262 -0.197438 0.05 17494.7
0 3564 4 phononTS 0.000940826 -0.962546 4.68134 -0.0117501 21095 0.00034743 1 -0.0641793 -0.212502 0.05 25156
0 3571 3 phononTS 0.00322903 0.437097 2.74653 0.0172308 7552.25 0.00104229 1 0.0838815 -0.16415 0.05 12861.2
0 3571 7 phononL 0.00165501 0.0838815 -0.16415 0.049999 12861.2 0.00104229 1 -0.0579603 -0.135858 0.05 12972.5
0 3609 3 phononTS 0.00137293 0.75826 4.03774 -0.00375912 2279.98 0.00034743 1 -0.0185271 -0.154549 0.05 8092.04
0 3627 2 phononTS 0.00161396 -0.861006 4.69127 0.0302655 5332.5 0.00034743 1 -0.0930128 -0.154223 0.05 80563.2
0 3672 2 phononL 0.00127754 0.521268 0.979448 -0.0366664 9019.39 0.00034743 1 0.112563 -0.238783 0.05 28293.3
0 3676 3 phononL 0.00203925 -0.750008 4.17017 -0.0331439 2628.02 0.00069486 1 0.0583243 -0.194049 0.05 36845.1
0 3701 2 phononTF 0.00250467 0.435799 4.71689 0.0387341 3097.79 0.00034743 1 -0.079414 -0.127274 0.05 41007.6
0 3701 4 phononTF 0.00158765 -0.079414 -0.127274 0.049999 41007.6 0.00069486 1 -0.0911646 -0.134354 0.05 41073.8
0 3714 3 phononTS 0.00296337 -1.75007 3.59909 -0.0463753 13028.1 0.00104229 1 0.0975653 -0.168917 0.05 25231.3
0 3813 4 phononTS 0.00198222 -0.283634 4.05076 0.0445196 5749.88 0.00104229 1 -0.0931517 -0.204302 0.05 61994
0 3817 4 phononTS 0.00113834 -1.76157 0.660029 0.0101643 15704.6 0.00034743 1 -0.0656713 -0.207215 0.05 26731.2
0 3823 2 phononTS 0.00118732 2.53402 2.69787 0.0164953 5499.81 0.00069486 1 0.0457087 -0.298842 0.05 22702.1
0 3827 3 phononTF 0.00201528 3.67466 4.77306 -0.040233 17098.3 0.00034743 1 -0.0518373 -0.108458 0.05 53205
0 3841 2 phononTS 0.00167085 2.71871 3.61234 0.0436386 5566.83 0.00069486 1 0.0410627 -0.187213 0.05 13914.2
0 3843 2 phononTS 0.00184044 2.54252 4.89854 -0.0397441 11364.4 0.00034743 1 0.0280756 -0.278674 0.05 42880.6
0 3849 5 phononTS 0.00129449 2.60384 4.44235 -0.036392 15245.8 0.00034743 1 -0.0398641 -0.151582 0.05 30731.6
0 3851 2 phononTS 0.000916514 -0.437666 4.31541 -0.029519 5014.39 0.00034743 1 -0.0668617 -0.219898 0.05 137155
0 3868 2 phononTS 0.0016158 -1.83253 4.58493 -0.0174671 12971 0.00069486 1 0.0224876 -0.192164 0.05 31290.1
0 3881 2 phononTS 0.00227814 -0.927753 4.82542 0.0218827 4606.57 0.00034743 1 0.105946 -0.233462 0.05 11340.7
0 3882 2 phononTS 0.00224441 1.66342 3.88528 0.00754184 4008.74 0.00034743 1 0.049575 -0.145757 0.05 16392.3
0 3918 3 phononTS 0.00246757 0.982839 2.70279 -0.00876719 6811.87 0.00034743 1 -0.0922475 -0.195377 0.05 16845.7
0 3935 3 phononTS 0.00130894 -0.617456 4.55773 0.00221685 32439.8 0.00034743 1 0.100975 -0.242283 0.05 52317.1
0 4018 3 phononTS 0.00144374 -0.331199 3.55024 0.0149851 2449.15 0.00034743 1 0.0276806 -0.219302 0.05 6313.26
0 4018 4 phononTS 0.000494441 0.0276806 -0.219302 0.049999 6313.26 0.00034743 1 -0.0598579 -0.113066 0.05 6396.76
0 4028 3 phononTS 0.0016658 -0.590665 4.24773 0.0462213 2305.26 0.00034743 1 -0.0583801 -0.190471 0.05 11064.7
0 4061 4 phononTS 0.00128737 2.52183 3.04616 -0.0143867 18317.7 0.00069486 1 0.0630151 -0.243526 0.05 39105.5
0 4075 3 phononTS 0.00226662 0.3736 4.25986 -0.00645456 20292.2 0.00104229 1 -0.0612181 -0.220201 0.05 25555.1
0 4109 2 phononTS 0.00072006 1.73543 2.96147 0.00481446 5008.07 0.00034743 1 0.0549774 -0.273889 0.05 45794.5
0 4155 2 phononTF 0.0022862 0.437298 3.784 -0.0471216 272.523 0.00034743 1 0.0469175 -0.120058 0.05 31021.3
0 4155 8 phononTF 0.000827413 0.0469175 -0.120058 0.049999 31021.3 0.00034743 1 0.0706677 -0.273951 0.05 31120.1
0 4170 3 phononL 0.00222139 0.789088 3.82151 0.041305 13607.8 0.00069486 1 -0.0924306 -0.205513 0.05 33769.2
0 4191 4 phononTF 0.000828051 -3.7527 3.83801 0.0165379 17421 0.00034743 1 -0.0762431 -0.157031 0.05 60863.6
0 4211 2 phononL 0.00202966 0.854269 4.28532 0.0454083 5394.23 0.00104229 1 -0.044319 -0.289189 0.05 13490.1
0 4279 3 phononTF 0.00199807 0.893238 4.4338 0.0347902 8081.49 0.00069486 1 -0.116745 -0.213415 0.05 20086
0 4308 4 phononTF 0.0011855 -0.283789 4.80973 0.00855689 1370.56 0.00034743 1 -0.118256 -0.221445 0.05 33903.2
0 4314 5 phononTF 0.00123807 -1.05866 -1.4799 0.0118159 33455.3 0.00034743 1 0.0441915 -0.114686 0.05 63333.5
0 4338 2 phononTS 0.000837813 0.365326 4.14998 -0.036431 1244.18 0.00034743 1 0.015305 -0.227782 0.05 18869
0 4379 2 phononTF 0.00209939 0.100022 4.47199 0.0299723 2566.73 0.00034743 1 0.107831 -0.18384 0.05 30270.3
0 4379 5 phononL 0.000651255 0.107831 -0.18384 0.049999 30270.3 0.00034743 1 0.0537588 -0.158772 0.05 31629.2
0 4379 4 phononTS 0.000486205 0.107831 -0.18384 0.049999 30270.3 0.00034743 1 -0.0792198 -0.173924 0.05 30472.8
0 4411 5 phononTF 0.00130722 0.117547 -1.20136 0.0121232 8521.46 0.00104229 1 0.0813061 -0.233149 0.05 13900.9
0 4496 2 phononTS 0.000675065 -0.353215 4.18922 -0.000171269 1943.34 0.00034743 1 0.0349294 -0.126645 0.05 4982.28
0 4497 2 phononTF 0.00284985 -1.17133 3.51565 -0.0372557 8081.81 0.00034743 1 0.107277 -0.183649 0.05 39802.3
0 4499 2 phononTS 0.00189565 1.5221 2.91384 0.00913149 12004.8 0.00034743 1 0.045064 -0.275323 0.05 22960.5
0 4547 3 phononTS 0.00139744 0.429823 3.9959 -0.0492185 775.221 0.00034743 1 -0.0619726 -0.254031 0.05 37732.3
0 4598 3 phononTF 0.00230194 0.256977 2.38861 -0.0194673 15798.3 0.00104229 1 0.0578062 -0.231382 0.05 49782.4
0 4618 5 phononTS 0.0014764 -1.6747 -0.345055 0.0466647 15227 0.00034743 1 -0.0293195 -0.201034 0.05 21645.5
0 4694 3 phononTF 0.00232363 -0.825889 3.7248 -0.0489708 1652.65 0.00104229 1 0.0790614 -0.12836 0.05 22856.1
0 4729 3 phononTS 0.00228727 1.06581 2.37978 0.00343644 12330.6 0.00069486 1 0.0497951 -0.175512 0.05 64216
0 4729 5 phononTF 0.00102244 0.0497951 -0.175512 0.049999 64216 0.00069486 1 -0.0514587 -0.23341 0.05 64288.5
0 4733 2 phononTS 0.00207933 0.507806 3.92028 0.0134983 3149.28 0.00104229 1 0.061649 -0.217348 0.05 20949.6
0 4748 5 phononTS 0.00207281 -1.0426 3.14227 0.0369474 14377.2 0.00034743 1 0.0698466 -0.207204 0.05 17690.2
0 4757 2 phononTS 0.00059824 -0.409923 4.55805 0.0305611 1420.96 0.00034743 1 0.0330435 -0.254161 0.05 8063.84
0 4775 4 phononTS 0.00110374 1.54664 3.38835 0.0481128 7297.57 0.00034743 1 0.0802076 -0.253377 0.05 59866.6
0 4779 3 phononTF 0.0023926 -0.68775 2.19142 -0.0382084 15182.3 0.00104229 1 0.101507 -0.222764 0.05 24191.5
0 4799 3 phononL 0.00266188 0.0732789 3.51094 0.0469225 12411.9 0.00034743 1 -0.0448569 -0.302572 0.05 53177.1
0 4801 4 phononTF 0.000905443 -0.0361524 1.86805 -0.0308884 16335.2 0.00034743 1 0.051969 -0.237116 0.05 81868.5
0 4812 2 phononTF 0.00183206 -1.06319 3.69481 -0.0394995 11091.5 0.00034743 1 0.0417312 -0.182835 0.05 61646.2
0 4812 4 phononTF 0.000677375 0.0417312 -0.182835 0.049999 61646.2 0.00034743 1 0.0797571 -0.205133 0.05 62185.8
0 4844 2 phononTS 0.00201819 -0.948436 2.92188 0.00928295 3086.41 0.00069486 1 -0.101241 -0.150962 0.05 86319.5
0 4844 7 phononTF 0.000774413 -0.101241 -0.150962 0.049999 86319.5 0.00034743 1 -0.0482123 -0.204927 0.05 90656
0 4865 3 phononTS 0.00186439 0.591348 3.75048 -0.0433392 2658.24 0.00034743 1 -0.0338508 -0.22632 0.05 9382.47
0 4865 6 phononTS 0.000726474 -0.0338508 -0.22632 0.049999 9382.47 0.00034743 1 -0.022153 -0.242853 0.05 9439.75
0 4896 3 phononTS 0.00216361 1.63293 4.97993 0.0440089 3417.63 0.00034743 1 0.0864753 -0.236703 0.05 70845.9
0 4903 2 phononTS 0.00187268 0.231083 4.12191 -0.00461462 333.695 0.00034743 1 -0.0407615 -0.25228 0.05 42859.2
0 4905 3 phononTS 0.00150199 -0.0853044 2.07821 -0.0173636 7813.44 0.00069486 1 -0.0574363 -0.254081 0.05 14248.3
0 4923 2 phononL 0.00090873 1.08924 4.29095 -0.0249858 10271.5 0.00034743 1 0.0403566 -0.284365 0.05 39662.2
0 4969 5 phononTF 0.00130858 -0.232685 3.07851 0.0321478 8580.31 0.00034743 1 0.0332808 -0.246084 0.05 34660.7
