Run ID,Event ID,Track ID,Particle Name,Start Energy [eV],Start X [mm],Start Y [mm],Start Z [mm],Start Time [ns],Energy Deposited [eV],Track Weight,End X [mm],End Y [mm],End Z [mm],Final Time [ns],Volume Name
0 5 3 phononTS 0.00235418 -3.11416 -1.92465 -0.0372168 7389.07 0.00069486 1 -0.0398066 -0.119525 0.05 11806.9
0 14 3 phononTS 0.00235477 -4.95432 -2.87803 -0.0322782 409.211 0.00069486 1 0.0815315 -0.174633 0.05 46103.1
0 50 2 phononTS 0.00212133 -4.28703 1.62833 0.00798387 14891.4 0.00034743 1 -0.0431309 -0.220187 0.05 88602.5
0 85 5 phononTS 0.00167503 -4.64629 0.923052 -0.0252181 18245.7 0.00069486 1 -0.0340849 -0.278438 0.05 58123.6
0 96 2 phononTF 0.0017888 -4.85451 -3.15784 0.0176676 1793.36 0.00034743 1 0.032765 -0.257694 0.05 6661.77
0 132 5 phononTF 0.00158479 -0.786029 3.15594 0.040583 27914 0.00034743 1 0.11005 -0.214008 0.05 57227.6
0 156 3 phononTS 0.00106291 -3.72193 -3.59494 0.0405732 13250.3 0.00069486 1 -0.0398373 -0.301145 0.05 24763.4
0 189 4 phononTS 0.00146057 1.90872 -1.69705 0.0083883 20641.6 0.00069486 1 0.0925279 -0.254418 0.05 22617.4
0 208 3 phononTF 0.00248862 -4.12597 -3.87677 -0.0472378 5733.65 0.00034743 1 0.0510168 -0.167876 0.05 35138.4
0 223 5 phononTS 0.00216726 -4.64012 -3.03024 -0.00685038 1361.54 0.00034743 1 -0.0775299 -0.21141 0.05 16746.4
0 232 4 phononTS 0.00161518 -0.195188 0.0625321 0.032539 32230.9 0.00034743 1 0.0389725 -0.120047 0.05 33536.6
0 240 3 phononL 0.00192629 -4.70193 -1.20354 -0.0434056 7595.18 0.00069486 1 0.0795677 -0.227584 0.05 55039.1
0 240 4 phononTF 0.000897772 0.0795677 -0.227584 0.049999 55039.1 0.00034743 1 0.0832728 -0.165859 0.05 55121.9
0 292 5 phononTS 0.000882058 -0.859993 4.09525 -0.0360882 48700.9 0.00034743 1 -0.0693388 -0.122787 0.05 59227.9
0 313 4 phononTF 0.00201415 -4.06487 -3.90918 0.0145183 5176.78 0.00034743 1 0.0570862 -0.119965 0.05 23946.8
0 336 3 phononTS 0.00145014 -4.25338 -3.21361 -0.00893873 1610.08 0.00034743 1 -0.0334631 -0.1486 0.05 75151.4
0 374 5 phononTF 0.00135598 -4.73798 -4.1961 -0.0173317 34516.9 0.00034743 1 0.092945 -0.143805 0.05 53199.5
0 386 5 phononTF 0.001094 2.2231 -2.67254 0.0297879 31703.8 0.00034743 1 0.0567218 -0.24001 0.05 51385.5
0 386 2 phononTS 0.0012244 -4.59451 -2.82879 -0.0202381 2944.42 0.00069486 1 0.0723057 -0.229769 0.05 13892.4
0 421 4 phononL 0.00149834 -4.97588 -3.61656 -0.0212359 14335.7 0.00034743 1 -0.0285578 -0.248516 0.05 28825.8
0 423 2 phononTF 0.00175909 -3.65176 -2.54453 -0.0257458 3414.34 0.00069486 1 0.0543174 -0.0997298 0.05 12918.2
0 464 3 phononTS 0.00160444 -4.27566 -2.16772 0.0197639 1234.16 0.00069486 1 -0.0432168 -0.283829 0.05 32036.9
0 464 7 phononTS 0.000444573 -0.0432168 -0.283829 0.049999 32036.9 0.00034743 1 -0.104338 -0.204236 0.05 32113.7
0 468 2 phononTS 0.00148111 -2.01486 -3.77426 -0.0149743 18393.1 0.00069486 1 0.0266565 -0.133855 0.05 39338.3
0 492 5 phononTS 0.00174854 -4.88291 -2.74388 -0.0135766 6156.29 0.00069486 1 -0.0394821 -0.120296 0.05 51654.6
0 502 2 phononL 0.0017326 -4.52275 -1.84328 0.0168849 3479.66 0.00034743 1 -0.0352882 -0.256516 0.05 13233.6
0 536 4 phononTF 0.00124573 -3.89436 -4.26674 -0.00304919 30177.3 0.00034743 1 -0.0151466 -0.19279 0.05 63575.2
0 604 5 phononTS 0.000485268 2.38937 -1.56807 -0.0463341 95944.6 0.00034743 1 -0.0891628 -0.215422 0.05 127573
0 633 5 phononL 0.00128705 -1.45171 -0.499017 -0.0124492 60367.4 0.00069486 1 0.0692464 -0.176092 0.05 62216.4
0 633 4 phononTS 0.00145282 -1.45171 -0.499017 -0.0124492 60367.4 0.00034743 1 -0.0893486 -0.222282 0.05 81077.4
0 677 3 phononTS 0.00195696 -4.67923 -3.02691 -0.0102393 808.495 0.00069486 1 0.0483333 -0.163017 0.05 34412.8
0 685 4 phononTF 0.000716557 -4.583 -2.25976 0.0143557 10507.6 0.00034743 1 -0.0866752 -0.224568 0.05 80919.1
0 722 3 phononTS 0.00229419 -4.55317 -2.9158 0.0398442 5896.59 0.00069486 1 -0.00964197 -0.207158 0.05 13351.5
0 722 9 phononTS 0.00116425 -0.00964197 -0.207158 0.049999 13351.5 0.00069486 1 -0.0455916 -0.149504 0.05 13418.2
0 740 2 phononTS 0.00217516 -0.945018 -1.44392 -0.0370366 12211.8 0.00069486 1 -0.0243108 -0.183085 0.05 12861.1
0 767 4 phononTS 0.00094717 -4.49483 -1.79433 -0.0451369 4159.79 0.00034743 1 -0.0981136 -0.198058 0.05 120109
0 767 8 phononTF 0.000376615 -0.0981136 -0.198058 0.049999 120109 0.00034743 1 0.0346324 -0.266579 0.05 120201
0 891 3 phononTF 0.00232772 -4.28432 -3.70161 -0.0444076 9241.16 0.00069486 1 0.094822 -0.148801 0.05 102969
0 921 2 phononL 0.00182861 -4.56477 -3.51431 -0.046847 5362.24 0.00104229 1 0.0779792 -0.155857 0.05 32060.9
0 924 4 phononTF 0.00093914 -0.755188 -1.21591 -0.0474559 28276.1 0.00034743 1 -0.0314233 -0.291423 0.05 33131.9
0 926 2 phononTS 0.00148712 -4.38994 -1.59717 0.016668 6152.7 0.00034743 1 0.0313785 -0.150862 0.05 24408.3
0 926 5 phononTF 0.00107101 0.0313785 -0.150862 0.049999 24408.3 0.00034743 1 0.11735 -0.17336 0.05 25516.5
0 958 5 phononTS 0.00147398 0.0138723 -4.53999 -0.032668 14828.4 0.00034743 1 -0.0378699 -0.207247 0.05 27678.4
0 967 2 phononTF 0.00182833 -4.57703 -1.72878 0.0456918 8065.8 0.00034743 1 0.0720084 -0.222909 0.05 24951.8
0 967 6 phononTS 0.000490862 0.0720084 -0.222909 0.049999 24951.8 0.00034743 1 0.113393 -0.185325 0.05 25091.1
0 1002 3 phononTS 0.00169427 -4.23536 -3.61222 -0.030876 2459.84 0.00034743 1 0.0827572 -0.145942 0.05 64825.6
0 1048 3 phononTS 0.00195808 -4.95334 -3.14005 -0.0473861 2112.8 0.00034743 1 0.0257393 -0.120345 0.05 58240.4
0 1048 5 phononTF 0.00106439 0.0257393 -0.120345 0.049999 58240.4 0.00034743 1 -0.0452966 -0.285169 0.05 58330.2
0 1071 3 phononTS 0.00201076 -4.52332 -1.97927 0.00424471 2562.49 0.00069486 1 -0.0460273 -0.288811 0.05 42767
0 1096 3 phononTS 0.00263483 -4.03466 -2.55526 -0.0267929 3408.83 0.00069486 1 -0.0797247 -0.136823 0.05 21223.9
0 1101 3 phononTF 0.00231842 -3.29343 -3.7747 0.0330557 3198.23 0.00138972 1 -0.105155 -0.151266 0.05 22261.2
0 1103 2 phononTS 0.000491859 -4.01125 -3.0295 -0.00273073 2068.12 0.00034743 1 0.0752913 -0.19146 0.05 60331.3
0 1119 2 phononTF 0.00123496 -4.12235 -4.19651 -0.0393385 7305.2 0.00034743 1 0.0923694 -0.176961 0.05 48711.4
0 1121 4 phononTF 0.000877739 -4.87764 -2.67739 0.0421003 17664.4 0.00034743 1 0.0749561 -0.140361 0.05 26175.1
0 1126 3 phononL 0.00190901 -4.77965 -2.90583 -0.034673 11700 0.00034743 1 -0.0759678 -0.254996 0.05 24789.5
0 1130 3 phononTS 0.00249053 -4.52737 -2.92466 0.0364838 74.2529 0.00069486 1 -0.0684315 -0.161045 0.05 5359.42
0 1130 7 phononTF 0.00106954 -0.0684315 -0.161045 0.049999 5359.42 0.00034743 1 -0.0301289 -0.167913 0.05 5417.81
0 1144 3 phononTS 0.00276842 -3.45151 -1.64136 0.0154861 10956.7 0.00104229 1 0.033171 -0.153889 0.05 29483.6
0 1150 5 phononL 0.00164997 -3.13178 -0.133601 0.0340565 63202 0.00069486 1 -0.0722048 -0.126999 0.05 84872.9
0 1189 3 phononL 0.00189516 -4.60339 -3.9788 0.0387434 6296.33 0.00034743 1 0.0240033 -0.266921 0.05 40177.4
0 1189 5 phononL 0.000457816 0.0240033 -0.266921 0.049999 40177.4 0.00034743 1 0.0350751 -0.118152 0.05 40476.4
0 1193 5 phononTS 0.00186657 -4.43055 -1.95894 -0.0049339 22248.9 0.00034743 1 -0.0836195 -0.142815 0.05 51594.8
0 1193 6 phononL 0.00139196 -0.0836195 -0.142815 0.049998 51594.8 0.00034743 1 0.0397571 -0.161501 0.05 51913
0 1227 2 phononL 0.00146757 -3.75539 -2.71706 0.0455906 5076.77 0.00069486 1 0.0835707 -0.123438 0.05 25307.6
0 1229 2 phononTS 0.00126924 -4.53201 -2.11489 0.0363628 1276.29 0.00034743 1 0.0736269 -0.207253 0.05 6821.44
0 1234 4 phononTF 0.00104025 -4.90153 -3.00483 0.0223723 8572.57 0.00069486 1 0.0505123 -0.109271 0.05 18910.5
0 1244 2 phononTS 0.00184445 -4.64163 -4.3432 -0.0200972 15757.7 0.00104229 1 -0.0689517 -0.264949 0.05 66491.7
0 1250 5 phononL 0.00136591 -0.666442 0.244376 -0.0149096 63999.4 0.00034743 1 -0.0539849 -0.137971 0.05 74908.5
0 1250 7 phononTS 0.000395066 -0.0539849 -0.137971 0.049999 74908.5 0.00034743 1 0.0195809 -0.181361 0.05 75191.2
0 1258 2 phononTS 0.00145496 -2.37293 -2.22125 -0.0267635 17947.9 0.00069486 1 -0.113595 -0.179199 0.05 21003.3
0 1266 2 phononTS 0.00114886 -3.40968 -2.46026 -0.00204944 4016.49 0.00034743 1 -0.0559019 -0.148175 0.05 7484.28
0 1284 4 phononTS 0.00108634 1.55807 -2.17855 0.0198955 41287.1 0.00034743 1 -0.0402789 -0.107205 0.05 43554.6
0 1291 2 phononTS 0.00192839 -4.21269 -3.35373 0.0335636 15448.5 0.00069486 1 -0.0604104 -0.281735 0.05 25821
0 1294 3 phononTF 0.00127897 -4.55015 -2.59727 0.0472185 182.199 0.00069486 1 0.0503412 -0.172849 0.05 17483.3
0 1350 4 phononTS 0.00108569 -4.53832 -3.1101 0.0315645 2513.23 0.00034743 1 -0.0791166 -0.219752 0.05 14354.6
0 1388 3 phononTS 0.00212174 -4.87591 -2.19042 -0.026878 13534.3 0.00034743 1 0.041432 -0.143939 0.05 39696.8
0 1388 7 phononTS 0.000740981 0.041432 -0.143939 0.049998 39696.8 0.00034743 1 0.0480147 -0.161861 0.05 39892
0 1388 4 phononTS 0.000768509 0.041432 -0.143939 0.049998 39696.8 0.00034743 1 -0.0677231 -0.219398 0.05 39777.1
0 1460 3 phononTS 0.00123298 0.126575 -4.15997 -0.025418 14713.4 0.00034743 1 0.0851695 -0.153107 0.05 20999.2
0 1472 5 phononTS 0.00108257 -4.79679 -0.548816 0.0309347 4379.23 0.00034743 1 -0.0772866 -0.187822 0.05 29521.1
0 1505 5 phononL 0.000809828 -2.12669 0.628617 0.00871516 19845.5 0.00034743 1 0.0425949 -0.206467 0.05 35291.2
0 1537 2 phononTF 0.00191016 -4.90812 -1.67345 0.0283922 5248.74 0.00034743 1 0.0297409 -0.110138 0.05 66605.7
0 1656 3 phononTS 0.00164301 -4.93637 -2.45312 -0.0414329 5275.02 0.00034743 1 -0.118851 -0.18341 0.05 23232.5
0 1656 5 phononL 0.000395212 -0.118851 -0.18341 0.049999 23232.5 0.00034743 1 -0.0552703 -0.100783 0.05 23321.6
0 1703 3 phononTF 0.00148525 -4.50691 -2.75299 -0.00964817 2022.75 0.00069486 1 0.0416773 -0.274662 0.05 109847
0 1799 3 phononTS 0.0021034 -4.37721 -2.04394 0.0451818 1141.29 0.00069486 1 -0.0212899 -0.166466 0.05 4728.49
0 1852 2 phononTS 0.00178554 -4.57261 -3.05271 -0.014412 5670.72 0.00034743 1 -0.0388882 -0.210577 0.05 36994.4
0 1891 3 phononTF 0.00300171 -4.31563 -2.51229 0.0483114 12717.2 0.00034743 1 -0.0306702 -0.146367 0.05 31326.1
0 1891 4 phononTS 0.00183064 -0.0306702 -0.146367 0.049999 31326.1 0.00069486 1 -0.0426828 -0.128542 0.05 31382
0 1895 3 phononTS 0.00247966 -3.87323 -2.68102 -0.0252888 6663.94 0.00069486 1 -0.0885586 -0.13561 0.05 12303.3
0 1895 4 phononTS 0.00110548 -0.0885586 -0.13561 0.049999 12303.3 0.00034743 1 -0.0250628 -0.263386 0.05 12473.9
0 1900 5 phononTS 0.00171821 -3.64764 -4.22303 0.0341874 3379.99 0.00069486 1 0.0362899 -0.256976 0.05 17951.1
0 1900 2 phononTF 0.00152025 -4.26485 -2.45681 0.0328567 1471.73 0.00034743 1 -0.0929233 -0.132143 0.05 61849.1
0 1915 2 phononTF 0.00250081 -4.63893 -2.79599 0.0310314 334.385 0.00034743 1 -0.0511371 -0.250304 0.05 16146.8
0 1945 5 phononTF 0.00138306 -1.71187 -1.19654 0.0480781 28855.8 0.00034743 1 -0.0383379 -0.192702 0.05 30195.8
0 1978 3 phononTS 0.00168702 -4.80387 -2.5156 -0.0246759 6383.28 0.00069486 1 0.0754428 -0.193841 0.05 13917.9
0 1988 2 phononTS 0.00103598 -1.05968 -1.75404 0.0202338 15982.9 0.00034743 1 0.0187806 -0.179451 0.05 19135.7
0 1999 2 phononTS 0.0012394 -4.96291 -2.63679 0.00506033 442.631 0.00034743 1 0.0806953 -0.149927 0.05 7580.01
0 2025 3 phononTF 0.00247401 -1.56983 -0.884273 -0.0173527 9040.93 0.00034743 1 -0.100458 -0.15696 0.05 21070.2
0 2041 2 phononL 0.00158394 -4.75657 -2.74177 0.000530229 1.98475 0.00069486 1 -0.0653891 -0.251475 0.05 22524.3
0 2058 4 phononTF 0.00113429 -4.91542 1.94333 -0.0277482 23073.7 0.00069486 1 -0.0760862 -0.150018 0.05 69354.8
0 2064 2 phononTS 0.000964389 -2.84116 -4.1118 -0.0437059 5495.83 0.00034743 1 -0.0596058 -0.297261 0.05 37547.7
0 2085 5 phononL 0.00073303 -3.68625 -0.117043 0.0245314 5960.1 0.00034743 1 0.069291 -0.248538 0.05 26691.5
0 2093 2 phononL 0.00177615 -2.17511 -1.97296 -0.0440094 5838.1 0.00069486 1 0.0755665 -0.170389 0.05 24159.5
0 2209 3 phononTF 0.00188725 -4.94664 -2.55909 0.0478498 7989.56 0.00069486 1 0.0761533 -0.120507 0.05 26295.5
0 2227 2 phononL 0.00129003 -4.71641 -2.83329 -0.00239974 172.49 0.00069486 1 0.0280781 -0.138215 0.05 12901.3
0 2271 5 phononTS 0.00217575 -4.18676 1.63967 0.021207 20427.6 0.00069486 1 0.0738738 -0.279161 0.05 25476
0 2278 3 phononTS 0.0022099 -2.58554 -1.63975 -0.019799 12501.8 0.00034743 1 -0.0554156 -0.226089 0.05 43715.2
0 2278 4 phononL 0.000777014 -0.0554156 -0.226089 0.049999 43715.2 0.00034743 1 0.0317981 -0.221206 0.05 43939.3
0 2334 3 phononTS 0.00201278 -4.57711 -1.59325 0.0481594 3983.25 0.00069486 1 0.020492 -0.170211 0.05 89850.4
0 2377 3 phononTF 0.00216688 -4.57972 -2.81153 -0.0131113 5754.25 0.00069486 1 -0.0413544 -0.249438 0.05 40331.3
0 2377 4 phononTS 0.000365246 -0.0413544 -0.249438 0.049999 40331.3 0.00034743 1 -0.0925525 -0.210541 0.05 40533.7
0 2393 3 phononTF 0.0024532 -4.96407 -2.56533 -0.0105924 1264.98 0.00069486 1 -0.0644602 -0.125913 0.05 80481.8
0 2401 4 phononTS 0.00118023 -3.70774 -2.96101 0.0274318 8565.78 0.00034743 1 -0.0530083 -0.125927 0.05 40269.1
0 2449 2 phononTS 0.00084899 -4.33333 -4.05183 0.0453105 9449.26 0.00034743 1 0.0715553 -0.169384 0.05 22820.6
0 2449 6 phononTF 0.000381651 0.0715553 -0.169384 0.049999 22820.6 0.00034743 1 0.0362388 -0.10363 0.05 22886.3
0 2461 3 phononTS 0.00154149 -4.14638 -2.4048 0.0378868 2118.99 0.00034743 1 0.0426994 -0.19213 0.05 24176.5
0 2486 3 phononTS 0.00122449 -4.80011 -2.90531 -0.041699 250.108 0.00034743 1 -0.0514347 -0.186963 0.05 35508.9
0 2532 4 phononTF 0.00120013 4.34458 -3.69048 -0.0107487 27524.5 0.00069486 1 -0.0451011 -0.243854 0.05 46287.4
0 2555 2 phononTF 0.00233662 -4.80409 -0.94975 0.00878436 7699.15 0.00034743 1 -0.0279678 -0.292029 0.05 32681.5
0 2580 3 phononTF 0.00182603 -4.67764 -1.97874 -0.00959144 14689.5 0.00069486 1 -0.113747 -0.213318 0.05 26709.4
0 2630 2 phononTF 0.00113453 -3.94829 -2.97813 -0.00398901 1434.18 0.00034743 1 -0.0677606 -0.213947 0.05 11662.7
0 2693 5 phononTS 0.000844863 -4.40155 -1.3063 0.0183274 10975 0.00034743 1 -0.0552654 -0.101702 0.05 54194.5
0 2706 3 phononTF 0.00210863 -4.72129 -2.47632 0.0240144 470.689 0.00034743 1 -0.0597227 -0.141771 0.05 17465.6
0 2706 5 phononTF 0.00118616 -0.0597227 -0.141771 0.049998 17465.6 0.00034743 1 -0.0674258 -0.135143 0.05 17525
0 2718 3 phononTF 0.0009029 -4.56317 -2.88929 0.00245068 224.198 0.00034743 1 -0.044779 -0.200284 0.05 32296.1
0 2780 6 phononTS 0.000926228 -3.87433 0.0797192 0.00889832 17982.4 0.00034743 1 -0.0269285 -0.202656 0.05 52183.2
0 2780 9 phononTS 0.000363738 -0.0269285 -0.202656 0.049999 52183.2 0.00034743 1 -0.0953168 -0.132915 0.05 52256.8
0 2782 4 phononTS 0.00117376 -3.60045 0.825701 0.0266666 14567.9 0.00034743 1 0.0140633 -0.227833 0.05 37328.4
0 2795 6 phononTS 0.00127229 -0.968053 -2.5534 -0.0488966 30750.6 0.00034743 1 0.067812 -0.179191 0.05 93779.1
0 2804 2 phononTS 0.00243721 -4.16639 -2.1659 0.0282023 1910.82 0.00069486 1 0.0410009 -0.266654 0.05 59303.4
0 2807 2 phononTF 0.00116285 -2.31202 -3.56749 -0.0209214 18669.3 0.00069486 1 0.0984642 -0.184458 0.05 79373.5
0 2844 2 phononTF 0.00247231 -3.40465 -4.46002 0.0193755 9293.94 0.00034743 1 0.0411062 -0.212472 0.05 48162.9
0 2844 5 phononTF 0.000548236 0.0411062 -0.212472 0.049999 48162.9 0.00034743 1 0.0454039 -0.272218 0.05 48224.4
0 2888 5 phononTF 0.000996922 -4.41827 4.07755 -0.0448877 28677.4 0.00034743 1 -0.0351243 -0.234605 0.05 67003.7
0 2902 2 phononTF 0.00123923 -4.89237 -2.57744 0.0153175 44.3898 0.00034743 1 -0.0592045 -0.283142 0.05 33313.6
0 2981 2 phononL 0.00214481 -4.10667 -2.27153 -0.00959256 4252.11 0.00104229 1 -0.0557023 -0.272217 0.05 11440.9
0 2983 3 phononTF 0.00182274 -3.16078 -1.33107 0.014461 15596.5 0.00069486 1 -0.0151622 -0.180138 0.05 23255.5
0 2989 3 phononTS 0.00243201 -3.634 -3.80882 -0.0393686 18986.9 0.00034743 1 -0.0936806 -0.13204 0.05 76290.4
0 2989 6 phononTS 0.0014978 -0.0936806 -0.13204 0.049999 76290.4 0.00069486 1 -0.0779665 -0.259702 0.05 76902.8
0 3038 3 phononTS 0.00163033 -4.75104 -3.64542 -0.0485605 1309.45 0.00069486 1 -0.0842579 -0.277126 0.05 12712.4
0 3038 4 phononTF 0.000432912 -0.0842579 -0.277126 0.049999 12712.4 0.00034743 1 -0.0952891 -0.259971 0.05 12771.2
0 3084 3 phononTS 0.0022596 -4.82975 -2.31215 0.0353971 2466.85 0.00034743 1 -0.0498239 -0.222815 0.05 5327.17
0 3169 4 phononTF 0.00106826 2.35799 -3.20904 0.0382083 35828.8 0.00034743 1 -0.110688 -0.170694 0.05 96410.5
0 3193 2 phononTS 0.00228624 -1.99986 -4.72212 0.042191 18888.1 0.00104229 1 -0.0939409 -0.134986 0.05 37711.1
0 3243 2 phononTS 0.00125307 -4.32956 -2.66249 -0.0176078 5154.55 0.00069486 1 0.0677286 -0.125833 0.05 189623
0 3279 2 phononTF 0.00204311 -4.97943 -2.80735 0.0114109 377.376 0.00069486 1 -0.0285956 -0.231084 0.05 67686
0 3286 3 phononL 0.00180885 -4.75186 -1.97745 0.0169213 633.573 0.00034743 1 -0.0988666 -0.19053 0.05 30821.6
0 3294 2 phononL 0.00113591 -4.56487 -1.92234 0.000234259 3730.45 0.00034743 1 -0.0521611 -0.209308 0.05 35629.9
0 3294 6 phononTF 0.000523917 -0.0521611 -0.209308 0.049998 35629.9 0.00034743 1 0.0959368 -0.141385 0.05 35870.5
0 3297 5 phononTF 0.00133887 -3.35494 -3.88762 0.0457376 22624.6 0.00034743 1 0.0663222 -0.254729 0.05 51752.3
0 3306 7 phononTS 0.00127356 -4.2119 -4.02644 -0.0493947 11158 0.00034743 1 -0.0317762 -0.226828 0.05 20029.3
0 3311 5 phononL 0.00172599 -2.374 -4.44263 -8.1039e-06 8925.86 0.00034743 1 0.0211146 -0.181769 0.05 67716.8
0 3311 6 phononTS 0.00116662 0.0211146 -0.181769 0.049998 67716.8 0.00034743 1 0.0159101 -0.188672 0.05 67773.7
0 3326 2 phononTS 0.00169095 -3.36475 -1.73715 -0.0278168 12933.6 0.00034743 1 -0.10029 -0.150182 0.05 20054.7
0 3341 2 phononTF 0.00186203 -3.25113 -4.79464 0.0433072 14501.6 0.00069486 1 0.0286086 -0.106923 0.05 30530.6
0 3341 9 phononTF 0.000403159 0.0286086 -0.106923 0.049999 30530.6 0.00034743 1 0.0627992 -0.214251 0.05 33301.8
0 3352 3 phononL 0.0018945 -4.86484 -2.34867 -0.0461675 5534.23 0.00034743 1 0.0796882 -0.209787 0.05 16510.4
0 3355 5 phononTS 0.00071935 -0.837844 -3.93777 -0.0313953 12694.3 0.00034743 1 -0.0234427 -0.225638 0.05 44167.3
0 3452 3 phononTF 0.00228374 -4.80067 -2.85209 0.0349845 815.703 0.00034743 1 -0.047582 -0.159876 0.05 31449.7
0 3465 6 phononTF 0.000795815 3.07168 -4.55213 -0.0248012 97669.1 0.00034743 1 -0.0616303 -0.138879 0.05 165444
0 3465 9 phononTS 0.000383387 -0.0616303 -0.138879 0.049999 165444 0.00034743 1 0.0620636 -0.281788 0.05 165978
0 3485 2 phononTF 0.00165365 -3.86215 -1.87478 0.0209343 3331.29 0.00104229 1 0.0991437 -0.200689 0.05 40122
0 3489 2 phononTF 0.00237346 -2.61591 -3.57051 -0.00138086 7550.34 0.00034743 1 -0.0380709 -0.253571 0.05 43752.1
0 3495 5 phononTS 0.00161237 -4.23349 -3.14151 0.0433312 10842 0.00034743 1 0.104528 -0.177903 0.05 22884.3
0 3507 3 phononTF 0.00238178 -4.22825 -3.32819 -0.00349652 4693.45 0.00034743 1 0.0222161 -0.209783 0.05 37887.6
0 3507 5 phononL 0.00139808 0.0222161 -0.209783 0.049999 37887.6 0.00034743 1 0.0354056 -0.226807 0.05 37983.6
0 3512 3 phononTS 0.00191829 -4.42579 -2.3881 0.0322512 2837.67 0.00034743 1 -0.0843818 -0.154663 0.05 68784.1
0 3517 3 phononTF 0.00238656 -4.97462 -2.05296 -0.000809662 1876.33 0.00069486 1 0.093628 -0.165806 0.05 8629.54
0 3517 4 phononTF 0.000892452 0.093628 -0.165806 0.049999 8629.54 0.00034743 1 -0.0414671 -0.122802 0.05 36918.5
0 3518 2 phononTS 0.00167938 -4.10933 -2.98731 -0.0200896 3668.18 0.00069486 1 0.0687625 -0.234958 0.05 25384.6
0 3571 2 phononTS 0.00137628 -3.00871 -1.79205 -0.00448556 8925.75 0.00034743 1 0.0799384 -0.250718 0.05 43300.9
0 3585 2 phononTS 0.00226976 -4.47278 -2.53527 0.0167202 664.208 0.00034743 1 -0.0330589 -0.245747 0.05 9999.06
0 3599 3 phononTF 0.00147487 -3.90401 -1.47938 -0.0272244 6315.08 0.00034743 1 -0.0254633 -0.265508 0.05 40867.5
0 3619 3 phononTF 0.0016135 -4.04347 -1.73019 -0.0289249 20898 0.00034743 1 -0.0255062 -0.242602 0.05 42028.7
0 3665 3 phononTF 0.00171486 -2.79553 -2.00873 -0.0352832 9857.9 0.00104229 1 0.114646 -0.212893 0.05 56674.6
0 3713 5 phononTF 0.00169811 -0.635319 -0.585667 -0.0267691 21752.1 0.00034743 1 0.0759313 -0.163136 0.05 22290.1
0 3713 6 phononTS 0.00118617 0.0759313 -0.163136 0.049999 22290.1 0.00034743 1 0.0556936 -0.134506 0.05 22353.8
0 3713 11 phononTF 0.000399608 0.0556936 -0.134506 0.049999 22353.8 0.00034743 1 0.0570798 -0.222446 0.05 22485
0 3718 2 phononTF 0.00196581 -4.17983 -2.97231 -0.0260065 5001.83 0.00034743 1 -0.0116258 -0.211478 0.05 41424
0 3731 2 phononTF 0.00235627 -4.8174 -2.73405 0.0432157 901.631 0.00069486 1 -0.0691376 -0.203435 0.05 84695.3
0 3734 2 phononTF 0.0017134 -4.44964 -4.23272 0.0127131 16574.2 0.00069486 1 0.0517019 -0.107039 0.05 80638.5
0 3757 3 phononTF 0.00331463 -4.12318 -4.09874 -0.0301515 8920.96 0.00034743 1 -0.0449109 -0.276637 0.05 42425.8
0 3760 2 phononTF 0.00193449 -3.92582 -1.83894 -0.0023375 10249.7 0.00104229 1 0.0528382 -0.144864 0.05 48542.2
0 3770 5 phononTS 0.00142473 -4.70258 -2.64687 0.0229663 875.635 0.00034743 1 0.119204 -0.189967 0.05 88025.7
0 3798 5 phononL 0.00124933 0.854279 -2.11323 0.00672356 8495.37 0.00034743 1 -0.0609833 -0.165143 0.05 81313.3
0 3798 7 phononTS 0.000487732 -0.0609833 -0.165143 0.049999 81313.3 0.00034743 1 -0.066376 -0.172467 0.05 81397.3
0 3798 6 phononTS 0.000363182 -0.0609833 -0.165143 0.049999 81313.3 0.00034743 1 -0.0776798 -0.172053 0.05 81377.5
0 3799 2 phononTF 0.00136197 -4.69093 -3.80867 0.028729 3713.37 0.00034743 1 0.0585078 -0.259205 0.05 12759.8
0 3799 6 phononTF 0.000623243 0.0585078 -0.259205 0.049999 12759.8 0.00034743 1 0.057184 -0.287419 0.05 12818.2
0 3822 2 phononTS 0.0023561 -4.84074 -2.10865 -0.0405859 2822.57 0.00069486 1 0.0226233 -0.134409 0.05 21771.6
0 3853 3 phononTF 0.00190192 -4.91997 -2.48085 0.0215274 4074.43 0.00034743 1 -0.0102007 -0.2043 0.05 58835.1
0 3853 5 phononTF 0.00063056 -0.0102007 -0.2043 0.049999 58835.1 0.00034743 1 -0.0401462 -0.285741 0.05 60455.5
0 3853 4 phononTS 0.000775106 -0.0102007 -0.2043 0.049999 58835.1 0.00034743 1 0.0444774 -0.245168 0.05 59621.6
0 3872 3 phononTS 0.00213267 -4.76873 -1.47886 0.0451379 5573.32 0.00034743 1 -0.0580522 -0.288718 0.05 14534.4
0 3872 4 phononTF 0.00107175 -0.0580522 -0.288718 0.049999 14534.4 0.00069486 1 -0.0748525 -0.281443 0.05 14594.2
0 3877 2 phononTS 0.00258507 -3.35604 -2.10901 -0.00566965 5929.37 0.00069486 1 0.0357297 -0.139375 0.05 92508.1
0 3877 10 phononL 0.000543614 0.0357297 -0.139375 0.049999 92508.1 0.00034743 1 0.0327979 -0.268272 0.05 93830.6
0 3877 4 phononTS 0.000644863 0.0357297 -0.139375 0.049999 92508.1 0.00034743 1 -0.0639251 -0.266194 0.05 120946
0 3883 2 phononTF 0.00160639 -4.57765 -2.62846 0.0398103 203.634 0.00034743 1 -0.111544 -0.179478 0.05 21416.6
0 3957 5 phononTF 0.00146859 -3.74567 1.89349 0.0243156 50738.2 0.00069486 1 0.0887346 -0.24777 0.05 65149.2
0 3957 6 phononL 0.000467264 0.0887346 -0.24777 0.049999 65149.2 0.00034743 1 0.0579812 -0.157001 0.05 65202.6
0 4002 3 phononTF 0.00140355 -4.63917 -3.84712 -0.0344919 5884.08 0.00034743 1 -0.0923881 -0.17525 0.05 28046.4
0 4024 2 phononTS 0.000901063 -4.91791 -3.01942 0.0304073 293.686 0.00034743 1 0.112343 -0.183414 0.05 148382
0 4074 2 phononTS 0.00156871 -4.62848 -2.88738 -0.00964285 304.575 0.00069486 1 -0.0194732 -0.243371 0.05 17018.3
0 4113 2 phononTS 0.00246431 -3.94667 -2.80893 -0.0417959 11206.8 0.00104229 1 0.108771 -0.234022 0.05 104473
0 4116 2 phononTS 0.00156233 -4.97137 -2.36213 -0.0322188 1725.34 0.00034743 1 0.0330787 -0.129689 0.05 21967.7
0 4147 5 phononTF 0.000910497 -3.70492 -4.51393 0.0394578 3423.58 0.00034743 1 0.0554148 -0.254499 0.05 13114.8
0 4152 2 phononTS 0.0020763 -3.27805 -3.14807 0.00241785 10658.5 0.00034743 1 0.038575 -0.263748 0.05 52848.7
0 4169 2 phononTS 0.000794786 -4.90532 -2.55339 0.011106 4375.22 0.00034743 1 -0.0389196 -0.109521 0.05 36151.9
0 4177 2 phononTS 0.00119635 -4.5891 -1.8455 0.013247 2013.8 0.00034743 1 0.0754181 -0.157879 0.05 85731.7
0 4207 3 phononTF 0.00164212 -3.99926 -2.15725 0.014982 22737.6 0.00069486 1 -0.104188 -0.161111 0.05 34812.8
0 4213 4 phononTS 0.000896243 4.24637 -2.17059 0.0128402 24252.3 0.00034743 1 0.0463742 -0.279141 0.05 147999
0 4217 3 phononTS 0.00220377 -4.77352 -2.93551 0.0261578 4967.5 0.00034743 1 0.0346501 -0.141116 0.05 40707.9
0 4227 2 phononTF 0.00201305 -3.74995 -3.49294 0.00711019 1368.95 0.00034743 1 0.0673179 -0.249682 0.05 23124.6
0 4227 7 phononTS 0.000677839 0.0673179 -0.249682 0.049999 23124.6 0.00034743 1 0.0165275 -0.19219 0.05 23194.6
0 4308 5 phononTF 0.00115326 2.94731 -2.94952 -0.026332 49618.3 0.00069486 1 -0.0223746 -0.26413 0.05 174150
0 4345 2 phononL 0.00172338 -4.70285 -3.07447 0.0268049 2711.53 0.00069486 1 -0.0350402 -0.116758 0.05 68444.5
0 4348 2 phononL 0.00154926 -1.17511 -4.39435 -0.0294202 9139.65 0.00069486 1 0.0819143 -0.164714 0.05 22523.9
0 4354 5 phononTS 0.000707397 -4.80387 -0.365538 -0.019367 12933.4 0.00034743 1 0.0157633 -0.192195 0.05 40912
0 4383 4 phononTS 0.000928767 -4.08461 -3.92607 -0.0296078 35113.7 0.00069486 1 -0.0147423 -0.18669 0.05 46888.7
0 4432 2 phononTF 0.00126599 -4.88991 -3.77264 0.0259031 5913.06 0.00034743 1 -0.0573136 -0.270662 0.05 113588
0 4448 5 phononL 0.00176111 -2.53538 0.0852076 -0.0386031 28901.5 0.00069486 1 -0.0214223 -0.181879 0.05 49878
0 4448 7 phononTF 0.000585522 -0.0214223 -0.181879 0.049998 49878 0.00034743 1 -0.0138916 -0.197342 0.05 50165.4
0 4496 5 phononL 0.00186489 -4.46595 -2.50037 -0.0431237 12548.5 0.00069486 1 0.0606707 -0.273928 0.05 17944
0 4509 5 phononTS 0.00188311 -4.37771 -3.3476 0.00893581 5292.55 0.00069486 1 0.0647391 -0.183217 0.05 38241.8
0 4523 2 phononTS 0.00198544 -4.47533 -3.40723 -0.0217608 5433.04 0.00034743 1 -0.0240601 -0.189182 0.05 49087.1
0 4544 4 phononL 0.00142046 -3.43026 0.494607 -0.027167 22419.3 0.00034743 1 0.080693 -0.261637 0.05 29347
0 4549 3 phononTF 0.00241875 -4.37375 -1.952 -0.0307523 624.709 0.00034743 1 0.0396018 -0.250433 0.05 9688.75
0 4559 3 phononL 0.00104256 -4.56156 -2.42466 -0.0488996 3022.73 0.00034743 1 0.0885688 -0.222482 0.05 27425.4
0 4559 6 phononTF 0.000597877 0.0885688 -0.222482 0.049999 27425.4 0.00034743 1 0.0241578 -0.165221 0.05 27736.9
0 4576 3 phononTF 0.00331272 -2.04914 -1.46361 -0.0313291 12737.3 0.00138972 1 -0.0251997 -0.121985 0.05 27861.6
0 4586 2 phononTS 0.00107019 -2.80587 -0.723126 -0.0376396 26955.1 0.00069486 1 0.0819605 -0.129844 0.05 50578.6
0 4587 3 phononTS 0.00183782 -4.74521 -2.10638 -0.0249613 1808.5 0.00034743 1 -0.0588984 -0.248362 0.05 57261
0 4614 2 phononTF 0.00150781 -1.39288 -2.573 0.0124151 12122.1 0.00034743 1 -0.0267353 -0.230318 0.05 22861
0 4620 1 phononTS 0.004 -4.75 -2.75 0 0 0.00138972 1 0.0930646 -0.196664 0.05 13683.1
0 4629 5 phononTS 0.00144822 -4.05822 -0.788339 0.016538 11732.3 0.00069486 1 -0.0397027 -0.280774 0.05 140098
0 4639 2 phononTS 0.00136906 -4.75492 -2.77148 -0.0236857 5071.49 0.00034743 1 0.0998412 -0.260687 0.05 23406.1
0 4650 4 phononTS 0.000733253 1.95756 -1.50715 0.000855529 49590.9 0.00034743 1 0.104466 -0.182604 0.05 65192.1
0 4654 5 phononTS 0.00171525 -3.50591 -1.30709 0.0267557 4583.65 0.00034743 1 0.0449181 -0.185754 0.05 145535
0 4688 3 phononL 0.00158254 -3.4294 -2.24126 0.019606 6927.9 0.00034743 1 -0.0688744 -0.168972 0.05 72026.6
0 4698 3 phononTF 0.00260612 -4.74 -2.48441 0.0048572 5383.33 0.00069486 1 -0.0401309 -0.102806 0.05 83927.5
0 4724 2 phononTS 0.00194041 -4.92828 -2.53525 -0.0334798 7458.39 0.00069486 1 0.0172221 -0.243595 0.05 27766.8
0 4739 5 phononTF 0.00102883 -4.19364 1.74991 0.0360699 18810.7 0.00069486 1 0.0589653 -0.223528 0.05 49921.2
0 4769 3 phononL 0.0024078 -4.23575 -3.75867 -0.0133804 9608.51 0.00034743 1 0.0999623 -0.167876 0.05 35718.1
0 4803 2 phononTS 0.0028646 -4.59451 -2.58954 -0.0298704 2303.01 0.00034743 1 0.0827125 -0.208278 0.05 66804.3
0 4864 2 phononTS 0.000532119 -4.16484 -2.20976 0.0169195 3212.05 0.00034743 1 0.0537166 -0.246151 0.05 25968.9
0 4885 2 phononTS 0.00172115 -4.65556 -1.90933 -0.009686 1427.96 0.00034743 1 -0.0498665 -0.271765 0.05 26615.6
0 4885 6 phononTF 0.000540663 -0.0498665 -0.271765 0.049999 26615.6 0.00034743 1 -0.0771286 -0.275504 0.05 26687.4
0 4897 3 phononTF 0.00176726 -4.50031 -3.02723 -0.0250676 973.306 0.00034743 1 -0.0282548 -0.108798 0.05 8893.85
0 4897 6 phononTF 0.000392524 -0.0282548 -0.108798 0.049998 8893.85 0.00034743 1 -0.070298 -0.205883 0.05 63677.3
0 4897 4 phononTS 0.00099772 -0.0282548 -0.108798 0.049998 8893.85 0.00034743 1 0.0662433 -0.188139 0.05 8976.79
0 4932 3 phononL 0.00216378 -4.26482 -4.20326 -0.0228816 5745.21 0.00104229 1 0.0749264 -0.122156 0.05 49963.2
0 4944 2 phononTS 0.00144993 -4.7874 -3.2669 0.00671097 2093.94 0.00034743 1 -0.0554431 -0.182642 0.05 8085.99
0 4948 5 phononTS 0.00108437 0.271489 -1.11087 0.0396236 45597.4 0.00069486 1 -0.0262818 -0.161167 0.05 47852
0 4950 3 phononTS 0.00231586 -4.69784 -3.62214 0.039142 4960.88 0.00034743 1 -0.0321386 -0.133285 0.05 38202
0 4951 2 phononTF 0.00187425 -4.83053 -2.87764 -0.029568 2168.52 0.00034743 1 -0.0545483 -0.239233 0.05 16845.9
0 4955 2 phononL 0.00239787 -2.39549 -3.49654 0.0498734 8089.25 0.00069486 1 -0.025625 -0.263873 0.05 39112.4
0 4987 2 phononL 0.00158302 -4.43343 -2.32722 0.0280963 522.07 0.00069486 1 -0.0721323 -0.142354 0.05 57440.4
