Run ID,Event ID,Track ID,Particle Name,Start Energy [eV],Start X [mm],Start Y [mm],Start Z [mm],Start Time [ns],Energy Deposited [eV],Track Weight,End X [mm],End Y [mm],End Z [mm],Final Time [ns],Volume Name
0 33 3 phononTF 0.00240376 2.15364 0.681007 -0.0276188 433.151 0.00034743 1 0.0959531 -0.176028 0.05 118985
0 49 3 phononTF 0.00258695 2.35309 1.44246 0.032121 2691.18 0.00069486 1 -0.0325818 -0.234607 0.05 25075.3
0 53 3 phononL 0.00291437 2.34675 0.470833 0.0458589 2549.65 0.00069486 1 0.0692506 -0.287626 0.05 9314.04
0 123 4 phononTS 0.00139576 2.98073 0.00862335 0.0398251 14369.9 0.00034743 1 -0.0437767 -0.16551 0.05 17542.1
0 138 3 phononTF 0.00201085 3.1994 0.956307 -0.00337608 4658.97 0.00069486 1 -0.0722553 -0.259022 0.05 29257.1
0 138 4 phononTS 0.000437529 -0.0722553 -0.259022 0.049999 29257.1 0.00034743 1 -0.0354492 -0.295246 0.05 30047.3
0 151 3 phononTS 0.00150227 2.23503 0.751213 -0.0085087 3.33168 0.00034743 1 0.0622609 -0.213048 0.05 28588.7
0 174 4 phononTS 0.000787216 -0.0744458 0.104227 0.049999 8273.95 0.00034743 1 -0.0462381 -0.179251 0.05 8993.5
0 181 2 phononTS 0.00202529 2.01939 0.583481 -0.0273456 1063 0.00034743 1 -0.0759788 -0.226605 0.05 18513.8
0 215 3 phononL 0.0013858 3.51441 0.629027 0.000867849 1177.92 0.00034743 1 -0.0696018 -0.239363 0.05 18869.5
0 223 4 phononTS 0.0012155 -1.35733 0.666692 -0.019433 16147.6 0.00034743 1 -0.0540721 -0.139673 0.05 18061
0 223 6 phononTF 0.000409314 -0.0540721 -0.139673 0.049999 18061 0.00034743 1 -0.0381514 -0.228675 0.05 18127.3
0 230 2 phononTF 0.00132048 2.31916 0.438476 0.00861292 675.603 0.00034743 1 -0.0538075 -0.106931 0.05 29047.9
0 237 4 phononTS 0.000777059 2.16653 0.0951681 0.049999 1797.14 0.00034743 1 -0.05551 -0.202734 0.05 25941.8
0 238 2 phononTS 0.000767513 3.05908 0.00111193 0.049999 2863.54 0.00034743 1 0.0740361 -0.122083 0.05 11656.4
0 252 3 phononTS 0.00176982 2.93721 1.88255 -0.0402569 4411.16 0.00034743 1 0.0324507 -0.149137 0.05 41994.2
0 254 2 phononTF 0.00208143 2.02213 1.19611 -0.0469663 239.016 0.00069486 1 0.0803829 -0.191306 0.05 7588.14
0 278 3 phononTS 0.00220344 2.56482 0.887962 0.0160281 2512.98 0.00034743 1 -0.0539061 -0.257344 0.05 39016.4
0 347 2 phononTF 0.00107974 2.21248 1.25099 -0.0430225 2973.77 0.00034743 1 -0.0673939 -0.282014 0.05 4046.97
0 391 3 phononL 0.00211045 2.46012 0.86553 -0.0287416 454.459 0.00069486 1 0.0511075 -0.199047 0.05 91027.8
0 407 2 phononTS 0.00201338 1.29707 0.121789 -0.0467688 2599.62 0.00034743 1 -0.0110632 -0.194675 0.05 14332.8
0 466 2 phononTS 0.00208876 2.73142 -0.705798 -0.00424256 10644.6 0.00034743 1 -0.0645702 -0.137988 0.05 35259.7
0 473 3 phononL 0.00181547 2.70857 1.02573 0.0237302 3090.12 0.00034743 1 -0.0847869 -0.241078 0.05 23300.7
0 483 3 phononTF 0.00151484 2.23848 0.76838 -0.00992186 1742.97 0.00034743 1 0.104297 -0.227815 0.05 15576.2
0 525 3 phononTF 0.00277494 2.08405 2.24328 0.0276738 2263.67 0.00034743 1 0.0572103 -0.158681 0.05 14754.8
0 541 2 phononTF 0.00222479 2.29137 0.747794 0.0196828 309.842 0.00034743 1 0.0741622 -0.267 0.05 4047.23
0 565 4 phononTF 0.000981622 2.36462 -0.0654747 0.000657984 6405.41 0.00034743 1 -0.0434559 -0.303304 0.05 9373.92
0 565 2 phononTF 0.00150431 2.38335 1.03667 -0.0330112 4648.54 0.00034743 1 -0.0587756 -0.253747 0.05 12310.4
0 581 6 phononTF 0.000355853 -2.09756 -4.14904 -0.0431109 49253.2 0.00034743 1 -0.0715852 -0.202889 0.05 64705.8
0 584 3 phononL 0.00232132 2.2453 0.604593 0.00384636 609.285 0.00069486 1 0.0740947 -0.261872 0.05 25237.8
0 584 10 phononTS 0.000479975 0.0740947 -0.261872 0.049999 25237.8 0.00034743 1 0.0615025 -0.254122 0.05 25295.6
0 625 5 phononTF 0.00232502 1.38251 1.42459 -0.0143819 8857.93 0.00034743 1 -0.0834582 -0.216455 0.05 12750.9
0 625 6 phononTS 0.00108189 -0.0834582 -0.216455 0.049999 12750.9 0.00069486 1 -0.033496 -0.157723 0.05 12987.9
0 640 2 phononTF 0.00212617 2.76566 0.580104 -0.0281606 1885.96 0.00034743 1 -0.0792572 -0.149679 0.05 14088.7
0 671 2 phononL 0.00245468 2.2786 0.990173 0.0452349 525.645 0.00069486 1 -0.043332 -0.162979 0.05 12728.6
0 672 3 phononTS 0.00231494 1.73752 0.750182 0.013702 1813.33 0.00034743 1 0.0200531 -0.160791 0.05 12145.2
0 672 5 phononL 0.00163067 0.0200531 -0.160791 0.049999 12145.2 0.00069486 1 0.0262045 -0.12957 0.05 12163.9
0 732 3 phononL 0.00221117 0.500207 0.139091 -0.00813417 2575.92 0.00069486 1 0.00988709 -0.194657 0.05 2953.95
0 761 2 phononTS 0.00170587 2.33247 1.24297 -0.0318876 3606.91 0.00034743 1 -0.0597231 -0.282975 0.05 20696
0 795 3 phononTF 0.00264043 3.01834 2.35508 0.00816354 7314.5 0.00104229 1 0.0819936 -0.277291 0.05 17227.7
0 824 2 phononTS 0.00140774 3.73712 3.68694 -0.00992835 6246.23 0.00034743 1 0.032302 -0.183634 0.05 85620.6
0 862 2 phononTS 0.000650312 2.96407 0.772329 0.0204236 5962.81 0.00034743 1 -0.016028 -0.192011 0.05 23440.3
0 870 2 phononTS 0.000767998 0.8832 -0.356866 -0.0482783 11088.3 0.00034743 1 -0.108899 -0.157754 0.05 11407
0 893 5 phononTS 0.00136287 1.16546 1.06593 -0.0293065 5558.69 0.00034743 1 -0.0576068 -0.228371 0.05 42664.8
0 893 9 phononTF 0.000377094 -0.0576068 -0.228371 0.049999 42664.8 0.00034743 1 0.087453 -0.224532 0.05 42735.6
0 905 3 phononTF 0.00257557 1.80233 0.0447777 -0.0366496 1376.05 0.00034743 1 0.0319514 -0.220033 0.05 17804.9
0 910 3 phononTS 0.00237731 1.92676 1.24605 -0.0364584 1805.31 0.00034743 1 -0.0422925 -0.132393 0.05 115553
0 910 5 phononTS 0.000887766 -0.0422925 -0.132393 0.049999 115553 0.00034743 1 -0.0416785 -0.129586 0.05 115685
0 943 5 phononTS 0.000980848 -2.54866 4.91965 0.0234835 73346.5 0.00034743 1 0.064352 -0.154568 0.05 126778
0 1005 2 phononL 0.00181667 3.40994 4.64532 -0.000974006 9468.09 0.00069486 1 -0.0593799 -0.196811 0.05 17203.4
0 1009 2 phononL 0.00256467 1.81538 0.830488 -0.00890842 1513.63 0.00069486 1 0.0408514 -0.192925 0.05 6486.23
0 1009 13 phononTF 0.000494847 0.0408514 -0.192925 0.049999 6486.23 0.00034743 1 0.0258695 -0.288507 0.05 6808.03
0 1021 2 phononTS 0.00208395 2.04484 1.12934 -0.0250477 396.325 0.00069486 1 -0.0368786 -0.296857 0.05 19163.3
0 1021 8 phononTS 0.000486123 -0.0368786 -0.296857 0.049999 19163.3 0.00034743 1 -0.0637622 -0.187627 0.05 19350.1
0 1022 4 phononTS 0.000791512 -0.334407 -0.393389 0.0019256 19930.5 0.00034743 1 -0.0759035 -0.196802 0.05 23468
0 1081 3 phononTS 0.00158114 2.0329 0.318247 -0.00598066 94.264 0.00069486 1 -0.11944 -0.18756 0.05 17331.4
0 1101 4 phononTF 0.000737744 1.96463 0.102134 0.049999 6947.14 0.00034743 1 0.0722144 -0.165626 0.05 14981.6
0 1116 2 phononTS 0.00243445 3.18261 0.209847 0.0296073 3209.06 0.00104229 1 0.057808 -0.129494 0.05 47064.4
0 1271 2 phononL 0.001766 1.77425 1.11827 -0.0470064 1124.92 0.00034743 1 0.0461976 -0.250987 0.05 3779.18
0 1271 4 phononTF 0.00122664 0.0461976 -0.250987 0.049999 3779.18 0.00034743 1 0.0227742 -0.137547 0.05 4148.57
0 1274 3 phononTS 0.00291729 3.7902 2.56829 -0.0485286 7218.61 0.00034743 1 0.114275 -0.164797 0.05 23340.1
0 1284 5 phononL 0.000532474 1.58379 0.103414 0.049999 2851.09 0.00034743 1 -0.0936056 -0.197112 0.05 5153.22
0 1297 3 phononTS 0.00182237 2.482 0.953301 -0.0131631 655.103 0.00034743 1 0.0638978 -0.270487 0.05 127755
0 1311 3 phononTS 0.000685278 0.86944 0.0213319 0.049999 7458.28 0.00034743 1 0.0224209 -0.207725 0.05 8044.34
0 1344 2 phononTS 0.000646014 2.23041 0.414152 -0.0429577 1059.34 0.00034743 1 -0.103125 -0.169527 0.05 56585.5
0 1361 2 phononTS 0.00143253 1.98343 -0.37005 -0.0041238 6763.61 0.00034743 1 -0.044193 -0.288366 0.05 10886
0 1392 4 phononTS 0.000351114 2.02407 0.0201691 0.049999 2307.19 0.00034743 1 0.026574 -0.245073 0.05 70795.8
0 1397 5 phononL 0.00117089 -1.44193 1.53787 -0.0286687 32867.5 0.00034743 1 -0.0425889 -0.136987 0.05 73431.5
0 1427 5 phononTF 0.00123644 -3.43804 1.28278 -0.0409034 21270.8 0.00034743 1 0.0617495 -0.281502 0.05 56617.9
0 1427 7 phononTF 0.000351275 0.0617495 -0.281502 0.049999 56617.9 0.00034743 1 0.0860959 -0.15333 0.05 56907.5
0 1428 5 phononTF 0.00156448 1.76733 -4.01261 0.0373665 15995.3 0.00034743 1 0.0324774 -0.268326 0.05 30807.2
0 1436 2 phononTS 0.000630948 1.57671 0.765063 0.014378 2121.64 0.00034743 1 0.101506 -0.223179 0.05 15814.7
0 1472 4 phononTF 0.000957546 -0.418095 0.649171 -0.0200698 6904.84 0.00034743 1 -0.068505 -0.131093 0.05 73194.5
0 1476 2 phononTS 0.00260224 1.62333 -1.85432 0.042377 9105.99 0.00069486 1 -0.018448 -0.169639 0.05 37617.3
0 1501 2 phononTS 0.00282603 2.09057 0.563448 0.0381506 121.042 0.00069486 1 -0.0549019 -0.211796 0.05 6161.85
0 1501 6 phononTF 0.000551824 -0.0549019 -0.211796 0.049999 6161.85 0.00034743 1 0.0689769 -0.269334 0.05 7446.34
0 1501 4 phononTF 0.0013855 -0.0549019 -0.211796 0.049999 6161.85 0.00069486 1 0.0422063 -0.208743 0.05 6225.18
0 1525 2 phononTS 0.00158686 1.8566 0.999448 0.00890897 712.167 0.00034743 1 -0.0482252 -0.251257 0.05 6305.17
0 1525 5 phononTF 0.00107049 -0.0482252 -0.251257 0.049999 6305.17 0.00034743 1 0.0375331 -0.125707 0.05 8137.66
0 1526 5 phononTS 0.000641505 1.36428 0.0228923 0.049998 3203.25 0.00034743 1 0.0329043 -0.206655 0.05 73576.1
0 1531 3 phononL 0.00229492 0.988599 2.34084 -0.0149163 8603.03 0.00069486 1 0.0921183 -0.142225 0.05 76907.9
0 1550 2 phononTF 0.00134849 1.35651 1.31745 0.0228474 1659.32 0.00034743 1 -0.0864481 -0.2099 0.05 53969.7
0 1568 4 phononTS 0.000730904 3.4428 0.06236 0.049999 2889.89 0.00034743 1 0.0392649 -0.15286 0.05 31370.2
0 1585 2 phononTF 0.001839 1.89917 1.20479 -0.0142593 1957.84 0.00034743 1 -0.0324462 -0.291566 0.05 2720.37
0 1585 6 phononTF 0.00076349 -0.0324462 -0.291566 0.049999 2720.37 0.00034743 1 -0.0417006 -0.234915 0.05 2791.9
0 1643 3 phononTS 0.00248711 1.70904 1.17228 -0.0253939 12700.4 0.00069486 1 0.0704654 -0.112073 0.05 18173.3
0 1676 1 phononL 0.004 2.25 0.75 0 0 0.00138972 1 -0.0365873 -0.174772 0.05 11115.6
0 1690 3 phononTS 0.00293665 2.55795 0.62299 -0.0248576 162.472 0.00069486 1 -0.062149 -0.291082 0.05 7968.13
0 1704 2 phononTS 0.00212277 3.63967 0.526948 0.0430307 4981.03 0.00138972 1 0.114022 -0.198434 0.05 9753.45
0 1746 3 phononL 0.00221897 0.738193 0.313782 -0.0334939 4262.26 0.00069486 1 -0.0646996 -0.159484 0.05 4709.18
0 1746 4 phononTS 0.000590322 -0.0646996 -0.159484 0.049999 4709.18 0.00034743 1 -0.0571385 -0.150921 0.05 4765.89
0 1788 2 phononTS 0.00190348 2.50942 2.85009 -0.0209742 7317.34 0.00034743 1 0.0649232 -0.164608 0.05 44690
0 1837 5 phononTS 0.00188734 0.00895901 -2.00122 -0.0164638 9058.47 0.00034743 1 0.0689283 -0.124755 0.05 9726.37
0 1847 2 phononL 0.00164876 3.19519 1.8855 0.0213059 14154.4 0.00034743 1 0.0593576 -0.232561 0.05 32656.1
0 1892 2 phononTS 0.00167687 2.15361 0.905702 0.0176192 191.913 0.00034743 1 -0.0602027 -0.189302 0.05 54673.5
0 1901 3 phononTF 0.0030355 1.80288 3.00849 0.0212656 7971.33 0.00034743 1 -0.075954 -0.239631 0.05 32027.7
0 1901 4 phononTF 0.0013233 -0.075954 -0.239631 0.049999 32027.7 0.00034743 1 -0.0498946 -0.287113 0.05 32087.8
0 1901 9 phononTS 0.000572733 -0.0498946 -0.287113 0.049999 32087.8 0.00034743 1 -0.0310493 -0.301336 0.05 32153.5
0 1920 3 phononTS 0.0030594 1.78362 1.30362 0.00727843 2249.76 0.00104229 1 0.0708261 -0.24054 0.05 4079.36
0 1920 5 phononTS 0.000768559 0.0708261 -0.24054 0.049999 4079.36 0.00069486 1 0.0914047 -0.241622 0.05 4141.11
0 2005 3 phononL 0.00254481 2.29199 0.755587 -0.0399386 240.304 0.00069486 1 -0.078416 -0.184334 0.05 6026.69
0 2005 5 phononTS 0.00133973 -0.078416 -0.184334 0.049998 6026.69 0.00069486 1 -0.0908419 -0.212102 0.05 6203.71
0 2005 2 phononTF 0.00145519 2.29199 0.755587 -0.0399386 240.304 0.00069486 1 -0.0298949 -0.279029 0.05 2482.95
0 2021 2 phononTS 0.0016959 2.25227 0.483895 0.0123559 660.661 0.00034743 1 -0.0986763 -0.215086 0.05 11072.6
0 2027 3 phononTF 0.00113463 1.7328 2.20218 -0.0217188 3574.46 0.00069486 1 -0.107586 -0.20087 0.05 152547
0 2038 2 phononTF 0.00218186 2.65098 1.07358 0.000645208 1386.42 0.00069486 1 0.0546954 -0.239438 0.05 35705
0 2044 3 phononTF 0.0022945 0.371558 1.814 -0.00825442 11236.7 0.00069486 1 -0.0273502 -0.239103 0.05 20597.5
0 2082 4 phononL 0.0009142 1.11416 0.0177603 0.049999 2244.35 0.00034743 1 -0.0603223 -0.208784 0.05 10659.3
0 2089 2 phononTS 0.00132933 3.68473 0.977802 0.00868805 3605.6 0.00069486 1 0.0533065 -0.11345 0.05 38422
0 2110 2 phononTF 0.00167307 2.65946 1.77378 -0.0312729 2455.03 0.00034743 1 -0.111298 -0.199849 0.05 9066.13
0 2110 6 phononTS 0.00106347 -0.111298 -0.199849 0.049999 9066.13 0.00069486 1 -0.0975775 -0.170442 0.05 9128.13
0 2138 2 phononTS 0.00176481 2.26017 0.780503 0.0492977 11.5694 0.00034743 1 -0.0980067 -0.249504 0.05 20198.2
0 2142 3 phononTS 0.000670135 1.32768 0.0307178 0.049999 10425.1 0.00034743 1 -0.107226 -0.24695 0.05 14911
0 2145 5 phononTF 0.00112634 1.64011 0.387075 0.00522186 10670.9 0.00034743 1 0.113945 -0.219854 0.05 12035.3
0 2153 3 phononTF 0.00206358 3.77488 1.59872 0.0344945 5719.48 0.00034743 1 0.0319025 -0.244333 0.05 47865.1
0 2153 5 phononTF 0.000723471 0.0319025 -0.244333 0.049999 47865.1 0.00034743 1 0.0170105 -0.239652 0.05 47962.9
0 2160 2 phononTF 0.00129233 2.72125 0.550573 0.00918392 2299.5 0.00069486 1 -0.0566894 -0.137958 0.05 4036.49
0 2182 5 phononTS 0.0012602 -0.0017997 1.26919 0.00402085 19336.3 0.00034743 1 0.0779721 -0.146 0.05 22588.5
0 2226 5 phononTS 0.00105701 -2.4816 0.873495 0.0460538 52351.1 0.00034743 1 0.0438882 -0.27721 0.05 133071
0 2235 4 phononTS 0.000608842 1.31829 0.105051 0.049999 1807.63 0.00034743 1 -0.0410561 -0.216402 0.05 4349.05
0 2292 3 phononTS 0.00180099 1.71115 1.46148 -0.0127696 2573.49 0.00034743 1 -0.0970063 -0.152375 0.05 6002.82
0 2302 3 phononTS 0.00195614 2.33792 0.721337 -0.0394742 864.963 0.00034743 1 -0.0323435 -0.279125 0.05 24700.5
0 2333 5 phononTF 0.000775738 1.2535 -3.22456 0.0250328 9084.6 0.00034743 1 0.0595428 -0.249453 0.05 22952.6
0 2358 2 phononTF 0.00272554 1.6374 0.759036 0.000463233 1751.72 0.00069486 1 0.0435581 -0.269923 0.05 40044
0 2383 3 phononTF 0.00175638 1.00072 2.01757 0.000690288 5088.66 0.00034743 1 -0.0494671 -0.102373 0.05 25417.8
0 2415 2 phononTS 0.00295845 1.01687 0.912246 -0.0394074 3701.61 0.00034743 1 0.077185 -0.115623 0.05 14467.5
0 2422 3 phononTS 0.00256272 2.38202 1.36777 0.0160022 4416.24 0.00138972 1 0.0323461 -0.259295 0.05 27321
0 2448 5 phononTF 0.00101112 0.347767 4.2988 -0.0331413 20372.8 0.00034743 1 0.084073 -0.18637 0.05 41870.1
0 2494 2 phononTF 0.0011433 2.41968 0.309953 -0.00404425 866.736 0.00069486 1 0.0380004 -0.261297 0.05 28612.1
0 2528 2 phononL 0.00253888 0.268579 1.69962 0.0435383 7322.68 0.00069486 1 0.0860541 -0.143664 0.05 32195.9
0 2528 8 phononTF 0.000899352 0.0860541 -0.143664 0.049999 32195.9 0.00069486 1 0.0778375 -0.268966 0.05 32517.4
0 2557 5 phononL 0.000495013 0.413237 0.102555 0.049999 7571.25 0.00034743 1 -0.0519761 -0.122646 0.05 8241.49
0 2617 3 phononTS 0.000896587 1.56801 0.00332393 0.049999 2473.07 0.00034743 1 -0.0906703 -0.155268 0.05 54178.9
0 2637 5 phononTF 0.00174825 4.4953 1.77966 0.0346215 15162.7 0.00069486 1 0.0933684 -0.249181 0.05 19829.7
0 2637 6 phononTS 0.00084869 0.0933684 -0.249181 0.049999 19829.7 0.00034743 1 0.0934997 -0.249552 0.05 19887.2
0 2670 5 phononL 0.00122584 1.04731 1.71289 0.0295162 2300.68 0.00069486 1 -0.0940119 -0.147499 0.05 5864.19
0 2671 3 phononL 0.00242862 2.25494 0.764986 -0.0281556 34.0557 0.00034743 1 0.0882794 -0.244955 0.05 9976.75
0 2671 4 phononTS 0.00170735 0.0882794 -0.244955 0.049999 9976.75 0.00104229 1 0.0794161 -0.273356 0.05 10036.2
0 2693 2 phononTF 0.00232938 1.97956 1.11662 0.0149998 3926.67 0.00069486 1 0.0238615 -0.178004 0.05 25617.7
0 2700 3 phononTS 0.00212481 4.00153 2.79231 -0.0113382 13671.6 0.00069486 1 0.0738927 -0.276239 0.05 70650.6
0 2701 2 phononTS 0.00173361 2.50717 0.202519 0.0287158 2919.02 0.00034743 1 0.0227097 -0.14653 0.05 5581.63
0 2701 7 phononL 0.000504089 0.0227097 -0.14653 0.049999 5581.63 0.00034743 1 0.0659575 -0.273372 0.05 6014.74
0 2714 3 phononL 0.00237584 1.56063 -1.28951 0.0159315 6218.83 0.00034743 1 0.0503501 -0.226868 0.05 10153.8
0 2714 4 phononTS 0.00108857 0.0503501 -0.226868 0.049998 10153.8 0.00034743 1 0.0613585 -0.214018 0.05 10227.9
0 2767 4 phononTF 0.000687362 1.8915 0.0984975 0.049999 8612.25 0.00034743 1 -0.0295416 -0.255104 0.05 43476.3
0 2786 5 phononTF 0.0012129 -4.11887 -1.17911 -0.0239112 24002.4 0.00069486 1 -0.101298 -0.256046 0.05 39359.4
0 2796 5 phononTS 0.00241569 2.67189 2.91514 -0.00872426 15381.3 0.00034743 1 0.10879 -0.236103 0.05 28243.6
0 2820 2 phononL 0.00103626 2.25245 0.793451 0.0354994 789.298 0.00034743 1 0.0936548 -0.199194 0.05 9433.34
0 2842 3 phononTS 0.00163285 0.0925049 -0.567238 0.0130969 18415.1 0.00034743 1 0.0956864 -0.185817 0.05 18858.3
0 2849 2 phononTF 0.000850281 1.34623 0.0241202 0.049999 4896.17 0.00034743 1 0.0394034 -0.273484 0.05 13215.7
0 2856 2 phononTS 0.00196073 2.45177 0.252399 0.021004 685.459 0.00034743 1 -0.0205477 -0.22503 0.05 6572.76
0 2856 5 phononTS 0.000490232 -0.0205477 -0.22503 0.049999 6572.76 0.00034743 1 -0.0285031 -0.18707 0.05 6694.78
0 2901 3 phononTF 0.00257778 2.26571 0.827003 0.000624703 29.2674 0.00104229 1 -0.0357574 -0.0992632 0.05 23177.5
0 2906 2 phononL 0.00139565 2.23273 0.465825 0.00244287 931.386 0.00034743 1 -0.068458 -0.239712 0.05 25545.3
0 2913 5 phononTF 0.000976905 3.39153 -1.59887 0.0103255 2871.76 0.00034743 1 0.0518115 -0.290305 0.05 60011.2
0 2924 3 phononL 0.00205408 -0.567764 1.06624 0.0399172 7661.83 0.00034743 1 0.0703686 -0.236035 0.05 12372.8
0 2948 7 phononTF 0.000970157 2.73626 -3.30057 0.0244453 39331.9 0.00034743 1 -0.113293 -0.178371 0.05 49603.7
0 2961 4 phononL 0.000459675 0.766829 0.0883258 0.049999 2288.17 0.00034743 1 0.0782259 -0.263323 0.05 3936.78
0 2978 5 phononTS 0.00112755 1.9596 4.71814 0.00940568 32984.6 0.00069486 1 -0.0810648 -0.2596 0.05 123984
0 2996 3 phononTS 0.00232554 0.78576 2.72033 0.0377186 8184.15 0.00069486 1 0.030221 -0.27171 0.05 38835.3
0 2996 4 phononTS 0.00125801 0.030221 -0.27171 0.049999 38835.3 0.00034743 1 -0.082165 -0.229629 0.05 39059.1
0 2996 16 phononTS 0.000653708 -0.082165 -0.229629 0.049999 39059.1 0.00034743 1 -0.0575964 -0.209995 0.05 39122.2
0 3007 2 phononTS 0.00220907 3.56711 0.511444 -0.00461135 1333.53 0.00034743 1 -0.0572058 -0.170539 0.05 65669.2
0 3032 2 phononTS 0.00136428 2.80869 1.38647 0.0414439 13713.3 0.00069486 1 0.112247 -0.220609 0.05 46161.9
0 3036 2 phononTS 0.0021879 2.40917 0.951201 -0.0426826 462.401 0.00034743 1 0.0466049 -0.17953 0.05 13251.4
0 3036 4 phononTF 0.00160197 0.0466049 -0.17953 0.049999 13251.4 0.00069486 1 -0.0420507 -0.257917 0.05 13324.2
0 3045 3 phononL 0.00272461 1.65898 1.32438 0.0364611 857.612 0.00069486 1 0.0465975 -0.270199 0.05 24012.8
0 3074 4 phononTF 0.00164984 0.888284 0.323054 -0.000251759 5138.62 0.00034743 1 -0.0175747 -0.240386 0.05 17587.6
0 3095 3 phononL 0.00126641 1.25245 -1.055 -0.0126876 2361.69 0.00034743 1 0.0819827 -0.206017 0.05 4612.76
0 3139 5 phononTS 0.002058 2.13981 2.22107 -0.0410383 10871.6 0.00034743 1 -0.0135502 -0.188354 0.05 38916.9
0 3173 6 phononTS 0.00134321 0.776431 0.530226 -0.0483267 12390.8 0.00034743 1 0.114379 -0.166648 0.05 14964.3
0 3180 4 phononTF 0.000796939 4.62442 -3.74355 -0.030426 30519.1 0.00034743 1 0.0528226 -0.243572 0.05 34275.2
0 3186 3 phononTS 0.00242563 1.39904 0.268081 -0.0308389 1756.65 0.00069486 1 -0.064063 -0.2111 0.05 18046.9
0 3186 8 phononTS 0.000423141 -0.064063 -0.2111 0.049999 18046.9 0.00034743 1 -0.0371541 -0.169796 0.05 18109.6
0 3188 6 phononTF 0.000688614 4.16195 1.7616 -0.027628 43778.5 0.00034743 1 -0.0537842 -0.285589 0.05 68941.6
0 3193 2 phononTS 0.00205476 3.04821 1.24245 -0.0116997 3777.67 0.00034743 1 0.088839 -0.250587 0.05 18036
0 3247 5 phononL 0.00142765 0.459815 0.763786 -0.01176 6043.25 0.00034743 1 0.0686999 -0.233906 0.05 6972.33
0 3247 4 phononL 0.00131628 0.459815 0.763786 -0.01176 6043.25 0.00034743 1 -0.0375694 -0.117529 0.05 93880.1
0 3253 5 phononL 0.000912392 1.44428 4.17535 0.0369463 27456.5 0.00069486 1 0.0629114 -0.223378 0.05 90417.1
0 3262 3 phononTS 0.00244118 3.38863 0.163282 -0.0304992 5402.83 0.00034743 1 0.0800641 -0.116913 0.05 25709.2
0 3303 3 phononTF 0.0023827 2.41553 1.57986 0.0105293 3645 0.00034743 1 0.031294 -0.246269 0.05 8050.21
0 3318 4 phononTS 0.000403036 2.9906 0.0977697 0.049999 1550.17 0.00034743 1 0.04174 -0.18813 0.05 6960.69
0 3319 2 phononTF 0.000806446 2.77273 1.56141 -0.000924233 2446.15 0.00034743 1 -0.0787374 -0.239753 0.05 37018.2
0 3328 3 phononTF 0.00038884 1.89591 0.0714346 0.049999 1791.97 0.00034743 1 -0.0388682 -0.239541 0.05 31382.6
0 3386 2 phononTS 0.00182117 1.33057 2.31614 -0.0265028 10513.4 0.00034743 1 0.0799293 -0.175813 0.05 21154
0 3420 3 phononTS 0.00152597 1.84063 0.897287 -0.0449967 3027.32 0.00034743 1 0.0565674 -0.276495 0.05 5192.63
0 3431 4 phononL 0.000552294 0.565805 0.0216133 0.049999 7398.07 0.00034743 1 -0.074279 -0.163923 0.05 16364.1
0 3434 1 phononL 0.004 2.25 0.75 0 0 0.00104229 1 0.0942999 -0.154465 0.05 5187.27
0 3462 3 phononTF 0.00194797 2.52 0.711884 0.02372 244.445 0.00034743 1 -0.105615 -0.228573 0.05 15865.9
0 3463 3 phononL 0.00197694 1.33594 0.834076 -0.0296033 2674.77 0.00034743 1 0.0398388 -0.172185 0.05 7347.53
0 3463 5 phononTS 0.0013483 0.0398388 -0.172185 0.049999 7347.53 0.00069486 1 0.0451782 -0.170327 0.05 7406.03
0 3479 3 phononTF 0.00298886 2.16676 0.651128 -0.0264312 38.0847 0.00069486 1 0.0618652 -0.260973 0.05 42649.2
0 3491 3 phononTS 0.00184199 2.0962 1.28798 0.0284356 602.271 0.00034743 1 -0.0859431 -0.248918 0.05 10722.7
0 3547 3 phononTF 0.00113129 2.08669 0.754631 -0.0335443 317.958 0.00034743 1 -0.0312818 -0.22977 0.05 44131.7
0 3561 2 phononTS 0.000973601 2.16821 1.52023 0.0192913 7502 0.00034743 1 -0.0861138 -0.279062 0.05 51200.8
0 3563 2 phononTF 0.0019616 0.675789 1.06955 0.0305474 5271.09 0.00104229 1 -0.0227607 -0.215788 0.05 6297.12
0 3650 2 phononL 0.00219148 2.40359 0.632571 -0.0281505 36.7767 0.00034743 1 -0.0589027 -0.164933 0.05 4800.98
0 3650 4 phononTF 0.000428905 -0.0589027 -0.164933 0.049999 4800.98 0.00034743 1 0.0467342 -0.154551 0.05 4981.18
0 3698 5 phononTF 0.00121349 -0.555869 1.56585 0.00982165 21906.8 0.00034743 1 0.0388747 -0.282276 0.05 71350.5
0 3716 2 phononTS 0.0015513 2.86531 1.39685 -0.0208273 894.486 0.00069486 1 0.0499968 -0.269103 0.05 14779.7
0 3734 3 phononTF 0.000725136 -0.15631 0.0666874 0.049999 21030.6 0.00034743 1 -0.0687623 -0.16671 0.05 22316.7
0 3761 2 phononL 0.00226791 2.86655 0.0483194 -0.00627447 1567.89 0.00034743 1 -0.0424506 -0.132757 0.05 20809.3
0 3769 2 phononTS 0.000904803 1.21444 0.0127289 0.049999 3538.92 0.00034743 1 0.0889814 -0.218636 0.05 4443.57
0 3800 5 phononTS 0.00112629 2.13712 1.29816 -0.0490472 1714.06 0.00034743 1 0.0816376 -0.267577 0.05 12214.7
0 3801 3 phononL 0.00123674 0.70593 -0.569902 0.00395555 5194.11 0.00034743 1 0.0213664 -0.180425 0.05 15319.6
0 3845 2 phononTF 0.00138827 1.97761 0.96875 -0.0117696 1179.69 0.00034743 1 0.0892541 -0.165895 0.05 4272.49
0 3887 2 phononTS 0.00194951 2.9264 1.0939 -0.00135075 3505.14 0.00034743 1 0.0146219 -0.211999 0.05 62669.1
0 3926 3 phononL 0.00255909 3.42604 1.57157 -0.043182 3886.75 0.00069486 1 0.0396555 -0.141514 0.05 24793.7
0 3987 3 phononTS 0.000480882 1.61685 0.0787762 0.049999 1756.93 0.00034743 1 -0.0678677 -0.248924 0.05 47061.8
0 4015 3 phononL 0.00137214 2.90918 1.98099 0.0461531 9760.98 0.00104229 1 -0.0431122 -0.195558 0.05 29227.2
0 4040 2 phononTS 0.00160689 2.74255 1.64213 -0.00261893 2552.56 0.00069486 1 -0.0681832 -0.15965 0.05 11643.2
0 4040 4 phononTS 0.000456076 -0.0681832 -0.15965 0.049999 11643.2 0.00034743 1 -0.0631554 -0.116134 0.05 11757
0 4055 2 phononL 0.00191124 2.56286 0.610016 0.0300645 270.255 0.00034743 1 -0.0795227 -0.277248 0.05 42770.1
0 4055 5 phononTS 0.0007939 -0.0795227 -0.277248 0.049999 42770.1 0.00034743 1 0.0826621 -0.195565 0.05 42864
0 4063 3 phononTS 0.00109959 1.81146 0.695526 0.0225755 354.323 0.00034743 1 0.113257 -0.172608 0.05 6373.08
0 4063 6 phononTF 0.000500133 0.113257 -0.172608 0.049999 6373.08 0.00034743 1 -0.0319502 -0.223386 0.05 6748.03
0 4070 5 phononTF 0.00174319 1.13182 1.33498 -0.00850195 10301.1 0.00069486 1 -0.0410516 -0.295071 0.05 22393.9
0 4072 2 phononTS 0.000432823 1.80663 1.54342 0.0487203 3754.08 0.00034743 1 0.0257337 -0.180538 0.05 58100.9
0 4077 3 phononTF 0.00200138 2.23766 0.835741 -0.0471322 851.88 0.00034743 1 0.0993023 -0.170518 0.05 22565.8
0 4077 6 phononTF 0.00126982 0.0993023 -0.170518 0.049999 22565.8 0.00069486 1 0.107004 -0.190378 0.05 22709.2
0 4090 2 phononTF 0.00262748 2.23157 0.740015 0.00413484 27.5079 0.00069486 1 0.112179 -0.225847 0.05 10558.5
0 4090 4 phononTF 0.000764224 0.112179 -0.225847 0.049999 10558.5 0.00034743 1 0.0812364 -0.194247 0.05 10899.8
0 4091 3 phononTS 0.00216985 -1.23042 1.39075 -0.0318531 27165.5 0.00034743 1 0.0571135 -0.187677 0.05 31875.9
0 4145 2 phononL 0.00158593 2.0034 0.582989 -0.00247773 237.897 0.00034743 1 -0.0356264 -0.10865 0.05 18462.2
0 4195 6 phononTF 0.00115415 4.49971 -0.669817 0.0456207 46407.2 0.00034743 1 -0.0660557 -0.108003 0.05 61650.9
0 4195 2 phononL 0.00146418 1.58129 0.597723 0.0444118 1021.65 0.00034743 1 -0.0673762 -0.129032 0.05 54229.9
0 4216 3 phononTS 0.00234431 1.74665 0.280323 0.0303388 5502.69 0.00069486 1 0.0244779 -0.132718 0.05 20505.2
0 4261 3 phononTF 0.0024092 2.42672 -0.263435 0.00887029 1755.8 0.00104229 1 0.0258846 -0.238885 0.05 14945.3
0 4262 3 phononTS 0.00225152 2.95058 4.57606 0.014928 16285.7 0.00069486 1 0.072222 -0.209583 0.05 32101.3
0 4268 3 phononTF 0.00284154 1.59704 0.964778 -0.000366986 378.168 0.00104229 1 0.0690703 -0.26848 0.05 9255.35
0 4268 15 phononTS 0.000558688 0.0690703 -0.26848 0.049999 9255.35 0.00034743 1 -0.0326886 -0.12368 0.05 9356.04
0 4268 4 phononTS 0.000812456 0.0690703 -0.26848 0.049999 9255.35 0.00034743 1 -0.0547638 -0.177494 0.05 9340.51
0 4375 3 phononTF 0.00119318 1.5376 1.73068 -0.00972862 2142.22 0.00034743 1 0.0446748 -0.278498 0.05 6689.86
0 4375 6 phononTF 0.000465557 0.0446748 -0.278498 0.049999 6689.86 0.00034743 1 0.0711114 -0.153341 0.05 6764.04
0 4380 3 phononTF 0.00243882 2.84781 0.937965 -0.00100422 2791.39 0.00104229 1 0.0662218 -0.275501 0.05 24851.8
0 4389 4 phononTS 0.000727563 3.26298 0.0544065 0.049999 8336.44 0.00034743 1 -0.115799 -0.180065 0.05 20126.3
0 4401 2 phononTS 0.00237548 3.05097 0.408001 0.0445828 1860.42 0.00034743 1 -0.0673004 -0.205539 0.05 4834.72
0 4422 2 phononTF 0.00207125 1.66119 0.340312 -0.0291196 881.273 0.00104229 1 0.0268079 -0.107053 0.05 37785
0 4424 3 phononL 0.000918352 2.00063 0.098295 0.049999 1243.07 0.00034743 1 -0.0200225 -0.179091 0.05 12511.9
0 4497 3 phononTF 0.00296352 4.05596 2.11817 -0.0226015 6352.74 0.00034743 1 -0.0371558 -0.287339 0.05 25440.3
0 4518 5 phononTF 0.00137629 3.67186 1.4092 0.0402591 2540.41 0.00069486 1 -0.112572 -0.192929 0.05 82740.8
0 4535 4 phononTS 0.000653161 0.349106 0.00327489 0.049999 6191.94 0.00034743 1 0.0932002 -0.224728 0.05 6681.9
0 4542 2 phononL 0.00240426 2.3297 0.779873 -0.0313424 24.3254 0.00069486 1 -0.0742856 -0.11782 0.05 43588
0 4555 3 phononTS 0.00250859 -1.16798 1.36549 0.0297801 11160.9 0.00034743 1 -0.0313784 -0.228098 0.05 30067.7
0 4555 6 phononTF 0.00126229 -0.0313784 -0.228098 0.049999 30067.7 0.00034743 1 0.0371364 -0.173789 0.05 30134.1
0 4591 3 phononTS 0.00264072 2.56086 -0.216353 -0.0138218 6493.8 0.00069486 1 0.0676344 -0.286952 0.05 11672.3
0 4656 1 phononTF 0.004 2.25 0.75 0 0 0.00034743 1 0.0811941 -0.147831 0.05 37172
0 4656 4 phononTS 0.00115976 0.0811941 -0.147831 0.049999 37172 0.00034743 1 0.0733217 -0.124349 0.05 37231.2
0 4656 3 phononTF 0.000371238 0.0811941 -0.147831 0.049999 37172 0.00034743 1 0.0319072 -0.293813 0.05 37477.1
0 4656 2 phononTF 0.0019302 0.0811941 -0.147831 0.049999 37172 0.00104229 1 0.0961468 -0.22999 0.05 37352.8
0 4661 3 phononTF 0.00208735 2.75554 0.042176 -0.0145484 1701.43 0.00069486 1 -0.0349018 -0.112864 0.05 6042.35
0 4669 3 phononTS 0.000702642 2.29374 0.0222562 0.049999 3153.13 0.00034743 1 -0.0803488 -0.255999 0.05 58890.9
0 4702 3 phononTF 0.00236111 1.98215 0.728747 -0.0306719 249.026 0.00173715 1 0.0629177 -0.257862 0.05 45854.9
0 4713 2 phononTS 0.00191156 2.36737 0.30033 0.025005 1124.42 0.00104229 1 -0.106608 -0.185409 0.05 30321
0 4734 4 phononTS 0.000384687 2.52034 0.0675909 0.049999 3553.71 0.00034743 1 0.0913761 -0.210259 0.05 8733.66
0 4746 3 phononTF 0.00192142 3.13699 1.4258 0.0461988 3313.95 0.00034743 1 0.101671 -0.141048 0.05 21025.9
0 4800 1 phononTS 0.004 2.25 0.75 0 0 0.00069486 1 0.0218174 -0.179649 0.05 6618.81
0 4809 5 phononL 0.000575452 0.848784 0.0757388 0.049999 1981.82 0.00034743 1 0.0329605 -0.12827 0.05 32468.2
0 4829 3 phononL 0.00313309 1.2841 0.89622 -0.0496947 5869.64 0.00069486 1 -0.0992272 -0.257011 0.05 12411.9
0 4829 7 phononTS 0.000752764 -0.0992272 -0.257011 0.049998 12411.9 0.00034743 1 -0.0842932 -0.234804 0.05 12472.7
0 4829 6 phononTS 0.000570207 -0.0992272 -0.257011 0.049998 12411.9 0.00034743 1 -0.0847657 -0.237831 0.05 12473.2
0 4861 5 phononTS 0.0017588 3.43555 3.03454 -0.0468588 22963.4 0.00034743 1 0.0570137 -0.268346 0.05 73936.7
0 4861 6 phononTS 0.000769654 0.0570137 -0.268346 0.049999 73936.7 0.00034743 1 0.0535671 -0.249685 0.05 74041.7
0 4872 2 phononL 0.00164232 2.95221 1.60379 -0.0233292 3821.82 0.00034743 1 0.103664 -0.238187 0.05 34508
0 4876 3 phononTF 0.00161641 0.905359 0.258982 -0.0165392 6864.77 0.00034743 1 -0.0165105 -0.23328 0.05 8315
0 4892 2 phononTS 0.00205884 0.78418 0.906655 -0.0277083 3485.84 0.00104229 1 -0.0341705 -0.269768 0.05 61579.7
