Run ID,Event ID,Track ID,Particle Name,Start Energy [eV],Start X [mm],Start Y [mm],Start Z [mm],Start Time [ns],Energy Deposited [eV],Track Weight,End X [mm],End Y [mm],End Z [mm],Final Time [ns],Volume Name
0 35 2 phononTS 0.00232616 -2.60231 1.31433 -0.0480675 2567.99 0.00104229 1 0.0820905 -0.281138 0.05 38244.3
0 57 2 phononTS 0.00159998 -3.8154 0.83305 0.0214719 7620.36 0.00034743 1 0.019582 -0.257319 0.05 15137
0 248 5 phononTF 0.000737813 -2.64157 3.14204 -0.0323401 11074.9 0.00034743 1 0.0941577 -0.263892 0.05 69288.4
0 277 3 phononTS 0.00241118 -3.01018 2.06049 -0.0380374 4694.52 0.00034743 1 0.0302309 -0.264808 0.05 17069.2
0 279 5 phononTS 0.00103829 -1.16925 4.67202 -0.00656538 6268.19 0.00034743 1 -0.0810629 -0.204727 0.05 31326.3
0 326 3 phononL 0.00178273 -3.38759 3.91801 0.0124529 7028.66 0.00034743 1 0.0378179 -0.243273 0.05 115585
0 332 2 phononTF 0.00220937 -2.59113 4.0207 0.021905 2651.76 0.00069486 1 -0.0489703 -0.259229 0.05 13938.4
0 332 9 phononTS 0.00101191 -0.0489703 -0.259229 0.049999 13938.4 0.00034743 1 -0.0217811 -0.172193 0.05 14250.2
0 338 4 phononTS 0.0011439 -2.57748 3.33779 0.0218846 9004.44 0.00069486 1 -0.0515887 -0.285574 0.05 34612.8
0 354 5 phononTF 0.00216154 -4.3632 2.23917 -0.0128692 10729.6 0.00034743 1 0.042099 -0.211078 0.05 43892.4
0 395 3 phononTS 0.00234943 -2.37724 3.70384 0.0285296 5037.19 0.00104229 1 -0.0595411 -0.196331 0.05 16360.6
0 395 6 phononL 0.000982573 -0.0595411 -0.196331 0.049999 16360.6 0.00034743 1 -0.0917695 -0.219319 0.05 16934.5
0 416 4 phononL 0.00118702 -0.146467 0.387464 -0.0233956 12971.7 0.00034743 1 0.0834034 -0.193384 0.05 28406.6
0 462 4 phononTS 0.00120744 1.1095 -1.06849 -0.0094983 53904.2 0.00034743 1 -0.0511725 -0.253104 0.05 57086.1
0 472 3 phononTS 0.00163978 -3.30051 3.18434 0.000713902 2402.45 0.00034743 1 -0.0421478 -0.242496 0.05 10316.1
0 472 2 phononTS 0.00236022 -3.30051 3.18434 0.000713902 2402.45 0.00034743 1 0.0380258 -0.164049 0.05 10512.1
0 475 2 phononTF 0.00172462 -2.4429 2.79738 0.0271774 4412.63 0.00034743 1 0.0692072 -0.191012 0.05 20326.6
0 520 2 phononTS 0.00154688 -3.69547 2.32542 0.0129317 7254.05 0.00069486 1 0.0693263 -0.204733 0.05 33689.8
0 539 2 phononTF 0.0013092 -3.94797 3.3292 -0.0333593 374.947 0.00034743 1 -0.0433169 -0.232378 0.05 3180.77
0 539 4 phononTF 0.00077531 -0.0433169 -0.232378 0.049999 3180.77 0.00034743 1 -0.0341208 -0.118858 0.05 3262.67
0 602 2 phononL 0.0021825 -4.21315 4.58445 -0.00860852 2894.59 0.00069486 1 0.0709486 -0.128347 0.05 19648.5
0 638 3 phononTS 0.00174932 -3.33464 4.00976 -0.0419052 714.758 0.00104229 1 -0.0267912 -0.1613 0.05 46202.7
0 662 4 phononL 0.00177286 -2.5702 1.56365 -0.00926633 25729.6 0.00069486 1 0.0547341 -0.295207 0.05 66132.2
0 684 5 phononL 0.00104227 -2.40711 4.88622 -0.0167915 1985.7 0.00034743 1 -0.0118002 -0.193654 0.05 21379.6
0 684 8 phononTF 0.000494782 -0.0118002 -0.193654 0.049999 21379.6 0.00034743 1 -0.0299085 -0.168067 0.05 21451.4
0 708 2 phononTF 0.00147292 -2.75462 4.83205 0.0126555 1732.2 0.00069486 1 0.109329 -0.217682 0.05 71303
0 731 7 phononTS 0.00113624 -2.04127 4.90344 -0.0325056 45452.7 0.00069486 1 0.0681525 -0.205409 0.05 90029
0 742 5 phononTS 0.00192417 -3.01134 4.89757 0.049659 51390.3 0.00069486 1 0.0689947 -0.274475 0.05 176711
0 826 2 phononTF 0.0022918 -3.4214 3.86025 -0.0499532 525.913 0.00069486 1 0.0226705 -0.262613 0.05 23234
0 833 2 phononL 0.00128532 -3.245 3.75385 -0.00285035 1.27774 0.00069486 1 -0.0747737 -0.184581 0.05 48898.9
0 943 2 phononTS 0.00247065 0.489564 2.50157 0.0375324 17436.8 0.00034743 1 0.0680911 -0.182517 0.05 22175
0 943 5 phononTS 0.000953677 0.0680911 -0.182517 0.049999 22175 0.00034743 1 -0.060226 -0.170555 0.05 22573.6
0 961 3 phononL 0.00176921 -3.1495 4.96871 -0.028036 3968.41 0.00034743 1 0.042989 -0.203683 0.05 48205
0 961 5 phononTF 0.000637182 0.042989 -0.203683 0.049998 48205 0.00034743 1 0.0479137 -0.25523 0.05 48481
0 961 4 phononTS 0.000598628 0.042989 -0.203683 0.049998 48205 0.00034743 1 0.0328479 -0.141277 0.05 48280.4
0 1031 2 phononTF 0.00299244 -3.23089 3.71544 -0.0052723 125.595 0.00069486 1 -0.0239968 -0.263485 0.05 12037.4
0 1054 5 phononTS 0.00214201 -4.08756 3.05382 -0.0375908 12062.8 0.00034743 1 0.0842083 -0.246446 0.05 47971.5
0 1055 4 phononTF 0.00194185 -4.71091 3.19184 0.0288511 36585.3 0.00034743 1 -0.0558784 -0.19214 0.05 43675
0 1058 2 phononTS 0.00198602 -4.43795 2.72501 -0.0459386 20191.9 0.00069486 1 -0.0957167 -0.161396 0.05 24756.1
0 1069 7 phononTF 0.00113043 0.0173364 0.84957 -0.0450664 44861.4 0.00069486 1 0.014607 -0.168866 0.05 46042.9
0 1087 3 phononTF 0.00286837 -3.42168 3.9471 -0.0434401 6120.83 0.00034743 1 -0.027155 -0.166116 0.05 12568.2
0 1087 4 phononTF 0.00212673 -0.027155 -0.166116 0.049999 12568.2 0.00034743 1 0.0480864 -0.2048 0.05 12633.6
0 1087 10 phononL 0.000563336 0.0480864 -0.2048 0.049999 12633.6 0.00034743 1 -0.0224025 -0.230075 0.05 44422.6
0 1116 5 phononL 0.000989445 -4.02882 4.44752 -0.0200964 22898.5 0.00034743 1 0.0137197 -0.227513 0.05 115059
0 1137 7 phononTF 0.00104804 -2.16917 3.9868 0.0422243 14714.3 0.00034743 1 -0.0648997 -0.266518 0.05 26891.3
0 1172 2 phononTS 0.00220059 -3.37663 3.70643 -0.00460866 89.4875 0.00034743 1 -0.0500206 -0.268167 0.05 37571.7
0 1279 7 phononTS 0.000802353 -1.51232 -3.23113 -0.0387321 56373.8 0.00034743 1 0.0191305 -0.237528 0.05 88651.2
0 1285 3 phononTF 0.00228475 -3.62007 4.35775 0.0439325 7589.25 0.00034743 1 -0.039493 -0.180435 0.05 31765
0 1285 4 phononTS 0.00117204 -0.039493 -0.180435 0.049999 31765 0.00034743 1 -0.0214423 -0.187408 0.05 31823.6
0 1320 4 phononTS 0.00117304 -0.161767 4.14299 -0.0324904 25036.8 0.00069486 1 -0.106206 -0.242484 0.05 46095.1
0 1322 7 phononTF 0.00188573 -3.32117 1.93396 0.0184542 40773.5 0.00034743 1 0.0924259 -0.127493 0.05 78430.3
0 1324 2 phononTF 0.00219516 -3.92409 3.99897 -0.0196649 1222.11 0.00034743 1 0.109883 -0.20453 0.05 34972.5
0 1362 5 phononL 0.00193519 -0.524505 -0.216768 0.0281071 14818 0.00069486 1 -0.0698341 -0.220831 0.05 16024.5
0 1363 2 phononTF 0.000970567 -3.05562 2.84087 0.018614 17717.4 0.00034743 1 -0.0793355 -0.201217 0.05 39008.1
0 1384 4 phononTF 0.00182334 -1.15259 4.29224 -0.0251807 11170.3 0.00104229 1 0.0472312 -0.197917 0.05 53846.6
0 1464 2 phononTF 0.00146731 -2.56759 3.07778 0.0300566 11411.6 0.00069486 1 -0.0369301 -0.247061 0.05 23765.8
0 1469 5 phononTS 0.00111102 -4.38844 3.05252 -0.00388723 26152.4 0.00034743 1 0.0533555 -0.100824 0.05 34430.8
0 1515 2 phononTF 0.00193837 -2.82176 3.7127 -0.0117513 2041.78 0.00069486 1 -0.104425 -0.190278 0.05 44104.7
0 1517 2 phononTS 0.00181731 -3.57155 3.77436 0.00885671 249.134 0.00069486 1 -0.0549637 -0.249083 0.05 27282.4
0 1518 5 phononL 0.00126551 -2.57374 0.300986 -0.0319051 8044.27 0.00069486 1 -0.105332 -0.178155 0.05 79700.9
0 1532 2 phononTS 0.00203497 -3.44887 3.07467 -0.0134146 5849.65 0.00069486 1 -0.0919563 -0.133041 0.05 44781.5
0 1536 3 phononTF 0.00224616 -2.77052 3.10958 0.0448681 838.603 0.00069486 1 0.080703 -0.23561 0.05 34491.5
0 1645 3 phononTF 0.00287153 -2.55173 3.59461 -0.0185959 3774.22 0.00173715 1 -0.0411347 -0.264428 0.05 22120.4
0 1659 5 phononTF 0.00212718 -4.43172 4.97499 -0.0398108 6740.42 0.00104229 1 -0.0626096 -0.193825 0.05 12998.1
0 1684 5 phononTS 0.00131658 -3.83743 3.66849 -0.0176053 35852.6 0.00034743 1 0.0850137 -0.204525 0.05 84443.5
0 1684 6 phononTS 0.000645652 0.0850137 -0.204525 0.049999 84443.5 0.00034743 1 0.0439869 -0.240092 0.05 84717.5
0 1709 2 phononTF 0.00174598 -2.79903 3.04368 -0.0452026 4163.59 0.00069486 1 0.0505158 -0.203613 0.05 64299.9
0 1809 5 phononTF 0.00181382 -0.299994 1.24945 -0.0176473 32270.8 0.00069486 1 0.0242697 -0.273477 0.05 50622.6
0 1812 3 phononTS 0.00235029 -2.95296 4.91454 -0.0191978 10418.8 0.00034743 1 -0.0739212 -0.224054 0.05 24974.6
0 1812 5 phononTF 0.00168798 -0.0739212 -0.224054 0.049999 24974.6 0.00069486 1 -0.0701812 -0.216394 0.05 24977.4
0 1816 2 phononTS 0.00208688 -2.7529 2.73004 0.0468333 3681.51 0.00069486 1 0.0251979 -0.159144 0.05 14824.7
0 1831 2 phononTS 0.00209488 -2.7557 2.87223 0.0320741 2887.41 0.00034743 1 -0.068698 -0.24449 0.05 23764.3
0 1848 2 phononTF 0.00109502 -3.21254 4.78557 -0.00707912 7277.64 0.00034743 1 0.0347896 -0.208241 0.05 19521
0 1874 3 phononTF 0.00154862 -2.7704 4.05601 -0.0411139 6453.23 0.00034743 1 0.0350106 -0.23326 0.05 52304.4
0 1887 3 phononTS 0.00197624 -2.48276 3.82523 0.00953733 2021.77 0.00034743 1 -0.0490591 -0.284352 0.05 101822
0 1887 6 phononTS 0.00146943 -0.0490591 -0.284352 0.049999 101822 0.00034743 1 0.0328947 -0.274486 0.05 101968
0 1930 3 phononTF 0.0018519 -0.231855 3.59499 -0.0451575 27319.6 0.00034743 1 -0.0384617 -0.191805 0.05 61268.6
0 1998 3 phononTS 0.00252395 -3.34458 3.44747 -0.0277131 1635.43 0.00034743 1 0.0611 -0.112185 0.05 40835.6
0 1998 6 phononTS 0.000389167 0.0611 -0.112185 0.049999 40835.6 0.00034743 1 -0.0213042 -0.140387 0.05 63154.3
0 2006 4 phononTF 0.000612969 -2.52061 -3.9633 -0.0110515 131980 0.00034743 1 0.0460047 -0.126667 0.05 159132
0 2059 2 phononTF 0.00117025 -2.46507 4.32224 0.0196635 2307.07 0.00069486 1 -0.105273 -0.187439 0.05 22378.6
0 2064 4 phononTF 0.00166231 2.90293 2.08939 -0.0263207 28917.5 0.00069486 1 0.0482404 -0.271706 0.05 33162.6
0 2084 5 phononTS 0.00178605 -3.96384 0.0562655 -0.0325535 31353.4 0.00034743 1 0.0382481 -0.192326 0.05 110723
0 2084 6 phononTS 0.000579961 0.0382481 -0.192326 0.049999 110723 0.00034743 1 0.0502809 -0.199416 0.05 110783
0 2131 3 phononTS 0.00168589 -2.97139 3.9954 0.0104693 470.203 0.00034743 1 0.0435528 -0.281992 0.05 39190.1
0 2161 2 phononTS 0.00164082 -3.73075 3.87871 0.0136453 693.741 0.00069486 1 0.0390212 -0.104631 0.05 17641.1
0 2180 3 phononL 0.00151372 -2.96403 4.00366 -0.0158934 1194.23 0.00034743 1 0.080059 -0.163219 0.05 8261.89
0 2191 3 phononTS 0.00179761 -1.04248 4.39892 0.0359928 4914.35 0.00034743 1 -0.0895601 -0.127668 0.05 24412
0 2196 2 phononTS 0.00138939 -2.83076 3.84312 -0.0318981 7589.47 0.00034743 1 -0.024222 -0.125395 0.05 47544.4
0 2196 6 phononTS 0.00098418 -0.024222 -0.125395 0.049999 47544.4 0.00034743 1 0.046368 -0.107213 0.05 49014.5
0 2196 13 phononTS 0.00055508 0.046368 -0.107213 0.049999 49014.5 0.00034743 1 -0.0643532 -0.149178 0.05 49098.9
0 2201 3 phononTF 0.00195855 -4.83747 4.30072 0.0281351 25551.5 0.00069486 1 -0.0654219 -0.265619 0.05 43135.3
0 2225 2 phononTS 0.00171294 -2.21726 3.69345 -0.0291403 5536.92 0.00034743 1 -0.0427561 -0.162431 0.05 12572.3
0 2238 4 phononL 0.00184693 -3.5851 3.47626 0.0345589 9720.2 0.00034743 1 0.0738612 -0.22582 0.05 26073.4
0 2304 3 phononTS 0.00173055 -1.998 1.87907 0.0401808 4030.16 0.00069486 1 -0.0434516 -0.267959 0.05 38616
0 2306 3 phononTF 0.00227697 -1.37086 4.74908 0.0440314 7211.07 0.00034743 1 -0.0288921 -0.244485 0.05 23265.2
0 2344 3 phononTS 0.00216756 -3.22498 4.20456 0.045986 2292.97 0.00069486 1 -0.0934849 -0.256651 0.05 11523.6
0 2357 3 phononL 0.0020242 -3.05883 2.25558 0.0282948 3002.14 0.00034743 1 -0.1032 -0.164329 0.05 14838.4
0 2390 4 phononL 0.00210074 -3.8747 4.70433 -0.0253672 3771.83 0.00104229 1 0.0349168 -0.242276 0.05 15302.5
0 2407 3 phononTS 0.00212289 -3.66938 3.51946 0.0282982 3134.09 0.00034743 1 -0.0871736 -0.188449 0.05 26164.7
0 2423 5 phononTF 0.00131515 -1.47073 4.6379 0.0262583 13444.2 0.00034743 1 0.110936 -0.210639 0.05 27400.1
0 2446 3 phononTS 0.00229568 -2.84589 3.90176 -0.0452319 276.358 0.00034743 1 0.0364846 -0.146309 0.05 56654.4
0 2447 2 phononTF 0.00146497 -3.14717 4.25488 -0.0180735 1996.13 0.00034743 1 0.0908047 -0.162754 0.05 91961.3
0 2492 5 phononTS 0.00155853 -3.34915 4.69563 -0.0166782 28130.7 0.00069486 1 0.0404358 -0.146576 0.05 50098.6
0 2502 3 phononTS 0.00230363 -3.40804 4.76797 -0.0308648 2994.16 0.00034743 1 0.0647683 -0.289597 0.05 31735.6
0 2510 5 phononTS 0.00109497 -3.68086 -1.94833 -0.0377907 50120.1 0.00069486 1 -0.0512031 -0.143559 0.05 82759.1
0 2518 5 phononL 0.00115875 -3.09787 3.13781 0.0476357 2584.01 0.00034743 1 0.0631025 -0.137979 0.05 48841.1
0 2520 3 phononTS 0.00156716 -1.99618 4.21096 -0.0218132 19842.9 0.00069486 1 -0.118166 -0.18175 0.05 51809.3
0 2534 4 phononL 0.00115509 -4.59163 3.58078 -0.0362919 916.995 0.00034743 1 0.0773994 -0.252373 0.05 42762.3
0 2534 6 phononTS 0.000351631 0.0773994 -0.252373 0.049999 42762.3 0.00034743 1 0.112211 -0.196286 0.05 42886.4
0 2569 2 phononTS 0.00207086 -1.41982 4.61429 0.0123879 8799.61 0.00104229 1 -0.0618036 -0.116713 0.05 56836.4
0 2573 3 phononTS 0.00206773 -3.2863 3.74438 -0.0423388 14.5884 0.00034743 1 0.0872759 -0.236303 0.05 37167.7
0 2593 5 phononTF 0.0020481 -4.76322 2.86776 -0.00553861 12056 0.00034743 1 -0.0528757 -0.142599 0.05 42834.7
0 2593 6 phononTF 0.00153249 -0.0528757 -0.142599 0.049999 42834.7 0.00034743 1 -0.0377969 -0.123866 0.05 42898.1
0 2602 2 phononTS 0.00219086 -4.64188 0.648677 0.0427919 15162.1 0.00069486 1 0.0755462 -0.251079 0.05 25486.8
0 2659 3 phononTS 0.00189714 -3.75688 2.92611 -0.0283178 6602.31 0.00069486 1 -0.079268 -0.241099 0.05 11458.6
0 2675 5 phononTS 0.00219894 -3.36927 2.36734 0.0380164 12760.3 0.00034743 1 -0.0881911 -0.221837 0.05 42355
0 2675 2 phononTF 0.00073422 -3.99162 3.32651 -0.0122136 3839.15 0.00034743 1 0.0523183 -0.155056 0.05 62718.1
0 2687 4 phononTS 0.00158062 -0.104085 -4.88653 0.0410926 39431.7 0.00034743 1 0.021856 -0.26275 0.05 52094.8
0 2735 3 phononTF 0.00211981 -3.08961 3.72885 0.0179501 477.883 0.00034743 1 0.0368169 -0.265968 0.05 87516.4
0 2869 3 phononTF 0.0017368 -2.63973 2.52363 -0.0336501 3503.72 0.00104229 1 -0.0390015 -0.29205 0.05 125667
0 2883 3 phononTS 0.00257082 -3.32309 3.06528 0.0306574 11005.1 0.00034743 1 -0.0607566 -0.149327 0.05 42073.5
0 2883 7 phononTS 0.0013117 -0.0607566 -0.149327 0.049998 42073.5 0.00034743 1 -0.0865886 -0.126198 0.05 42135.9
0 2883 4 phononTS 0.000674726 -0.0607566 -0.149327 0.049998 42073.5 0.00034743 1 -0.0762519 -0.16123 0.05 42272.4
0 2889 5 phononTF 0.000937928 -4.2351 2.07685 0.0216355 10067.8 0.00034743 1 -0.0603074 -0.229876 0.05 18727.1
0 2913 4 phononTS 0.00191243 -4.0704 3.49032 -0.0224479 19548.2 0.00069486 1 -0.0244634 -0.257606 0.05 51065.9
0 2913 6 phononTS 0.000798962 -0.0244634 -0.257606 0.049999 51065.9 0.00034743 1 -0.0207986 -0.222248 0.05 51131.1
0 2962 5 phononTS 0.0013199 -2.26115 2.80726 -0.00913806 1319.02 0.00069486 1 -0.11329 -0.223664 0.05 82872.9
0 2979 2 phononL 0.00193419 -2.11796 4.32689 0.0274165 10064 0.00104229 1 0.0542078 -0.180474 0.05 23767.9
0 3033 4 phononTS 0.000738876 -3.6706 0.679513 0.000272561 26376.4 0.00034743 1 -0.0583634 -0.177112 0.05 61857.8
0 3049 2 phononL 0.00130894 -2.98276 4.56223 -0.0240836 2650.87 0.00034743 1 0.0793633 -0.224364 0.05 19908.7
0 3067 2 phononTS 0.00216162 -3.38639 3.24778 -0.00146046 2798.8 0.00104229 1 0.0420587 -0.113239 0.05 23068.6
0 3121 5 phononL 0.00056332 -0.180148 0.0156955 0.049999 17494.7 0.00034743 1 0.012319 -0.211416 0.05 17979.6
0 3171 3 phononL 0.00163836 -1.5917 3.29351 -0.0458681 2986.16 0.00034743 1 0.0427424 -0.188827 0.05 23313.8
0 3171 4 phononTS 0.000992066 0.0427424 -0.188827 0.049999 23313.8 0.00034743 1 0.0211073 -0.143087 0.05 23392.9
0 3182 2 phononTF 0.00206228 -3.24545 3.70577 -0.0130609 21.4502 0.00034743 1 -0.0740517 -0.210089 0.05 45335.5
0 3182 6 phononTS 0.001619 -0.0740517 -0.210089 0.049999 45335.5 0.00034743 1 -0.0384514 -0.232489 0.05 45399.3
0 3188 3 phononTF 0.00270074 -2.36871 3.54709 -0.0392405 1473.71 0.00104229 1 0.019486 -0.163198 0.05 75747.5
0 3246 5 phononTS 0.00165877 -3.70126 3.68354 0.017669 26498.1 0.00069486 1 -0.0648857 -0.263676 0.05 58857.2
0 3279 3 phononL 0.00204402 -2.78222 3.81903 -0.0421377 263.448 0.00069486 1 -0.0925827 -0.130323 0.05 12900.3
0 3297 3 phononTF 0.00180029 -3.12286 2.9902 -0.035398 21946.7 0.00034743 1 0.0875925 -0.192549 0.05 71014.1
0 3297 4 phononTF 0.0005031 0.0875925 -0.192549 0.049999 71014.1 0.00034743 1 0.114944 -0.209386 0.05 71071.9
0 3406 2 phononTF 0.00104465 -3.23136 4.41796 0.000852176 8285.98 0.00069486 1 -0.0211816 -0.263834 0.05 34130.2
0 3499 3 phononL 0.00125889 -3.04469 4.21039 -0.0313411 1133.2 0.00034743 1 -0.0604501 -0.15413 0.05 26188.9
0 3499 5 phononTS 0.000841936 -0.0604501 -0.15413 0.049999 26188.9 0.00069486 1 0.11044 -0.155613 0.05 26393.9
0 3506 2 phononTS 0.00242807 -2.66552 1.82057 0.0288648 14481.5 0.00034743 1 0.0314094 -0.251342 0.05 54948.3
0 3506 5 phononTS 0.000702244 0.0314094 -0.251342 0.049999 54948.3 0.00034743 1 -0.0667864 -0.282616 0.05 56589.3
0 3506 4 phononL 0.000949135 0.0314094 -0.251342 0.049999 54948.3 0.00069486 1 0.0639844 -0.2507 0.05 54997.6
0 3514 3 phononTF 0.00163385 -3.5418 4.30292 -0.0194744 1577.53 0.00069486 1 0.0632391 -0.147148 0.05 21285.3
0 3575 3 phononTS 0.00180897 -3.97304 4.47004 0.00676156 2002.74 0.00034743 1 -0.0215315 -0.220068 0.05 21224.7
0 3590 2 phononTS 0.00286367 -3.52798 2.79471 0.0159056 3921.26 0.00034743 1 -0.0626345 -0.160007 0.05 54366
0 3590 4 phononTF 0.0012426 -0.0626345 -0.160007 0.049999 54366 0.00069486 1 -0.0367703 -0.196707 0.05 54631.7
0 3620 2 phononTF 0.0010753 -3.8339 3.66314 -0.0446297 537.356 0.00034743 1 0.10199 -0.233078 0.05 32646.2
0 3630 2 phononTS 0.00155321 -3.27535 2.37772 -0.0482774 9922.64 0.00069486 1 0.0956858 -0.196367 0.05 22994.7
0 3684 2 phononTS 0.00137514 -3.86615 4.21109 0.0389625 7874.28 0.00034743 1 0.0398485 -0.298034 0.05 64826.7
0 3688 4 phononTF 0.0015251 -4.01904 3.08489 -0.0278532 41985.9 0.00034743 1 0.0278379 -0.194355 0.05 77829.3
0 3750 5 phononTF 0.00110089 -3.84987 0.467628 0.00946263 8250.62 0.00034743 1 0.0591309 -0.123188 0.05 15963.1
0 3778 4 phononTF 0.00175653 -1.42759 2.46154 0.0258939 11503.2 0.00069486 1 0.0960559 -0.162995 0.05 63589.9
0 3827 3 phononL 0.00184418 -2.79685 2.97367 0.00689806 3241.68 0.00069486 1 0.0281811 -0.287842 0.05 107809
0 3840 3 phononTS 0.00191434 -4.92381 3.8148 0.0454086 6530.79 0.00034743 1 0.0729842 -0.182269 0.05 13647.3
0 3840 6 phononTF 0.00104064 0.0729842 -0.182269 0.049998 13647.3 0.00034743 1 -0.0213311 -0.181558 0.05 13986.4
0 3846 2 phononL 0.00146236 -3.23015 3.55361 -0.0163142 1016.16 0.00034743 1 0.0932748 -0.20442 0.05 19688.1
0 3846 5 phononL 0.000355883 0.0932748 -0.20442 0.049999 19688.1 0.00034743 1 0.0163467 -0.227477 0.05 19802
0 3897 5 phononTF 0.0012009 -2.57113 -2.29365 -0.0454157 31117 0.00034743 1 0.0754029 -0.193711 0.05 70671.4
0 3897 7 phononL 0.000819297 0.0754029 -0.193711 0.049999 70671.4 0.00034743 1 0.0358303 -0.175952 0.05 71075.4
0 3963 2 phononL 0.00159158 -3.89815 4.88575 0.0174534 10056.8 0.00034743 1 -0.0231331 -0.170916 0.05 32440.1
0 3971 5 phononTS 0.00139103 0.909384 3.09033 -0.0160605 13803.5 0.00069486 1 0.0559902 -0.292079 0.05 47390.2
0 4033 2 phononL 0.00251257 -2.62069 2.49074 -0.00348831 2473.44 0.00034743 1 0.0691628 -0.246631 0.05 10917.1
0 4051 5 phononTS 0.00141534 -2.70825 0.60493 0.0345097 10260.8 0.00034743 1 -0.0772838 -0.117278 0.05 14633.7
0 4051 6 phononTF 0.000825203 -0.0772838 -0.117278 0.049999 14633.7 0.00034743 1 0.0535016 -0.198282 0.05 15480.8
0 4057 4 phononTS 0.000527163 -0.404107 2.33916 -0.0245086 10103.5 0.00034743 1 0.0138246 -0.175689 0.05 30006.1
0 4076 2 phononTF 0.00112234 -3.49423 4.07154 0.0211773 1659.68 0.00069486 1 0.0824371 -0.272588 0.05 90566.4
0 4091 3 phononTF 0.00275532 -3.30908 4.50156 -0.0205798 5050.45 0.00138972 1 0.0571108 -0.237838 0.05 23764.1
0 4098 4 phononTS 0.000361359 -4.87261 3.35488 0.0106178 11115.6 0.00034743 1 -0.0501843 -0.129238 0.05 16131
0 4140 3 phononL 0.00233714 -2.97543 3.29908 -0.0354558 1109.09 0.00138972 1 0.0651873 -0.216001 0.05 21652.8
0 4191 2 phononTS 0.00170508 -3.33101 4.11084 -0.0442171 3114.31 0.00034743 1 -0.0804416 -0.26864 0.05 14625.8
0 4191 5 phononTS 0.000882477 -0.0804416 -0.26864 0.049999 14625.8 0.00034743 1 -0.0849519 -0.263386 0.05 14683.1
0 4226 2 phononL 0.00133253 -2.56121 3.38676 0.0198408 1338.54 0.00034743 1 0.117306 -0.174301 0.05 10921
0 4245 2 phononTS 0.00100156 -3.93955 3.89727 -0.0129954 2879.89 0.00034743 1 0.0374974 -0.257067 0.05 47165.9
0 4359 2 phononTF 0.0015272 -4.30995 3.73728 -0.0197697 1865.22 0.00034743 1 0.0381708 -0.187777 0.05 150589
0 4373 3 phononTS 0.00172812 -4.12857 3.72203 -0.00577414 1737.03 0.00034743 1 -0.101581 -0.184082 0.05 34354
0 4373 5 phononTS 0.000922615 -0.101581 -0.184082 0.049998 34354 0.00069486 1 -0.0977133 -0.185545 0.05 34410.4
0 4449 2 phononTS 0.00154926 0.324888 2.10565 -0.0294202 9139.65 0.00069486 1 0.104065 -0.232706 0.05 63710.5
0 4485 2 phononL 0.002313 -2.82039 3.30409 0.0370376 10256.3 0.00104229 1 -0.113807 -0.189607 0.05 29874.5
0 4524 2 phononTF 0.00144516 -2.9519 3.19908 0.0284021 3612.69 0.00069486 1 0.0704549 -0.161779 0.05 47244.3
0 4542 2 phononTF 0.00205936 -3.6126 3.32997 -0.0292149 1394.94 0.00034743 1 -0.0422504 -0.199006 0.05 6328.54
0 4542 4 phononTF 0.000507819 -0.0422504 -0.199006 0.049999 6328.54 0.00034743 1 -0.0386738 -0.286854 0.05 6398.88
0 4589 3 phononL 0.00127337 -3.45549 3.72555 -0.0219437 168.196 0.00034743 1 0.0405711 -0.248357 0.05 29957.6
0 4646 5 phononTS 0.000960219 -2.8674 -0.32686 -0.0482502 38619.6 0.00034743 1 -0.0388708 -0.182195 0.05 41655.1
0 4646 7 phononTS 0.000352464 -0.0388708 -0.182195 0.049999 41655.1 0.00034743 1 0.0717281 -0.257518 0.05 41902.5
0 4650 3 phononTS 0.00174819 -3.23835 3.6946 -0.00170873 169 0.00034743 1 0.0999123 -0.186436 0.05 19290
0 4671 3 phononTF 0.00099562 -1.73751 3.98555 -0.0422091 1682.43 0.00034743 1 -0.030188 -0.293001 0.05 27850.6
0 4724 5 phononTF 0.00234119 -4.03746 0.338964 -0.00814399 14897.3 0.00069486 1 0.0504397 -0.261304 0.05 27244.5
0 4740 2 phononTS 0.00125002 -2.46685 2.43211 -0.0462762 7348.68 0.00069486 1 -0.064005 -0.12705 0.05 133861
0 4775 3 phononL 0.00202304 -3.90198 2.85163 0.0365785 6958.77 0.00034743 1 0.0251792 -0.129989 0.05 17140.1
0 4775 4 phononTF 0.00133771 0.0251792 -0.129989 0.049999 17140.1 0.00034743 1 0.0206568 -0.239801 0.05 17287.4
0 4801 3 phononTS 0.00183274 -1.02858 3.81442 -0.0184481 8517.37 0.00034743 1 -0.0392171 -0.252396 0.05 13286.1
0 4804 3 phononTF 0.00177062 -2.19949 4.87005 0.0397528 6156.91 0.00034743 1 0.0323649 -0.223639 0.05 12312.2
0 4804 5 phononTF 0.000676628 0.0323649 -0.223639 0.049999 12312.2 0.00034743 1 0.0328198 -0.114638 0.05 13122.7
0 4822 4 phononTS 0.00188105 -1.915 2.32074 -0.0149912 55428.2 0.00069486 1 0.0306966 -0.237628 0.05 126883
0 4841 2 phononL 0.00119495 -3.39118 3.49647 -0.0282215 12906.9 0.00069486 1 0.0738842 -0.218807 0.05 51021.1
0 4877 2 phononTF 0.00179369 -4.18554 3.11653 -0.00969128 6135.7 0.00034743 1 0.114982 -0.208102 0.05 16561.7
0 4877 5 phononL 0.00104924 0.114982 -0.208102 0.049999 16561.7 0.00034743 1 0.037004 -0.152828 0.05 16610.9
0 4917 5 phononTF 0.00184318 -2.24206 3.50708 0.0286981 2191.17 0.00034743 1 -0.069371 -0.274563 0.05 43255.3
0 4917 6 phononTS 0.00115319 -0.069371 -0.274563 0.049998 43255.3 0.00069486 1 0.0184041 -0.159635 0.05 43348.6
0 4954 2 phononTS 0.00172566 -4.34279 4.20426 -0.0237961 2334.88 0.00034743 1 0.054143 -0.162163 0.05 12403.3
0 4970 2 phononTS 0.00137184 -4.88226 2.52538 0.0343348 5289.79 0.00069486 1 0.047303 -0.275765 0.05 74571.1
0 4984 4 phononTF 0.00165271 -4.05047 -1.158 -0.00345627 26124.9 0.00104229 1 -0.0280107 -0.175112 0.05 45789.8
