Run ID,Event ID,Track ID,Particle Name,Start Energy [eV],Start X [mm],Start Y [mm],Start Z [mm],Start Time [ns],Energy Deposited [eV],Track Weight,End X [mm],End Y [mm],End Z [mm],Final Time [ns],Volume Name
0 4 3 phononL 0.00180228 -0.035503 -3.87182 0.00641796 3042.06 0.00069486 1 0.0992081 -0.178759 0.05 9263.37
0 4 4 phononTS 0.000585942 0.0992081 -0.178759 0.049999 9263.37 0.00034743 1 0.0818164 -0.165452 0.05 9323.55
0 50 3 phononTS 0.00228297 0.00806644 -2.70154 -0.0457161 1421.43 0.00138972 1 0.0541544 -0.148529 0.05 35808.5
0 94 2 phononTF 0.00115736 0.441071 -1.32713 0.00561698 24524.4 0.00069486 1 0.0235939 -0.216717 0.05 31006.7
0 119 3 phononTF 0.00219488 0.67812 -3.21901 0.0419208 6019.93 0.00034743 1 0.10238 -0.253583 0.05 33943.9
0 155 2 phononTF 0.00134904 1.05333 -2.56135 0.0248244 2192.97 0.00034743 1 0.0724715 -0.284001 0.05 43082.4
0 163 2 phononTF 0.00127115 0.0402992 -3.54014 0.0290674 864.783 0.00034743 1 0.062766 -0.167662 0.05 59362.3
0 195 2 phononTF 0.002073 0.219656 -3.69882 -0.0255247 365.885 0.00034743 1 -0.065847 -0.162536 0.05 31016.5
0 195 5 phononTS 0.00121886 -0.065847 -0.162536 0.049999 31016.5 0.00069486 1 -0.0577671 -0.177505 0.05 31074.3
0 198 2 phononTF 0.00224549 0.445042 -3.92873 0.0104107 991.157 0.00104229 1 -0.0640167 -0.211765 0.05 28535.3
0 198 8 phononTS 0.000433742 -0.0640167 -0.211765 0.049999 28535.3 0.00034743 1 0.0502833 -0.226326 0.05 62227.6
0 212 2 phononTS 0.00197075 -0.562684 -3.1758 0.0492071 6559.73 0.00034743 1 -0.0274119 -0.213147 0.05 7759.2
0 247 4 phononTF 0.00143757 3.67679 -4.67055 -0.00762493 40557.5 0.00104229 1 -0.0876653 -0.219037 0.05 70321
0 255 3 phononTS 0.00215612 0.609802 -3.25074 0.00405269 3960.36 0.00034743 1 -0.0509741 -0.144351 0.05 35212.1
0 264 2 phononTF 0.000999512 0.498767 -4.14577 0.00151484 3117.54 0.00034743 1 -0.0193001 -0.183105 0.05 73312
0 268 2 phononTS 0.00147384 -0.326286 -2.24673 -0.0409167 1555.38 0.00069486 1 -0.0578133 -0.186992 0.05 35315
0 281 2 phononTS 0.00217834 0.868451 -2.16221 -0.0216991 4209.13 0.00034743 1 -0.0797835 -0.175561 0.05 9430.24
0 281 6 phononTS 0.000728612 -0.0797835 -0.175561 0.049999 9430.24 0.00034743 1 -0.0584403 -0.15069 0.05 9491.71
0 303 2 phononTF 0.00189922 0.379447 -3.22981 0.0459913 1559.1 0.00034743 1 -0.0315788 -0.293536 0.05 11733
0 322 3 phononTF 0.00268701 1.08684 -2.31019 -0.0133835 2626.55 0.00034743 1 0.0507976 -0.299189 0.05 13368.1
0 322 5 phononTF 0.000818571 0.0507976 -0.299189 0.049999 13368.1 0.00034743 1 0.0501482 -0.123686 0.05 13443.2
0 352 2 phononL 0.00202487 0.314495 -3.53225 0.027626 2009.59 0.00104229 1 -0.0404583 -0.285374 0.05 16012.4
0 386 5 phononTS 0.00221688 1.28447 -3.41588 -0.0119427 8371.21 0.00069486 1 0.117279 -0.193093 0.05 30949
0 386 6 phononTF 0.00111326 0.117279 -0.193093 0.049999 30949 0.00034743 1 0.0881852 -0.221602 0.05 31192.6
0 391 2 phononTF 0.00213082 0.202447 -3.38605 0.0351073 590.365 0.00034743 1 -0.0434506 -0.105286 0.05 36863.3
0 413 3 phononL 0.000857412 -0.656729 -2.51262 -0.0214225 16834.6 0.00034743 1 -0.026389 -0.258784 0.05 18212.1
0 428 2 phononTS 0.000860982 0.467538 -3.9771 0.0404159 11361.3 0.00034743 1 -0.082907 -0.275025 0.05 25273.3
0 455 7 phononL 0.00128516 -0.924869 -3.65971 0.00175124 34478.3 0.00034743 1 -0.0384564 -0.115562 0.05 40390.8
0 455 8 phononL 0.000663949 -0.0384564 -0.115562 0.049999 40390.8 0.00034743 1 0.0714656 -0.238574 0.05 41191.1
0 468 3 phononTS 0.00158348 1.05538 -1.53887 -0.046803 16972.4 0.00034743 1 0.0890418 -0.24024 0.05 31063.5
0 487 4 phononTS 0.00153581 3.10189 0.493561 -0.0250663 30078 0.00069486 1 0.0880659 -0.123759 0.05 33961.1
0 497 3 phononTS 0.00184911 0.0200344 -1.83619 -0.0453774 7136.43 0.00034743 1 0.0566511 -0.293639 0.05 16630.7
0 514 5 phononL 0.000887171 -0.166981 -2.59965 -0.0140656 9544.01 0.00034743 1 0.0962221 -0.194474 0.05 120384
0 519 3 phononTS 0.00220436 -0.402044 -4.27694 -0.00912174 7360.52 0.00069486 1 0.0262927 -0.182872 0.05 18462.9
0 541 3 phononTS 0.00274758 0.317148 -4.87408 -0.00433489 2600.74 0.00034743 1 -0.0137375 -0.185477 0.05 14462.1
0 541 4 phononTF 0.00189308 -0.0137375 -0.185477 0.049999 14462.1 0.00034743 1 -0.00972328 -0.191888 0.05 24175.8
0 575 2 phononTF 0.00198218 1.04698 -1.36719 0.00646681 3216.29 0.00069486 1 -0.0631483 -0.159301 0.05 13887.1
0 599 4 phononTF 0.000586453 -0.714697 -4.13945 -0.00467285 15371.7 0.00034743 1 0.0713982 -0.246062 0.05 43339.9
0 610 3 phononL 0.00184721 0.842388 -3.8631 -0.00521481 3060.44 0.00034743 1 -0.0696352 -0.116241 0.05 11895
0 611 5 phononTS 0.00140637 2.87518 -1.61353 -0.00336595 13183.6 0.00034743 1 0.0468172 -0.230867 0.05 33418.4
0 621 3 phononTF 0.00213107 0.650167 -3.31031 -0.0110889 11031.9 0.00034743 1 0.0307663 -0.119722 0.05 25982.1
0 649 4 phononTF 0.00114231 -3.29447 -4.11659 -0.00807852 12893.5 0.00034743 1 -0.0160312 -0.195654 0.05 18140.7
0 653 3 phononTF 0.00272088 0.263894 -3.29025 -0.0175326 67.976 0.00034743 1 0.097533 -0.16433 0.05 6403.46
0 653 4 phononTF 0.00139632 0.097533 -0.16433 0.049999 6403.46 0.00069486 1 0.0679716 -0.223399 0.05 6467.46
0 655 3 phononTS 0.00235584 1.38648 -2.00611 -0.0194831 2021.56 0.00034743 1 0.0484987 -0.107776 0.05 32108.1
0 655 6 phononTS 0.00172873 0.0484987 -0.107776 0.049999 32108.1 0.00104229 1 -0.0695455 -0.112476 0.05 33884.9
0 680 2 phononTS 0.00233128 0.263844 -3.24344 -0.0436826 9.23921 0.00034743 1 -0.0330986 -0.264082 0.05 34536.7
0 680 4 phononTS 0.000928459 -0.0330986 -0.264082 0.049999 34536.7 0.00034743 1 -0.0263173 -0.265724 0.05 34593.3
0 706 3 phononTS 0.00189545 -1.20926 -2.50137 0.0195738 19570.7 0.00034743 1 -0.083005 -0.213096 0.05 126929
0 711 2 phononTS 0.00116616 0.508685 -3.0046 0.0202103 3083.59 0.00034743 1 -0.0223911 -0.225542 0.05 24728.8
0 786 1 phononTF 0.004 0.25 -3.25 0 0 0.00069486 1 0.0534098 -0.247248 0.05 7671.69
0 796 2 phononTF 0.000615198 1.61406 -4.70781 -0.0405042 5446.39 0.00034743 1 -0.0631623 -0.137346 0.05 36140.7
0 806 3 phononTS 0.00207152 1.57242 -3.77492 0.0240132 4314.52 0.00069486 1 -0.0442229 -0.24258 0.05 45488
0 815 3 phononTF 0.00215423 0.592657 -2.37947 -0.00974002 1652.82 0.00104229 1 -0.084045 -0.122483 0.05 54439.9
0 824 5 phononTS 0.0016298 -0.327205 -1.40328 -0.0439271 17209.5 0.00069486 1 0.075903 -0.2564 0.05 17943.1
0 825 3 phononTS 0.00209986 -0.0186914 -4.20647 0.0302675 1044.54 0.00034743 1 0.0249723 -0.23455 0.05 50198.2
0 835 2 phononTS 0.00126392 0.133967 -3.62636 0.0245259 4827.28 0.00034743 1 0.0373556 -0.115751 0.05 12303.3
0 855 3 phononTF 0.00248429 0.894566 -3.65975 -0.0139916 5740.62 0.00034743 1 0.0709684 -0.269152 0.05 29151.8
0 855 5 phononTS 0.000447217 0.0709684 -0.269152 0.049999 29151.8 0.00034743 1 0.0669861 -0.251278 0.05 29208.9
0 873 2 phononTF 0.00140774 1.73712 -0.313063 -0.00992835 6246.23 0.00069486 1 -0.0582573 -0.148142 0.05 7722.08
0 874 3 phononTF 0.00144933 0.798354 -2.89863 -0.0031721 4181.2 0.00034743 1 -0.105951 -0.233143 0.05 6243.27
0 878 4 phononL 0.00121069 1.72626 -2.40227 0.0394517 23109.7 0.00034743 1 -0.0675554 -0.212533 0.05 39700.1
0 886 3 phononTS 0.0022916 0.140816 -3.2773 -0.0336663 4961.96 0.00069486 1 0.0531992 -0.292324 0.05 24189.9
0 897 2 phononTF 0.00169211 0.222148 -3.3084 0.0288133 19.3161 0.00034743 1 0.105166 -0.154608 0.05 43612.3
0 897 4 phononTS 0.000413951 0.105166 -0.154608 0.049999 43612.3 0.00034743 1 0.0507174 -0.185745 0.05 43807.5
0 898 3 phononL 0.00215244 0.227636 -2.03126 -0.0245024 4181.82 0.00034743 1 -0.0362284 -0.172157 0.05 37351.7
0 898 4 phononTS 0.000792379 -0.0362284 -0.172157 0.049999 37351.7 0.00034743 1 -0.074738 -0.232367 0.05 37419
0 904 2 phononTS 0.00220173 0.23201 -2.86501 0.033607 4067.11 0.00069486 1 -0.0889502 -0.137531 0.05 44213.9
0 913 3 phononTS 0.00182317 -1.89296 -3.85847 -0.0197522 11483.1 0.00069486 1 -0.110565 -0.213123 0.05 74561.1
0 922 2 phononTF 0.0025338 -0.252368 -4.57059 0.022943 2938.38 0.00069486 1 -0.0583776 -0.287547 0.05 20638.4
0 922 4 phononTF 0.00136607 -0.0583776 -0.287547 0.049999 20638.4 0.00034743 1 -0.0420319 -0.192889 0.05 20706.2
0 922 13 phononTS 0.00054344 -0.0420319 -0.192889 0.049999 20706.2 0.00034743 1 -0.037066 -0.302419 0.05 22677.3
0 970 3 phononL 0.00197173 1.4459 0.732905 0.0398819 15028.5 0.00069486 1 0.0606298 -0.143333 0.05 57924.2
0 987 3 phononL 0.00214249 1.31292 -4.90052 0.00831028 15610.8 0.00034743 1 -0.0613141 -0.174076 0.05 39416.8
0 990 3 phononTS 0.00184677 0.211115 -3.20763 0.0392252 269.631 0.00034743 1 0.0511835 -0.254028 0.05 6081.08
0 990 7 phononTF 0.000419515 0.0511835 -0.254028 0.049999 6081.08 0.00034743 1 -0.0833073 -0.166208 0.05 6986.64
0 1011 3 phononTS 0.00187304 0.45154 -1.48976 -0.0127423 6936.14 0.00104229 1 -0.063484 -0.259263 0.05 8078.28
0 1039 2 phononL 0.00188403 -0.202778 -3.03633 0.0248947 4530.14 0.00034743 1 -0.0752037 -0.168982 0.05 8676.06
0 1039 6 phononTF 0.000383616 -0.0752037 -0.168982 0.049999 8676.06 0.00034743 1 0.0955484 -0.19092 0.05 9271.34
0 1045 3 phononTS 0.00198121 -0.324791 -3.93376 0.0327111 7129.31 0.00069486 1 0.0319412 -0.306171 0.05 37838.7
0 1065 3 phononTF 0.00154654 0.670088 -2.96071 -0.0411419 5266.94 0.00034743 1 0.063277 -0.132821 0.05 14851.3
0 1126 4 phononTF 0.000887939 2.87598 -3.09257 0.00721464 9996.7 0.00034743 1 0.0715835 -0.176675 0.05 64981.4
0 1126 2 phononTS 0.00155928 0.767918 -3.49913 0.0294367 4392.19 0.00034743 1 -0.065807 -0.145077 0.05 22505.4
0 1140 3 phononTS 0.00162687 0.747675 -1.83039 -0.0216224 2792.99 0.00069486 1 -0.0392623 -0.0982616 0.05 7915.9
0 1169 2 phononL 0.00125862 -1.26495 -2.52803 -0.0383076 5114.14 0.00034743 1 -0.0514265 -0.284663 0.05 15769.4
0 1205 3 phononTS 0.00157018 0.455668 -2.79373 -0.0242345 5879.34 0.00069486 1 0.0468271 -0.118486 0.05 58651.4
0 1224 3 phononTS 0.00201031 0.155901 -3.23323 -0.0267651 38.4981 0.00069486 1 -0.0507934 -0.147847 0.05 2444.46
0 1278 3 phononTF 0.00261875 2.32966 -4.89677 -0.0268686 20492 0.00069486 1 -0.106598 -0.158572 0.05 38055.4
0 1286 3 phononL 0.00207748 0.943566 -3.41461 -0.0218673 1055.93 0.00034743 1 0.113258 -0.164043 0.05 48678.1
0 1286 5 phononTS 0.00111417 0.113258 -0.164043 0.049999 48678.1 0.00034743 1 0.0655326 -0.119061 0.05 48746.6
0 1292 2 phononTS 0.00274698 -0.156708 -4.8022 -0.0496925 16955.4 0.00069486 1 -0.0645051 -0.148101 0.05 37448.2
0 1292 5 phononTS 0.000501831 -0.0645051 -0.148101 0.049999 37448.2 0.00034743 1 -0.0640207 -0.191903 0.05 37728.1
0 1301 2 phononL 0.00209118 0.131789 -3.37711 -0.0267546 216.628 0.00034743 1 0.0260842 -0.1158 0.05 14006.7
0 1337 2 phononL 0.0022096 1.11156 -3.85655 -0.0335411 2613.19 0.00034743 1 -0.101306 -0.255217 0.05 56428.5
0 1360 3 phononTF 0.00199703 -0.412943 -3.11754 0.0402238 2948.41 0.00034743 1 -0.0617054 -0.29149 0.05 7130.06
0 1371 3 phononTF 0.00202889 -0.63204 -3.92867 -0.0218465 1774.64 0.00069486 1 0.115266 -0.229789 0.05 65200.2
0 1371 2 phononTS 0.00197111 -0.63204 -3.92867 -0.0218465 1774.64 0.00034743 1 -0.0778044 -0.203013 0.05 10342.4
0 1410 3 phononTF 0.00258827 0.759769 -3.02043 0.0265064 1478.53 0.00034743 1 0.0519509 -0.281368 0.05 15155.6
0 1410 6 phononTF 0.000478468 0.0519509 -0.281368 0.049999 15155.6 0.00034743 1 0.111904 -0.169754 0.05 15301.6
0 1445 2 phononL 0.00107773 0.0272792 -3.57502 0.0357674 1946.78 0.00069486 1 0.0192284 -0.233794 0.05 9706.06
0 1447 3 phononTS 0.00178359 0.334017 -3.20256 0.024265 23.5314 0.00034743 1 0.0372383 -0.221671 0.05 24647.6
0 1452 2 phononL 0.0013793 1.01279 -2.85845 0.0260978 1876.5 0.00034743 1 -0.0823048 -0.214589 0.05 57327.4
0 1477 3 phononTS 0.00280892 -0.60074 -2.28229 -0.00504249 1570.81 0.00034743 1 -0.0726805 -0.175059 0.05 10828.3
0 1480 3 phononTS 0.00309603 0.233601 -1.76413 0.00952644 7093.02 0.00069486 1 0.0778213 -0.163591 0.05 19927.9
0 1480 10 phononTF 0.000461106 0.0778213 -0.163591 0.049999 19927.9 0.00034743 1 0.0570785 -0.175074 0.05 20154.8
0 1503 3 phononTF 0.00206056 0.540632 -3.3645 0.0180542 5679.44 0.00069486 1 0.111121 -0.180628 0.05 13975
0 1503 2 phononTS 0.00193944 0.540632 -3.3645 0.0180542 5679.44 0.00069486 1 -0.0729101 -0.202737 0.05 33483.5
0 1509 3 phononTF 0.00193096 0.863637 -2.47783 0.0459966 8808.42 0.00034743 1 -0.0560609 -0.136515 0.05 13157.3
0 1509 4 phononTF 0.000708391 -0.0560609 -0.136515 0.049999 13157.3 0.00034743 1 0.0882917 -0.130994 0.05 13420.7
0 1510 2 phononTS 0.00147978 0.261235 -2.73035 -0.008251 1069.07 0.00034743 1 0.0270718 -0.216209 0.05 61578.5
0 1553 2 phononTS 0.00187182 -1.12383 -3.55728 0.0191549 3828.79 0.00034743 1 0.0748625 -0.16216 0.05 39648.8
0 1563 3 phononTF 0.00205163 0.750442 -3.1027 -0.0165932 464.533 0.00104229 1 0.0956657 -0.154251 0.05 83227
0 1571 3 phononTS 0.0018809 2.25644 -2.2591 -0.040882 7360.7 0.00034743 1 0.0587899 -0.139489 0.05 31799.5
0 1571 4 phononTF 0.00113329 0.0587899 -0.139489 0.049999 31799.5 0.00034743 1 0.0998848 -0.225969 0.05 31880.4
0 1590 2 phononTF 0.0019355 -0.0524627 -1.49778 -0.0360204 7929.37 0.00034743 1 -0.03054 -0.226203 0.05 43077
0 1593 3 phononTS 0.00167508 2.0484 -4.21755 0.0161296 15343.1 0.00104229 1 -0.0800036 -0.186667 0.05 45258.4
0 1603 3 phononL 0.00199463 0.396642 -3.60628 -0.0245074 540.27 0.00034743 1 0.0929227 -0.163478 0.05 3524.97
0 1603 4 phononTS 0.00105753 0.0929227 -0.163478 0.049998 3524.97 0.00034743 1 0.100082 -0.147942 0.05 3586.26
0 1609 1 phononTS 0.004 0.25 -3.25 0 0 0.00104229 1 -0.0832952 -0.205617 0.05 8193.71
0 1609 5 phononTF 0.000658384 -0.0832952 -0.205617 0.049999 8193.71 0.00034743 1 -0.0381673 -0.139055 0.05 8398.5
0 1616 3 phononTS 0.00216515 -0.219186 -2.51857 0.0250196 2109.31 0.00069486 1 0.0633912 -0.192761 0.05 4431.73
0 1623 2 phononTS 0.00157047 0.0547772 -3.58133 -0.0204172 1959.69 0.00104229 1 -0.0162541 -0.198685 0.05 17024
0 1628 3 phononTS 0.00252713 0.297086 -3.21571 0.0320938 12.2227 0.00034743 1 -0.0798643 -0.202142 0.05 81143
0 1630 2 phononTF 0.00174393 0.501319 -3.17363 -0.00846867 1280.46 0.00034743 1 0.0606034 -0.292743 0.05 6612
0 1649 2 phononTS 0.0016549 0.693793 -3.82103 -4.70362e-05 9344.77 0.00069486 1 -0.11026 -0.210857 0.05 12520.3
0 1654 3 phononTF 0.00193066 0.0160048 -3.60579 -0.0141794 3958.81 0.00034743 1 -0.035896 -0.211241 0.05 63227.6
0 1675 2 phononTF 0.00111747 1.11773 -3.03824 -0.0497307 3365.44 0.00034743 1 -0.0350368 -0.153465 0.05 17346.2
0 1724 4 phononTS 0.000707482 -3.30668 3.6191 0.0316101 55436.4 0.00034743 1 0.0859574 -0.200749 0.05 119995
0 1726 4 phononTS 0.00127317 2.77495 -1.92049 0.0456199 26642.2 0.00069486 1 0.0153558 -0.201396 0.05 33246.5
0 1742 4 phononTF 0.000573673 1.3297 0.614633 -0.0230167 9018.35 0.00034743 1 -0.0658816 -0.281643 0.05 76597.6
0 1753 4 phononTF 0.00193788 0.847742 -1.497 -0.0186642 12817.7 0.00034743 1 -0.0215562 -0.202869 0.05 15599.6
0 1762 3 phononTF 0.00196892 0.259273 -3.26634 -0.0206636 5.18161 0.00034743 1 -0.0329041 -0.248402 0.05 4103.89
0 1763 5 phononTF 0.000672758 -3.74232 -3.10696 0.0220932 22084.4 0.00034743 1 0.0186271 -0.169724 0.05 128396
0 1801 2 phononTS 0.00139936 -0.00527782 -3.07009 0.00632228 829.739 0.00069486 1 0.0748871 -0.128779 0.05 27868.7
0 1801 4 phononTF 0.000483448 0.0748871 -0.128779 0.049999 27868.7 0.00034743 1 0.0523676 -0.298128 0.05 27948.7
0 1822 2 phononTF 0.00191134 -0.171312 -3.3033 -0.00757259 973.852 0.00034743 1 -0.0186869 -0.244364 0.05 33246.9
0 1858 5 phononTS 0.0018351 0.488095 -0.301357 0.0225989 9066.46 0.00104229 1 0.0594851 -0.10541 0.05 88937.7
0 1865 1 phononTS 0.004 0.25 -3.25 0 0 0.00034743 1 -0.0768625 -0.130505 0.05 7577.56
0 1865 2 phononTF 0.00291509 -0.0768625 -0.130505 0.049999 7577.56 0.00069486 1 0.0488206 -0.182699 0.05 7670.44
0 1870 3 phononTS 0.00230635 -0.0589079 -3.84136 0.0144361 3357.54 0.00104229 1 0.102339 -0.158263 0.05 42057.1
0 1875 2 phononTS 0.00111546 -0.0639321 -2.57975 -0.0386439 17648.5 0.00034743 1 -0.0380745 -0.245864 0.05 41226
0 1902 3 phononL 0.00199128 0.745575 -2.25485 -0.0319308 3067.75 0.00104229 1 0.036433 -0.256478 0.05 16889.9
0 1907 3 phononL 0.00181649 -0.0778907 -3.58753 -0.0326904 1468.83 0.00069486 1 -0.0563606 -0.109184 0.05 2201.62
0 1916 2 phononTS 0.00184576 -1.28929 -4.72638 -0.016611 21412.5 0.00034743 1 0.0588139 -0.255587 0.05 27078.1
0 1951 3 phononTS 0.00249685 0.939875 -3.08558 0.0250218 1776.57 0.00104229 1 -0.0440615 -0.262193 0.05 18714.5
0 1951 2 phononTS 0.00150315 0.939875 -3.08558 0.0250218 1776.57 0.00069486 1 0.0950086 -0.200525 0.05 8066.25
0 1952 3 phononTF 0.00235124 1.19519 -2.1145 0.0213059 14154.4 0.00034743 1 0.0974881 -0.13572 0.05 31296.7
0 1952 6 phononL 0.000911355 0.0974881 -0.13572 0.049999 31296.7 0.00034743 1 -0.0942793 -0.240358 0.05 31469.9
0 1973 2 phononTS 0.00209044 0.190468 -4.66295 0.016883 6269.44 0.00069486 1 -0.0493696 -0.211481 0.05 46624.6
0 2026 2 phononTF 0.00182325 0.991289 -3.81572 -0.0449933 12674.8 0.00034743 1 0.109013 -0.153133 0.05 22437.6
0 2105 3 phononTF 0.00143941 0.0352998 -3.65001 -0.00202932 846.316 0.00034743 1 -0.109926 -0.196336 0.05 21218.4
0 2107 3 phononL 0.0033825 0.178452 -3.19912 -0.0470808 18.3421 0.00069486 1 -0.015975 -0.160449 0.05 8158.99
0 2135 3 phononTS 0.00241193 0.572473 -4.50436 0.00457533 12596 0.00034743 1 -0.0531546 -0.242469 0.05 78785.1
0 2135 5 phononTS 0.000854547 -0.0531546 -0.242469 0.049999 78785.1 0.00034743 1 0.0798352 -0.237875 0.05 79009.8
0 2149 4 phononTF 0.00124293 2.4613 -3.07715 0.0493185 4730.51 0.00034743 1 -0.0529493 -0.262336 0.05 20432.6
0 2161 2 phononTS 0.00204489 0.719435 -3.44704 -0.0270952 2181.07 0.00034743 1 0.0755143 -0.120527 0.05 32796.5
0 2172 4 phononTS 0.000762541 2.97089 -1.97164 -0.0473542 22867.3 0.00034743 1 -0.0334394 -0.237483 0.05 56169.9
0 2216 3 phononTF 0.00206141 -0.110293 -2.1031 0.0102511 5658.27 0.00034743 1 0.081584 -0.272132 0.05 17772.3
0 2232 2 phononTS 0.00141537 0.104913 -3.3517 0.00205944 1328.88 0.00034743 1 -0.0812408 -0.148283 0.05 27344.3
0 2251 2 phononTS 0.00216966 0.429697 -3.25518 0.00575607 4974.78 0.00034743 1 -0.070831 -0.137692 0.05 45692.9
0 2298 3 phononTF 0.00172576 -0.573049 -4.08066 0.0321176 2276.44 0.00034743 1 -0.0172647 -0.215897 0.05 26829.6
0 2318 2 phononTS 0.00215044 -0.512634 -3.47577 0.0318983 26542.7 0.00034743 1 -0.0567129 -0.109535 0.05 37154.1
0 2327 5 phononTF 0.00141867 -4.12637 -3.18108 -0.013398 6786.25 0.00069486 1 -0.0573608 -0.260455 0.05 47764.6
0 2371 3 phononTS 0.00226482 -1.41804 -2.69007 0.00697675 8465.13 0.00034743 1 0.0748296 -0.16262 0.05 23797.2
0 2377 2 phononTS 0.00140746 0.919947 -3.2804 -0.0135595 2818.35 0.00034743 1 0.0247353 -0.206613 0.05 34772.4
0 2402 3 phononL 0.00196196 -0.65658 -4.18433 -0.00119204 11939.4 0.00034743 1 -0.0750404 -0.115627 0.05 74199.8
0 2416 2 phononL 0.00187497 0.472474 -3.75532 -0.0157416 3317.11 0.00034743 1 0.0373841 -0.279083 0.05 31207.1
0 2461 3 phononTF 0.00302946 0.744434 -2.938 -0.0281213 3743.22 0.00034743 1 0.0798337 -0.161795 0.05 10289.1
0 2461 4 phononTS 0.00161163 0.0798337 -0.161795 0.049999 10289.1 0.00069486 1 0.0996167 -0.146744 0.05 10579.5
0 2472 2 phononTS 0.00176605 0.150615 -3.65981 -0.0154248 568.18 0.00069486 1 -0.0860479 -0.164883 0.05 29751.5
0 2487 2 phononTS 0.00207048 0.249527 -3.23613 0.00387742 2.90409 0.00069486 1 0.0587472 -0.233186 0.05 5352.2
0 2493 2 phononL 0.00238136 0.236412 -3.24042 -0.00770603 3.3916 0.00104229 1 -0.0646464 -0.214091 0.05 6838.39
0 2516 2 phononTS 0.00133252 0.0371769 -4.27418 -0.0368461 3788.54 0.00034743 1 0.0545416 -0.211324 0.05 34295.8
0 2517 5 phononTF 0.000593666 3.79664 -2.46931 0.00458468 7143.65 0.00034743 1 -0.0854624 -0.158008 0.05 85917.4
0 2526 2 phononTS 0.00253472 0.820439 -3.14367 -0.00203331 2665.9 0.00034743 1 0.039504 -0.105607 0.05 6522.47
0 2526 5 phononTS 0.00181529 0.039504 -0.105607 0.049999 6522.47 0.00034743 1 -0.0301344 -0.110646 0.05 6702.4
0 2538 2 phononTF 0.00248586 0.00310737 -0.696124 0.0147709 12328.5 0.00104229 1 -0.101977 -0.224549 0.05 16449.1
0 2555 2 phononL 0.00202939 -0.331199 -2.33515 0.0471408 2778.84 0.00034743 1 -0.0620826 -0.166943 0.05 5022.21
0 2556 4 phononTS 0.00151222 -2.04997 -2.51305 0.0394157 11826.2 0.00069486 1 -0.0524187 -0.127192 0.05 14416.2
0 2589 3 phononTS 0.0023073 2.1306 -1.92117 -0.00177997 5736.01 0.00034743 1 -0.0181248 -0.203198 0.05 7909.56
0 2590 4 phononTS 0.00119136 0.928806 -4.49075 -0.0359026 10159.9 0.00034743 1 0.0803556 -0.122423 0.05 16420.5
0 2616 2 phononTF 0.000682905 2.01913 -2.80492 -0.0435918 8732.44 0.00034743 1 -0.0958477 -0.232476 0.05 39483.6
0 2641 1 phononTS 0.004 0.25 -3.25 0 0 0.00138972 1 -0.0184395 -0.242851 0.05 7125.72
0 2668 4 phononL 0.00229818 0.845896 -2.85978 0.0170098 10714.5 0.00069486 1 -0.0109902 -0.188802 0.05 14383.4
0 2698 3 phononTF 0.00289368 -0.865297 -2.1784 -0.0210525 16181.3 0.00034743 1 0.0541865 -0.273717 0.05 20543.7
0 2775 3 phononTF 0.00236059 -0.515036 -2.94884 0.0250876 10532.8 0.00034743 1 0.0212855 -0.155059 0.05 42215.2
0 2779 3 phononTF 0.00180472 1.71078 -3.20547 0.0187535 3321.54 0.00034743 1 -0.0261103 -0.161527 0.05 14999.1
0 2779 4 phononTS 0.0011653 -0.0261103 -0.161527 0.049999 14999.1 0.00034743 1 -0.0802221 -0.117932 0.05 15069.5
0 2784 4 phononTS 0.000942867 -0.4651 -4.78957 -0.0101617 29612 0.00034743 1 -0.110438 -0.234489 0.05 87672.6
0 2825 3 phononTF 0.00170896 -2.1212 -4.90562 -0.00472751 6038.67 0.00034743 1 -0.0467108 -0.287952 0.05 18051.5
0 2826 7 phononTS 0.00056241 -3.94231 -3.77106 0.00280822 23977.9 0.00034743 1 -0.043899 -0.29817 0.05 42201.2
0 2895 3 phononL 0.00171998 0.369422 -1.92144 0.000175909 1825.89 0.00069486 1 -0.0271089 -0.190928 0.05 49118.3
0 2895 7 phononTS 0.000765875 -0.0271089 -0.190928 0.049999 49118.3 0.00034743 1 -0.0310827 -0.221396 0.05 49181.3
0 2917 5 phononTS 0.00198435 1.49176 4.78541 0.0107478 86054.4 0.00069486 1 0.052265 -0.147316 0.05 126026
0 2946 5 phononTF 0.000984458 4.39001 0.0322841 -0.0201317 65775.8 0.00034743 1 -0.0411752 -0.200266 0.05 96778.9
0 2976 3 phononTS 0.0025316 -0.57906 -2.16432 -0.0342923 4509.56 0.00104229 1 -0.0312117 -0.273584 0.05 7049.06
0 2998 2 phononTS 0.00197778 -0.0909603 -2.14873 0.0259362 7882.94 0.00034743 1 0.0901521 -0.227937 0.05 35505.8
0 3000 2 phononL 0.00165225 0.126275 -3.10747 -0.0485917 4869.94 0.00034743 1 0.0301762 -0.198225 0.05 31621.4
0 3000 5 phononTS 0.000411613 0.0301762 -0.198225 0.049999 31621.4 0.00034743 1 -0.102354 -0.244216 0.05 42699.4
0 3000 4 phononTF 0.000842506 0.0301762 -0.198225 0.049999 31621.4 0.00069486 1 -0.0596355 -0.272485 0.05 31769.1
0 3009 5 phononL 0.000694955 0.490541 -0.315888 0.0180395 11012.7 0.00034743 1 -0.0462615 -0.189083 0.05 11206.1
0 3044 3 phononTS 0.00242941 -0.453439 -2.94889 0.0219434 1398.02 0.00034743 1 -0.0359884 -0.265077 0.05 15883
0 3046 5 phononTS 0.00132127 1.18926 -2.74739 0.0365052 4534.61 0.00069486 1 -0.0520394 -0.199844 0.05 33754.2
0 3046 10 phononTS 0.000481754 -0.0520394 -0.199844 0.049999 33754.2 0.00034743 1 0.0860246 -0.138435 0.05 35167.7
0 3062 3 phononTS 0.0017428 0.800443 -4.74482 0.0305057 2472.99 0.00034743 1 0.0384195 -0.284601 0.05 10334.9
0 3082 3 phononTS 0.00263952 -0.131451 -3.14339 0.0330334 4725.27 0.00034743 1 0.0884741 -0.189439 0.05 21180.3
0 3095 5 phononTS 0.00165926 0.660951 -0.120535 -0.00107895 47444.5 0.00034743 1 -0.0159251 -0.203028 0.05 50075.1
0 3153 2 phononTF 0.00220474 0.278244 -4.08942 0.0212909 18856 0.00104229 1 -0.0385667 -0.0961057 0.05 27547.7
0 3175 2 phononTF 0.00106067 0.670254 -2.29793 -0.0211717 1645.62 0.00034743 1 0.0946176 -0.201225 0.05 87551.7
0 3188 3 phononTS 0.00282692 0.511567 -0.979051 0.0146311 20215 0.00034743 1 -0.0509493 -0.274637 0.05 26900.6
0 3218 2 phononTF 0.00206513 0.591496 -2.97951 -0.0165962 716.427 0.00069486 1 0.0886634 -0.185736 0.05 9951.23
0 3298 3 phononTS 0.00310032 -0.357213 -3.59031 0.0409017 1465.49 0.00104229 1 0.0586134 -0.166296 0.05 16308.8
0 3298 13 phononTS 0.000592133 0.0586134 -0.166296 0.049999 16308.8 0.00034743 1 -0.0407554 -0.248251 0.05 53642.9
0 3298 9 phononTS 0.000526488 0.0586134 -0.166296 0.049999 16308.8 0.00034743 1 0.0688031 -0.150363 0.05 16366.9
0 3310 3 phononL 0.00214717 0.142022 -2.8158 -0.00401281 874.38 0.00034743 1 -0.033393 -0.213648 0.05 8382.39
0 3345 2 phononTF 0.00251095 -0.605047 -3.862 -0.0492759 5262.73 0.00034743 1 -0.0946504 -0.186333 0.05 10005.8
0 3345 5 phononTS 0.000634607 -0.0946504 -0.186333 0.049998 10005.8 0.00034743 1 -0.0676547 -0.203028 0.05 10071.9
0 3352 2 phononTS 0.00273359 -0.140656 -4.70731 0.000183748 2244.6 0.00069486 1 0.0267237 -0.240553 0.05 23174.9
0 3375 2 phononTS 0.00133252 2.99316 -4.70528 -0.0432136 12639.4 0.00034743 1 0.0286716 -0.172155 0.05 23034.2
0 3398 2 phononTS 0.00243995 -1.07364 -1.20604 -0.00182675 7450.82 0.00034743 1 -0.0333924 -0.163573 0.05 10467.8
0 3401 2 phononL 0.00200757 -0.952873 -2.6975 0.024188 3241.91 0.00069486 1 -0.0470297 -0.302874 0.05 66387.9
0 3431 2 phononTF 0.00190249 0.0610827 -3.62171 -0.0396569 707.647 0.00034743 1 -0.076711 -0.19996 0.05 46848.7
0 3435 3 phononTS 0.00139033 0.249943 -3.25009 -8.16359e-05 0.0243579 0.00034743 1 0.070544 -0.254425 0.05 9012.49
0 3456 1 phononL 0.004 0.25 -3.25 0 0 0.00034743 1 -0.0466362 -0.190168 0.05 8141.7
0 3487 3 phononTS 0.00176683 -0.0710296 -2.81993 -0.0218636 2939.78 0.00069486 1 -0.0335979 -0.172649 0.05 29951.4
0 3512 2 phononTF 0.00226539 0.581742 -3.36635 -0.0481034 2139.85 0.00034743 1 0.0255793 -0.236174 0.05 49504.2
0 3546 3 phononTS 0.00161685 -0.101091 -3.57046 -0.00545914 1620.72 0.00034743 1 -0.0720406 -0.206357 0.05 4415.04
0 3567 3 phononTF 0.0023844 -1.08178 -2.46307 0.044401 3520.66 0.00034743 1 0.0930753 -0.225835 0.05 23865.8
0 3567 6 phononTS 0.00113271 0.0930753 -0.225835 0.049999 23865.8 0.00069486 1 0.0858531 -0.152472 0.05 24027.8
0 3567 4 phononTS 0.000898705 0.0930753 -0.225835 0.049999 23865.8 0.00034743 1 -0.0767175 -0.153445 0.05 23967.1
0 3570 3 phononL 0.00246782 3.75134 -3.48074 0.0339319 13621.7 0.00138972 1 -0.0555537 -0.187743 0.05 58933.7
0 3597 3 phononTF 0.00173878 1.73829 -3.90522 0.00740818 6413.41 0.00069486 1 -0.0493161 -0.274121 0.05 13064.9
0 3634 2 phononTF 0.00261884 0.303425 -3.26566 0.00548132 570.32 0.00034743 1 0.0909088 -0.240611 0.05 6043.21
0 3645 3 phononTS 0.00194187 -0.402205 -3.63232 0.0430905 819.015 0.00104229 1 -0.0389291 -0.146884 0.05 4896.31
0 3649 3 phononTF 0.00152677 -0.745809 -2.98249 -0.00939744 4877.26 0.00034743 1 -0.0707956 -0.240753 0.05 27005.2
0 3649 4 phononTS 0.00035483 -0.0707956 -0.240753 0.049999 27005.2 0.00034743 1 -0.0856144 -0.156462 0.05 30114.8
0 3671 3 phononTF 0.00232654 0.00121453 -2.34824 0.019603 6376.88 0.00069486 1 0.0667379 -0.278517 0.05 11763.6
0 3671 8 phononTS 0.00103166 0.0667379 -0.278517 0.049999 11763.6 0.00034743 1 0.0563111 -0.23402 0.05 11828.3
0 3710 2 phononTS 0.00258507 1.64396 -2.60901 -0.00566965 5929.37 0.00034743 1 -0.0246277 -0.243057 0.05 9080.18
0 3711 2 phononTF 0.00236879 0.404612 -3.26204 -0.00624209 217.334 0.00034743 1 -0.0705203 -0.226812 0.05 8080.88
0 3718 4 phononTS 0.00155203 -4.67223 -1.5162 -0.0450971 80794.8 0.00069486 1 -0.0325988 -0.110254 0.05 152056
0 3733 3 phononTF 0.00189419 -0.0459547 -2.8538 -0.0241538 3375.89 0.00104229 1 0.0978619 -0.180796 0.05 34326.2
0 3759 3 phononTS 0.0018494 0.267194 -3.18132 -0.0218792 14.6658 0.00034743 1 0.0411982 -0.167547 0.05 3130.75
0 3771 3 phononL 0.00192021 0.913587 -3.35319 0.0471585 1116.66 0.00069486 1 0.0268822 -0.286827 0.05 30335.1
0 3792 3 phononL 0.00221438 -0.805859 -2.20368 0.0110387 11247.1 0.00138972 1 0.0336897 -0.1041 0.05 16840.7
0 3809 3 phononTF 0.00248567 -0.582689 -2.20831 -0.00910203 2581.72 0.00034743 1 -0.0401649 -0.209189 0.05 6762.39
0 3809 5 phononTS 0.00048264 -0.0401649 -0.209189 0.049999 6762.39 0.00034743 1 0.0228553 -0.243008 0.05 6889.13
0 3810 5 phononTS 0.000819573 0.596811 -2.62318 -0.0230348 10743.8 0.00034743 1 0.0458373 -0.107436 0.05 14613
0 3816 5 phononTS 0.000685738 -1.17264 -1.94771 0.030522 103841 0.00034743 1 -0.0809168 -0.161672 0.05 136319
0 3835 3 phononTS 0.00211527 1.50165 -1.942 -0.0471505 5046.64 0.00069486 1 -0.0349525 -0.186245 0.05 47357.3
0 3855 3 phononTF 0.00183291 1.36641 -2.70096 -0.000202263 4913.14 0.00034743 1 0.104958 -0.226318 0.05 71736.4
0 3860 2 phononTS 0.00253566 1.48306 -4.60558 0.0414314 7610.09 0.00104229 1 -0.105652 -0.159975 0.05 24034.6
0 3886 2 phononTF 0.0024788 0.0524449 -2.93184 -0.00252521 164.688 0.00034743 1 -0.0679305 -0.225139 0.05 37560.4
0 3960 5 phononL 0.00142013 -2.39043 -3.43079 -0.00786762 7325.76 0.00034743 1 -0.0352722 -0.138585 0.05 30345
0 3980 4 phononTS 0.00127743 -4.51754 -1.99111 -0.0370333 76309.1 0.00034743 1 -0.0618963 -0.150152 0.05 100949
0 4002 2 phononTF 0.00131129 -0.124019 -3.41512 -0.00948349 712.423 0.00034743 1 0.0282075 -0.263075 0.05 3489.94
0 4054 3 phononTF 0.00230525 0.516854 -4.39861 -0.0455548 6098.77 0.00034743 1 0.0551646 -0.285221 0.05 44670.8
0 4060 5 phononTS 0.00118815 0.851686 -3.7964 -0.0356847 736.901 0.00034743 1 -0.0927749 -0.266327 0.05 22437.8
0 4079 4 phononTF 0.00145244 0.955634 -3.92315 -0.0286355 4517.16 0.00069486 1 -0.0473258 -0.256728 0.05 10786.4
0 4086 2 phononL 0.00103682 0.0652518 -3.42473 0.0138175 153.887 0.00034743 1 -0.0982918 -0.181399 0.05 11066.1
0 4118 2 phononTF 0.00208215 -0.833223 -2.49432 0.0435564 50439.3 0.00034743 1 0.113519 -0.165234 0.05 60340.2
0 4136 3 phononL 0.00211902 0.982033 -2.34745 -0.00650104 2650.38 0.00138972 1 0.0334547 -0.254134 0.05 10793.2
0 4156 3 phononL 0.00195346 0.57987 -2.66641 -0.045315 683.047 0.00034743 1 0.0473953 -0.174543 0.05 17461.2
0 4162 3 phononTS 0.00336274 0.667292 -0.96586 -0.0157782 6684.9 0.00034743 1 0.0675411 -0.108905 0.05 12663.4
0 4187 2 phononL 0.00125216 -0.0708766 -3.31144 -0.00159746 2024.1 0.00034743 1 -0.0507569 -0.297762 0.05 9667.44
0 4220 1 phononTF 0.004 0.25 -3.25 0 0 0.00138972 1 0.0317152 -0.171494 0.05 31911.5
0 4220 5 phononTS 0.000914103 0.0317152 -0.171494 0.049999 31911.5 0.00034743 1 0.0861052 -0.12714 0.05 33044.9
0 4248 3 phononTS 0.00168759 0.0349204 -1.78066 -0.00911149 6535.78 0.00034743 1 -0.0779959 -0.12944 0.05 9607.28
0 4248 5 phononTF 0.00046557 -0.0779959 -0.12944 0.049999 9607.28 0.00034743 1 0.0912116 -0.243903 0.05 33560
0 4251 2 phononL 0.00279414 0.143962 -2.31734 -0.00685181 1205.4 0.00104229 1 -0.0354937 -0.107222 0.05 5502.79
0 4342 2 phononTF 0.00266074 -1.20468 -3.99762 0.0260425 5075.74 0.00034743 1 -0.068598 -0.140121 0.05 18193.3
0 4372 3 phononTF 0.00279862 -0.591282 -2.63028 -0.0419638 3854.55 0.00034743 1 0.0592273 -0.246699 0.05 8427.5
0 4372 4 phononTS 0.00201449 0.0592273 -0.246699 0.049999 8427.5 0.00034743 1 0.118532 -0.222577 0.05 8497.29
0 4372 12 phononTS 0.000847251 0.118532 -0.222577 0.049999 8497.29 0.00034743 1 0.0343865 -0.255328 0.05 29293.2
0 4391 3 phononTS 0.00249566 1.07007 -3.20088 0.000763416 2907.77 0.00069486 1 -0.0752744 -0.252225 0.05 14578.6
0 4417 4 phononTF 0.00167439 -0.653225 -4.24877 -0.0363073 32499.5 0.00034743 1 0.112645 -0.212783 0.05 55316.6
0 4472 3 phononL 0.00191454 -0.2002 -1.80255 -0.00382843 3091.35 0.00034743 1 -0.0473914 -0.111757 0.05 5443.63
0 4505 3 phononTF 0.00207374 -0.907725 -1.56826 -0.0283849 4935.83 0.00104229 1 0.0838568 -0.126701 0.05 10050.3
0 4510 4 phononL 0.00148795 1.16075 1.87388 -0.0320359 9539.45 0.00034743 1 0.0363477 -0.275355 0.05 29440.5
0 4511 3 phononTS 0.00140305 0.0617781 -1.9892 0.0248043 4378.89 0.00069486 1 0.0203191 -0.253936 0.05 5142.58
0 4522 2 phononTF 0.00214279 -0.464909 -2.02348 -0.0136916 15124.3 0.00069486 1 0.032708 -0.220071 0.05 58256.7
0 4522 4 phononTS 0.000540539 0.032708 -0.220071 0.049999 58256.7 0.00034743 1 0.0638472 -0.105554 0.05 58339.8
0 4527 3 phononTF 0.00200283 0.674216 -3.79861 -0.0499348 7193.12 0.00034743 1 -0.0761263 -0.237778 0.05 39181.4
0 4536 1 phononL 0.004 0.25 -3.25 0 0 0.00034743 1 0.0696303 -0.183948 0.05 17531.5
0 4594 3 phononTF 0.00194099 1.30997 -4.06188 0.0393471 6553.6 0.00069486 1 0.0777594 -0.137102 0.05 35780.6
0 4594 4 phononTS 0.000373406 0.0777594 -0.137102 0.049999 35780.6 0.00034743 1 0.0664336 -0.121197 0.05 35836.5
0 4612 3 phononL 0.00155222 0.993542 -2.75284 0.0156519 10521.3 0.00034743 1 -0.0780864 -0.263804 0.05 32439.7
0 4612 4 phononTS 0.000359217 -0.0780864 -0.263804 0.049999 32439.7 0.00034743 1 0.0292506 -0.190899 0.05 32580.9
0 4621 3 phononTS 0.00160881 0.0278949 -3.34738 0.0336078 881.795 0.00069486 1 -0.0398404 -0.101482 0.05 6776.85
0 4622 2 phononTS 0.00220405 -0.721595 -4.2454 0.0213436 7697.13 0.00069486 1 0.0380745 -0.114606 0.05 25606.7
0 4648 2 phononTS 0.00147513 0.0315746 -2.60994 0.0178369 8623.54 0.00034743 1 0.0272108 -0.220678 0.05 65027.4
0 4652 2 phononTS 0.00115846 -0.402959 -3.03522 -0.000366986 378.168 0.00034743 1 -0.0869948 -0.260547 0.05 46285.4
0 4661 2 phononTS 0.00167375 1.61712 -3.58308 -0.0133994 4361.76 0.00104229 1 -0.0524448 -0.104577 0.05 12975.5
0 4679 4 phononTF 0.000355897 0.657939 -4.95213 -0.0328088 12652.8 0.00034743 1 0.0565264 -0.111074 0.05 112435
0 4679 2 phononTS 0.00135783 -0.131382 -3.55231 -0.0356832 10150.4 0.00104229 1 0.0500876 -0.277083 0.05 48618.4
0 4704 2 phononTS 0.00194371 0.401113 -3.49577 -0.0268087 2086.25 0.00104229 1 -0.0493414 -0.188919 0.05 9856.6
0 4705 2 phononTF 0.00214749 1.09565 -3.72019 0.0153141 7438.98 0.00034743 1 0.0538387 -0.222535 0.05 23517.5
0 4705 4 phononTS 0.000767487 0.0538387 -0.222535 0.049999 23517.5 0.00034743 1 0.0165929 -0.193517 0.05 23579.8
0 4715 3 phononTS 0.00254952 -0.856531 -3.50548 -0.0137247 2600.21 0.00069486 1 -0.0286632 -0.155847 0.05 12373.3
0 4766 3 phononTF 0.0021839 -0.676418 -0.779507 0.015751 7699.57 0.00034743 1 0.0298291 -0.235076 0.05 9609.58
0 4797 2 phononL 0.00191012 -0.492696 -1.81462 0.0418182 3772.46 0.00034743 1 0.0765429 -0.170331 0.05 42780.6
0 4838 2 phononTS 0.00181333 -0.465784 -3.34654 -0.024918 4337.79 0.00034743 1 0.0644466 -0.28901 0.05 6385.59
0 4838 6 phononTF 0.000968523 0.0644466 -0.28901 0.049999 6385.59 0.00034743 1 -0.0479183 -0.154477 0.05 6736.42
0 4838 13 phononTF 0.00050154 -0.0479183 -0.154477 0.049999 6736.42 0.00034743 1 0.0266863 -0.125798 0.05 6860.67
0 4861 3 phononL 0.00114895 -0.431041 -4.64382 -0.0145152 4997.6 0.00034743 1 -0.108475 -0.176936 0.05 26111.2
0 4892 3 phononTF 0.00283653 0.169721 -3.26849 0.00981762 1226.96 0.00034743 1 -0.025315 -0.263421 0.05 12026.9
0 4892 6 phononTS 0.00180078 -0.025315 -0.263421 0.049999 12026.9 0.00034743 1 -0.0553623 -0.25821 0.05 12223.8
0 4896 3 phononTS 0.00289357 0.395904 -2.42931 0.0264601 2480.51 0.00138972 1 0.0641935 -0.292485 0.05 13016.9
0 4898 3 phononL 0.00222965 1.64801 -3.09274 0.0200412 1346.02 0.00069486 1 0.046176 -0.114323 0.05 38762.4
0 4940 2 phononTS 0.000964865 -1.71996 -3.7211 -0.0256966 7633.22 0.00069486 1 -0.053545 -0.173532 0.05 11831.1
