Run ID,Event ID,Track ID,Particle Name,Start Energy [eV],Start X [mm],Start Y [mm],Start Z [mm],Start Time [ns],Energy Deposited [eV],Track Weight,End X [mm],End Y [mm],End Z [mm],Final Time [ns],Volume Name
0 12 2 phononTS 0.000815297 -3.30084 -4.91856 0.0071446 5582.61 0.00034743 1 -0.0735518 -0.256202 0.05 28798.5
0 58 5 phononTF 0.00162506 -3.89873 -0.412823 -0.00126259 15961.1 0.00069486 1 -0.0103831 -0.200169 0.05 100880
0 180 2 phononTS 0.00170579 -2.92846 -4.25664 -0.024735 2416.26 0.00034743 1 -0.0560092 -0.218691 0.05 22733.6
0 180 4 phononTS 0.000691857 -0.0560092 -0.218691 0.049999 22733.6 0.00034743 1 -0.058855 -0.196216 0.05 22790.2
0 193 3 phononTS 0.0021689 -4.18204 -4.01777 0.0368793 2079.78 0.00034743 1 0.0460292 -0.106639 0.05 35148.2
0 252 3 phononTS 0.0020779 -3.54808 -3.52132 0.0325834 4246.31 0.00034743 1 -0.0797701 -0.150232 0.05 48452
0 253 3 phononTS 0.00172947 -2.87112 -4.16931 0.0345133 3325.3 0.00069486 1 0.058034 -0.164273 0.05 40431.4
0 253 7 phononTS 0.000604534 0.058034 -0.164273 0.049999 40431.4 0.00034743 1 -0.0216394 -0.1801 0.05 40574.9
0 285 2 phononTF 0.00161109 -3.70835 -3.68194 0.00578333 3369.03 0.00069486 1 -0.0997406 -0.201126 0.05 20150.5
0 307 4 phononTF 0.00125294 -4.93103 -3.46908 0.0393915 35102.5 0.00034743 1 -0.031063 -0.275492 0.05 56889
0 349 3 phononL 0.0026185 -3.06766 -3.51448 0.0232716 978.514 0.00069486 1 -0.0539816 -0.244811 0.05 27983.6
0 349 7 phononTF 0.000729361 -0.0539816 -0.244811 0.049999 27983.6 0.00034743 1 -0.0922332 -0.14673 0.05 28052.8
0 389 5 phononTS 0.00145427 -4.57099 -2.13971 0.0233556 68293 0.00034743 1 0.0370959 -0.297412 0.05 114252
0 389 8 phononTS 0.00099003 0.0370959 -0.297412 0.049999 114252 0.00034743 1 0.0435993 -0.190766 0.05 114333
0 426 2 phononTS 0.00151344 -3.62077 -4.62407 0.0127302 9957.7 0.00034743 1 0.0972599 -0.262923 0.05 33727
0 429 2 phononTF 0.00243549 -3.33953 -4.82891 -0.0490471 10187.1 0.00034743 1 -0.0175225 -0.207148 0.05 51056.4
0 429 4 phononTF 0.00178461 -0.0175225 -0.207148 0.049999 51056.4 0.00034743 1 0.0267075 -0.201557 0.05 138924
0 479 2 phononTS 0.00174936 -4.92335 -4.6354 0.022134 26989.2 0.00069486 1 0.0401325 -0.116078 0.05 66776.4
0 530 2 phononTF 0.00167136 -2.51493 -3.39897 0.0434071 2016.08 0.00034743 1 -0.0209351 -0.191372 0.05 57652.7
0 538 2 phononTF 0.00158194 -3.19607 -4.89804 -0.0268117 7360.51 0.00069486 1 0.0767235 -0.173499 0.05 17508.6
0 547 3 phononTS 0.00224084 -4.55207 -4.54306 -0.0331686 11414.7 0.00104229 1 0.0388503 -0.145266 0.05 52828.3
0 577 4 phononTS 0.00156463 -3.97352 -3.42631 -0.0484664 22800.8 0.00034743 1 0.0884345 -0.273278 0.05 115113
0 577 7 phononTF 0.000792732 0.0884345 -0.273278 0.049999 115113 0.00034743 1 -0.0936609 -0.233275 0.05 115244
0 604 4 phononTS 0.0022257 -4.11907 -2.37069 0.0240748 16516.8 0.00034743 1 0.0556502 -0.127962 0.05 151592
0 604 9 phononTF 0.000702089 0.0556502 -0.127962 0.049999 151592 0.00034743 1 0.0301834 -0.204009 0.05 151744
0 604 6 phononTF 0.000940399 0.0556502 -0.127962 0.049999 151592 0.00034743 1 0.094364 -0.155615 0.05 151651
0 609 3 phononTF 0.00233159 -3.76686 -2.43563 -0.0154301 9101.87 0.00104229 1 -0.0806179 -0.251621 0.05 226004
0 642 2 phononL 0.00169752 -4.24566 -2.14917 -0.00309098 11776.7 0.00034743 1 0.0471736 -0.290311 0.05 30632.2
0 653 5 phononTS 0.00203169 -2.81289 -4.63318 -0.0410816 8070.29 0.00034743 1 0.0544649 -0.296745 0.05 25778.7
0 703 2 phononTF 0.00285177 -1.94251 -1.79458 -0.0321558 5384.65 0.00104229 1 0.107356 -0.22097 0.05 17051
0 707 2 phononTF 0.00245898 -3.16642 -2.81644 -0.0348585 3679.94 0.00034743 1 -0.02895 -0.273529 0.05 59403.8
0 763 3 phononL 0.00126154 -3.23447 -4.52056 -0.0334836 851.337 0.00104229 1 0.0366801 -0.103718 0.05 7381.32
0 771 3 phononL 0.00178176 -2.96871 -4.19029 0.0286633 2805.78 0.00069486 1 -0.0391206 -0.188595 0.05 23835.8
0 789 2 phononTF 0.00237263 -3.10476 -2.8 0.0457619 3154.02 0.00034743 1 -0.0468342 -0.138214 0.05 5955.14
0 789 4 phononL 0.00041836 -0.0468342 -0.138214 0.049999 5955.14 0.00034743 1 -0.0288346 -0.262404 0.05 6157.36
0 811 6 phononL 0.000480947 -3.80016 0.09123 0.049999 18332.8 0.00034743 1 -0.0694013 -0.134147 0.05 28526.1
0 836 6 phononTS 0.00071092 -2.88229 -0.77074 -0.011026 22082.2 0.00034743 1 -0.0289661 -0.234911 0.05 90298.1
0 900 4 phononTF 0.000609987 3.62782 -2.34852 0.0132081 31151.7 0.00034743 1 -0.0847857 -0.239408 0.05 67645.1
0 907 5 phononTF 0.00114276 -4.74515 -3.81099 -0.000712999 10635.6 0.00034743 1 0.069603 -0.194783 0.05 38734.9
0 920 2 phononTS 0.000999279 -3.27645 -3.91421 -0.039712 1353.84 0.00034743 1 -0.0968656 -0.251143 0.05 16818.4
0 954 2 phononTS 0.00071664 -4.19999 -4.87791 -0.0483407 18896.3 0.00034743 1 0.0214245 -0.260194 0.05 38432.4
0 1005 5 phononTS 0.00162771 -4.04523 -2.60434 0.0459425 2145.53 0.00034743 1 -0.082949 -0.157872 0.05 53698.7
0 1083 5 phononTF 0.00110835 -4.89763 -2.21381 0.022939 13361.7 0.00069486 1 -0.116111 -0.216765 0.05 167751
0 1150 2 phononTF 0.00193477 -3.26329 -3.90619 -0.0220197 63.0825 0.00034743 1 -0.0248421 -0.279373 0.05 65173.3
0 1150 5 phononTS 0.00119542 -0.0248421 -0.279373 0.049999 65173.3 0.00034743 1 0.0885533 -0.176828 0.05 65272.4
0 1164 2 phononL 0.00126444 -3.14198 -3.24425 0.0471446 528.98 0.00034743 1 -0.0196235 -0.247121 0.05 76844.4
0 1211 5 phononTS 0.0015301 -0.184944 -1.23474 -0.0188373 18271.8 0.00069486 1 0.0792397 -0.240058 0.05 19760.4
0 1218 3 phononTS 0.00149761 -3.77075 -3.09049 0.0383952 1248.35 0.00034743 1 -0.107118 -0.250274 0.05 12687.5
0 1222 3 phononTF 0.00260128 -3.31957 -2.66701 -0.00306278 5450.18 0.00034743 1 -0.117012 -0.222404 0.05 14069.3
0 1222 2 phononTF 0.00139872 -3.31957 -2.66701 -0.00306278 5450.18 0.00034743 1 0.049319 -0.225043 0.05 20235.9
0 1241 4 phononL 0.00119649 -1.81739 -1.6839 0.000831228 23280.2 0.00034743 1 -0.0809277 -0.269224 0.05 54210.6
0 1286 2 phononL 0.00231237 -3.15318 -3.89098 -0.00105967 764.231 0.00104229 1 0.063798 -0.269898 0.05 20041.4
0 1328 3 phononTF 0.00139339 -3.15417 -4.11618 -0.0425943 5889.85 0.00034743 1 -0.0438602 -0.144494 0.05 96004.2
0 1351 5 phononL 0.00160409 -3.32289 -3.22431 0.0232235 22018.7 0.00034743 1 0.0814307 -0.214212 0.05 32369.9
0 1373 3 phononL 0.00138074 -4.35657 -4.04026 0.00777595 5685.77 0.00034743 1 -0.106878 -0.241318 0.05 22908.3
0 1382 3 phononL 0.00302699 -2.43298 -4.76493 0.00821882 8746.77 0.00104229 1 -0.0318627 -0.1625 0.05 24740.6
0 1448 5 phononTS 0.00101881 0.331405 0.685247 -0.016815 26249.7 0.00034743 1 0.0317454 -0.12341 0.05 28096.1
0 1458 2 phononTS 0.00135205 -2.20348 -0.756981 0.0121544 7280.73 0.00069486 1 -0.0420507 -0.190306 0.05 22984.6
0 1470 2 phononTF 0.000456457 -2.38856 -4.67692 0.0454366 4907.86 0.00034743 1 0.0748475 -0.136613 0.05 24494
0 1496 3 phononTF 0.0022605 -4.05946 -2.83757 0.0193765 4536.75 0.00034743 1 -0.0306136 -0.110299 0.05 92379.6
0 1503 3 phononL 0.0020025 -3.41655 -2.43243 0.0317712 2103.73 0.00034743 1 0.0781439 -0.285721 0.05 14202.7
0 1503 4 phononTF 0.00102886 0.0781439 -0.285721 0.049999 14202.7 0.00034743 1 -0.0662996 -0.281013 0.05 14353.1
0 1505 3 phononL 0.00217078 -3.24784 -3.74744 0.00291606 0.811924 0.00034743 1 0.0952898 -0.202708 0.05 30417.2
0 1505 4 phononTS 0.00110425 0.0952898 -0.202708 0.049999 30417.2 0.00034743 1 -0.05775 -0.122822 0.05 177200
0 1527 2 phononTS 0.0017613 -3.79266 -3.77777 -0.0312835 952.132 0.00034743 1 -0.0424012 -0.234677 0.05 10900.5
0 1560 5 phononTF 0.00146541 -1.94831 -4.77545 0.000325586 48839.8 0.00069486 1 0.10771 -0.182268 0.05 80245.4
0 1593 3 phononTS 0.00170407 -4.43809 -3.22995 0.00649856 4332.14 0.00034743 1 0.026085 -0.247306 0.05 46100.8
0 1656 7 phononTS 0.00229584 -4.54782 1.82124 -0.0182489 24143.8 0.00104229 1 -0.076975 -0.113637 0.05 88931.5
0 1697 3 phononTF 0.00236058 -3.24864 -3.76168 0.0102844 2.926 0.00034743 1 -0.0700212 -0.220625 0.05 46390.1
0 1726 2 phononTF 0.00217618 -3.63516 -4.04835 0.0427238 440.176 0.00034743 1 -0.0655705 -0.272159 0.05 36925.5
0 1726 6 phononL 0.00137325 -0.0655705 -0.272159 0.049999 36925.5 0.00034743 1 -0.115231 -0.207336 0.05 37054.4
0 1732 5 phononTS 0.00186222 -1.89598 -0.16598 0.0157614 25589.9 0.00034743 1 -0.091386 -0.194877 0.05 53001.9
0 1739 2 phononTF 0.00133476 -3.61906 -3.59256 -0.028701 8485.89 0.00069486 1 -0.0488511 -0.119077 0.05 21655.8
0 1744 4 phononTS 0.00108919 4.75292 -3.05335 0.0310485 59791 0.00034743 1 0.0629369 -0.269102 0.05 121721
0 1801 2 phononL 0.00123119 -2.56717 -3.09109 0.0151473 10972.4 0.00034743 1 -0.0384582 -0.277079 0.05 55952.7
0 1810 2 phononL 0.00170252 -3.4671 -2.69315 -4.99769e-05 19074.6 0.00034743 1 -0.0711738 -0.187089 0.05 34566.9
0 1810 6 phononTF 0.000550246 -0.0711738 -0.187089 0.049999 34566.9 0.00034743 1 0.0368808 -0.207804 0.05 34712.6
0 1824 3 phononTS 0.00155923 -4.58035 -3.02047 0.0345325 4967.11 0.00034743 1 -0.0308402 -0.267383 0.05 38040.5
0 1824 6 phononL 0.00101879 -0.0308402 -0.267383 0.049999 38040.5 0.00034743 1 0.0483116 -0.299527 0.05 38161
0 1824 11 phononTF 0.000582711 0.0483116 -0.299527 0.049999 38161 0.00034743 1 0.0458644 -0.185937 0.05 38227
0 1826 3 phononL 0.00225958 -4.61094 -4.02897 -0.0113234 5898.07 0.00069486 1 0.0881199 -0.248285 0.05 19148.1
0 1841 2 phononTS 0.00185877 -2.08285 -4.52117 0.0274889 8609.1 0.00104229 1 0.0415534 -0.167103 0.05 86829.4
0 1908 5 phononL 0.0015239 -4.25727 -4.83895 0.0271888 17600.3 0.00034743 1 0.0587708 -0.203129 0.05 46464.4
0 1921 4 phononTF 0.0013415 -0.891302 -2.41563 0.0282988 6116.24 0.00034743 1 0.0677467 -0.288793 0.05 9873.48
0 1944 5 phononTF 0.00163216 -4.08931 -3.92952 0.0247101 17647.2 0.00069486 1 -0.0839885 -0.216891 0.05 32942.4
0 2032 3 phononTS 0.00129865 -1.68504 -3.8963 0.0253821 9199.9 0.00069486 1 -0.0724829 -0.171665 0.05 37507
0 2117 3 phononTF 0.00199128 -2.75442 -2.75485 -0.0319308 3067.75 0.00069486 1 -0.0851381 -0.213351 0.05 67247.6
0 2133 5 phononTF 0.000878559 -2.81848 2.88425 -0.0328401 51406.6 0.00034743 1 -0.0309083 -0.123431 0.05 60854.7
0 2133 7 phononTF 0.000490181 -0.0309083 -0.123431 0.049999 60854.7 0.00034743 1 -0.0380216 -0.140502 0.05 60918.5
0 2139 2 phononTS 0.00212038 -3.37557 -4.17749 -0.0484951 6609.72 0.00034743 1 -0.0326867 -0.240404 0.05 15992
0 2139 4 phononL 0.000527262 -0.0326867 -0.240404 0.049999 15992 0.00034743 1 -0.0330177 -0.14839 0.05 16037.2
0 2142 2 phononTS 0.0022428 -3.18088 -3.71461 -0.000290449 25.8964 0.00034743 1 -0.0596496 -0.221559 0.05 12878.3
0 2180 5 phononL 0.00160049 -4.01657 -4.54916 0.0269584 23385.4 0.00034743 1 0.0301419 -0.196176 0.05 36240.3
0 2213 2 phononTF 0.00183623 -1.7012 -3.33306 0.0239803 15361 0.00034743 1 -0.0819803 -0.216714 0.05 39568.9
0 2238 2 phononTS 0.00193736 -0.241845 -2.57517 -0.0404395 18119.5 0.00034743 1 0.0737619 -0.164804 0.05 30070.1
0 2286 3 phononTF 0.00353598 -2.07252 -0.793974 -0.00372823 9109.7 0.00069486 1 -0.0652401 -0.200131 0.05 12979.1
0 2293 2 phononL 0.00229643 -4.97921 -2.54969 0.0221364 12090 0.00104229 1 0.0426626 -0.163372 0.05 57227.2
0 2293 8 phononL 0.000546848 0.0426626 -0.163372 0.049999 57227.2 0.00034743 1 -0.0459451 -0.175198 0.05 57288
0 2325 3 phononTF 0.00167673 -4.00867 -3.86069 0.0154007 2659.81 0.00034743 1 -0.0641539 -0.166313 0.05 19528.1
0 2346 3 phononTF 0.00148193 -3.04511 -3.44012 -0.0496136 2554 0.00034743 1 0.0995954 -0.224612 0.05 16542.6
0 2360 2 phononTF 0.00203591 -4.01497 -3.38289 -0.0402509 3218.21 0.00034743 1 -0.101087 -0.158565 0.05 25422.3
0 2373 5 phononTS 0.000827948 2.30379 0.238802 -0.0110965 23371.4 0.00034743 1 -0.0890367 -0.172539 0.05 46305.3
0 2416 2 phononTS 0.00217121 -3.10269 -2.81721 0.00905929 8969.08 0.00104229 1 -0.108025 -0.248105 0.05 21186.2
0 2416 7 phononTS 0.000622686 -0.108025 -0.248105 0.049999 21186.2 0.00034743 1 0.0788248 -0.13573 0.05 21297
0 2428 3 phononL 0.00150446 -4.22077 -4.68691 0.0327172 2008.03 0.00069486 1 0.0546462 -0.159386 0.05 97029.1
0 2430 4 phononTS 0.0013291 -3.10456 -0.5821 -0.0286249 7460.16 0.00034743 1 -0.0236437 -0.207813 0.05 15577.5
0 2430 6 phononTS 0.000653293 -0.0236437 -0.207813 0.049999 15577.5 0.00034743 1 -0.0435921 -0.178164 0.05 15642.3
0 2439 2 phononTS 0.00178455 -3.59242 -3.60604 0.043453 527.754 0.00034743 1 -0.0569226 -0.1649 0.05 18216.4
0 2453 3 phononL 0.00132761 -3.70515 -3.78084 0.0178631 1457.11 0.00034743 1 0.0539151 -0.179636 0.05 56788.2
0 2453 5 phononTS 0.000496559 0.0539151 -0.179636 0.049999 56788.2 0.00034743 1 0.0487095 -0.199709 0.05 56849.5
0 2454 3 phononTF 0.0021574 -2.00248 -3.49138 0.027558 5423.13 0.00034743 1 0.0544914 -0.229286 0.05 16135.9
0 2454 4 phononTF 0.00168335 0.0544914 -0.229286 0.049999 16135.9 0.00034743 1 0.0585338 -0.238641 0.05 59666.2
0 2466 5 phononTF 0.000884323 -2.29096 0.961718 0.0250009 22405.5 0.00034743 1 -0.0964081 -0.195557 0.05 35418
0 2501 2 phononL 0.00144841 -1.28566 -0.975743 -0.0108504 21511.2 0.00034743 1 0.0264517 -0.280814 0.05 59102.5
0 2501 4 phononTS 0.000872119 0.0264517 -0.280814 0.049999 59102.5 0.00069486 1 -0.0136169 -0.215547 0.05 60378.5
0 2504 3 phononTF 0.00189128 -3.63573 -4.12308 -0.00364791 874.496 0.00104229 1 0.0147529 -0.172292 0.05 25955.8
0 2520 4 phononTS 0.00180956 -4.5295 0.206938 0.0371034 6719.09 0.00034743 1 0.0589709 -0.190171 0.05 28450.1
0 2520 6 phononTS 0.000498678 0.0589709 -0.190171 0.049999 28450.1 0.00034743 1 0.0698209 -0.195657 0.05 28507.7
0 2537 2 phononL 0.00236085 -1.09948 -2.59246 0.043384 34735.8 0.00034743 1 0.0910187 -0.138913 0.05 44265.3
0 2548 3 phononTS 0.00171375 -3.24899 -3.56709 -0.0285128 304.452 0.00034743 1 -0.0255298 -0.249327 0.05 22129.1
0 2548 4 phononTS 0.000487186 -0.0255298 -0.249327 0.049999 22129.1 0.00034743 1 0.0928217 -0.217942 0.05 22278.1
0 2569 3 phononL 0.00207997 -3.84565 -2.36549 0.0438627 2017.93 0.00034743 1 -0.0817227 -0.262123 0.05 57696.8
0 2573 4 phononTS 0.00136144 -1.77117 -4.83479 -0.0149616 46945.9 0.00069486 1 -0.0306061 -0.101981 0.05 84537
0 2591 3 phononTS 0.00177122 -3.4051 -4.329 0.0348869 190.29 0.00104229 1 0.0606319 -0.218443 0.05 103481
0 2604 2 phononTF 0.00254982 -4.75368 -2.6463 -0.0380758 3264.97 0.00069486 1 -0.0495927 -0.265606 0.05 26137.9
0 2604 6 phononTS 0.000990198 -0.0495927 -0.265606 0.049999 26137.9 0.00034743 1 0.11866 -0.214736 0.05 27788.1
0 2700 3 phononTF 0.00237655 -1.41312 -2.78255 -0.0269887 11036.2 0.00034743 1 -0.0235516 -0.247468 0.05 43288.6
0 2700 5 phononTF 0.00106319 -0.0235516 -0.247468 0.049999 43288.6 0.00034743 1 0.107762 -0.177737 0.05 43634.4
0 2707 2 phononTF 0.00284093 -0.799932 -3.43455 0.0451026 3722.94 0.00034743 1 0.0568197 -0.126433 0.05 12609.4
0 2731 2 phononTF 0.000807097 -4.89411 -4.68477 -0.0449012 8021.57 0.00034743 1 0.0538554 -0.228321 0.05 88974
0 2735 2 phononTS 0.00195841 -2.52875 -4.53747 0.012993 7612.75 0.00034743 1 0.0258538 -0.28182 0.05 120645
0 2735 4 phononTF 0.00158257 0.0258538 -0.28182 0.049999 120645 0.00034743 1 -0.0605898 -0.283806 0.05 120707
0 2739 2 phononL 0.00149599 -4.3796 -2.6627 -0.0288619 22809 0.00034743 1 -0.0827661 -0.276988 0.05 53465.9
0 2739 5 phononTF 0.000957536 -0.0827661 -0.276988 0.049999 53465.9 0.00069486 1 -0.054603 -0.206821 0.05 53536.7
0 2775 4 phononL 0.00191034 -3.8906 -3.97522 -0.0433671 3889.7 0.00069486 1 0.0725946 -0.204989 0.05 83245.9
0 2779 3 phononTS 0.00180681 -3.66938 -4.32527 -0.045683 1804.27 0.00034743 1 -0.0475522 -0.261312 0.05 10749.4
0 2782 3 phononTS 0.00246319 -2.34171 -4.45358 -0.0240341 10672.7 0.00069486 1 -0.0422474 -0.217868 0.05 58714.9
0 2790 3 phononTF 0.00173112 -3.29635 -4.72175 -0.0242025 6156.56 0.00034743 1 0.071789 -0.16896 0.05 33234.6
0 2790 4 phononL 0.00088237 0.071789 -0.16896 0.049999 33234.6 0.00069486 1 0.0231827 -0.125018 0.05 33282.1
0 2845 2 phononTS 0.00216848 -2.93423 -3.67745 -0.0178164 5850.33 0.00034743 1 -0.024087 -0.191583 0.05 14917.7
0 2859 3 phononTF 0.00124221 -3.64188 -4.38332 0.0320912 1423.55 0.00034743 1 0.0527707 -0.180469 0.05 23493.9
0 2879 3 phononL 0.00102415 -3.27283 -3.96249 -0.0165269 1660.54 0.00034743 1 -0.0559139 -0.160576 0.05 24692.6
0 2898 4 phononTS 0.000729899 -3.79389 -4.58482 0.000720303 24645.6 0.00034743 1 0.0305655 -0.303073 0.05 31431.4
0 2911 3 phononTF 0.00181972 -3.46713 -3.77005 0.0080279 7109.19 0.00034743 1 -0.0373385 -0.26951 0.05 48593.3
0 2956 3 phononTF 0.00265181 -3.749 -3.70969 -0.0171965 6677.16 0.00034743 1 -0.0542457 -0.286356 0.05 23848.7
0 2956 7 phononTS 0.00112936 -0.0542457 -0.286356 0.049999 23848.7 0.00069486 1 0.0350984 -0.117533 0.05 24094.4
0 2987 2 phononTF 0.0023082 -2.94398 -4.62835 -0.0480404 5511.57 0.00034743 1 0.0507884 -0.217027 0.05 33441.3
0 2987 4 phononTS 0.00172168 0.0507884 -0.217027 0.049999 33441.3 0.00034743 1 0.0737187 -0.198873 0.05 33503.5
0 3033 3 phononTF 0.00158766 -3.24729 -3.75595 -0.00360632 1.40254 0.00069486 1 0.0822516 -0.253484 0.05 103349
0 3037 3 phononTF 0.00240614 -2.5356 -2.93635 0.041419 1237.29 0.00069486 1 -0.0944809 -0.169548 0.05 20870.4
0 3037 4 phononTS 0.000927591 -0.0944809 -0.169548 0.049999 20870.4 0.00034743 1 -0.0267981 -0.285085 0.05 21495.4
0 3046 3 phononTF 0.00215588 -3.48884 -4.34864 -0.0247934 2059.49 0.00069486 1 -0.112081 -0.193142 0.05 10549.5
0 3068 3 phononTF 0.00211269 -2.99969 -1.43944 -0.0367975 6156.86 0.00034743 1 -0.0297904 -0.131488 0.05 19202.7
0 3089 4 phononTF 0.000709548 -4.56383 -0.466927 -0.00145595 45576.4 0.00034743 1 -0.0626474 -0.212222 0.05 116850
0 3097 3 phononL 0.00151283 -3.27833 -3.74562 -0.00747215 5.95047 0.00069486 1 0.0839631 -0.21587 0.05 26498.7
0 3162 2 phononTS 0.00215615 -4.17209 -3.92782 -0.0265872 4036.55 0.00069486 1 0.0581881 -0.272258 0.05 41428.6
0 3184 3 phononL 0.00221791 -2.55959 -4.28741 0.00177404 3550.67 0.00034743 1 0.117813 -0.174477 0.05 27068.3
0 3199 2 phononTS 0.00173618 -0.360697 -4.75811 -0.0113792 10430 0.00034743 1 -0.108124 -0.204935 0.05 23056
0 3199 7 phononTS 0.000695592 -0.108124 -0.204935 0.049999 23056 0.00034743 1 0.0407456 -0.260193 0.05 23403.5
0 3245 4 phononTS 0.00135413 -4.37686 -3.15429 0.0493341 1009.57 0.00034743 1 0.0289235 -0.113968 0.05 66718.2
0 3280 5 phononL 0.00099235 -3.24284 -0.700976 -0.0253801 30574.5 0.00034743 1 -0.0354574 -0.124791 0.05 54563
0 3280 4 phononTF 0.00155376 -3.24284 -0.700976 -0.0253801 30574.5 0.00069486 1 0.0726424 -0.132918 0.05 77488.4
0 3335 2 phononL 0.0020951 -4.86167 -3.56711 -0.00975521 25662.5 0.00069486 1 0.0289889 -0.193756 0.05 44416.8
0 3407 5 phononTS 0.00178534 -4.18064 -4.19387 -0.012251 22839.1 0.00034743 1 -0.10709 -0.25197 0.05 33973.1
0 3430 4 phononTS 0.00114811 -1.06093 -0.94114 -0.0432418 32062.8 0.00034743 1 0.062868 -0.187913 0.05 35616.5
0 3443 5 phononTS 0.0013536 -4.82574 -4.46202 -0.0155258 11248.7 0.00034743 1 -0.0447597 -0.201007 0.05 43855.5
0 3446 4 phononTS 0.00205509 -0.553592 -0.912565 -0.0245895 22674.7 0.00069486 1 0.0393063 -0.250069 0.05 23621.2
0 3446 10 phononTS 0.000475247 0.0393063 -0.250069 0.049998 23621.2 0.00034743 1 0.0393774 -0.23049 0.05 23679.5
0 3464 2 phononTS 0.00142022 -2.96525 -3.75497 -0.0471658 668.557 0.00034743 1 0.0265924 -0.173855 0.05 77955.6
0 3464 7 phononTF 0.00064257 0.0265924 -0.173855 0.049998 77955.6 0.00034743 1 0.031949 -0.285341 0.05 78096.1
0 3495 5 phononTS 0.000798465 -4.4613 -1.04159 0.0202673 17608.7 0.00034743 1 0.0194309 -0.254007 0.05 25590.4
0 3496 3 phononTF 0.00225299 -2.36642 -3.96989 0.00330598 6169.22 0.00104229 1 -0.0307255 -0.132546 0.05 21402.6
0 3539 3 phononTS 0.00207585 -3.25282 -3.88273 -0.0450384 281.46 0.00034743 1 0.0485653 -0.132136 0.05 19960.8
0 3539 4 phononTF 0.000575339 0.0485653 -0.132136 0.049999 19960.8 0.00034743 1 0.0334254 -0.281332 0.05 20327.4
0 3576 2 phononTS 0.00139752 -4.50086 -3.97441 -0.0217469 6572.96 0.00034743 1 -0.0789044 -0.207784 0.05 66194.9
0 3576 5 phononTS 0.000839717 -0.0789044 -0.207784 0.049999 66194.9 0.00034743 1 -0.0922525 -0.17699 0.05 66266.3
0 3637 3 phononTS 0.00176491 -3.06707 -3.38325 -0.0169834 6269.45 0.00034743 1 -0.097818 -0.225907 0.05 26201.4
0 3637 6 phononTS 0.00088179 -0.097818 -0.225907 0.049999 26201.4 0.00034743 1 -0.0672086 -0.225956 0.05 26271
0 3668 2 phononTS 0.00172273 -4.03108 -3.00189 -0.00747077 1623.73 0.00034743 1 0.0588352 -0.21021 0.05 10028.5
0 3731 3 phononTF 0.0017796 -3.79634 -3.56763 -0.02087 976.022 0.00034743 1 -0.0160184 -0.178883 0.05 103579
0 3771 2 phononTS 0.00207912 -2.18548 -4.75492 0.0380135 15872.8 0.00034743 1 -0.09436 -0.261262 0.05 32590.4
0 3800 2 phononTS 0.00180253 -2.92058 -3.27149 0.0467807 5306.5 0.00034743 1 -0.0441815 -0.218618 0.05 10891.2
0 3825 4 phononTF 0.001663 -3.13458 -4.41358 -0.0339833 2499.41 0.00069486 1 -0.0277732 -0.105426 0.05 22835.8
0 3830 5 phononTS 0.00189121 -4.75695 -0.819876 -0.031521 21658.3 0.00104229 1 -0.0516406 -0.19785 0.05 52876.2
0 3831 2 phononL 0.0013529 -4.28047 -2.08009 0.0496871 7217.76 0.00034743 1 0.0235512 -0.174789 0.05 37724.7
0 3836 4 phononL 0.00110528 -3.14835 -1.53937 -0.00768941 29993.1 0.00034743 1 -0.0641477 -0.194652 0.05 40040
0 3854 4 phononTF 0.00102515 -2.93973 -0.102066 -0.0136977 11524.3 0.00034743 1 0.0583664 -0.150954 0.05 19241
0 3879 3 phononTF 0.00173024 -3.28624 -3.83608 -0.0195784 2123.39 0.00034743 1 -0.104677 -0.239015 0.05 10505.7
0 3904 4 phononTS 0.00117554 -3.04071 0.340529 -0.00555768 19343.4 0.00034743 1 0.0968224 -0.231804 0.05 32036.5
0 3905 3 phononTF 0.00209507 -2.59486 -4.04694 0.0181401 2209.48 0.00034743 1 -0.0916143 -0.194785 0.05 9136.42
0 3905 4 phononTS 0.000480769 -0.0916143 -0.194785 0.049999 9136.42 0.00034743 1 0.06274 -0.226075 0.05 9323.27
0 3987 3 phononTF 0.00190239 -3.38057 -3.58148 -0.00243955 2686.67 0.00104229 1 0.0382148 -0.116835 0.05 61487.7
0 3987 8 phononTF 0.000494808 0.0382148 -0.116835 0.049999 61487.7 0.00034743 1 -0.0301745 -0.180662 0.05 61701.7
0 4038 3 phononTS 0.00197118 -1.92764 -3.11983 0.0360125 4448.08 0.00069486 1 0.0562423 -0.260276 0.05 27009.9
0 4047 3 phononL 0.0015201 -2.04632 -2.41167 0.00107824 16619.7 0.00069486 1 -0.0536857 -0.2609 0.05 115903
0 4047 8 phononL 0.000374443 -0.0536857 -0.2609 0.049999 115903 0.00034743 1 -0.054907 -0.135266 0.05 116391
0 4067 3 phononTS 0.00228689 -0.0387933 -3.96655 -0.0100945 14271 0.00069486 1 0.0641369 -0.169678 0.05 43543.5
0 4067 7 phononTF 0.000369573 0.0641369 -0.169678 0.049999 43543.5 0.00034743 1 0.0798676 -0.136591 0.05 46132.3
0 4071 3 phononTF 0.00212947 -2.25534 -3.44467 0.0217834 15546.1 0.00069486 1 -0.0954619 -0.193704 0.05 64990.7
0 4086 2 phononTF 0.00166941 -2.11757 -3.99425 -0.0370717 3370.04 0.00104229 1 0.0547375 -0.191335 0.05 47573.8
0 4138 3 phononTS 0.00153077 -3.17421 -3.6027 0.00682458 713.149 0.00034743 1 -0.0237997 -0.214816 0.05 5606.94
0 4169 3 phononTF 0.00149218 -2.33982 -0.903829 0.0183104 16067.6 0.00034743 1 -0.0192457 -0.151162 0.05 21027.3
0 4213 3 phononTF 0.00166367 -4.53181 -3.30827 0.0428416 10285.7 0.00069486 1 -0.04974 -0.285927 0.05 40864.7
0 4260 3 phononL 0.00291698 -3.21406 0.338282 0.0345649 12561.5 0.00069486 1 0.0170054 -0.234854 0.05 21127.9
0 4268 2 phononTS 0.00151119 -3.50963 -4.06044 -0.0288758 2178.34 0.00034743 1 0.0593024 -0.245988 0.05 8880.94
0 4268 7 phononTF 0.0005672 0.0593024 -0.245988 0.049999 8880.94 0.00034743 1 0.041234 -0.296725 0.05 8956.25
0 4296 2 phononTS 0.00188098 -2.51797 -2.84745 -0.00650104 2650.38 0.00069486 1 0.0352011 -0.0958629 0.05 8590.95
0 4365 3 phononTS 0.00254553 -2.90138 -3.07631 -0.0436184 438.076 0.00034743 1 0.0957456 -0.263662 0.05 38465.3
0 4383 3 phononTF 0.00186836 -3.02256 -3.57967 0.0175668 1443.07 0.00104229 1 -0.0630277 -0.123486 0.05 30784.6
0 4385 2 phononTS 0.001622 -4.76576 -1.52724 0.0213148 12860.7 0.00034743 1 0.0522976 -0.232255 0.05 31188
0 4427 3 phononTS 0.00119136 -3.21582 -3.3079 -0.0329565 1557.16 0.00034743 1 -0.0268162 -0.129271 0.05 94061.8
0 4465 4 phononL 0.00113119 -1.06632 -1.5074 0.0424806 21689.2 0.00034743 1 -0.0582617 -0.195595 0.05 48019
0 4465 8 phononTS 0.000730597 -0.0582617 -0.195595 0.049998 48019 0.00034743 1 0.0330066 -0.100868 0.05 48165
0 4484 5 phononTS 0.00156086 -3.96213 -4.67325 -0.0311599 21191.8 0.00034743 1 -0.0881319 -0.172955 0.05 43709.4
0 4492 2 phononTF 0.00260906 -3.2645 -4.09516 0.0460475 6154.43 0.00034743 1 0.0963414 -0.214838 0.05 11220.9
0 4492 5 phononTS 0.00190186 0.0963414 -0.214838 0.049998 11220.9 0.00034743 1 -0.0875045 -0.155475 0.05 23559.3
0 4606 2 phononTF 0.00186375 -2.91591 -3.68527 0.0467046 3191.45 0.00034743 1 -0.0671689 -0.257546 0.05 23040
0 4606 5 phononTS 0.000682617 -0.0671689 -0.257546 0.049999 23040 0.00034743 1 -0.0560845 -0.271402 0.05 23101.9
0 4606 4 phononTS 0.000754699 -0.0671689 -0.257546 0.049999 23040 0.00034743 1 0.0285394 -0.0996433 0.05 23192.9
0 4628 3 phononTF 0.00277789 -2.31986 -4.90015 0.0193631 6605.13 0.00104229 1 0.0485371 -0.117171 0.05 37447.8
0 4665 4 phononTS 0.00119678 2.62612 -1.54076 0.00896576 23739.5 0.00034743 1 -0.0739938 -0.213012 0.05 45576.3
0 4677 3 phononTS 0.00196815 -3.26443 -3.7326 -0.00100624 4.25243 0.00069486 1 -0.0191939 -0.23359 0.05 20441.8
0 4688 4 phononTF 0.00190376 -3.5473 -3.21922 -0.0415842 25211.5 0.00069486 1 -0.0817395 -0.238275 0.05 32675.2
0 4696 2 phononL 0.00221263 -4.64708 -4.83137 -0.0107655 5877.29 0.00069486 1 0.0777012 -0.213383 0.05 34282.4
0 4761 5 phononL 0.00106255 -1.05875 -0.729115 0.0238891 10973.3 0.00069486 1 0.0667057 -0.217841 0.05 18306.4
0 4774 3 phononTF 0.00241944 -2.59583 -3.03917 -0.0111294 6009.74 0.00034743 1 -0.029965 -0.103335 0.05 56481.3
0 4776 2 phononL 0.00155722 -3.59955 -4.14752 -0.00980899 2289.73 0.00034743 1 -0.058747 -0.192231 0.05 68050.6
0 4776 4 phononTF 0.000683652 -0.058747 -0.192231 0.049998 68050.6 0.00034743 1 -0.063929 -0.143118 0.05 68116.9
0 4777 3 phononTS 0.00275727 -2.76608 -3.73019 0.00462986 9157.7 0.00138972 1 -0.0521431 -0.254889 0.05 29112.6
0 4777 8 phononTF 0.000747057 -0.0521431 -0.254889 0.049999 29112.6 0.00069486 1 -0.0499893 -0.261077 0.05 29188.1
0 4791 2 phononTS 0.0020539 0.197828 -2.19644 -0.0391375 17764.2 0.00034743 1 0.105331 -0.212401 0.05 31673.1
0 4824 3 phononTS 0.00144397 -2.37412 -2.0579 -0.00732762 3002.12 0.00034743 1 -0.0949525 -0.252921 0.05 5749.59
0 4876 4 phononTF 0.000949986 -1.93655 2.81501 0.0174315 12967.5 0.00034743 1 -0.0800638 -0.248607 0.05 28055.1
0 4927 2 phononL 0.00180649 -1.45947 -4.72862 0.0160725 12495.4 0.00069486 1 0.0558913 -0.245172 0.05 53466.8
0 4944 3 phononTF 0.00222807 -3.83756 -3.25663 -0.0259291 1385.67 0.00034743 1 0.109388 -0.210626 0.05 44221.5
0 4955 3 phononTF 0.00212171 -2.96426 -4.33509 -0.0162292 4262.44 0.00034743 1 0.0934329 -0.198833 0.05 23149.2
0 4957 2 phononTF 0.00167813 -2.68345 -2.84465 -0.0317483 17666.4 0.00034743 1 -0.0678229 -0.238103 0.05 106708
0 4971 2 phononTF 0.00235001 -4.33961 -3.16249 -0.00503919 9054.3 0.00034743 1 -0.0558897 -0.183781 0.05 49779.8
0 4971 4 phononTS 0.000791112 -0.0558897 -0.183781 0.049999 49779.8 0.00034743 1 -0.0429573 -0.213281 0.05 49857.7
0 4983 3 phononTS 0.00250022 -3.1934 -3.4843 0.031095 240.272 0.00069486 1 0.117348 -0.20614 0.05 104675
0 4989 3 phononTS 0.00178095 -3.32107 -3.96361 -0.0188085 393.045 0.00034743 1 0.114326 -0.226205 0.05 17817.8
