Run ID,Event ID,Track ID,Particle Name,Start Energy [eV],Start X [mm],Start Y [mm],Start Z [mm],Start Time [ns],Energy Deposited [eV],Track Weight,End X [mm],End Y [mm],End Z [mm],Final Time [ns],Volume Name
0 5 2 phononTS 0.00164582 -2.61416 1.57535 -0.0372168 7389.07 0.00069486 1 0.0302777 -0.269221 0.05 91550.3
0 28 2 phononTF 0.00195047 -3.95434 0.935646 -0.0345503 655.422 0.00138972 1 0.057337 -0.153647 0.05 41686.8
0 126 2 phononTS 0.00143099 -2.0575 -0.868496 -0.0338089 11669.5 0.00034743 1 -0.100086 -0.19578 0.05 29441
0 161 2 phononTS 0.00153487 -3.00816 2.2087 -0.0467623 6869.24 0.00069486 1 0.0831233 -0.180262 0.05 44840.2
0 188 2 phononL 0.00225449 -4.71752 0.810992 -0.015935 4832.74 0.00173715 1 0.100926 -0.222876 0.05 12629.5
0 192 2 phononTS 0.00189585 -4.18757 3.0799 0.0181377 13856.9 0.00034743 1 -0.0289249 -0.118083 0.05 41081.1
0 195 3 phononTF 0.00274831 -1.16303 0.465606 0.042028 13671 0.00034743 1 -0.0349743 -0.135193 0.05 14295.3
0 198 3 phononTS 0.00223777 -4.42102 0.731106 0.0190575 462.753 0.00069486 1 -0.0451909 -0.190554 0.05 49559
0 198 10 phononTS 0.000692229 -0.0451909 -0.190554 0.049999 49559 0.00034743 1 0.0658238 -0.194277 0.05 49648.3
0 227 4 phononTS 0.000873886 -3.9791 0.65116 -0.00678772 4849.97 0.00034743 1 0.0851607 -0.279368 0.05 22706.5
0 293 4 phononTF 0.000822188 0.458692 -4.01758 -0.0215353 12795.7 0.00069486 1 -0.0936481 -0.187884 0.05 14855.1
0 321 2 phononTS 0.00189067 -2.51101 0.220763 -0.00711851 5741.62 0.00069486 1 -0.0979801 -0.158049 0.05 6613.15
0 339 4 phononL 0.00144177 -4.33136 -3.40551 0.0207768 16532 0.00034743 1 -0.0626283 -0.257083 0.05 41365.3
0 340 4 phononTF 0.000370409 -3.97601 0.00397288 0.049999 1551.6 0.00034743 1 -0.0975011 -0.197755 0.05 32162.6
0 355 4 phononL 0.000994953 -1.3936 2.38475 0.0355576 31925.2 0.00034743 1 -0.0372389 -0.259957 0.05 59181.7
0 390 4 phononTS 0.000770211 -2.81813 0.0875557 0.049999 2201.44 0.00034743 1 -0.0938537 -0.20599 0.05 8782.89
0 497 2 phononTS 0.00271286 -4.81546 1.41524 0.0016418 1891.71 0.00069486 1 0.0989974 -0.254542 0.05 10292.8
0 500 4 phononTF 0.00174545 -0.475542 1.10554 0.0463107 25263.2 0.00069486 1 -0.0502456 -0.227053 0.05 32202.6
0 529 2 phononTF 0.0014284 -2.48308 1.26485 -0.0449585 9421.21 0.00034743 1 0.0219584 -0.180614 0.05 62249.5
0 533 4 phononL 0.000912123 1.8368 -2.54283 -0.0487867 13960.1 0.00034743 1 0.0229946 -0.266861 0.05 21923.5
0 541 3 phononTS 0.00196865 -4.7869 1.28871 -0.0243846 1152.54 0.00069486 1 -0.0284844 -0.174124 0.05 46949.4
0 616 2 phononL 0.00186015 -2.69939 1.06117 0.0234188 4624.22 0.00034743 1 0.0403384 -0.121079 0.05 8188.1
0 616 5 phononTS 0.000827354 0.0403384 -0.121079 0.049999 8188.1 0.00034743 1 0.0962032 -0.214078 0.05 8316.06
0 637 2 phononTS 0.000691125 -4.75412 -0.21021 0.00220959 2788.86 0.00034743 1 0.116923 -0.205642 0.05 44759
0 651 3 phononTF 0.00253459 -3.95624 0.400192 -0.0204906 3545.86 0.00069486 1 -0.0833652 -0.249406 0.05 15790.7
0 710 3 phononTS 0.00183139 -4.25133 0.981343 0.0187138 426.721 0.00069486 1 -0.114823 -0.180835 0.05 42563.5
0 740 2 phononTF 0.00243805 -3.41525 0.75111 -0.00195107 7582.96 0.00034743 1 -0.0438154 -0.125105 0.05 27176.5
0 748 2 phononTF 0.00114276 -4.20956 1.22703 -0.0452844 1507.27 0.00034743 1 0.0908508 -0.259891 0.05 36665.1
0 751 3 phononTF 0.00182248 -4.55391 1.1234 0.0420326 658.044 0.00034743 1 0.111671 -0.208589 0.05 12461
0 782 2 phononTF 0.00172084 -4.4162 0.722968 -0.0246852 2444.11 0.00034743 1 -0.0775221 -0.26629 0.05 9197.59
0 814 3 phononTF 0.00178219 -4.02554 0.63649 -0.0212616 2820.83 0.00104229 1 0.0358959 -0.290271 0.05 62036.1
0 845 3 phononTS 0.0026158 -4.57269 0.495409 0.0365095 5907.94 0.00104229 1 -0.0933654 -0.172126 0.05 80365.5
0 896 3 phononTF 0.00152652 -2.74828 1.02245 0.0493887 2478.37 0.00034743 1 -0.0564765 -0.222142 0.05 22821.1
0 896 6 phononTF 0.000826565 -0.0564765 -0.222142 0.049999 22821.1 0.00034743 1 0.047664 -0.191771 0.05 23137.2
0 899 3 phononTF 0.00245297 -3.97131 1.16106 0.0198116 6384.55 0.00104229 1 -0.0290021 -0.231643 0.05 28970.9
0 930 2 phononTF 0.00190945 -4.29053 1.0683 -0.0150668 16253.1 0.00069486 1 -0.0731786 -0.167952 0.05 65871.3
0 952 2 phononL 0.00131343 -4.32093 1.60631 0.04839 16603.9 0.00034743 1 -0.0586215 -0.248977 0.05 53833.6
0 1012 2 phononTF 0.00172065 -4.37906 0.621334 -0.0467294 5481.6 0.00034743 1 0.0769363 -0.199539 0.05 20999.5
0 1046 3 phononTS 0.00138831 -3.62788 0.820354 -0.0345909 666.942 0.00034743 1 -0.0926814 -0.249855 0.05 16005.6
0 1049 3 phononTS 0.0028155 -4.35522 0.373126 -0.00826695 7588.8 0.00104229 1 0.0608013 -0.25093 0.05 14671.4
0 1049 8 phononTF 0.000934625 0.0608013 -0.25093 0.049998 14671.4 0.00034743 1 -0.0262402 -0.276267 0.05 14737.7
0 1084 3 phononTS 0.00260409 -3.2671 0.956619 -0.0400498 7433.08 0.00034743 1 -0.0875942 -0.249448 0.05 11023.1
0 1133 2 phononTF 0.00270132 -4.14725 1.82367 0.0166126 6297.21 0.00104229 1 -0.083603 -0.269705 0.05 20700.2
0 1148 3 phononTS 0.0021875 -0.96319 2.48102 -0.0267625 8392.4 0.00069486 1 0.106727 -0.192498 0.05 21732.8
0 1148 5 phononTS 0.00100087 0.106727 -0.192498 0.049999 21732.8 0.00034743 1 0.0390501 -0.146211 0.05 21881.7
0 1205 2 phononTF 0.000814848 -4.37037 0.991786 -0.0124837 9351.51 0.00034743 1 -0.0556204 -0.103869 0.05 86251.5
0 1255 3 phononTF 0.00288842 -4.49379 0.539422 0.0365844 2374.01 0.00104229 1 0.0546951 -0.19246 0.05 12785.3
0 1284 4 phononTS 0.000934943 -3.9439 1.76138 0.00182455 46589.7 0.00069486 1 0.0395233 -0.216527 0.05 64701.1
0 1297 3 phononTS 0.00182058 -4.03103 1.22293 -0.0285359 7289.71 0.00069486 1 0.0212936 -0.260195 0.05 34325.7
0 1319 5 phononL 0.00119286 0.446715 3.53529 -0.0144562 29503.7 0.00034743 1 0.0519875 -0.108612 0.05 58726.6
0 1361 3 phononTS 0.00183401 -4.0922 1.14223 0.00928703 1376.52 0.00069486 1 -0.0154646 -0.216069 0.05 31982.3
0 1365 5 phononL 0.00132346 1.47669 -0.4245 -0.00605868 120195 0.00069486 1 -0.0631662 -0.183751 0.05 183601
0 1365 2 phononTS 0.00181731 -4.57155 0.774356 0.00885671 249.134 0.00069486 1 -0.0291499 -0.101876 0.05 56026.2
0 1425 4 phononTF 0.000461424 2.89566 4.28923 0.0134263 81711.8 0.00034743 1 0.0825556 -0.155112 0.05 105060
0 1456 3 phononTF 0.00159181 -4.05312 -0.121052 0.00671955 3238.67 0.00069486 1 0.0306537 -0.243972 0.05 41794
0 1480 4 phononTS 0.000844712 -4.99721 2.75274 -0.0346141 3126.08 0.00034743 1 -0.0880227 -0.171737 0.05 67462.7
0 1485 2 phononTF 0.00226829 -3.83147 2.65399 0.0074454 3125.75 0.00104229 1 -0.0672916 -0.109414 0.05 20773.1
0 1514 3 phononTF 0.00197913 -4.99634 0.780949 0.0460479 772.735 0.00069486 1 -0.0195128 -0.175384 0.05 85277.1
0 1535 2 phononTS 0.0025351 -3.74865 0.714017 -0.0311245 1273.45 0.00069486 1 -0.0586416 -0.252657 0.05 40324.9
0 1535 9 phononTS 0.00084637 -0.0586416 -0.252657 0.049999 40324.9 0.00034743 1 -0.047882 -0.252544 0.05 40708.9
0 1544 5 phononTS 0.00167035 -3.95782 -1.24748 0.0213713 12587.5 0.00069486 1 0.0653488 -0.199467 0.05 17842.1
0 1544 9 phononTS 0.00053627 0.0653488 -0.199467 0.049999 17842.1 0.00034743 1 0.0556069 -0.119812 0.05 18003.8
0 1545 2 phononTS 0.0013611 -3.84624 1.14496 -0.0447593 3730.21 0.00034743 1 -0.0173547 -0.194747 0.05 14250.5
0 1546 3 phononTS 0.00158825 -4.87243 1.45303 0.0128358 2852.08 0.00034743 1 -0.032864 -0.24948 0.05 66947
0 1556 5 phononTS 0.00220693 -4.26854 2.04945 0.0310178 18923.6 0.00069486 1 -0.0656132 -0.180985 0.05 25401.5
0 1570 4 phononTS 0.000973164 -3.29512 4.22251 -0.0169277 14770.9 0.00069486 1 0.0381998 -0.254243 0.05 104469
0 1585 5 phononTF 0.000818403 -2.67274 1.04974 0.0376989 5039.55 0.00034743 1 0.0839789 -0.15819 0.05 81959.8
0 1594 2 phononTF 0.00281619 -4.25745 0.466832 0.0148221 6969.87 0.00069486 1 0.0624477 -0.197892 0.05 81646.3
0 1601 2 phononTF 0.00176033 -4.68903 0.132644 0.0387132 722.614 0.00034743 1 -0.0907801 -0.172033 0.05 4210.09
0 1601 5 phononL 0.000839501 -0.0907801 -0.172033 0.049998 4210.09 0.00034743 1 -0.0751005 -0.245008 0.05 4365.91
0 1613 2 phononTS 0.00153437 -4.53214 1.40211 0.00511098 724.909 0.00069486 1 -0.0602188 -0.240888 0.05 67619.1
0 1662 3 phononL 0.00167944 -4.26748 0.715479 -0.0284435 8.87229 0.00034743 1 0.0452021 -0.153396 0.05 9073.64
0 1662 5 phononTS 0.000567607 0.0452021 -0.153396 0.049999 9073.64 0.00034743 1 0.0195716 -0.157231 0.05 9129.93
0 1711 3 phononTS 0.00280554 -4.26419 1.14389 -0.0442214 193.607 0.00138972 1 -0.0296915 -0.220274 0.05 16733.3
0 1713 5 phononTS 0.00112329 -2.9105 -3.54449 -0.042624 17397.7 0.00034743 1 0.0259404 -0.272172 0.05 25735.5
0 1731 2 phononTS 0.00139753 -2.27396 0.699608 0.0476018 14269.8 0.00034743 1 0.0488069 -0.107153 0.05 28417.1
0 1782 5 phononTF 0.000888437 1.50776 4.26036 -0.0252379 19749.2 0.00034743 1 0.0624782 -0.258372 0.05 120241
0 1785 2 phononL 0.00147885 -3.49847 0.605142 0.0348531 1338.47 0.00069486 1 -0.0494874 -0.245714 0.05 17834.1
0 1794 3 phononTF 0.00142026 -4.68433 0.159735 0.0187909 1032.43 0.00034743 1 -0.0485602 -0.166585 0.05 18227.6
0 1807 5 phononTF 0.00153252 -3.28992 -1.10793 0.0383616 9037.24 0.00104229 1 0.110824 -0.230808 0.05 62758.5
0 1830 3 phononTF 0.00183982 -3.89189 0.550928 -0.0177529 1057.62 0.00034743 1 -0.0454031 -0.221444 0.05 37231.8
0 1844 3 phononTF 0.000448811 -4.65612 0.0690456 0.049999 2498.92 0.00034743 1 0.0883171 -0.156357 0.05 22418.4
0 1865 4 phononTF 0.00132921 -3.1418 -2.66806 -0.0317782 31011.2 0.00069486 1 0.0436244 -0.210414 0.05 43640.8
0 1899 3 phononL 0.00205345 -4.36243 3.03526 0.0217603 4798.17 0.00034743 1 -0.0117505 -0.207418 0.05 9993.4
0 1899 2 phononTS 0.00194655 -4.36243 3.03526 0.0217603 4798.17 0.00104229 1 -0.117087 -0.214576 0.05 15413.8
0 1945 2 phononTS 0.000690566 -3.7713 0.086571 0.049999 1285.08 0.00034743 1 -0.0869901 -0.17781 0.05 117522
0 1962 2 phononTF 0.000651465 -4.02362 0.0515616 0.049999 4825.45 0.00034743 1 -0.0184565 -0.179871 0.05 25135.9
0 1975 4 phononTS 0.0016529 -4.88244 0.598768 0.0333261 2495.07 0.00034743 1 -0.0629999 -0.191633 0.05 60767.2
0 2029 4 phononTF 0.000488388 -4.26514 0.00105577 0.049999 963.414 0.00034743 1 -0.0341675 -0.19279 0.05 44429.5
0 2062 2 phononTS 0.00210723 -4.09636 0.592171 -0.0302341 2305.92 0.00034743 1 0.0227713 -0.205857 0.05 45852
0 2062 4 phononL 0.00162882 0.0227713 -0.205857 0.049999 45852 0.00034743 1 0.102129 -0.192629 0.05 45912.4
0 2068 4 phononTF 0.00122851 -0.824952 -3.64659 0.0310276 19151.8 0.00069486 1 -0.0407325 -0.265169 0.05 90649.6
0 2168 3 phononL 0.0011787 -4.0076 0.983861 -0.0187767 8719.11 0.00034743 1 -0.0376256 -0.140591 0.05 107505
0 2168 4 phononTF 0.000589581 -0.0376256 -0.140591 0.049999 107505 0.00034743 1 -0.085247 -0.227041 0.05 109023
0 2235 3 phononTF 0.00122848 -4.06784 0.371724 0.0486524 230.629 0.00034743 1 -0.0934952 -0.17889 0.05 62858.5
0 2274 4 phononTS 0.000963672 2.30861 -1.33999 -0.03041 43549 0.00034743 1 -0.111235 -0.182163 0.05 146108
0 2274 6 phononTS 0.000505484 -0.111235 -0.182163 0.049999 146108 0.00034743 1 -0.0370953 -0.168846 0.05 146510
0 2315 2 phononTF 0.00100909 -3.40869 1.86918 0.0286651 4117.09 0.00034743 1 -0.10454 -0.21232 0.05 9080.1
0 2328 3 phononTS 0.00198107 -4.32059 -0.163807 -0.0448756 2241.9 0.00069486 1 0.0205493 -0.19491 0.05 18904.1
0 2339 2 phononTS 0.00223028 -4.24832 0.748512 -0.000876236 0.444379 0.00069486 1 0.0722377 -0.181379 0.05 5301.82
0 2341 3 phononTF 0.00162997 -4.98782 0.588504 -0.0468645 707.01 0.00034743 1 -0.0158807 -0.174391 0.05 15542.3
0 2341 5 phononTS 0.00052046 -0.0158807 -0.174391 0.049999 15542.3 0.00034743 1 -0.0199471 -0.185052 0.05 15599.1
0 2374 5 phononTF 0.000691701 -4.73974 1.23528 0.0104452 15389.1 0.00034743 1 -0.0926124 -0.162333 0.05 21576.9
0 2439 5 phononL 0.00103168 -2.95825 -0.942017 0.0315314 51746.2 0.00069486 1 -0.0834329 -0.123121 0.05 60614.7
0 2445 2 phononTS 0.00279419 -4.0605 0.533869 0.00615241 3986.69 0.00034743 1 0.0622399 -0.18318 0.05 15088.1
0 2462 5 phononTS 0.00133026 -3.55167 4.09116 0.0349192 22420.6 0.00034743 1 -0.0934512 -0.147882 0.05 56461
0 2465 5 phononTF 0.00123994 -4.84261 0.938672 0.0487594 31091.5 0.00034743 1 -0.0266368 -0.181043 0.05 47186.2
0 2473 2 phononTF 0.00180204 -4.03736 1.12489 0.0346009 563.08 0.00034743 1 0.046706 -0.21246 0.05 6119.59
0 2478 4 phononTS 0.000467045 -4.45399 0.0681751 0.049999 1314.76 0.00034743 1 0.0188465 -0.183785 0.05 22277.5
0 2513 3 phononL 0.00127118 -4.21729 -0.132553 -0.0132362 1590.03 0.00034743 1 0.0315709 -0.259049 0.05 67811.9
0 2513 6 phononTS 0.00072095 0.0315709 -0.259049 0.049999 67811.9 0.00034743 1 -0.0310731 -0.287446 0.05 68129
0 2513 17 phononTF 0.000856364 -4.01489 -1.32083 0.0432423 12925.9 0.00034743 1 -0.0818626 -0.146533 0.05 29267.9
0 2551 5 phononTS 0.000585039 -3.58888 0.0196422 0.049999 2872.33 0.00034743 1 -0.0962566 -0.22514 0.05 7666.04
0 2560 2 phononTF 0.000811966 -4.65891 0.0216256 0.049999 4405.81 0.00034743 1 0.0855145 -0.132589 0.05 51543
0 2613 2 phononTF 0.00221061 -4.70407 1.29078 0.00568155 635.164 0.00034743 1 0.065108 -0.222113 0.05 24743.7
0 2639 3 phononL 0.0029214 -4.10629 1.72388 -0.0279589 5754.45 0.00069486 1 0.0490208 -0.255066 0.05 19592.6
0 2642 3 phononTF 0.0011829 -4.62658 1.01471 0.00229091 1324.05 0.00034743 1 0.0289455 -0.284465 0.05 12255.4
0 2670 3 phononTF 0.00121166 -4.54807 0.426424 -0.045998 1404.43 0.00034743 1 -0.0861511 -0.130161 0.05 16721.3
0 2715 3 phononTS 0.00178446 -3.36009 1.19077 -0.0271299 740.032 0.00069486 1 0.0352052 -0.152941 0.05 16868.4
0 2783 5 phononTS 0.000451153 -3.90291 0.0609263 0.049999 1309.95 0.00034743 1 0.0535389 -0.158639 0.05 27160
0 2845 3 phononTS 0.00178671 -4.27455 0.621993 0.0419604 6566.51 0.00034743 1 -0.085606 -0.177116 0.05 55597.7
0 2848 2 phononL 0.00195553 -3.09882 2.29767 0.0137155 6954.18 0.00034743 1 -0.0827719 -0.220982 0.05 31570.4
0 2876 3 phononL 0.00175272 -4.25268 0.698395 -0.0306478 57.6749 0.00034743 1 -0.103778 -0.212297 0.05 13705.3
0 2889 5 phononTF 0.000672253 4.23351 -4.38142 -0.0248226 43446.3 0.00034743 1 0.0547203 -0.195081 0.05 134891
0 2912 3 phononTS 0.00243174 -2.98338 2.52771 0.0310138 15896.6 0.00034743 1 -0.0865758 -0.265376 0.05 65090.6
0 2935 2 phononTF 0.00187143 -4.17849 1.08479 -0.00707622 917.124 0.00069486 1 0.0870647 -0.182181 0.05 35440.8
0 2935 8 phononTF 0.000459901 0.0870647 -0.182181 0.049999 35440.8 0.00034743 1 0.0853154 -0.280036 0.05 35504.4
0 3077 5 phononTF 0.000900126 -2.75893 2.20472 0.0208319 26818.6 0.00069486 1 0.0265142 -0.160186 0.05 108641
0 3111 3 phononTS 0.00134983 -4.42278 2.50954 0.0492106 8277.35 0.00069486 1 0.0258868 -0.279111 0.05 21492.7
0 3134 3 phononL 0.000637891 -3.69081 0.0893831 0.049999 2354.34 0.00034743 1 -0.0406032 -0.108838 0.05 20915
0 3146 5 phononL 0.000560474 -4.51629 0.103741 0.049999 2434.81 0.00034743 1 0.0223925 -0.263319 0.05 11578.5
0 3199 2 phononTF 0.00257665 -4.55421 -0.22099 -0.0116844 1468.83 0.00034743 1 -0.0450661 -0.300765 0.05 8637.16
0 3199 6 phononTS 0.00189495 -0.0450661 -0.300765 0.049999 8637.16 0.00069486 1 0.0798321 -0.192096 0.05 8724.25
0 3199 13 phononTS 0.000683465 0.0798321 -0.192096 0.049999 8724.25 0.00034743 1 0.0905122 -0.200504 0.05 8783.07
0 3233 3 phononTS 0.00180838 -4.24939 0.739909 -0.009222 2.56279 0.00069486 1 0.0116238 -0.191229 0.05 19487.9
0 3233 4 phononTF 0.000611664 0.0116238 -0.191229 0.049999 19487.9 0.00034743 1 -0.0373094 -0.185487 0.05 19546.7
0 3238 2 phononTS 0.00151365 -4.0024 -0.131932 -0.00280828 2609.7 0.00104229 1 0.103546 -0.256592 0.05 35272.2
0 3248 5 phononTS 0.00121332 -2.68707 1.85163 -0.0462409 15422.5 0.00069486 1 0.0571656 -0.230233 0.05 63935.1
0 3275 4 phononTS 0.001368 -0.950594 -4.3038 -0.0456149 17724.5 0.00069486 1 0.0392568 -0.280963 0.05 38201.3
0 3291 2 phononTS 0.00086641 -3.85489 0.0138915 0.049999 1729.97 0.00034743 1 -0.0793879 -0.161917 0.05 33285.4
0 3350 2 phononTF 0.00290712 -4.61376 -0.937431 -0.00385817 1052.59 0.00069486 1 0.0837069 -0.175003 0.05 30205.4
0 3418 2 phononTF 0.00049322 -3.31866 0.100079 0.049998 2468.35 0.00034743 1 -0.116269 -0.211003 0.05 23175.6
0 3449 2 phononTS 0.00200456 -4.92599 1.85806 0.0393576 10517.3 0.00034743 1 -0.0511385 -0.23199 0.05 34428.9
0 3449 4 phononL 0.000973315 -0.0511385 -0.23199 0.049999 34428.9 0.00034743 1 -0.0626199 -0.16183 0.05 34734.3
0 3484 7 phononTS 0.000679756 -3.71697 -0.690505 0.0216354 47477.8 0.00034743 1 -0.0813652 -0.128528 0.05 91036.6
0 3514 4 phononL 0.00141351 -3.4024 -4.1231 -0.0347389 33261.9 0.00034743 1 0.0740333 -0.253735 0.05 37791.1
0 3514 6 phononTS 0.000694009 0.0740333 -0.253735 0.049999 37791.1 0.00034743 1 0.0167202 -0.207772 0.05 38188.5
0 3537 2 phononTS 0.0014989 -3.99171 1.35647 0.00980022 3817.05 0.00069486 1 -0.019966 -0.143754 0.05 56279.3
0 3547 2 phononTS 0.00213689 -4.27631 0.732955 0.0122648 6.29478 0.00034743 1 0.075433 -0.223871 0.05 14846.3
0 3547 5 phononTS 0.00167991 0.075433 -0.223871 0.049999 14846.3 0.00069486 1 0.0845506 -0.230279 0.05 14903.1
0 3562 5 phononTS 0.00173669 -4.30442 2.4173 -0.00433131 6087.57 0.00034743 1 0.0125835 -0.212754 0.05 26788.8
0 3562 6 phononTF 0.000721061 0.0125835 -0.212754 0.049999 26788.8 0.00034743 1 0.0317407 -0.270917 0.05 27099.2
0 3565 3 phononTF 0.00236566 -2.55325 1.40141 0.00823117 4250.83 0.00104229 1 0.0336643 -0.137848 0.05 9566.01
0 3616 3 phononTS 0.0013399 -4.48518 1.21697 0.025831 4603.31 0.00034743 1 0.0422429 -0.112673 0.05 32725.7
0 3616 4 phononTS 0.000572025 0.0422429 -0.112673 0.049999 32725.7 0.00034743 1 0.0791123 -0.122458 0.05 32929.2
0 3684 2 phononL 0.00214631 -4.70797 1.08007 -0.0010509 1871.58 0.00034743 1 0.0796099 -0.141691 0.05 15884.1
0 3684 5 phononTF 0.0010267 0.0796099 -0.141691 0.049999 15884.1 0.00034743 1 0.0666803 -0.239804 0.05 15949.2
0 3702 2 phononTF 0.00243176 -4.20909 3.49674 0.0465018 21045.6 0.00069486 1 0.0392192 -0.0977524 0.05 64075.1
0 3723 2 phononTF 0.00254564 -3.08359 0.988044 0.0449991 5515.81 0.00034743 1 -0.025708 -0.240037 0.05 18806.7
0 3754 2 phononTF 0.0022845 -2.11423 2.38119 -0.0497646 13333 0.00069486 1 -0.014521 -0.17873 0.05 16507.6
0 3754 7 phononTS 0.00132045 -0.014521 -0.17873 0.049999 16507.6 0.00069486 1 -0.034426 -0.288476 0.05 16592.1
0 3768 3 phononTF 0.00257974 -4.96972 -0.0702133 0.0384226 4474.23 0.00034743 1 0.0756394 -0.19214 0.05 34440.4
0 3773 5 phononTF 0.000626386 -3.45775 0.0724137 0.049999 7330.6 0.00034743 1 0.0597581 -0.175553 0.05 22743.5
0 3805 4 phononTF 0.00125425 -3.84505 2.01851 0.0419741 14786.2 0.00034743 1 0.0389031 -0.194639 0.05 24489.4
0 3816 3 phononL 0.00198695 -3.37249 -0.269139 -0.0391266 1433.14 0.00069486 1 0.0794913 -0.160321 0.05 32379.3
0 3858 5 phononTF 0.000643945 -3.93046 -0.00362298 0.049999 1154.09 0.00034743 1 -0.0399675 -0.112196 0.05 7560.54
0 3875 4 phononL 0.000986061 0.432245 -2.17749 0.00822033 38517.8 0.00034743 1 0.100376 -0.163616 0.05 68497.2
0 3879 3 phononTS 0.00215295 -4.42057 0.991162 0.0177797 667.6 0.00104229 1 -0.0783727 -0.212944 0.05 32054.8
0 3879 9 phononTS 0.000406938 -0.0783727 -0.212944 0.049998 32054.8 0.00034743 1 -0.107926 -0.180201 0.05 32119.9
0 3893 2 phononL 0.00182295 -3.27232 2.45263 -0.0482216 12942.8 0.00034743 1 -0.102099 -0.18307 0.05 40379.7
0 4007 3 phononTS 0.00187174 -0.791023 1.20486 0.0460796 18958.5 0.00069486 1 -0.05959 -0.173746 0.05 32511
0 4007 4 phononTS 0.00087164 -0.05959 -0.173746 0.049999 32511 0.00034743 1 -0.0775105 -0.171655 0.05 32660.5
0 4022 2 phononTF 0.00162116 -4.23276 1.11042 -0.0265836 1446.77 0.00069486 1 0.0254769 -0.176026 0.05 7905.97
0 4030 3 phononTF 0.00124244 -4.80224 0.524632 0.00165707 7869.33 0.00034743 1 -0.0654526 -0.268896 0.05 11190.9
0 4069 3 phononL 0.0014699 -4.34868 2.49246 0.0243962 13095.9 0.00034743 1 -0.115014 -0.2286 0.05 44392.5
0 4091 5 phononTS 0.000722022 -3.64729 -0.00125477 0.049999 906.832 0.00034743 1 -0.0621232 -0.269784 0.05 9212.59
0 4114 5 phononTS 0.00153712 -0.802441 1.35653 0.00556385 24143.7 0.00034743 1 -0.0381611 -0.120329 0.05 27983.5
0 4114 8 phononTF 0.00105332 -0.0381611 -0.120329 0.049999 27983.5 0.00034743 1 -0.109543 -0.194535 0.05 28204.2
0 4166 3 phononTS 0.00115166 -3.8686 0.388948 0.0357692 1406.38 0.00034743 1 -0.0687019 -0.139575 0.05 130420
0 4221 4 phononTF 0.000441888 -2.78878 4.64502 0.0121967 35958.2 0.00034743 1 0.074936 -0.22166 0.05 67157.1
0 4232 4 phononTS 0.00141371 -4.21077 0.939139 -0.0326288 2098.06 0.00034743 1 -0.0567049 -0.171588 0.05 50285.9
0 4241 3 phononL 0.00175233 -4.29794 0.233235 0.0495925 259.027 0.00034743 1 -0.0187009 -0.241868 0.05 7521.18
0 4295 5 phononTF 0.000490119 -4.71442 0.0935566 0.049999 2330.57 0.00034743 1 0.0262298 -0.192535 0.05 18160.5
0 4304 3 phononTS 0.00246978 -4.00234 0.78942 -0.00598844 360.413 0.00034743 1 0.036761 -0.252085 0.05 13180.9
0 4370 2 phononTS 0.00186007 -4.15089 0.815998 0.00976912 2039.5 0.00034743 1 0.0762932 -0.228557 0.05 19527.6
0 4370 5 phononTF 0.000377238 0.0762932 -0.228557 0.049999 19527.6 0.00034743 1 0.0666653 -0.206184 0.05 19602.5
0 4438 4 phononTF 0.00136966 -3.89831 2.55279 0.000763956 16178.4 0.00034743 1 0.0456604 -0.260861 0.05 32549.9
0 4479 3 phononTS 0.00216626 -4.16675 0.817151 0.0342652 2402.08 0.00069486 1 0.0293644 -0.270057 0.05 44379.2
0 4482 3 phononTF 0.00165024 -2.38169 -0.298578 0.035385 12874.1 0.00069486 1 0.0169257 -0.20151 0.05 61222.5
0 4543 2 phononTF 0.00202588 -1.57386 -0.139041 -0.0241536 6725.73 0.00034743 1 -0.0467855 -0.28626 0.05 10579.3
0 4545 3 phononL 0.00192531 -3.83576 -0.300536 -0.00130834 1163.95 0.00034743 1 0.0513573 -0.250545 0.05 6701.84
0 4577 4 phononTF 0.00126736 -4.36313 0.259945 0.00685039 1202.51 0.00034743 1 0.0845029 -0.185818 0.05 6255.9
0 4577 8 phononTF 0.000691274 0.0845029 -0.185818 0.049999 6255.9 0.00034743 1 -0.0322763 -0.18703 0.05 6331.96
0 4596 5 phononTF 0.000702119 -4.5065 0.0415176 0.049999 4519.21 0.00034743 1 0.10082 -0.155147 0.05 31761.7
0 4619 5 phononTS 0.00147069 -1.63843 -0.00929317 -0.0168229 67599.6 0.00034743 1 -0.0257866 -0.153529 0.05 71730.3
0 4647 7 phononTS 0.000498988 -4.50394 -3.8736 0.0273004 23308.7 0.00034743 1 -0.0953546 -0.261718 0.05 117367
0 4675 3 phononTF 0.00262888 -3.15267 2.70041 0.0204472 2458.55 0.00069486 1 -0.0501312 -0.225482 0.05 17762.6
0 4765 5 phononTF 0.00117138 -0.920236 -1.20795 -0.00438518 40630 0.00034743 1 0.071089 -0.242017 0.05 42490.1
0 4787 3 phononTS 0.00262918 -4.75531 0.619081 0.0297766 2917.25 0.00034743 1 -0.109787 -0.217403 0.05 41895.2
0 4809 2 phononTS 0.00157046 -4.09167 1.1243 0.0249726 1015.89 0.00069486 1 0.0587522 -0.257173 0.05 9858.85
0 4842 2 phononTF 0.00146585 -4.03129 1.01433 0.025708 596.903 0.00034743 1 0.0555955 -0.132997 0.05 4454.29
0 4861 2 phononTS 0.00143701 -0.278048 0.148764 -0.00960546 15550.6 0.00069486 1 -0.0386648 -0.247001 0.05 16639.7
0 4864 2 phononTS 0.00142634 -3.27979 -1.48963 -0.0350897 5409.12 0.00069486 1 0.0950977 -0.209707 0.05 35057.5
0 4865 2 phononTF 0.00183952 -3.86258 0.425313 0.000215592 829.933 0.00034743 1 -0.100468 -0.259979 0.05 18886.4
0 4865 5 phononTS 0.00047792 -0.100468 -0.259979 0.049998 18886.4 0.00034743 1 0.0836737 -0.17314 0.05 18989.2
0 4877 2 phononTS 0.0017187 -3.23683 0.890481 -0.0199367 2385.17 0.00069486 1 -0.036682 -0.152359 0.05 6577.55
0 4974 2 phononTF 0.00263129 -4.24657 0.747151 0.000595421 0.844002 0.00034743 1 -0.03032 -0.196885 0.05 17083
0 4990 2 phononL 0.00173641 -4.19112 0.919425 -0.0391743 3752.74 0.00034743 1 -0.0745086 -0.212437 0.05 10310.2
