Run ID,Event ID,Track ID,Particle Name,Start Energy [eV],Start X [mm],Start Y [mm],Start Z [mm],Start Time [ns],Energy Deposited [eV],Track Weight,End X [mm],End Y [mm],End Z [mm],Final Time [ns],Volume Name
0 11 5 phononTS 0.00149047 3.21394 -0.642801 0.0369962 12170.9 0.00034743 1 0.0663954 -0.200547 0.05 28719.6
0 87 1 phononTS 0.004 3.25 -0.25 0 0 0.00173715 1 0.0682452 -0.278598 0.05 10005.5
0 87 3 phononTF 0.00076579 0.0682452 -0.278598 0.049999 10005.5 0.00034743 1 0.0973197 -0.151886 0.05 10684.5
0 105 3 phononTS 0.00129446 3.20136 0.128385 0.0205938 619.062 0.00034743 1 -0.0511364 -0.112611 0.05 5577.79
0 109 5 phononTS 0.000467567 3.12369 0.0701003 0.049999 119.881 0.00034743 1 0.0532216 -0.187542 0.05 32440.3
0 153 4 phononTS 0.00159201 3.15566 0.182183 0.0101645 348.188 0.00069486 1 0.0813549 -0.186747 0.05 38576.6
0 153 11 phononTF 0.000551642 0.0813549 -0.186747 0.049999 38576.6 0.00034743 1 0.0803965 -0.157457 0.05 38704.4
0 197 3 phononTS 0.00285831 3.3243 -0.325674 -0.0229618 391.177 0.00069486 1 0.114511 -0.217483 0.05 18414.9
0 234 3 phononTF 0.000756632 3.30216 0.0452651 0.049999 1511.94 0.00034743 1 0.0583491 -0.104444 0.05 26372.6
0 275 2 phononTS 0.00176832 4.19627 -1.37112 0.0245073 1485.93 0.00034743 1 -0.046263 -0.266227 0.05 27772.7
0 281 3 phononTS 0.000776464 2.85878 0.0162015 0.049999 1064.14 0.00034743 1 -0.0677433 -0.291058 0.05 83369.1
0 285 2 phononL 0.00177151 4.87065 -0.8724 -0.049912 4350.27 0.00069486 1 -0.112137 -0.228032 0.05 21390.6
0 288 3 phononL 0.00297737 2.49875 -1.64962 0.0157836 5775.51 0.00069486 1 -0.0630717 -0.154601 0.05 20186
0 288 6 phononTS 0.00110772 -0.0630717 -0.154601 0.049999 20186 0.00034743 1 0.0548385 -0.103727 0.05 20339.1
0 343 5 phononTF 0.00221688 4.28447 -0.415878 -0.0119427 8371.21 0.00034743 1 -0.0970286 -0.135732 0.05 16798.1
0 343 8 phononTS 0.000954081 -0.0970286 -0.135732 0.049999 16798.1 0.00034743 1 -0.0927221 -0.175225 0.05 16875.5
0 356 4 phononTS 0.00137797 2.51519 0.604734 -0.0440945 4406.32 0.00069486 1 0.0507219 -0.140162 0.05 39433.6
0 413 4 phononL 0.000824459 3.23563 0.0691792 0.049999 597.785 0.00034743 1 -0.0630349 -0.271946 0.05 3182.77
0 413 5 phononTF 0.00045448 -0.0630349 -0.271946 0.049999 3182.77 0.00034743 1 -0.0575277 -0.150723 0.05 8801.64
0 438 3 phononTF 0.00214521 4.56668 -0.482104 0.0136386 2830.82 0.00034743 1 -0.0586782 -0.16199 0.05 39277.1
0 451 2 phononTS 0.000723817 3.36955 0.00830798 0.049999 946.896 0.00034743 1 -0.0886881 -0.272351 0.05 112865
0 491 2 phononTF 0.00245871 4.45415 -0.103017 0.00302971 1423.92 0.00104229 1 0.0850957 -0.220269 0.05 44502.9
0 511 1 phononTS 0.004 3.25 -0.25 0 0 0.00034743 1 0.037632 -0.240189 0.05 9871.41
0 513 2 phononTF 0.00160819 4.78444 -0.514148 0.0368757 7995.92 0.00069486 1 0.0468326 -0.152323 0.05 57339.9
0 615 2 phononL 0.00219731 2.68445 -0.467385 -0.0482919 1145.14 0.00104229 1 -0.0337269 -0.250335 0.05 7830.26
0 655 5 phononTS 0.000788934 3.13965 0.0310191 0.049999 1518.24 0.00034743 1 -0.0703312 -0.132126 0.05 29540.2
0 690 2 phononTS 0.000909208 3.6072 -0.497665 0.0241448 1972.74 0.00034743 1 0.0401303 -0.267571 0.05 41622.3
0 705 3 phononTS 0.00108013 3.08638 0.0645559 -0.037263 133.792 0.00034743 1 0.0801574 -0.115516 0.05 93318.6
0 705 4 phononTF 0.000389206 0.0801574 -0.115516 0.049998 93318.6 0.00034743 1 0.0739098 -0.115191 0.05 93375.1
0 724 3 phononTF 0.000637747 2.2574 0.0430678 0.049999 1970.78 0.00034743 1 0.0643838 -0.169282 0.05 52665.3
0 728 2 phononTF 0.00240226 3.12475 -0.383109 0.00718811 44.1149 0.00069486 1 -0.103555 -0.245323 0.05 12142.4
0 728 7 phononTS 0.00091992 -0.103555 -0.245323 0.049999 12142.4 0.00069486 1 0.0610276 -0.243182 0.05 12351.8
0 744 4 phononTF 0.000786192 4.01024 0.0876029 0.049999 3429.98 0.00034743 1 -0.081427 -0.249375 0.05 10123.7
0 762 2 phononTS 0.00222451 3.03016 -0.34259 -0.0483459 59.1961 0.00069486 1 -0.0472223 -0.151548 0.05 9178.76
0 766 2 phononL 0.00135695 2.60827 -0.705483 -0.0311982 1690.71 0.00034743 1 -0.0463597 -0.189629 0.05 64610.3
0 773 3 phononL 0.00150379 2.88636 -0.308867 0.0176172 328.96 0.00034743 1 0.0796641 -0.249645 0.05 21561.6
0 793 3 phononTS 0.00143749 2.98771 -0.87371 0.00982366 1991.59 0.00034743 1 0.0480142 -0.160954 0.05 113629
0 865 3 phononTS 0.000663346 3.59377 0.0631103 0.049999 855.687 0.00034743 1 0.0473905 -0.228113 0.05 19387.5
0 905 3 phononTF 0.00183685 3.15201 -0.0551268 1.32983e-05 84.6815 0.00034743 1 0.0389674 -0.295263 0.05 49222.9
0 942 2 phononTS 0.00177085 3.00112 -1.24497 0.0457268 1549.48 0.00034743 1 0.0399948 -0.20674 0.05 10964.5
0 942 6 phononTS 0.000784111 0.0399948 -0.20674 0.049999 10964.5 0.00034743 1 -0.0398265 -0.170226 0.05 11046.3
0 955 2 phononTS 0.00167738 2.86988 -0.815196 0.00324812 5235.8 0.00034743 1 -0.0646867 -0.207039 0.05 9300.22
0 955 5 phononTS 0.000921733 -0.0646867 -0.207039 0.049999 9300.22 0.00069486 1 -0.0891626 -0.222173 0.05 9359.28
0 965 2 phononTF 0.00209679 0.46181 1.32149 0.0238343 13807.4 0.00069486 1 0.116676 -0.196986 0.05 24457.7
0 1072 3 phononL 0.00181486 3.04777 -1.03631 -0.00611781 2216.5 0.00069486 1 0.0552792 -0.182081 0.05 32478.7
0 1127 2 phononTF 0.00252621 3.87177 -0.134678 0.0346262 899.102 0.00104229 1 0.100947 -0.220724 0.05 20738.4
0 1161 5 phononTF 0.00113165 0.390958 -1.01478 0.0499255 28270.6 0.00034743 1 -0.045203 -0.194566 0.05 32772.8
0 1161 7 phononL 0.000352536 -0.045203 -0.194566 0.049999 32772.8 0.00034743 1 0.110081 -0.182845 0.05 32830.5
0 1269 4 phononTF 0.000538134 2.97733 0.0837824 0.049999 2423.04 0.00034743 1 0.104629 -0.152357 0.05 8905.44
0 1309 3 phononTF 0.00154263 3.39347 -0.59317 -0.00917746 1151.49 0.00069486 1 -0.0817176 -0.277383 0.05 25358.2
0 1343 3 phononTF 0.0022698 2.53576 -2.25947 -0.00613478 6154.58 0.00104229 1 0.0481952 -0.262314 0.05 11604.5
0 1361 6 phononTS 0.000584468 3.24909 0.0723129 0.049999 432.845 0.00034743 1 0.0340987 -0.251146 0.05 75739.4
0 1394 5 phononTS 0.00165608 4.09949 -2.58272 0.015079 80611.9 0.00034743 1 -0.00889705 -0.199041 0.05 103248
0 1394 8 phononTF 0.00119415 -0.00889705 -0.199041 0.049999 103248 0.00069486 1 -0.0536111 -0.120149 0.05 103315
0 1400 4 phononL 0.00183308 3.43538 -1.0525 -0.0132342 2116.56 0.00069486 1 -0.0379044 -0.152724 0.05 68077.9
0 1408 3 phononTS 0.00209592 1.86854 0.0249457 -0.00982091 18451.9 0.00069486 1 0.0695095 -0.273554 0.05 30091.3
0 1463 5 phononTS 0.000556455 3.15462 0.0766494 0.049999 201.392 0.00034743 1 0.037573 -0.227965 0.05 29968.4
0 1517 2 phononTF 0.00191446 3.60753 -0.385303 -0.042506 236.756 0.00034743 1 -0.0200789 -0.201888 0.05 27450.3
0 1559 3 phononTS 0.00201753 3.44517 -0.366361 0.0439326 792.724 0.00069486 1 -0.0340108 -0.29251 0.05 4750.97
0 1590 3 phononTF 0.000638055 3.12976 0.036653 0.049999 587.274 0.00034743 1 -0.0110904 -0.190105 0.05 49950
0 1613 4 phononL 0.00167094 2.83985 -1.70258 0.0192442 35036 0.00034743 1 -0.0756905 -0.193075 0.05 41161.6
0 1620 4 phononTS 0.0018511 -2.64736 1.09087 0.0245843 35548 0.00034743 1 0.0380143 -0.296682 0.05 73402.6
0 1705 2 phononTS 0.00220415 3.23443 -0.309423 -0.0499183 42.6778 0.00034743 1 -0.0300825 -0.106161 0.05 8074.98
0 1705 5 phononL 0.000375025 -0.0300825 -0.106161 0.049998 8074.98 0.00034743 1 0.0727488 -0.180422 0.05 9131.32
0 1709 3 phononTS 0.00198717 2.13245 -1.05663 -0.0193229 5960.12 0.00069486 1 0.0671587 -0.286132 0.05 24773.4
0 1709 4 phononTF 0.000891025 0.0671587 -0.286132 0.049998 24773.4 0.00034743 1 -0.080773 -0.283157 0.05 24917.2
0 1712 3 phononTF 0.00281305 2.28996 -0.84178 0.0394558 1818.3 0.00034743 1 -0.0359033 -0.270639 0.05 10149.1
0 1712 5 phononTF 0.00187467 -0.0359033 -0.270639 0.049999 10149.1 0.00034743 1 -0.0771851 -0.23763 0.05 10301.8
0 1712 16 phononTF 0.000467587 -0.0771851 -0.23763 0.049999 10301.8 0.00034743 1 -0.0449013 -0.241882 0.05 10449.6
0 1735 2 phononTF 0.00247631 3.26973 -0.55201 0.0302414 4590.02 0.00069486 1 0.0545785 -0.189566 0.05 21665.8
0 1735 6 phononTS 0.000558093 0.0545785 -0.189566 0.049999 21665.8 0.00034743 1 0.0380203 -0.168839 0.05 21725.4
0 1737 3 phononTS 0.00234644 3.11242 -0.0975728 0.0317901 53.0743 0.00034743 1 -0.0374494 -0.127826 0.05 9738.94
0 1762 2 phononTS 0.00189191 3.33234 -0.451277 0.00155476 777.883 0.00034743 1 -0.10723 -0.16756 0.05 11685
0 1839 3 phononTS 0.00174423 1.20703 2.00254 -0.0258477 7428.24 0.00034743 1 0.0280357 -0.110964 0.05 37238.8
0 1849 2 phononTF 0.00287802 2.94753 -4.68991 0.0240673 14555.7 0.00104229 1 -0.0256408 -0.202388 0.05 62064.1
0 1882 5 phononTF 0.000710687 3.25076 0.0871368 0.049999 1527.88 0.00034743 1 -0.0211869 -0.150305 0.05 16511.2
0 1915 2 phononTF 0.00104916 3.84544 0.555731 -0.0407792 3584.83 0.00034743 1 0.0313378 -0.183085 0.05 29659.4
0 1973 2 phononTF 0.00185659 4.17404 -0.815438 0.0361851 1839.92 0.00034743 1 -0.0820801 -0.147151 0.05 7727.94
0 2016 2 phononTS 0.000783556 3.06395 -2.08805 0.0423222 9349.11 0.00034743 1 -0.0419988 -0.205457 0.05 24690
0 2029 3 phononTF 0.00189128 2.86427 -0.623076 -0.00364791 874.496 0.00069486 1 -0.0585012 -0.122328 0.05 4048.24
0 2040 3 phononTF 0.000426986 2.50737 0.0159684 0.049999 1325.07 0.00034743 1 -0.0758361 -0.134711 0.05 18040.8
0 2088 2 phononTS 0.00229161 2.54519 -1.99669 -0.0303418 14365.9 0.00104229 1 0.0809257 -0.168685 0.05 30016.1
0 2138 2 phononTS 0.00187776 4.55024 -2.76506 -0.0375398 20651.5 0.00104229 1 -0.0766777 -0.280008 0.05 35976.1
0 2166 3 phononL 0.00206121 3.02704 -0.105465 0.0479228 111.347 0.00104229 1 0.0744302 -0.202541 0.05 8304.8
0 2207 3 phononTF 0.000597673 3.37896 0.0969621 0.049999 359.069 0.00034743 1 -0.0425069 -0.191947 0.05 58751.7
0 2334 3 phononTF 0.00233655 3.3422 -0.44922 0.0322409 58.8721 0.00034743 1 0.078838 -0.118418 0.05 34255.7
0 2386 3 phononTF 0.0019854 4.01214 -1.62526 -0.0335726 6545.07 0.00034743 1 0.0800334 -0.215945 0.05 41279.5
0 2386 6 phononTS 0.000549951 0.0800334 -0.215945 0.049999 41279.5 0.00034743 1 -0.0753974 -0.193636 0.05 43604.1
0 2386 4 phononTF 0.00106666 0.0800334 -0.215945 0.049999 41279.5 0.00034743 1 0.0830623 -0.141773 0.05 41547
0 2463 4 phononTF 0.000820777 2.4585 0.0365553 0.049999 2163.24 0.00034743 1 0.0602919 -0.204373 0.05 6100.35
0 2489 4 phononTF 0.000405072 3.44889 0.0225579 0.049998 2516.73 0.00034743 1 -0.113354 -0.162675 0.05 56882.4
0 2543 3 phononTS 0.00253606 2.82358 -0.376744 0.0357739 2452.04 0.00034743 1 -0.0386485 -0.218807 0.05 22623.4
0 2551 3 phononTS 0.00171573 3.47766 -1.56445 -0.0423581 6574.8 0.00034743 1 0.0792838 -0.145263 0.05 126362
0 2619 3 phononTS 0.000448827 3.35115 0.0586617 0.049999 5528.2 0.00034743 1 -0.0762478 -0.149069 0.05 16521
0 2622 4 phononTF 0.000806221 2.00989 0.0155934 0.049999 3603.68 0.00034743 1 0.0553134 -0.289341 0.05 6084.81
0 2695 4 phononTS 0.000479965 3.58497 0.000213245 0.049999 427.253 0.00034743 1 0.0411269 -0.100291 0.05 50291.8
0 2708 4 phononTF 0.00040955 4.94694 0.0603802 0.049999 7606.68 0.00034743 1 -0.0635907 -0.244805 0.05 48350.9
0 2714 5 phononTS 0.000659444 1.54592 0.0452858 0.049999 8303.1 0.00034743 1 0.0439996 -0.219894 0.05 9035.48
0 2749 3 phononTS 0.00138842 2.74441 -1.47822 0.0490711 4286.44 0.00069486 1 -0.030361 -0.122256 0.05 23424
0 2761 2 phononTF 0.00198503 3.92523 -0.217726 0.00248958 1707.26 0.00034743 1 -0.0275066 -0.270421 0.05 18073
0 2766 2 phononTF 0.000830375 2.60637 0.00723235 0.049999 551.396 0.00069486 1 -0.102893 -0.229151 0.05 13691.1
0 2781 5 phononTF 0.00150728 1.92285 4.48327 0.00205127 36814.3 0.00034743 1 -0.0256251 -0.132477 0.05 82179.9
0 2781 6 phononL 0.000853372 -0.0256251 -0.132477 0.049999 82179.9 0.00034743 1 0.0143946 -0.186859 0.05 82494.6
0 2800 3 phononTS 0.00120943 2.21466 -0.556834 0.0192601 2161.43 0.00034743 1 -0.0887917 -0.199908 0.05 3131.88
0 2819 3 phononTS 0.000356864 3.46025 0.0578946 0.049999 911.208 0.00034743 1 -0.0210249 -0.216687 0.05 59177.1
0 2859 2 phononL 0.000363538 3.07541 0.0383046 0.049999 1138.4 0.00034743 1 -0.115954 -0.210716 0.05 18089.9
0 2864 5 phononTF 0.000620753 3.38161 0.0312193 0.049999 1861.15 0.00034743 1 0.0599148 -0.273479 0.05 4934.93
0 2899 3 phononTF 0.00161213 3.64955 -0.807604 0.0042727 2289.22 0.00034743 1 -0.0242454 -0.278108 0.05 34140.5
0 2906 3 phononL 0.000494768 3.73027 0.058501 0.049999 822.679 0.00034743 1 -0.0591902 -0.232452 0.05 7701.16
0 2910 4 phononTF 0.000469588 3.43233 -0.00690624 0.049998 108.775 0.00034743 1 -0.036333 -0.244477 0.05 110643
0 2916 3 phononTF 0.00215036 2.47642 -0.295887 0.0436715 1411 0.00034743 1 -0.073436 -0.263198 0.05 9223.22
0 2922 5 phononTS 0.000906677 4.60737 -0.919632 -0.0382693 7516.41 0.00069486 1 -0.0465389 -0.214491 0.05 36425.9
0 2947 2 phononTF 0.00263146 -0.458162 -0.3328 -0.026479 14646.4 0.00104229 1 -0.0934296 -0.267611 0.05 33163
0 2952 2 phononL 0.00226282 3.30977 -3.16681 -0.0327094 9081.88 0.00034743 1 0.0533226 -0.271902 0.05 29474.3
0 2996 2 phononTS 0.00140796 3.62502 -0.455154 -0.0406936 895.464 0.00034743 1 0.0191512 -0.186871 0.05 40485.1
0 3015 3 phononTF 0.000758402 3.46288 0.061214 0.049999 498.646 0.00034743 1 0.0749295 -0.169801 0.05 85730.8
0 3026 4 phononL 0.000788643 2.10086 0.104365 0.049999 1387.03 0.00034743 1 0.0368898 -0.145011 0.05 13238.1
0 3031 3 phononTF 0.00118908 3.30905 -0.1717 -0.0432224 21.1122 0.00069486 1 -0.0353718 -0.212482 0.05 23055.9
0 3051 2 phononTS 0.00177075 2.88765 0.692714 0.0454751 1932.77 0.00034743 1 -0.0492722 -0.159543 0.05 36850.6
0 3051 4 phononTS 0.00121873 -0.0492722 -0.159543 0.049999 36850.6 0.00034743 1 0.0200539 -0.171121 0.05 37030.4
0 3051 11 phononTF 0.000409302 0.0200539 -0.171121 0.049999 37030.4 0.00034743 1 0.0369254 -0.291654 0.05 37099.5
0 3069 3 phononTF 0.00124159 3.33814 -0.204853 0.0339485 49.2293 0.00034743 1 0.0311557 -0.151311 0.05 43583.3
0 3069 2 phononTF 0.00275841 3.33814 -0.204853 0.0339485 49.2293 0.00034743 1 0.0817893 -0.254567 0.05 13470.5
0 3069 12 phononTS 0.00202519 0.0817893 -0.254567 0.049999 13470.5 0.00069486 1 0.0481234 -0.142806 0.05 14007
0 3091 3 phononTF 0.00090122 3.14604 0.0223512 0.049999 3121.22 0.00034743 1 -0.0555448 -0.225904 0.05 65085.2
0 3092 3 phononTS 0.000744153 3.32344 0.024038 0.049999 557.945 0.00034743 1 -0.0683187 -0.173289 0.05 8251.99
0 3094 3 phononTF 0.00160058 4.0602 -0.173412 0.0208854 5464.05 0.00034743 1 0.0397821 -0.123771 0.05 79029.4
0 3129 3 phononTS 0.00201548 4.88329 -1.00943 0.0228113 11373.6 0.00034743 1 0.108511 -0.223195 0.05 38543.6
0 3129 6 phononTF 0.00139408 0.108511 -0.223195 0.049999 38543.6 0.00034743 1 0.0827743 -0.166547 0.05 38605.1
0 3129 2 phononL 0.00198452 4.88329 -1.00943 0.0228113 11373.6 0.00104229 1 -0.0270427 -0.268462 0.05 19393.8
0 3155 4 phononTS 0.00144176 2.42833 -0.951899 -0.0381619 8394.92 0.00034743 1 0.0423882 -0.297714 0.05 47068.8
0 3160 4 phononTF 0.00117519 3.39273 2.52154 -0.0181832 30121.1 0.00034743 1 -0.0638269 -0.262559 0.05 64557.9
0 3174 3 phononTS 0.000626669 3.3362 0.0686063 0.049999 1581.91 0.00034743 1 -0.114587 -0.231046 0.05 26161.6
0 3197 2 phononTF 0.00224809 2.89886 -2.07762 -0.042266 7543.44 0.00104229 1 -0.052636 -0.208486 0.05 36088.7
0 3219 2 phononTS 0.00110766 2.67404 -1.24793 -0.0154536 4951.49 0.00034743 1 -0.0936675 -0.268785 0.05 76432.8
0 3219 6 phononTF 0.000605468 -0.0936675 -0.268785 0.049999 76432.8 0.00034743 1 0.0835784 -0.211254 0.05 76708.4
0 3220 3 phononL 0.00221612 4.15183 -0.678019 0.0495719 7918.57 0.00034743 1 -0.0416677 -0.130038 0.05 48582.1
0 3220 5 phononTS 0.000656191 -0.0416677 -0.130038 0.049999 48582.1 0.00034743 1 -0.0583509 -0.184572 0.05 48651.2
0 3220 4 phononTF 0.000671093 -0.0416677 -0.130038 0.049999 48582.1 0.00034743 1 0.0479692 -0.129865 0.05 48645.3
0 3242 2 phononL 0.00289968 2.81102 0.407177 -0.0408188 1629.01 0.00138972 1 -0.0613245 -0.281725 0.05 10855
0 3242 4 phononTS 0.000428634 -0.0613245 -0.281725 0.049999 10855 0.00034743 1 -0.0635239 -0.20171 0.05 10929.4
0 3244 3 phononL 0.00211163 3.78412 0.0384333 0.0172975 558.293 0.00034743 1 0.0693529 -0.221097 0.05 7834.32
0 3311 2 phononTS 0.00173696 3.38838 0.275834 -0.0168418 563.908 0.00069486 1 -0.0668213 -0.224979 0.05 2200.61
0 3361 3 phononL 0.00169079 3.46406 -1.15243 0.0374441 3357.03 0.00034743 1 0.0614633 -0.247906 0.05 23142.4
0 3376 3 phononTS 0.000792358 3.28711 0.0145225 0.049999 334.45 0.00034743 1 0.0456008 -0.255942 0.05 6264.75
0 3396 1 phononTS 0.004 3.25 -0.25 0 0 0.00069486 1 -0.0872524 -0.243787 0.05 10397.2
0 3396 6 phononTF 0.000361419 -0.0872524 -0.243787 0.049999 10397.2 0.00034743 1 -0.0250327 -0.17275 0.05 10757.2
0 3437 5 phononTS 0.000705475 -1.37209 -1.37559 0.0122508 44280.8 0.00034743 1 0.0104773 -0.20625 0.05 51269.2
0 3461 4 phononTS 0.00142373 4.30626 0.685418 0.0262446 19375.8 0.00034743 1 -0.0817976 -0.270323 0.05 28214.8
0 3461 7 phononTF 0.000510543 -0.0817976 -0.270323 0.049999 28214.8 0.00034743 1 -0.0588917 -0.261143 0.05 28683.2
0 3479 2 phononTS 0.000359796 3.11533 0.0553989 0.049998 512.313 0.00034743 1 0.0459929 -0.134938 0.05 94693.6
0 3493 2 phononTF 0.00149526 3.05477 0.774357 -0.00916436 2038.84 0.00034743 1 0.0253733 -0.245242 0.05 27295.6
0 3521 2 phononTF 0.00249014 2.94697 -0.266909 -0.0440557 845.947 0.00069486 1 0.0130926 -0.219116 0.05 14306
0 3526 3 phononL 0.00291819 2.90038 -1.92598 -0.0110473 4354.43 0.00034743 1 -0.0787957 -0.269835 0.05 22206
0 3526 4 phononTF 0.00110681 -0.0787957 -0.269835 0.049999 22206 0.00069486 1 -0.0889925 -0.272446 0.05 22215
0 3551 5 phononL 0.00150749 -4.13406 4.52109 -0.000586554 56124.8 0.00034743 1 0.0564982 -0.239476 0.05 78072.4
0 3583 3 phononTF 0.00239621 3.16361 -0.892559 -0.0364622 1044.72 0.00034743 1 -0.0899479 -0.181441 0.05 14566
0 3771 3 phononL 0.00223582 3.67471 -0.0320886 0.0433352 410.857 0.00069486 1 0.0380275 -0.282227 0.05 26155.9
0 3780 2 phononTS 0.00280471 3.25114 -0.237443 -0.00420016 261.238 0.00069486 1 0.0855856 -0.13326 0.05 74150.4
0 3793 4 phononTS 0.000527826 3.32564 0.0721427 0.049999 807.605 0.00034743 1 -0.0363987 -0.124701 0.05 3382.22
0 3863 4 phononTS 0.000844869 3.06133 0.0372434 0.049998 1329.21 0.00034743 1 0.0752967 -0.121284 0.05 49176.7
0 3881 2 phononTS 0.00151143 4.05473 0.647021 0.0225128 2120.49 0.00034743 1 -0.0965316 -0.237659 0.05 17259.3
0 3897 3 phononTF 0.00175233 3.20206 -0.766765 0.0495925 259.027 0.00034743 1 0.0575896 -0.171754 0.05 21935.5
0 3897 6 phononTS 0.0008784 0.0575896 -0.171754 0.049999 21935.5 0.00034743 1 0.0429831 -0.19328 0.05 21997.7
0 3921 2 phononTS 0.00172 3.87815 -0.0469266 -0.0244756 1286.55 0.00069486 1 0.0793001 -0.185198 0.05 24512.7
0 3921 4 phononL 0.00074396 0.0793001 -0.185198 0.049999 24512.7 0.00034743 1 -0.0436242 -0.262539 0.05 24975.1
0 3928 3 phononTS 0.00220284 1.31062 0.114659 -0.018743 3366.6 0.00034743 1 -0.105862 -0.22857 0.05 13254.9
0 3928 4 phononTS 0.000715079 -0.105862 -0.22857 0.049998 13254.9 0.00034743 1 0.0429532 -0.273297 0.05 14846.1
0 4006 3 phononTS 0.00216124 2.92564 -0.203139 0.0184621 635.278 0.00034743 1 0.0923978 -0.152725 0.05 17354.2
0 4053 2 phononTS 0.00234933 2.20931 -2.59272 -0.0230927 6932.92 0.00138972 1 -0.0493561 -0.202858 0.05 35260.4
0 4108 2 phononTS 0.00200739 3.29764 0.167973 0.0384973 1946.69 0.00069486 1 -0.119544 -0.190543 0.05 78316.3
0 4176 3 phononTF 0.00198529 4.00587 -1.18246 -0.0359055 4560.17 0.00034743 1 -0.0585781 -0.156695 0.05 26107.6
0 4219 2 phononTS 0.0022302 3.3883 -1.7761 0.0275007 8197.74 0.00069486 1 0.0593153 -0.176315 0.05 44543.1
0 4219 11 phononTS 0.000670479 0.0593153 -0.176315 0.049999 44543.1 0.00034743 1 0.0283827 -0.269793 0.05 46003.7
0 4261 5 phononTS 0.000605459 3.24736 0.105692 0.049999 1308.78 0.00034743 1 0.0852206 -0.173924 0.05 58913.3
0 4264 5 phononTS 0.00247476 2.46506 -0.154788 0.00924104 15659.7 0.00069486 1 0.0648469 -0.125412 0.05 18441
0 4319 3 phononL 0.00271212 3.23298 -0.235931 -0.0218869 128.243 0.00069486 1 -0.105203 -0.241506 0.05 14230.6
0 4337 2 phononL 0.00205968 4.22586 1.62869 0.0286221 5157.26 0.00069486 1 0.0734501 -0.165919 0.05 24148.6
0 4369 2 phononTS 0.000394052 3.2192 0.0498931 0.049999 935.755 0.00034743 1 0.0822548 -0.26168 0.05 7179.78
0 4412 2 phononTS 0.00221509 3.26414 -0.288023 0.0298661 9.38873 0.00069486 1 0.0654013 -0.227102 0.05 22677.5
0 4441 2 phononTF 0.00199464 3.18826 -0.61975 -0.0484672 3554.04 0.00069486 1 -0.040261 -0.220361 0.05 15726.8
0 4454 5 phononTS 0.00154519 4.38185 -3.36865 0.04243 12671.6 0.00034743 1 -0.101317 -0.188846 0.05 68383.6
0 4469 5 phononTS 0.00152153 0.203284 -0.29628 0.0458272 19779.3 0.00034743 1 -0.0360806 -0.222288 0.05 19895.8
0 4567 2 phononTS 0.0018102 3.3941 -0.592941 0.00684638 472.556 0.00034743 1 -0.106202 -0.222458 0.05 19358.1
0 4628 3 phononTF 0.000905607 2.46123 0.0408918 0.049999 1304.36 0.00034743 1 -0.068197 -0.123728 0.05 15702.4
0 4689 4 phononTS 0.000524427 3.59118 0.0358805 0.049999 2759.69 0.00034743 1 0.0628263 -0.202819 0.05 21560.7
0 4693 4 phononL 0.000896591 3.0861 0.0739399 0.049999 4773.29 0.00034743 1 -0.0139624 -0.182559 0.05 35363.7
0 4769 3 phononTS 0.00173924 2.75281 -0.147136 0.0478624 787.69 0.00069486 1 0.0270386 -0.284987 0.05 17371.7
0 4769 4 phononTF 0.000590809 0.0270386 -0.284987 0.049999 17371.7 0.00034743 1 0.0580167 -0.213446 0.05 17436.3
0 4855 3 phononTF 0.00151759 2.79147 0.318152 -0.0131556 6625.51 0.00034743 1 -0.0577246 -0.231169 0.05 40395.2
0 4896 5 phononTS 0.00162817 2.66825 -2.79899 -0.0072956 21932.4 0.00034743 1 -0.0731643 -0.143359 0.05 29645.4
0 4900 4 phononTS 0.000821656 3.1744 -0.00840875 0.049999 176.135 0.00034743 1 0.0795082 -0.1716 0.05 36603.5
0 4935 1 phononTF 0.004 3.25 -0.25 0 0 0.00034743 1 -0.0378694 -0.125682 0.05 9242.08
0 4981 6 phononL 0.000437856 2.74455 0.094292 0.049999 2528.43 0.00034743 1 -0.0500786 -0.225725 0.05 15842.7
0 4989 2 phononTS 0.00207104 2.61762 0.315235 0.0459595 937.803 0.00034743 1 0.0503479 -0.261474 0.05 51387.9
