Run ID,Event ID,Track ID,Particle Name,Start Energy [eV],Start X [mm],Start Y [mm],Start Z [mm],Start Time [ns],Energy Deposited [eV],Track Weight,End X [mm],End Y [mm],End Z [mm],Final Time [ns],Volume Name
0 37 2 phononL 0.00156428 4.78043 -4.11098 -0.0353823 11231.4 0.00034743 1 0.0480099 -0.13494 0.05 13509.2
0 49 3 phononTF 0.00242499 4.6529 -4.34286 0.00508356 528.427 0.00034743 1 -0.0790214 -0.131892 0.05 13228.7
0 52 5 phononTF 0.00159498 4.48083 -3.98442 -0.0325286 27500.9 0.00034743 1 -0.0236946 -0.130355 0.05 57566.6
0 60 3 phononTF 0.00187228 3.35846 -4.96225 -0.00165273 3543.45 0.00034743 1 -0.0444883 -0.29138 0.05 67235.7
0 60 5 phononTS 0.00075896 -0.0444883 -0.29138 0.049999 67235.7 0.00034743 1 0.108606 -0.190021 0.05 67333.9
0 65 5 phononTS 0.00170663 4.91032 -3.66172 -0.0258282 9579.4 0.00069486 1 0.0627531 -0.226625 0.05 31545.8
0 87 3 phononTS 0.00189963 4.13864 -4.31977 -0.0235586 2751.07 0.00069486 1 0.0911956 -0.141026 0.05 61809.7
0 110 4 phononTF 0.00106696 3.27681 -4.94079 0.010016 14364.3 0.00034743 1 -0.0922593 -0.198828 0.05 23475.4
0 173 2 phononTF 0.00235123 3.93343 -3.63273 0.0497618 7400.47 0.00034743 1 -0.0207935 -0.211775 0.05 73792
0 190 2 phononTF 0.00178044 2.66929 -3.19498 0.0318358 11816.5 0.00034743 1 -0.0505119 -0.171935 0.05 56114.3
0 192 3 phononL 0.00205325 4.80344 -4.5958 -0.0150115 2566.6 0.00104229 1 -0.0459967 -0.233668 0.05 19345.8
0 207 2 phononL 0.000960895 4.73451 -4.2455 -0.0071415 3.41396 0.00034743 1 0.0983371 -0.23455 0.05 20135.9
0 298 3 phononL 0.00144347 4.98922 -3.14258 -0.00891341 5746.03 0.00034743 1 -0.0669489 -0.19189 0.05 53541.9
0 347 3 phononL 0.0023322 3.96109 -3.9651 -0.0238363 2683.19 0.00034743 1 0.0643415 -0.262372 0.05 7338.96
0 347 6 phononTF 0.00100032 0.0643415 -0.262372 0.049999 7338.96 0.00034743 1 0.0846165 -0.184456 0.05 7403.34
0 355 2 phononTS 0.00141122 4.80579 -4.5305 0.00149366 8902.39 0.00034743 1 -0.0306372 -0.121908 0.05 15766.6
0 367 3 phononTS 0.00292113 4.81652 -4.72276 -0.00668063 10213.4 0.00069486 1 0.0868327 -0.17319 0.05 60513.6
0 374 2 phononTS 0.00202199 3.93918 -4.72081 -0.010948 12416 0.00034743 1 -0.0841216 -0.192767 0.05 32681.9
0 391 3 phononTF 0.00178492 4.79617 -4.31045 -0.0460922 16.2807 0.00034743 1 0.106938 -0.203733 0.05 124871
0 425 3 phononTS 0.00127917 4.73998 -4.24256 0.00314588 2.41261 0.00034743 1 -0.0721383 -0.127523 0.05 81269.6
0 425 5 phononTS 0.000400248 -0.0721383 -0.127523 0.049999 81269.6 0.00034743 1 -0.0282714 -0.180489 0.05 81708.5
0 493 3 phononTS 0.002631 4.89154 -4.30459 -0.0229381 1982.03 0.00034743 1 0.0962659 -0.174765 0.05 44563.2
0 493 4 phononTS 0.00183154 0.0962659 -0.174765 0.049999 44563.2 0.00069486 1 -0.0313208 -0.0930771 0.05 44704.8
0 493 14 phononTF 0.000374772 -0.0313208 -0.0930771 0.049999 44704.8 0.00034743 1 -0.0248411 -0.221692 0.05 44850
0 509 4 phononL 0.00123705 4.69745 -3.17729 0.0293646 9644.92 0.00034743 1 -0.0461182 -0.169344 0.05 66112.2
0 537 3 phononTF 0.00268528 4.67099 -4.89148 0.0491088 2026.55 0.00069486 1 0.0766912 -0.2556 0.05 30441.9
0 537 8 phononL 0.00110861 0.0766912 -0.2556 0.049999 30441.9 0.00034743 1 -0.0625024 -0.134106 0.05 30493.8
0 537 15 phononTS 0.000424204 -0.0625024 -0.134106 0.049999 30493.8 0.00034743 1 -0.0372742 -0.166933 0.05 30559
0 558 3 phononTS 0.00209294 4.77105 -4.63407 -0.0329927 2806.64 0.00069486 1 0.0206705 -0.231023 0.05 15903
0 558 8 phononTF 0.000380197 0.0206705 -0.231023 0.049999 15903 0.00034743 1 0.0269432 -0.244979 0.05 15966.8
0 560 4 phononTF 0.000746845 -3.22015 4.84031 -0.0364426 81813.7 0.00034743 1 -0.06082 -0.175156 0.05 89258.8
0 583 5 phononTF 0.00179334 2.61698 -2.30323 0.0128118 11068.1 0.00034743 1 0.0215939 -0.158117 0.05 19882.5
0 583 4 phononTS 0.00125769 2.61698 -2.30323 0.0128118 11068.1 0.00069486 1 -0.0303466 -0.197251 0.05 41214.8
0 584 2 phononTF 0.00200401 4.99806 -4.55771 0.039657 1881.75 0.00034743 1 -0.0816107 -0.201588 0.05 32641.1
0 584 5 phononTS 0.000947653 -0.0816107 -0.201588 0.049999 32641.1 0.00034743 1 -0.0465994 -0.281884 0.05 33167.2
0 604 2 phononTS 0.00200307 4.55074 -4.43672 -0.0201925 495.401 0.00069486 1 0.0332412 -0.115941 0.05 58226.7
0 614 3 phononTF 0.0020197 4.19493 -0.602377 0.00512697 12466.4 0.00104229 1 -0.0807481 -0.16485 0.05 24168.2
0 635 2 phononTF 0.00176677 4.83455 -3.67873 -0.0231431 950.708 0.00034743 1 0.0241135 -0.166927 0.05 31311.9
0 638 3 phononTF 0.00260991 4.68674 -4.36163 -0.0258765 3003.27 0.00069486 1 0.0740192 -0.236523 0.05 72219.9
0 638 4 phononTS 0.000405255 0.0740192 -0.236523 0.049999 72219.9 0.00034743 1 0.0934321 -0.254979 0.05 72280.6
0 659 3 phononTS 0.00272051 4.61166 -4.36879 -0.0137102 16628 0.00069486 1 -0.117105 -0.205303 0.05 36847.2
0 659 4 phononTF 0.0017797 -0.117105 -0.205303 0.049999 36847.2 0.00034743 1 -0.120595 -0.204749 0.05 36907.2
0 659 14 phononTS 0.00140035 -0.120595 -0.204749 0.049999 36907.2 0.00069486 1 -0.0246419 -0.132839 0.05 37051.2
0 663 2 phononTF 0.00227932 3.15356 -4.21344 -0.0353632 7355.98 0.00069486 1 -0.11178 -0.249199 0.05 30280.2
0 684 4 phononTS 0.00114275 0.113886 0.481344 0.00917361 20285.1 0.00034743 1 -0.0929303 -0.24329 0.05 21007.2
0 721 5 phononTF 0.000999903 3.50441 -3.57979 -0.00371387 19109.4 0.00069486 1 0.0428149 -0.300262 0.05 81314.8
0 754 2 phononTS 0.00198295 4.43192 -4.58515 -0.0453754 4838.77 0.00034743 1 -0.0360499 -0.255142 0.05 64892.4
0 754 4 phononTS 0.000886924 -0.0360499 -0.255142 0.049999 64892.4 0.00034743 1 0.0181205 -0.229778 0.05 65238.4
0 768 2 phononTF 0.0019293 3.43118 -3.72011 0.00997734 2456.38 0.00069486 1 0.0193308 -0.170977 0.05 24993.3
0 806 2 phononTF 0.00250803 4.98809 -4.41609 0.00313939 2264.47 0.00034743 1 0.0718036 -0.209086 0.05 7533.36
0 809 5 phononTS 0.00129665 4.94042 -3.78189 -0.018896 8058.44 0.00034743 1 -0.0554548 -0.23514 0.05 16127.7
0 819 5 phononL 0.000744847 4.01671 -3.07389 -0.0438003 4545.02 0.00034743 1 -0.0474438 -0.210121 0.05 21231.6
0 858 3 phononL 0.00257186 2.90608 -4.29919 0.00986638 2219.21 0.00069486 1 -0.109774 -0.180074 0.05 25275
0 859 4 phononTS 0.0012833 3.41222 -4.73165 -0.00500006 8011.85 0.00034743 1 -0.0307879 -0.193715 0.05 42895.7
0 875 4 phononTS 0.000428235 4.60837 2.60496 0.0396072 40460 0.00034743 1 0.0767063 -0.182595 0.05 77809.6
0 931 2 phononTS 0.00196411 4.58603 -4.44145 0.0483197 5737.56 0.00034743 1 0.0729365 -0.127193 0.05 24333.9
0 931 4 phononTF 0.000756174 0.0729365 -0.127193 0.049999 24333.9 0.00034743 1 0.0896777 -0.125805 0.05 24418
0 931 11 phononL 0.0003612 0.0896777 -0.125805 0.049999 24418 0.00034743 1 -0.0877774 -0.166696 0.05 24526.7
0 1022 2 phononL 0.00169895 4.76514 -4.19607 -0.022662 546.3 0.00034743 1 -0.0503899 -0.267706 0.05 12334
0 1077 2 phononTS 0.00199245 4.62123 -4.40526 -0.00676266 12714.2 0.00069486 1 -0.0701712 -0.248526 0.05 33333
0 1090 4 phononTF 0.000950709 0.0521746 -3.94905 -0.0145608 13640.5 0.00034743 1 0.0602204 -0.240798 0.05 76774.3
0 1093 5 phononTF 0.00164652 3.73745 -4.59048 -0.0389935 7482.73 0.00034743 1 -0.0337293 -0.101645 0.05 100930
0 1093 7 phononTS 0.000658735 -0.0337293 -0.101645 0.049999 100930 0.00034743 1 -0.0906997 -0.237026 0.05 101127
0 1121 4 phononTS 0.00153589 3.47332 -3.81352 0.0258283 88967.5 0.00034743 1 -0.0308284 -0.251529 0.05 135035
0 1121 6 phononL 0.000830402 -0.0308284 -0.251529 0.049999 135035 0.00069486 1 -0.0662626 -0.224481 0.05 135095
0 1128 3 phononTS 0.00248454 4.93897 -4.17314 0.0156638 515.951 0.00104229 1 0.107446 -0.149965 0.05 44860.2
0 1166 2 phononTS 0.00189441 4.30344 -3.93192 -0.043837 2559.99 0.00034743 1 0.0181547 -0.224916 0.05 85712.5
0 1190 3 phononL 0.00194355 4.38102 -4.13313 -0.0434544 1230.7 0.00069486 1 -0.0813078 -0.244027 0.05 29224.4
0 1190 8 phononTF 0.000502797 -0.0813078 -0.244027 0.049999 29224.4 0.00034743 1 -0.0916479 -0.213888 0.05 29303.1
0 1190 5 phononTS 0.000362354 -0.0813078 -0.244027 0.049999 29224.4 0.00034743 1 -0.0665515 -0.213394 0.05 29650.2
0 1229 3 phononTS 0.00192498 3.6167 -3.56789 -0.0360471 12901 0.00069486 1 0.0657644 -0.252806 0.05 112949
0 1245 5 phononTF 0.00139911 1.65384 3.71042 -0.0444657 52587.3 0.00034743 1 -0.0961954 -0.152587 0.05 70278
0 1482 3 phononTS 0.00193175 4.41953 -3.97763 -0.000171765 2567.22 0.00069486 1 0.0378096 -0.109074 0.05 46521.2
0 1608 2 phononTS 0.00161356 4.9325 -2.80846 0.000188461 9122.31 0.00069486 1 0.0216586 -0.254825 0.05 29763.9
0 1608 6 phononL 0.000406547 0.0216586 -0.254825 0.049999 29763.9 0.00034743 1 0.061143 -0.172652 0.05 29813.2
0 1609 5 phononTS 0.0012368 -0.556887 4.32902 -0.0066834 14969.9 0.00034743 1 -0.0609541 -0.222195 0.05 51624.1
0 1614 6 phononTS 0.00164152 4.22809 -1.46893 0.0208646 33373.7 0.00034743 1 -0.101167 -0.211404 0.05 118444
0 1618 2 phononTS 0.0013144 4.68365 -4.37734 0.0307189 2060.5 0.00069486 1 0.0700343 -0.241301 0.05 25144.4
0 1619 2 phononL 0.00116585 2.40564 -0.967134 0.0234872 18790.5 0.00069486 1 0.075903 -0.263937 0.05 36576.8
0 1646 5 phononL 0.00152122 4.99357 -4.95362 -0.0290161 1844.21 0.00034743 1 0.0595817 -0.250034 0.05 37234.2
0 1646 6 phononTS 0.000644573 0.0595817 -0.250034 0.049999 37234.2 0.00034743 1 0.0727707 -0.245094 0.05 37292.8
0 1655 2 phononTS 0.00149766 3.51152 -3.62169 0.0186693 8664.24 0.00034743 1 -0.0759962 -0.261835 0.05 37731.1
0 1660 2 phononTF 0.00262039 4.26726 -3.90806 -0.0028307 1705.9 0.00104229 1 0.0709866 -0.195138 0.05 18978.8
0 1665 4 phononTF 0.00119528 -0.133465 -4.58442 0.0463969 15204.1 0.00069486 1 0.059307 -0.24406 0.05 114321
0 1687 2 phononTS 0.00145458 3.2796 -3.80996 0.0290811 8245.93 0.00069486 1 -0.0384721 -0.297465 0.05 43714.7
0 1711 2 phononL 0.00226921 4.66638 -4.67587 0.0149603 2315.03 0.00104229 1 0.0746206 -0.115617 0.05 10392.7
0 1786 3 phononL 0.00253789 3.6764 -3.34196 0.0333796 4116.51 0.00034743 1 -0.0527863 -0.271467 0.05 16246.2
0 1809 5 phononTS 0.00138325 0.253321 0.0579979 0.0315671 29771.7 0.00069486 1 0.0947455 -0.174368 0.05 34981.8
0 1812 4 phononTS 0.00119059 3.96297 -4.36324 0.0159899 5293.53 0.00069486 1 -0.0618745 -0.198467 0.05 17027.3
0 1841 3 phononTS 0.00185882 4.91377 -3.0511 -0.0233878 9297.7 0.00069486 1 0.0692894 -0.128877 0.05 66746.7
0 1843 2 phononTS 0.000792163 1.18413 -3.04958 -0.0143044 14014.8 0.00034743 1 -0.0681199 -0.160428 0.05 28432.9
0 1915 3 phononTS 0.00223207 1.73779 -4.41916 0.0134847 6652.19 0.00069486 1 -0.0296739 -0.135285 0.05 149808
0 1915 4 phononTS 0.000900437 -0.0296739 -0.135285 0.049999 149808 0.00034743 1 0.04047 -0.227658 0.05 152517
0 1932 2 phononTF 0.00180526 4.15367 -3.05831 0.0471444 4695.55 0.00034743 1 -0.0964061 -0.232099 0.05 29030.8
0 1942 3 phononTS 0.0015676 4.36232 -3.37773 -0.0180196 6633.2 0.00034743 1 0.0259438 -0.257602 0.05 19441.2
0 1942 6 phononTF 0.000768388 0.0259438 -0.257602 0.049999 19441.2 0.00034743 1 0.0390905 -0.271205 0.05 19499.2
0 1945 4 phononTF 0.000997476 4.4986 -4.43641 0.0214328 2810.33 0.00034743 1 -0.0442131 -0.132055 0.05 23885.1
0 2008 4 phononTF 0.00202584 4.70348 -3.81234 -0.0226696 4583.21 0.00034743 1 -0.108846 -0.202755 0.05 19786
0 2068 3 phononL 0.00147194 4.34068 -3.27448 0.0422625 2825.61 0.00069486 1 0.0198908 -0.169259 0.05 14215.9
0 2102 3 phononTF 0.00199827 3.57575 -4.53708 -0.00562743 9079.81 0.00034743 1 0.0892837 -0.124769 0.05 30264.9
0 2102 5 phononTF 0.0013179 0.0892837 -0.124769 0.049999 30264.9 0.00034743 1 0.0980637 -0.190149 0.05 30334.4
0 2102 12 phononTS 0.000415045 0.0980637 -0.190149 0.049999 30334.4 0.00034743 1 0.0954989 -0.251372 0.05 30939.6
0 2152 2 phononTF 0.0014711 4.18281 -2.7991 -0.00265042 29228.4 0.00034743 1 -0.0719556 -0.121502 0.05 37144.4
0 2190 3 phononTS 0.00204255 4.67786 -4.41113 0.0437643 2448.58 0.00069486 1 0.0361272 -0.305559 0.05 12702
0 2219 4 phononTF 0.000704492 -3.38654 -3.17092 -0.0235537 54390.6 0.00034743 1 0.0829968 -0.251966 0.05 78587.4
0 2314 2 phononTF 0.001849 3.75355 -4.4076 0.00942778 16975.3 0.00034743 1 0.0375663 -0.274153 0.05 30297.4
0 2323 3 phononTS 0.00179645 4.79962 -4.25489 0.0473988 1293.76 0.00069486 1 -0.0844923 -0.266161 0.05 46176.7
0 2323 5 phononTF 0.000530055 -0.0844923 -0.266161 0.049999 46176.7 0.00034743 1 -0.0524089 -0.269137 0.05 46286.5
0 2380 2 phononL 0.00187792 2.60396 -2.74713 0.0144395 11762.4 0.00069486 1 -0.0517344 -0.217736 0.05 35900.8
0 2385 4 phononL 0.00156857 4.32593 3.8514 0.0498727 37272.6 0.00034743 1 0.0571685 -0.136997 0.05 81133.7
0 2385 8 phononTS 0.000456777 0.0571685 -0.136997 0.049999 81133.7 0.00034743 1 0.0311619 -0.172223 0.05 81256.1
0 2397 2 phononTF 0.00151335 4.40554 -3.86858 -0.00235633 6182.04 0.00069486 1 0.047589 -0.183784 0.05 99851.6
0 2431 3 phononTS 0.00173608 2.65656 -4.15333 0.0262317 9466.2 0.00034743 1 0.0657929 -0.22018 0.05 13354
0 2437 2 phononTF 0.00233823 4.22494 -4.86466 0.00556411 7701.92 0.00069486 1 0.0435488 -0.194517 0.05 53172.9
0 2474 2 phononL 0.00186659 3.90871 -4.3851 -0.0104854 2791.09 0.00034743 1 0.0507526 -0.254002 0.05 84355.1
0 2483 3 phononTS 0.0028519 4.61615 -4.04548 0.0259803 217.081 0.00034743 1 0.0700334 -0.219036 0.05 24017.6
0 2483 4 phononL 0.00152429 0.0700334 -0.219036 0.049999 24017.6 0.00034743 1 0.0328813 -0.106355 0.05 24077.7
0 2483 14 phononTF 0.000606677 0.0328813 -0.106355 0.049999 24077.7 0.00034743 1 0.0414643 -0.188467 0.05 24223.1
0 2490 4 phononTF 0.00130601 1.43913 -3.62083 0.020278 2793.68 0.00069486 1 0.0604356 -0.28431 0.05 6897.49
0 2496 3 phononTF 0.00160758 4.63936 -3.89525 0.0145942 2040.44 0.00034743 1 -0.0513355 -0.18566 0.05 33514.7
0 2501 3 phononL 0.00221949 4.8063 -3.19126 0.0073804 3474.36 0.00138972 1 -0.0842871 -0.160975 0.05 60826.1
0 2511 5 phononTF 0.000355633 4.34058 0.0830602 0.049999 21753.5 0.00034743 1 -0.082126 -0.272543 0.05 35598.6
0 2526 2 phononTS 0.00129511 4.99539 -3.30357 -0.0497809 5901.61 0.00034743 1 -0.0930124 -0.243792 0.05 108128
0 2536 5 phononTF 0.00118813 -0.256868 -4.79687 -0.0388288 11085.1 0.00104229 1 -0.0962352 -0.212267 0.05 73291
0 2541 3 phononTS 0.00259741 3.43796 -4.28489 0.0295756 6885.69 0.00034743 1 -0.114503 -0.212979 0.05 28261.2
0 2541 6 phononTS 0.000877322 -0.114503 -0.212979 0.049999 28261.2 0.00034743 1 -0.0626168 -0.29133 0.05 28525.7
0 2549 4 phononTF 0.00160892 3.22658 -4.15301 -0.047312 7528.73 0.00034743 1 0.0468062 -0.217168 0.05 22185.7
0 2557 2 phononTF 0.00136019 4.19637 -3.81985 -0.00602278 977.146 0.00034743 1 -0.11539 -0.230128 0.05 36763.3
0 2563 3 phononTF 0.0018219 4.75498 -4.62783 0.0357762 2928.03 0.00069486 1 -0.0644931 -0.20382 0.05 12524.2
0 2563 4 phononTS 0.00074009 -0.0644931 -0.20382 0.049999 12524.2 0.00034743 1 -0.0311745 -0.256626 0.05 12591.9
0 2591 5 phononTF 0.00118278 4.64274 -0.0353001 -0.00778459 44669.6 0.00034743 1 0.0985807 -0.176546 0.05 54012.7
0 2596 3 phononTF 0.00187154 4.08491 -4.86677 -0.0328283 17942.3 0.00069486 1 -0.0695093 -0.205138 0.05 33294.5
0 2631 3 phononL 0.0017729 2.44223 -4.18166 0.0461428 17099.7 0.00034743 1 -0.0599214 -0.165302 0.05 54251.2
0 2631 6 phononTS 0.000559884 -0.0599214 -0.165302 0.049999 54251.2 0.00034743 1 -0.0364306 -0.191574 0.05 55668
0 2631 2 phononTS 0.0022271 2.44223 -4.18166 0.0461428 17099.7 0.00069486 1 0.0670198 -0.162276 0.05 46554.3
0 2726 2 phononTS 0.00171531 3.75268 -3.44448 0.0201502 3297.68 0.00034743 1 0.101234 -0.158256 0.05 7172.72
0 2799 2 phononTF 0.00195261 4.59444 -4.78098 -0.0323018 3016.1 0.00069486 1 0.0757175 -0.266815 0.05 5230
0 2825 3 phononTS 0.00161877 4.54404 -4.02805 -0.0318591 15469.7 0.00034743 1 -0.0380166 -0.165896 0.05 25881.6
0 2825 4 phononTF 0.000964594 -0.0380166 -0.165896 0.049999 25881.6 0.00034743 1 -0.0965749 -0.152524 0.05 26680.1
0 2862 5 phononTF 0.00160392 1.43755 -2.33533 0.0169594 31431.1 0.00034743 1 0.0464476 -0.105744 0.05 37388.1
0 2862 6 phononTF 0.000392478 0.0464476 -0.105744 0.049998 37388.1 0.00034743 1 -0.0553299 -0.266848 0.05 62677.6
0 2864 3 phononTS 0.0017247 4.42528 -4.44599 0.0483967 4380.65 0.00034743 1 -0.0463713 -0.170187 0.05 34515.9
0 2898 5 phononTS 0.00146419 -1.92553 -3.12154 0.0267805 68041.5 0.00034743 1 0.0430044 -0.155957 0.05 149213
0 2911 2 phononTS 0.00169697 4.75823 -4.2365 -0.0257719 5.79157 0.00069486 1 -0.0848959 -0.243953 0.05 7994.4
0 2911 6 phononTS 0.000446099 -0.0848959 -0.243953 0.049999 7994.4 0.00034743 1 -0.0958884 -0.236503 0.05 8052.3
0 2939 3 phononTS 0.0023138 3.96727 -2.76158 0.00787173 5367.72 0.00069486 1 -0.111707 -0.189987 0.05 22577.7
0 2939 4 phononTS 0.00075678 -0.111707 -0.189987 0.049999 22577.7 0.00034743 1 -0.110079 -0.209887 0.05 22637.4
0 3013 3 phononTS 0.00236976 4.73579 -4.70748 0.0482834 4251.99 0.00069486 1 0.112994 -0.216582 0.05 47749.5
0 3038 2 phononTF 0.00250885 4.20413 -3.59269 0.0384064 6743.33 0.00069486 1 -0.0646491 -0.14512 0.05 13619.5
0 3044 3 phononL 0.00270361 2.23339 -3.38989 0.0467271 13280.4 0.00034743 1 0.0810753 -0.166826 0.05 60313
0 3116 2 phononTS 0.00107284 4.95234 -3.99232 0.0333402 6388.73 0.00034743 1 0.0299042 -0.146392 0.05 16930.1
0 3121 2 phononL 0.00221329 3.66794 -3.70296 0.0340618 6472.53 0.00069486 1 -0.0596003 -0.144775 0.05 13694.1
0 3121 8 phononTS 0.000443914 -0.0596003 -0.144775 0.049999 13694.1 0.00034743 1 -0.0193055 -0.192546 0.05 13761.5
0 3124 3 phononTS 0.0022587 4.64162 -4.98091 0.0197551 1401.05 0.00069486 1 0.033473 -0.153536 0.05 24024.8
0 3144 5 phononL 0.00096814 4.56003 -3.25767 0.0433011 5171.79 0.00034743 1 0.0357885 -0.240897 0.05 18825.7
0 3169 4 phononTS 0.00118421 4.72045 -1.19472 -0.0203841 11984.9 0.00034743 1 -0.0236527 -0.152649 0.05 23752.3
0 3169 6 phononTS 0.000507531 -0.0236527 -0.152649 0.049999 23752.3 0.00034743 1 0.0656077 -0.167091 0.05 24197.2
0 3181 3 phononTS 0.00177127 3.84787 -4.56997 0.0175408 1915.1 0.00069486 1 0.0779167 -0.186931 0.05 17711.6
0 3181 5 phononTS 0.00044791 0.0779167 -0.186931 0.049999 17711.6 0.00034743 1 0.0859893 -0.155394 0.05 17936.7
0 3198 2 phononTS 0.00185714 4.84322 -4.87371 0.0287186 2195.71 0.00069486 1 0.0350509 -0.24117 0.05 15360.1
0 3198 4 phononTF 0.000429355 0.0350509 -0.24117 0.049999 15360.1 0.00034743 1 0.0396851 -0.0967088 0.05 15922.3
0 3237 4 phononTF 0.000960456 1.82728 3.8639 -0.0161533 61997.3 0.00034743 1 -0.104721 -0.15432 0.05 73287.1
0 3253 2 phononL 0.00191512 4.70621 -3.8509 0.0167133 543.762 0.00069486 1 0.0300781 -0.29887 0.05 37683.9
0 3254 2 phononTS 0.00214655 3.67037 -3.37408 -0.0211705 2669.91 0.00069486 1 0.033482 -0.286198 0.05 27760
0 3270 3 phononL 0.00120805 4.14977 -4.52631 -0.00604843 2058.34 0.00034743 1 0.0271076 -0.123829 0.05 27673.4
0 3276 5 phononTS 0.00151691 4.16655 -4.13187 -0.033566 7147.68 0.00034743 1 -0.0782028 -0.177969 0.05 19566.2
0 3276 7 phononTF 0.00102354 -0.0782028 -0.177969 0.049999 19566.2 0.00034743 1 -0.0627491 -0.12487 0.05 19704.6
0 3285 4 phononTS 0.00146434 1.84007 1.91768 -0.00794371 18194.7 0.00034743 1 0.0739304 -0.149117 0.05 20342.2
0 3316 2 phononTF 0.00272649 3.84119 -4.07106 0.043675 10102 0.00069486 1 0.0243678 -0.268152 0.05 27036.1
0 3316 9 phononTS 0.00113622 0.0243678 -0.268152 0.049999 27036.1 0.00069486 1 0.0485509 -0.220238 0.05 27100.4
0 3338 2 phononL 0.000731077 4.02888 -0.00745877 0.049999 12626.9 0.00034743 1 -0.0480039 -0.261097 0.05 93535.3
0 3360 3 phononTS 0.00164828 4.07043 -4.33778 -0.0499315 5453.05 0.00069486 1 0.0587616 -0.151289 0.05 43194.2
0 3381 2 phononTS 0.0018539 4.68109 -4.53754 0.0411183 1449.24 0.00069486 1 0.0989238 -0.135229 0.05 56791.3
0 3416 6 phononTS 0.00140218 4.91016 -3.63238 0.0124849 24503.2 0.00069486 1 0.0540331 -0.219941 0.05 45879.2
0 3416 9 phononTF 0.000378199 0.0540331 -0.219941 0.049999 45879.2 0.00034743 1 0.114018 -0.212861 0.05 45940.3
0 3427 3 phononTS 0.00303936 4.62234 -3.37837 0.00974825 8387.83 0.00034743 1 -0.0356898 -0.0974016 0.05 33284.6
0 3427 6 phononTF 0.00235898 -0.0356898 -0.0974016 0.049999 33284.6 0.00069486 1 -0.0871967 -0.15811 0.05 33375
0 3435 3 phononTS 0.00128522 4.50955 -4.71306 0.0173433 4258.31 0.00069486 1 0.0290802 -0.189225 0.05 6987.54
0 3438 3 phononTF 0.00208016 4.73197 -4.55891 0.00505572 505.254 0.00034743 1 -0.0488844 -0.203244 0.05 49128.8
0 3462 3 phononL 0.00233919 4.59178 -4.93033 0.031796 3205.26 0.00034743 1 0.0537055 -0.177341 0.05 40902.8
0 3462 2 phononL 0.00166081 4.59178 -4.93033 0.031796 3205.26 0.00069486 1 -0.0851015 -0.217033 0.05 46349.4
0 3470 2 phononL 0.00230241 4.07143 -4.01618 -0.024619 2657.89 0.00104229 1 -0.0524986 -0.138069 0.05 29957.9
0 3482 2 phononTF 0.00174191 4.69838 -4.22818 7.70145e-06 23.1184 0.00034743 1 0.0221119 -0.230591 0.05 13569.5
0 3515 2 phononTS 0.00168679 4.51111 -3.94043 -0.0214153 9975.72 0.00034743 1 0.0481613 -0.207466 0.05 29344.5
0 3515 9 phononTS 0.000530334 0.0481613 -0.207466 0.049999 29344.5 0.00034743 1 0.0611911 -0.202704 0.05 29483.5
0 3515 6 phononTS 0.000409822 0.0481613 -0.207466 0.049999 29344.5 0.00034743 1 0.0535838 -0.19031 0.05 29410.9
0 3533 3 phononTS 0.0021075 3.78699 -4.98658 -0.0309854 3191.6 0.00034743 1 -0.0502336 -0.142352 0.05 10726.5
0 3533 6 phononTF 0.000512682 -0.0502336 -0.142352 0.049999 10726.5 0.00034743 1 0.0648311 -0.124868 0.05 13296.7
0 3551 2 phononTS 0.00285808 2.43737 -1.54815 0.01661 18295 0.00069486 1 -0.06285 -0.113411 0.05 29193
0 3551 6 phononL 0.000747414 -0.06285 -0.113411 0.049999 29193 0.00034743 1 -0.0607156 -0.244366 0.05 29448.6
0 3560 2 phononTS 0.00179309 4.82024 -3.89602 0.0452408 3553 0.00034743 1 0.0256639 -0.115805 0.05 14644.1
0 3584 3 phononTS 0.00154866 4.78955 -4.1962 -0.0021295 12.6477 0.00034743 1 -0.104771 -0.165322 0.05 48201.4
0 3584 4 phononTS 0.000830574 -0.104771 -0.165322 0.049998 48201.4 0.00034743 1 -0.0439883 -0.096838 0.05 48387
0 3585 3 phononL 0.00215126 3.25186 -4.93649 -0.00210434 4521.37 0.00034743 1 -0.0515344 -0.235045 0.05 29804.5
0 3612 2 phononTF 0.00195714 4.81856 -4.26344 -0.0152875 20.7125 0.00034743 1 0.0780105 -0.141717 0.05 70194.5
0 3626 3 phononTF 0.00238974 4.79635 -2.60247 -0.0328588 8614.35 0.00104229 1 0.0649709 -0.154223 0.05 20228.8
0 3637 3 phononL 0.00148645 4.64467 -3.57063 -0.0402878 1507.93 0.00069486 1 0.0718534 -0.262445 0.05 7236.22
0 3694 2 phononTF 0.00236397 4.25089 -3.80556 0.0206982 1502.6 0.00034743 1 -0.0496105 -0.173949 0.05 31326.1
0 3694 6 phononTF 0.000665719 -0.0496105 -0.173949 0.049999 31326.1 0.00034743 1 -0.0752869 -0.156112 0.05 31398.3
0 3698 3 phononTS 0.0019545 4.7276 -4.44761 -0.0485176 5963.81 0.00034743 1 -0.0511888 -0.269436 0.05 12047.4
0 3701 3 phononTS 0.00140034 3.42056 -3.18847 -0.00536668 15075.6 0.00034743 1 -0.0423908 -0.238453 0.05 73683
0 3747 3 phononL 0.00228015 4.3091 -3.71996 -0.0305954 3877.82 0.00069486 1 0.105801 -0.19441 0.05 15684.5
0 3747 9 phononTS 0.000545229 0.105801 -0.19441 0.049999 15684.5 0.00034743 1 0.104823 -0.244022 0.05 15911.3
0 3755 3 phononTF 0.00245733 3.92292 -4.98533 -0.0413028 1176.79 0.00069486 1 -0.106183 -0.173698 0.05 37998.6
0 3902 2 phononTS 0.00180883 4.84775 -4.36572 -0.0132711 28.5334 0.00104229 1 0.0276612 -0.237054 0.05 40987.5
0 3925 3 phononL 0.00241036 4.35574 -3.98286 -0.0180702 3229.14 0.00069486 1 -0.0252044 -0.209481 0.05 45053.8
0 3950 3 phononTF 0.00167959 4.89101 -3.67799 0.0459291 3585.93 0.00034743 1 -0.0999526 -0.19743 0.05 73792.5
0 3952 2 phononL 0.00188198 4.71233 -4.21918 -0.0312492 10.5574 0.00069486 1 -0.0127712 -0.211574 0.05 19327.4
0 3964 4 phononTS 0.000876894 0.346114 -2.57841 0.0355961 44669.8 0.00034743 1 0.103954 -0.183735 0.05 48553.1
0 3966 5 phononTS 0.00192544 3.31819 -4.96629 0.028041 25631 0.00069486 1 0.0158098 -0.203204 0.05 51150.7
0 3974 3 phononL 0.00159995 3.83615 -4.08127 0.0447259 3451.72 0.00034743 1 0.0613523 -0.104464 0.05 33771.8
0 3983 4 phononTS 0.00179715 4.23875 -1.74713 -0.0420152 27871 0.00034743 1 0.0515554 -0.199796 0.05 148774
0 4014 5 phononTF 0.00147025 3.98784 -4.51539 -0.0482269 34529.1 0.00034743 1 0.0601381 -0.200193 0.05 55424.7
0 4014 7 phononTF 0.000826267 0.0601381 -0.200193 0.049999 55424.7 0.00034743 1 0.0693109 -0.177617 0.05 55630.5
0 4126 5 phononTF 0.00203125 4.39394 -4.18491 -0.038386 527.933 0.00034743 1 0.0902326 -0.194123 0.05 44756.3
0 4126 6 phononTF 0.00133534 0.0902326 -0.194123 0.049999 44756.3 0.00034743 1 0.0879453 -0.193811 0.05 44898.6
0 4148 2 phononTF 0.00247699 3.75629 -4.43044 -0.00277463 3462.62 0.00034743 1 0.0142871 -0.176398 0.05 14134.7
0 4148 5 phononL 0.00118529 0.0142871 -0.176398 0.049999 14134.7 0.00034743 1 0.030736 -0.192721 0.05 14250.3
0 4212 3 phononTF 0.00173116 4.81471 -4.11576 0.0142078 82.4342 0.00034743 1 0.104125 -0.195975 0.05 44403.1
0 4263 3 phononTS 0.00186959 4.36534 -3.85055 0.0366657 537.636 0.00034743 1 -0.032757 -0.262395 0.05 29532.2
0 4303 2 phononTS 0.0015439 2.60077 -3.42579 0.0480727 10512.7 0.00034743 1 0.0454337 -0.223382 0.05 15642.3
0 4303 6 phononTF 0.000472367 0.0454337 -0.223382 0.049999 15642.3 0.00034743 1 -0.0366579 -0.259921 0.05 15795
0 4304 4 phononTS 0.000781976 4.19321 -4.86001 0.0208133 7320.15 0.00034743 1 -0.0756474 -0.286507 0.05 97242
0 4327 4 phononTF 0.000982824 -3.92114 -3.73216 -0.0477825 23489.9 0.00034743 1 -0.0558906 -0.288013 0.05 32051.5
0 4327 6 phononTF 0.000542605 -0.0558906 -0.288013 0.049999 32051.5 0.00034743 1 -0.0204 -0.207392 0.05 32196.5
0 4334 5 phononTF 0.000923511 1.4826 1.31976 0.00462914 53420.8 0.00069486 1 0.114709 -0.167346 0.05 106104
0 4338 5 phononTF 0.00157125 4.47665 -0.670377 0.0352579 19608.2 0.00069486 1 0.0899744 -0.211754 0.05 40825
0 4343 5 phononTF 0.00115792 4.56752 0.760169 0.0175302 26905 0.00034743 1 0.051438 -0.147818 0.05 30250.2
0 4380 2 phononTF 0.000831764 4.88351 -3.86924 -0.00943235 1211.11 0.00034743 1 -0.0591346 -0.19604 0.05 40053.6
0 4439 2 phononTS 0.00174611 4.72782 -4.27481 -0.0202589 7.10508 0.00069486 1 -0.047922 -0.144336 0.05 37880
0 4456 3 phononTS 0.0017899 2.32908 -4.53108 -0.0138716 5386.39 0.00034743 1 -0.100492 -0.19974 0.05 11416.8
0 4456 6 phononTF 0.00043829 -0.100492 -0.19974 0.049999 11416.8 0.00034743 1 0.0896847 -0.233396 0.05 11533
0 4479 2 phononTS 0.00160945 3.65764 -4.31497 -0.0315155 4018.79 0.00069486 1 -0.0574778 -0.266834 0.05 18653.2
0 4485 3 phononTF 0.00223661 2.9418 -3.70425 0.0238877 5885.04 0.00069486 1 0.0424297 -0.259093 0.05 23341.7
0 4496 2 phononTS 0.00159652 4.72132 -4.95584 -0.000109311 1674.88 0.00034743 1 0.067945 -0.287771 0.05 23389.2
0 4496 4 phononTS 0.000887058 0.067945 -0.287771 0.049999 23389.2 0.00034743 1 -0.0385364 -0.293676 0.05 80209
0 4519 3 phononTF 0.00257817 4.89002 -4.2972 0.0368079 1120.65 0.00034743 1 -0.0940175 -0.251264 0.05 29020.5
0 4541 3 phononL 0.00180988 4.09256 -4.83377 -0.0478892 6370.48 0.00034743 1 0.111339 -0.202533 0.05 17915.3
0 4545 5 phononTF 0.00265628 3.68596 -1.23976 0.02545 14364.1 0.00069486 1 -0.0435618 -0.104735 0.05 22832.6
0 4545 6 phononTS 0.00058023 -0.0435618 -0.104735 0.049999 22832.6 0.00034743 1 -0.0570582 -0.214062 0.05 22924.9
0 4557 3 phononTS 0.0020052 4.54767 -3.33704 0.0346545 1651.41 0.00034743 1 -0.0667172 -0.179906 0.05 12440.8
0 4563 3 phononTS 0.00156734 4.94853 -4.15047 0.00650704 4756.72 0.00104229 1 0.0173417 -0.165003 0.05 22885.1
0 4599 2 phononL 0.000909629 4.09138 -2.86178 -0.0174449 10901.2 0.00034743 1 -0.0272479 -0.175929 0.05 42772.4
0 4611 3 phononTS 0.00200238 4.6785 -4.93863 0.038707 6528.08 0.00034743 1 0.0888093 -0.162976 0.05 108716
0 4611 2 phononTF 0.00199762 4.6785 -4.93863 0.038707 6528.08 0.00138972 1 -0.0351213 -0.149592 0.05 16589.2
0 4633 4 phononTF 0.00055872 2.70023 -1.83374 -0.00261072 10780.1 0.00034743 1 0.0242785 -0.122694 0.05 12831.1
0 4719 3 phononTS 0.00123346 4.15262 -3.9358 0.0329593 672.409 0.00069486 1 0.100651 -0.216786 0.05 86050.2
0 4728 4 phononTF 0.00112991 1.63805 -4.18784 0.0185344 24560.8 0.00034743 1 -0.0438166 -0.297884 0.05 98479.3
0 4730 3 phononL 0.0018864 4.53817 -2.54806 0.0164505 9080.59 0.00069486 1 -0.0394071 -0.252595 0.05 37163.7
0 4736 3 phononTS 0.0022216 2.94552 -3.25966 0.0381966 8861.33 0.00069486 1 -0.0985334 -0.236861 0.05 27837.2
0 4760 3 phononTF 0.00221598 4.81836 -3.91827 -0.0085015 3304.5 0.00069486 1 0.111037 -0.168595 0.05 62709.4
0 4772 3 phononL 0.00180072 4.71259 -3.98469 0.0324105 10167.7 0.00069486 1 0.116538 -0.220113 0.05 23429
0 4810 3 phononTS 0.00192952 4.49977 -4.95348 -0.0378152 429.043 0.00069486 1 -0.075832 -0.118366 0.05 34880.4
0 4810 9 phononTF 0.000535105 -0.075832 -0.118366 0.049999 34880.4 0.00034743 1 0.0283406 -0.231581 0.05 35445.5
0 4830 2 phononL 0.00131203 3.99579 -2.71159 0.0346655 11988.9 0.00069486 1 -0.040702 -0.156341 0.05 24762.5
0 4836 2 phononTS 0.00180046 4.79369 -3.27915 0.0432921 4245.7 0.00034743 1 0.0537593 -0.286989 0.05 15309.9
0 4836 6 phononTS 0.000869726 0.0537593 -0.286989 0.049998 15309.9 0.00034743 1 0.0436254 -0.290196 0.05 15367.8
0 4873 2 phononTS 0.00144783 4.55292 -4.2102 0.0357436 453.966 0.00069486 1 -0.0972972 -0.160266 0.05 33890.1
0 4890 2 phononL 0.00201416 4.89595 -4.25979 -0.0373996 177.319 0.00069486 1 -0.058166 -0.270352 0.05 28887.8
0 4897 2 phononTS 0.00188762 4.83575 -4.40686 -0.0255538 3936.8 0.00069486 1 0.0313951 -0.285425 0.05 16501.5
0 4974 5 phononTS 0.00154802 2.51315 -4.5302 0.0232438 11528.2 0.00069486 1 -0.107882 -0.224396 0.05 25828.6
