Run ID,Event ID,Track ID,Particle Name,Start Energy [eV],Start X [mm],Start Y [mm],Start Z [mm],Start Time [ns],Energy Deposited [eV],Track Weight,End X [mm],End Y [mm],End Z [mm],Final Time [ns],Volume Name
0 27 3 phononTS 0.00275918 -2.45282 2.32482 -0.0477791 6203.01 0.00034743 1 0.0194944 -0.170763 0.05 17467.5
0 30 2 phononTS 0.00182675 -3.04472 3.99605 -0.0181967 2092.67 0.00034743 1 -0.0699898 -0.180914 0.05 21922.9
0 32 3 phononTF 0.00150455 -4.46082 4.95918 0.0290585 29494.8 0.00069486 1 -0.0810531 -0.15129 0.05 85767.4
0 33 2 phononTS 0.00170789 -4.37145 4.06403 -0.0497817 2945.94 0.00034743 1 -0.088261 -0.16954 0.05 28789
0 33 5 phononTS 0.0006095 -0.088261 -0.16954 0.049999 28789 0.00034743 1 0.0334978 -0.306409 0.05 28885.5
0 40 3 phononTF 0.00164507 -2.71791 4.24983 0.00926329 1994.44 0.00034743 1 0.06167 -0.104751 0.05 45653.4
0 96 3 phononTS 0.00161804 -3.78853 3.76108 -0.0284746 9.23212 0.00034743 1 -0.0245808 -0.278229 0.05 13789.2
0 122 2 phononL 0.00156761 -0.403784 2.25804 -0.0257012 24734.1 0.00034743 1 -0.0338964 -0.240477 0.05 41243.1
0 126 2 phononTS 0.00183231 -4.41739 3.98778 0.00466342 4932.8 0.00034743 1 0.0944092 -0.170574 0.05 98643.5
0 135 2 phononL 0.00239615 -3.67573 2.89527 0.0323763 7682.84 0.00069486 1 -0.0948931 -0.197134 0.05 15260.6
0 135 6 phononTS 0.000784915 -0.0948931 -0.197134 0.049999 15260.6 0.00034743 1 -0.0731613 -0.233089 0.05 15772.5
0 152 5 phononTS 0.00270245 -3.93249 1.86874 -0.042021 7488.05 0.00034743 1 -0.00916085 -0.196673 0.05 32071.8
0 152 6 phononTS 0.00159129 -0.00916085 -0.196673 0.049999 32071.8 0.00069486 1 -0.0516695 -0.168441 0.05 32151.9
0 178 2 phononTF 0.00268392 -3.96787 4.46971 0.0244528 846.835 0.00034743 1 -0.0908435 -0.189082 0.05 15715.2
0 178 4 phononTF 0.00145985 -0.0908435 -0.189082 0.049999 15715.2 0.00034743 1 -0.0496687 -0.0994003 0.05 16441.2
0 205 5 phononTF 0.00173919 -2.63445 3.81252 -0.033722 40789.5 0.00034743 1 0.0640509 -0.11106 0.05 66869.8
0 254 3 phononTS 0.00134296 -2.51188 3.28568 0.0312104 8025.31 0.00034743 1 -0.0455275 -0.213214 0.05 34293.2
0 254 10 phononTF 0.00122997 -3.48092 1.82084 0.0178704 10775.6 0.00069486 1 0.00953445 -0.195283 0.05 46436.3
0 355 3 phononTS 0.00160592 -4.42866 4.47177 0.0461153 1485.58 0.00034743 1 -0.0380134 -0.302165 0.05 7112.18
0 358 2 phononTF 0.00131348 -1.98918 4.50142 -0.0385705 9462.16 0.00069486 1 0.0689242 -0.256531 0.05 161456
0 358 6 phononTF 0.000391278 0.0689242 -0.256531 0.049999 161456 0.00034743 1 0.11072 -0.161427 0.05 161828
0 382 5 phononTS 0.000824968 -3.21549 4.60418 -0.0420183 42409.5 0.00034743 1 -0.0505381 -0.206251 0.05 80607.7
0 406 5 phononTS 0.00113047 -0.783955 -0.894343 0.0343828 55119.1 0.00034743 1 0.10165 -0.154274 0.05 56150.9
0 428 2 phononTS 0.00205425 -3.02871 4.11724 -0.0466247 6411.28 0.00034743 1 0.0595485 -0.179879 0.05 26233.5
0 439 2 phononL 0.00219723 -3.95291 4.4188 0.00158604 967.417 0.00034743 1 -0.0325042 -0.197755 0.05 50603.9
0 439 6 phononTS 0.00154318 -0.0325042 -0.197755 0.049999 50603.9 0.00034743 1 -0.013675 -0.215863 0.05 50677.1
0 439 10 phononTS 0.00118534 -0.013675 -0.215863 0.049999 50677.1 0.00034743 1 -0.106814 -0.168922 0.05 50757.5
0 463 2 phononTS 0.00223046 -4.994 0.206446 -0.0417345 25907 0.00069486 1 0.100813 -0.261283 0.05 49349.8
0 466 2 phononL 0.00177946 -3.88116 3.74613 0.00872355 26.9911 0.00034743 1 -0.0874587 -0.236135 0.05 24263
0 493 2 phononTS 0.00188087 -3.94971 3.76916 0.0186183 230.995 0.00034743 1 -0.0448815 -0.259538 0.05 18829.3
0 528 3 phononTS 0.00245322 -4.55867 2.77707 -0.0157441 6903.25 0.00069486 1 -0.0867914 -0.139584 0.05 28843.6
0 528 5 phononTS 0.000630297 -0.0867914 -0.139584 0.049999 28843.6 0.00034743 1 0.0314276 -0.122298 0.05 29073.2
0 561 3 phononTF 0.00257549 -4.74092 3.08807 -0.00800844 9286.06 0.00034743 1 0.103931 -0.185981 0.05 36887.3
0 606 3 phononTS 0.00250887 -2.0496 3.43831 -0.0120897 9028.49 0.00104229 1 0.0915027 -0.174437 0.05 12424
0 660 2 phononL 0.00146882 -3.48803 3.9401 0.0170563 1049.05 0.00069486 1 0.0284887 -0.129791 0.05 51636
0 683 2 phononTS 0.00128033 -3.88504 4.25131 -0.0393111 3053.05 0.00034743 1 0.0205409 -0.204461 0.05 61871.8
0 739 2 phononTS 0.000890914 -4.63363 4.97346 0.0464179 4210.71 0.00034743 1 -0.085798 -0.237022 0.05 102289
0 739 7 phononTS 0.000371804 -0.085798 -0.237022 0.049999 102289 0.00034743 1 -0.104885 -0.251406 0.05 102350
0 753 7 phononTS 0.00094611 -0.478791 -3.62133 -0.0092304 62763.1 0.00034743 1 -0.108208 -0.176165 0.05 81842.6
0 771 3 phononTF 0.00192546 -2.2718 4.66661 0.0236333 3119.75 0.00069486 1 -0.106839 -0.239008 0.05 35732.2
0 784 2 phononTS 0.00145578 -3.69264 3.91682 -0.0223396 1983.59 0.00104229 1 -0.0180929 -0.172905 0.05 24111.4
0 797 5 phononL 0.00125734 4.06642 0.436943 -0.0322983 56782 0.00069486 1 0.0380239 -0.154494 0.05 76622.4
0 819 4 phononTF 0.00044055 -3.88885 -0.57328 -0.0375161 61249.5 0.00034743 1 0.0969638 -0.19434 0.05 68412.3
0 827 2 phononTS 0.00214281 -4.00992 2.71283 0.0351597 3822.06 0.00069486 1 -0.0856713 -0.276585 0.05 29837.3
0 830 3 phononTS 0.00262478 -3.21757 3.84481 0.0449056 732.939 0.00069486 1 -0.0843146 -0.279133 0.05 39281
0 843 2 phononTS 0.00122842 -2.82772 3.72037 -0.0229191 1566.44 0.00034743 1 0.0440645 -0.172684 0.05 38642.9
0 878 3 phononTF 0.00225336 -4.65258 3.2575 -0.0327923 7544.1 0.00034743 1 0.0846508 -0.184749 0.05 29122
0 878 5 phononTF 0.00168259 0.0846508 -0.184749 0.049999 29122 0.00069486 1 0.0456785 -0.105223 0.05 29217.5
0 908 4 phononTS 0.00263957 -0.557922 4.10489 -0.0269792 35644.5 0.00104229 1 -0.0860746 -0.221186 0.05 51636.9
0 908 8 phononTF 0.00048925 -0.0860746 -0.221186 0.049999 51636.9 0.00034743 1 -0.0957878 -0.258404 0.05 51695.3
0 929 3 phononTF 0.0015317 -4.52564 4.42129 -0.0134563 5683.31 0.00034743 1 0.0753968 -0.172965 0.05 49094.4
0 929 6 phononTS 0.000568153 0.0753968 -0.172965 0.049998 49094.4 0.00034743 1 0.0614737 -0.166666 0.05 49152.8
0 962 6 phononTS 0.000619073 -4.22704 4.97881 -0.0449362 26252 0.00034743 1 -0.0992369 -0.236182 0.05 122077
0 1035 2 phononTS 0.000611896 -0.522934 3.7499 -0.0472052 21440.7 0.00034743 1 0.0401009 -0.286057 0.05 77207.3
0 1045 6 phononTF 0.00114143 4.6184 -1.90286 0.0491254 115119 0.00034743 1 -0.0151134 -0.234987 0.05 120173
0 1085 5 phononTS 0.00122029 0.431831 2.02328 -0.0312413 34445.9 0.00069486 1 0.0781075 -0.119137 0.05 88627
0 1094 2 phononTF 0.00172273 -3.98923 3.86032 -0.00341893 271.083 0.00034743 1 0.0398165 -0.215018 0.05 8766.29
0 1118 3 phononTS 0.00194548 -3.20105 4.51954 -0.0355233 5982.21 0.00069486 1 -0.037018 -0.102059 0.05 70670.7
0 1118 4 phononTS 0.000857579 -0.037018 -0.102059 0.049999 70670.7 0.00034743 1 -0.09742 -0.171413 0.05 70880.2
0 1118 2 phononTS 0.00205452 -3.20105 4.51954 -0.0355233 5982.21 0.00034743 1 -0.079747 -0.128272 0.05 13430.8
0 1143 5 phononTF 0.0015973 -1.04232 0.127226 -0.0120003 51084.8 0.00069486 1 -0.0794311 -0.166425 0.05 67323.1
0 1177 5 phononTF 0.0020975 -3.2367 2.61047 0.0465373 5922.4 0.00069486 1 -0.0965634 -0.221085 0.05 11723
0 1184 4 phononTS 0.00107458 -1.92763 2.95912 0.0490182 11052.5 0.00034743 1 0.0769475 -0.171163 0.05 64024.9
0 1184 7 phononTS 0.000713309 0.0769475 -0.171163 0.049999 64024.9 0.00034743 1 -0.0326867 -0.170644 0.05 64275.7
0 1234 2 phononTF 0.0025789 -4.93853 3.47743 -0.0233441 5056.35 0.00069486 1 0.0876512 -0.225242 0.05 51102.8
0 1234 7 phononL 0.0011203 0.0876512 -0.225242 0.049998 51102.8 0.00034743 1 0.0420646 -0.150851 0.05 51150.9
0 1241 3 phononTS 0.00111976 -3.74015 3.7571 0.00767127 2.63166 0.00069486 1 -0.11953 -0.215114 0.05 15483.1
0 1279 2 phononL 0.00174149 -3.76942 3.29728 -0.0385682 360.596 0.00034743 1 0.0673303 -0.162172 0.05 22713
0 1292 2 phononTS 0.00142097 -2.63032 3.23666 0.0297086 8326.78 0.00034743 1 -0.0947196 -0.26869 0.05 20697.2
0 1320 2 phononTS 0.00144263 -3.87935 4.77651 0.0388002 16844.7 0.00034743 1 -0.075391 -0.168826 0.05 30454.1
0 1447 6 phononTS 0.00100698 -3.82434 2.59602 -0.0208693 25867.9 0.00034743 1 0.020453 -0.18963 0.05 29808.2
0 1452 2 phononTF 0.00100457 -4.39703 3.11104 -0.0294974 3581.77 0.00034743 1 -0.0123141 -0.204973 0.05 12162.4
0 1500 4 phononTF 0.000957017 -1.66419 1.84816 0.0177287 20316.8 0.00034743 1 -0.057318 -0.208402 0.05 32566.2
0 1503 3 phononTF 0.00146978 -4.15479 4.00963 0.0151256 3111.88 0.00034743 1 0.0818391 -0.231569 0.05 85669.6
0 1554 3 phononL 0.00146315 -3.03091 3.62144 0.0167602 504.207 0.00034743 1 0.0631533 -0.158828 0.05 3512.33
0 1568 2 phononTS 0.00239366 -4.16748 4.23824 0.0414274 9780.65 0.00069486 1 0.0413702 -0.152059 0.05 23605.8
0 1568 5 phononL 0.000515722 0.0413702 -0.152059 0.049999 23605.8 0.00034743 1 0.0727902 -0.207029 0.05 28887.5
0 1601 3 phononTS 0.00249165 -3.35236 4.17914 -0.0245878 10751.9 0.00104229 1 -0.0633656 -0.173978 0.05 21322
0 1613 2 phononTF 0.00166141 -3.58888 4.02916 0.00751514 424.45 0.00034743 1 0.0530052 -0.209322 0.05 11646.2
0 1648 3 phononL 0.0023535 -4.75133 0.884613 -0.00896176 6204.56 0.00034743 1 -0.0393279 -0.0954215 0.05 38120.6
0 1659 2 phononTS 0.00268571 -2.58502 3.18339 0.0386011 15198.7 0.00034743 1 -0.10398 -0.199003 0.05 49192.5
0 1734 3 phononTF 0.00229006 -1.50102 2.28994 0.00278827 14118 0.00034743 1 0.0243334 -0.130551 0.05 50571.8
0 1748 2 phononTS 0.00142307 -2.74174 4.93744 -0.00328309 5624.27 0.00069486 1 -0.0729405 -0.175791 0.05 80710.8
0 1764 4 phononTS 0.00119065 -2.90341 0.820161 -0.0465342 31078.6 0.00069486 1 -0.0302985 -0.187065 0.05 46981.3
0 1784 2 phononTS 0.00200537 -3.60336 3.39372 -0.0245074 540.27 0.00069486 1 -0.0723351 -0.178738 0.05 20270.8
0 1784 5 phononTS 0.000446854 -0.0723351 -0.178738 0.049999 20270.8 0.00034743 1 0.0444002 -0.171839 0.05 20536.4
0 1820 5 phononTF 0.00108342 -4.96771 2.89221 0.0233021 12234.6 0.00034743 1 0.0539427 -0.179218 0.05 94846.5
0 1820 7 phononTF 0.000494743 0.0539427 -0.179218 0.049999 94846.5 0.00034743 1 0.0202092 -0.255932 0.05 94912.3
0 1844 3 phononTF 0.00181502 -3.96145 4.59191 0.000465496 10939.6 0.00104229 1 -0.0338039 -0.137391 0.05 40101.8
0 1845 2 phononL 0.00265473 -3.81669 4.8655 -0.00595947 3425.69 0.00034743 1 0.0430819 -0.145181 0.05 16631.2
0 1889 5 phononL 0.001058 -1.31213 -1.49047 -0.0296045 10718.1 0.00034743 1 0.0364003 -0.113114 0.05 14890.4
0 1889 7 phononTS 0.000532275 0.0364003 -0.113114 0.049999 14890.4 0.00034743 1 -0.0298005 -0.291595 0.05 15109.2
0 1912 3 phononTS 0.00165183 -4.96981 2.45823 0.0358567 14224.9 0.00034743 1 0.0928011 -0.143778 0.05 86192.1
0 1963 2 phononTS 0.00279645 -3.74902 3.74174 0.0130301 2.95801 0.00069486 1 0.0188809 -0.217012 0.05 12490.6
0 1963 4 phononTF 0.000481174 0.0188809 -0.217012 0.049999 12490.6 0.00034743 1 0.0837997 -0.150211 0.05 12556.7
0 1973 2 phononTF 0.00264564 -3.66616 4.37169 -0.0139727 4363.35 0.00034743 1 -0.0454804 -0.172266 0.05 18133.3
0 1973 4 phononTF 0.00132486 -0.0454804 -0.172266 0.049999 18133.3 0.00034743 1 0.0289173 -0.10943 0.05 18267.7
0 1994 3 phononL 0.00217529 -3.51383 3.71536 -0.00434885 1113.22 0.00069486 1 -0.0199855 -0.205733 0.05 5500.27
0 2028 5 phononTS 0.0019824 -3.1847 4.95771 0.0252428 24460.4 0.00034743 1 -0.0790182 -0.157296 0.05 32638.5
0 2033 5 phononTS 0.00144731 -1.48567 0.155585 0.00794847 51945 0.00034743 1 -0.0511772 -0.141594 0.05 93272.1
0 2033 7 phononTF 0.000600873 -0.0511772 -0.141594 0.049999 93272.1 0.00034743 1 -0.053424 -0.289326 0.05 93507.4
0 2039 4 phononTF 0.000941826 1.52927 2.95932 0.0487397 27267.8 0.00034743 1 -0.0916254 -0.254549 0.05 33973.8
0 2039 8 phononTS 0.000405767 -0.0916254 -0.254549 0.049999 33973.8 0.00034743 1 0.0445344 -0.143365 0.05 34065.1
0 2059 6 phononTS 0.00111289 -4.79884 -0.790881 0.0013836 31561.4 0.00034743 1 0.0893272 -0.21963 0.05 46480.2
0 2090 5 phononTS 0.00131279 0.275529 1.92654 0.00861223 50536.2 0.00069486 1 -0.0486614 -0.224521 0.05 54681.1
0 2092 3 phononTS 0.00214487 -3.63069 3.64089 0.0497058 34.436 0.00034743 1 0.0781436 -0.195874 0.05 19447.4
0 2102 2 phononL 0.00233158 -3.08202 4.02581 0.0391814 2540.24 0.00069486 1 -0.0504732 -0.166385 0.05 93133.2
0 2152 4 phononTS 0.00076696 -3.40009 4.16348 0.039091 7551.51 0.00034743 1 0.0920053 -0.13423 0.05 18407.6
0 2155 2 phononL 0.00145562 -4.36212 3.15515 -0.0364454 1970.04 0.00034743 1 -0.0487861 -0.211082 0.05 25055.2
0 2175 2 phononTS 0.00188394 -4.09972 3.68926 0.0414714 5391.27 0.00034743 1 -0.0282791 -0.105406 0.05 40156.4
0 2224 3 phononL 0.00233876 -2.70021 4.7299 -0.00726466 20730.2 0.00034743 1 0.034708 -0.23354 0.05 33614.1
0 2224 6 phononTS 0.00111178 0.034708 -0.23354 0.049999 33614.1 0.00034743 1 0.0199782 -0.229376 0.05 33670.1
0 2226 2 phononTS 0.00188606 -3.91224 3.74033 -0.0298734 3167.52 0.00034743 1 0.102499 -0.229556 0.05 23078.5
0 2267 2 phononTS 0.00209408 -1.99007 2.7751 0.030135 7701.18 0.00034743 1 0.0699191 -0.19803 0.05 43389.3
0 2267 4 phononTF 0.000686589 0.0699191 -0.19803 0.049999 43389.3 0.00034743 1 -0.0541928 -0.185827 0.05 60172.3
0 2283 3 phononTS 0.00211732 -4.52377 3.09965 0.0337397 4138.18 0.00034743 1 0.0783811 -0.209434 0.05 33398
0 2291 4 phononL 0.000963176 -3.20849 4.40423 -0.0404621 6310.65 0.00069486 1 -0.0613656 -0.180199 0.05 21828.5
0 2296 2 phononTS 0.00223363 -4.16039 4.16365 0.0160039 6424.67 0.00069486 1 -0.027244 -0.132858 0.05 51402.1
0 2306 2 phononTS 0.00152234 -4.08256 3.88356 -0.0426121 3063.52 0.00034743 1 0.0871251 -0.211102 0.05 22620.1
0 2316 2 phononTS 0.00198767 -4.44402 3.77757 -0.0249949 9561.37 0.00069486 1 0.0718155 -0.223495 0.05 68149.8
0 2334 2 phononTF 0.00181729 -4.78948 3.95883 0.000989771 1884.23 0.00034743 1 0.0205564 -0.246898 0.05 20056.6
0 2358 3 phononTF 0.0020485 -4.60894 3.68294 -0.0214768 2341.23 0.00034743 1 -0.0244317 -0.278311 0.05 33124.2
0 2358 5 phononTF 0.000626938 -0.0244317 -0.278311 0.049999 33124.2 0.00034743 1 -0.0324896 -0.273613 0.05 33811.9
0 2358 4 phononTF 0.000693174 -0.0244317 -0.278311 0.049999 33124.2 0.00034743 1 -0.0226291 -0.266214 0.05 33321.1
0 2378 2 phononTF 0.00128658 -3.19234 3.53899 -0.0370259 20476.4 0.00034743 1 -0.0150668 -0.192109 0.05 27340.4
0 2411 4 phononTF 0.00113284 -3.76985 4.43551 0.0395251 5822.27 0.00034743 1 -0.111864 -0.161637 0.05 64658.6
0 2513 4 phononL 0.0020342 -4.07105 1.62041 -0.0300356 27503.9 0.00034743 1 0.0659589 -0.248379 0.05 32663
0 2513 7 phononTS 0.00144516 0.0659589 -0.248379 0.049999 32663 0.00034743 1 0.0818077 -0.264803 0.05 32677.2
0 2518 2 phononL 0.00179277 -3.05649 4.59569 -0.0469454 4132.37 0.00034743 1 0.0210266 -0.160056 0.05 19242.7
0 2536 2 phononTF 0.00227542 -4.5953 3.36757 0.0414051 5132.45 0.00034743 1 -0.09775 -0.212311 0.05 19603.2
0 2536 5 phononTF 0.000984299 -0.09775 -0.212311 0.049999 19603.2 0.00034743 1 -0.117009 -0.212203 0.05 19693.9
0 2561 3 phononTS 0.0024842 -4.67132 3.30984 0.0252327 2160.4 0.00069486 1 -0.10069 -0.22422 0.05 28606.2
0 2561 11 phononTS 0.000498139 -0.10069 -0.22422 0.049999 28606.2 0.00034743 1 0.0406789 -0.298486 0.05 29764.4
0 2561 8 phononTF 0.000678975 -0.10069 -0.22422 0.049999 28606.2 0.00034743 1 -0.0926123 -0.239865 0.05 28679.7
0 2574 2 phononTS 0.00161616 -3.88611 4.446 0.00982017 4039.24 0.00034743 1 -0.0395137 -0.150392 0.05 44708
0 2574 4 phononTF 0.00110988 -0.0395137 -0.150392 0.049999 44708 0.00034743 1 -0.0285987 -0.299253 0.05 44782.3
0 2575 4 phononTF 0.00120788 -1.67455 0.888856 0.0330807 23753.8 0.00034743 1 0.0460947 -0.231513 0.05 26441.3
0 2588 2 phononTS 0.00245115 -3.41789 3.39008 -0.0225983 1997.28 0.00034743 1 0.0546047 -0.202662 0.05 11352.7
0 2588 4 phononTF 0.00150034 0.0546047 -0.202662 0.049999 11352.7 0.00034743 1 -0.0216616 -0.229609 0.05 11416.5
0 2588 15 phononTF 0.000366525 -0.0216616 -0.229609 0.049999 11416.5 0.00034743 1 -0.110852 -0.228612 0.05 11515.5
0 2610 5 phononTS 0.0014965 -3.35381 4.6484 -0.00968714 22856.2 0.00034743 1 0.0222597 -0.222923 0.05 64063.6
0 2612 3 phononTS 0.00257105 -3.04262 4.29105 0.0452801 9943.07 0.00034743 1 -0.0839494 -0.178857 0.05 42031
0 2620 2 phononTF 0.00216686 0.126802 1.63599 0.0263582 17305.5 0.00034743 1 0.0998793 -0.237283 0.05 47457
0 2620 6 phononL 0.00112593 0.0998793 -0.237283 0.049999 47457 0.00034743 1 -0.0659674 -0.122567 0.05 47533.1
0 2650 3 phononL 0.00185967 -3.77174 4.3285 -0.0270232 493.827 0.00069486 1 -0.0850046 -0.222439 0.05 9212.52
0 2719 3 phononL 0.00256375 -3.57464 4.11374 0.0329499 2598.36 0.00034743 1 -0.0462148 -0.162954 0.05 30226.3
0 2748 3 phononTF 0.00183447 -4.16066 2.61952 -0.0435838 903.349 0.00034743 1 -0.112908 -0.204949 0.05 10504.1
0 2751 2 phononTS 0.0011609 -3.97537 3.72956 0.0484944 197.106 0.00034743 1 0.0788428 -0.172531 0.05 13635.9
0 2793 2 phononTF 0.00139416 -3.52652 4.14563 0.00628613 12059.3 0.00034743 1 0.0368775 -0.266364 0.05 90176.3
0 2866 5 phononL 0.00159587 0.72736 3.27959 0.0101344 17434.2 0.00069486 1 0.0502942 -0.127175 0.05 33421
0 2868 3 phononTS 0.00149199 -3.35969 3.35272 -0.00201004 1767.09 0.00034743 1 -0.0366612 -0.280092 0.05 70659.5
0 2974 2 phononTS 0.00161811 -4.38051 2.99548 -0.00989691 18283.1 0.00069486 1 -0.0379179 -0.240614 0.05 43358.6
0 2981 5 phononTS 0.00141402 -2.23723 -0.438479 -0.000294266 24681.5 0.00034743 1 -0.0836735 -0.212574 0.05 28388.1
0 2992 3 phononTS 0.0024045 -4.8692 2.95071 0.0173837 19242.1 0.00069486 1 -0.0391416 -0.235768 0.05 38265.4
0 2994 3 phononL 0.00234166 -3.84226 3.56877 0.0156555 219.306 0.00034743 1 -0.08464 -0.244904 0.05 38898.4
0 3004 2 phononTS 0.00226561 -3.40891 4.31813 -0.0179967 537.595 0.00104229 1 -0.101525 -0.219638 0.05 12509.7
0 3013 5 phononL 0.00136635 -3.06771 0.496357 0.0142979 30758.7 0.00034743 1 -0.0119502 -0.181952 0.05 48420.5
0 3056 3 phononL 0.00265149 -3.75296 4.06679 0.0143844 15192.8 0.00034743 1 0.0374081 -0.259308 0.05 56146.7
0 3056 4 phononTS 0.000763349 0.0374081 -0.259308 0.049999 56146.7 0.00034743 1 0.0211933 -0.184067 0.05 56224.9
0 3070 3 phononTS 0.0019314 -3.87571 3.44514 0.0421066 612.251 0.00069486 1 -0.0328913 -0.202903 0.05 10564
0 3083 2 phononTS 0.00181777 -4.15915 2.2121 0.025479 5931.83 0.00069486 1 0.0476193 -0.163111 0.05 15817.6
0 3083 4 phononL 0.000373363 0.0476193 -0.163111 0.049999 15817.6 0.00034743 1 -0.109239 -0.207377 0.05 16151.7
0 3109 2 phononL 0.00218459 -3.35457 3.07368 0.0311644 4577.74 0.00069486 1 -0.114066 -0.228255 0.05 53409.4
0 3133 2 phononTF 0.00253181 -4.55685 4.51418 -0.0144573 2041.39 0.00069486 1 -0.0813923 -0.193255 0.05 18643.1
0 3133 11 phononTS 0.000363279 -0.0813923 -0.193255 0.049999 18643.1 0.00034743 1 0.0278285 -0.196348 0.05 20155.7
0 3135 4 phononTF 0.00113993 -3.77537 3.34866 0.0494296 12603.2 0.00034743 1 -0.0749329 -0.226134 0.05 37279.2
0 3135 6 phononL 0.000578543 -0.0749329 -0.226134 0.049999 37279.2 0.00034743 1 -0.100383 -0.143134 0.05 37489.7
0 3170 2 phononTS 0.00187754 -3.17758 3.88625 0.0134868 4104.59 0.00034743 1 0.0507264 -0.147607 0.05 21700.1
0 3176 2 phononL 0.00168686 -4.0092 2.9456 0.00546896 19949.3 0.00034743 1 -0.0275092 -0.241712 0.05 42920
0 3176 7 phononTS 0.00107358 -0.0275092 -0.241712 0.049999 42920 0.00034743 1 -0.0247053 -0.267469 0.05 42982.8
0 3186 3 phononTF 0.00224244 -1.49668 4.02985 -0.0106103 7573.17 0.00034743 1 0.0552237 -0.202388 0.05 50760.8
0 3188 4 phononTF 0.000956317 1.24103 1.04369 0.0387726 13570.9 0.00069486 1 -0.0513574 -0.127198 0.05 54789.9
0 3194 5 phononTF 0.00199407 -4.64734 2.76897 -0.0334244 6579.34 0.00069486 1 -0.0401989 -0.128551 0.05 37534.3
0 3226 3 phononTS 0.00151775 -3.5673 3.95199 -0.0402616 6110.78 0.00034743 1 -0.056715 -0.151238 0.05 18304.3
0 3226 7 phononTF 0.000510704 -0.056715 -0.151238 0.049999 18304.3 0.00034743 1 -0.053889 -0.21919 0.05 18372.9
0 3228 2 phononTS 0.00113356 -4.08427 4.49858 -0.0206548 2001.73 0.00034743 1 0.104828 -0.171178 0.05 25698
0 3261 2 phononTF 0.00195563 -3.53645 2.59811 -0.0107774 2651.02 0.00069486 1 -0.0330406 -0.215752 0.05 45404.8
0 3261 4 phononTF 0.00101666 -0.0330406 -0.215752 0.049999 45404.8 0.00034743 1 0.0823357 -0.220614 0.05 45491.9
0 3319 2 phononTS 0.00170466 -3.31027 3.83676 0.0292356 1422.93 0.00069486 1 -0.0662501 -0.224096 0.05 34534.4
0 3343 3 phononTS 0.00266359 -3.96562 3.75382 0.0216475 113.738 0.00104229 1 -0.0311742 -0.129146 0.05 21825.1
0 3438 2 phononTS 0.00153353 -3.77763 3.59249 -0.0226644 15470.5 0.00069486 1 0.096907 -0.143626 0.05 26172.5
0 3456 3 phononL 0.00206341 -4.57412 3.41444 -0.0155799 14489 0.00034743 1 0.0810272 -0.233906 0.05 38837.6
0 3456 6 phononTF 0.0014219 0.0810272 -0.233906 0.049999 38837.6 0.00034743 1 0.0506027 -0.294414 0.05 38982.4
0 3514 4 phononL 0.00103391 -0.170262 3.3042 -0.0470913 31637 0.00069486 1 0.0465269 -0.241155 0.05 250149
0 3519 2 phononTF 0.00218759 -4.35502 3.77036 -0.0419406 972.92 0.00034743 1 0.0771978 -0.200204 0.05 21021.9
0 3519 8 phononTF 0.00144628 0.0771978 -0.200204 0.049999 21021.9 0.00034743 1 0.0406636 -0.238912 0.05 21083.3
0 3519 6 phononTS 0.000377325 0.0771978 -0.200204 0.049999 21021.9 0.00034743 1 -0.0833247 -0.133591 0.05 109582
0 3562 5 phononTS 0.00152182 -4.48769 3.80286 0.0345924 5009.8 0.00034743 1 -0.0331331 -0.271298 0.05 25849.4
0 3640 4 phononTF 0.00125109 -3.33344 3.8877 -0.0323583 1187.6 0.00069486 1 0.0156788 -0.168496 0.05 81688.5
0 3676 2 phononTF 0.00099938 -0.866952 1.75314 -0.0222111 25954.8 0.00034743 1 -0.0851924 -0.198783 0.05 35085.8
0 3712 3 phononTS 0.00175937 -4.81474 4.25429 0.0264585 7420.54 0.00034743 1 -0.0320096 -0.23865 0.05 46715.3
0 3712 4 phononTF 0.000589391 -0.0320096 -0.23865 0.049999 46715.3 0.00034743 1 0.0393051 -0.282856 0.05 46876.1
0 3738 2 phononTS 0.0022204 -4.29634 3.93237 -0.02087 976.022 0.00069486 1 -0.0729696 -0.147458 0.05 28541.1
0 3740 5 phononTF 0.00142899 -1.99218 2.37705 -0.0333154 21819.2 0.00069486 1 0.024131 -0.145346 0.05 67053.1
0 3763 2 phononTS 0.00270406 -3.97557 3.3165 -0.00270337 231.924 0.00069486 1 0.0298298 -0.200115 0.05 13681.2
0 3767 2 phononTF 0.000721695 -3.3032 3.40562 -0.0267807 1337.26 0.00034743 1 0.0503883 -0.125302 0.05 19822.7
0 3866 2 phononTF 0.00083387 -4.30195 3.46412 0.0333273 4759.7 0.00034743 1 0.0725941 -0.25954 0.05 11813.2
0 3866 5 phononTF 0.000366308 0.0725941 -0.25954 0.049998 11813.2 0.00034743 1 0.105724 -0.244058 0.05 11884
0 3879 2 phononTS 0.00154267 -3.91124 2.71325 -0.0194083 1389.27 0.00069486 1 -0.05784 -0.133152 0.05 19450
0 3915 4 phononTS 0.00145202 0.810821 0.0768792 -0.0375315 28521.8 0.00069486 1 0.107169 -0.219074 0.05 30736.7
0 3916 3 phononTF 0.00209505 -4.07341 3.25623 0.0359199 3436.5 0.00069486 1 -0.0977012 -0.192185 0.05 32850
0 3947 2 phononTS 0.00280936 -2.43399 4.01714 -0.0102272 8516.35 0.00069486 1 -0.0954729 -0.260408 0.05 27106.2
0 4026 3 phononTF 0.00211218 -4.59687 3.68566 -0.0304153 12150.2 0.00069486 1 0.0958518 -0.189511 0.05 20157.9
0 4074 2 phononL 0.00148397 -4.23626 3.4283 0.0099213 1716.04 0.00034743 1 -0.0907539 -0.263425 0.05 59302.6
0 4074 4 phononTF 0.000659193 -0.0907539 -0.263425 0.049999 59302.6 0.00034743 1 -0.0639168 -0.116651 0.05 59390.8
0 4109 3 phononTS 0.00199651 -3.30814 3.25341 0.0252629 1184.88 0.00034743 1 0.0509387 -0.258132 0.05 21737.7
0 4109 5 phononTF 0.00116608 0.0509387 -0.258132 0.049998 21737.7 0.00034743 1 -0.0401931 -0.266356 0.05 21947.1
0 4140 4 phononTF 0.000945073 -2.53157 0.899625 0.0268384 14239.9 0.00069486 1 -0.0721162 -0.18054 0.05 26851.6
0 4163 2 phononTF 0.00156014 -2.9088 3.78851 -0.00121329 11149.4 0.00034743 1 0.0926835 -0.136565 0.05 48001.1
0 4177 3 phononTS 0.00232831 -4.47883 4.45742 0.0157752 3582.31 0.00034743 1 0.0256287 -0.113868 0.05 57716.1
0 4177 5 phononTS 0.000372448 0.0256287 -0.113868 0.049999 57716.1 0.00034743 1 -0.0392156 -0.275616 0.05 58173.3
0 4242 3 phononTS 0.0023925 -3.00219 4.51972 -0.0210693 6897.46 0.00069486 1 -0.0220504 -0.225188 0.05 35622.2
0 4283 4 phononTF 0.00111491 -0.557215 2.42026 -0.0183119 12671.4 0.00069486 1 0.0186582 -0.249576 0.05 25879.9
0 4400 2 phononTF 0.00138575 -3.79239 3.87199 0.00150532 61.9423 0.00034743 1 0.028363 -0.230943 0.05 6428.5
0 4400 5 phononTF 0.000426012 0.028363 -0.230943 0.049999 6428.5 0.00034743 1 0.109614 -0.226544 0.05 6631.9
0 4483 2 phononTF 0.00134017 -4.96198 2.70282 -0.032586 5147.62 0.00034743 1 -0.0552664 -0.161437 0.05 71740.3
0 4483 4 phononTF 0.000602746 -0.0552664 -0.161437 0.049999 71740.3 0.00034743 1 0.0414235 -0.263943 0.05 71819
0 4532 7 phononTS 0.000838935 -1.24148 1.05171 0.0484579 52720.4 0.00034743 1 0.0296367 -0.0983761 0.05 82946
0 4532 4 phononL 0.000448599 -1.61783 1.55291 -0.0432854 52195.2 0.00034743 1 0.0368649 -0.300512 0.05 77455.5
0 4543 3 phononL 0.0018505 -4.88933 4.2061 -0.0349401 2744.98 0.00034743 1 0.0584049 -0.19963 0.05 94819.1
0 4562 5 phononTS 0.0010601 -0.673878 3.15055 -0.0125987 8212.95 0.00034743 1 0.0219089 -0.215577 0.05 16420.5
0 4604 4 phononTS 0.00163839 -3.12546 4.58479 0.0128861 7553.84 0.00034743 1 0.0695328 -0.284758 0.05 42972
0 4606 3 phononTS 0.00167552 -2.67445 3.04307 0.0482616 13716.5 0.00034743 1 0.105171 -0.184272 0.05 25305
0 4606 4 phononL 0.00113169 0.105171 -0.184272 0.049999 25305 0.00069486 1 0.0466892 -0.181999 0.05 25371.3
0 4660 4 phononTS 0.000351099 -3.90435 -1.94579 0.0109995 49007.3 0.00034743 1 -0.0619978 -0.288818 0.05 152921
0 4689 3 phononTS 0.00313847 -4.36023 3.35606 -0.0125546 620.731 0.00069486 1 0.0291174 -0.24117 0.05 24323.5
0 4700 2 phononTS 0.00229909 -4.20114 4.72913 -0.00157503 4636.14 0.00034743 1 0.0459697 -0.11519 0.05 56629.3
0 4731 2 phononTF 0.000777374 -3.31457 4.31598 0.0348474 2374.77 0.00034743 1 0.0809106 -0.211384 0.05 80578.3
0 4746 2 phononTS 0.00157128 -3.75069 3.6254 -0.0355176 3751.27 0.00034743 1 0.100857 -0.20061 0.05 45034
0 4747 3 phononTF 0.00118864 -3.87313 4.71513 -0.0265311 2151.07 0.00034743 1 0.0715362 -0.279487 0.05 35108
0 4773 2 phononL 0.00118564 -3.39005 2.10884 -0.00120987 15037.6 0.00034743 1 0.0194 -0.189768 0.05 54744.5
0 4773 4 phononTS 0.000468314 0.0194 -0.189768 0.049999 54744.5 0.00034743 1 0.017943 -0.194236 0.05 54801.6
0 4786 3 phononL 0.00157729 -3.67917 2.25228 3.24796e-06 2657.61 0.00034743 1 0.0376279 -0.274523 0.05 50135.8
0 4794 2 phononTS 0.00161607 -4.70654 3.29892 -0.00723617 3302.52 0.00034743 1 0.016145 -0.192069 0.05 12835
0 4801 2 phononL 0.0022849 -3.04756 2.52254 -0.0405959 2255.28 0.00069486 1 -0.040223 -0.185147 0.05 8400.6
0 4803 2 phononTF 0.00160626 -2.86998 4.06414 0.00997321 8263.05 0.00034743 1 -0.0330287 -0.197032 0.05 23233.7
0 4831 4 phononTF 0.0013095 -4.02046 4.63729 0.0150216 11475.2 0.00034743 1 -0.0822379 -0.149902 0.05 18724.7
0 4831 7 phononTS 0.000389065 -0.0822379 -0.149902 0.049999 18724.7 0.00034743 1 0.0970241 -0.146859 0.05 18878.2
0 4915 4 phononTS 0.00139662 -2.73243 4.58219 0.0442016 17650.4 0.00034743 1 0.103487 -0.223142 0.05 46637.7
0 4931 5 phononTF 0.00105821 -2.3768 3.01422 -0.03381 4348.42 0.00034743 1 -0.072683 -0.125825 0.05 20336.4
0 4951 3 phononTS 0.00215158 -3.74061 4.64573 -0.0184346 2899.29 0.00104229 1 -0.044122 -0.299871 0.05 81989.4
0 4951 4 phononTS 0.000718106 -0.044122 -0.299871 0.049998 81989.4 0.00034743 1 0.0957222 -0.146145 0.05 82241.8
0 4993 3 phononTS 0.00169331 -3.76752 4.21209 0.0264109 1299.03 0.00034743 1 0.0420846 -0.13877 0.05 23831.3
0 4993 6 phononTF 0.000973724 0.0420846 -0.13877 0.049999 23831.3 0.00034743 1 0.0500779 -0.225802 0.05 23970.6
