Run ID,Event ID,Track ID,Particle Name,Start Energy [eV],Start X [mm],Start Y [mm],Start Z [mm],Start Time [ns],Energy Deposited [eV],Track Weight,End X [mm],End Y [mm],End Z [mm],Final Time [ns],Volume Name
0 18 3 phononTF 0.00228469 3.26649 4.28567 0.0451985 13.1684 0.00034743 1 0.0780692 -0.210078 0.05 7825.63
0 27 3 phononTS 0.00210625 4.99144 2.29059 -0.0391332 16441.1 0.00034743 1 -0.0561001 -0.123468 0.05 45419.6
0 63 3 phononL 0.00211116 3.59587 3.86292 0.010143 1697.85 0.00069486 1 0.102667 -0.232028 0.05 21506.6
0 96 2 phononTF 0.0023753 4.18612 3.02375 0.0433634 7944.47 0.00104229 1 0.117746 -0.181915 0.05 60607.2
0 143 5 phononTS 0.00190926 -4.47068 -1.24264 0.0285012 42614 0.00069486 1 -0.111108 -0.176807 0.05 53340.4
0 189 5 phononTF 0.000468883 -0.258287 3.09199 0.0231555 13296.1 0.00034743 1 0.0900969 -0.142871 0.05 76085.6
0 191 2 phononTS 0.00209195 4.49277 3.15954 0.0193942 2560.24 0.00034743 1 -0.0580156 -0.155669 0.05 66975.1
0 191 7 phononTS 0.000665957 -0.0580156 -0.155669 0.049999 66975.1 0.00034743 1 0.0609281 -0.264786 0.05 67068.3
0 191 6 phononTS 0.000868879 -0.0580156 -0.155669 0.049999 66975.1 0.00034743 1 0.0436024 -0.229864 0.05 67053.8
0 213 3 phononTF 0.00254397 1.36875 3.79927 0.0315067 4178.23 0.00034743 1 0.021676 -0.217487 0.05 90331.9
0 283 2 phononTS 0.00229205 4.89534 4.33706 0.0123186 6945.87 0.00034743 1 -0.022602 -0.13764 0.05 20542
0 283 6 phononTS 0.000976839 -0.022602 -0.13764 0.049999 20542 0.00034743 1 -0.0187233 -0.150296 0.05 20598.5
0 299 3 phononTF 0.00149897 4.46479 4.72149 -0.00159231 6698.1 0.00034743 1 0.054236 -0.245715 0.05 13319
0 299 5 phononTF 0.000990103 0.054236 -0.245715 0.049998 13319 0.00034743 1 0.0542979 -0.290591 0.05 13408.1
0 328 2 phononL 0.00217951 3.1471 4.17152 0.0049018 1440.24 0.00034743 1 -0.0332254 -0.258393 0.05 51112.3
0 328 4 phononTF 0.000375243 -0.0332254 -0.258393 0.049999 51112.3 0.00034743 1 0.0206239 -0.194026 0.05 51180.1
0 349 4 phononTF 0.000676817 0.865714 3.36216 -0.04257 4601.37 0.00034743 1 -0.0322922 -0.208199 0.05 9517.83
0 360 2 phononTF 0.00208803 3.38755 3.66172 0.0401672 3327.2 0.00104229 1 0.107223 -0.21829 0.05 39359.1
0 400 3 phononL 0.00256408 3.06683 4.53737 -0.0306142 915.562 0.00069486 1 -0.0350168 -0.241408 0.05 59287.6
0 423 5 phononTS 0.00154116 -2.94407 4.83005 0.00766137 27907.4 0.00069486 1 -0.0507788 -0.138557 0.05 97054.8
0 426 2 phononTF 0.0019824 0.915484 4.89992 0.00769252 10148.5 0.00069486 1 -0.021083 -0.184189 0.05 19027.8
0 429 4 phononTS 0.00128763 1.84443 4.61536 -0.0349654 3224.47 0.00034743 1 -0.103487 -0.25677 0.05 20330.8
0 458 2 phononTF 0.00158522 3.28157 4.09259 0.0413033 2105.95 0.00034743 1 -0.109455 -0.23407 0.05 19609.3
0 458 6 phononTS 0.000398731 -0.109455 -0.23407 0.049999 19609.3 0.00034743 1 0.0169832 -0.175924 0.05 20178.9
0 466 2 phononTS 0.00214252 3.27962 3.74863 -0.0393459 962.054 0.00034743 1 0.0475421 -0.195891 0.05 95319.7
0 466 5 phononTS 0.000729445 0.0475421 -0.195891 0.049999 95319.7 0.00034743 1 -0.0328122 -0.213081 0.05 165383
0 470 5 phononTF 0.00196866 4.07229 2.15718 0.0209147 21434.3 0.00069486 1 0.100355 -0.238473 0.05 40240.5
0 485 2 phononTS 0.00185268 2.12054 4.83317 -0.00161597 7397.61 0.00069486 1 0.10513 -0.251229 0.05 25612.1
0 485 4 phononTF 0.000961332 0.10513 -0.251229 0.049999 25612.1 0.00069486 1 -0.0200384 -0.25301 0.05 25808.8
0 486 2 phononTS 0.00262196 3.00777 3.9672 0.00373347 972.817 0.00069486 1 -0.0672947 -0.273786 0.05 34856.3
0 513 2 phononTS 0.00127335 3.54579 4.17057 -0.0407438 2871.94 0.00034743 1 -0.0765644 -0.218618 0.05 70839.2
0 514 3 phononTS 0.00218642 3.26719 3.36159 -0.00979796 4747.46 0.00034743 1 0.107487 -0.217775 0.05 12469.1
0 527 5 phononTS 0.00143121 4.50398 1.423 -0.0388413 21375.1 0.00034743 1 -0.0555389 -0.140909 0.05 91769.2
0 537 3 phononL 0.0011952 3.35695 4.71451 -0.000587504 6255.9 0.00034743 1 0.0288264 -0.298869 0.05 30765.2
0 537 4 phononTS 0.000759953 0.0288264 -0.298869 0.049999 30765.2 0.00034743 1 0.0695161 -0.237473 0.05 30836.7
0 546 3 phononTF 0.00187643 4.75717 3.31976 0.0491901 3409.07 0.00069486 1 -0.0742374 -0.11225 0.05 13505
0 546 5 phononTF 0.000705625 -0.0742374 -0.11225 0.049999 13505 0.00034743 1 0.073866 -0.181361 0.05 13588.9
0 552 3 phononL 0.00283385 3.88383 4.27553 -0.0320386 2877.27 0.00069486 1 0.110299 -0.241624 0.05 42196.1
0 571 4 phononTF 0.00108354 2.99868 -1.31894 0.0159472 30591.4 0.00069486 1 -0.0327704 -0.189807 0.05 91075.7
0 575 3 phononL 0.00262401 3.48442 3.89194 0.0313885 2400.81 0.00034743 1 -0.0360254 -0.195964 0.05 39461.8
0 576 2 phononTS 0.0019182 3.7438 3.69689 0.0117049 16167.8 0.00034743 1 -0.0494213 -0.113112 0.05 33653.7
0 623 2 phononTS 0.00214383 2.51522 3.48112 -0.0220984 9392.28 0.00034743 1 -0.0411311 -0.219569 0.05 14095.2
0 639 5 phononTS 0.00189971 4.24876 3.60335 -0.0107636 25759.2 0.00034743 1 0.0563074 -0.265959 0.05 41729.4
0 639 6 phononTS 0.00109741 0.0563074 -0.265959 0.049999 41729.4 0.00034743 1 0.0565596 -0.253094 0.05 41786.6
0 639 13 phononTS 0.000381795 0.0565596 -0.253094 0.049999 41786.6 0.00034743 1 -0.0616523 -0.1971 0.05 41891.4
0 643 2 phononL 0.00108432 4.26602 3.57774 0.0105631 9983.23 0.00034743 1 -0.0890282 -0.231947 0.05 42277.3
0 664 2 phononL 0.00263152 3.44374 4.10009 0.00233589 3707.5 0.00034743 1 -0.103037 -0.202705 0.05 25792.2
0 681 3 phononTS 0.000841139 4.55341 4.69448 0.0241641 4024.34 0.00034743 1 0.0367332 -0.235254 0.05 37674.4
0 686 3 phononTS 0.00189236 3.25161 4.21926 -0.048672 2996.96 0.00034743 1 -0.0927288 -0.238635 0.05 106497
0 714 3 phononTF 0.00159054 4.1273 3.24052 -0.0425556 7205.28 0.00069486 1 0.0870114 -0.172419 0.05 35792.8
0 721 3 phononTS 0.00152055 2.7457 4.81331 -0.04015 2758.21 0.00034743 1 0.0205159 -0.203088 0.05 63658.3
0 730 2 phononTS 0.00125085 4.12441 3.94715 0.0166899 8148.18 0.00034743 1 -0.0479543 -0.114414 0.05 33606.5
0 731 5 phononL 0.000960854 -1.80038 0.711409 0.034821 45046.9 0.00069486 1 0.109906 -0.188596 0.05 46537.2
0 743 2 phononTF 0.00241833 2.10129 3.73179 -0.00905476 4050.11 0.00034743 1 -0.0713362 -0.215026 0.05 15991.9
0 743 5 phononTS 0.000467553 -0.0713362 -0.215026 0.049998 15991.9 0.00034743 1 -0.0783106 -0.171096 0.05 16345.3
0 789 4 phononTS 0.00215118 -0.237791 1.66935 -0.0247713 26260.5 0.00034743 1 -0.0888326 -0.159432 0.05 32022.5
0 815 4 phononTS 0.00125847 2.85353 3.80956 0.047704 16510.6 0.00034743 1 -0.0530368 -0.29605 0.05 45384.8
0 815 7 phononL 0.000593246 -0.0530368 -0.29605 0.049999 45384.8 0.00034743 1 0.0753726 -0.157421 0.05 45868.6
0 830 3 phononTS 0.00160752 1.75134 2.93554 0.046373 6122.8 0.00034743 1 0.0719604 -0.263277 0.05 116563
0 864 2 phononTS 0.00198894 3.08852 4.97195 -0.0431595 22302 0.00069486 1 -0.0772276 -0.165855 0.05 31483.1
0 906 4 phononTF 0.00133889 2.58839 3.50363 0.00382544 13540.1 0.00069486 1 0.066289 -0.183702 0.05 44468.5
0 911 2 phononTS 0.00185296 2.72254 4.54388 0.038008 2207.59 0.00069486 1 0.103207 -0.253346 0.05 56031.4
0 942 3 phononL 0.0025452 3.24757 4.24701 0.00310389 0.903373 0.00104229 1 -0.0942187 -0.22186 0.05 17804.6
0 942 5 phononL 0.000441552 -0.0942187 -0.22186 0.049999 17804.6 0.00034743 1 -0.0383025 -0.134036 0.05 18189.3
0 956 5 phononTF 0.00163481 3.61607 4.63896 -0.0462386 7640.69 0.00034743 1 0.0637384 -0.236547 0.05 26367.5
0 962 2 phononTF 0.0014745 0.22909 4.71976 0.00268903 19234 0.00034743 1 -0.0500398 -0.190324 0.05 41128.9
0 962 5 phononL 0.000488424 -0.0500398 -0.190324 0.049999 41128.9 0.00034743 1 -0.0644685 -0.223469 0.05 41991.3
0 1068 4 phononTS 0.000852061 0.922474 3.53627 -0.00900915 19492.1 0.00034743 1 0.0539155 -0.110673 0.05 92254.4
0 1193 3 phononTF 0.00141567 4.36225 4.15299 -0.0251505 9838.04 0.00069486 1 -0.0652169 -0.251751 0.05 69859.3
0 1232 2 phononTS 0.00106173 3.17175 2.90787 -0.00129417 14141.2 0.00034743 1 0.0425827 -0.243898 0.05 91919.2
0 1232 4 phononTF 0.000510889 0.0425827 -0.243898 0.049999 91919.2 0.00034743 1 0.0718659 -0.145901 0.05 92065.4
0 1283 2 phononTS 0.00152136 3.62969 4.81833 -0.0397775 2174.58 0.00034743 1 -0.0863902 -0.180977 0.05 43919.3
0 1283 4 phononTF 0.000785606 -0.0863902 -0.180977 0.049999 43919.3 0.00034743 1 0.0251825 -0.224521 0.05 43992.1
0 1327 2 phononTF 0.00078778 3.57317 3.77533 -0.0044074 881.416 0.00034743 1 0.0425545 -0.273602 0.05 62155.4
0 1350 5 phononTF 0.00170503 3.50163 2.24357 -0.0425447 23228 0.00034743 1 -0.0171424 -0.20718 0.05 55195.2
0 1404 2 phononTS 0.00246647 1.89217 3.74991 -0.0225168 2516.37 0.00034743 1 -0.102095 -0.231981 0.05 14533.6
0 1416 2 phononTF 0.00218653 2.87067 3.2266 -0.0405026 18705.7 0.00069486 1 -0.10277 -0.144946 0.05 40767.9
0 1416 11 phononTS 0.000653942 -0.10277 -0.144946 0.049999 40767.9 0.00034743 1 -0.032204 -0.206667 0.05 40921.6
0 1421 3 phononTF 0.00128463 2.14967 3.08286 -0.0079277 3117.89 0.00034743 1 -0.102525 -0.218259 0.05 32121.4
0 1472 2 phononTF 0.00213827 1.30765 4.97986 0.0245251 4833.66 0.00034743 1 -0.0377795 -0.29276 0.05 16213.3
0 1530 4 phononTS 0.00143045 1.27447 1.83454 0.0283857 13410 0.00069486 1 0.0958944 -0.209997 0.05 95194.7
0 1548 2 phononTS 0.00243291 0.962607 4.85591 0.00661931 4262.98 0.00034743 1 0.0602919 -0.225039 0.05 21636.7
0 1584 2 phononTS 0.00270631 4.3074 4.53608 -0.0251075 27656 0.00069486 1 0.0598104 -0.291457 0.05 62387
0 1587 2 phononTF 0.00187018 3.22099 4.56773 0.0484465 80.2543 0.00069486 1 0.0985902 -0.189515 0.05 81680.6
0 1587 8 phononTF 0.000725005 0.0985902 -0.189515 0.049999 81680.6 0.00034743 1 0.055305 -0.238484 0.05 81741.9
0 1616 3 phononTF 0.00171351 3.18409 4.24669 0.0132947 21.9459 0.00104229 1 0.0371086 -0.202169 0.05 20723.4
0 1696 2 phononTS 0.00117893 3.47307 2.35454 0.0160393 13621.5 0.00034743 1 -0.0681248 -0.12313 0.05 43227
0 1747 2 phononTS 0.00164623 3.5468 4.94261 -0.0141094 1174.23 0.00034743 1 0.0269432 -0.139066 0.05 45481.9
0 1758 2 phononTS 0.00202505 3.70393 4.23241 0.0291844 1037.81 0.00138972 1 0.0547825 -0.128322 0.05 15986.5
0 1909 4 phononTF 0.00125965 2.7416 4.65883 -0.0370714 69448.7 0.00034743 1 0.10033 -0.23343 0.05 91961.8
0 1909 7 phononTS 0.000701525 0.10033 -0.23343 0.049999 91961.8 0.00034743 1 0.120101 -0.213562 0.05 92023.5
0 1914 3 phononTF 0.00238514 2.35271 4.46423 -0.0172405 7242.86 0.00069486 1 0.0183736 -0.151814 0.05 68689.2
0 1916 4 phononTS 0.000609006 4.18412 2.6033 -0.0260025 30581.6 0.00034743 1 0.0972792 -0.200232 0.05 132513
0 1929 3 phononTF 0.00260524 2.85023 4.61185 0.0471348 700.353 0.00069486 1 0.0510454 -0.256361 0.05 75469.7
0 1970 3 phononTF 0.00205716 4.32792 3.58556 -0.0274563 6154.39 0.00069486 1 -0.0321613 -0.171038 0.05 26326.7
0 2048 3 phononL 0.00268658 3.98954 3.73526 0.0474851 9239.05 0.00069486 1 0.0473101 -0.149143 0.05 32072.6
0 2065 3 phononTF 0.00169932 1.81094 4.00177 -0.0166889 3736.77 0.00034743 1 -0.0256816 -0.255012 0.05 18002.8
0 2088 2 phononTS 0.00253636 0.606645 4.53497 -0.022359 17172.2 0.00069486 1 -0.0879941 -0.179468 0.05 48625.7
0 2112 7 phononTS 0.000735249 -0.859518 -4.18153 -0.0201746 93845.1 0.00069486 1 0.101292 -0.256875 0.05 156135
0 2115 3 phononTS 0.00241098 4.50247 3.34562 0.0130424 2827.95 0.00138972 1 0.0421602 -0.227757 0.05 22628.7
0 2150 3 phononTF 0.00102489 3.57957 4.71248 -0.00301327 2216.79 0.00034743 1 0.0827041 -0.263388 0.05 53264.4
0 2156 5 phononTS 0.00141336 1.73593 3.63334 -0.0209167 16973.1 0.00034743 1 -0.100266 -0.228554 0.05 23138.3
0 2166 2 phononL 0.00107134 2.06927 4.03296 0.00786348 14047.4 0.00034743 1 -0.0483587 -0.175978 0.05 28785.4
0 2174 2 phononL 0.00227344 1.99571 3.51356 0.000932776 5489.32 0.00104229 1 -0.049883 -0.109586 0.05 78163
0 2183 4 phononTF 0.00123762 2.04539 4.50833 0.0345731 47052.1 0.00034743 1 0.0934618 -0.251689 0.05 60647.6
0 2207 2 phononTS 0.00174682 2.00596 4.18568 -0.0145294 4057.87 0.00034743 1 0.0362117 -0.121242 0.05 37474.2
0 2212 3 phononTS 0.00204409 3.4172 4.81396 0.0400081 14810.3 0.00069486 1 -0.103878 -0.2448 0.05 46171.1
0 2284 2 phononTS 0.000595703 4.85955 1.25004 0.0246841 14296.7 0.00034743 1 -0.0962264 -0.152066 0.05 22303
0 2325 3 phononTF 0.00249223 4.34835 4.98493 0.0314122 5021.04 0.00104229 1 -0.0509896 -0.129467 0.05 24299.9
0 2340 3 phononTF 0.00209002 2.86361 4.79928 -0.0350983 3444.16 0.00034743 1 0.100929 -0.207774 0.05 58517.7
0 2415 2 phononTS 0.00159178 1.79879 4.38517 0.0391783 5286.76 0.00034743 1 -0.041612 -0.162177 0.05 17789.2
0 2415 8 phononTF 0.00110293 -0.041612 -0.162177 0.049999 17789.2 0.00069486 1 0.0659125 -0.24801 0.05 18027.5
0 2419 2 phononTS 0.00135946 3.59963 0.463774 0.0408995 14811.8 0.00104229 1 -0.0711998 -0.204669 0.05 53458.6
0 2420 5 phononTF 0.00172809 1.50212 2.22129 0.0324202 11811.3 0.00034743 1 0.019605 -0.24095 0.05 43784
0 2420 7 phononTF 0.000668015 0.019605 -0.24095 0.049999 43784 0.00034743 1 0.0739353 -0.239492 0.05 43844.7
0 2471 5 phononL 0.00127714 3.72795 3.78773 0.0455564 15059.8 0.00069486 1 0.105311 -0.211855 0.05 31464.5
0 2476 3 phononTF 0.0020901 3.03824 4.53609 0.0432958 9201.13 0.00034743 1 0.0685557 -0.239326 0.05 64918.2
0 2476 5 phononTS 0.00155393 0.0685557 -0.239326 0.049999 64918.2 0.00069486 1 0.0736225 -0.239293 0.05 64975.7
0 2499 5 phononTS 0.000759865 0.131029 4.53391 -3.32478e-05 53988.8 0.00034743 1 -0.0576782 -0.284958 0.05 71256.4
0 2508 5 phononTS 0.00128815 0.401377 4.97958 -0.00270839 6102.03 0.00034743 1 -0.0090957 -0.198068 0.05 34139.7
0 2538 2 phononTF 0.0024172 3.18848 4.1956 -0.037774 185.738 0.00104229 1 -0.0797696 -0.155467 0.05 37795.4
0 2555 4 phononL 0.00144241 1.28943 4.01507 -0.0398328 7226.71 0.00034743 1 -0.0447998 -0.0973246 0.05 75719
0 2571 2 phononL 0.00205801 3.25914 4.24077 0.021053 43.9749 0.00069486 1 0.0768939 -0.230766 0.05 81154.5
0 2581 7 phononTS 0.000458094 1.63587 -0.920144 0.0184914 68461.9 0.00034743 1 -0.0320704 -0.195937 0.05 89003.5
0 2611 5 phononTS 0.00127618 2.32467 2.60742 0.00571212 14914.5 0.00034743 1 0.0214614 -0.243312 0.05 30806.2
0 2648 2 phononTS 0.000466794 2.90813 4.62947 -0.00176215 2537.35 0.00034743 1 0.0073854 -0.19862 0.05 112454
0 2669 3 phononL 0.0022095 2.78555 4.34632 0.00764414 387.656 0.00034743 1 -0.034475 -0.305774 0.05 42464.4
0 2669 5 phononTF 0.00082233 -0.034475 -0.305774 0.049999 42464.4 0.00034743 1 -0.0362214 -0.287831 0.05 42637.7
0 2669 12 phononTS 0.000447749 -0.0362214 -0.287831 0.049999 42637.7 0.00034743 1 -0.0423802 -0.296673 0.05 42703.6
0 2726 4 phononTF 0.0008421 -4.47284 -0.577022 -0.0288228 78984.3 0.00034743 1 0.039574 -0.124017 0.05 123848
0 2726 2 phononTF 0.00112922 4.9791 4.30418 -0.00197687 2957.41 0.00069486 1 -0.0553958 -0.263507 0.05 11325.5
0 2739 2 phononTF 0.00103112 4.66951 4.87609 0.0415989 14423.9 0.00034743 1 0.0205658 -0.234301 0.05 33775.9
0 2775 2 phononL 0.0011534 4.66746 3.89822 -0.0195245 1701.79 0.00034743 1 -0.0932808 -0.176296 0.05 11464.7
0 2775 8 phononTS 0.000372693 -0.0932808 -0.176296 0.049999 11464.7 0.00034743 1 -0.106569 -0.152778 0.05 11632.6
0 2805 3 phononTS 0.00196339 2.4404 3.14062 -0.0132008 6854.32 0.00069486 1 0.106776 -0.21548 0.05 43730.2
0 2816 3 phononL 0.00182606 3.08053 4.68447 0.0278919 2426.67 0.00034743 1 -0.052383 -0.28944 0.05 27170
0 2826 6 phononTF 0.00108345 -4.93448 1.95295 0.0204913 32512 0.00034743 1 0.073974 -0.167463 0.05 37175.7
0 2836 3 phononTF 0.00304044 3.79736 4.64168 0.037593 12621.8 0.00104229 1 0.0906236 -0.207387 0.05 41436.3
0 2836 6 phononTS 0.000461398 0.0906236 -0.207387 0.049999 41436.3 0.00034743 1 0.0902701 -0.160242 0.05 41757.2
0 2857 3 phononTS 0.00271321 3.28748 3.50038 0.0411134 31194.2 0.00034743 1 0.0346702 -0.223861 0.05 50338.3
0 2857 4 phononTS 0.0013941 0.0346702 -0.223861 0.049999 50338.3 0.00069486 1 -0.05305 -0.213612 0.05 50414.7
0 2862 2 phononTF 0.00166041 2.90684 3.41633 -0.0351275 10849.3 0.00069486 1 -0.0532516 -0.22014 0.05 61958.5
0 2903 3 phononTS 0.00236349 4.73174 3.38238 -0.0433738 4467.49 0.00104229 1 -0.0632184 -0.177047 0.05 32091.6
0 2921 2 phononTF 0.0014144 3.26322 4.33633 -0.0288027 40.6922 0.00034743 1 -0.107303 -0.230226 0.05 8156.84
0 2932 3 phononTF 0.00209907 3.57148 2.30225 -0.022848 19296.5 0.00069486 1 0.061516 -0.277168 0.05 28743.3
0 2933 4 phononTF 0.00159136 1.14351 3.08712 -0.0351576 16719.8 0.00034743 1 -0.0120139 -0.190777 0.05 27924
0 2935 4 phononTF 0.00131913 3.7294 -2.17914 0.0445608 53975.3 0.00069486 1 -0.0780102 -0.220314 0.05 80487.8
0 2953 5 phononTS 0.00058298 0.349327 1.65135 0.0423475 17521.1 0.00034743 1 0.095625 -0.218186 0.05 47000.1
0 3054 3 phononTS 0.00202152 4.41627 2.6165 0.0485227 5111.7 0.00034743 1 -0.017545 -0.208495 0.05 56426.3
0 3105 3 phononL 0.00226155 0.114385 2.89265 0.0026921 22767.8 0.00034743 1 -0.0939826 -0.218094 0.05 26199.9
0 3125 2 phononTF 0.00150282 3.57584 4.32148 0.0153912 15971.4 0.00034743 1 0.0906805 -0.225651 0.05 32035.4
0 3125 6 phononTF 0.000981202 0.0906805 -0.225651 0.049999 32035.4 0.00034743 1 0.09062 -0.161914 0.05 32104.8
0 3125 12 phononTS 0.000571124 0.09062 -0.161914 0.049999 32104.8 0.00034743 1 -0.0672852 -0.127978 0.05 32205
0 3147 3 phononTS 0.00182823 3.34643 4.14382 0.00598648 1178.28 0.00034743 1 0.0914452 -0.232466 0.05 11634.7
0 3147 4 phononTF 0.000755532 0.0914452 -0.232466 0.049999 11634.7 0.00034743 1 0.0538404 -0.209376 0.05 11693.8
0 3147 2 phononTF 0.00217177 3.34643 4.14382 0.00598648 1178.28 0.00069486 1 -0.0785788 -0.127901 0.05 32338
0 3155 3 phononTF 0.0016162 3.42204 4.20856 0.0471377 708.37 0.00034743 1 0.0471055 -0.283468 0.05 44538.9
0 3188 3 phononTS 0.00234775 2.30513 4.26727 -0.0496434 26125.1 0.00104229 1 -0.0433105 -0.247029 0.05 47910.4
0 3188 5 phononTS 0.000707375 -0.0433105 -0.247029 0.049998 47910.4 0.00034743 1 -0.0193666 -0.220196 0.05 47971.3
0 3191 2 phononL 0.00228462 3.70369 4.81473 -0.00440547 2161.89 0.00104229 1 -0.0460506 -0.225887 0.05 18047.9
0 3272 2 phononTS 0.000483922 2.6896 4.80305 -0.0270997 5332 0.00034743 1 0.0962904 -0.141009 0.05 11595
0 3282 2 phononL 0.00180977 2.44141 4.15634 0.0131866 31116.9 0.00069486 1 -0.0862359 -0.14291 0.05 45699.3
0 3282 5 phononTS 0.000394839 -0.0862359 -0.14291 0.049999 45699.3 0.00034743 1 0.0827178 -0.272232 0.05 46191
0 3368 3 phononTF 0.00178947 -0.823176 3.92605 0.00776797 25851.3 0.00034743 1 0.062477 -0.106642 0.05 96630.7
0 3378 2 phononTS 0.00216585 2.50336 4.27111 0.040841 6255.85 0.00069486 1 -0.0595282 -0.160726 0.05 21056.3
0 3493 5 phononL 0.00130641 4.1589 4.18802 -0.0156209 10634 0.00104229 1 0.108075 -0.221927 0.05 19012.3
0 3494 5 phononTF 0.00142841 2.47881 2.17374 -0.0160359 3658.43 0.00069486 1 -0.0951126 -0.13686 0.05 14283.8
0 3526 5 phononTS 0.00165158 3.13102 2.70905 0.0479989 6689.57 0.00034743 1 -0.0301881 -0.257192 0.05 39460.8
0 3530 5 phononTF 0.00135873 0.690262 3.47989 0.0219598 20211.4 0.00034743 1 -0.0216949 -0.241948 0.05 56474
0 3594 4 phononTS 0.000696083 3.47153 4.73758 -0.0477993 6274.31 0.00034743 1 -0.059378 -0.155753 0.05 44993.1
0 3621 2 phononTF 0.000820779 0.951617 3.28935 -0.0194929 7309.61 0.00034743 1 -0.0254187 -0.245904 0.05 77250.4
0 3632 3 phononTS 0.0024328 2.70545 4.56174 0.0183 7183.97 0.00034743 1 -0.0771016 -0.19622 0.05 47256.1
0 3645 5 phononTS 0.00142012 3.04663 4.82528 -0.0281524 40043.2 0.00034743 1 -0.0405462 -0.264921 0.05 81161.5
0 3696 3 phononL 0.00198925 3.23707 3.82286 -0.0288364 4561.34 0.00138972 1 -0.109527 -0.216521 0.05 12894.6
0 3699 5 phononTS 0.00171147 1.93102 3.833 0.0254113 4240.52 0.00034743 1 -0.0388148 -0.21469 0.05 20987.6
0 3699 7 phononTS 0.000885914 -0.0388148 -0.21469 0.049998 20987.6 0.00034743 1 -0.0721565 -0.119056 0.05 21067.5
0 3717 5 phononTF 0.000977461 1.96694 3.11379 -0.0139832 47212.9 0.00034743 1 0.0672779 -0.240948 0.05 67597.7
0 3754 3 phononL 0.0029664 1.9668 4.15656 -0.044616 3439.77 0.00069486 1 -0.0378925 -0.235851 0.05 83724.1
0 3763 2 phononL 0.00153514 3.08139 3.98365 -0.020182 2743.12 0.00034743 1 -0.0108442 -0.187285 0.05 48538.8
0 3770 2 phononTS 0.00244921 4.88084 3.06344 0.041954 12976.2 0.00069486 1 0.0601454 -0.207494 0.05 48089.7
0 3770 4 phononTF 0.00122061 0.0601454 -0.207494 0.049999 48089.7 0.00034743 1 0.014323 -0.217388 0.05 48188.6
0 3774 2 phononTS 0.00168478 2.97921 4.76457 0.035319 1111.71 0.00104229 1 -0.0953356 -0.199544 0.05 25920.8
0 3851 3 phononTS 0.00235109 4.28012 4.80086 0.0491433 5055.43 0.00069486 1 -0.0247782 -0.250859 0.05 70046.4
0 3864 3 phononL 0.0018962 3.28599 3.58479 -0.0225552 1234.38 0.00034743 1 -0.0565655 -0.225557 0.05 24865.2
0 3872 2 phononTF 0.00164799 3.33567 1.14479 -0.0133767 14993.6 0.00034743 1 0.0726389 -0.226815 0.05 66364.3
0 3874 5 phononTF 0.00148633 4.74719 0.728028 0.00603285 19683.2 0.00034743 1 -0.101862 -0.182006 0.05 23526.9
0 3916 2 phononL 0.000936196 3.3125 4.74512 0.0227801 6513.19 0.00034743 1 -0.0337717 -0.210705 0.05 60278
0 3920 3 phononTF 0.00206501 4.43073 3.5652 -0.0107861 5160.75 0.00069486 1 -0.0688619 -0.280717 0.05 75544.1
0 3934 3 phononTS 0.00172922 3.45095 3.62642 0.00463802 9613.08 0.00069486 1 -0.0826982 -0.280086 0.05 35359.6
0 3986 4 phononTF 0.00160679 3.00283 3.56545 -0.0246645 8207.79 0.00069486 1 0.0403297 -0.148002 0.05 11706.1
0 3986 2 phononTF 0.00110099 3.07033 4.49695 0.00945531 2370.34 0.00069486 1 0.0146636 -0.217732 0.05 78318.5
0 4017 3 phononTS 0.00156998 1.67579 4.92539 0.0319128 10956.8 0.00034743 1 -0.0423168 -0.288183 0.05 111618
0 4017 4 phononTF 0.000495454 -0.0423168 -0.288183 0.049999 111618 0.00034743 1 -0.0777629 -0.237 0.05 111777
0 4065 3 phononL 0.0020466 3.16897 4.9608 0.0496662 3829.17 0.00034743 1 0.0323631 -0.114824 0.05 66462.7
0 4097 4 phononTF 0.000936146 3.41464 4.34218 -0.00998062 17568.7 0.00034743 1 -0.0367777 -0.119815 0.05 37750.3
0 4119 3 phononTS 0.00202771 3.75951 4.73801 0.0113794 1288.82 0.00104229 1 -0.0381882 -0.236884 0.05 21219.3
0 4155 5 phononTF 0.000534046 3.15915 -2.17745 -0.0335178 30131.4 0.00034743 1 -0.102384 -0.213342 0.05 98440
0 4167 2 phononTS 0.00251632 3.34392 4.29415 0.0238831 43.7788 0.00069486 1 0.0479235 -0.131418 0.05 12029.8
0 4167 9 phononTS 0.000703881 0.0479235 -0.131418 0.049999 12029.8 0.00034743 1 -0.0392579 -0.279664 0.05 12957.5
0 4234 4 phononTF 0.000940546 4.33429 3.39861 -0.0164785 40988.9 0.00034743 1 0.0361896 -0.237241 0.05 52120.2
0 4246 4 phononTF 0.00135019 2.89394 4.31509 -0.038386 527.933 0.00034743 1 -0.0243351 -0.135945 0.05 31908.2
0 4295 2 phononTF 0.00100924 1.76867 4.667 -0.0272393 6441.03 0.00034743 1 0.0478306 -0.240515 0.05 105603
0 4359 2 phononTS 0.00226692 3.00009 3.86315 0.0392339 1852.83 0.00034743 1 -0.104433 -0.174678 0.05 54678.7
0 4365 3 phononL 0.00287541 2.25194 2.54681 0.0388206 6882.21 0.00069486 1 0.0829319 -0.143959 0.05 33831.2
0 4372 2 phononTS 0.00227253 3.50961 4.67075 -0.0282636 2106.33 0.00034743 1 0.062908 -0.114414 0.05 28239.9
0 4372 5 phononL 0.00165768 0.062908 -0.114414 0.049999 28239.9 0.00034743 1 0.0724785 -0.128789 0.05 28289.5
0 4372 10 phononTS 0.00125213 0.0724785 -0.128789 0.049999 28289.5 0.00034743 1 0.092409 -0.129606 0.05 28350.5
0 4434 2 phononTF 0.00228006 3.70028 4.72441 -0.0302393 1370.56 0.00034743 1 -0.0627234 -0.224023 0.05 26338.6
0 4435 5 phononTF 0.00166777 2.39989 -2.00747 0.0246402 53856.3 0.00034743 1 -0.103447 -0.214916 0.05 91076.5
0 4451 5 phononTS 0.0010081 1.46262 0.548049 0.0211811 14317.7 0.00034743 1 0.0706924 -0.139682 0.05 17828.5
0 4452 5 phononL 0.00110657 4.74873 3.54406 -0.0184644 17783.2 0.00034743 1 -0.0599113 -0.140142 0.05 31211.5
0 4461 3 phononTS 0.00247988 1.98128 4.12498 -0.0402996 4047.94 0.00104229 1 0.100388 -0.138712 0.05 12442.9
0 4466 3 phononTS 0.00194379 0.471688 2.7989 -0.0251723 5146.58 0.00034743 1 0.0358693 -0.122429 0.05 13994.3
0 4559 2 phononTS 0.00215765 4.45341 3.43077 -0.00286211 6905.98 0.00069486 1 -0.107778 -0.201715 0.05 16302
0 4596 2 phononTF 0.00164482 4.83048 3.12829 -0.0105828 12423.8 0.00034743 1 0.0208026 -0.194075 0.05 55426.5
0 4635 5 phononTS 0.00131631 1.09796 -0.104812 -0.0066919 49165.6 0.00034743 1 -0.0285912 -0.19868 0.05 60762.1
0 4709 2 phononTS 0.00163967 3.94972 3.90462 -0.0424702 2256.72 0.00069486 1 -0.105852 -0.224483 0.05 30538.1
0 4724 3 phononTF 0.0015653 4.5183 4.23547 0.0444968 3214.7 0.00034743 1 0.0404481 -0.155047 0.05 6257.83
0 4741 2 phononTS 0.00107258 2.14848 3.16452 0.0359411 7713.7 0.00034743 1 0.0846016 -0.19704 0.05 94941.9
0 4781 3 phononTS 0.00175566 2.70904 1.36873 0.0483837 13982.6 0.00069486 1 0.0937598 -0.14788 0.05 67450
0 4893 2 phononL 0.00155722 2.90045 3.85248 -0.00980899 2289.73 0.00069486 1 -0.0397802 -0.266391 0.05 144468
0 4893 5 phononL 0.000466715 -0.0397802 -0.266391 0.049998 144468 0.00034743 1 -0.089798 -0.256771 0.05 144515
0 4931 2 phononTF 0.00112385 1.33198 3.28666 0.0113198 7328.75 0.00034743 1 -0.0428165 -0.179394 0.05 84194
0 4955 3 phononL 0.00119205 4.88117 4.07048 -0.0459205 9459.12 0.00034743 1 0.0507995 -0.193031 0.05 61393.2
0 4989 2 phononTS 0.00223588 0.777809 3.68353 -0.0167645 31691 0.00034743 1 0.0513198 -0.233266 0.05 75325.5
0 4989 6 phononL 0.00163885 0.0513198 -0.233266 0.049999 75325.5 0.00069486 1 0.0451274 -0.159143 0.05 75715.8
0 4997 2 phononTS 0.00238149 1.62247 3.93668 0.0460439 2036.58 0.00104229 1 -0.0645186 -0.217322 0.05 16022.5
