Run ID,Event ID,Track ID,Particle Name,Start Energy [eV],Start X [mm],Start Y [mm],Start Z [mm],Start Time [ns],Energy Deposited [eV],Track Weight,End X [mm],End Y [mm],End Z [mm],Final Time [ns],Volume Name
0 21 5 phononTS 0.00132711 4.83802 -2.29913 0.0467845 57932.2 0.00069486 1 -0.0446976 -0.201149 0.05 159024
0 27 6 phononTF 0.00075147 4.6731 -0.704656 0.0307414 34180.5 0.00034743 1 0.106831 -0.166343 0.05 49653.5
0 30 3 phononTS 0.00265359 -1.60746 -1.66589 0.0468792 4498.19 0.00034743 1 0.0615981 -0.160298 0.05 10482.7
0 60 2 phononL 0.00212686 -0.827414 0.701641 -0.0404158 5315.42 0.00069486 1 -0.0297534 -0.28365 0.05 18901.6
0 67 6 phononL 0.000421045 -2.17801 0.072802 0.049999 6213.33 0.00034743 1 0.0409684 -0.162109 0.05 10069
0 75 2 phononTF 0.0016842 3.14094 -1.88003 -0.0368859 11975.3 0.00034743 1 0.0998864 -0.20851 0.05 21138.8
0 87 1 phononTS 0.004 -2.25 -0.75 0 0 0.00104229 1 -0.0736912 -0.206994 0.05 7344.89
0 87 2 phononTS 0.00151891 -0.0736912 -0.206994 0.049999 7344.89 0.00069486 1 -0.0948595 -0.212861 0.05 7450.22
0 88 3 phononTS 0.00196808 -1.26567 -0.913067 -0.0121874 3549.51 0.00069486 1 -0.0928281 -0.264749 0.05 18003.1
0 116 5 phononL 0.00058272 -1.95784 0.0258504 0.049999 6724.43 0.00034743 1 0.0742111 -0.153371 0.05 9480.2
0 126 3 phononTF 0.00231731 -1.13816 -0.629998 -0.00561138 2911.57 0.00034743 1 -0.0294375 -0.117525 0.05 6258.66
0 164 1 phononTS 0.004 -2.25 -0.75 0 0 0.00069486 1 -0.0790564 -0.23255 0.05 7241.4
0 179 2 phononTF 0.00207715 -1.89745 -0.578571 -0.0211474 820.814 0.00069486 1 0.0804145 -0.222678 0.05 2780.94
0 214 2 phononTS 0.00123707 -0.180555 -0.636317 -0.0364341 6537.64 0.00069486 1 0.080175 -0.131878 0.05 39951
0 221 2 phononTF 0.000806075 -0.398423 0.0217371 0.049999 8034.38 0.00034743 1 -0.0947434 -0.153296 0.05 8733.02
0 248 3 phononTS 0.000490571 -2.08414 0.0577552 0.049999 1194.09 0.00034743 1 0.0769399 -0.224871 0.05 62191.3
0 285 2 phononTF 0.00195456 -1.76887 -0.461004 0.0486721 7999.23 0.00034743 1 0.0817341 -0.249966 0.05 22703.1
0 290 2 phononL 0.00194674 -2.11863 -1.98021 -0.0414965 11098.4 0.00069486 1 -0.106527 -0.206741 0.05 18116.4
0 295 5 phononTF 0.00201688 -2.74105 -2.0145 0.0197337 7007.24 0.00069486 1 -0.0324201 -0.201119 0.05 40067.8
0 322 3 phononTF 0.00183765 -1.05252 -2.31446 -0.0359721 9045.29 0.00034743 1 0.116309 -0.220866 0.05 43191.2
0 343 3 phononTS 0.00185409 -1.70157 -0.291935 -0.0342446 1647.54 0.00034743 1 -0.0922018 -0.195755 0.05 32987.1
0 343 7 phononTF 0.000685301 -0.0922018 -0.195755 0.049998 32987.1 0.00034743 1 -0.112891 -0.23334 0.05 33267.6
0 349 2 phononTS 0.00131436 -2.09198 -2.48936 0.0419721 6084.95 0.00069486 1 -0.0693476 -0.124164 0.05 13059.1
0 355 3 phononTS 0.00132791 -1.27844 -0.572529 -0.032641 2385.91 0.00034743 1 0.113275 -0.18298 0.05 5617.31
0 394 3 phononTS 0.00179266 -1.92334 -0.709182 0.00609927 1977.91 0.00069486 1 0.0920578 -0.131818 0.05 4031.13
0 419 2 phononTF 0.00201151 -2.3265 -2.72631 0.0151982 5311.75 0.00069486 1 -0.0852161 -0.120482 0.05 14012.7
0 429 5 phononTF 0.00128496 2.73667 1.53083 -0.0292661 59476 0.00069486 1 -0.0360574 -0.134468 0.05 66990.5
0 430 3 phononL 0.00215561 -0.772762 -0.792968 -0.00492548 2415.39 0.00034743 1 -0.113242 -0.188158 0.05 3777.26
0 430 10 phononL 0.00106011 -0.0071079 -3.91811 0.0128079 29618.5 0.00034743 1 -0.0462994 -0.292575 0.05 94973.3
0 446 5 phononTS 0.000431162 -0.169394 0.0922312 0.049999 4004.36 0.00034743 1 0.0832237 -0.137693 0.05 6151.24
0 454 3 phononTF 0.00258368 -2.53225 -0.70843 0.0239695 8882.68 0.00034743 1 -0.0694991 -0.287956 0.05 17243.8
0 454 5 phononTF 0.000739767 -0.0694991 -0.287956 0.049999 17243.8 0.00034743 1 0.0924507 -0.18044 0.05 17413.1
0 479 2 phononTF 0.0016294 -2.23224 -0.601048 -0.0378566 1158.51 0.00034743 1 -0.094214 -0.166983 0.05 36953.3
0 479 6 phononTS 0.000975815 -0.094214 -0.166983 0.049999 36953.3 0.00034743 1 -0.068544 -0.130766 0.05 37016.4
0 481 2 phononTS 0.000480347 -3.19462 0.0911394 0.049999 5423.36 0.00034743 1 0.103031 -0.251813 0.05 27880.4
0 488 3 phononTF 0.000642886 -2.94796 0.0437912 0.049999 4770.12 0.00034743 1 -0.068693 -0.246071 0.05 37416.2
0 508 2 phononL 0.00250656 -2.40985 -3.80996 -0.00325527 9417.57 0.00138972 1 0.0624953 -0.276975 0.05 89585.7
0 513 2 phononTF 0.00176618 -1.79395 -1.07137 0.00259641 1919.55 0.00034743 1 -0.030831 -0.132193 0.05 5438.25
0 546 5 phononTF 0.00109947 0.627379 1.92485 -0.0453235 5194.94 0.00034743 1 -0.0587246 -0.261577 0.05 8415.46
0 572 6 phononTF 0.000436634 -0.373692 0.0467234 0.049999 16180.1 0.00034743 1 -0.0592552 -0.147465 0.05 17331.6
0 592 2 phononTF 0.00192587 -1.2385 -1.43133 0.00298957 2408.45 0.00069486 1 0.0814504 -0.158115 0.05 34690.2
0 626 4 phononTS 0.00162149 -0.822835 0.0066112 -0.0309405 9583.14 0.00034743 1 0.020158 -0.152044 0.05 9921.02
0 645 2 phononTF 0.00151133 -1.29122 -2.40201 0.0286982 10348.2 0.00034743 1 0.0252373 -0.24312 0.05 30762.9
0 664 2 phononTS 0.00154795 -1.55417 -0.471803 0.043316 1842.84 0.00034743 1 -0.0650004 -0.22901 0.05 15975.2
0 667 3 phononTS 0.00219514 -2.34396 -0.877104 -0.0493775 77.3812 0.00069486 1 0.0694366 -0.27706 0.05 22579
0 672 3 phononTF 0.00295354 -1.63025 -0.918684 0.0104708 1711.29 0.00034743 1 -0.0380339 -0.248235 0.05 17310.1
0 707 4 phononTS 0.00108862 0.714696 0.138498 -0.00263652 23291.3 0.00034743 1 0.0339297 -0.304742 0.05 24008.6
0 714 2 phononTF 0.00168648 -2.31776 -0.96863 0.0246065 2230.7 0.00034743 1 -0.089675 -0.240564 0.05 3976.51
0 717 3 phononTF 0.00137566 -1.83082 -0.497476 -0.0318364 1485.84 0.00034743 1 0.117367 -0.181154 0.05 5667.64
0 718 4 phononTS 0.00069856 -2.64403 0.0409484 0.049999 2572.25 0.00034743 1 0.0168932 -0.181693 0.05 15272.1
0 756 2 phononTF 0.00203453 -2.29523 -1.3267 0.0286821 1129.13 0.00034743 1 0.0884452 -0.269054 0.05 8461.73
0 759 5 phononL 0.000565875 -2.05754 0.0842653 0.049999 3287.69 0.00034743 1 -0.0742407 -0.120158 0.05 7402.01
0 764 6 phononTS 0.000380911 -2.2266 0.0203631 0.049999 1910.79 0.00034743 1 -0.103632 -0.253033 0.05 11964.7
0 801 3 phononTF 0.00249342 -2.22569 -0.829287 -0.0429173 105.033 0.00034743 1 0.0542197 -0.104837 0.05 14016.9
0 821 3 phononTF 0.00187175 -3.43937 -1.59712 -0.00130932 2113.03 0.00034743 1 -0.106805 -0.166962 0.05 11782.6
0 850 5 phononTS 0.00105074 0.109026 3.99614 0.0308562 32293.1 0.00034743 1 0.0876871 -0.152 0.05 34424.3
0 884 2 phononTS 0.00257411 -0.210569 -1.63655 -0.012224 22178 0.00069486 1 0.0324398 -0.204368 0.05 24000.4
0 955 3 phononTF 0.00256452 -2.60125 -2.09229 0.00113232 3859.07 0.00034743 1 0.1046 -0.224421 0.05 66315.3
0 955 5 phononTF 0.00152814 0.1046 -0.224421 0.049999 66315.3 0.00034743 1 0.101 -0.202907 0.05 66386.7
0 955 14 phononTS 0.00035286 0.101 -0.202907 0.049999 66386.7 0.00034743 1 0.111448 -0.186271 0.05 66443.1
0 955 4 phononTF 0.000523044 0.1046 -0.224421 0.049999 66315.3 0.00034743 1 -0.037854 -0.221787 0.05 92208.4
0 985 2 phononTF 0.00224593 -2.83892 -0.131578 0.0262043 2133.49 0.00104229 1 0.0619944 -0.184773 0.05 40818.8
0 1020 5 phononTF 0.00136084 0.399873 -0.669085 0.0488334 14665.2 0.00034743 1 0.111548 -0.212426 0.05 20811.3
0 1024 2 phononTF 0.000933308 -3.28887 -2.31763 0.00987018 2027.09 0.00069486 1 0.0756863 -0.126983 0.05 16365.1
0 1105 3 phononTS 0.00209323 -1.84829 -0.836184 0.0370666 418.538 0.00034743 1 0.0518241 -0.298619 0.05 58060.6
0 1137 2 phononTF 0.00191262 -2.25485 -0.754451 -0.00272881 3.85153 0.00069486 1 0.117546 -0.184343 0.05 5297.13
0 1141 2 phononTS 0.0016185 -1.76708 -1.55881 -0.01924 1173.74 0.00069486 1 -0.0152491 -0.185005 0.05 2382.93
0 1155 3 phononTS 0.00182831 -2.99559 -1.45113 -0.0097787 5170.81 0.00104229 1 -0.042517 -0.255143 0.05 34392.4
0 1177 2 phononTF 0.00188805 -2.26058 -0.790706 -0.0295399 103.08 0.00104229 1 -0.0998594 -0.258081 0.05 47819.8
0 1183 2 phononTF 0.00278332 -2.85857 -0.95233 0.0269783 1354.05 0.00034743 1 0.0521182 -0.132146 0.05 66653.5
0 1193 4 phononTF 0.00106962 -2.40849 0.657532 0.0390697 9959.47 0.00069486 1 -0.104325 -0.144491 0.05 58903
0 1223 5 phononTS 0.00130034 -2.74465 -0.868233 0.00591201 1695.43 0.00034743 1 -0.0334419 -0.245768 0.05 67307.1
0 1242 2 phononTS 0.00227532 -2.26538 -0.814916 -0.00769512 24.2329 0.00034743 1 -0.0375612 -0.209685 0.05 22848.2
0 1247 3 phononTF 0.00177031 -2.01758 -0.487874 0.0156162 799.169 0.00034743 1 0.0411024 -0.170863 0.05 51164.6
0 1311 5 phononL 0.00133215 -3.63711 -3.04585 -0.00602919 34778.7 0.00069486 1 0.083715 -0.134764 0.05 89038.1
0 1378 3 phononTS 0.00246726 -2.25327 -0.748348 0.00424955 1.04603 0.00069486 1 -0.0975098 -0.185587 0.05 4176.73
0 1378 4 phononTS 0.00122326 -0.0975098 -0.185587 0.049999 4176.73 0.00069486 1 -0.0606873 -0.162228 0.05 4243.27
0 1380 3 phononTS 0.00253766 -2.01977 0.838567 0.0329609 3484.17 0.00069486 1 0.110605 -0.172123 0.05 55094.2
0 1380 4 phononTS 0.00133389 0.110605 -0.172123 0.049999 55094.2 0.00034743 1 0.0325438 -0.222966 0.05 55249.2
0 1429 3 phononL 0.00258139 -2.45134 -1.87592 0.0252148 3256.78 0.00069486 1 0.0548771 -0.250925 0.05 22789.3
0 1434 3 phononTF 0.00156625 -1.52166 -1.62154 -0.041458 4672.24 0.00034743 1 -0.0636147 -0.122584 0.05 83146.8
0 1434 4 phononTF 0.000785264 -0.0636147 -0.122584 0.049998 83146.8 0.00034743 1 -0.0878278 -0.230291 0.05 83806.9
0 1434 16 phononTS 0.00141192 -2.04069 -3.76048 -0.00765304 20593.4 0.00034743 1 0.032839 -0.21672 0.05 100154
0 1476 2 phononTF 0.000585077 -1.05098 0.0712074 0.049999 4790.05 0.00034743 1 -0.026813 -0.202141 0.05 7547.69
0 1477 3 phononTF 0.00186834 -0.810813 -1.20598 0.012837 14447.6 0.00034743 1 0.117185 -0.200336 0.05 30664.6
0 1523 1 phononL 0.004 -2.25 -0.75 0 0 0.00069486 1 0.0344673 -0.157927 0.05 2612.91
0 1523 6 phononTS 0.00151029 0.0344673 -0.157927 0.049999 2612.91 0.00034743 1 0.116967 -0.219721 0.05 2686.65
0 1523 16 phononTF 0.000816249 0.116967 -0.219721 0.049999 2686.65 0.00034743 1 0.0410234 -0.206913 0.05 2762.01
0 1524 3 phononTF 0.00220573 -1.50903 -1.03393 -0.0425667 1349.51 0.00034743 1 0.109351 -0.221257 0.05 21948.5
0 1564 2 phononL 0.00132224 -1.55516 -1.92351 0.00886476 4304.98 0.00034743 1 0.0840469 -0.200001 0.05 44558.9
0 1595 3 phononTS 0.00277417 -2.10237 -0.800939 -0.00954921 69.9211 0.00069486 1 -0.0983128 -0.250271 0.05 15826.4
0 1680 2 phononTS 0.00124757 0.0876203 -1.39242 -0.00942215 7971.74 0.00069486 1 -0.0862953 -0.205277 0.05 11842
0 1746 3 phononTF 0.00173709 -2.26888 -0.819577 -0.0470327 312.22 0.00034743 1 0.0658896 -0.220125 0.05 12104.8
0 1763 5 phononTS 0.000372894 -2.11294 0.000977191 0.049999 1780.43 0.00034743 1 0.0432176 -0.148042 0.05 45302.4
0 1784 2 phononTF 0.00096619 -2.05824 -2.05114 -0.0376729 3528.93 0.00069486 1 -0.109478 -0.168978 0.05 17652.1
0 1809 3 phononTF 0.00268658 -1.51046 -1.26474 0.0474851 9239.05 0.00034743 1 0.0294945 -0.206862 0.05 13505.5
0 1809 4 phononTF 0.000619891 0.0294945 -0.206862 0.049999 13505.5 0.00034743 1 -0.0282834 -0.151557 0.05 13570.2
0 1885 3 phononTF 0.00210511 -2.47997 -0.702781 0.0355733 447.354 0.00069486 1 0.0308617 -0.269243 0.05 35912.3
0 1890 3 phononTF 0.00185695 -2.22567 -0.179187 -0.0318781 651.214 0.00034743 1 0.0510466 -0.154958 0.05 29722.9
0 1894 2 phononTF 0.00187703 -2.97037 -0.558541 -0.037694 1734 0.00034743 1 -0.0402782 -0.203648 0.05 5085.2
0 1895 4 phononTS 0.000990392 -3.3728 -4.55319 -0.0355142 100179 0.00034743 1 -0.071992 -0.134436 0.05 108017
0 1895 8 phononTS 0.000349664 -0.071992 -0.134436 0.049999 108017 0.00034743 1 -0.0609962 -0.151784 0.05 108077
0 1925 3 phononTS 0.00185317 -1.45406 -1.52842 -0.0292252 10221.7 0.00104229 1 -0.0735431 -0.149218 0.05 23097.6
0 1925 7 phononTS 0.00037103 -0.0735431 -0.149218 0.049999 23097.6 0.00034743 1 -0.0579285 -0.111342 0.05 23174.6
0 1930 5 phononTF 0.00191514 -2.46075 0.104507 -0.0233008 53989.1 0.00034743 1 0.0222635 -0.235638 0.05 69625.5
0 1963 3 phononL 0.00223696 -2.69116 0.619817 0.0192821 6032.63 0.00104229 1 0.0172472 -0.157781 0.05 10571.3
0 1965 3 phononTS 0.00255205 -1.95155 -1.23902 -0.0129814 1647.17 0.00034743 1 -0.099004 -0.144299 0.05 3989.11
0 2014 2 phononTF 0.00213058 -0.365851 -0.399498 -0.0127148 3804.45 0.00034743 1 -0.0569155 -0.279797 0.05 4457.75
0 2027 3 phononTF 0.00169322 -2.7584 -1.78442 0.0418189 1034.41 0.00069486 1 0.0942861 -0.151536 0.05 9831.29
0 2027 2 phononTS 0.00230678 -2.7584 -1.78442 0.0418189 1034.41 0.00034743 1 -0.0585718 -0.21119 0.05 12310.1
0 2027 15 phononL 0.00133009 -0.0585718 -0.21119 0.049999 12310.1 0.00034743 1 -0.104436 -0.197016 0.05 12362.5
0 2027 20 phononTF 0.000833853 -0.104436 -0.197016 0.049999 12362.5 0.00034743 1 0.0337219 -0.0988854 0.05 12543
0 2038 4 phononL 0.00139777 -3.90599 -3.41795 -0.0183484 7061.84 0.00069486 1 0.10369 -0.168425 0.05 33209.6
0 2043 3 phononL 0.00187501 -1.28856 0.362013 -0.0326321 9630.59 0.00104229 1 0.0232179 -0.174225 0.05 18274.7
0 2054 3 phononTF 0.0030155 -2.15454 -0.730336 0.0432157 20.7974 0.00069486 1 0.0842323 -0.254038 0.05 8338.56
0 2054 4 phononTS 0.000722795 0.0842323 -0.254038 0.049998 8338.56 0.00034743 1 0.0299299 -0.190807 0.05 8409.62
0 2065 5 phononTS 0.00180581 2.83977 0.274866 0.0352747 16421.2 0.00034743 1 -0.029062 -0.263385 0.05 18490
0 2065 7 phononL 0.00144626 -0.029062 -0.263385 0.049998 18490 0.00069486 1 0.0494345 -0.113055 0.05 19834.5
0 2080 5 phononTF 0.00127559 -2.70624 0.607694 0.0242453 4651.71 0.00034743 1 0.0868737 -0.14507 0.05 77790.5
0 2095 3 phononTF 0.00137515 -3.08099 -0.095911 -0.0454973 1444.45 0.00069486 1 -0.0995426 -0.204931 0.05 4659.7
0 2098 2 phononTS 0.00244618 -1.12614 -0.890615 -0.0245068 6176.82 0.00069486 1 -0.0671567 -0.127572 0.05 9786.96
0 2108 2 phononTS 0.00131273 -2.59281 -0.12016 0.0393484 698.104 0.00069486 1 -0.0998581 -0.16356 0.05 5130.85
0 2119 2 phononTS 0.00173057 -1.81991 -0.796045 0.0386973 9085.17 0.00069486 1 -0.0933856 -0.158841 0.05 12382.4
0 2139 3 phononTS 0.00265422 -1.5563 -2.63116 -0.00756017 4403.68 0.00069486 1 -0.0477053 -0.222802 0.05 47259.7
0 2139 4 phononTS 0.000632832 -0.0477053 -0.222802 0.049999 47259.7 0.00034743 1 -0.0232149 -0.256577 0.05 47386.5
0 2236 2 phononTS 0.000797414 -0.998557 -0.00688352 0.049999 4100.32 0.00034743 1 -0.0616559 -0.166548 0.05 15570.6
0 2244 3 phononTF 0.00202808 -2.0636 -0.264466 -0.00549519 777.939 0.00069486 1 -0.0706133 -0.165278 0.05 13634.5
0 2254 2 phononTS 0.00173129 -1.86256 -0.388078 -0.0140587 351.803 0.00104229 1 0.0693216 -0.156933 0.05 15175
0 2312 2 phononTS 0.0017214 -2.34285 -0.487362 -0.031706 958.59 0.00034743 1 -0.0260875 -0.174466 0.05 4147.84
0 2344 2 phononL 0.0026473 -3.50291 -1.84349 -0.0383659 1445.96 0.00034743 1 0.0949414 -0.194671 0.05 13621.2
0 2347 2 phononTS 0.0012461 -2.06119 -0.619054 0.0128779 1802.61 0.00034743 1 0.105788 -0.160129 0.05 19097
0 2366 3 phononTF 0.00153314 -1.53858 -1.50093 -0.0332051 6447.65 0.00034743 1 0.110799 -0.184155 0.05 23063.4
0 2391 2 phononTS 0.00189737 -1.40188 -0.620134 -0.0409753 9690.28 0.00034743 1 -0.0635254 -0.289425 0.05 51631
0 2415 2 phononTF 0.00155963 -1.25707 -0.686175 0.00478244 16142.2 0.00034743 1 0.0481543 -0.20588 0.05 70635.6
0 2452 2 phononTS 0.00180204 -2.03736 -0.37511 0.0346009 563.08 0.00069486 1 -0.0552363 -0.124401 0.05 2563.53
0 2474 2 phononTS 0.00180733 -2.09069 0.244773 -0.0367043 2337.27 0.00034743 1 -0.0401295 -0.298689 0.05 6302.2
0 2476 3 phononTF 0.00233066 -2.2523 -0.54371 -0.00947176 615.805 0.00069486 1 -0.0309541 -0.142767 0.05 6118.52
0 2480 3 phononTS 0.00175175 -1.60273 -0.965738 -0.0290113 435.761 0.00034743 1 -0.0400866 -0.269847 0.05 3896.72
0 2499 2 phononTS 0.00250801 -1.85969 -1.14728 -0.00201004 1767.09 0.00104229 1 -0.0333083 -0.304694 0.05 5470.99
0 2505 3 phononTS 0.00255255 -2.00006 -1.66481 -0.0250807 3229.68 0.00034743 1 0.0268382 -0.117202 0.05 46485.3
0 2516 2 phononTF 0.00212442 -2.2898 -0.650764 -0.0477683 23.2304 0.00034743 1 -0.109507 -0.185353 0.05 53942.9
0 2516 4 phononTF 0.000470829 -0.109507 -0.185353 0.049999 53942.9 0.00034743 1 0.0249213 -0.132946 0.05 54478.7
0 2526 2 phononTS 0.00135 -2.75571 -2.1865 0.0417092 3142.05 0.00069486 1 0.0337875 -0.214639 0.05 14432.7
0 2531 3 phononL 0.00193932 -3.90191 -1.79416 -0.00236291 14241.2 0.00069486 1 -0.0184048 -0.215576 0.05 72672.6
0 2559 3 phononTS 0.0015117 -2.28847 -0.957356 -0.0317529 44.6824 0.00034743 1 0.0723709 -0.134097 0.05 1716.01
0 2561 2 phononTS 0.00195279 -2.23204 -0.285508 0.0274468 1217.66 0.00034743 1 -0.0853847 -0.160929 0.05 9665.62
0 2561 6 phononTS 0.000945626 -0.0853847 -0.160929 0.049999 9665.62 0.00034743 1 -0.0940513 -0.134639 0.05 9725.75
0 2589 6 phononTS 0.000498741 -1.40583 0.0599843 0.049999 2004.68 0.00034743 1 -0.103579 -0.210071 0.05 122833
0 2608 3 phononTF 0.00216071 -2.14658 -0.810045 -0.0467594 91.3685 0.00034743 1 0.0853348 -0.270885 0.05 4167.18
0 2614 2 phononTF 0.00254606 -2.23859 -1.47633 -0.0386323 1044.14 0.00034743 1 0.0410068 -0.11765 0.05 11151.3
0 2633 3 phononTS 0.00190587 -2.27158 -0.620865 -0.0394374 273.661 0.00034743 1 -0.0635621 -0.274809 0.05 3385.99
0 2649 3 phononTS 0.00251778 -1.996 2.6447 -0.0412787 11545.3 0.00034743 1 -0.110205 -0.184212 0.05 20596.3
0 2683 3 phononTS 0.00125219 -2.70336 -1.01117 -0.0361197 2774.51 0.00034743 1 0.0635984 -0.224135 0.05 26367.8
0 2717 2 phononTF 0.000791934 -3.52961 -0.498557 0.029514 3190.65 0.00034743 1 -0.0599526 -0.195379 0.05 32531.2
0 2726 4 phononL 0.00153642 -2.64727 0.108693 0.0486699 3304.48 0.00034743 1 -0.0166356 -0.216962 0.05 62814.2
0 2733 2 phononL 0.00194458 -2.19198 -0.616246 -0.0421268 122.747 0.00034743 1 0.0197386 -0.151851 0.05 28232.9
0 2765 2 phononTS 0.00164513 -2.25006 -0.750207 -0.000676991 0.14248 0.00034743 1 0.0559585 -0.20182 0.05 9189.47
0 2772 3 phononTF 0.00157986 -1.44498 -1.7872 -0.0469039 3309.89 0.00034743 1 -0.0456423 -0.117209 0.05 11099.5
0 2775 2 phononTF 0.00187254 -3.02781 -1.02952 0.0231305 1639.74 0.00034743 1 -0.0603951 -0.237365 0.05 26231.3
0 2787 5 phononTS 0.00150641 -0.366162 -0.065028 -0.0159241 24351.2 0.00034743 1 0.106179 -0.188799 0.05 25513.4
0 2787 4 phononTF 0.00147473 -0.366162 -0.065028 -0.0159241 24351.2 0.00069486 1 -0.102103 -0.230629 0.05 98763
0 2806 5 phononTF 0.00154515 3.33652 -0.652907 -0.0241646 38324.9 0.00034743 1 0.0885265 -0.141889 0.05 63253
0 2806 6 phononTS 0.000679283 0.0885265 -0.141889 0.049999 63253 0.00034743 1 0.0790681 -0.129603 0.05 63309.3
0 2810 2 phononTS 0.000390752 -1.83905 0.00174616 0.049999 2859.25 0.00034743 1 -0.0720997 -0.211257 0.05 26651.6
0 2829 5 phononTF 0.00173251 -3.66909 0.266814 0.0142258 6053.31 0.00034743 1 0.030214 -0.0997757 0.05 35319.3
0 2847 2 phononTF 0.00141395 -4.23892 -0.72614 -0.0156237 2386.43 0.00034743 1 -0.0831076 -0.252724 0.05 21637.5
0 2849 2 phononTF 0.00169286 -2.08136 -0.635422 -0.0384972 1422.18 0.00034743 1 -0.0243548 -0.117968 0.05 3845.59
0 2849 5 phononTF 0.00131063 -0.0243548 -0.117968 0.049999 3845.59 0.00034743 1 0.0681377 -0.14637 0.05 4140.11
0 2849 8 phononTF 0.000521508 0.0681377 -0.14637 0.049999 4140.11 0.00034743 1 0.110859 -0.212126 0.05 4204.21
0 2854 2 phononTF 0.00166914 -2.56899 -0.70709 0.0175487 1553.04 0.00034743 1 -0.0487547 -0.160871 0.05 45873.2
0 2878 2 phononL 0.00134137 -2.14411 -0.614535 0.0386219 32.9953 0.00069486 1 0.0865483 -0.262003 0.05 36334.7
0 2886 3 phononTF 0.00238374 -2.21378 -1.41204 -0.0460392 5347.98 0.00034743 1 0.042157 -0.293056 0.05 26366.1
0 2886 4 phononTF 0.00104137 0.042157 -0.293056 0.049999 26366.1 0.00034743 1 -0.0347965 -0.219836 0.05 26571.6
0 2902 2 phononTF 0.0017269 -1.9357 -1.03681 -0.0311389 1018.72 0.00069486 1 -0.0278964 -0.299254 0.05 5150.18
0 2906 2 phononTS 0.00261017 -1.52175 -0.535121 -0.000398362 3670.22 0.00069486 1 0.0280168 -0.142648 0.05 79274.8
0 2933 3 phononTS 0.00216773 -1.8417 -0.710793 -0.00680365 162.746 0.00034743 1 -0.0616701 -0.12659 0.05 11357.3
0 2977 3 phononTS 0.00215535 -1.87451 -0.767796 -0.0364555 1134.12 0.00034743 1 0.105811 -0.217355 0.05 5565.64
0 2977 8 phononTS 0.00081111 0.105811 -0.217355 0.049999 5565.64 0.00034743 1 0.114224 -0.204258 0.05 5621.7
0 2987 2 phononTF 0.00239785 -0.923206 -1.22814 -0.0432917 7321.4 0.00104229 1 0.0851645 -0.221024 0.05 9907.69
0 2987 5 phononTS 0.000489328 0.0851645 -0.221024 0.049999 9907.69 0.00034743 1 -0.0418837 -0.238364 0.05 10971.7
0 2990 2 phononTF 0.00195564 -2.6968 -1.36085 0.00213653 1135.13 0.00034743 1 0.0277785 -0.123798 0.05 12185.9
0 2998 2 phononL 0.00118941 -1.8362 -0.517477 0.0450856 1507.98 0.00034743 1 0.102958 -0.1884 0.05 125426
0 3003 4 phononTF 0.000392569 -4.04611 -1.761 0.040272 36516.3 0.00034743 1 0.0945995 -0.12944 0.05 87363.1
0 3013 4 phononL 0.00078315 -0.652671 -0.010077 0.049999 9300.59 0.00034743 1 0.0549881 -0.190868 0.05 20394.3
0 3028 3 phononTS 0.00174835 0.366426 -0.963761 -0.00273523 13016.6 0.00034743 1 -0.0539231 -0.132734 0.05 16717.3
0 3041 2 phononL 0.00127166 -2.52275 -0.716462 0.00852893 346.48 0.00034743 1 0.0664852 -0.132319 0.05 68691.3
0 3087 3 phononTS 0.00255762 -3.40221 -1.63622 0.00295919 4236.24 0.00034743 1 0.0457858 -0.168788 0.05 42563.4
0 3104 3 phononTS 0.00263766 -2.24432 -0.684372 -0.0249769 46.0821 0.00034743 1 -0.0783559 -0.254041 0.05 9157.79
0 3106 3 phononL 0.00157678 -1.4965 -0.887984 0.0363711 2523.7 0.00034743 1 -0.06661 -0.18378 0.05 19772.3
0 3109 5 phononTF 0.00101391 -3.64121 3.64298 -0.00118044 18158.9 0.00069486 1 0.0590681 -0.182289 0.05 46339.5
0 3150 3 phononTS 0.00155892 -3.06828 -2.38052 0.0142698 11937.6 0.00034743 1 0.0339924 -0.178085 0.05 27400.9
0 3157 4 phononTS 0.000617872 -1.71178 4.42175 -0.0331659 6312.43 0.00034743 1 -0.0775405 -0.231179 0.05 36594.3
0 3208 2 phononTF 0.00272409 -0.745056 -1.70295 -0.00961475 2816.41 0.00104229 1 0.0323508 -0.228771 0.05 3798.64
0 3208 4 phononTS 0.000794235 0.0323508 -0.228771 0.049999 3798.64 0.00034743 1 0.0300851 -0.208943 0.05 3859.8
0 3209 4 phononL 0.0013568 -3.34376 2.37946 -0.0361836 18520.4 0.00069486 1 0.0483111 -0.166511 0.05 54764.1
0 3214 4 phononTS 0.00125331 -3.76119 -2.82155 -0.0480605 14580.5 0.00069486 1 0.0284722 -0.221529 0.05 50166.5
0 3238 4 phononL 0.00133823 -3.23315 -2.64186 -0.0385502 12509.3 0.00069486 1 0.0386552 -0.22392 0.05 20862.1
0 3247 3 phononTS 0.00260406 -1.64226 -2.71833 0.0286499 12592.8 0.00069486 1 -0.092321 -0.186626 0.05 57367.6
0 3256 3 phononTF 0.00144284 -1.70996 -1.53536 0.0475341 2455.56 0.00069486 1 0.0554249 -0.120435 0.05 4281.16
0 3295 5 phononTS 0.00173195 -0.446678 0.190629 0.0235153 30613.2 0.00034743 1 -0.0488848 -0.214845 0.05 32506.4
0 3303 2 phononTF 0.00154619 -2.64625 -0.652732 -0.0214781 780.645 0.00034743 1 -0.0793583 -0.243116 0.05 69003.9
0 3303 6 phononTF 0.00074318 -0.0793583 -0.243116 0.049999 69003.9 0.00034743 1 0.0472607 -0.18289 0.05 70962.6
0 3317 2 phononTS 0.00220955 -2.60461 -1.73302 -0.0108906 5227.01 0.00034743 1 -0.0308849 -0.177469 0.05 82633.5
0 3346 3 phononL 0.000709859 -3.10813 0.0277953 0.049999 4398.81 0.00034743 1 0.0475305 -0.283956 0.05 19336.9
0 3356 2 phononTS 0.00206472 -1.03345 -1.09243 0.0148989 2044.16 0.00034743 1 -0.0352357 -0.159601 0.05 65443.9
0 3356 5 phononTF 0.000417074 -0.0352357 -0.159601 0.049999 65443.9 0.00034743 1 -0.0367673 -0.157365 0.05 65588.1
0 3370 3 phononTS 0.00228464 -3.71326 -1.05693 0.0456936 5026.16 0.00034743 1 0.0424568 -0.175918 0.05 12747.3
0 3370 4 phononL 0.00162201 0.0424568 -0.175918 0.049999 12747.3 0.00034743 1 0.0745223 -0.221314 0.05 12816
0 3422 2 phononTS 0.00139324 -1.96718 -0.471012 0.0074939 2007.29 0.00069486 1 -0.0805182 -0.186318 0.05 27081.5
0 3422 10 phononTF 0.000361901 -0.0805182 -0.186318 0.049999 27081.5 0.00034743 1 0.0163489 -0.208411 0.05 28637.1
0 3449 3 phononTS 0.00179326 -1.36543 -0.504971 -0.0284009 3115.23 0.00104229 1 -0.0567371 -0.271076 0.05 4142.64
0 3467 3 phononTS 0.00291749 -2.68738 -0.63471 0.0063985 1583.61 0.00034743 1 0.0433732 -0.115192 0.05 8517.61
0 3474 4 phononTS 0.00142403 -4.01119 -2.15733 -0.00301151 8117.06 0.00034743 1 0.0295651 -0.106004 0.05 154443
0 3493 2 phononTS 0.00217797 -2.51666 -0.869108 0.0296097 985.869 0.00104229 1 -0.115919 -0.222473 0.05 7468.04
0 3518 2 phononTF 0.00154415 -3.87758 -2.11975 0.0348434 21574.2 0.00069486 1 0.0937448 -0.156418 0.05 38441.8
0 3557 2 phononTF 0.00208056 -2.22382 -0.766872 0.047021 12.2232 0.00069486 1 -0.0142066 -0.184104 0.05 15760.6
0 3557 7 phononTS 0.000448113 -0.0142066 -0.184104 0.049999 15760.6 0.00034743 1 -0.0151157 -0.207697 0.05 15828
0 3570 2 phononL 0.000858291 -2.21371 -0.694205 0.0219108 25.8866 0.00034743 1 0.0465824 -0.239081 0.05 47140.8
0 3577 4 phononTS 0.00149546 -1.43784 3.00519 -0.00554389 47598.6 0.00069486 1 -0.0703331 -0.167895 0.05 248040
0 3637 2 phononTF 0.00218728 -3.07629 -1.23017 0.0498682 5466.39 0.00034743 1 0.0463874 -0.141113 0.05 10358.7
0 3646 2 phononTS 0.00171369 -0.729516 -1.08161 -0.0185698 4853.04 0.00069486 1 0.0651239 -0.118732 0.05 106275
0 3654 2 phononTS 0.00261458 -2.38021 -0.598034 0.0027232 479.799 0.00034743 1 -0.0951929 -0.145723 0.05 11711.8
0 3654 6 phononTF 0.000621727 -0.0951929 -0.145723 0.049999 11711.8 0.00034743 1 -0.0964692 -0.177532 0.05 11777.7
0 3654 5 phononTS 0.000675095 -0.0951929 -0.145723 0.049999 11711.8 0.00034743 1 -0.10978 -0.158616 0.05 11768.2
0 3656 3 phononTF 0.00181834 -2.68552 -0.659796 0.0129619 13641.8 0.00069486 1 0.0924082 -0.217651 0.05 24728.3
0 3785 3 phononTF 0.00321754 -3.09556 -0.894799 -0.000473633 9249.87 0.00034743 1 0.0197382 -0.164536 0.05 63754.7
0 3787 1 phononL 0.004 -2.25 -0.75 0 0 0.00069486 1 -0.0906252 -0.246122 0.05 8126.42
0 3787 5 phononTS 0.000791457 -0.0906252 -0.246122 0.049999 8126.42 0.00034743 1 0.088737 -0.237284 0.05 45901.5
0 3809 4 phononTS 0.00163371 -2.96322 -0.328331 0.0416646 2197.09 0.00034743 1 -0.0626747 -0.117313 0.05 14471.3
0 3814 4 phononTF 0.00089076 -2.78754 0.000484598 0.049999 6338.87 0.00034743 1 -0.0206276 -0.187677 0.05 29835.3
0 3844 3 phononL 0.0026388 -2.85942 -1.57929 0.0226639 2865.71 0.00138972 1 -0.0924308 -0.187432 0.05 11592.8
0 3877 2 phononTF 0.00162045 -1.57193 -0.510493 0.0253743 1666.52 0.00069486 1 0.0392952 -0.281545 0.05 48921.6
0 3921 5 phononTF 0.000349793 -2.33876 -0.00077575 0.049999 1013.13 0.00034743 1 0.0991248 -0.215497 0.05 5345.18
0 3938 5 phononTS 0.0014043 -4.65524 4.515 0.0400509 30710.2 0.00104229 1 0.0377849 -0.221235 0.05 62093.1
0 3939 3 phononTF 0.00223624 -3.01546 -2.34606 -0.011871 2693.1 0.00069486 1 -0.10815 -0.165387 0.05 33952.6
0 3939 7 phononTF 0.000685923 -0.10815 -0.165387 0.049999 33952.6 0.00034743 1 0.0299055 -0.133203 0.05 34030.5
0 3953 2 phononTS 0.00189584 -2.54346 -0.699728 0.0105239 321.917 0.00069486 1 0.0331252 -0.145613 0.05 4774.39
0 3954 5 phononL 0.00259145 -0.703873 -0.435876 -0.0160643 6896.87 0.00069486 1 -0.0498746 -0.263953 0.05 11956.1
0 3954 6 phononTS 0.000366411 -0.0498746 -0.263953 0.049999 11956.1 0.00034743 1 -0.0453096 -0.263537 0.05 15613.8
0 3978 3 phononTF 0.00273514 -1.38299 0.869924 -0.0262563 11701 0.00104229 1 0.0586952 -0.10828 0.05 16268.6
0 3982 4 phononTF 0.000867297 2.21892 -4.14717 0.0080032 31089 0.00034743 1 -0.0155973 -0.222761 0.05 45738.2
0 4008 4 phononTS 0.000704125 -3.27721 3.81911 0.00138861 43742.8 0.00034743 1 -0.0502749 -0.293734 0.05 63594.3
0 4034 2 phononL 0.00209039 -3.46463 -1.81427 -0.012054 4930.84 0.00104229 1 -0.0276163 -0.123842 0.05 20707
0 4034 4 phononTF 0.000555627 -0.0276163 -0.123842 0.049999 20707 0.00034743 1 -0.057498 -0.220043 0.05 20776.9
0 4058 2 phononTS 0.00262249 -2.54969 -0.906128 -0.0297933 157.345 0.00034743 1 0.0878695 -0.21217 0.05 3017
0 4058 6 phononTS 0.0012508 0.0878695 -0.21217 0.049999 3017 0.00069486 1 0.112689 -0.193368 0.05 3206.63
0 4066 4 phononTS 0.000722831 0.710587 0.0292208 0.049999 13348.4 0.00034743 1 0.118725 -0.221393 0.05 38209.6
0 4068 4 phononTS 0.00121288 -3.21485 -2.45122 -0.0156475 11496.1 0.00069486 1 -0.0800618 -0.163054 0.05 81465.3
0 4107 3 phononTF 0.00289888 -2.00803 -0.874813 -0.0484577 341.212 0.00138972 1 0.099606 -0.179783 0.05 4808.81
0 4110 2 phononTS 0.00064134 -3.18062 -0.00164726 0.049999 1034.19 0.00034743 1 -0.032499 -0.180615 0.05 13858.3
0 4133 2 phononTF 0.00205802 -2.35064 -0.30878 0.0123156 1071.67 0.00104229 1 -0.0506914 -0.267053 0.05 8631.79
0 4140 5 phononTS 0.00102771 -0.701493 -3.52542 0.0350019 10769.9 0.00034743 1 -0.0860704 -0.190366 0.05 82216.3
0 4143 2 phononTS 0.00176832 -1.35699 0.495802 0.0243119 7737.65 0.00069486 1 0.0336969 -0.141181 0.05 12238.6
0 4165 5 phononTS 0.000572384 -2.11459 1.86623 0.0377098 27548.8 0.00034743 1 -0.00965539 -0.207962 0.05 52741.3
0 4169 2 phononTF 0.0013842 -2.45467 -0.936193 0.0463846 1291.74 0.00069486 1 0.0381593 -0.247456 0.05 20049.2
0 4183 5 phononTF 0.000585908 -1.72249 0.0202725 0.049999 3281.27 0.00034743 1 0.0193647 -0.149665 0.05 60070.6
0 4196 5 phononL 0.00133712 4.51903 2.84077 -0.00414577 31224.3 0.00034743 1 0.058812 -0.273571 0.05 54523
0 4197 2 phononTF 0.00173974 -1.75063 -0.495546 -0.0419612 1121.85 0.00034743 1 0.0858712 -0.260875 0.05 18786.4
0 4210 1 phononTS 0.004 -2.25 -0.75 0 0 0.00104229 1 -0.0318825 -0.160072 0.05 10745.3
0 4210 4 phononTS 0.00070572 -0.0318825 -0.160072 0.049999 10745.3 0.00034743 1 0.0995822 -0.149189 0.05 10845.4
0 4210 3 phononTS 0.000489359 -0.0318825 -0.160072 0.049999 10745.3 0.00034743 1 -0.0263512 -0.145244 0.05 10803.6
0 4239 2 phononTF 0.00202938 -2.0114 -0.634985 -0.0259086 78.9703 0.00069486 1 0.0843154 -0.194017 0.05 3475.54
0 4249 4 phononL 0.00198267 2.35708 -3.80086 -0.0302426 87175.6 0.00034743 1 -0.0515898 -0.244939 0.05 165542
0 4269 3 phononTS 0.00064627 -0.0335438 0.048141 0.049999 13790.5 0.00034743 1 -0.0427639 -0.137708 0.05 14257.6
0 4273 3 phononTF 0.00238703 -2.09484 -0.401058 -0.0421296 619.693 0.00104229 1 -0.0896901 -0.145631 0.05 6056.92
0 4303 3 phononTS 0.00139383 -3.828 -0.835475 0.0185508 3110.26 0.00034743 1 -0.0937533 -0.176238 0.05 41362.7
0 4335 3 phononTS 0.0028215 -2.45979 -0.851707 0.0222191 4630.16 0.00034743 1 0.040236 -0.245084 0.05 18493
0 4364 4 phononTS 0.00137973 -0.847698 -0.777583 0.0301421 20381.7 0.00034743 1 -0.104255 -0.165397 0.05 23333.9
0 4378 2 phononTS 0.00256954 -1.84706 -0.931085 0.0459151 499.41 0.00034743 1 0.0533977 -0.127079 0.05 6317.32
0 4387 4 phononTF 0.000816158 2.82875 1.88232 0.02264 55847.7 0.00034743 1 -0.103342 -0.23797 0.05 59604.1
0 4405 2 phononTS 0.00227362 -3.143 -0.475574 -0.049832 7389.92 0.00069486 1 0.0265519 -0.119962 0.05 36108.9
0 4444 2 phononTS 0.00210198 -2.19613 -0.831755 -0.00537454 18.707 0.00069486 1 -0.0759347 -0.204341 0.05 45670.9
0 4501 4 phononTS 0.00078164 -0.268847 4.46252 0.00413907 63087.5 0.00034743 1 -0.0660179 -0.17847 0.05 74103.4
0 4513 2 phononL 0.00197745 -1.94342 -0.36768 -0.0195766 4882.07 0.00034743 1 0.0628024 -0.159713 0.05 13502.1
0 4513 4 phononTS 0.0013497 0.0628024 -0.159713 0.049999 13502.1 0.00034743 1 0.0543778 -0.103697 0.05 17113.5
0 4544 3 phononTS 0.00263276 -2.12944 -0.677416 0.0403754 93.7982 0.00104229 1 0.0269412 -0.212004 0.05 2983.55
0 4544 5 phononTS 0.000728297 0.0269412 -0.212004 0.049999 2983.55 0.00034743 1 0.029887 -0.177405 0.05 3059.65
0 4555 3 phononTF 0.00134286 -2.86336 -0.782595 -0.00912595 1685.6 0.00069486 1 -0.112037 -0.175606 0.05 58064
0 4574 2 phononTF 0.00174711 -2.24935 -0.749503 -0.000595342 0.185043 0.00034743 1 -0.072907 -0.218828 0.05 25173.1
0 4574 5 phononTS 0.00102854 -0.072907 -0.218828 0.049999 25173.1 0.00034743 1 -0.112907 -0.210992 0.05 25233.5
0 4599 2 phononTF 0.00261735 -1.64851 -1.50063 -0.0481987 2927.05 0.00069486 1 -0.10377 -0.206817 0.05 9094.85
0 4608 2 phononTF 0.00176479 -0.957002 -1.89324 -0.0375052 4417.18 0.00034743 1 0.0341987 -0.169127 0.05 37877.3
0 4671 3 phononTS 0.00124648 -2.58528 -0.50214 -0.0419219 796.754 0.00069486 1 -0.107224 -0.167774 0.05 29532.6
0 4722 3 phononTS 0.00161077 -0.157844 -1.31039 -0.0203827 8835.2 0.00034743 1 0.105527 -0.255508 0.05 16003.4
0 4738 2 phononTF 0.000399377 -4.63361 0.036724 0.049999 6124.9 0.00034743 1 0.0739544 -0.187903 0.05 26913.8
0 4748 2 phononTS 0.00281622 -2.26967 -0.849969 0.0435104 67.5789 0.00034743 1 -0.051247 -0.252029 0.05 9173.09
0 4757 2 phononTS 0.00145238 0.0521088 -0.370176 -0.00766845 5877.95 0.00069486 1 -0.080385 -0.136635 0.05 6301.74
0 4757 7 phononTS 0.000356374 -0.080385 -0.136635 0.049999 6301.74 0.00034743 1 -0.0682264 -0.17475 0.05 6362.19
0 4846 3 phononTS 0.00200258 -1.54139 -0.995039 0.038039 3199.96 0.00069486 1 -0.0658415 -0.218499 0.05 18088.3
0 4865 2 phononL 0.000469921 -1.04006 0.074864 0.049999 3165.07 0.00034743 1 0.0850343 -0.126123 0.05 31222.1
0 4879 5 phononTS 0.000383125 -4.74938 0.0244154 0.049999 5133.56 0.00034743 1 0.033551 -0.1901 0.05 62237.2
0 4922 3 phononTS 0.000724576 -2.07277 -0.00399023 0.049999 8029.22 0.00034743 1 -0.0656434 -0.272002 0.05 40930.5
0 4932 3 phononTS 0.00144671 -3.48777 -1.10441 0.0253229 6140.6 0.00034743 1 0.0137535 -0.190599 0.05 37533.5
0 4932 4 phononTF 0.00081744 0.0137535 -0.190599 0.049999 37533.5 0.00034743 1 0.10625 -0.187795 0.05 37605.7
0 4935 5 phononTS 0.00139845 -3.96603 -2.1737 0.00188449 29064.2 0.00034743 1 0.0426437 -0.236067 0.05 32064.7
0 4942 2 phononTF 0.00178376 -1.54366 -0.593479 -0.0129306 1012.6 0.00104229 1 -0.0410166 -0.285402 0.05 5007.62
