Run ID,Event ID,Track ID,Particle Name,Start Energy [eV],Start X [mm],Start Y [mm],Start Z [mm],Start Time [ns],Energy Deposited [eV],Track Weight,End X [mm],End Y [mm],End Z [mm],Final Time [ns],Volume Name
0 1 2 phononTF 0.00185116 4.92459 4.91083 -0.00993256 7125.32 0.00034743 1 -0.0857835 -0.153731 0.05 11324.9
0 68 3 phononTF 0.00182353 3.90414 4.30296 0.0314294 47.5906 0.00034743 1 -0.0411842 -0.183761 0.05 11879.3
0 98 2 phononTS 0.00200028 2.4288 4.9793 -0.0158281 13638.6 0.00069486 1 -0.0471236 -0.185201 0.05 16689.7
0 132 5 phononTS 0.00159882 2.75095 -2.51065 0.000776159 28418.4 0.00069486 1 0.114982 -0.219288 0.05 54741
0 147 2 phononL 0.00182175 3.39918 4.57607 -0.0153804 2065.54 0.00069486 1 0.0896646 -0.273616 0.05 13137.7
0 210 5 phononTS 0.00159134 -1.62123 1.54253 0.0162455 31135.7 0.00034743 1 -0.0547833 -0.195592 0.05 51171.2
0 212 4 phononTS 0.00111424 4.08069 1.52261 0.00552041 14271.8 0.00034743 1 -0.0727306 -0.220853 0.05 55520.6
0 231 2 phononL 0.00174871 3.25639 3.54326 -0.0461748 10849.2 0.00069486 1 -0.0383345 -0.281264 0.05 52862.7
0 243 3 phononTF 0.00245056 3.61376 4.20041 -0.0421861 29.5353 0.00069486 1 0.0952357 -0.202429 0.05 40778
0 281 3 phononL 0.00168221 4.68715 4.44107 0.0129464 10269.4 0.00104229 1 -0.0605855 -0.253514 0.05 49992.7
0 290 2 phononL 0.00157386 4.30785 4.48944 -0.0378729 4607.8 0.00034743 1 -0.00900925 -0.19782 0.05 12479.4
0 360 3 phononTF 0.00182186 3.76456 4.27304 -0.0148574 5.74164 0.00034743 1 -0.0211736 -0.255612 0.05 17937.3
0 360 4 phononTF 0.00106371 -0.0211736 -0.255612 0.049999 17937.3 0.00069486 1 0.0405474 -0.144762 0.05 18011.3
0 434 4 phononL 0.0018166 3.93412 4.39557 -0.018809 22945.1 0.00069486 1 0.0451426 -0.170796 0.05 47249.6
0 542 4 phononTS 0.00124452 1.75215 4.69913 0.012531 7031.5 0.00034743 1 0.0948806 -0.21576 0.05 16245.7
0 566 6 phononTF 0.000986812 2.0779 4.05493 0.0250118 11179.4 0.00034743 1 -0.0254456 -0.191534 0.05 68287.6
0 622 2 phononTS 0.00134858 3.87114 4.11661 0.0476218 3109.53 0.00034743 1 -0.0430865 -0.196104 0.05 21626
0 653 3 phononTS 0.00155713 2.93502 3.85454 0.00319519 4426.83 0.00034743 1 -0.0303334 -0.228281 0.05 45868.2
0 671 2 phononTS 0.0012872 3.87773 4.56742 -0.0106327 704.576 0.00069486 1 -0.109754 -0.154749 0.05 91019.1
0 732 2 phononL 0.00191446 3.86674 4.12706 0.000899453 322.119 0.00069486 1 -0.0628244 -0.218599 0.05 15376
0 732 7 phononTS 0.000851556 -0.0628244 -0.218599 0.049999 15376 0.00034743 1 -0.0141027 -0.204839 0.05 15492.6
0 786 3 phononTF 0.00117667 3.25588 3.36039 0.0100778 1852.73 0.00034743 1 -0.0831053 -0.173516 0.05 8855.27
0 797 5 phononL 0.00123153 -2.36145 -3.37784 -0.0361997 44858.2 0.00034743 1 0.0765297 -0.203363 0.05 89522.9
0 798 4 phononTS 0.00144192 1.38909 4.16609 -0.0487254 9930.58 0.00034743 1 -0.0939387 -0.150474 0.05 89513.6
0 846 3 phononTS 0.00237794 2.63178 1.95889 0.041889 13982 0.00034743 1 0.0787978 -0.288846 0.05 28621
0 865 2 phononL 0.00125637 3.45508 4.95356 0.0226823 4591.72 0.00034743 1 -0.0639409 -0.207118 0.05 11513.9
0 876 3 phononTF 0.00200919 3.88611 3.89484 0.0485917 1064.4 0.00034743 1 -0.0272618 -0.254233 0.05 44524.7
0 878 4 phononTS 0.0010824 2.92196 2.99794 0.0407949 23624.5 0.00034743 1 -0.0953211 -0.153053 0.05 46161
0 911 2 phononTS 0.00141244 4.75984 4.54826 -0.00455933 23139.9 0.00034743 1 0.0615932 -0.15021 0.05 38954.8
0 913 5 phononL 0.00194849 4.07296 1.79198 0.0323541 19427.2 0.00069486 1 0.0928561 -0.221235 0.05 49093.6
0 921 3 phononTF 0.00163467 4.67863 4.11291 0.022933 3036.42 0.00034743 1 0.0615852 -0.107144 0.05 19427.6
0 921 4 phononTF 0.00119001 0.0615852 -0.107144 0.049999 19427.6 0.00034743 1 0.060651 -0.22265 0.05 19493.1
0 961 4 phononTS 0.00161696 3.57635 4.62922 -0.0363474 10409.2 0.00034743 1 0.0791319 -0.188412 0.05 28635.7
0 1024 2 phononTS 0.00204421 3.82003 3.52751 0.00368487 3934.48 0.00034743 1 0.0132989 -0.215781 0.05 22109.4
0 1024 6 phononTF 0.00110373 0.0132989 -0.215781 0.049999 22109.4 0.00034743 1 0.0704301 -0.269632 0.05 22237.8
0 1049 3 phononL 0.00204006 3.26011 4.96509 -0.0039764 4146.64 0.00069486 1 -0.0858134 -0.233106 0.05 40629
0 1054 3 phononTF 0.00175201 3.52131 4.68366 -0.0482938 3568.91 0.00034743 1 0.0725149 -0.16513 0.05 37888.5
0 1094 6 phononTS 0.00138194 2.84218 3.29354 0.0179659 29383.2 0.00034743 1 -0.0448303 -0.243801 0.05 40637.6
0 1116 4 phononL 0.00125955 3.33845 4.2009 0.0477993 3946.73 0.00034743 1 0.0665375 -0.134823 0.05 48012.9
0 1116 6 phononTS 0.00077034 0.0665375 -0.134823 0.049999 48012.9 0.00034743 1 -0.0742096 -0.186189 0.05 48103.7
0 1162 2 phononTS 0.00181742 1.61729 4.61806 -0.00988341 12212.1 0.00034743 1 -0.0804392 -0.230351 0.05 20490.5
0 1196 3 phononTS 0.00167195 0.150993 2.65867 0.0385292 10072.7 0.00034743 1 -0.11436 -0.210351 0.05 16074.4
0 1199 2 phononTS 0.00162033 4.13758 4.23333 0.034563 880.559 0.00069486 1 0.0272036 -0.21001 0.05 24728.5
0 1199 4 phononTS 0.000394938 0.0272036 -0.21001 0.049999 24728.5 0.00034743 1 0.0244518 -0.221447 0.05 24787.6
0 1231 2 phononL 0.00166519 4.38964 2.80719 0.00583367 22202.2 0.00034743 1 -0.0615339 -0.246757 0.05 28362.4
0 1247 4 phononTS 0.00144653 1.77027 4.76109 0.0484354 56900.9 0.00034743 1 -0.0289997 -0.268558 0.05 83396.2
0 1258 2 phononTF 0.00253105 2.39572 3.3465 0.0241496 13126.2 0.00104229 1 0.0631382 -0.228373 0.05 24519
0 1263 3 phononTF 0.00224309 4.15234 1.32091 -0.00998599 19369.1 0.00104229 1 0.0559417 -0.184351 0.05 52867.7
0 1273 5 phononL 0.00189295 3.88302 3.61959 0.0306444 53330.3 0.00034743 1 -0.0969051 -0.21603 0.05 67617.3
0 1273 6 phononTS 0.00137045 -0.0969051 -0.21603 0.049999 67617.3 0.00034743 1 -0.0849036 -0.21281 0.05 67677.5
0 1292 2 phononTS 0.00191058 -0.361797 4.72649 -0.00766983 19522.4 0.00069486 1 0.0130133 -0.209567 0.05 56091.4
0 1341 2 phononTS 0.00163278 2.94815 3.5068 -0.00871097 1125.73 0.00034743 1 0.0673346 -0.109541 0.05 39305.9
0 1395 2 phononTS 0.00227917 2.01671 4.7456 0.0406734 8752.35 0.00104229 1 0.0721331 -0.231303 0.05 32118.9
0 1405 2 phononL 0.00245769 2.67763 2.3665 -0.0442106 5628.81 0.00034743 1 0.0884987 -0.190032 0.05 120525
0 1476 2 phononTF 0.00270356 3.48764 4.68851 -0.0202973 1377.97 0.00138972 1 -0.0795293 -0.211656 0.05 19816.8
0 1503 3 phononTS 0.00186438 3.46622 4.17824 0.0355969 3777.3 0.00104229 1 -0.0484257 -0.283558 0.05 11990.8
0 1615 4 phononTS 0.00095252 1.34414 -1.89071 -0.00992082 53059.7 0.00034743 1 -0.0880752 -0.206553 0.05 86942.9
0 1655 5 phononTF 0.0013957 4.77592 -0.705024 -0.00454586 26611.8 0.00069486 1 0.10084 -0.194482 0.05 85346.9
0 1712 3 phononTS 0.0020116 3.43651 3.83046 -0.0133868 408.197 0.00034743 1 0.0623695 -0.13184 0.05 38165
0 1712 4 phononTS 0.000831915 0.0623695 -0.13184 0.049999 38165 0.00034743 1 0.0656478 -0.126517 0.05 38223.2
0 1722 3 phononTF 0.00221918 4.09135 4.93917 0.0363914 2876.86 0.00069486 1 0.0832218 -0.24775 0.05 35257.5
0 1745 2 phononTS 0.00201765 4.436 4.74511 -0.0397095 2408.58 0.00034743 1 -0.0644537 -0.208806 0.05 61525.9
0 1745 4 phononTS 0.00134649 -0.0644537 -0.208806 0.049999 61525.9 0.00069486 1 -0.0475622 -0.230791 0.05 61749.7
0 1751 3 phononL 0.00211555 3.02919 4.02527 -0.0403828 8637.83 0.00069486 1 0.0613785 -0.296677 0.05 62263.4
0 1751 4 phononTS 0.00093461 0.0613785 -0.296677 0.049999 62263.4 0.00034743 1 -0.0527258 -0.142589 0.05 101670
0 1777 2 phononTF 0.00248257 3.31288 4.45086 -0.0258697 10111.9 0.00034743 1 -0.0492985 -0.121475 0.05 54542.4
0 1777 4 phononTS 0.000983602 -0.0492985 -0.121475 0.049999 54542.4 0.00034743 1 -0.0859751 -0.224535 0.05 55261.8
0 1777 10 phononTS 0.000428266 -0.0859751 -0.224535 0.049999 55261.8 0.00034743 1 -0.0697531 -0.184955 0.05 55811.1
0 1802 3 phononL 0.00183003 3.68622 4.15675 0.0497107 3918.96 0.00104229 1 0.0351967 -0.204851 0.05 44427.9
0 1819 2 phononTF 0.00124901 3.54273 3.35661 0.0138463 889.177 0.00069486 1 0.0635901 -0.244541 0.05 51111.3
0 1826 3 phononTF 0.00186315 3.75223 4.51753 -0.0369506 6422.2 0.00069486 1 -0.0220769 -0.253413 0.05 20162.8
0 1872 4 phononTS 0.000889426 3.81754 0.0222071 0.049999 20383.6 0.00034743 1 0.111126 -0.207302 0.05 52759.1
0 1876 2 phononTS 0.00196156 3.30559 3.41594 0.0311053 5924.71 0.00034743 1 0.062927 -0.157967 0.05 25778.2
0 1876 4 phononTF 0.00131272 0.062927 -0.157967 0.049999 25778.2 0.00069486 1 0.0645758 -0.15121 0.05 25786.7
0 1918 5 phononTF 0.000790663 4.8194 2.62656 0.0343199 105232 0.00034743 1 -0.0300218 -0.278351 0.05 138522
0 1944 4 phononTS 0.00102285 2.52628 0.484437 0.0213105 99357 0.00034743 1 -0.0935457 -0.244143 0.05 115737
0 1963 5 phononTS 0.000532703 2.8775 2.81698 -0.0460706 6173.49 0.00034743 1 -0.104294 -0.225736 0.05 78653
0 1973 4 phononTF 0.000722647 0.61236 -3.09574 -0.0312257 54958.8 0.00034743 1 -0.0235757 -0.184985 0.05 69197.8
0 2041 5 phononTF 0.00127715 4.66551 -1.34337 0.00277812 20044.8 0.00034743 1 0.0291967 -0.144763 0.05 33840.1
0 2068 5 phononTS 0.00141188 -0.546177 -4.80168 0.00408708 42404.6 0.00069486 1 0.0300494 -0.219237 0.05 71792.6
0 2072 2 phononTF 0.00154871 4.82848 4.5612 0.0291187 2703.31 0.00034743 1 0.0482969 -0.287034 0.05 43350.8
0 2092 4 phononTF 0.00111103 4.06208 4.53709 0.030329 12977.1 0.00069486 1 0.0876935 -0.190452 0.05 22885.6
0 2121 3 phononTS 0.00181649 3.42211 3.91247 -0.0326904 1468.83 0.00069486 1 -0.0285419 -0.199764 0.05 30680
0 2148 2 phononTF 0.000391257 3.67652 4.95561 0.00467305 7860.15 0.00034743 1 -0.108803 -0.163893 0.05 19568.9
0 2161 4 phononTS 0.00066331 3.03119 0.310119 0.0337172 21697.1 0.00034743 1 0.0573604 -0.297145 0.05 27370.8
0 2193 3 phononTF 0.00179169 3.8461 4.54031 -0.00866947 3757.55 0.00034743 1 0.0380245 -0.153518 0.05 7003.13
0 2193 6 phononL 0.0013188 0.0380245 -0.153518 0.049999 7003.13 0.00034743 1 -0.0362065 -0.100051 0.05 7100.34
0 2198 5 phononTF 0.00205858 4.29189 4.01056 0.0183598 3446.98 0.00034743 1 0.0309376 -0.206244 0.05 22221
0 2286 3 phononTS 0.00189608 4.19951 2.548 -0.0347964 4203.26 0.00069486 1 -0.0176827 -0.244867 0.05 63938.6
0 2327 3 phononTS 0.00141644 3.09711 4.06247 0.0140497 15718 0.00069486 1 -0.0462622 -0.148654 0.05 27067.5
0 2334 3 phononL 0.00256408 3.74505 4.25245 0.00301882 1.17861 0.00104229 1 0.0339153 -0.230106 0.05 49876.2
0 2342 3 phononTF 0.00169619 2.43982 3.89516 0.0157502 8654.02 0.00034743 1 0.0839352 -0.158013 0.05 39219.1
0 2342 5 phononTF 0.000378371 0.0839352 -0.158013 0.049999 39219.1 0.00034743 1 0.101723 -0.220295 0.05 39341.2
0 2342 4 phononTS 0.000817688 0.0839352 -0.158013 0.049999 39219.1 0.00034743 1 0.111114 -0.19269 0.05 40158.1
0 2365 2 phononTF 0.00155619 4.17397 4.92098 0.0488493 27882 0.00069486 1 0.0709449 -0.20994 0.05 33381.4
0 2377 4 phononL 0.00195813 3.73709 -0.694331 0.0416185 32573.9 0.00104229 1 -0.0687976 -0.213516 0.05 52587.5
0 2387 2 phononL 0.00195648 3.67042 4.17516 -0.031828 33.2273 0.00069486 1 -0.0233635 -0.14669 0.05 20648.9
0 2402 3 phononTF 0.00196605 3.06002 2.56318 -0.0360396 11804.1 0.00034743 1 -0.0326575 -0.0927485 0.05 30039
0 2404 2 phononTF 0.00174426 4.1892 4.33304 -0.00576586 3133.52 0.00069486 1 0.0507199 -0.184587 0.05 22166.1
0 2466 2 phononTS 0.00177863 3.68089 3.72707 0.00155924 5584.01 0.00034743 1 0.0806721 -0.264841 0.05 122287
0 2590 3 phononTS 0.0022435 4.8394 4.79811 0.037701 6492.89 0.00034743 1 0.0922219 -0.250729 0.05 76068.8
0 2592 2 phononTS 0.00167122 2.96222 3.09092 -0.0175868 1737.92 0.00034743 1 -0.107705 -0.242065 0.05 94156.1
0 2592 4 phononTS 0.00105099 -0.107705 -0.242065 0.049999 94156.1 0.00034743 1 -0.0847173 -0.119572 0.05 94396.6
0 2671 5 phononTF 0.0015138 1.62348 4.74057 0.00172649 12641.4 0.00069486 1 -0.0993982 -0.238458 0.05 44684.9
0 2702 3 phononTF 0.00233203 3.74514 4.96624 0.0022603 5689.85 0.00034743 1 -0.0662049 -0.2015 0.05 18300.9
0 2709 2 phononTF 0.000678359 3.86934 3.58626 0.0225433 2368.5 0.00034743 1 -0.0412474 -0.235794 0.05 60060.6
0 2728 3 phononTF 0.00206265 4.71232 3.59844 0.0198146 2866.81 0.00034743 1 0.059202 -0.153254 0.05 23535
0 2728 4 phononTS 0.0007245 0.059202 -0.153254 0.049999 23535 0.00034743 1 0.0950367 -0.183095 0.05 23665.7
0 2799 4 phononTS 0.00202795 3.98184 1.62746 0.013543 11325.5 0.00069486 1 -0.0405475 -0.155133 0.05 62552.7
0 2799 7 phononTF 0.00089705 -0.0405475 -0.155133 0.049999 62552.7 0.00034743 1 -0.046403 -0.178727 0.05 63903.9
0 2800 4 phononTF 0.00155512 -0.63691 4.31965 0.012288 25648.9 0.00034743 1 -0.0376755 -0.163416 0.05 29308
0 2801 5 phononTF 0.0014422 -1.42491 2.43136 -0.0112646 62756.3 0.00034743 1 0.0859629 -0.245766 0.05 65597.2
0 2820 3 phononTS 0.00169383 4.0194 3.84637 -0.0170568 416.528 0.00034743 1 0.053051 -0.154957 0.05 66422
0 2820 6 phononTS 0.000745143 0.053051 -0.154957 0.049999 66422 0.00034743 1 0.0180731 -0.195837 0.05 66488.2
0 2834 2 phononTS 0.000974933 3.55273 3.87545 0.0270766 1544.78 0.00034743 1 0.0247094 -0.140156 0.05 5571.86
0 2887 2 phononTF 0.00222143 4.35848 4.64234 0.0369065 8691.48 0.00069486 1 -0.0748196 -0.246752 0.05 125780
0 2892 7 phononL 0.00184506 -0.168553 -1.38231 -0.0038777 33647 0.00034743 1 0.0752709 -0.117747 0.05 46295.2
0 2908 2 phononTS 0.0022728 3.94298 4.09074 0.000145862 5483.57 0.00069486 1 0.0591442 -0.294954 0.05 32247.2
0 2928 3 phononTS 0.0016665 4.85028 4.59022 0.0341851 2268.96 0.00034743 1 0.033329 -0.0947993 0.05 32388.6
0 2928 4 phononL 0.00100534 0.033329 -0.0947993 0.049999 32388.6 0.00034743 1 0.0699136 -0.147121 0.05 32497.7
0 2936 4 phononL 0.00169863 4.8525 4.26624 -0.0448459 5311.54 0.00069486 1 -0.0495693 -0.252102 0.05 12886.5
0 2936 11 phononTS 0.000495448 -0.0495693 -0.252102 0.049999 12886.5 0.00034743 1 -0.0701841 -0.286394 0.05 12960.4
0 3048 3 phononL 0.00247693 2.65361 4.42107 0.0226994 2610.07 0.00034743 1 -0.0183001 -0.226559 0.05 19797.1
0 3048 4 phononTS 0.00177347 -0.0183001 -0.226559 0.049999 19797.1 0.00034743 1 -0.0238943 -0.208606 0.05 19858.3
0 3048 10 phononTF 0.001009 -0.0238943 -0.208606 0.049999 19858.3 0.00069486 1 -0.0305085 -0.236179 0.05 19921.9
0 3073 3 phononTF 0.00174561 2.68009 1.40389 -0.0493831 14973.8 0.00034743 1 0.119281 -0.212835 0.05 79537.8
0 3103 2 phononL 0.00172907 4.87389 4.64661 0.0177055 4167.05 0.00069486 1 0.0246546 -0.127817 0.05 27556.2
0 3156 3 phononTS 0.00267067 4.89432 3.63351 -0.0465453 3517 0.00034743 1 -0.0298835 -0.16423 0.05 23387.9
0 3156 6 phononTS 0.000568271 -0.0298835 -0.16423 0.049999 23387.9 0.00034743 1 0.0970172 -0.182729 0.05 23611.4
0 3156 2 phononL 0.00132933 4.89432 3.63351 -0.0465453 3517 0.00034743 1 0.0508431 -0.234049 0.05 28400.5
0 3181 5 phononTS 0.00214007 -1.15179 1.45365 -0.0334837 11098.8 0.00034743 1 -0.0349531 -0.273783 0.05 13923.3
0 3191 2 phononTF 0.00106887 3.61317 4.03657 -0.00603122 573.221 0.00034743 1 0.0928639 -0.210073 0.05 28326.4
0 3191 4 phononTF 0.000681039 0.0928639 -0.210073 0.049998 28326.4 0.00034743 1 -0.0233426 -0.209261 0.05 28391.7
0 3242 3 phononTS 0.00124844 3.6511 4.80895 -0.0236753 5881.97 0.00069486 1 -0.0573918 -0.135939 0.05 66999.9
0 3242 5 phononTS 0.000500703 -0.0573918 -0.135939 0.049999 66999.9 0.00034743 1 -0.0806279 -0.139296 0.05 67164.1
0 3257 4 phononTF 0.00175317 3.53878 4.59135 -0.000318472 1039.32 0.00034743 1 -0.0362755 -0.145892 0.05 23463
0 3257 8 phononL 0.000947273 -0.0362755 -0.145892 0.049999 23463 0.00034743 1 0.0263701 -0.113803 0.05 25842.1
0 3278 2 phononL 0.00146542 4.28718 1.74187 0.00202907 17870.2 0.00034743 1 0.0518892 -0.289206 0.05 106334
0 3286 3 phononTF 0.00238118 4.26334 3.81602 -0.0293997 3100.61 0.00069486 1 -0.0651128 -0.270861 0.05 59317.6
0 3301 2 phononTF 0.00232235 4.87981 4.93539 -0.0450272 11480.4 0.00104229 1 -0.0689133 -0.292268 0.05 29316.1
0 3332 2 phononTF 0.00209208 3.65554 4.41132 0.027496 279.878 0.00034743 1 0.0432173 -0.224888 0.05 30839.4
0 3335 3 phononTS 0.00224345 3.75259 4.00596 0.0217763 1874.25 0.00034743 1 -0.0734484 -0.166173 0.05 13989.5
0 3348 4 phononTS 0.00212109 0.113103 2.88495 0.0295099 7939.62 0.00069486 1 -0.0731924 -0.228259 0.05 20851.7
0 3348 6 phononTS 0.000419298 -0.0731924 -0.228259 0.049999 20851.7 0.00034743 1 0.081813 -0.1973 0.05 21327.5
0 3375 2 phononTS 0.00170767 4.85422 2.66269 0.0277677 3944.13 0.00069486 1 -0.0302321 -0.150845 0.05 64677.9
0 3402 5 phononTF 0.00214851 2.51076 2.81813 0.00704251 3099.91 0.00069486 1 0.0500354 -0.172841 0.05 22400.2
0 3402 10 phononTS 0.000593271 0.0500354 -0.172841 0.049999 22400.2 0.00034743 1 -0.0622248 -0.157907 0.05 22837.5
0 3450 2 phononL 0.00209319 2.74707 4.3395 -0.00159536 5540.77 0.00104229 1 -0.094284 -0.259323 0.05 31544.6
0 3453 3 phononTS 0.00124194 4.60539 2.61995 0.0453249 3299.14 0.00034743 1 -0.0717589 -0.110847 0.05 22077.2
0 3453 4 phononTS 0.000687678 -0.0717589 -0.110847 0.049999 22077.2 0.00034743 1 0.101646 -0.207794 0.05 22914.5
0 3465 2 phononTS 0.00291802 2.64026 3.28883 0.0312301 7925.06 0.00138972 1 0.0355455 -0.262283 0.05 37864.6
0 3474 5 phononTS 0.000616828 4.34413 -1.69484 -0.0285223 9247.67 0.00034743 1 0.0896405 -0.216308 0.05 34665.5
0 3478 3 phononTS 0.000821618 2.73713 4.15923 -0.0187461 17726.9 0.00034743 1 0.0501029 -0.143861 0.05 23617.8
0 3518 4 phononL 0.000957772 0.175353 3.61403 -0.0450228 28192.1 0.00034743 1 -0.0861519 -0.137595 0.05 30542.8
0 3525 4 phononTF 0.00173725 3.83686 -0.110508 0.018483 11236.9 0.00034743 1 -0.0365089 -0.191499 0.05 40540.7
0 3534 3 phononTS 0.00164528 4.15463 3.22133 -0.0318104 3988.4 0.00034743 1 -0.0725197 -0.156143 0.05 12096.4
0 3553 7 phononTS 0.00104305 1.07631 1.91255 0.0269322 40426 0.00034743 1 -0.0735305 -0.146046 0.05 42855.3
0 3565 3 phononTS 0.00204347 4.33914 4.42343 0.00189405 8193.92 0.00034743 1 0.0693037 -0.198006 0.05 38092.2
0 3604 2 phononTS 0.00104313 2.73037 2.12953 0.0383516 7484.46 0.00034743 1 -0.0853674 -0.266951 0.05 29290.9
0 3643 2 phononL 0.00111123 3.85745 2.25761 -0.0269588 7695.15 0.00034743 1 -0.0440352 -0.136123 0.05 26806.9
0 3667 5 phononTS 0.000624941 1.798 1.61047 -0.0381674 10022.8 0.00034743 1 -0.065789 -0.131869 0.05 12651.3
0 3681 2 phononTF 0.00104432 2.86613 4.19179 -0.0386296 2309.24 0.00034743 1 0.0610326 -0.11685 0.05 38513.5
0 3686 3 phononL 0.00212296 3.69815 4.8826 0.0451178 7945.56 0.00069486 1 0.118018 -0.216346 0.05 47227.6
0 3686 8 phononTS 0.000471471 0.118018 -0.216346 0.049999 47227.6 0.00034743 1 0.10456 -0.210358 0.05 47285.2
0 3751 3 phononTF 0.00149141 3.31092 4.07102 0.0169051 2137.34 0.00034743 1 0.101023 -0.211893 0.05 13398
0 3776 3 phononTS 0.00218581 4.91671 2.74564 0.032565 11282.3 0.00069486 1 -0.0473685 -0.292854 0.05 21595.9
0 3798 2 phononTS 0.00228818 2.76869 3.90495 -0.0399193 6181.7 0.00104229 1 0.08331 -0.14221 0.05 10970.5
0 3827 3 phononTF 0.00233999 0.901359 4.70622 0.0365855 10315 0.00069486 1 -0.0782037 -0.256497 0.05 41709.6
0 3839 5 phononTS 0.00148021 4.71618 4.05227 -0.000766418 38503.5 0.00069486 1 -0.0223191 -0.140502 0.05 50953.8
0 3945 3 phononTS 0.00224635 3.66496 4.4401 0.00904264 908.098 0.00104229 1 -0.106137 -0.171396 0.05 56847.3
0 3946 5 phononL 0.00147614 3.88161 -0.640095 -0.00587768 48391.4 0.00034743 1 -0.0412324 -0.250182 0.05 52880
0 3947 2 phononTF 0.00189701 2.21769 3.72072 -0.0108899 1955.98 0.00034743 1 0.0324635 -0.130099 0.05 71131.6
0 3961 2 phononL 0.00119499 3.91785 3.56527 0.0338539 3438.67 0.00034743 1 -0.0819519 -0.149735 0.05 95301.6
0 3985 7 phononTF 0.00120368 -2.11038 4.4199 0.0337852 83993.1 0.00069486 1 -0.108869 -0.213817 0.05 94632.1
0 3993 2 phononTF 0.00217797 3.48334 4.13089 0.0296097 985.869 0.00069486 1 0.0896729 -0.14702 0.05 15755.7
0 4030 3 phononTS 0.00224945 3.0413 4.49326 -0.023477 5546.85 0.00034743 1 0.110004 -0.237837 0.05 59996
0 4063 5 phononTF 0.00118973 3.22987 4.71414 0.0191556 19795.6 0.00034743 1 0.0723562 -0.147925 0.05 80267.9
0 4126 4 phononTF 0.000849639 -0.446798 0.106545 -0.0029019 36477.4 0.00034743 1 -0.031177 -0.164224 0.05 106357
0 4141 2 phononTS 0.00114678 4.54069 1.78454 -0.00521981 16659.6 0.00034743 1 -0.0684305 -0.201287 0.05 60281.7
0 4162 4 phononTF 0.00226315 0.162304 4.83 0.0274103 13943.3 0.00034743 1 -0.104228 -0.227131 0.05 53700.4
0 4170 2 phononL 0.00151442 3.02246 4.1197 -0.00503776 1994.31 0.00034743 1 0.0736155 -0.170996 0.05 16634.8
0 4174 3 phononTF 0.00136874 4.09915 4.30336 0.0459677 236.612 0.00034743 1 0.0398805 -0.277647 0.05 149267
0 4190 3 phononTS 0.0016746 3.10998 3.85602 -0.0268685 2312.29 0.00034743 1 -0.0703625 -0.127324 0.05 19136.9
0 4335 3 phononTS 0.00114732 2.99247 4.70376 -0.0465989 6650.28 0.00069486 1 -0.0450096 -0.151842 0.05 40521.3
0 4350 3 phononTS 0.00208914 1.04515 2.52295 -0.0129183 17118 0.00034743 1 -0.0850395 -0.129587 0.05 28454.2
0 4352 5 phononTS 0.00183433 0.549957 4.87067 -0.021221 37574.1 0.00034743 1 0.0618489 -0.241242 0.05 41882.8
0 4352 7 phononTF 0.000621132 0.0618489 -0.241242 0.049998 41882.8 0.00034743 1 0.0669736 -0.194019 0.05 42001.8
0 4352 4 phononTF 0.000914841 0.549957 4.87067 -0.021221 37574.1 0.00034743 1 -0.0584053 -0.270395 0.05 41514.7
0 4380 2 phononTS 0.000887205 3.53654 4.29847 0.0460331 374.538 0.00034743 1 -0.0449572 -0.110234 0.05 34204.8
0 4421 3 phononL 0.00242437 3.47996 3.86068 0.0211402 7769.5 0.00034743 1 0.0234765 -0.235144 0.05 56633.5
0 4437 3 phononTF 0.00134426 2.96991 4.87416 -0.025459 4877.56 0.00034743 1 0.0819313 -0.267698 0.05 16318.2
0 4437 4 phononTS 0.000721055 0.0819313 -0.267698 0.049999 16318.2 0.00034743 1 -0.102032 -0.241631 0.05 16498.5
0 4447 2 phononL 0.00165963 3.70592 4.97936 -0.0201169 639.035 0.00034743 1 -0.0418585 -0.171367 0.05 70933.8
0 4543 4 phononL 0.00142609 4.284 2.0615 0.0144453 10192.5 0.00034743 1 0.0357326 -0.100458 0.05 81155.2
0 4641 5 phononTS 0.00129929 3.1148 3.88065 0.0216187 24236.2 0.00034743 1 -0.031029 -0.251271 0.05 91606.6
0 4708 2 phononL 0.00211752 3.87074 4.42265 0.0407923 404.142 0.00104229 1 -0.0381538 -0.217115 0.05 79140.3
0 4730 2 phononTF 0.00149921 3.1308 2.96417 0.0153504 2200.45 0.00034743 1 -0.107192 -0.183042 0.05 31555.8
0 4744 2 phononTS 0.00137607 2.28791 3.72949 -0.0410148 14898.6 0.00034743 1 0.0884477 -0.143309 0.05 119503
0 4748 2 phononTS 0.000688163 2.89935 3.80481 0.042977 3606.78 0.00034743 1 0.0935011 -0.144933 0.05 33260.2
0 4757 2 phononTS 0.00218394 4.09432 4.7566 0.047105 1685.83 0.00034743 1 -0.0930207 -0.26144 0.05 35890.5
0 4839 3 phononTS 0.00187225 3.60579 4.40747 -0.040571 1033.06 0.00034743 1 0.0496361 -0.247977 0.05 9547.19
0 4851 3 phononTS 0.00169724 3.56044 4.21854 0.00508599 260.812 0.00034743 1 -0.0570013 -0.249346 0.05 118554
0 4891 5 phononTS 0.00179652 3.1066 4.29733 -0.00131096 12142.7 0.00034743 1 -0.0824386 -0.258084 0.05 47760.7
0 4911 3 phononTS 0.00147557 4.58148 3.70647 -0.00306653 2097.66 0.00034743 1 -0.107736 -0.203806 0.05 12638.1
0 4911 4 phononTS 0.000669583 -0.107736 -0.203806 0.049999 12638.1 0.00034743 1 -0.0143672 -0.211062 0.05 12722.3
0 4914 2 phononTS 0.00188448 3.54514 4.28384 -0.0352711 677.408 0.00034743 1 -0.0414208 -0.122415 0.05 47936
0 4927 2 phononTS 0.000529249 3.93662 4.08727 -0.0190462 276.549 0.00034743 1 0.0331652 -0.199748 0.05 67960.5
0 4982 5 phononTS 0.000832578 2.29525 -0.212185 -0.0124069 12752.1 0.00034743 1 -0.0340286 -0.117267 0.05 200733
0 4997 2 phononTF 0.00178985 3.45781 4.31163 -0.0204059 5791.53 0.00034743 1 0.0583008 -0.208922 0.05 99035.3
0 4997 5 phononTF 0.00116508 0.0583008 -0.208922 0.049999 99035.3 0.00069486 1 0.0603104 -0.223689 0.05 99092.1
