Run ID,Event ID,Track ID,Particle Name,Start Energy [eV],Start X [mm],Start Y [mm],Start Z [mm],Start Time [ns],Energy Deposited [eV],Track Weight,End X [mm],End Y [mm],End Z [mm],Final Time [ns],Volume Name
0 25 3 phononTS 0.00221541 -4.48989 -0.0888875 0.000848462 1240.86 0.00069486 1 -0.0204225 -0.217911 0.05 6687.17
0 31 4 phononTF 0.00158566 -4.82179 -0.482768 0.0483844 10885.5 0.00034743 1 0.0810314 -0.135933 0.05 28721.4
0 31 7 phononTF 0.000849326 0.0810314 -0.135933 0.049999 28721.4 0.00034743 1 0.0927137 -0.257167 0.05 29251.1
0 69 4 phononTS 0.00177142 -2.36111 2.62 0.015928 22481.2 0.00069486 1 0.0718866 -0.201088 0.05 38367.6
0 69 10 phononTS 0.000489729 0.0718866 -0.201088 0.049999 38367.6 0.00034743 1 0.105945 -0.219789 0.05 38456.9
0 72 3 phononL 0.00197465 -4.63339 -0.621642 0.0132443 969.41 0.00034743 1 0.0241513 -0.196658 0.05 71372.3
0 72 4 phononTF 0.00101835 0.0241513 -0.196658 0.049999 71372.3 0.00034743 1 0.0703885 -0.158916 0.05 71433.4
0 83 3 phononTF 0.00220069 -4.65959 -0.381167 0.0327237 5907.81 0.00034743 1 -0.0802532 -0.200769 0.05 10696.3
0 91 4 phononL 0.00152183 0.630502 -0.902577 -0.0354313 18629.1 0.00034743 1 0.112465 -0.238806 0.05 20004.2
0 152 2 phononTF 0.000973963 -4.23054 -0.468135 -0.0399542 1913.25 0.00069486 1 -0.0715045 -0.248137 0.05 91541.6
0 186 2 phononTS 0.00251293 -4.7518 -0.864008 -0.0310671 324.256 0.00034743 1 -0.0865863 -0.148503 0.05 11222.8
0 186 4 phononTF 0.00166913 -0.0865863 -0.148503 0.049999 11222.8 0.00069486 1 0.0956308 -0.230658 0.05 11338.5
0 198 4 phononL 0.00109577 -4.64184 -1.26992 0.0127423 10035.1 0.00034743 1 0.10193 -0.20016 0.05 24106
0 200 2 phononTF 0.00235446 -3.35303 -1.41828 -0.00137886 4733.1 0.00069486 1 -0.0608127 -0.288648 0.05 38822.1
0 259 2 phononTS 0.00110385 -4.59627 -1.21593 -0.0179173 2155.75 0.00034743 1 0.0295385 -0.271392 0.05 77087.8
0 276 5 phononTS 0.00185954 -4.01898 0.617435 -0.0214825 21435.7 0.00034743 1 0.0705945 -0.120457 0.05 31957.5
0 300 3 phononTS 0.0021772 -4.73161 -1.02523 0.0179376 3288.33 0.00034743 1 0.0154794 -0.208931 0.05 29958.1
0 303 2 phononTS 0.00234672 -4.81904 -0.267973 -0.0137318 5120.32 0.00104229 1 -0.0794086 -0.256928 0.05 15547.4
0 324 2 phononTS 0.00211129 -4.88748 -0.611097 -0.0051362 2564.89 0.00034743 1 -0.0542468 -0.127711 0.05 11789.3
0 324 5 phononTS 0.00093083 -0.0542468 -0.127711 0.049998 11789.3 0.00069486 1 -0.0446779 -0.141328 0.05 12772.4
0 324 4 phononTS 0.000623618 -0.0542468 -0.127711 0.049998 11789.3 0.00034743 1 0.100704 -0.20108 0.05 11885.8
0 367 2 phononTS 0.00248139 -4.65717 -2.04228 -0.0349025 2523.71 0.00069486 1 -0.0478232 -0.149961 0.05 60434.9
0 404 2 phononTF 0.00276489 -3.5476 -1.62246 0.00786881 6428.34 0.00034743 1 -0.100939 -0.25703 0.05 18685.5
0 415 3 phononL 0.0020587 -4.1059 -1.6577 -0.00969092 6205.93 0.00069486 1 -0.0525741 -0.154842 0.05 23507.4
0 479 3 phononTS 0.0013958 -3.94644 -0.323234 -0.00728662 5008.39 0.00034743 1 -0.0457597 -0.14797 0.05 37538.8
0 522 4 phononTS 0.00157487 0.45361 -0.0486877 0.042252 53010 0.00069486 1 0.0163628 -0.24012 0.05 56154.6
0 555 2 phononTS 0.00199055 -4.61313 -0.955212 -0.0192974 569.024 0.00034743 1 0.0431745 -0.270564 0.05 19819.6
0 573 4 phononTS 0.000916365 -2.21461 3.34698 0.0411898 24148.4 0.00034743 1 0.0906512 -0.192986 0.05 71222.2
0 639 3 phononL 0.00255901 -4.21142 -0.364174 -0.0430601 692.321 0.00069486 1 0.0634423 -0.258257 0.05 32771.1
0 639 8 phononTS 0.000792302 0.0634423 -0.258257 0.049998 32771.1 0.00034743 1 -0.0219108 -0.242339 0.05 33039.8
0 764 3 phononTS 0.0014811 -4.76488 -0.706499 -0.0484639 13.3026 0.00034743 1 -0.0432623 -0.156587 0.05 17231
0 782 4 phononTF 0.00186022 0.89054 1.77242 -0.000514378 25648.5 0.00034743 1 0.012169 -0.182218 0.05 33907.6
0 793 2 phononTF 0.00160817 -4.24146 -0.956882 -0.0209364 249.709 0.00034743 1 -0.054346 -0.153669 0.05 20081.9
0 793 5 phononL 0.00054079 -0.054346 -0.153669 0.049999 20081.9 0.00034743 1 0.0914029 -0.210746 0.05 20202.6
0 798 3 phononTS 0.00164462 -3.40988 -1.30157 0.0381265 6229.3 0.00034743 1 -0.0157819 -0.205541 0.05 14060.6
0 827 4 phononL 0.000824857 -3.93826 0.0530921 0.049999 1469.21 0.00034743 1 0.016877 -0.20333 0.05 27626.6
0 832 2 phononTF 0.00206096 -4.71672 -0.698523 -0.00977953 31.6294 0.00069486 1 -0.0140608 -0.227335 0.05 14894.8
0 842 2 phononTS 0.0018395 -3.2784 -0.527718 -0.0430163 2106.11 0.00034743 1 -0.039501 -0.158456 0.05 16991.2
0 871 3 phononTS 0.00158646 -4.76723 -0.757886 -0.000656408 25.0982 0.00034743 1 0.0353948 -0.204653 0.05 19243.9
0 873 3 phononTF 0.0023003 -4.74956 -0.750036 0.000493817 0.124249 0.00034743 1 0.115362 -0.227304 0.05 65883.3
0 883 3 phononTF 0.0019168 -4.91512 0.227904 0.0349004 3146.35 0.00069486 1 0.107148 -0.250912 0.05 12406
0 890 4 phononTF 0.000729264 -4.8867 0.0420894 0.049999 624.184 0.00034743 1 -0.032795 -0.216892 0.05 69585.8
0 920 2 phononTS 0.00199685 -4.66707 -0.69619 -0.0459239 845.349 0.00069486 1 -0.0679189 -0.132799 0.05 20806.2
0 997 4 phononTS 0.000699242 -3.31062 -0.00936273 0.049999 11586.4 0.00034743 1 -0.052691 -0.147634 0.05 35052.1
0 1049 2 phononTS 0.00165843 -4.56249 -1.36614 0.00442355 5889.17 0.00034743 1 0.0827989 -0.206109 0.05 55372.7
0 1049 4 phononTS 0.00102168 0.0827989 -0.206109 0.049998 55372.7 0.00069486 1 0.0785564 -0.227381 0.05 55430.6
0 1050 2 phononTS 0.00137359 -4.96545 -0.713429 -0.0334787 705.085 0.00034743 1 -0.0215492 -0.217075 0.05 13200.7
0 1070 2 phononTF 0.0019681 -4.76347 0.669829 -0.0354474 3428.13 0.00069486 1 -0.053382 -0.15904 0.05 14826.3
0 1106 3 phononL 0.00156664 -4.75474 -0.231317 0.00465828 739.914 0.00034743 1 -0.0841436 -0.21957 0.05 59345.6
0 1124 2 phononL 0.00175455 -4.46307 -1.02621 0.0292779 1092.36 0.00034743 1 0.0596081 -0.164842 0.05 40124.3
0 1176 2 phononTF 0.00173146 -4.08842 -0.811643 0.0231206 9248.34 0.00069486 1 0.0826376 -0.148234 0.05 74409.3
0 1192 5 phononTF 0.00173718 -4.96567 1.11825 -0.045715 42621.8 0.00034743 1 -0.0856577 -0.167625 0.05 57361.3
0 1192 7 phononTF 0.000615898 -0.0856577 -0.167625 0.049998 57361.3 0.00034743 1 -0.0747762 -0.177409 0.05 58635.1
0 1232 2 phononTS 0.000577766 -4.43437 -0.892736 0.0400163 2578.88 0.00034743 1 -0.0151965 -0.182922 0.05 48858
0 1246 2 phononTS 0.000998983 -3.2935 -1.4741 0.0288559 4184.98 0.00034743 1 -0.0829098 -0.190866 0.05 43171.5
0 1272 5 phononTS 0.00131944 0.530247 0.927263 -0.0234951 11436.7 0.00034743 1 -0.0598686 -0.168168 0.05 61473.9
0 1272 6 phononTS 0.000397442 -0.0598686 -0.168168 0.049999 61473.9 0.00034743 1 0.0254094 -0.237459 0.05 61861.5
0 1326 2 phononTF 0.00199356 -3.30666 1.04297 -0.029642 10047.4 0.00069486 1 -0.0903341 -0.260186 0.05 27441.3
0 1371 5 phononTS 0.00164827 -2.88543 1.33435 -0.0362027 23930.2 0.00034743 1 -0.0372203 -0.241903 0.05 39172.1
0 1371 8 phononTF 0.000839446 -0.0372203 -0.241903 0.049999 39172.1 0.00034743 1 0.0380973 -0.244274 0.05 39763.4
0 1392 2 phononTS 0.000599975 -4.19424 -0.950915 -0.00330314 2998.34 0.00034743 1 0.0690541 -0.264183 0.05 50497.4
0 1407 5 phononTF 0.000481192 -4.30129 0.10001 0.049999 1872.86 0.00034743 1 -0.0407257 -0.232067 0.05 15793.6
0 1440 4 phononTS 0.00198472 -3.22486 -1.88263 -0.00656841 10665.2 0.00069486 1 0.0426516 -0.186867 0.05 30259.7
0 1461 3 phononL 0.00185371 -3.19711 -0.651994 -0.015885 14544.1 0.00104229 1 -0.0322636 -0.214491 0.05 35492.6
0 1468 5 phononTF 0.00102869 -0.886439 -4.72366 -0.0245904 17385.5 0.00034743 1 -0.0736483 -0.211972 0.05 44521.4
0 1503 2 phononTF 0.00061063 -4.19081 -0.00863809 0.049999 4491.59 0.00034743 1 -0.0571417 -0.199904 0.05 71014.6
0 1520 2 phononTS 0.00284321 -4.03701 -1.20389 0.0357062 8212.29 0.00034743 1 -0.0521155 -0.120357 0.05 36521.4
0 1528 3 phononTS 0.00256341 -4.4896 -0.382256 0.0494081 6664.81 0.00034743 1 -0.0339959 -0.245388 0.05 28425.1
0 1536 2 phononL 0.00220064 -4.22377 -2.04528 -0.0291335 6436.22 0.00034743 1 0.0639791 -0.259416 0.05 137382
0 1536 6 phononTF 0.00112951 0.0639791 -0.259416 0.049999 137382 0.00069486 1 -0.0714959 -0.148559 0.05 137470
0 1552 4 phononTF 0.000857647 -4.53372 0.0934714 0.049999 3464.06 0.00034743 1 0.099239 -0.189106 0.05 119535
0 1554 2 phononTS 0.00152252 -3.89087 -1.71229 -0.0458274 7145.29 0.00034743 1 0.0178113 -0.207415 0.05 80026.3
0 1554 6 phononL 0.000815731 0.0178113 -0.207415 0.049999 80026.3 0.00034743 1 0.0559214 -0.161969 0.05 80131.3
0 1657 3 phononTF 0.00167031 -4.99113 -0.259684 -0.00348824 932.919 0.00034743 1 -0.0722697 -0.194433 0.05 2785.48
0 1670 2 phononTF 0.0018629 -4.55843 -1.74903 0.0266949 1579.5 0.00069486 1 0.0611758 -0.229847 0.05 9113.56
0 1670 6 phononTS 0.000827917 0.0611758 -0.229847 0.049999 9113.56 0.00034743 1 0.104435 -0.227835 0.05 9183.18
0 1699 3 phononL 0.00178405 -3.8475 -0.906206 0.00717393 1213.31 0.00069486 1 0.0587535 -0.197618 0.05 39686.7
0 1703 5 phononTS 0.00175116 -2.6464 -3.35646 -0.0470189 35073.4 0.00034743 1 0.0595298 -0.133146 0.05 121125
0 1717 4 phononTS 0.00106079 -3.09023 -0.424116 0.0248064 12055.3 0.00034743 1 0.0706966 -0.139927 0.05 17355
0 1751 3 phononTF 0.00125398 -4.58498 -0.947842 -0.0464781 1510.57 0.00069486 1 0.0752882 -0.169769 0.05 33651.3
0 1770 4 phononTF 0.000366568 -4.6988 -1.71573 0.00744703 7313.28 0.00034743 1 -0.036817 -0.189546 0.05 13588.5
0 1827 2 phononTS 0.00193324 -4.70502 -1.3174 0.0455691 1423.17 0.00034743 1 -0.0795713 -0.16291 0.05 75270.5
0 1842 4 phononTS 0.00153549 1.18769 -2.06675 0.0472849 18835.4 0.00069486 1 -0.0435637 -0.292612 0.05 49428.7
0 1858 2 phononTF 0.00217277 -4.08656 -2.28252 0.0406083 8505.24 0.00034743 1 -0.0405964 -0.265848 0.05 51582
0 1858 4 phononL 0.00147801 -0.0405964 -0.265848 0.049999 51582 0.00034743 1 0.06917 -0.214501 0.05 57681.5
0 1858 9 phononTF 0.000586088 0.06917 -0.214501 0.049999 57681.5 0.00034743 1 0.0839311 -0.133302 0.05 66681
0 1940 2 phononL 0.00175419 -4.41775 -1.57677 -0.0414262 1434.82 0.00034743 1 0.118901 -0.212545 0.05 6683.15
0 1940 5 phononTS 0.000912561 0.118901 -0.212545 0.049999 6683.15 0.00034743 1 -0.0396794 -0.130339 0.05 6781.93
0 1946 2 phononTS 0.00208792 -4.88305 -0.842588 0.0483686 153.098 0.00069486 1 0.083914 -0.254623 0.05 21638
0 1946 12 phononL 0.000371432 0.083914 -0.254623 0.049998 21638 0.00034743 1 0.0547449 -0.208772 0.05 21739.7
0 1965 3 phononL 0.00246985 -4.63224 -0.657796 0.0247896 50.9501 0.00069486 1 0.0754885 -0.142924 0.05 10462
0 1973 4 phononL 0.000593658 -3.0953 -1.62193 0.0249808 15203.8 0.00034743 1 0.110127 -0.222133 0.05 58392.1
0 1986 2 phononTF 0.00216154 -3.28797 -1.27973 0.0215561 11432.9 0.00034743 1 0.0676482 -0.192131 0.05 25204.3
0 1994 4 phononL 0.00115199 -4.55728 -0.824923 0.0448364 8404.82 0.00069486 1 -0.0945463 -0.211198 0.05 58363.3
0 2028 3 phononTF 0.00176493 -4.99314 -0.802283 0.0297808 794.873 0.00069486 1 0.0837839 -0.202316 0.05 28849.3
0 2028 7 phononTF 0.000626313 0.0837839 -0.202316 0.049999 28849.3 0.00034743 1 0.0513702 -0.214975 0.05 28973.8
0 2036 2 phononTS 0.00129854 -3.10261 -1.76425 -0.00638418 1996.15 0.00034743 1 -0.0524784 -0.126705 0.05 27100.1
0 2038 3 phononTS 0.00199284 -4.84844 -0.72975 0.00543656 54.2102 0.00034743 1 -0.0987206 -0.239109 0.05 15194.9
0 2050 3 phononTS 0.000461771 -3.62317 0.0862164 0.049999 3490.11 0.00034743 1 -0.0289022 -0.1886 0.05 14522.5
0 2053 2 phononL 0.00104489 -3.86257 -2.54962 -0.0286614 25099.7 0.00034743 1 0.103371 -0.226787 0.05 50287.9
0 2155 2 phononTF 0.00106166 -4.70943 -0.501896 -0.029557 163.787 0.00034743 1 0.012292 -0.219689 0.05 15372.5
0 2155 5 phononTS 0.000697109 0.012292 -0.219689 0.049999 15372.5 0.00034743 1 0.0283587 -0.220146 0.05 15432
0 2176 3 phononTS 0.00238107 -4.97302 -0.558553 0.0488859 1514.37 0.00069486 1 -0.0194925 -0.208573 0.05 17898.6
0 2176 4 phononTF 0.00106469 -0.0194925 -0.208573 0.049999 17898.6 0.00034743 1 0.101643 -0.209597 0.05 17964.8
0 2255 3 phononTF 0.00184662 -4.56445 -0.393424 0.02902 1806.5 0.00069486 1 -0.115236 -0.185277 0.05 31741.3
0 2342 3 phononTF 0.00142753 -4.73073 -0.747423 0.0258093 6.10556 0.00034743 1 0.092671 -0.138197 0.05 18095.4
0 2370 3 phononL 0.00181007 -4.84676 -0.356626 -0.0255472 1942.38 0.00069486 1 -0.0709003 -0.276016 0.05 32022.8
0 2373 2 phononTS 0.000633379 -3.03195 -0.0088564 0.049999 9486.17 0.00034743 1 -0.0755623 -0.122769 0.05 66809.4
0 2394 4 phononTF 0.00110411 -4.47905 -1.93076 -0.0206736 46408.7 0.00034743 1 0.0414908 -0.142994 0.05 62146.3
0 2415 3 phononTS 0.00219047 -3.92796 -0.917106 -0.00554413 2690.29 0.00034743 1 -0.0469983 -0.289685 0.05 20830
0 2442 4 phononTS 0.000729911 -3.29268 -0.478267 0.0301116 16158.8 0.00069486 1 -0.0357264 -0.188573 0.05 19746.1
0 2452 2 phononTS 0.0018497 -4.1031 -0.44923 -0.00384626 2968.12 0.00069486 1 -0.0578217 -0.27852 0.05 17429.7
0 2472 2 phononL 0.00144213 -3.94477 -1.19599 0.03369 2825.55 0.00069486 1 -0.0955205 -0.142041 0.05 50851.8
0 2477 2 phononTS 0.00132371 -4.87472 -1.01305 -0.0415702 4084.52 0.00034743 1 0.0486959 -0.260047 0.05 35646.7
0 2548 2 phononTS 0.00198647 -4.15724 -0.109139 -0.0224812 13766.3 0.00069486 1 -0.0960573 -0.164247 0.05 27971.6
0 2576 5 phononTS 0.00150393 -1.51052 3.37488 0.044445 8952.71 0.00034743 1 0.0111965 -0.195767 0.05 39690.9
0 2619 3 phononTF 0.000626276 -4.59962 -0.00418997 0.049999 1960.24 0.00034743 1 -0.0779918 -0.118291 0.05 24407.3
0 2631 2 phononTF 0.00181765 -3.6681 -0.948671 0.0295047 2027.93 0.00034743 1 -0.09684 -0.216446 0.05 25510.5
0 2638 3 phononTS 0.00229232 -4.86321 -0.0590102 0.0178744 1120.32 0.00104229 1 -0.100856 -0.256099 0.05 50307.2
0 2745 2 phononTS 0.0022169 -3.25487 -1.06898 0.0225411 2788.76 0.00034743 1 0.0290561 -0.132088 0.05 60268.2
0 2757 2 phononTS 0.000503433 -3.58872 0.00829496 0.049999 3901.39 0.00034743 1 -0.041728 -0.292672 0.05 48165.1
0 2769 2 phononTF 0.000988626 -4.54177 -2.253 -0.0382497 3279.69 0.00034743 1 0.0397813 -0.222433 0.05 25274.6
0 2773 3 phononTF 0.00147347 -4.94705 -1.115 -0.0178833 1253.18 0.00034743 1 -0.0447584 -0.150555 0.05 108351
0 2773 5 phononTF 0.0004829 -0.0447584 -0.150555 0.049999 108351 0.00034743 1 -0.0778371 -0.198311 0.05 109287
0 2778 2 phononTS 0.00107585 -4.91464 -1.46327 0.0192883 1415.64 0.00034743 1 0.0551395 -0.190162 0.05 7000.41
0 2800 3 phononTS 0.000423931 -4.70073 0.0718243 0.049999 1723.14 0.00034743 1 0.0444985 -0.182058 0.05 49920.8
0 2878 2 phononL 0.00112069 -4.60542 -0.902938 -0.00961935 54.433 0.00034743 1 -0.0932025 -0.1911 0.05 99518.5
0 2986 3 phononTS 0.00166471 -4.23007 -1.2433 -0.0126652 7234.37 0.00034743 1 0.0550969 -0.185202 0.05 36846.7
0 3006 4 phononTF 0.000578035 1.52986 -1.479 0.0344622 30822.7 0.00034743 1 -0.0906884 -0.262036 0.05 36380.6
0 3048 5 phononTS 0.000976905 -3.60847 -3.09887 0.0103255 2871.76 0.00034743 1 0.104388 -0.147628 0.05 13430.6
0 3155 5 phononTS 0.00140482 0.613643 -1.12947 0.00103572 19379.2 0.00069486 1 0.0440708 -0.153794 0.05 41899.5
0 3177 2 phononTS 0.000536221 -4.7428 -1.8054 -0.0448023 4456.02 0.00034743 1 0.0559879 -0.137995 0.05 29181
0 3235 3 phononTS 0.00172742 -4.37994 -0.11453 -0.0249048 3950.64 0.00034743 1 -0.114797 -0.224831 0.05 20918
0 3252 2 phononTS 0.00127182 -4.25256 -1.39617 0.0157256 3154.57 0.00034743 1 -0.0354896 -0.209719 0.05 59020.3
0 3279 3 phononTF 0.00237871 -4.62844 2.00401 0.0168023 18584.2 0.00034743 1 0.041081 -0.144153 0.05 58372.3
0 3345 2 phononTS 0.00285791 -4.41468 -0.803221 0.0145598 2462.51 0.00104229 1 -0.108356 -0.242768 0.05 34744.8
0 3592 2 phononTF 0.00208687 -3.99329 -1.38641 -0.0143892 6157.47 0.00034743 1 0.0421825 -0.152263 0.05 33181.9
0 3592 4 phononTF 0.000862099 0.0421825 -0.152263 0.049999 33181.9 0.00034743 1 0.0952196 -0.175402 0.05 33243.4
0 3594 3 phononTS 0.000363017 -4.20064 0.0102349 0.049999 3054.9 0.00034743 1 0.0918086 -0.264751 0.05 44700.2
0 3650 2 phononTS 0.00177904 -3.67217 -1.302 -0.0492441 6855.21 0.00034743 1 -0.0882831 -0.209499 0.05 36573.4
0 3651 3 phononTF 0.00209286 -2.94374 -2.05202 -0.0298457 15080.4 0.00034743 1 0.0701158 -0.148017 0.05 22704
0 3651 5 phononTS 0.001464 0.0701158 -0.148017 0.049999 22704 0.00034743 1 0.0575758 -0.179324 0.05 22764.4
0 3651 2 phononTF 0.00190714 -2.94374 -2.05202 -0.0298457 15080.4 0.00034743 1 -0.0564474 -0.105548 0.05 26113
0 3651 18 phononTF 0.000703527 -0.0564474 -0.105548 0.049999 26113 0.00034743 1 -0.0615775 -0.119 0.05 26180.7
0 3660 4 phononTS 0.000796361 -4.70943 0.105565 0.049999 736.86 0.00034743 1 0.0320621 -0.180198 0.05 33487.1
0 3686 4 phononTF 0.000962182 -2.70475 -0.039306 -0.0494849 19840.8 0.00034743 1 0.0567503 -0.153107 0.05 67466.6
0 3746 5 phononL 0.00192951 -0.238424 -0.364607 0.018371 12404.8 0.00104229 1 -0.116465 -0.185757 0.05 12446.3
0 3749 3 phononTF 0.00219698 -4.38071 -0.988918 0.0350332 12681.8 0.00034743 1 -0.109164 -0.213397 0.05 50995.9
0 3765 2 phononTS 0.00190607 -4.55919 -1.43042 -0.0322535 5128.27 0.00104229 1 0.0302694 -0.175277 0.05 10597.5
0 3800 2 phononL 0.00236061 -4.67736 -0.412018 0.0128735 1198.66 0.00034743 1 0.0382872 -0.280698 0.05 9803.15
0 3800 5 phononL 0.00162787 0.0382872 -0.280698 0.049999 9803.15 0.00034743 1 -0.106448 -0.24807 0.05 9976.18
0 3843 2 phononTF 0.00147206 -4.78542 -0.540809 -0.00621216 140.311 0.00069486 1 -0.116444 -0.187825 0.05 31761.1
0 3878 4 phononTS 0.00160952 -1.53527 0.409492 -0.00988187 11256.4 0.00069486 1 0.0312399 -0.230932 0.05 13775
0 3898 2 phononTF 0.00229975 -4.85224 -0.346083 0.0482587 310.427 0.00069486 1 -0.0808775 -0.166905 0.05 61575.4
0 3928 2 phononTS 0.00189006 -4.54955 -0.742917 0.010193 1295.91 0.00069486 1 -0.0507626 -0.173344 0.05 27615.4
0 3958 2 phononL 0.0020612 -4.75426 -0.670021 0.024709 438.21 0.00104229 1 -0.0753186 -0.278536 0.05 3621.04
0 4007 2 phononTF 0.00235766 -4.74612 -0.749456 -0.0015172 0.830669 0.00034743 1 0.0265631 -0.176906 0.05 55768.7
0 4063 2 phononTS 0.00221629 -4.33122 -3.0304 0.00980565 7582.99 0.00034743 1 -0.0891218 -0.224714 0.05 52052.2
0 4072 5 phononL 0.00164227 -2.73449 -0.245674 0.0149014 15751.8 0.00034743 1 0.11305 -0.199376 0.05 18610.5
0 4072 7 phononTS 0.000611767 0.11305 -0.199376 0.049999 18610.5 0.00034743 1 0.116864 -0.201217 0.05 18668.3
0 4207 4 phononTF 0.0011685 -2.25726 -2.49432 -0.0464485 39689.4 0.00034743 1 -0.112599 -0.177759 0.05 54361.3
0 4328 3 phononTF 0.000954288 -4.62973 -2.58938 -0.0383261 3498.87 0.00034743 1 0.106958 -0.208971 0.05 30983.7
0 4339 2 phononTF 0.000777374 -4.31457 -0.184021 0.0348474 2374.77 0.00034743 1 -0.0492355 -0.12726 0.05 23810.7
0 4355 2 phononTS 0.00242396 -4.95137 -0.428565 -0.0241287 2430.9 0.00104229 1 -0.0588974 -0.243581 0.05 14604.7
0 4398 3 phononTF 0.00259985 -3.90485 -0.382925 -0.0464629 1869.61 0.00069486 1 -0.0146367 -0.228419 0.05 11204.7
0 4475 2 phononTF 0.00202837 -4.6035 -0.116195 -0.0249255 7038.25 0.00034743 1 -0.0505472 -0.227624 0.05 90715.5
0 4531 4 phononL 0.000760486 -4.24149 0.0590333 0.049999 1217.69 0.00034743 1 0.113648 -0.162475 0.05 10255.7
0 4589 3 phononTS 0.00213871 -4.45985 -0.909242 -0.0151893 285.202 0.00104229 1 0.0270298 -0.278256 0.05 20052.2
0 4611 2 phononTS 0.000962741 -4.39207 -0.500248 0.0357721 9970.56 0.00034743 1 0.0612776 -0.11431 0.05 71347.6
0 4644 3 phononTF 0.00249428 -4.4565 -1.86272 0.0232931 3732.94 0.00034743 1 0.0826669 -0.150995 0.05 37553.3
0 4644 4 phononTS 0.00124281 0.0826669 -0.150995 0.049998 37553.3 0.00069486 1 0.0858535 -0.165914 0.05 37612.9
0 4657 3 phononL 0.00201097 -2.83464 -2.98698 -0.0255156 7423.5 0.00034743 1 -0.0533038 -0.19976 0.05 37770.6
0 4657 4 phononTS 0.00107391 -0.0533038 -0.19976 0.049999 37770.6 0.00034743 1 -0.0566386 -0.173634 0.05 46721.8
0 4732 3 phononTF 0.00211836 -4.88129 -1.20351 0.0489664 2187.06 0.00034743 1 -0.0867244 -0.187582 0.05 42801.6
0 4783 2 phononTS 0.000802288 -4.5006 -1.14073 -0.0418473 2450.07 0.00034743 1 -0.101623 -0.219684 0.05 14258.3
0 4801 4 phononTS 0.00234759 -4.03055 -1.0696 0.0150114 3106.1 0.00034743 1 0.0845545 -0.221105 0.05 10192
0 4833 2 phononL 0.00234113 -4.92119 -1.35326 -0.0121562 15550 0.00034743 1 0.111686 -0.163185 0.05 49914.7
0 4874 2 phononTF 0.00264873 -4.88482 -0.303301 0.00212482 2452.7 0.00069486 1 0.0159461 -0.21436 0.05 19959.5
0 4874 4 phononTF 0.000512467 0.0159461 -0.21436 0.049999 19959.5 0.00034743 1 0.0560951 -0.292385 0.05 20026.2
0 4928 3 phononTF 0.00141687 -4.90106 -0.84591 -0.0460319 11268.8 0.00034743 1 -0.0687196 -0.225451 0.05 51739
0 4933 3 phononL 0.00168585 -4.76936 -0.774218 0.00643019 4123.68 0.00069486 1 0.0899909 -0.174865 0.05 74002.7
0 4979 2 phononTS 0.000465951 -3.60053 0.0821672 0.049999 7691.19 0.00034743 1 0.0342688 -0.149623 0.05 10959.3
