Run ID,Event ID,Track ID,Particle Name,Start Energy [eV],Start X [mm],Start Y [mm],Start Z [mm],Start Time [ns],Energy Deposited [eV],Track Weight,End X [mm],End Y [mm],End Z [mm],Final Time [ns],Volume Name
0 16 5 phononTS 0.00110546 -1.97506 -4.4893 0.0121174 17264.6 0.00069486 1 0.0875054 -0.234234 0.05 145027
0 16 2 phononTF 0.00227837 -0.160541 -1.70321 0.0111142 1975.85 0.00138972 1 0.0690818 -0.222049 0.05 33309.2
0 24 1 phononL 0.004 0.25 -1.75 0 0 0.00104229 1 -0.0832783 -0.144573 0.05 1808.45
0 24 3 phononTS 0.0010569 -0.0832783 -0.144573 0.049999 1808.45 0.00069486 1 0.0469612 -0.171214 0.05 2750.53
0 27 3 phononL 0.00323317 -0.0191864 -0.324732 0.00140641 1562.5 0.00069486 1 0.0345905 -0.256415 0.05 1580.75
0 27 6 phononTF 0.000654406 0.0345905 -0.256415 0.049999 1580.75 0.00034743 1 -0.113388 -0.212487 0.05 1945.88
0 27 2 phononTF 0.00076683 -0.0191864 -0.324732 0.00140641 1562.5 0.00034743 1 -0.0400216 -0.256953 0.05 1618.84
0 32 1 phononL 0.004 0.25 -1.75 0 0 0.00034743 1 0.0400455 -0.247922 0.05 8312.39
0 32 2 phononTS 0.00133497 0.0400455 -0.247922 0.049999 8312.39 0.00069486 1 0.0360024 -0.229394 0.05 8370.21
0 42 3 phononTF 0.000710674 0.665322 0.077822 0.049999 7418.66 0.00034743 1 0.0779366 -0.122763 0.05 67732.7
0 52 4 phononL 0.00152541 0.994053 -1.13857 -0.00734782 1620.17 0.00034743 1 -0.0239371 -0.157728 0.05 9959.22
0 56 4 phononTF 0.00140264 -2.4546 2.27096 0.0347622 11801.1 0.00034743 1 -0.037756 -0.251153 0.05 44757.1
0 59 3 phononTS 0.0016247 1.18612 -2.97625 0.0433634 7944.47 0.00104229 1 0.0478279 -0.258743 0.05 67737.1
0 61 3 phononTS 0.00218842 -0.895643 -1.30272 0.0404257 1913.79 0.00104229 1 -0.0530595 -0.0999995 0.05 11475.9
0 61 4 phononTF 0.00090491 -0.0530595 -0.0999995 0.049999 11475.9 0.00034743 1 -0.0532019 -0.183615 0.05 11913.2
0 66 5 phononTS 0.00110442 0.994281 0.522353 0.00398692 44498.9 0.00034743 1 -0.107218 -0.226734 0.05 45671.2
0 70 3 phononTS 0.00198932 -0.7565 -0.19494 -0.001115 5592.04 0.00104229 1 -0.0361385 -0.108429 0.05 7394.61
0 73 2 phononTS 0.00125296 2.51726 -2.99393 0.0376505 21675.1 0.00034743 1 -0.0403039 -0.258791 0.05 32299.8
0 78 2 phononTF 0.0013616 0.808869 -0.904048 0.0491694 1766.75 0.00034743 1 0.0801505 -0.149783 0.05 14225
0 80 2 phononTS 0.00274538 -0.933776 -1.51954 -0.00565567 7748.85 0.00069486 1 0.105002 -0.224466 0.05 13796.6
0 80 4 phononTS 0.00107167 0.105002 -0.224466 0.049999 13796.6 0.00069486 1 0.0194193 -0.211399 0.05 13951.5
0 82 4 phononL 0.00114484 -0.866117 0.122459 0.0242454 30201 0.00034743 1 -0.101096 -0.20499 0.05 38110.6
0 91 3 phononTS 0.00259316 0.361875 -2.18511 0.0422438 788.935 0.00069486 1 0.110218 -0.203932 0.05 8205.75
0 113 7 phononTS 0.00151652 -2.38932 -3.15048 -0.0347051 43748.6 0.00034743 1 0.0875994 -0.210166 0.05 84096.8
0 132 3 phononTS 0.0026649 0.331882 -0.916964 0.0307043 6432.46 0.00069486 1 0.0651633 -0.234067 0.05 8962.8
0 132 12 phononTS 0.000392774 0.0651633 -0.234067 0.049999 8962.8 0.00034743 1 0.0350563 -0.219977 0.05 11498.6
0 157 2 phononL 0.00236557 1.80885 -2.00856 -0.00666738 6957.89 0.00034743 1 0.0711713 -0.159837 0.05 13188.2
0 157 6 phononTS 0.000401062 0.0711713 -0.159837 0.049999 13188.2 0.00034743 1 -0.0455414 -0.279271 0.05 13281.4
0 186 4 phononTS 0.00151644 0.0906119 -1.74405 0.0098395 1060.86 0.00069486 1 -0.0228175 -0.126729 0.05 24646.4
0 206 2 phononTF 0.00175217 0.350354 -1.53699 -0.0408299 202.279 0.00069486 1 -0.0423371 -0.112519 0.05 6169.55
0 210 2 phononTF 0.00235957 -0.406447 -1.05209 -0.0246325 4143.57 0.00034743 1 -0.0992143 -0.15366 0.05 17028.8
0 211 1 phononL 0.004 0.25 -1.75 0 0 0.00034743 1 -0.0507048 -0.276983 0.05 2005.24
0 214 2 phononTF 0.00206334 1.59783 -1.97796 -0.0315898 7244.72 0.00104229 1 0.0362524 -0.289358 0.05 13871
0 220 2 phononTF 0.00270232 -0.497754 -0.778958 0.0194626 3762.62 0.00034743 1 0.103437 -0.209467 0.05 25053.1
0 241 3 phononTS 0.00179063 0.90887 -1.4793 0.021905 2651.76 0.00034743 1 0.0405951 -0.101263 0.05 8380.13
0 241 4 phononTS 0.000388116 0.0405951 -0.101263 0.049999 8380.13 0.00034743 1 -0.0139472 -0.189067 0.05 9270.8
0 242 3 phononTS 0.00170461 0.119558 -1.84668 0.0234392 312.463 0.00034743 1 -0.0810644 -0.202392 0.05 29272.6
0 256 2 phononTS 0.00199219 0.789476 -2.21664 -0.0321377 439.871 0.00104229 1 0.0584587 -0.203386 0.05 1783.11
0 276 4 phononTS 0.000801196 -0.0820978 0.0997603 0.049999 3121.15 0.00034743 1 0.0263277 -0.121142 0.05 37936.3
0 279 3 phononTS 0.00320245 -0.0690993 -1.62241 0.0439262 1306.91 0.00104229 1 0.0660948 -0.244829 0.05 3532.88
0 279 4 phononTS 0.000658402 0.0660948 -0.244829 0.049999 3532.88 0.00034743 1 0.0382856 -0.175304 0.05 3607.22
0 288 1 phononTF 0.004 0.25 -1.75 0 0 0.00034743 1 -0.10808 -0.230408 0.05 10820.8
0 289 2 phononTS 0.000802491 0.247946 -1.75631 -0.00550625 1.60554 0.00034743 1 0.0388954 -0.284884 0.05 2524.56
0 295 3 phononTS 0.00297292 0.443241 -1.65368 0.0427504 68.1332 0.00173715 1 -0.0359166 -0.104611 0.05 3452.78
0 311 3 phononTF 0.00144062 0.224493 -1.83595 0.0391801 18.9397 0.00034743 1 -0.0182732 -0.19563 0.05 62699.5
0 315 4 phononTF 0.000671176 3.06042 -2.0447 0.0272937 25608.3 0.00034743 1 -0.036773 -0.237194 0.05 72094.2
0 321 4 phononTF 0.000944463 -0.506094 -2.92252 -0.01635 13274.4 0.00034743 1 0.0744144 -0.262111 0.05 62990
0 375 1 phononTF 0.004 0.25 -1.75 0 0 0.00069486 1 -0.0268729 -0.210668 0.05 6447.34
0 375 4 phononTF 0.000647022 -0.0268729 -0.210668 0.049999 6447.34 0.00034743 1 0.0371471 -0.21232 0.05 6511.57
0 375 2 phononTF 0.00119044 -0.0268729 -0.210668 0.049999 6447.34 0.00069486 1 0.0256067 -0.166744 0.05 6758.33
0 410 2 phononTS 0.00148986 -0.807273 -2.90138 0.0495194 2906.65 0.00034743 1 0.0531239 -0.20458 0.05 7570.36
0 411 3 phononTF 0.00161188 0.0169989 -2.33433 0.0315033 5158 0.00034743 1 0.0663715 -0.153621 0.05 27576.2
0 415 2 phononTF 0.00187454 -2.54865 -3.55476 -0.0226476 8812.76 0.00034743 1 -0.102847 -0.196862 0.05 19331.6
0 448 3 phononL 0.00244872 -1.97629 -2.34605 -0.0491412 6639.56 0.00034743 1 0.0748323 -0.159815 0.05 19443.6
0 448 4 phononTS 0.000535733 0.0748323 -0.159815 0.049999 19443.6 0.00034743 1 0.101846 -0.254275 0.05 19569.4
0 456 1 phononTS 0.004 0.25 -1.75 0 0 0.00069486 1 -0.0357328 -0.225 0.05 3796.88
0 456 2 phononTS 0.00112327 -0.0357328 -0.225 0.049999 3796.88 0.00034743 1 -0.0714358 -0.232951 0.05 4052.56
0 492 2 phononTS 0.00222601 -0.14527 0.210333 -0.00284806 6265.96 0.00069486 1 0.0862481 -0.189599 0.05 18615
0 495 3 phononL 0.0025508 0.160952 -1.62743 0.0198755 51.582 0.00034743 1 0.0802349 -0.253269 0.05 9513
0 520 2 phononTF 0.0021558 0.725232 -2.66566 0.0200689 4869.81 0.00034743 1 0.0638119 -0.293925 0.05 48810.1
0 539 3 phononTS 0.001476 0.295791 -1.70736 -0.0205261 12.176 0.00034743 1 -0.0616086 -0.138925 0.05 1490.84
0 550 4 phononTS 0.00140136 4.73098 0.0751415 -0.00317963 22529 0.00034743 1 -0.0565324 -0.257446 0.05 38432.7
0 560 2 phononTS 0.00130031 0.206808 -1.81169 0.00428501 14.3235 0.00069486 1 -0.0938553 -0.172866 0.05 1208.51
0 591 3 phononTF 0.00142188 -0.0349979 -1.67085 0.0335894 798.784 0.00069486 1 0.0782303 -0.241271 0.05 1611.09
0 602 4 phononTS 0.000801811 -0.697735 0.0757867 0.049999 7055.46 0.00034743 1 0.0781329 -0.238916 0.05 8068.24
0 616 3 phononTS 0.00108863 -0.92667 -2.49647 0.0180164 3330.03 0.00034743 1 0.0470137 -0.180951 0.05 55387.2
0 623 4 phononTS 0.00102181 -1.91456 -3.37163 0.0424757 11677.9 0.00034743 1 0.0558064 -0.205696 0.05 15567.7
0 623 7 phononL 0.000448546 0.0558064 -0.205696 0.049999 15567.7 0.00034743 1 -0.0534967 -0.19213 0.05 15632.7
0 630 3 phononTS 0.00212603 -1.12452 -2.2599 -0.0356369 2492.3 0.00034743 1 0.0321623 -0.127648 0.05 15904.4
0 638 2 phononL 0.00240946 1.1273 -2.75948 -0.0425556 7205.28 0.00034743 1 -0.0970273 -0.175148 0.05 17874.8
0 645 5 phononTS 0.00143629 0.577415 -0.788831 -0.0289187 2672.41 0.00034743 1 -0.0272281 -0.278627 0.05 5811.16
0 645 6 phononTS 0.000930563 -0.0272281 -0.278627 0.049998 5811.16 0.00034743 1 0.0525191 -0.226124 0.05 5978.81
0 647 2 phononL 0.000836543 -0.306055 0.0371913 0.049999 9927.32 0.00034743 1 0.0435482 -0.187921 0.05 13308.5
0 666 3 phononTS 0.00253583 0.204191 -1.81575 -0.0446725 16.8855 0.00104229 1 -0.0666346 -0.185718 0.05 29860.1
0 673 1 phononTS 0.004 0.25 -1.75 0 0 0.00104229 1 0.0424869 -0.193555 0.05 4933.83
0 673 12 phononTF 0.000816327 0.0424869 -0.193555 0.049999 4933.83 0.00034743 1 -0.0300527 -0.261244 0.05 5242.3
0 673 9 phononTS 0.000348907 0.0424869 -0.193555 0.049999 4933.83 0.00034743 1 0.0471206 -0.179444 0.05 4993.99
0 673 8 phononTS 0.000402278 0.0424869 -0.193555 0.049999 4933.83 0.00034743 1 0.0333983 -0.250605 0.05 54148.1
0 678 3 phononTS 0.00214634 -0.432634 -1.29526 -0.0284048 4701.43 0.00069486 1 0.0477775 -0.118757 0.05 43552.6
0 678 8 phononTF 0.00136077 0.0477775 -0.118757 0.049999 43552.6 0.00034743 1 0.0500475 -0.141062 0.05 43625.4
0 678 13 phononTS 0.000440822 0.0500475 -0.141062 0.049999 43625.4 0.00034743 1 0.0579174 -0.148019 0.05 43683.2
0 697 5 phononTS 0.00190729 0.138729 0.788 0.00317959 21218.9 0.00034743 1 0.0332431 -0.109329 0.05 92184.8
0 708 3 phononTS 0.0020543 0.51372 -2.17371 0.0266312 4347.76 0.00069486 1 -0.0615021 -0.177972 0.05 37683.5
0 708 7 phononTF 0.000373398 -0.0615021 -0.177972 0.049999 37683.5 0.00034743 1 0.0988875 -0.232209 0.05 37768.2
0 708 2 phononTF 0.0019457 0.51372 -2.17371 0.0266312 4347.76 0.00034743 1 0.0393881 -0.253452 0.05 40616.1
0 708 19 phononTS 0.000430975 0.0393881 -0.253452 0.049999 40616.1 0.00034743 1 0.0618371 -0.216201 0.05 40896.6
0 710 3 phononTF 0.00345909 1.74856 -0.344627 0.0427543 7772.44 0.00034743 1 0.0790008 -0.272999 0.05 15512.7
0 735 3 phononL 0.00206706 0.236816 -1.69401 0.0456928 15.5788 0.00069486 1 0.0389827 -0.156925 0.05 1240.76
0 736 1 phononL 0.004 0.25 -1.75 0 0 0.00138972 1 0.101158 -0.138801 0.05 3972.55
0 768 4 phononTF 0.00130719 -2.91876 0.379488 -0.00410154 82006.2 0.00069486 1 -0.0996958 -0.138121 0.05 115734
0 794 3 phononTF 0.00228929 -0.179257 -1.7111 0.00879368 1853.34 0.00104229 1 0.0648505 -0.14582 0.05 5658.39
0 801 3 phononTS 0.00261613 1.31862 -1.51136 -0.0486056 7369.05 0.00034743 1 0.0287673 -0.214317 0.05 28062.2
0 815 3 phononTF 0.00344117 0.0875684 -1.75603 0.0389807 58.1479 0.00069486 1 0.0346227 -0.283055 0.05 1755.9
0 815 5 phononTS 0.00191457 0.0346227 -0.283055 0.049999 1755.9 0.00069486 1 0.0967186 -0.197161 0.05 177687
0 815 21 phononTS 0.000510019 0.0967186 -0.197161 0.049999 177687 0.00034743 1 0.0574002 -0.21069 0.05 177879
0 815 17 phononTS 0.000516175 0.0967186 -0.197161 0.049999 177687 0.00034743 1 0.0535514 -0.163856 0.05 177967
0 842 2 phononTF 0.00194207 0.281836 -1.60662 -0.0180342 55.6204 0.00034743 1 0.0689513 -0.261636 0.05 27984.4
0 855 2 phononTF 0.00145323 0.765114 -0.545389 0.00641955 4700.26 0.00034743 1 0.0736652 -0.282013 0.05 5242.83
0 878 2 phononTF 0.00183332 -0.818429 -1.85719 -0.0184683 6698.75 0.00104229 1 -0.0796919 -0.212526 0.05 29585.6
0 879 4 phononTS 0.00102361 0.874465 -2.9401 0.0467192 14502.4 0.00034743 1 -0.0259939 -0.279515 0.05 41186.3
0 883 4 phononTS 0.00144071 1.94166 -4.59872 0.0497069 8618 0.00034743 1 -0.0746392 -0.20467 0.05 53243.9
0 886 3 phononTF 0.00329298 0.932037 -1.54608 0.0132516 3790.97 0.00104229 1 -0.0362153 -0.250836 0.05 15220
0 886 7 phononTF 0.000812624 -0.0362153 -0.250836 0.049998 15220 0.00034743 1 -0.0474321 -0.213636 0.05 15377.5
0 895 2 phononL 0.00227634 -0.0761415 -0.787193 -0.0204315 5312.63 0.00034743 1 -0.0641389 -0.120264 0.05 6032.64
0 895 4 phononL 0.00152487 -0.0641389 -0.120264 0.049999 6032.64 0.00034743 1 0.0531323 -0.126445 0.05 37951.5
0 929 3 phononTS 0.00286872 0.431333 -1.3325 -0.023716 1989.12 0.00069486 1 -0.0459296 -0.249876 0.05 3246.86
0 933 2 phononTS 0.00124587 -1.36079 -0.961045 0.0465265 6388.48 0.00034743 1 -0.041678 -0.277057 0.05 8194.73
0 952 5 phononTS 0.00133888 -0.837441 -4.15611 0.00952541 8506.87 0.00034743 1 -0.104311 -0.2198 0.05 25860.5
0 953 2 phononL 0.00296063 0.265624 -1.80854 -0.0303516 19.3786 0.00034743 1 0.0283049 -0.254498 0.05 5335.99
0 955 3 phononTF 0.00211597 -0.202778 -1.53633 0.0248947 4530.14 0.00034743 1 0.0476769 -0.213332 0.05 12830.7
0 963 1 phononL 0.004 0.25 -1.75 0 0 0.00034743 1 -0.0391576 -0.185024 0.05 3144.95
0 968 2 phononTS 0.00188202 -0.0963467 -1.68579 -0.0466015 630.821 0.00069486 1 -0.0336302 -0.129657 0.05 13294.6
0 969 1 phononTF 0.004 0.25 -1.75 0 0 0.00034743 1 -0.0673093 -0.275808 0.05 12185.8
0 995 3 phononL 0.00118122 0.589536 -1.26414 0.0461636 24981 0.00034743 1 0.0673844 -0.226411 0.05 28890
0 999 1 phononTF 0.004 0.25 -1.75 0 0 0.00104229 1 -0.117264 -0.17492 0.05 2971.4
0 999 11 phononL 0.000368423 -0.117264 -0.17492 0.049999 2971.4 0.00034743 1 -0.0468258 -0.288102 0.05 3123.63
0 1012 3 phononTF 0.0022318 -0.93842 -1.44783 0.0453828 3761.01 0.00034743 1 0.0265588 -0.189237 0.05 15146.5
0 1014 1 phononTF 0.004 0.25 -1.75 0 0 0.00034743 1 0.0336258 -0.28184 0.05 5536.01
0 1026 3 phononTF 0.00229451 -1.04584 -2.45665 -0.0446558 4398.44 0.00069486 1 -0.0567491 -0.296715 0.05 26492.6
0 1026 7 phononTS 0.000566434 -0.0567491 -0.296715 0.049999 26492.6 0.00034743 1 -0.0790974 -0.269468 0.05 26555.1
0 1026 5 phononTS 0.000598224 -0.0567491 -0.296715 0.049999 26492.6 0.00034743 1 0.0625301 -0.173238 0.05 27502.1
0 1031 3 phononTS 0.00298553 -1.65141 -2.12863 -0.0445087 7964.23 0.00069486 1 0.0300967 -0.247888 0.05 19783.6
0 1031 9 phononTS 0.000450984 0.0300967 -0.247888 0.049999 19783.6 0.00034743 1 0.114694 -0.199256 0.05 19942.7
0 1061 3 phononTF 0.00222328 0.473604 -1.12321 -0.00133024 2141.2 0.00034743 1 -0.023556 -0.145527 0.05 3459.53
0 1061 4 phononL 0.000479988 -0.023556 -0.145527 0.049999 3459.53 0.00034743 1 -0.0436145 -0.263823 0.05 6039.57
0 1061 2 phononTS 0.00177672 0.473604 -1.12321 -0.00133024 2141.2 0.00034743 1 -0.0736233 -0.274274 0.05 3799.05
0 1066 1 phononTS 0.004 0.25 -1.75 0 0 0.00034743 1 -0.109681 -0.245252 0.05 11477.4
0 1066 8 phononTF 0.000390203 -0.109681 -0.245252 0.049999 11477.4 0.00034743 1 0.101518 -0.149831 0.05 12204.5
0 1066 2 phononTS 0.000523444 -0.109681 -0.245252 0.049999 11477.4 0.00034743 1 0.103843 -0.25042 0.05 15262.9
0 1087 3 phononTF 0.00149929 -0.230751 -1.36677 -0.00480193 528.152 0.00034743 1 -0.0364867 -0.278013 0.05 1517.32
0 1149 2 phononTS 0.00196837 -0.156998 -1.30432 0.0244108 4846.88 0.00069486 1 -0.0571933 -0.282327 0.05 5599.19
0 1155 3 phononTS 0.00142212 0.156967 -1.89347 0.010214 305.877 0.00069486 1 -0.0535216 -0.104671 0.05 5903.14
0 1162 2 phononTS 0.000952759 0.122007 -1.7192 0.00376532 895.007 0.00034743 1 -0.0727897 -0.11449 0.05 7397.1
0 1170 3 phononTF 0.00232717 -0.293255 -1.95722 -0.0477696 5145.56 0.00034743 1 -0.0720714 -0.280009 0.05 8493.73
0 1187 2 phononTS 0.0014812 0.42534 -1.97548 -0.0247871 1763.57 0.00034743 1 0.0562562 -0.298883 0.05 13546.3
0 1197 3 phononTF 0.00259094 -0.736939 -1.6969 -0.00424348 4670.8 0.00069486 1 0.0436872 -0.20243 0.05 14531.2
0 1199 2 phononL 0.00197899 0.379497 -1.23287 -0.0475657 1329.01 0.00069486 1 0.0401792 -0.164767 0.05 4608.41
0 1202 4 phononTS 0.000869635 -1.01596 -2.75081 0.000671888 2056.24 0.00034743 1 -0.0384048 -0.279441 0.05 22684
0 1211 2 phononTS 0.00166614 -1.1435 -1.1146 -0.0153396 10091 0.00069486 1 0.0855393 -0.249316 0.05 30309.6
0 1235 2 phononTS 0.00214837 0.0923017 -1.9122 -0.0196557 704.894 0.00034743 1 -0.0172821 -0.173187 0.05 6132.94
0 1235 7 phononL 0.000684549 -0.0172821 -0.173187 0.049999 6132.94 0.00034743 1 0.0646274 -0.13009 0.05 6446.41
0 1248 2 phononTS 0.00221905 0.415264 -1.67139 -0.0307179 3714.76 0.00034743 1 0.0465316 -0.300349 0.05 5303.61
0 1248 6 phononTS 0.0011812 0.0465316 -0.300349 0.049999 5303.61 0.00034743 1 0.0548448 -0.12284 0.05 5469.44
0 1258 3 phononTF 0.00176729 -0.590469 -3.40948 -0.0324451 5627.78 0.00069486 1 0.058923 -0.234821 0.05 8354.97
0 1271 3 phononTS 0.00268 0.225081 -1.62867 0.0415479 35.2445 0.00034743 1 -0.0427479 -0.0986287 0.05 1810.69
0 1285 2 phononTF 0.00134753 1.94937 -1.49841 -0.0285521 14595 0.00034743 1 -0.0784494 -0.265576 0.05 22273.8
0 1302 1 phononTS 0.004 0.25 -1.75 0 0 0.00034743 1 0.0538587 -0.131572 0.05 9666.31
0 1302 2 phononTS 0.00275988 0.0538587 -0.131572 0.049999 9666.31 0.00034743 1 -0.052437 -0.220852 0.05 9753.48
0 1305 2 phononTS 0.00297254 -0.515797 -1.55212 -0.044227 3048.51 0.00069486 1 -0.0882644 -0.190919 0.05 6128.47
0 1320 3 phononTS 0.00272293 -0.135941 -0.908141 -0.0419718 875.191 0.00069486 1 0.0368504 -0.206593 0.05 16789.4
0 1320 6 phononTF 0.000570189 0.0368504 -0.206593 0.049999 16789.4 0.00034743 1 0.0665956 -0.253205 0.05 16952.3
0 1320 4 phononTF 0.00117237 0.0368504 -0.206593 0.049999 16789.4 0.00034743 1 0.0331408 -0.130266 0.05 16859.3
0 1320 22 phononTF 0.00066941 0.0331408 -0.130266 0.049999 16859.3 0.00034743 1 -0.0741644 -0.205063 0.05 16935.9
0 1329 2 phononL 0.00180691 -0.994926 -0.483851 -0.0349464 16801 0.00034743 1 -0.04265 -0.148494 0.05 67354.5
0 1332 3 phononL 0.000725702 0.0875 -0.00926985 0.049999 3951.48 0.00034743 1 -0.0931886 -0.244282 0.05 4022.67
0 1346 1 phononTF 0.004 0.25 -1.75 0 0 0.00034743 1 0.0608046 -0.173805 0.05 7681.88
0 1346 7 phononTS 0.000408505 0.0608046 -0.173805 0.049999 7681.88 0.00034743 1 -0.0618202 -0.170888 0.05 7862.25
0 1380 4 phononL 0.00236793 0.41349 -0.524708 -0.0492543 8507.98 0.00069486 1 0.0525378 -0.146547 0.05 11719.7
0 1388 2 phononTS 0.00245998 0.242453 -1.69393 0.0290499 18.4323 0.00034743 1 0.0331396 -0.14089 0.05 11996.3
0 1433 5 phononTF 0.00123496 4.01611 -0.626467 -0.0285155 66981.3 0.00034743 1 -0.0621707 -0.119503 0.05 115240
0 1433 6 phononTS 0.000493698 -0.0621707 -0.119503 0.049999 115240 0.00034743 1 -0.0489279 -0.112382 0.05 151513
0 1434 4 phononTF 0.00125861 -0.344266 -1.68164 0.0467936 3728.5 0.00034743 1 -0.0700557 -0.174762 0.05 112580
0 1442 3 phononTS 0.0029691 0.734709 -1.10668 -0.043255 13261.1 0.00069486 1 0.044989 -0.105529 0.05 18886.1
0 1477 1 phononTF 0.004 0.25 -1.75 0 0 0.00173715 1 0.0262242 -0.158699 0.05 2503.86
0 1477 10 phononTF 0.000636824 0.0262242 -0.158699 0.049999 2503.86 0.00034743 1 0.0448134 -0.162212 0.05 2579.23
0 1486 3 phononTF 0.00229262 0.191038 -0.796395 0.0437128 1888.74 0.00069486 1 -0.0393966 -0.185554 0.05 2946.85
0 1486 4 phononTF 0.000939133 -0.0393966 -0.185554 0.049999 2946.85 0.00034743 1 -0.109662 -0.189911 0.05 3010.2
0 1486 13 phononTF 0.000542037 -0.109662 -0.189911 0.049999 3010.2 0.00034743 1 -0.0751747 -0.134711 0.05 3140.92
0 1488 3 phononTF 0.00154057 0.0644463 -1.87012 -0.0194311 827.645 0.00034743 1 -0.0467327 -0.251435 0.05 39648.2
0 1491 1 phononTS 0.004 0.25 -1.75 0 0 0.00069486 1 0.0695555 -0.14255 0.05 3165.23
0 1505 2 phononTS 0.0013206 1.30608 -1.36865 0.0269688 27189.7 0.00034743 1 0.0414609 -0.287873 0.05 47328.3
0 1510 5 phononTF 0.000867477 -3.21102 -3.45721 -0.00835818 57861.1 0.00034743 1 -0.0373744 -0.22431 0.05 91583.7
0 1510 6 phononTF 0.000389215 -0.0373744 -0.22431 0.049999 91583.7 0.00034743 1 0.065307 -0.270417 0.05 91773
0 1517 3 phononTF 0.00166113 -0.550792 -4.38351 -0.000560701 11809.8 0.00104229 1 -0.0278627 -0.160298 0.05 50250.3
0 1522 2 phononTS 0.000784231 -0.103128 0.106242 0.049999 2158.25 0.00034743 1 0.105083 -0.22659 0.05 5838.86
0 1522 5 phononTS 0.00037 0.105083 -0.22659 0.049999 5838.86 0.00034743 1 0.0298108 -0.215694 0.05 5975.93
0 1524 3 phononTF 0.00354766 0.266906 -2.29424 -0.0148967 5928.97 0.00069486 1 0.0817743 -0.136348 0.05 11672.2
0 1534 1 phononTF 0.004 0.25 -1.75 0 0 0.00069486 1 -0.0482805 -0.221216 0.05 6770.26
0 1534 5 phononTF 0.00111074 -0.0482805 -0.221216 0.049999 6770.26 0.00034743 1 0.0371191 -0.147783 0.05 6842.07
0 1535 3 phononL 0.00195608 -0.0365069 -1.18905 0.021764 1043.28 0.00034743 1 0.0703083 -0.285205 0.05 2069.96
0 1535 8 phononTF 0.000364771 0.0703083 -0.285205 0.049999 2069.96 0.00034743 1 -0.052963 -0.191935 0.05 2221.9
0 1546 1 phononTS 0.004 0.25 -1.75 0 0 0.00173715 1 -0.110923 -0.202554 0.05 5938.62
0 1579 5 phononTS 0.00192821 3.32153 -1.40772 -0.00460693 12059.2 0.00034743 1 -0.0350894 -0.294919 0.05 46530.9
0 1579 6 phononTS 0.00095533 -0.0350894 -0.294919 0.049999 46530.9 0.00034743 1 -0.0309375 -0.2802 0.05 46587
0 1586 2 phononTF 0.00229978 0.492184 -0.260891 -0.00675002 7442.44 0.00138972 1 0.0387331 -0.253101 0.05 57363.9
0 1629 4 phononTF 0.00122412 -0.116646 0.514964 -0.0180046 22682.2 0.00034743 1 -0.0700141 -0.153927 0.05 24686.1
0 1656 2 phononL 0.0016344 -0.00880459 -0.738398 -0.00179657 12313.5 0.00034743 1 0.0585522 -0.285334 0.05 25098.1
0 1663 3 phononL 0.000632988 -0.26081 0.0329801 0.049999 3934.8 0.00034743 1 -0.105628 -0.183898 0.05 13460.6
0 1682 2 phononTS 0.00176723 0.0776197 -1.30528 -0.0264351 3069.26 0.00034743 1 -0.0682251 -0.136825 0.05 5043.12
0 1682 4 phononTF 0.000853266 -0.0682251 -0.136825 0.049999 5043.12 0.00034743 1 0.0268272 -0.11827 0.05 5111.03
0 1683 2 phononL 0.00280805 0.285939 -1.99143 0.0332685 201.234 0.00104229 1 0.105468 -0.147844 0.05 29886.4
0 1708 4 phononTF 0.00150976 0.661824 -0.12628 -0.0292144 39914.4 0.00034743 1 0.108535 -0.200063 0.05 110071
0 1708 6 phononTS 0.00045441 0.108535 -0.200063 0.049999 110071 0.00034743 1 -0.0880003 -0.208446 0.05 118634
0 1713 5 phononTF 0.00120879 0.707836 -1.1067 -0.0304693 5599.04 0.00069486 1 -0.104408 -0.155216 0.05 8048.36
0 1716 3 phononTS 0.00265788 1.46886 -1.10033 0.0326835 5562.57 0.00034743 1 0.0262332 -0.16242 0.05 25909.1
0 1729 2 phononTF 0.00142548 -0.208746 -2.64298 -0.0152808 4713.94 0.00069486 1 -0.0798917 -0.204462 0.05 9464.14
0 1740 4 phononTS 0.00150061 -0.426099 -1.34312 -0.0438088 5050.63 0.00034743 1 0.105586 -0.187661 0.05 59500
0 1740 9 phononTF 0.00037785 0.105586 -0.187661 0.049998 59500 0.00034743 1 0.0283741 -0.269252 0.05 60664.4
0 1757 3 phononTS 0.002783 0.0875142 -1.88056 0.0139699 45.8995 0.00069486 1 0.05897 -0.123056 0.05 12673.8
0 1777 1 phononTS 0.004 0.25 -1.75 0 0 0.00208458 1 0.025578 -0.130793 0.05 2197.22
0 1783 1 phononTF 0.004 0.25 -1.75 0 0 0.00173715 1 -0.033154 -0.118782 0.05 2978.5
0 1786 1 phononTS 0.004 0.25 -1.75 0 0 0.00034743 1 0.100913 -0.192247 0.05 2386.18
0 1786 2 phononTF 0.00135442 0.100913 -0.192247 0.049999 2386.18 0.00034743 1 0.0491399 -0.187298 0.05 2454.75
0 1786 11 phononTS 0.000547142 0.0491399 -0.187298 0.049999 2454.75 0.00034743 1 0.0575523 -0.151322 0.05 2522.84
0 1789 4 phononTF 0.000991352 -3.71621 -4.8235 -0.0275514 62952.8 0.00034743 1 -0.0851338 -0.139341 0.05 79725.9
0 1790 3 phononTS 0.00296743 0.549063 -1.09791 -0.00378751 1517.7 0.00069486 1 -0.107855 -0.159182 0.05 5082.86
0 1809 3 phononTS 0.00285486 0.479338 -2.14585 -0.0463844 628.685 0.00034743 1 -0.102648 -0.259308 0.05 7735.94
0 1815 5 phononTS 0.00160806 1.02565 0.22933 0.00178899 5718.18 0.00069486 1 0.11359 -0.211176 0.05 8234.63
0 1815 4 phononTS 0.00118733 1.02565 0.22933 0.00178899 5718.18 0.00034743 1 -0.0373884 -0.235717 0.05 10680.3
0 1826 3 phononTF 0.0028925 -0.074557 -2.95563 -0.0076904 6646.78 0.00034743 1 -0.0792468 -0.282595 0.05 15296.7
0 1833 1 phononL 0.004 0.25 -1.75 0 0 0.00138972 1 0.111083 -0.191472 0.05 9967.6
0 1845 1 phononTF 0.004 0.25 -1.75 0 0 0.00069486 1 0.0666546 -0.219495 0.05 7680.93
0 1855 2 phononTF 0.000940604 -0.216375 -1.19638 0.00727843 2249.76 0.00034743 1 -0.0609768 -0.13536 0.05 85455.4
0 1865 3 phononTS 0.00267785 1.17611 -0.980244 0.0201749 1821.42 0.00104229 1 -0.115722 -0.227497 0.05 14070.7
0 1871 2 phononTS 0.000738683 0.555036 -1.80608 0.0256263 960.715 0.00034743 1 0.0245188 -0.135447 0.05 4395.33
0 1873 1 phononTF 0.004 0.25 -1.75 0 0 0.00034743 1 -0.0335566 -0.156785 0.05 3293.18
0 1877 1 phononTF 0.004 0.25 -1.75 0 0 0.00173715 1 0.0424163 -0.269686 0.05 5489.8
0 1887 1 phononTS 0.004 0.25 -1.75 0 0 0.00034743 1 -0.0810532 -0.264333 0.05 8506.95
0 1893 3 phononTS 0.00154316 -0.13741 -1.86333 0.024058 7844.19 0.00069486 1 -0.0545631 -0.276636 0.05 35448.4
0 1895 3 phononTF 0.00153659 1.01563 -1.92581 -0.0315843 3402.47 0.00034743 1 0.0855174 -0.135263 0.05 60901.1
0 1895 6 phononTS 0.000548361 0.0855174 -0.135263 0.049999 60901.1 0.00034743 1 0.100058 -0.213997 0.05 76226.6
0 1901 3 phononTS 0.00217383 -0.982001 -2.29934 0.0433472 1363.48 0.00034743 1 0.100395 -0.251216 0.05 20063.5
0 1901 4 phononTS 0.000761688 0.100395 -0.251216 0.049999 20063.5 0.00034743 1 0.0798051 -0.122536 0.05 20432.2
0 1928 1 phononTS 0.004 0.25 -1.75 0 0 0.00069486 1 0.0677351 -0.233495 0.05 7781.12
0 1929 3 phononTS 0.00264894 0.166038 -1.25712 0.024787 161.955 0.00173715 1 -0.0369592 -0.14597 0.05 8653.06
0 1935 1 phononTF 0.004 0.25 -1.75 0 0 0.00138972 1 0.0877196 -0.177052 0.05 8893.02
0 1935 4 phononTS 0.000595775 0.0877196 -0.177052 0.049999 8893.02 0.00034743 1 0.101168 -0.18265 0.05 8953.39
0 1940 4 phononTS 0.000661376 1.66478 -0.288657 0.0475845 80514.6 0.00034743 1 0.062477 -0.292793 0.05 81380.5
0 1956 3 phononL 0.00256521 1.65847 -1.31388 -0.000419643 3359.78 0.00069486 1 -0.0602333 -0.153664 0.05 44454.7
0 1965 2 phononTS 0.00198755 -0.154476 -1.96147 0.0119698 1227.54 0.00034743 1 0.103284 -0.207442 0.05 2397.5
0 1971 2 phononTF 0.00100231 1.59019 -0.110705 0.0236713 2149.28 0.00034743 1 -0.0791235 -0.213145 0.05 33167.4
0 1983 2 phononTS 0.00266914 0.675161 -1.13032 0.0149501 143.022 0.00069486 1 0.0528845 -0.10955 0.05 4890.97
0 2003 5 phononTF 0.00089641 3.2335 -2.25729 -0.0433269 19453.3 0.00034743 1 -0.090391 -0.231617 0.05 170404
0 2010 3 phononTF 0.00212619 0.48925 -4.09656 0.0386104 33232.6 0.00104229 1 -0.0976845 -0.176395 0.05 80333.2
0 2023 5 phononTF 0.00188929 4.23647 -1.43805 -0.0447997 15046 0.00069486 1 0.0196345 -0.206406 0.05 29575.4
0 2030 1 phononTF 0.004 0.25 -1.75 0 0 0.00069486 1 -0.0642409 -0.233779 0.05 6399.92
0 2031 1 phononL 0.004 0.25 -1.75 0 0 0.00034743 1 0.0130381 -0.18008 0.05 7699.53
0 2033 4 phononTF 0.000423488 0.00971963 0.0381815 0.049999 5948.43 0.00034743 1 0.0163504 -0.180927 0.05 6034.7
0 2051 3 phononTF 0.00231729 0.266089 -2.58116 -0.0419159 2858.98 0.00034743 1 0.0587555 -0.237291 0.05 12904.1
0 2057 3 phononTS 0.00289341 0.460639 -1.40494 0.0459767 567.001 0.00104229 1 0.0282499 -0.248328 0.05 1782.24
0 2057 5 phononTF 0.000431213 0.0282499 -0.248328 0.049999 1782.24 0.00034743 1 0.030486 -0.195407 0.05 2000.43
0 2075 4 phononTF 0.00126751 4.90656 -2.35445 -0.0331317 21609.5 0.00034743 1 -0.0185837 -0.235168 0.05 28839.1
0 2076 3 phononTF 0.00157186 0.243988 -1.75243 -0.0191136 4.03512 0.00069486 1 0.0495608 -0.150103 0.05 3881.15
0 2080 1 phononL 0.004 0.25 -1.75 0 0 0.00104229 1 0.035429 -0.243362 0.05 2698.71
0 2080 3 phononTS 0.00071743 0.035429 -0.243362 0.049999 2698.71 0.00034743 1 0.0458923 -0.209271 0.05 3107.45
0 2096 5 phononTS 0.00186811 4.78911 -1.69422 -0.0151912 33033.5 0.00034743 1 -0.0292659 -0.243986 0.05 59064.8
0 2097 3 phononTS 0.00276142 0.25367 -0.742537 0.0272789 4095.92 0.00069486 1 0.0973812 -0.157718 0.05 6256.3
0 2097 2 phononTS 0.00123858 0.25367 -0.742537 0.0272789 4095.92 0.00069486 1 -0.100654 -0.207917 0.05 80128
0 2104 3 phononTS 0.00212355 -0.161023 -0.766951 0.00202041 6621.5 0.00069486 1 0.0901072 -0.225441 0.05 21262.7
0 2109 2 phononTS 0.00126946 -0.257508 -2.15652 -0.0458011 632.896 0.00034743 1 0.0973866 -0.157386 0.05 22294.4
0 2129 3 phononTF 0.00152979 0.149784 -1.14599 -0.0139092 2053.74 0.00034743 1 -0.0798097 -0.11576 0.05 24472.6
0 2129 2 phononTF 0.00247021 0.149784 -1.14599 -0.0139092 2053.74 0.00104229 1 0.036019 -0.277242 0.05 11658.9
0 2139 1 phononTS 0.004 0.25 -1.75 0 0 0.00069486 1 0.0323547 -0.199321 0.05 2560.64
0 2148 3 phononTS 0.00242217 2.0731 -0.627435 -0.00579178 12890.8 0.00069486 1 -0.102923 -0.207274 0.05 15181.9
0 2172 3 phononTS 0.00356815 0.437655 -0.878903 -0.0049482 3734.92 0.00104229 1 -0.094742 -0.228022 0.05 7049.66
0 2176 3 phononL 0.00247572 2.6111 -3.61602 -0.0356646 11572.1 0.00104229 1 -0.032148 -0.303561 0.05 31184.9
0 2189 2 phononTF 0.00134522 0.0566432 -2.32888 0.0490674 2002.14 0.00034743 1 0.0741351 -0.125503 0.05 45310.4
0 2195 1 phononTF 0.004 0.25 -1.75 0 0 0.00104229 1 -0.0373339 -0.176254 0.05 8635.7
0 2195 3 phononTS 0.000378505 -0.0373339 -0.176254 0.049999 8635.7 0.00034743 1 -0.103014 -0.233879 0.05 8770.61
0 2195 2 phononTS 0.000912954 -0.0373339 -0.176254 0.049999 8635.7 0.00034743 1 0.0795331 -0.178355 0.05 9735.41
0 2200 1 phononTF 0.004 0.25 -1.75 0 0 0.00034743 1 0.046927 -0.226916 0.05 1587.57
0 2200 6 phononTS 0.000495027 0.046927 -0.226916 0.049999 1587.57 0.00034743 1 0.108575 -0.246963 0.05 1967.24
0 2206 2 phononTF 0.00231686 -1.22132 -1.05664 0.0484887 2667.45 0.00034743 1 -0.0706336 -0.195469 0.05 3512.69
0 2206 5 phononTF 0.000667659 -0.0706336 -0.195469 0.049999 3512.69 0.00034743 1 -0.0550472 -0.192299 0.05 3652.94
0 2206 4 phononTF 0.000904903 -0.0706336 -0.195469 0.049999 3512.69 0.00034743 1 -0.0926038 -0.202018 0.05 3664.22
0 2220 1 phononL 0.004 0.25 -1.75 0 0 0.00069486 1 0.048389 -0.125805 0.05 2878.44
0 2220 7 phononL 0.000976626 0.048389 -0.125805 0.049999 2878.44 0.00034743 1 -0.0569185 -0.26294 0.05 4646.51
0 2220 16 phononTF 0.000360673 -0.0569185 -0.26294 0.049999 4646.51 0.00034743 1 -0.080806 -0.20927 0.05 4708.2
0 2228 3 phononTF 0.00251501 -0.332702 -1.9306 0.0490991 3234.03 0.00034743 1 -0.0433458 -0.0958239 0.05 20665.9
0 2229 1 phononL 0.004 0.25 -1.75 0 0 0.00034743 1 0.0679036 -0.290095 0.05 7446.84
0 2234 1 phononL 0.004 0.25 -1.75 0 0 0.00034743 1 0.0974414 -0.263565 0.05 3702.38
0 2234 4 phononTS 0.000760146 0.0974414 -0.263565 0.049999 3702.38 0.00034743 1 0.0568374 -0.101135 0.05 5022.18
0 2234 3 phononTS 0.00108725 0.0974414 -0.263565 0.049999 3702.38 0.00069486 1 0.0907579 -0.244953 0.05 3763.89
0 2234 2 phononTS 0.00153581 0.0974414 -0.263565 0.049999 3702.38 0.00069486 1 -0.0625893 -0.208082 0.05 4000.24
0 2260 2 phononL 0.00211875 0.36759 -1.91116 -0.0144796 1089.59 0.00034743 1 0.0609466 -0.13794 0.05 8010.1
0 2292 4 phononTF 0.00130492 -4.13301 -1.57201 0.032344 34512.3 0.00034743 1 -0.0252841 -0.141941 0.05 60615.1
0 2302 3 phononTF 0.00110867 0.350422 -1.62999 -0.00356831 40.9959 0.00034743 1 -0.0485971 -0.0977892 0.05 8543.97
0 2303 1 phononL 0.004 0.25 -1.75 0 0 0.00034743 1 -0.0325097 -0.272813 0.05 3176.15
0 2303 4 phononTS 0.000897323 -0.0325097 -0.272813 0.049999 3176.15 0.00034743 1 -0.0357073 -0.24907 0.05 3472.97
0 2304 4 phononTS 0.00184938 -0.925755 -1.80288 0.0125292 25937.1 0.00104229 1 0.0433633 -0.20429 0.05 27956.5
0 2304 14 phononTS 0.000553186 0.0433633 -0.20429 0.049999 27956.5 0.00034743 1 0.00531598 -0.200809 0.05 28023.6
0 2307 2 phononL 0.0024406 0.00980915 -2.55685 0.0422549 3570.15 0.00034743 1 0.0361262 -0.12185 0.05 6319.15
0 2307 4 phononL 0.000496852 0.0361262 -0.12185 0.049999 6319.15 0.00034743 1 -0.0431093 -0.276964 0.05 7358.89
0 2312 2 phononTS 0.0012282 0.204807 -1.46908 -0.00988294 374.249 0.00034743 1 -0.0862143 -0.145378 0.05 1676.34
0 2312 7 phononTF 0.000682277 -0.0862143 -0.145378 0.049999 1676.34 0.00034743 1 -0.0993983 -0.153428 0.05 1743.44
0 2329 1 phononTS 0.004 0.25 -1.75 0 0 0.00069486 1 0.0940978 -0.138154 0.05 4156.39
0 2334 1 phononTF 0.004 0.25 -1.75 0 0 0.00034743 1 -0.0352129 -0.304347 0.05 4460.44
0 2341 3 phononTS 0.00229018 -0.108374 -1.68376 -0.0305555 3415.07 0.00034743 1 -0.063252 -0.278357 0.05 43567.8
0 2356 5 phononTF 0.00132972 0.437012 -0.591536 0.0189805 2755.98 0.00069486 1 0.0533713 -0.268221 0.05 3136.08
0 2359 3 phononTF 0.00277288 0.0887381 -1.46806 -0.0451846 96.2116 0.00034743 1 0.120497 -0.196515 0.05 5164.78
0 2362 5 phononTS 0.00170176 1.77248 -3.19053 0.0483159 4374.63 0.00034743 1 0.0565303 -0.180604 0.05 14614.3
0 2377 2 phononTF 0.00131815 -0.188933 -1.39497 -0.0128186 8143.65 0.00069486 1 -0.0206157 -0.196141 0.05 16215.3
0 2404 2 phononL 0.00181588 0.113163 -1.70985 -0.00920193 227.131 0.00034743 1 0.0427239 -0.136411 0.05 8532.87
0 2418 3 phononTS 0.00263792 -1.77062 -2.10199 0.0499691 17713.8 0.00069486 1 -0.0957886 -0.169454 0.05 25587.9
0 2423 3 phononL 0.00176203 0.41599 -0.621207 -0.021569 13095.1 0.00034743 1 0.0709117 -0.178089 0.05 13734.1
0 2428 3 phononTF 0.00173439 0.591095 -1.18187 -0.0179967 537.595 0.00034743 1 0.104785 -0.227619 0.05 13383.7
0 2431 2 phononTF 0.00220762 -1.92526 -0.111597 -0.0308976 15117.1 0.00034743 1 -0.0359165 -0.28149 0.05 16696.1
0 2432 2 phononTS 0.000462193 1.611 -1.46876 0.0496878 6959 0.00034743 1 0.0616388 -0.239455 0.05 49009.1
0 2445 4 phononTS 0.00161588 -0.122845 0.142291 -0.0456839 15914.2 0.00069486 1 0.0518867 -0.275302 0.05 16395
0 2457 1 phononTF 0.004 0.25 -1.75 0 0 0.00069486 1 0.0187041 -0.158856 0.05 2818.77
0 2474 3 phononTF 0.00289897 -0.0918123 -1.76442 0.0456834 3725.46 0.00034743 1 0.0680674 -0.239205 0.05 6089.24
0 2474 6 phononTS 0.00101407 0.0680674 -0.239205 0.049999 6089.24 0.00034743 1 0.0510616 -0.212112 0.05 6270.95
0 2476 1 phononTS 0.004 0.25 -1.75 0 0 0.00034743 1 0.0868453 -0.275904 0.05 11441.2
0 2476 7 phononTF 0.00047991 0.0868453 -0.275904 0.049998 11441.2 0.00034743 1 -0.071858 -0.144142 0.05 12342.8
0 2479 4 phononTF 0.0014018 -1.14132 0.0724199 -0.00925329 5677 0.00069486 1 -0.042404 -0.152873 0.05 81028.8
0 2482 4 phononTS 0.000443353 -0.243015 0.0166528 0.049999 1160.47 0.00034743 1 -0.101811 -0.180516 0.05 1301.03
0 2493 1 phononL 0.004 0.25 -1.75 0 0 0.00104229 1 0.0961279 -0.161006 0.05 9107.91
0 2531 1 phononTF 0.004 0.25 -1.75 0 0 0.00104229 1 0.0353828 -0.28273 0.05 5700.7
0 2532 3 phononTS 0.00291609 -0.438477 -1.95601 -0.00603591 1381.31 0.00104229 1 0.0621648 -0.288194 0.05 21944.7
0 2552 2 phononTS 0.00282951 2.02801 -3.82392 -0.0113975 13553.6 0.00034743 1 -0.106413 -0.159502 0.05 29831.7
0 2575 1 phononL 0.004 0.25 -1.75 0 0 0.00069486 1 0.0999421 -0.253715 0.05 7138.14
0 2575 6 phononL 0.00119645 0.0999421 -0.253715 0.049999 7138.14 0.00034743 1 0.106096 -0.18494 0.05 9811.96
0 2575 2 phononL 0.00139847 0.0999421 -0.253715 0.049999 7138.14 0.00104229 1 -0.0299053 -0.117207 0.05 7189.35
0 2576 1 phononTS 0.004 0.25 -1.75 0 0 0.00034743 1 -0.0343247 -0.106677 0.05 8767.45
0 2582 2 phononTS 0.00242562 0.403763 -1.59893 0.0187724 1707.89 0.00034743 1 0.0470505 -0.286433 0.05 8735.88
0 2582 7 phononL 0.000577804 0.0470505 -0.286433 0.049999 8735.88 0.00034743 1 -0.0584388 -0.279202 0.05 8787.37
0 2593 3 phononTF 0.00228777 0.00159012 -1.47468 -0.017885 10863.7 0.00104229 1 -0.0280057 -0.161666 0.05 31098.9
0 2602 3 phononTS 0.00123757 0.7458 -2.98534 0.0176776 1984.71 0.00034743 1 0.119761 -0.196222 0.05 14205.3
0 2612 4 phononTS 0.00169343 -1.89048 -3.64932 0.0155491 8780.37 0.00069486 1 0.0205772 -0.184708 0.05 129621
0 2612 6 phononTS 0.000588607 0.0205772 -0.184708 0.049999 129621 0.00034743 1 -0.0616137 -0.106084 0.05 130891
0 2638 5 phononL 0.00119841 0.867385 -0.241064 0.0329955 7878.32 0.00034743 1 0.0261402 -0.229689 0.05 8764.14
0 2638 6 phononTS 0.000621647 0.0261402 -0.229689 0.049999 8764.14 0.00034743 1 0.0478087 -0.152538 0.05 10049
0 2641 3 phononL 0.00151775 -2.48884 -0.854412 0.0374891 7003.1 0.00034743 1 -0.102669 -0.212887 0.05 26747.8
0 2658 3 phononL 0.00216117 0.506353 -0.684764 -0.00910339 7892.3 0.00034743 1 -0.0170661 -0.176184 0.05 9149.72
0 2658 6 phononTS 0.000454744 -0.0170661 -0.176184 0.049999 9149.72 0.00034743 1 -0.0552689 -0.191606 0.05 9215.76
0 2679 5 phononL 0.00195281 -1.71697 -0.195744 0.00831044 12324.7 0.00069486 1 -0.0582919 -0.138531 0.05 14749.4
0 2717 3 phononTF 0.00220293 -2.97289 -2.83947 0.0340822 8837.71 0.00069486 1 -0.114071 -0.185073 0.05 29010.9
0 2732 1 phononTS 0.004 0.25 -1.75 0 0 0.00034743 1 -0.0283795 -0.296889 0.05 4975.75
0 2732 2 phononL 0.00282889 -0.0283795 -0.296889 0.049999 4975.75 0.00034743 1 -0.0455573 -0.299141 0.05 5055.7
0 2750 3 phononTS 0.00273848 -0.357227 -1.77201 0.0216975 917.793 0.00104229 1 0.0915396 -0.256626 0.05 2194.91
0 2750 8 phononTS 0.000663154 0.0915396 -0.256626 0.049999 2194.91 0.00034743 1 0.0834207 -0.277572 0.05 2259.06
0 2770 1 phononTF 0.004 0.25 -1.75 0 0 0.00104229 1 -0.0407067 -0.300769 0.05 3130.7
0 2770 3 phononTS 0.000431752 -0.0407067 -0.300769 0.049999 3130.7 0.00034743 1 -0.0830545 -0.251052 0.05 3212.24
0 2773 5 phononTF 0.00121246 0.197955 -2.96681 -0.0286315 9368.7 0.00069486 1 -0.0625794 -0.240245 0.05 61129.2
0 2779 3 phononTS 0.00163503 0.153179 -1.21168 0.0332863 954.205 0.00034743 1 0.0342183 -0.143969 0.05 2176.7
0 2789 3 phononTS 0.00225751 0.253585 -1.60715 -0.00266306 173.487 0.00104229 1 0.0654933 -0.216426 0.05 1206.4
0 2800 4 phononTF 0.00076931 -0.0889152 -0.117831 -0.0348106 20347.3 0.00034743 1 -0.0649998 -0.118366 0.05 20380.6
0 2818 2 phononTF 0.0021365 0.731956 -1.7619 0.0455497 770.828 0.00069486 1 -0.110113 -0.197871 0.05 20739.3
0 2825 3 phononTS 0.00131313 0.204694 -0.844948 -0.0451642 1259.33 0.00034743 1 -0.112085 -0.240359 0.05 7807.54
0 2825 5 phononTS 0.000394982 -0.112085 -0.240359 0.049999 7807.54 0.00034743 1 -0.0746915 -0.236363 0.05 7872.42
0 2850 4 phononTS 0.00101223 -1.35597 -3.27093 0.00265763 77034.8 0.00034743 1 -0.0416243 -0.192568 0.05 111588
0 2853 1 phononTF 0.004 0.25 -1.75 0 0 0.00104229 1 0.0404989 -0.140714 0.05 9033.18
0 2873 2 phononTS 0.00232376 1.15229 -2.01807 -0.0225193 5724.53 0.00104229 1 0.0287653 -0.109198 0.05 8628.61
0 2884 3 phononTF 0.0015789 0.1313 -1.43149 -0.00936992 1068.31 0.00034743 1 0.0745493 -0.282427 0.05 9123.45
0 2886 1 phononTF 0.004 0.25 -1.75 0 0 0.00034743 1 -0.104211 -0.253721 0.05 7935.5
0 2886 5 phononL 0.000373568 -0.104211 -0.253721 0.049999 7935.5 0.00034743 1 -0.0567851 -0.260553 0.05 8057.51
0 2886 3 phononTF 0.00102554 -0.104211 -0.253721 0.049999 7935.5 0.00034743 1 -0.0247849 -0.278098 0.05 8480.76
0 2890 3 phononL 0.00233064 0.560925 -1.56134 -0.00958456 1926.82 0.00069486 1 -0.0882408 -0.160867 0.05 5504.37
0 2890 8 phononTF 0.000470316 -0.0882408 -0.160867 0.049999 5504.37 0.00034743 1 -0.074522 -0.184108 0.05 5568.27
0 2914 3 phononTF 0.0017619 0.0841079 -2.25766 0.00562665 1293.47 0.00034743 1 -0.0723921 -0.182459 0.05 19167.6
0 2915 3 phononTF 0.00162688 0.656971 -1.5995 -0.00394942 11189.5 0.00034743 1 -0.0302564 -0.263673 0.05 24156.6
0 2923 3 phononTF 0.00121751 -0.000726464 -1.92243 0.0175763 1220.27 0.00034743 1 -0.11432 -0.227323 0.05 58218.5
0 2925 2 phononTS 0.00138866 0.944032 -1.25589 -0.0433906 1527.57 0.00069486 1 0.0550202 -0.185017 0.05 10446.1
0 2944 3 phononTF 0.00195539 2.09786 -2.12027 -0.0306927 9525.77 0.00034743 1 0.0741227 -0.125535 0.05 11203.1
0 2951 3 phononTF 0.00209146 -0.148507 -1.46377 -0.0280995 3189.68 0.00034743 1 0.051329 -0.286327 0.05 49419.8
0 2951 4 phononTS 0.000995259 0.051329 -0.286327 0.049999 49419.8 0.00069486 1 -0.061249 -0.257553 0.05 51477.4
0 2956 2 phononTF 0.00201935 -0.100139 -2.16459 -0.0288377 414.587 0.00069486 1 0.0873353 -0.138074 0.05 11751.3
0 2957 2 phononTF 0.00205816 -0.126523 -0.766114 0.00863331 3788.54 0.00069486 1 -0.0478183 -0.113417 0.05 26193.4
0 2980 3 phononTS 0.00203456 -0.786108 -2.30951 0.0027768 3234.77 0.00034743 1 0.0961112 -0.175665 0.05 54999.6
0 2981 3 phononTF 0.00293206 -0.601032 -1.20574 0.0199313 3410.04 0.00138972 1 -0.0322842 -0.213183 0.05 12170.2
0 2992 3 phononL 0.00169909 0.368196 -1.7076 -0.000603032 128.033 0.00034743 1 -0.0193461 -0.218519 0.05 3581.8
0 2992 5 phononTS 0.000756082 -0.0193461 -0.218519 0.049999 3581.8 0.00069486 1 0.0564063 -0.124482 0.05 3666.04
0 2993 1 phononTS 0.004 0.25 -1.75 0 0 0.00138972 1 0.0526556 -0.214376 0.05 2051.78
0 2999 3 phononTF 0.00233824 0.641183 -1.75984 0.020875 98.4982 0.00069486 1 -0.0802424 -0.171935 0.05 18124.1
0 3007 4 phononTS 0.00143387 0.44353 -0.45627 0.00861833 17800.5 0.00034743 1 0.0522976 -0.155999 0.05 47235
0 3012 1 phononTS 0.004 0.25 -1.75 0 0 0.00104229 1 -0.0830995 -0.229152 0.05 4816.71
0 3012 2 phononTS 0.000946823 -0.0830995 -0.229152 0.049999 4816.71 0.00034743 1 -0.076052 -0.241814 0.05 4873.9
0 3016 2 phononTF 0.00211396 0.181 -1.73065 0.0116784 14.5384 0.00104229 1 -0.0251796 -0.239852 0.05 2753.85
0 3016 4 phononTS 0.00061788 -0.0251796 -0.239852 0.049999 2753.85 0.00034743 1 -0.100451 -0.147862 0.05 2947.02
0 3036 3 phononTF 0.00246508 0.206922 -1.80449 0.0252924 38.6003 0.00034743 1 0.0465948 -0.11158 0.05 2990.09
0 3036 5 phononTS 0.00175412 0.0465948 -0.11158 0.049998 2990.09 0.00034743 1 -0.0927493 -0.26715 0.05 6618.06
0 3058 1 phononL 0.004 0.25 -1.75 0 0 0.00104229 1 0.0135975 -0.200754 0.05 14295.2
0 3058 9 phononTF 0.0012915 0.0135975 -0.200754 0.049999 14295.2 0.00069486 1 0.0397577 -0.166711 0.05 14353.8
0 3080 3 phononTS 0.00198688 1.63063 -0.664818 -0.00706873 9239.75 0.00069486 1 -0.108834 -0.214954 0.05 10910.7
0 3080 2 phononTS 0.00201312 1.63063 -0.664818 -0.00706873 9239.75 0.00069486 1 -0.0801113 -0.283842 0.05 13399.3
0 3080 16 phononTS 0.000653507 -0.0801113 -0.283842 0.049999 13399.3 0.00034743 1 0.011589 -0.193444 0.05 13483.7
0 3084 2 phononL 0.00179283 0.117871 -1.96398 0.0108186 7802.43 0.00069486 1 0.0872396 -0.227256 0.05 9692.51
0 3087 1 phononTF 0.004 0.25 -1.75 0 0 0.00104229 1 -0.114651 -0.190031 0.05 3637.96
0 3105 2 phononTS 0.00177912 2.54982 -3.35004 0.0405078 9828.66 0.00034743 1 0.0419168 -0.150605 0.05 50115
0 3105 4 phononTF 0.000618216 0.0419168 -0.150605 0.049999 50115 0.00034743 1 0.0598303 -0.217678 0.05 69021.9
0 3110 5 phononTS 0.0010359 4.45657 -1.89167 -0.0343034 31907.5 0.00034743 1 -0.0418195 -0.30476 0.05 97163.1
0 3112 1 phononTS 0.004 0.25 -1.75 0 0 0.00034743 1 0.0816368 -0.206837 0.05 5037.49
0 3121 3 phononL 0.00226484 -0.198756 -0.223818 0.0268125 2952.47 0.00069486 1 -0.070377 -0.288864 0.05 3189.1
0 3121 8 phononTF 0.00069068 -0.070377 -0.288864 0.049999 3189.1 0.00034743 1 0.03437 -0.286788 0.05 3341.73
0 3123 3 phononTF 0.00202587 2.78232 -2.38258 -0.033408 21173.6 0.00069486 1 0.118592 -0.21154 0.05 48125.7
0 3127 4 phononTF 0.00160731 4.45622 -0.607055 -0.0100226 12914.8 0.00034743 1 -0.0984018 -0.153233 0.05 17813.1
0 3132 2 phononTF 0.00164799 0.335674 -4.85521 -0.0133767 14993.6 0.00034743 1 -0.0602051 -0.128901 0.05 67580.7
0 3132 7 phononTS 0.000533851 -0.0602051 -0.128901 0.049999 67580.7 0.00034743 1 -0.0333202 -0.0968405 0.05 279557
0 3143 2 phononTF 0.0015042 0.245581 -1.74126 0.0114341 2.80679 0.00069486 1 0.0825783 -0.257763 0.05 4322.83
0 3151 4 phononTS 0.000899882 -0.138501 0.0600021 0.049999 2194.29 0.00034743 1 0.0876871 -0.154837 0.05 2402.46
0 3162 1 phononTF 0.004 0.25 -1.75 0 0 0.00034743 1 0.0340278 -0.272303 0.05 3968.43
0 3166 1 phononTS 0.004 0.25 -1.75 0 0 0.00069486 1 0.0363889 -0.237711 0.05 14056.7
0 3190 3 phononTS 0.00228918 -0.856237 -0.897747 -0.0366336 1369.77 0.00034743 1 0.0654237 -0.199819 0.05 2130.75
0 3195 2 phononTS 0.00127177 1.02399 -2.00148 0.035445 2539.63 0.00069486 1 0.105862 -0.202557 0.05 17069.8
0 3229 2 phononTF 0.00228797 -0.569411 -2.60108 -0.0341567 3622.74 0.00104229 1 -0.0979145 -0.257255 0.05 6431.51
0 3231 2 phononTS 0.00195356 0.285448 -1.71054 -0.0324773 11.3416 0.00069486 1 -0.0977652 -0.183165 0.05 4114.99
0 3251 3 phononTF 0.00167096 0.486645 -1.11399 -0.00812932 2694.7 0.00034743 1 -0.0621272 -0.128576 0.05 3576.66
0 3254 5 phononL 0.000944443 -1.56843 0.245483 0.0230526 10057.9 0.00034743 1 -0.01398 -0.198562 0.05 13692.4
0 3257 3 phononL 0.00144732 -0.600495 -0.8391 0.0470443 2890.48 0.00104229 1 -0.0477965 -0.107898 0.05 4099.37
0 3269 2 phononTS 0.00191711 1.97386 -2.06524 -0.0172549 10475.9 0.00104229 1 -0.0766835 -0.138991 0.05 12980
0 3273 3 phononL 0.00267412 0.0310392 -0.293626 -0.0466602 5612.18 0.00069486 1 0.0829747 -0.253493 0.05 5634.34
0 3273 2 phononTS 0.00132588 0.0310392 -0.293626 -0.0466602 5612.18 0.00034743 1 -0.0517671 -0.238835 0.05 5784.35
0 3273 21 phononL 0.000375447 -0.0517671 -0.238835 0.049999 5784.35 0.00034743 1 0.0325413 -0.140267 0.05 8996.03
0 3304 3 phononTS 0.00178107 -0.0323987 -2.02211 -0.0109606 4440.03 0.00069486 1 -0.0419681 -0.121589 0.05 5155.21
0 3315 7 phononTS 0.0017776 4.34236 0.248758 0.0177562 44204.9 0.00069486 1 0.0957581 -0.165977 0.05 120775
0 3327 3 phononTS 0.00249945 0.139516 -0.605738 -0.0383237 6617.84 0.00034743 1 -0.0927428 -0.264379 0.05 7144.89
0 3327 2 phononTS 0.00150055 0.139516 -0.605738 -0.0383237 6617.84 0.00034743 1 -0.0273602 -0.220545 0.05 8384.78
0 3349 3 phononTS 0.00259745 0.633888 -0.940838 -0.0218767 7735.79 0.00069486 1 0.0782677 -0.183426 0.05 8338.28
0 3351 2 phononTS 0.00120872 0.0606066 -1.75994 -0.00164687 63.3919 0.00034743 1 0.0394555 -0.250634 0.05 13767.2
0 3382 2 phononL 0.00178967 0.241199 -1.00142 -0.0386123 2508.39 0.00034743 1 0.0380687 -0.120941 0.05 74956.6
0 3387 2 phononTS 0.00184483 -0.907567 0.295235 -0.0344936 7304.38 0.00104229 1 0.0472619 -0.298635 0.05 65548.2
0 3391 1 phononTF 0.004 0.25 -1.75 0 0 0.00034743 1 0.0207344 -0.203232 0.05 4769.5
0 3395 2 phononTF 0.00189503 -0.0249338 -1.95299 -0.0393173 4285.94 0.00034743 1 -0.108623 -0.180396 0.05 5727.83
0 3411 2 phononTS 0.00247634 0.399136 -1.89778 0.0408903 402.122 0.00069486 1 -0.0788453 -0.199561 0.05 14267.1
0 3445 2 phononTS 0.00224745 -0.155979 -2.68792 0.0257856 6646.16 0.00034743 1 0.0272835 -0.179913 0.05 9479.73
0 3450 5 phononL 0.00154009 1.60677 -3.82015 -0.0123325 10598.5 0.00034743 1 -0.0246234 -0.131998 0.05 24315.3
0 3452 3 phononTF 0.00181336 0.360382 -2.55051 -0.0283805 4277.74 0.00034743 1 0.058338 -0.169104 0.05 12162.7
0 3452 5 phononTS 0.00107408 0.058338 -0.169104 0.049999 12162.7 0.00034743 1 0.0615475 -0.141576 0.05 12226.5
0 3467 3 phononTS 0.00150366 0.0943353 -1.35915 -0.0434664 6934.41 0.00069486 1 -0.0292389 -0.205952 0.05 8203.44
0 3471 2 phononTS 0.000389872 0.515898 -2.91402 -0.0237431 1249.35 0.00034743 1 -0.0735919 -0.175719 0.05 120834
0 3473 1 phononTF 0.004 0.25 -1.75 0 0 0.00069486 1 0.0349586 -0.157146 0.05 10157.3
0 3473 6 phononTS 0.00049131 0.0349586 -0.157146 0.049999 10157.3 0.00034743 1 0.0399075 -0.23668 0.05 10346.1
0 3495 1 phononTF 0.004 0.25 -1.75 0 0 0.00104229 1 0.0238684 -0.26268 0.05 5497.41
0 3514 2 phononTF 0.00235742 0.834006 -1.9386 0.0330698 5578.49 0.00069486 1 0.0636 -0.134651 0.05 7965.89
0 3524 2 phononTS 0.0011184 0.29771 -1.74704 -0.0473098 13.8422 0.00034743 1 0.0921101 -0.261683 0.05 10339.4
0 3540 3 phononTF 0.00248881 -0.00963387 -2.06044 -0.0288758 2178.34 0.00069486 1 0.0689583 -0.168132 0.05 6051.51
0 3565 3 phononTF 0.000889227 -3.45416 0.0469302 0.049999 12973.5 0.00034743 1 0.0943997 -0.270352 0.05 171366
0 3571 2 phononTF 0.00263173 0.194398 -1.93174 0.0409773 5797.78 0.00034743 1 -0.0361224 -0.185757 0.05 10107.6
0 3576 2 phononL 0.0014674 1.89321 -0.591456 -0.0424055 4927.26 0.00034743 1 0.0231947 -0.230703 0.05 23378.7
0 3576 4 phononL 0.000508049 0.0231947 -0.230703 0.049999 23378.7 0.00034743 1 -0.0470069 -0.189092 0.05 23561.3
0 3580 3 phononL 0.00210177 -0.454367 -2.03947 0.022665 3619.15 0.00069486 1 -0.0462824 -0.134634 0.05 24940.2
0 3581 2 phononTF 0.00174747 1.61757 -2.18521 -0.0238164 8680.52 0.00034743 1 -0.0708728 -0.11866 0.05 30695.2
0 3581 8 phononTF 0.000813652 -0.0708728 -0.11866 0.049999 30695.2 0.00034743 1 -0.0468798 -0.183914 0.05 30758.9
0 3585 3 phononTF 0.00183165 0.175743 -1.79589 0.00304903 46.9325 0.00069486 1 -0.010096 -0.20954 0.05 2788.28
0 3590 5 phononTF 0.00137443 -0.149294 -1.79484 -0.030052 3694.18 0.00034743 1 -0.0515664 -0.235334 0.05 7709.94
0 3611 1 phononTS 0.004 0.25 -1.75 0 0 0.00034743 1 0.0734326 -0.264437 0.05 2046.74
0 3624 2 phononTS 0.00201061 -0.0297121 -2.825 0.0350636 3905.25 0.00069486 1 -0.0249104 -0.136253 0.05 8752.98
0 3624 4 phononTF 0.00118637 -0.0249104 -0.136253 0.049999 8752.98 0.00034743 1 -0.0272763 -0.138167 0.05 8816.96
0 3629 3 phononL 0.00157922 -0.180948 -1.01562 0.0471257 10307.8 0.00034743 1 0.0750507 -0.254531 0.05 12200
0 3632 3 phononTF 0.00197634 1.25948 -2.36358 -0.0352319 11719.3 0.00034743 1 -0.0674268 -0.111228 0.05 22602.9
0 3650 5 phononL 0.00115959 1.30081 -3.92506 0.00376748 3800.55 0.00069486 1 -0.0658744 -0.148295 0.05 15066.6
0 3687 1 phononTS 0.004 0.25 -1.75 0 0 0.00069486 1 -0.10608 -0.228233 0.05 852.651
0 3687 7 phononTF 0.00155088 -0.10608 -0.228233 0.049999 852.651 0.00034743 1 -0.0461328 -0.211572 0.05 1169.39
0 3688 3 phononTS 0.00275508 0.765343 -1.91744 0.0342 4313.83 0.00069486 1 0.0391601 -0.172034 0.05 7795.29
0 3690 3 phononTF 0.0025309 0.184189 -1.27803 0.0147458 5414.75 0.00069486 1 0.0703082 -0.240126 0.05 6772.9
0 3716 3 phononTF 0.00210465 0.237341 -1.75184 -0.0370327 42.3835 0.00034743 1 0.0803384 -0.184356 0.05 1548.2
0 3719 3 phononTF 0.00193103 0.365848 -1.37035 0.031748 2595.04 0.00069486 1 0.0601425 -0.269145 0.05 54784.9
0 3727 2 phononTF 0.00188534 -0.964369 -0.499333 -0.0148028 9344.77 0.00104229 1 -0.0914578 -0.137673 0.05 10571.7
0 3753 3 phononL 0.00256585 0.305568 -1.60512 -0.0292267 943.232 0.00034743 1 -0.0726473 -0.148215 0.05 1690.2
0 3768 2 phononTF 0.00219587 -0.768832 -4.28116 0.0318073 4954.76 0.00069486 1 0.106412 -0.195648 0.05 26701.3
0 3775 3 phononL 0.00300099 1.73968 -0.761906 -0.0101892 4355.21 0.00034743 1 -0.0819455 -0.264836 0.05 13593.8
0 3775 7 phononTF 0.00120693 -0.0819455 -0.264836 0.049998 13593.8 0.00069486 1 -0.0910773 -0.166444 0.05 13657.3
0 3779 3 phononTS 0.0012363 -0.0477924 -1.42914 0.0182155 10643 0.00034743 1 -0.0292805 -0.292196 0.05 30342.4
0 3804 3 phononTS 0.00292209 0.235923 -1.71768 0.032225 3892.96 0.00034743 1 -0.0836038 -0.146403 0.05 12804.5
0 3804 8 phononTS 0.00098342 -0.0836038 -0.146403 0.049999 12804.5 0.00034743 1 -0.0891656 -0.142706 0.05 12875
0 3825 3 phononL 0.0028018 0.251488 -1.75006 -0.000776641 0.326603 0.00034743 1 0.0552931 -0.147373 0.05 1958.99
0 3826 3 phononTS 0.00137751 -0.0496863 -1.90613 -0.0297933 157.345 0.00034743 1 -0.0165228 -0.187994 0.05 32500.5
0 3832 1 phononL 0.004 0.25 -1.75 0 0 0.00069486 1 -0.0584584 -0.283698 0.05 2027.08
0 3840 1 phononL 0.004 0.25 -1.75 0 0 0.00104229 1 0.0678129 -0.272716 0.05 13990.4
0 3840 4 phononTS 0.00137741 0.0678129 -0.272716 0.049999 13990.4 0.00034743 1 0.0413574 -0.28963 0.05 31457.9
0 3852 1 phononTS 0.004 0.25 -1.75 0 0 0.00069486 1 -0.0882669 -0.15049 0.05 6261.51
0 3852 2 phononTS 0.00108471 -0.0882669 -0.15049 0.049999 6261.51 0.00034743 1 -0.105671 -0.181016 0.05 6324.38
0 3854 3 phononTF 0.00165061 0.599373 -1.71518 -0.00717991 975.822 0.00069486 1 0.0880191 -0.25847 0.05 22440.6
0 3873 2 phononTF 0.00253542 -0.538853 -2.38342 0.0481834 909.332 0.00104229 1 -0.0757897 -0.272856 0.05 11310.4
0 3875 3 phononTS 0.0022236 0.368203 -1.051 -0.00116411 2836.61 0.00138972 1 0.0806267 -0.232209 0.05 3274.31
0 3893 4 phononTF 0.00112857 0.386659 0.33878 -0.030649 22758.9 0.00034743 1 -0.0215744 -0.175743 0.05 63910
0 3893 6 phononTF 0.000578337 -0.0215744 -0.175743 0.049999 63910 0.00034743 1 -0.0897407 -0.176667 0.05 63983.5
0 3903 2 phononTF 0.00244694 0.954662 0.779831 0.0266375 5580.77 0.00034743 1 -0.101691 -0.259311 0.05 18411.3
0 3903 4 phononL 0.00120813 -0.101691 -0.259311 0.049999 18411.3 0.00034743 1 0.0376519 -0.197732 0.05 18617
0 3903 14 phononTS 0.000834685 0.0376519 -0.197732 0.049999 18617 0.00034743 1 -0.0463798 -0.113202 0.05 18838.3
0 3904 2 phononTF 0.00169085 0.197964 -1.68997 -0.015761 26.3435 0.00034743 1 -0.0254087 -0.153314 0.05 83393.2
0 3924 2 phononL 0.000888201 -0.243804 -1.42956 -0.00414715 2143.92 0.00034743 1 -0.0743054 -0.202519 0.05 57816.8
0 3932 1 phononTS 0.004 0.25 -1.75 0 0 0.00069486 1 0.0868619 -0.170581 0.05 9563.4
0 3932 6 phononTF 0.000957733 0.0868619 -0.170581 0.049999 9563.4 0.00034743 1 -0.0730663 -0.170659 0.05 9983.91
0 3932 16 phononL 0.000395004 -0.0730663 -0.170659 0.049999 9983.91 0.00034743 1 0.062119 -0.140334 0.05 10139.8
0 3932 2 phononTS 0.000588066 0.0868619 -0.170581 0.049999 9563.4 0.00034743 1 0.0590457 -0.162245 0.05 34883.1
0 3939 3 phononTF 0.00201838 0.130239 -1.80326 0.00281444 1428.53 0.00034743 1 -0.01637 -0.171879 0.05 30594.9
0 3939 2 phononTF 0.00198162 0.130239 -1.80326 0.00281444 1428.53 0.00069486 1 -0.114954 -0.231505 0.05 34245.2
0 3957 5 phononL 0.00141106 0.0466579 -0.244768 0.0425385 4430.72 0.00034743 1 0.0440413 -0.240162 0.05 4432.45
0 3969 2 phononTF 0.00164927 0.46113 -2.20745 0.0124063 697.867 0.00034743 1 0.0812662 -0.145708 0.05 23192.1
0 3969 5 phononTF 0.000663344 0.0812662 -0.145708 0.049999 23192.1 0.00034743 1 0.0908765 -0.163949 0.05 23315.7
0 3980 4 phononTF 0.000828143 -1.04937 4.34835 0.00783974 16337.6 0.00034743 1 0.0433466 -0.298975 0.05 49842.8
0 3991 1 phononTS 0.004 0.25 -1.75 0 0 0.00034743 1 0.0508465 -0.103621 0.05 15178.9
0 4002 2 phononTF 0.00168301 2.52107 -1.00796 0.00218257 5380.67 0.00069486 1 -0.0865161 -0.147794 0.05 11517.3
0 4053 1 phononL 0.004 0.25 -1.75 0 0 0.00034743 1 -0.0365192 -0.287192 0.05 3420.88
0 4057 6 phononTS 0.000420252 0.156352 0.0835516 0.049999 17066.7 0.00034743 1 -0.119266 -0.198576 0.05 18021.7
0 4064 3 phononTS 0.00250105 -0.248875 -2.58732 -0.0265491 1982 0.00104229 1 0.0484288 -0.149294 0.05 22927.7
0 4064 4 phononTF 0.000426502 0.0484288 -0.149294 0.049999 22927.7 0.00034743 1 0.116725 -0.177948 0.05 22990.8
0 4105 2 phononTS 0.00161833 0.164356 -0.200969 -0.0212179 3090.08 0.00069486 1 0.113308 -0.228237 0.05 5308.14
0 4122 3 phononTS 0.00212708 -0.149084 -1.77495 -0.0479903 3670.07 0.00069486 1 -0.0498717 -0.288059 0.05 5530.25
0 4146 3 phononTF 0.00239758 -1.25142 -1.15119 0.00990964 18683.9 0.00069486 1 0.0695223 -0.256838 0.05 23759.8
0 4158 3 phononTF 0.00349675 0.439768 -1.37972 0.0192994 2687.96 0.00104229 1 -0.0315449 -0.218084 0.05 5694.1
0 4178 3 phononTS 0.00231217 -0.260039 -1.25285 0.0144798 20323.6 0.00104229 1 0.0560053 -0.118455 0.05 32032.3
0 4199 1 phononL 0.004 0.25 -1.75 0 0 0.00069486 1 0.0772694 -0.265628 0.05 975.146
0 4199 2 phononTF 0.000632954 0.0772694 -0.265628 0.049998 975.146 0.00034743 1 -0.0756391 -0.224769 0.05 63576.1
0 4203 2 phononTS 0.00204275 0.33544 -2.93326 -0.0292372 13438.3 0.00069486 1 -0.102574 -0.208178 0.05 19895.3
0 4211 3 phononTF 0.00162898 0.0139229 -1.92619 -0.0248793 3872.75 0.00069486 1 0.0197958 -0.213002 0.05 9503.97
0 4212 3 phononL 0.00122291 0.615962 -1.98628 0.00122503 132.451 0.00034743 1 -0.011213 -0.194787 0.05 80139.4
0 4231 2 phononTS 0.00116678 0.513171 -1.24209 0.0143178 613.894 0.00069486 1 -0.020043 -0.147997 0.05 15056.7
0 4245 2 phononL 0.00147047 0.211231 -1.92326 0.0457866 76.1582 0.00034743 1 0.0234939 -0.138966 0.05 84317
0 4245 4 phononTS 0.000455382 0.0234939 -0.138966 0.049998 84317 0.00034743 1 -0.0577465 -0.169176 0.05 166649
0 4254 3 phononL 0.0019279 0.0175556 -0.391139 0.0359068 3878.74 0.00034743 1 -0.0459627 -0.220077 0.05 3933.17
0 4266 2 phononL 0.00241692 0.053411 -1.70008 -0.0260181 258.288 0.00069486 1 0.0525948 -0.292616 0.05 29318.7
0 4266 8 phononL 0.000768472 0.0525948 -0.292616 0.049999 29318.7 0.00034743 1 -0.0743381 -0.163067 0.05 37279.3
0 4275 1 phononL 0.004 0.25 -1.75 0 0 0.00034743 1 0.0712164 -0.220104 0.05 3211.94
0 4275 3 phononTS 0.00190742 0.0712164 -0.220104 0.049999 3211.94 0.00034743 1 -0.0401918 -0.256888 0.05 3314.64
0 4275 11 phononTS 0.000720991 -0.0401918 -0.256888 0.049999 3314.64 0.00034743 1 -0.03417 -0.241612 0.05 3375.63
0 4281 3 phononL 0.00243415 2.57427 -1.81844 0.036164 7901.49 0.00034743 1 -0.0437896 -0.143785 0.05 54454.6
0 4286 1 phononL 0.004 0.25 -1.75 0 0 0.00034743 1 0.0821462 -0.256177 0.05 2653.97
0 4293 1 phononTS 0.004 0.25 -1.75 0 0 0.00104229 1 -0.1172 -0.193389 0.05 2875.81
0 4335 3 phononTS 0.00278509 1.09298 -0.767953 0.00781714 2105.83 0.00034743 1 0.069753 -0.209369 0.05 7078.91
0 4335 6 phononL 0.00173367 0.069753 -0.209369 0.049999 7078.91 0.00034743 1 -0.074616 -0.25676 0.05 20015
0 4335 4 phononTF 0.000611554 0.069753 -0.209369 0.049999 7078.91 0.00034743 1 0.0650377 -0.214148 0.05 7148.45
0 4340 7 phononL 0.00153461 -3.64966 -2.30089 0.0320305 67594.3 0.00034743 1 0.0480072 -0.114121 0.05 184113
0 4365 2 phononTF 0.0019357 0.32904 -2.04496 -0.0313563 507.895 0.00034743 1 -0.0349497 -0.147592 0.05 84215.8
0 4395 2 phononTS 0.00243489 0.247453 -1.95259 -0.0446347 225.813 0.00034743 1 0.112801 -0.231404 0.05 4102.46
0 4395 6 phononTS 0.00179111 0.112801 -0.231404 0.049999 4102.46 0.00034743 1 0.0414796 -0.212823 0.05 4179.28
0 4395 11 phononTS 0.000755337 0.0414796 -0.212823 0.049999 4179.28 0.00034743 1 -0.0670871 -0.11419 0.05 4668.01
0 4424 3 phononTS 0.00288317 1.00562 -0.334533 0.00335687 2543.22 0.00104229 1 -0.0822531 -0.117153 0.05 5223.76
0 4432 3 phononL 0.00284999 0.838257 -1.11003 0.0395017 782.849 0.00104229 1 0.106067 -0.190411 0.05 4098.63
0 4438 3 phononTS 0.0023909 0.599201 -2.06659 0.00939463 4248.78 0.00069486 1 -0.0795119 -0.148026 0.05 7912.58
0 4441 2 phononTF 0.00204431 1.29272 -2.4897 -0.0296656 6174.12 0.00069486 1 -0.0258892 -0.276636 0.05 16551
0 4461 2 phononTF 0.00273597 1.22277 -3.5128 -0.0302087 10308 0.00069486 1 -0.0960083 -0.155273 0.05 18562.9
0 4465 1 phononTF 0.004 0.25 -1.75 0 0 0.00104229 1 -0.0577376 -0.108971 0.05 2970.77
0 4465 2 phononL 0.00126 -0.0577376 -0.108971 0.049999 2970.77 0.00034743 1 0.047795 -0.152952 0.05 6610.04
0 4465 19 phononL 0.000598311 0.047795 -0.152952 0.049998 6610.04 0.00034743 1 -0.0264542 -0.250698 0.05 6658.61
0 4472 3 phononTS 0.00208896 -2.23877 -1.94579 -0.023384 10650.9 0.00034743 1 -0.0329205 -0.177306 0.05 23573
0 4474 3 phononL 0.00238539 0.231561 -0.54267 0.0203989 6064.63 0.00034743 1 0.0590083 -0.12345 0.05 7656.7
0 4484 2 phononTF 0.0020052 -0.305235 -2.36898 -0.0452003 2342.5 0.00069486 1 0.0525869 -0.104889 0.05 20163.4
0 4493 5 phononTS 0.00117258 1.62588 -1.12758 -0.00590688 5186.63 0.00034743 1 0.0679467 -0.291661 0.05 7067.74
0 4513 3 phononTS 0.00182777 0.597785 0.157942 -0.0434881 3956.89 0.00069486 1 0.0220969 -0.194205 0.05 11467.4
0 4518 3 phononL 0.00191951 0.194274 -0.288051 -0.0123237 1891.83 0.00034743 1 -0.0645989 -0.280253 0.05 2656.42
0 4536 3 phononTF 0.00194223 0.668779 -0.738049 -0.0351515 814.39 0.00069486 1 -0.0634229 -0.178124 0.05 73898.3
0 4577 2 phononTS 0.00188292 0.0761477 -1.05474 -0.0454426 578.797 0.00034743 1 0.0613295 -0.162998 0.05 4163.3
0 4594 1 phononTF 0.004 0.25 -1.75 0 0 0.00034743 1 -0.109003 -0.230556 0.05 7295.58
0 4602 3 phononTS 0.00193095 -1.13151 -0.349036 -0.0219372 5830.2 0.00034743 1 -0.0858403 -0.126842 0.05 6716.96
0 4603 3 phononL 0.00216978 0.670191 -1.3922 -0.0339036 1574.85 0.00069486 1 -0.0865752 -0.238478 0.05 59438.7
0 4608 2 phononL 0.00202838 -0.0343135 -2.60848 -0.0367691 3653.22 0.00034743 1 0.0902261 -0.188433 0.05 22524.8
0 4608 5 phononTS 0.000465994 0.0902261 -0.188433 0.049999 22524.8 0.00034743 1 -0.0379016 -0.161636 0.05 22613.4
0 4614 3 phononL 0.00206907 -0.65692 -2.29968 -0.0237427 3479.74 0.00034743 1 0.0796316 -0.234206 0.05 5119.93
0 4614 5 phononL 0.00121397 0.0796316 -0.234206 0.049999 5119.93 0.00069486 1 0.0284875 -0.235318 0.05 6303.69
0 4628 2 phononTF 0.00298052 0.298678 -1.8001 -0.00624752 13.1117 0.00069486 1 -0.0612898 -0.295842 0.05 2862.99
0 4628 9 phononTS 0.00130729 -0.0612898 -0.295842 0.049999 2862.99 0.00069486 1 0.0652735 -0.218984 0.05 3377.59
0 4628 4 phononTF 0.000536156 -0.0612898 -0.295842 0.049999 2862.99 0.00034743 1 -0.0372696 -0.254756 0.05 2922.95
0 4632 3 phononTF 0.000708856 0.351591 0.0398824 0.049999 3909.05 0.00034743 1 0.0458602 -0.149717 0.05 5429.29
0 4653 2 phononTS 0.00267218 -0.590896 -1.43337 0.0322762 244.406 0.00104229 1 -0.0710381 -0.151315 0.05 8077.39
0 4665 2 phononL 0.00117463 0.235699 -1.81381 0.0205223 124.296 0.00034743 1 0.0449272 -0.229991 0.05 28717.2
0 4665 4 phononTS 0.000493939 0.0449272 -0.229991 0.049999 28717.2 0.00034743 1 0.0443692 -0.231714 0.05 28773
0 4673 2 phononTF 0.00175658 1.53962 -2.13484 0.0315791 3068.32 0.00034743 1 0.117635 -0.180514 0.05 8978.28
0 4689 1 phononTF 0.004 0.25 -1.75 0 0 0.00034743 1 -0.0178556 -0.247674 0.05 9554.37
0 4698 2 phononTS 0.00258076 0.460391 -1.17379 0.0218738 4054.34 0.00034743 1 -0.120629 -0.207728 0.05 28543.3
0 4698 4 phononTF 0.000931452 -0.120629 -0.207728 0.049999 28543.3 0.00034743 1 0.100065 -0.183564 0.05 28630.7
0 4706 1 phononTS 0.004 0.25 -1.75 0 0 0.00138972 1 -0.044437 -0.297901 0.05 3661.19
0 4708 2 phononL 0.00197906 0.253142 -1.74298 0.0368067 1344.48 0.00034743 1 0.0893981 -0.167179 0.05 18131.5
0 4710 2 phononTS 0.00186757 -0.154767 -1.07652 0.000720929 3821.68 0.00034743 1 0.0843148 -0.23258 0.05 5514.58
0 4710 5 phononTF 0.000961821 0.0843148 -0.23258 0.049999 5514.58 0.00034743 1 0.0275124 -0.248188 0.05 44164.1
0 4717 1 phononTF 0.004 0.25 -1.75 0 0 0.00069486 1 0.0271054 -0.156673 0.05 2491.76
0 4739 2 phononTS 0.00140182 -0.8972 -0.964888 0.0293236 5048.87 0.00034743 1 0.063404 -0.189418 0.05 7273.87
0 4739 6 phononTS 0.000991615 0.063404 -0.189418 0.049998 7273.87 0.00034743 1 -0.060981 -0.169717 0.05 8124.45
0 4740 4 phononTF 0.00127805 2.23007 0.247584 -0.0328266 5964.55 0.00034743 1 0.0756091 -0.180696 0.05 9970.46
0 4740 2 phononTS 0.00166381 0.352865 -1.22517 0.0398467 1051.41 0.00069486 1 0.108098 -0.187753 0.05 1858.67
0 4747 2 phononL 0.00177288 -0.717084 -2.6087 0.0436931 15663.1 0.00034743 1 -0.112357 -0.159742 0.05 52923.8
0 4777 3 phononTS 0.00271505 0.339034 -1.6599 -0.0242086 325.036 0.00069486 1 -0.0245588 -0.262223 0.05 2313.76
0 4777 8 phononTS 0.000784133 -0.0245588 -0.262223 0.049999 2313.76 0.00034743 1 0.11232 -0.192651 0.05 2432.63
0 4781 2 phononTF 0.00226199 0.0683554 -1.87585 -0.0216228 2010.33 0.00034743 1 -0.105371 -0.245652 0.05 16019.9
0 4784 1 phononL 0.004 0.25 -1.75 0 0 0.00069486 1 0.0217962 -0.245838 0.05 2485.07
0 4792 5 phononTF 0.000888854 -1.14661 -0.600267 0.0389381 4890.8 0.00034743 1 -0.0865286 -0.17487 0.05 66615.3
0 4805 3 phononTS 0.002343 0.532217 -1.36759 -0.0342379 843.906 0.00034743 1 -0.0430394 -0.146148 0.05 2596.77
0 4809 1 phononTF 0.004 0.25 -1.75 0 0 0.00104229 1 -0.0707826 -0.268812 0.05 2746.69
0 4809 6 phononTS 0.000581378 -0.0707826 -0.268812 0.049999 2746.69 0.00034743 1 -0.0309886 -0.305612 0.05 2871.62
0 4810 1 phononTF 0.004 0.25 -1.75 0 0 0.00069486 1 0.0538533 -0.274124 0.05 5121
0 4810 6 phononL 0.000697097 0.0538533 -0.274124 0.049999 5121 0.00034743 1 0.0672239 -0.259505 0.05 6460.74
0 4859 3 phononTF 0.00230352 -0.245575 -1.78695 0.0338533 465.508 0.00069486 1 0.0908898 -0.137274 0.05 3115.99
0 4868 1 phononL 0.004 0.25 -1.75 0 0 0.00104229 1 0.0548279 -0.255403 0.05 17392.9
0 4920 4 phononTF 0.00141352 1.41767 -1.33619 -0.037637 8485.5 0.00069486 1 -0.0267061 -0.124061 0.05 31672.4
0 4943 5 phononTS 0.00118786 -3.22279 0.288212 -0.0202649 72502.9 0.00034743 1 0.092958 -0.221273 0.05 74360.9
0 4965 3 phononL 0.00204503 0.997672 -2.37089 0.0272751 3627.84 0.00069486 1 0.0592745 -0.23003 0.05 19229.3
0 4966 4 phononTS 0.000393547 2.87414 -2.81755 0.0277169 7489.19 0.00034743 1 0.0815328 -0.26151 0.05 83291.7
0 4976 3 phononTF 0.00215362 1.00216 -2.35118 0.0479845 4632.78 0.00069486 1 -0.0788271 -0.276157 0.05 50157.3
0 4980 1 phononTS 0.004 0.25 -1.75 0 0 0.00104229 1 0.0782672 -0.273321 0.05 14484
0 4980 6 phononTS 0.000658601 0.0782672 -0.273321 0.049999 14484 0.00034743 1 -0.0538403 -0.166409 0.05 14576.2
0 4992 3 phononTF 0.00115757 0.494907 -1.65699 0.0202978 2610.18 0.00034743 1 -0.0282739 -0.134292 0.05 5102.21
