Run ID,Event ID,Track ID,Particle Name,Start Energy [eV],Start X [mm],Start Y [mm],Start Z [mm],Start Time [ns],Energy Deposited [eV],Track Weight,End X [mm],End Y [mm],End Z [mm],Final Time [ns],Volume Name
0 0 2 phononTF 0.0028882 -1.74146 4.258 -0.0108091 2.9159 0.00104229 1 -0.11401 -0.192992 0.05 17656.3
0 40 3 phononTS 0.0024814 -2.79915 2.52254 -0.0144177 5929.15 0.00104229 1 0.0910084 -0.160119 0.05 49621
0 49 2 phononL 0.00199358 -2.14389 4.50985 0.0364799 3244.48 0.00069486 1 0.100159 -0.190921 0.05 60094.1
0 133 5 phononTF 0.00128807 -1.22792 4.68706 -0.00651883 84590.3 0.00069486 1 0.0873754 -0.190994 0.05 108371
0 155 3 phononL 0.00160185 -2.02617 3.91773 0.0321583 976.139 0.00069486 1 0.092665 -0.214767 0.05 5577.14
0 159 3 phononTS 0.00220098 -0.937416 4.57552 -0.010208 2880.28 0.00034743 1 -0.0397757 -0.259247 0.05 11600.4
0 159 6 phononL 0.00106608 -0.0397757 -0.259247 0.049999 11600.4 0.00034743 1 0.052984 -0.101254 0.05 14139.7
0 159 9 phononTF 0.000528499 0.052984 -0.101254 0.049999 14139.7 0.00034743 1 -0.0423916 -0.174887 0.05 14343.7
0 167 2 phononTF 0.00140557 -1.29558 3.76275 -0.0100512 1028.62 0.00069486 1 0.0261019 -0.116765 0.05 19648.1
0 179 5 phononTF 0.00132437 -3.38569 4.23788 0.045041 16759.5 0.00034743 1 0.0471925 -0.253345 0.05 24224
0 193 5 phononTF 0.00209064 -4.872 2.27636 -0.0358815 12355.7 0.00138972 1 -0.0773164 -0.26265 0.05 40023
0 195 3 phononTF 0.00160956 -2.32033 4.38562 0.00959719 3317.51 0.00034743 1 -0.105466 -0.204316 0.05 35701.6
0 261 3 phononTS 0.00187866 -0.871393 4.35104 0.0118419 3610.15 0.00034743 1 -0.0316763 -0.153048 0.05 44287.7
0 261 5 phononTF 0.00109382 -0.0316763 -0.153048 0.049998 44287.7 0.00034743 1 -0.0278593 -0.265324 0.05 44353.1
0 319 4 phononTF 0.00144289 -3.24051 4.74103 0.0186884 6538.41 0.00034743 1 -0.0580223 -0.117044 0.05 13740.1
0 380 3 phononTS 0.00126126 -2.02139 4.44138 0.00302447 14032.7 0.00034743 1 -0.0366649 -0.266545 0.05 38325.8
0 384 3 phononTS 0.00213212 -1.44822 4.40349 0.0300342 5017.49 0.00034743 1 -0.0689815 -0.165988 0.05 23695
0 408 2 phononTF 0.00230357 0.257067 4.46214 -0.0477295 28016.8 0.00104229 1 0.07861 -0.244476 0.05 47110.4
0 419 4 phononL 0.0013055 -4.64294 1.85196 -0.018114 49862.5 0.00034743 1 -0.0316372 -0.114313 0.05 94985.7
0 419 7 phononTS 0.000523961 -0.0316372 -0.114313 0.049999 94985.7 0.00034743 1 0.079591 -0.193216 0.05 95269.2
0 437 5 phononL 0.00148215 -0.222165 2.02539 -0.0492459 6970.15 0.00069486 1 0.0409253 -0.105855 0.05 10111.3
0 498 3 phononTF 0.00205431 -1.94825 2.8816 -0.0383713 13977.2 0.00034743 1 -0.111932 -0.218438 0.05 43779.6
0 521 5 phononTS 0.00155226 3.2221 3.36181 0.0349286 120774 0.00069486 1 0.0360201 -0.126561 0.05 142398
0 521 6 phononTS 0.00039609 0.0360201 -0.126561 0.049998 142398 0.00034743 1 -0.0756929 -0.21593 0.05 142486
0 550 2 phononTF 0.00135956 -1.60661 3.80594 0.00603874 679.706 0.00069486 1 0.101424 -0.165811 0.05 39782.6
0 564 3 phononL 0.00222951 -2.17436 3.25306 -0.0411521 9292.05 0.00138972 1 -0.0308767 -0.236277 0.05 70382
0 620 2 phononTF 0.00164777 -1.54434 4.35991 0.0309599 77.6926 0.00034743 1 0.0417763 -0.238443 0.05 64695.1
0 624 3 phononTS 0.00177506 -1.13726 4.38379 0.0494783 2871.46 0.00034743 1 -0.109525 -0.241478 0.05 35291.9
0 652 5 phononTS 0.00137535 -1.44187 3.71994 0.0182879 13337.5 0.00069486 1 0.0790669 -0.20351 0.05 100603
0 660 3 phononTF 0.00181721 -1.22419 4.58538 0.038209 697.652 0.00069486 1 -0.0589197 -0.209625 0.05 28113
0 662 2 phononTS 0.00131251 -1.83339 4.65863 0.00478157 4611.19 0.00069486 1 0.0333542 -0.145792 0.05 68937.8
0 671 2 phononTF 0.00182399 -1.76833 4.25057 0.0247455 478.56 0.00069486 1 0.0623695 -0.163959 0.05 24874.3
0 827 3 phononTS 0.00152321 -0.090744 3.85968 -0.0336617 6028.12 0.00034743 1 0.053992 -0.152703 0.05 20152.5
0 827 6 phononTF 0.000824991 0.053992 -0.152703 0.049999 20152.5 0.00034743 1 0.04698 -0.111408 0.05 20211.2
0 840 3 phononTF 0.00149907 -1.02389 4.04548 -0.00115115 1303.51 0.00104229 1 0.0998623 -0.186671 0.05 16447.4
0 867 2 phononTF 0.00223192 -1.96268 3.09367 0.00611045 3851.59 0.00069486 1 0.0628127 -0.127664 0.05 9277.89
0 937 2 phononTF 0.00239559 -2.75576 4.6203 -0.00853063 5735.89 0.00069486 1 -0.0759114 -0.230433 0.05 64819.3
0 962 3 phononTF 0.00212549 1.54303 4.76568 0.0368343 5825.91 0.00069486 1 0.109777 -0.168821 0.05 26594.7
0 964 2 phononTF 0.00158881 -2.05323 4.3668 0.000910249 1002.75 0.00034743 1 0.0598636 -0.17835 0.05 8116.12
0 988 2 phononTS 0.00211821 -2.27555 4.12661 -0.0262123 3771.09 0.00104229 1 0.0914213 -0.240714 0.05 37203.2
0 991 3 phononTS 0.00251622 -1.44375 4.42096 -0.00724501 2266.78 0.00138972 1 -0.105047 -0.182924 0.05 34946.6
0 1028 3 phononTS 0.00220557 -1.91522 4.92923 -0.0149221 13477.1 0.00034743 1 -0.0507261 -0.204724 0.05 35180.7
0 1028 5 phononTF 0.000405167 -0.0507261 -0.204724 0.049999 35180.7 0.00034743 1 0.0580732 -0.203876 0.05 35323
0 1032 2 phononL 0.00215693 -1.98064 3.9487 -0.0407435 2790.53 0.00034743 1 -0.0189601 -0.19906 0.05 42468.5
0 1067 5 phononTS 0.0016903 -2.24213 4.46356 0.0291181 19635.4 0.00034743 1 -0.115405 -0.180735 0.05 30144.2
0 1067 6 phononTS 0.00120451 -0.115405 -0.180735 0.049999 30144.2 0.00034743 1 0.0881947 -0.192936 0.05 30266.3
0 1069 4 phononTS 0.000640336 -4.61415 3.58747 -0.0320869 21736.9 0.00034743 1 0.0723556 -0.202758 0.05 31889.5
0 1114 5 phononL 0.000951191 -4.79597 4.57722 0.036127 18523.1 0.00034743 1 0.115561 -0.184235 0.05 63001.3
0 1114 8 phononTS 0.000422907 0.115561 -0.184235 0.049999 63001.3 0.00034743 1 0.101671 -0.16729 0.05 68220.5
0 1133 2 phononTS 0.00287669 -0.368929 3.56111 -0.00273053 5215.14 0.00104229 1 -0.0968222 -0.192228 0.05 15432
0 1141 2 phononTF 0.00181627 -1.82789 4.34127 -0.0306524 249.849 0.00034743 1 -0.0596037 -0.16214 0.05 7468.91
0 1149 5 phononTF 0.00184036 0.275925 4.40413 -0.0315533 26027.6 0.00069486 1 0.0752166 -0.12038 0.05 40251.9
0 1153 2 phononTF 0.00255728 -1.39881 4.7176 -0.0267275 386.033 0.00034743 1 -0.064576 -0.137647 0.05 8385.87
0 1174 4 phononTS 0.000896661 -0.0656966 -0.536064 -0.0179012 53661.6 0.00034743 1 -0.0572659 -0.148643 0.05 54496.3
0 1175 2 phononTF 0.00155737 -2.13151 4.36501 0.0249549 529.808 0.00069486 1 -0.0367922 -0.141145 0.05 12213.7
0 1223 3 phononTF 0.00175543 -1.85599 4.07707 -0.00313968 2456.55 0.00034743 1 -0.0336919 -0.228313 0.05 86441.6
0 1223 5 phononL 0.000505872 -0.0336919 -0.228313 0.049999 86441.6 0.00034743 1 0.0506773 -0.230272 0.05 86505.1
0 1245 3 phononTF 0.00193814 -2.90764 4.7695 -0.0191785 4805.94 0.00034743 1 0.111239 -0.241584 0.05 31557.9
0 1317 3 phononL 0.00152532 -1.8182 4.55418 0.0331922 18918.3 0.00104229 1 0.0960615 -0.256196 0.05 25432
0 1358 3 phononTF 0.00199123 -1.06944 3.49723 -0.0212487 10358.8 0.00034743 1 -0.0596664 -0.194972 0.05 45499.5
0 1429 3 phononTF 0.00183383 -1.54944 4.92148 0.0137647 1021.08 0.00069486 1 0.0879826 -0.182203 0.05 39612
0 1433 3 phononTS 0.00212342 -1.78675 4.08041 0.0251011 3254.13 0.00034743 1 0.0322799 -0.273942 0.05 12239.5
0 1452 5 phononTS 0.000806678 -0.360306 -2.14543 0.044563 32282 0.00034743 1 0.115082 -0.21355 0.05 124584
0 1492 5 phononTF 0.00167414 -2.17681 3.37779 0.0314934 5709.82 0.00034743 1 0.078847 -0.174859 0.05 36553.8
0 1492 6 phononL 0.000636516 0.078847 -0.174859 0.049999 36553.8 0.00034743 1 -0.054498 -0.234848 0.05 37075.2
0 1492 2 phononL 0.00152468 -2.40375 4.43682 -0.0132961 1299.13 0.00034743 1 0.037206 -0.176601 0.05 21281.8
0 1509 2 phononTS 0.00142832 -1.12518 3.8476 -0.0329762 4883.69 0.00034743 1 -0.0352422 -0.22024 0.05 29260.7
0 1518 4 phononTS 0.00251137 -1.3174 3.7368 0.0278264 22385.6 0.00069486 1 0.0291516 -0.245439 0.05 27952.2
0 1606 2 phononTS 0.00217871 3.53004 3.66085 0.0231296 10580.3 0.00069486 1 -0.0604374 -0.200621 0.05 31891.5
0 1644 3 phononTF 0.0022406 -3.38049 3.83515 0.0426843 10643.4 0.00034743 1 -0.0424377 -0.120337 0.05 35782.7
0 1665 2 phononTS 0.00231243 -2.37819 3.47753 0.0194667 3619.53 0.00034743 1 0.0339425 -0.122442 0.05 28046.9
0 1670 2 phononTS 0.00138121 -1.5178 4.29911 0.00172694 3127.94 0.00034743 1 -0.105298 -0.186585 0.05 46689.2
0 1687 4 phononTF 0.00144613 0.741434 4.27452 0.0467831 9530.48 0.00034743 1 -0.0701764 -0.199942 0.05 18616.8
0 1745 2 phononTS 0.00153919 -2.78394 4.27224 0.0183217 3981.24 0.00034743 1 0.0688032 -0.146214 0.05 50038.7
0 1749 3 phononTS 0.00235377 -1.4532 4.94261 -0.0141094 1174.23 0.00104229 1 0.0921816 -0.190582 0.05 27547
0 1753 5 phononTS 0.00106332 -3.51304 4.0621 0.00194974 18385.3 0.00034743 1 -0.0401 -0.271453 0.05 41737
0 1782 5 phononTS 0.00117454 -3.97187 3.4174 0.0295054 11317.4 0.00034743 1 -0.0263118 -0.256697 0.05 17234.7
0 1782 6 phononTF 0.00075359 -0.0263118 -0.256697 0.049999 17234.7 0.00034743 1 -0.0142271 -0.229394 0.05 17330.2
0 1806 3 phononTS 0.00296546 -2.77908 4.83342 -0.0131809 1005.59 0.00104229 1 -0.0473673 -0.129019 0.05 19918
0 1806 6 phononTF 0.000347659 -0.0473673 -0.129019 0.049999 19918 0.00034743 1 -0.0600142 -0.219611 0.05 20673.2
0 1826 4 phononTS 0.00154811 -1.22426 3.3367 0.0299107 45005.2 0.00034743 1 -0.0202583 -0.173308 0.05 51740.9
0 1866 5 phononTS 0.00219925 3.99201 2.90275 0.0189776 12019.9 0.00104229 1 0.0985311 -0.265203 0.05 99057.1
0 1872 2 phononL 0.00249073 -1.41728 4.62228 -0.0056301 3697.53 0.00034743 1 -0.0668351 -0.211265 0.05 28597.1
0 1981 2 phononTS 0.00227005 -1.75109 4.51519 0.00489351 384.064 0.00034743 1 0.109046 -0.197691 0.05 90854
0 1983 2 phononTS 0.00140224 -2.30171 4.28861 -0.0397153 2164.39 0.00034743 1 -0.0724775 -0.278824 0.05 42426
0 2007 2 phononTS 0.00180955 -3.11447 4.99869 -0.00763902 6732.24 0.00034743 1 -0.11849 -0.216343 0.05 71995.4
0 2009 3 phononTF 0.00303264 -1.14971 4.63814 -0.00704733 1053.46 0.00034743 1 -0.116679 -0.196652 0.05 8592.71
0 2042 3 phononTS 0.00135957 -2.12975 4.11609 0.0359976 8369.68 0.00034743 1 -0.0631916 -0.261138 0.05 92416
0 2066 2 phononTS 0.00213306 -1.6903 2.73573 0.00787561 15792.6 0.00034743 1 -0.0818876 -0.279037 0.05 40168.6
0 2066 5 phononL 0.000776189 -0.0818876 -0.279037 0.049999 40168.6 0.00034743 1 -0.0933785 -0.208252 0.05 41581.3
0 2067 2 phononTS 0.0016898 -4.36689 3.15689 -0.011765 14857.1 0.00034743 1 0.063303 -0.163702 0.05 35972.2
0 2067 6 phononTF 0.000747795 0.063303 -0.163702 0.049999 35972.2 0.00034743 1 -0.0647273 -0.181174 0.05 36467
0 2098 3 phononTS 0.00276351 -2.11781 3.64859 -0.00706475 1064.95 0.00069486 1 0.0902866 -0.181145 0.05 8224.17
0 2116 5 phononTS 0.00135557 -0.196138 -0.20954 0.00388647 40580.9 0.00034743 1 -0.0614405 -0.135622 0.05 41028.9
0 2116 4 phononTF 0.00164825 -0.196138 -0.20954 0.00388647 40580.9 0.00034743 1 -0.0642845 -0.224493 0.05 40645
0 2116 13 phononTF 0.000612713 -0.0642845 -0.224493 0.049999 40645 0.00034743 1 -0.0699566 -0.263629 0.05 40721.4
0 2140 5 phononL 0.00171162 -3.71818 1.58101 -0.0229766 14823.7 0.00069486 1 0.031713 -0.211307 0.05 45775.3
0 2147 2 phononTS 0.00215913 0.0472294 3.05834 0.0321168 6068.61 0.00034743 1 0.0315456 -0.226646 0.05 44554.2
0 2153 3 phononL 0.00228368 -1.6733 2.32443 -0.0242609 12557.5 0.00104229 1 -0.0366924 -0.10125 0.05 15724.5
0 2153 4 phononTS 0.000931672 -0.0366924 -0.10125 0.049999 15724.5 0.00034743 1 -0.0590428 -0.112046 0.05 15783.4
0 2212 2 phononTS 0.00113102 -3.84588 4.44944 -0.0439877 15175 0.00034743 1 0.0308682 -0.153118 0.05 64932
0 2214 2 phononTF 0.00102903 -1.96075 3.49724 -0.0395333 3188.68 0.00034743 1 0.0571847 -0.224818 0.05 27257.1
0 2216 3 phononTS 0.0021222 -0.78116 3.67062 0.0258763 8162.44 0.00104229 1 -0.0214596 -0.135781 0.05 42945.5
0 2233 3 phononTS 0.00235411 -2.43366 4.81229 -0.0169604 1305 0.00069486 1 -0.0309447 -0.226707 0.05 23609.1
0 2247 2 phononTS 0.00266345 -1.55933 4.0196 -0.0479593 2146.93 0.00034743 1 -0.106742 -0.253403 0.05 39049.6
0 2279 2 phononTS 0.00120001 -0.894332 3.15935 -0.0306207 4369.74 0.00034743 1 0.0512243 -0.145435 0.05 90646.6
0 2330 2 phononL 0.00185278 -2.31629 4.92761 0.0242571 6369.84 0.00034743 1 0.0513043 -0.223594 0.05 34388.4
0 2338 3 phononTS 0.00152347 -2.1486 3.78972 0.0135608 3030.56 0.00034743 1 0.0916311 -0.173343 0.05 29365.2
0 2338 5 phononTF 0.000945845 0.0916311 -0.173343 0.049999 29365.2 0.00034743 1 0.0490505 -0.150914 0.05 29586.3
0 2441 2 phononTS 0.00259901 -0.015972 2.99134 0.0198631 9675.11 0.00069486 1 -0.0780754 -0.183589 0.05 30362.7
0 2501 3 phononTS 0.00198347 -0.664647 4.10382 -0.00774461 4321.77 0.00104229 1 0.104605 -0.144617 0.05 21535.9
0 2557 2 phononL 0.00197318 -3.58342 3.46599 0.0124699 7598.44 0.00034743 1 0.0484715 -0.22985 0.05 11105.6
0 2571 4 phononTS 0.000574406 1.02423 -0.141528 0.0139926 9219.68 0.00034743 1 -0.0328248 -0.11806 0.05 12160.2
0 2574 5 phononL 0.00101 -1.07922 2.16281 0.0454952 12264.7 0.00034743 1 -0.0249143 -0.262345 0.05 75396.4
0 2610 2 phononL 0.0015076 -1.41686 4.93302 0.0287854 1718.13 0.00034743 1 -0.0130094 -0.2089 0.05 60304.2
0 2627 2 phononTF 0.00166054 -2.42885 4.15403 0.0447614 3461.46 0.00034743 1 0.0449394 -0.276291 0.05 22974.6
0 2627 7 phononTF 0.00071352 0.0449394 -0.276291 0.049999 22974.6 0.00034743 1 0.106134 -0.169831 0.05 24724.5
0 2627 13 phononL 0.000362888 0.106134 -0.169831 0.049999 24724.5 0.00034743 1 -0.0173006 -0.227651 0.05 36422.6
0 2656 1 phononTF 0.004 -1.75 4.25 0 0 0.00069486 1 0.0867288 -0.153148 0.05 8692.71
0 2679 2 phononTF 0.00222434 -1.37065 4.56469 -0.0145568 13568.7 0.00034743 1 -0.0585195 -0.147298 0.05 34479.9
0 2689 2 phononTF 0.00239364 -0.546484 4.50947 -0.0379163 3442.42 0.00069486 1 -0.0643903 -0.247204 0.05 25907.7
0 2731 5 phononTS 0.00168063 -4.20604 0.195265 0.0441682 20155 0.00034743 1 0.0767682 -0.172475 0.05 34422.9
0 2737 3 phononTF 0.00195181 -2.70692 4.10531 -0.0381471 3162.32 0.00034743 1 -0.0708832 -0.153766 0.05 17422.1
0 2745 2 phononTS 0.00196893 -2.49619 4.68447 -0.0450242 4988.92 0.00069486 1 0.0348242 -0.0983441 0.05 20963.4
0 2745 8 phononTF 0.000471644 0.0348242 -0.0983441 0.049999 20963.4 0.00034743 1 -0.0828219 -0.269723 0.05 22558
0 2801 5 phononTS 0.00153588 -0.0575926 4.98594 0.0421227 13911.5 0.00034743 1 0.0421295 -0.130853 0.05 148881
0 2810 5 phononTF 0.0017424 -3.70275 4.27979 -0.0437617 3858.47 0.00069486 1 -0.0392724 -0.0961381 0.05 28894.5
0 2835 2 phononTF 0.00156366 -3.99889 3.41361 -0.024312 10751 0.00069486 1 0.0323204 -0.180641 0.05 22108.1
0 2898 2 phononTF 0.00163564 -1.85691 4.52039 0.04466 2052.9 0.00104229 1 -0.0654259 -0.26727 0.05 60504
0 2972 2 phononTS 0.00132713 -1.67393 4.25612 0.0412067 286.791 0.00034743 1 -0.0277726 -0.103074 0.05 40581.5
0 2977 2 phononTS 0.00240741 -1.96775 4.22059 0.048643 2503.9 0.00069486 1 -0.0728947 -0.1456 0.05 34294.6
0 2985 2 phononTF 0.00182213 -1.93214 4.12864 -0.0244373 6167.2 0.00034743 1 0.0279175 -0.252912 0.05 27678
0 3019 3 phononTS 0.00142415 -1.0097 4.97933 0.0495061 6361.13 0.00069486 1 -0.0473464 -0.300697 0.05 73181.6
0 3059 5 phononL 0.00154577 0.00909239 -2.04412 -0.00121599 9159.02 0.00034743 1 0.0895219 -0.152848 0.05 10685.6
0 3065 3 phononTF 0.00252244 -2.00034 4.75277 -0.0195278 11766.9 0.00069486 1 -0.105217 -0.199107 0.05 103996
0 3069 3 phononL 0.0013617 -1.58563 4.34148 0.0295519 107.215 0.00069486 1 0.092152 -0.206377 0.05 126812
0 3080 2 phononL 0.00194506 -1.54365 4.37868 -0.0286242 3389.63 0.00034743 1 -0.0732008 -0.286205 0.05 18916.1
0 3080 4 phononL 0.00108977 -0.0732008 -0.286205 0.049999 18916.1 0.00034743 1 -0.0854589 -0.236473 0.05 20539.3
0 3096 3 phononTS 0.00263537 -1.59898 4.19499 -0.022518 7065.12 0.00138972 1 -0.031218 -0.171865 0.05 20512.5
0 3106 3 phononTS 0.00159533 -1.39695 3.90038 -0.00390972 4085.23 0.00034743 1 0.0819411 -0.219584 0.05 19220.5
0 3138 2 phononTS 0.00194458 -1.69198 4.38375 -0.0421268 122.747 0.00034743 1 -0.0594922 -0.274551 0.05 20510.8
0 3187 3 phononTF 0.00201351 -2.37371 4.26938 0.00413586 12737.7 0.00069486 1 0.078521 -0.124799 0.05 42130.4
0 3189 3 phononTS 0.00217073 -0.666714 4.60681 0.00606506 8983.66 0.00034743 1 0.0587447 -0.255505 0.05 22239.1
0 3271 2 phononTF 0.00296093 -3.10908 1.88568 0.0433652 6694.06 0.00069486 1 0.0794124 -0.190208 0.05 56033.3
0 3271 4 phononTF 0.000833022 0.0794124 -0.190208 0.049999 56033.3 0.00034743 1 0.0344101 -0.197713 0.05 56092.5
0 3288 5 phononTF 0.00149989 -1.87916 -3.53614 0.0147405 70735.5 0.00069486 1 -0.0682447 -0.135022 0.05 98043.8
0 3302 5 phononTS 0.000952842 -0.660101 1.45994 0.0218751 20121.7 0.00034743 1 -0.0296948 -0.15205 0.05 82038.8
0 3378 2 phononTS 0.00155712 -3.90902 3.94433 -0.0177085 10281.1 0.00034743 1 0.048901 -0.281566 0.05 78002.9
0 3378 6 phononTF 0.000394498 0.048901 -0.281566 0.049999 78002.9 0.00034743 1 0.0479174 -0.299722 0.05 78068.9
0 3384 2 phononTS 0.00127534 -2.53073 2.34867 0.0088372 8906.31 0.00034743 1 0.0446027 -0.285502 0.05 35518.3
0 3418 2 phononTS 0.00106048 -2.1474 4.35361 0.0402445 1993.68 0.00034743 1 0.0447585 -0.0967315 0.05 20893.4
0 3476 2 phononTF 0.00215604 -1.16049 4.08127 -0.00888789 17093.2 0.00034743 1 0.0865064 -0.178556 0.05 19138.6
0 3476 6 phononTS 0.00034815 0.0865064 -0.178556 0.049999 19138.6 0.00034743 1 0.0176536 -0.185965 0.05 19431.3
0 3501 3 phononTF 0.00270886 -1.72195 4.26729 0.0276083 103.288 0.00034743 1 -0.067025 -0.220172 0.05 18982.3
0 3501 5 phononTS 0.00181268 -0.067025 -0.220172 0.049998 18982.3 0.00104229 1 -0.0550559 -0.215072 0.05 19039.4
0 3505 3 phononTS 0.00241079 -1.67168 4.39258 -0.0361282 4644.56 0.00034743 1 -0.0570933 -0.28667 0.05 16496.2
0 3522 2 phononL 0.000632014 -0.915951 2.3331 0.0383176 3295.04 0.00034743 1 -0.018768 -0.171606 0.05 15552.7
0 3562 3 phononTS 0.00172969 -0.514382 4.35006 0.00442179 4531.44 0.00034743 1 -0.0278857 -0.174743 0.05 23471.6
0 3612 3 phononTS 0.00184726 -1.11292 4.03978 -0.0342219 18829 0.00034743 1 -0.0526607 -0.187264 0.05 22726.7
0 3612 4 phononTF 0.00100655 -0.0526607 -0.187264 0.049999 22726.7 0.00034743 1 -0.0710919 -0.186891 0.05 22800.1
0 3612 12 phononTS 0.000461336 -0.0710919 -0.186891 0.049999 22800.1 0.00034743 1 -0.0668869 -0.183508 0.05 22858.8
0 3673 2 phononTF 0.0014503 -0.856724 4.00267 -0.0299728 1754.34 0.00034743 1 -0.0530233 -0.103893 0.05 24791.8
0 3691 4 phononL 0.000987296 -0.604423 -2.31105 0.0247018 16396.4 0.00069486 1 -0.118229 -0.178762 0.05 31091.1
0 3709 2 phononTF 0.0016369 -4.87391 4.10718 -0.0251053 36453.9 0.00034743 1 0.0951023 -0.166414 0.05 104857
0 3715 2 phononTS 0.00212805 -1.95137 4.68656 0.036941 410.618 0.00034743 1 -0.0616349 -0.191127 0.05 39927.7
0 3718 5 phononTS 0.00206463 -4.36777 2.20165 0.037878 16791.2 0.00034743 1 -0.0310451 -0.108379 0.05 41892
0 3718 7 phononTF 0.000922549 -0.0310451 -0.108379 0.049999 41892 0.00034743 1 -0.0188022 -0.195132 0.05 41958.9
0 3721 2 phononTS 0.00274347 0.899292 3.88021 -0.0307034 10311.7 0.00138972 1 0.0843526 -0.145395 0.05 36779.2
0 3728 2 phononTS 0.00210194 -1.77985 4.51315 -0.02263 3307.01 0.00034743 1 -0.0296557 -0.129126 0.05 23523.6
0 3728 5 phononTF 0.000743293 -0.0296557 -0.129126 0.049998 23523.6 0.00034743 1 -0.0357107 -0.157598 0.05 23677.6
0 3797 2 phononL 0.00216076 -2.85915 3.27074 -0.029272 5894.9 0.00034743 1 -0.0746506 -0.149586 0.05 22154.8
0 3797 4 phononTS 0.000408497 -0.0746506 -0.149586 0.049999 22154.8 0.00034743 1 -0.0895007 -0.173657 0.05 22220.9
0 3827 3 phononTF 0.00257605 -2.75969 3.62422 -0.0266048 3224.81 0.00104229 1 0.0715616 -0.205786 0.05 24243.8
0 3897 2 phononTF 0.00135915 -0.490197 4.237 0.0459088 10034.2 0.00069486 1 -0.110387 -0.162381 0.05 105759
0 3951 2 phononTS 0.00263367 -3.4599 4.18646 0.0017298 21233.7 0.00034743 1 -0.0878887 -0.17769 0.05 44361
0 3960 3 phononL 0.00162004 -3.14899 3.80185 0.023786 11578.4 0.00069486 1 0.0609267 -0.13655 0.05 20959.5
0 4014 2 phononTF 0.00179693 -2.26454 4.0708 0.0154072 4534.96 0.00069486 1 -0.0839957 -0.142101 0.05 22190.9
0 4068 5 phononL 0.000972325 -2.2884 4.53767 0.0355967 3135.63 0.00034743 1 0.0521412 -0.282309 0.05 22633.7
0 4084 5 phononTF 0.00127932 -1.23635 2.50837 0.0279241 11633.4 0.00069486 1 -0.0186445 -0.225337 0.05 23325.9
0 4104 3 phononTS 0.00196739 -1.54589 4.28004 0.037077 467.061 0.00069486 1 0.0887043 -0.21429 0.05 25900.6
0 4112 2 phononTS 0.00164353 -1.12205 4.32691 -0.0384783 4279.51 0.00069486 1 0.038102 -0.279261 0.05 65246.1
0 4138 3 phononTS 0.00240172 -1.60239 4.58406 -0.0498378 14024.7 0.00104229 1 -0.104757 -0.217044 0.05 44403
0 4200 5 phononTF 0.0017026 -1.52567 2.27627 0.038723 29119.5 0.00034743 1 -0.0604073 -0.212228 0.05 51833
0 4263 3 phononTS 0.00186508 -1.77468 3.91494 0.00471163 1702.79 0.00069486 1 0.0439823 -0.25339 0.05 66102.4
0 4263 4 phononTS 0.000705756 0.0439823 -0.25339 0.049999 66102.4 0.00034743 1 0.0915678 -0.206947 0.05 66172.4
0 4264 2 phononTS 0.00224395 -1.93613 4.64731 -0.0477873 888.935 0.00034743 1 -0.0567311 -0.164434 0.05 9813.91
0 4271 2 phononTF 0.00208365 -2.26317 3.89408 0.0120135 2063.08 0.00034743 1 0.0280855 -0.242375 0.05 29623.1
0 4291 4 phononTF 0.00113286 -1.9276 4.94391 -0.00862381 7967.93 0.00069486 1 0.0779655 -0.280884 0.05 71513.8
0 4292 2 phononTS 0.00241937 -2.59716 4.99446 -0.0223566 10200 0.00034743 1 -0.0765982 -0.268418 0.05 28587
0 4292 6 phononTF 0.000353423 -0.0765982 -0.268418 0.049999 28587 0.00034743 1 -0.0544244 -0.292353 0.05 28743.1
0 4310 4 phononL 0.000832842 -3.41957 3.0675 0.032266 20556.8 0.00034743 1 -0.0687988 -0.277393 0.05 50429.5
0 4327 3 phononTF 0.00153916 -3.08408 3.53042 -0.0290638 6439.35 0.00069486 1 -0.0468811 -0.229085 0.05 43494.3
0 4338 5 phononTF 0.00171573 0.027838 1.4459 -0.0179516 7068.36 0.00104229 1 0.0727494 -0.21963 0.05 8760.2
0 4343 3 phononTS 0.00164258 -1.16599 4.0614 0.0330698 5578.49 0.00069486 1 0.102879 -0.243523 0.05 117339
0 4357 5 phononTS 0.00200462 -1.73225 1.39331 -0.018997 28575.7 0.00069486 1 -0.0213372 -0.183941 0.05 73250.4
0 4577 2 phononTF 0.00118817 -1.30088 3.41933 0.0121318 4742.21 0.00069486 1 -0.0273727 -0.201671 0.05 15175
0 4655 4 phononTS 0.00095898 -2.04535 -0.120682 -0.0423964 30616.2 0.00034743 1 -0.0371011 -0.156944 0.05 251195
0 4700 5 phononTF 0.000918907 1.92614 3.27894 0.0428548 36784.4 0.00034743 1 -0.0649444 -0.17842 0.05 100130
0 4700 6 phononTS 0.000477277 -0.0649444 -0.17842 0.049999 100130 0.00034743 1 0.113597 -0.164269 0.05 100371
0 4731 2 phononTS 0.00221787 -1.55891 3.71792 0.00561988 817.211 0.00069486 1 0.0241553 -0.234948 0.05 26801.8
0 4750 4 phononTF 0.00209447 -4.79733 -0.393917 -0.0147369 36041.5 0.00069486 1 -0.0550904 -0.160743 0.05 58715.4
0 4792 3 phononTF 0.00228727 -0.93419 2.37978 0.00343644 12330.6 0.00034743 1 -0.0314626 -0.210807 0.05 18888.8
0 4818 3 phononTF 0.00172933 -3.15765 2.59741 0.00611748 12043.6 0.00034743 1 0.0276303 -0.294 0.05 20175.5
0 4864 2 phononTF 0.00155376 -2.86679 4.89001 -0.0473817 13536.8 0.00034743 1 0.0513419 -0.280349 0.05 41882.5
0 4864 8 phononTS 0.000742999 0.0513419 -0.280349 0.049999 41882.5 0.00034743 1 -0.0367465 -0.248506 0.05 42027.8
0 4865 3 phononTS 0.00192703 -2.85856 3.2043 -0.0129508 4457.03 0.00034743 1 -0.0196845 -0.162307 0.05 34254.7
0 4865 4 phononTS 0.00128726 -0.0196845 -0.162307 0.049999 34254.7 0.00034743 1 0.0291004 -0.289291 0.05 34703.9
0 4869 3 phononTS 0.00266188 -1.92672 3.51094 0.0469225 12411.9 0.00069486 1 -0.0950519 -0.195875 0.05 63442.3
0 4869 7 phononL 0.00048053 -0.0950519 -0.195875 0.049999 63442.3 0.00034743 1 -0.055405 -0.208359 0.05 63488.8
0 4869 4 phononTS 0.000450434 -0.0950519 -0.195875 0.049999 63442.3 0.00034743 1 0.0612487 -0.25026 0.05 64270.6
0 4928 3 phononTS 0.00285554 -1.50965 2.51517 -0.0386119 4156.09 0.00034743 1 -0.0678544 -0.144753 0.05 15567.3
0 4934 2 phononTF 0.00254372 -2.24577 4.25619 -0.0269798 2095.34 0.00104229 1 0.0606715 -0.229528 0.05 24244.1
0 4958 2 phononTF 0.00236396 -0.9756 3.90357 0.0326186 1673.59 0.00104229 1 0.0721355 -0.225148 0.05 4777.91
0 4958 7 phononTF 0.000746479 0.0721355 -0.225148 0.049999 4777.91 0.00034743 1 0.0630267 -0.1949 0.05 4841.62
0 4996 2 phononTS 0.00161297 -1.59484 4.59894 -0.0421296 619.693 0.00034743 1 -0.0650401 -0.267392 0.05 12602.1
0 4997 2 phononTS 0.00177597 -1.76398 4.18499 -0.0276186 21.2364 0.00069486 1 -0.0458009 -0.291919 0.05 23837
