Run ID,Event ID,Track ID,Particle Name,Start Energy [eV],Start X [mm],Start Y [mm],Start Z [mm],Start Time [ns],Energy Deposited [eV],Track Weight,End X [mm],End Y [mm],End Z [mm],Final Time [ns],Volume Name
0 4 5 phononTS 0.00106492 0.398922 -0.510217 0.0420856 5473.93 0.00034743 1 -0.0624351 -0.195708 0.05 7488.42
0 4 7 phononL 0.000619177 -0.0624351 -0.195708 0.049999 7488.42 0.00034743 1 0.0660965 -0.106845 0.05 12964.6
0 42 2 phononTF 0.00253616 -3.79033 0.479 0.0155327 7202.4 0.00034743 1 -0.0906036 -0.272683 0.05 26971.6
0 43 2 phononTS 0.0024586 -0.385023 0.435462 0.0376546 5039.19 0.00104229 1 0.0461755 -0.200907 0.05 5768.29
0 49 3 phononTF 0.00214363 -1.72761 1.16512 0.0171246 256.707 0.00034743 1 -0.0959778 -0.140059 0.05 41124.5
0 53 2 phononTS 0.00300242 -1.64304 1.69117 0.026061 1077.2 0.00069486 1 -0.095447 -0.164012 0.05 25716
0 53 5 phononTF 0.000535192 -0.095447 -0.164012 0.049999 25716 0.00034743 1 -0.0403035 -0.145551 0.05 25873.4
0 110 3 phononL 0.00169133 -1.86487 1.1491 0.0290102 2581.34 0.00034743 1 0.0270685 -0.263397 0.05 3339.58
0 110 4 phononTF 0.000540516 0.0270685 -0.263397 0.049999 3339.58 0.00034743 1 0.0338095 -0.285622 0.05 3520.45
0 111 3 phononL 0.00209897 -0.369645 -0.194576 -0.0327179 6218.74 0.00069486 1 0.0428528 -0.150928 0.05 6377.46
0 136 3 phononTS 0.00103887 -2.18067 1.62006 -0.0435731 1236.92 0.00069486 1 -0.0634305 -0.190428 0.05 7651.46
0 136 2 phononTF 0.00296113 -2.18067 1.62006 -0.0435731 1236.92 0.00034743 1 -0.0130105 -0.21529 0.05 28050.5
0 150 1 phononTF 0.004 -1.75 1.25 0 0 0.00104229 1 0.0242488 -0.261439 0.05 4703.22
0 159 3 phononTS 0.00200065 -1.36452 0.259776 -0.0438811 1726.6 0.00069486 1 -0.0609103 -0.134362 0.05 4750.84
0 159 8 phononTF 0.000468011 -0.0609103 -0.134362 0.049999 4750.84 0.00034743 1 -0.0546185 -0.126284 0.05 4808.7
0 189 3 phononTS 0.00208224 -1.70997 1.20713 0.0228693 32.9753 0.00034743 1 -0.0545419 -0.228125 0.05 65629.3
0 216 3 phononTS 0.00224066 -0.522348 2.64424 0.025665 5937.37 0.00034743 1 -0.11199 -0.19622 0.05 62095
0 243 2 phononTF 0.00184388 -1.3902 1.24926 0.00405269 3960.36 0.00104229 1 -0.0655979 -0.128681 0.05 5828.8
0 246 3 phononTS 0.00238873 -1.88063 1.74214 0.0450433 1573.37 0.00069486 1 0.0757512 -0.237969 0.05 41935.1
0 246 4 phononTS 0.000706336 0.0757512 -0.237969 0.049999 41935.1 0.00034743 1 -0.0695 -0.213281 0.05 42034.7
0 259 5 phononTS 0.00138429 -2.40842 1.41299 0.0255965 6659.26 0.00034743 1 -0.0185802 -0.210265 0.05 19497.7
0 259 6 phononTF 0.000563528 -0.0185802 -0.210265 0.049999 19497.7 0.00034743 1 -0.0216085 -0.221469 0.05 19563.1
0 272 3 phononL 0.00246558 -1.80797 1.57949 0.00875692 1096.65 0.00069486 1 0.0687542 -0.264254 0.05 10003.5
0 272 5 phononTS 0.000623025 0.0687542 -0.264254 0.049999 10003.5 0.00034743 1 -0.0348265 -0.276228 0.05 10295.6
0 297 2 phononL 0.0026673 -0.621407 1.9556 0.0410966 12542.8 0.00034743 1 -0.102377 -0.200646 0.05 69255.6
0 316 1 phononTS 0.004 -1.75 1.25 0 0 0.00069486 1 -0.0599621 -0.271757 0.05 7452.64
0 320 3 phononTS 0.00074097 -2.01471 0.0465606 0.049998 3160.29 0.00034743 1 -0.0887832 -0.199443 0.05 16494.5
0 321 2 phononTS 0.0029897 -2.1578 0.674652 0.0302092 6546.3 0.00034743 1 0.086054 -0.233749 0.05 13385.2
0 321 5 phononTF 0.00118997 0.086054 -0.233749 0.049999 13385.2 0.00034743 1 -0.0357742 -0.16368 0.05 13621.9
0 332 2 phononL 0.0019677 -2.44314 0.996431 -0.0105066 1673.29 0.00104229 1 0.0311366 -0.239072 0.05 3475.97
0 344 1 phononTS 0.004 -1.75 1.25 0 0 0.00104229 1 0.116999 -0.212493 0.05 6147.65
0 344 3 phononTS 0.00172583 0.116999 -0.212493 0.049999 6147.65 0.00034743 1 -0.0526443 -0.287138 0.05 6247.76
0 371 2 phononTF 0.00225288 -3.1138 1.79368 0.0427107 2904.37 0.00034743 1 -0.0375133 -0.142069 0.05 14990.8
0 461 4 phononTF 0.00138503 0.193634 2.0903 -0.0403215 11947.2 0.00034743 1 0.0819415 -0.155936 0.05 15212.1
0 461 6 phononTF 0.000403659 0.0819415 -0.155936 0.049999 15212.1 0.00034743 1 0.0576222 -0.254132 0.05 15417.8
0 467 3 phononL 0.00302059 -0.137049 0.247922 -0.0321149 3030.43 0.00069486 1 0.0775197 -0.147237 0.05 6361.06
0 469 3 phononTS 0.00276839 -1.36333 1.89746 0.00754709 1409.62 0.00069486 1 -0.0975558 -0.18883 0.05 3969.26
0 469 4 phononTS 0.000948612 -0.0975558 -0.18883 0.049999 3969.26 0.00034743 1 0.0903654 -0.159526 0.05 4521.73
0 488 6 phononTS 0.000509072 -0.0993035 0.0016191 0.049999 6106.92 0.00034743 1 0.064611 -0.201548 0.05 7072.57
0 573 5 phononTF 0.0011992 -3.38649 4.40694 0.0354479 12789.2 0.00034743 1 -0.0314033 -0.0965617 0.05 37136.7
0 575 3 phononTS 0.00252689 -1.57298 0.955978 0.023346 1541.74 0.00034743 1 -0.0781398 -0.213679 0.05 2774.93
0 575 4 phononTS 0.0017126 -0.0781398 -0.213679 0.049999 2774.93 0.00069486 1 -0.1018 -0.251872 0.05 2854.14
0 636 3 phononTF 0.00243704 -1.90881 0.561764 0.0427613 595.125 0.00034743 1 0.0503616 -0.126888 0.05 2539.14
0 636 5 phononL 0.00107649 0.0503616 -0.126888 0.049999 2539.14 0.00034743 1 0.0685041 -0.2097 0.05 2864.66
0 636 11 phononTS 0.000448295 0.0685041 -0.2097 0.049999 2864.66 0.00034743 1 0.0477201 -0.216002 0.05 2924.07
0 650 2 phononTS 0.00245468 -1.7214 1.49017 0.0452349 525.645 0.00034743 1 -0.0607084 -0.135735 0.05 2224.15
0 668 4 phononTF 0.0012738 0.0140491 -0.55471 0.00652413 35822.8 0.00069486 1 0.0816958 -0.282129 0.05 61813.3
0 684 2 phononTS 0.000827399 -2.19873 0.43345 0.0360863 1006.02 0.00034743 1 0.0212778 -0.152613 0.05 3171.07
0 692 2 phononTS 0.00166597 0.473075 1.50392 0.0235852 13358.6 0.00034743 1 0.077638 -0.1318 0.05 52610
0 692 5 phononL 0.00115871 0.077638 -0.1318 0.049999 52610 0.00034743 1 0.0748938 -0.254336 0.05 62478.4
0 694 3 phononTF 0.00268037 -1.08765 1.3556 0.0263771 1011.63 0.00034743 1 -0.0332918 -0.262215 0.05 7845.09
0 703 2 phononTS 0.00142303 -0.326754 -0.473131 -0.0403718 6160.7 0.00034743 1 0.0659444 -0.230928 0.05 9564.22
0 705 3 phononTS 0.00234122 -2.66528 2.34321 0.00785694 2197.7 0.00034743 1 -0.103348 -0.17808 0.05 86947.9
0 705 6 phononTS 0.000789284 -0.103348 -0.17808 0.049999 86947.9 0.00034743 1 -0.060685 -0.163376 0.05 87126.7
0 706 5 phononTS 0.00127823 0.536718 3.53328 -0.0410178 17732.9 0.00034743 1 -0.0274013 -0.216792 0.05 60156.3
0 707 4 phononTF 0.000990513 -1.49663 1.72732 0.00468924 17495 0.00069486 1 0.0331208 -0.147968 0.05 82835.1
0 711 1 phononTF 0.004 -1.75 1.25 0 0 0.00104229 1 -0.0641695 -0.12254 0.05 5682.83
0 711 10 phononTF 0.000424392 -0.0641695 -0.12254 0.049999 5682.83 0.00034743 1 -0.0216319 -0.206237 0.05 20741.1
0 726 5 phononTF 0.0011716 0.135993 4.60962 0.0174356 31854 0.00034743 1 0.0609439 -0.221855 0.05 97044.1
0 760 3 phononTS 0.00257072 -2.87178 1.33926 -0.0232534 2184.21 0.00034743 1 -0.0283996 -0.232341 0.05 29791.3
0 764 3 phononTF 0.00273356 -0.33448 0.817123 0.0460446 2411.1 0.00069486 1 -0.0304616 -0.246065 0.05 6043.08
0 764 4 phononTF 0.00104026 -0.0304616 -0.246065 0.049999 6043.08 0.00034743 1 0.0365386 -0.171824 0.05 6213.23
0 764 17 phononTF 0.000674428 0.0365386 -0.171824 0.049999 6213.23 0.00034743 1 -0.108035 -0.19938 0.05 6537.91
0 767 3 phononL 0.00185955 -1.47899 1.45573 0.0320873 1737.8 0.00034743 1 0.0443508 -0.105468 0.05 15202.1
0 767 5 phononTF 0.0012789 0.0443508 -0.105468 0.049999 15202.1 0.00034743 1 0.0393864 -0.183619 0.05 15286.3
0 784 7 phononTF 0.00112802 4.34054 -0.177966 -0.021207 31962.7 0.00069486 1 0.0629172 -0.217084 0.05 89307.8
0 788 2 phononTF 0.00173623 -1.60357 2.32771 -0.0329351 11410.2 0.00034743 1 -0.0434525 -0.260707 0.05 96902
0 788 5 phononTS 0.00116459 -0.0434525 -0.260707 0.049999 96902 0.00034743 1 -0.0742264 -0.269723 0.05 97479.8
0 793 2 phononTS 0.00185296 -1.59806 2.2524 0.027634 5626.66 0.00034743 1 0.0494139 -0.17897 0.05 26235.8
0 818 2 phononTF 0.00151519 -3.25209 -0.00485803 -0.0311008 5330.73 0.00034743 1 -0.0853736 -0.256206 0.05 22575.6
0 856 3 phononL 0.000740438 -1.46055 0.0207093 0.049999 4270.06 0.00034743 1 -0.0570667 -0.27234 0.05 6157.05
0 866 4 phononL 0.000678532 -0.0274113 0.0452859 0.049999 5442.68 0.00034743 1 0.0681505 -0.162736 0.05 5569.74
0 891 3 phononTS 0.00139164 -1.76452 1.27224 -0.0242962 6.61149 0.00069486 1 0.053292 -0.184809 0.05 23023.5
0 894 5 phononTS 0.00198384 0.458072 0.396611 -0.0126678 21680.8 0.00104229 1 -0.0281515 -0.208571 0.05 23478.3
0 907 2 phononL 0.00281777 -2.15149 1.36631 -0.0215482 9543.28 0.00034743 1 0.0356698 -0.233962 0.05 12475.8
0 918 3 phononTS 0.00149396 -2.03983 1.22104 -0.0399353 2673.71 0.00069486 1 0.0184946 -0.154144 0.05 19124.1
0 945 2 phononTS 0.00236603 -1.2047 2.43255 -0.0435963 2425.81 0.00069486 1 0.0680828 -0.275331 0.05 52505.9
0 963 3 phononL 0.00291302 -2.15027 0.8037 0.0263115 901.882 0.00034743 1 -0.0631693 -0.18425 0.05 8055.02
0 963 4 phononTS 0.00151787 -0.0631693 -0.18425 0.049999 8055.02 0.00069486 1 0.0255851 -0.254456 0.05 8137.78
0 969 5 phononTS 0.00166297 0.609266 1.22285 0.0323377 5744.68 0.00069486 1 0.0284896 -0.232275 0.05 8696.57
0 1000 1 phononTS 0.004 -1.75 1.25 0 0 0.00104229 1 0.0415284 -0.115963 0.05 15742.1
0 1008 3 phononTS 0.00226333 -3.74526 2.96864 -0.00227663 8447.37 0.00104229 1 0.0270647 -0.289845 0.05 11367.7
0 1008 12 phononTF 0.000430252 0.0270647 -0.289845 0.049999 11367.7 0.00034743 1 0.0341921 -0.26104 0.05 11451.7
0 1012 4 phononTF 0.000707752 0.503445 1.83438 0.0121075 20210.2 0.00034743 1 -0.046056 -0.0995074 0.05 89277.7
0 1014 3 phononTS 0.00191627 -1.34784 3.00221 0.0272695 5608.26 0.00034743 1 0.0687991 -0.216736 0.05 14268
0 1053 2 phononL 0.00238735 -1.84388 0.696171 -0.0148634 2088.54 0.00069486 1 0.01337 -0.212733 0.05 47685.4
0 1085 2 phononTF 0.000948412 -0.104305 0.259209 -0.0256029 9223.41 0.00034743 1 -0.0867904 -0.260001 0.05 36865.7
0 1089 3 phononTF 0.00141838 -1.67453 0.666655 -0.0382107 4179.33 0.00034743 1 -0.0356388 -0.189339 0.05 36469.4
0 1101 2 phononTF 0.00115309 -1.69672 1.46067 -0.0416213 336.642 0.00069486 1 -0.115905 -0.20545 0.05 28289.7
0 1101 7 phononTF 0.000450198 -0.115905 -0.20545 0.049999 28289.7 0.00034743 1 0.0255613 -0.22031 0.05 28860.3
0 1107 7 phononTS 0.000886783 1.2076 2.83125 0.0216344 9649.24 0.00069486 1 0.0258138 -0.155185 0.05 129445
0 1115 2 phononTF 0.00164805 -0.429625 1.40483 0.0286676 10180.3 0.00034743 1 0.104338 -0.153598 0.05 65707.2
0 1137 2 phononTS 0.00194453 2.57564 2.64673 0.0454211 28789.3 0.00104229 1 -0.0436167 -0.20987 0.05 43363
0 1141 2 phononTF 0.00266822 -2.15696 1.87876 -0.027672 14282.3 0.00034743 1 0.0890279 -0.148835 0.05 19058.3
0 1159 4 phononL 0.00085946 -0.844681 0.00702305 0.049999 7417.48 0.00034743 1 0.0462988 -0.131384 0.05 8046.21
0 1176 2 phononL 0.00175811 -1.69 1.18328 0.0499195 18.7716 0.00034743 1 0.0422244 -0.242441 0.05 2226.62
0 1194 2 phononTF 0.00224296 -2.18675 0.858902 0.0421976 4607.65 0.00138972 1 0.0205269 -0.172434 0.05 14281.7
0 1228 3 phononTF 0.00273779 -2.39944 0.307509 -0.019365 4098.33 0.00069486 1 -0.0694743 -0.21893 0.05 9577.39
0 1254 2 phononTS 0.00221905 -1.58474 1.32861 -0.0307179 3714.76 0.00034743 1 -0.0489277 -0.132177 0.05 15784.4
0 1254 4 phononTS 0.000680166 -0.0489277 -0.132177 0.049999 15784.4 0.00034743 1 0.0323706 -0.10537 0.05 15932.5
0 1258 2 phononTS 0.00151978 -1.61287 -0.205136 -0.0313318 4045.84 0.00069486 1 -0.0420814 -0.222203 0.05 6416.41
0 1267 2 phononTF 0.000495814 -2.978 0.0288118 0.049999 11755.2 0.00034743 1 0.0856607 -0.21303 0.05 17834.2
0 1392 2 phononL 0.00223929 -1.54308 0.965767 0.0245594 5104.09 0.00034743 1 -0.0603567 -0.192264 0.05 13681.9
0 1423 3 phononTF 0.00185857 -1.90342 0.343923 0.0129575 12945.8 0.00034743 1 -0.0242473 -0.132085 0.05 41897.1
0 1440 5 phononTS 0.00190428 -4.08319 4.10699 0.0251729 16461.6 0.00034743 1 -0.0566777 -0.204114 0.05 39366.7
0 1452 3 phononTF 0.00155987 -1.59414 1.31533 0.0393232 245.732 0.00034743 1 0.00123746 -0.198935 0.05 14952.5
0 1460 5 phononTF 0.00199883 -0.101067 0.841526 0.000989427 23092.3 0.00069486 1 0.0305934 -0.271473 0.05 24918
0 1460 6 phononTF 0.000437553 0.0305934 -0.271473 0.049999 24918 0.00034743 1 0.0144463 -0.221386 0.05 70104.8
0 1466 3 phononL 0.00252069 -1.6355 1.28164 -0.0468602 189.976 0.00069486 1 -0.0254453 -0.188546 0.05 8097.53
0 1466 9 phononTS 0.000646655 -0.0254453 -0.188546 0.049999 8097.53 0.00034743 1 0.0388156 -0.179435 0.05 8320.92
0 1466 4 phononTS 0.000450756 -0.0254453 -0.188546 0.049999 8097.53 0.00034743 1 0.0397696 -0.211791 0.05 8167.31
0 1468 4 phononTS 0.000358926 0.853693 -0.00951523 0.049999 6480.5 0.00034743 1 0.0794436 -0.145859 0.05 8417
0 1502 2 phononTS 0.00226708 -1.23254 1.52878 -0.00192419 1455.1 0.00034743 1 0.0683067 -0.24584 0.05 37029.9
0 1511 2 phononTS 0.00236708 -1.48749 1.23343 -0.0414532 333.081 0.00069486 1 0.066935 -0.130545 0.05 2810.02
0 1520 2 phononTF 0.00117221 -1.14684 1.288 0.00668626 2659.57 0.00069486 1 0.0293697 -0.173625 0.05 4428.1
0 1558 3 phononTS 0.00151308 -2.16605 0.933123 0.0062343 2388.28 0.00069486 1 -0.0382569 -0.260181 0.05 12509.9
0 1563 4 phononL 0.00180873 -0.651933 2.33085 -0.0286333 17293.5 0.00034743 1 0.100956 -0.148102 0.05 42774.2
0 1600 7 phononTF 0.00114491 -2.37617 1.00423 0.0363917 130715 0.00034743 1 -0.0600433 -0.228698 0.05 136974
0 1614 3 phononTF 0.00224255 -2.34392 2.18697 -0.0170283 8472.2 0.00069486 1 0.0933711 -0.17165 0.05 14816.4
0 1615 4 phononTF 0.000518109 -1.87552 0.0215186 0.049999 6439.87 0.00034743 1 0.0759538 -0.268478 0.05 67993.5
0 1632 3 phononTS 0.00188986 -1.67098 2.37292 0.00470777 2430.5 0.00034743 1 -0.0828459 -0.201669 0.05 13079
0 1646 3 phononTF 0.00280738 -0.897516 1.70274 0.00860358 11307.3 0.00104229 1 -0.0869047 -0.155536 0.05 15237.1
0 1655 3 phononTS 0.00183349 -1.6997 1.437 0.00105576 58.1433 0.00104229 1 -0.1143 -0.19047 0.05 68729.5
0 1657 2 phononTS 0.00191878 -1.75659 1.25116 -0.00989011 2.27357 0.00069486 1 0.117638 -0.218395 0.05 44378.2
0 1674 1 phononTF 0.004 -1.75 1.25 0 0 0.00069486 1 0.0301233 -0.164476 0.05 14371.2
0 1674 2 phononL 0.000928083 0.0301233 -0.164476 0.049999 14371.2 0.00069486 1 -0.0193549 -0.22102 0.05 14472
0 1683 3 phononL 0.000857294 -0.872474 0.00269714 0.049999 12199.1 0.00034743 1 0.0350064 -0.190198 0.05 14798.4
0 1689 3 phononL 0.00248789 -0.907952 1.75107 0.0289345 8092.01 0.00104229 1 -0.0815171 -0.132722 0.05 32106.9
0 1723 5 phononTS 0.00119656 0.865684 0.571956 -0.0157184 4526.87 0.00069486 1 -0.0436883 -0.134608 0.05 111878
0 1724 3 phononTS 0.00235088 -2.45912 0.556944 0.0286498 486.981 0.00034743 1 -0.0533909 -0.159572 0.05 4995.27
0 1748 2 phononTF 0.00118062 -1.25977 1.93588 0.00763808 1266.82 0.00034743 1 -0.0238868 -0.182945 0.05 8456.53
0 1748 4 phononTF 0.000639644 -0.0238868 -0.182945 0.049999 8456.53 0.00034743 1 0.0780999 -0.147089 0.05 8591.78
0 1759 3 phononTS 0.000697724 -1.59427 0.0346067 0.049999 7834.35 0.00034743 1 0.0300808 -0.0943959 0.05 22980.5
0 1771 2 phononTS 0.00252717 -1.92657 1.63868 0.0396537 712.38 0.00034743 1 -0.111101 -0.218089 0.05 3424.01
0 1795 5 phononL 0.00117045 1.98649 -1.53436 -0.0415028 15321 0.00069486 1 0.0267532 -0.183984 0.05 75389.1
0 1814 2 phononL 0.00232374 -0.528441 1.68324 0.0165217 2917.9 0.00069486 1 0.00998343 -0.207037 0.05 15195.8
0 1851 3 phononTF 0.00261745 -1.26965 0.919602 -0.0322083 2320.62 0.00104229 1 -0.0174209 -0.205016 0.05 39152.7
0 1856 2 phononTS 0.00262328 -1.58214 0.550157 0.0201047 524.695 0.00034743 1 0.0433614 -0.109203 0.05 2188.05
0 1880 2 phononTS 0.00268197 -1.40375 0.71286 -0.00769327 697.359 0.00034743 1 0.0950721 -0.25629 0.05 15398.9
0 1880 4 phononTS 0.000354414 0.0950721 -0.25629 0.049999 15398.9 0.00034743 1 0.110815 -0.245271 0.05 15456.4
0 1883 2 phononTS 0.00130176 -1.88278 1.23971 0.000726017 852.045 0.00034743 1 0.0804059 -0.157858 0.05 11021.5
0 1896 2 phononTS 0.00243486 -1.47894 0.338595 0.00581745 3508.69 0.00034743 1 -0.0617419 -0.181428 0.05 7353.14
0 1921 3 phononTS 0.00270816 -1.79619 3.97994 -0.00796991 13416.3 0.00069486 1 -0.0406703 -0.12827 0.05 55757.8
0 1962 3 phononL 0.0019663 -1.33123 1.80954 0.0484508 7134.42 0.00034743 1 0.0442493 -0.18762 0.05 12658.9
0 1962 4 phononTF 0.000496094 0.0442493 -0.18762 0.049999 12658.9 0.00034743 1 -0.0191865 -0.251328 0.05 13490.8
0 1966 3 phononTS 0.00285653 -1.10004 0.567975 0.0165923 6012.09 0.00138972 1 -0.0276732 -0.111936 0.05 19873.6
0 1966 7 phononTS 0.000500689 -0.0276732 -0.111936 0.049999 19873.6 0.00034743 1 0.0867365 -0.205018 0.05 20213.9
0 2000 2 phononL 0.000784557 -1.44756 0.0645813 0.049999 1684.85 0.00034743 1 -0.104675 -0.223273 0.05 2054.58
0 2016 5 phononTF 0.0012143 3.77633 1.88284 -0.0365358 22338.7 0.00034743 1 -0.059792 -0.224459 0.05 113441
0 2035 3 phononL 0.00243129 -0.0742148 0.846227 -0.0215734 7063.83 0.00069486 1 -0.118423 -0.202937 0.05 11276.3
0 2038 3 phononTS 0.00127372 -1.56384 2.03578 -0.0341943 4518.51 0.00034743 1 0.0445718 -0.217473 0.05 47425.2
0 2051 3 phononTS 0.00243597 -1.71926 1.22474 -0.00199016 7.49059 0.00034743 1 0.0597283 -0.136034 0.05 6859.14
0 2054 2 phononTF 0.00145744 -0.605478 1.27215 0.0158213 4427.75 0.00034743 1 0.0276828 -0.205934 0.05 6911.44
0 2066 5 phononL 0.000354568 0.746216 0.0250527 0.049999 14715.7 0.00034743 1 0.089096 -0.14165 0.05 24453.4
0 2070 2 phononL 0.00159178 -3.20121 1.38517 0.0391783 5286.76 0.00034743 1 -0.0349465 -0.113873 0.05 15944.9
0 2117 3 phononTS 0.00222137 -1.81911 0.72707 0.00155924 5584.01 0.00069486 1 -0.100362 -0.190927 0.05 38585.4
0 2117 4 phononTS 0.000725206 -0.100362 -0.190927 0.049999 38585.4 0.00034743 1 0.0502208 -0.225053 0.05 39173.8
0 2127 3 phononTF 0.00184196 -2.44709 0.644215 -0.0332969 3909.04 0.00034743 1 0.0871496 -0.147262 0.05 83922.5
0 2129 3 phononTS 0.00172681 -3.40547 2.33993 0.0339163 12617 0.00034743 1 -0.0732443 -0.111177 0.05 28586.5
0 2145 2 phononTF 0.000381021 -0.324669 0.0736984 0.049999 4510.71 0.00034743 1 -0.0972492 -0.196872 0.05 4647.12
0 2220 2 phononL 0.00175495 -1.71969 1.20536 0.00911896 70.7194 0.00069486 1 -0.0794328 -0.267151 0.05 97402.2
0 2284 3 phononTS 0.00236008 -2.04211 1.55278 -0.0482846 226.359 0.00034743 1 -0.0394277 -0.246854 0.05 4386.34
0 2305 2 phononL 0.00204386 -1.66208 1.22134 -0.0394742 864.963 0.00034743 1 -0.112206 -0.162472 0.05 13299.7
0 2310 2 phononTF 0.00251158 -2.56995 1.2436 0.0269652 502.606 0.00138972 1 -0.0328978 -0.210514 0.05 7155.46
0 2326 4 phononTS 0.00079065 -1.1093 -1.55504 -0.0376639 9346.68 0.00034743 1 -0.0904539 -0.197374 0.05 14528.2
0 2390 5 phononTS 0.00128281 -4.93071 -0.272185 -0.0154728 7444.42 0.00034743 1 -0.0451756 -0.13344 0.05 28684.9
0 2391 3 phononTF 0.00251262 -1.24398 1.16367 -0.0267502 260.412 0.00069486 1 -0.0653995 -0.165301 0.05 2641.43
0 2391 4 phononTS 0.00102965 -0.0653995 -0.165301 0.049999 2641.43 0.00034743 1 0.0526987 -0.246746 0.05 2739.1
0 2391 14 phononTF 0.000382839 0.0526987 -0.246746 0.049999 2739.1 0.00034743 1 -0.0247538 -0.280735 0.05 2804.24
0 2404 2 phononTF 0.00195732 -1.89935 1.77694 -0.0035265 542.224 0.00034743 1 0.0213162 -0.141577 0.05 65948.8
0 2423 3 phononTF 0.00241028 -1.82752 1.19584 0.0234646 97.0802 0.00104229 1 -0.0776223 -0.184857 0.05 10444.2
0 2459 5 phononTF 0.00103218 -0.785805 0.404826 0.0112888 1860.85 0.00034743 1 -0.0895836 -0.150119 0.05 3497.3
0 2466 2 phononTF 0.00169081 -1.2442 3.66552 0.0157695 7905.78 0.00034743 1 -0.0591602 -0.23311 0.05 14411.4
0 2467 2 phononTF 0.00132514 -2.58015 0.295004 -0.0450453 8284.3 0.00069486 1 0.0709964 -0.279804 0.05 46234.2
0 2468 3 phononTS 0.00174364 -1.22393 1.04341 -0.00741773 2704.85 0.00034743 1 0.0937663 -0.13282 0.05 29604.2
0 2498 6 phononTF 0.000908829 4.85659 2.11098 0.0441699 27730.8 0.00069486 1 -0.0371494 -0.131224 0.05 38187.8
0 2500 4 phononTS 0.000766759 -0.574897 0.0732346 0.049999 6746.09 0.00034743 1 0.0757286 -0.246248 0.05 41051.9
0 2506 4 phononTS 0.00158335 -1.10165 1.05989 0.0251007 18383.5 0.00034743 1 0.101897 -0.169615 0.05 21354.4
0 2526 4 phononTF 0.00100435 -1.10328 1.66312 0.0175192 6395.15 0.00069486 1 -0.0665989 -0.241098 0.05 97583.9
0 2531 2 phononTF 0.00149456 -1.66938 1.20038 0.0246231 380.394 0.00034743 1 -0.0995839 -0.14698 0.05 3372.51
0 2544 4 phononL 0.00110394 -0.309287 2.20089 0.0235178 7446.68 0.00034743 1 0.117869 -0.204403 0.05 55291
0 2578 4 phononTF 0.00102842 0.334148 -1.96421 -0.0409113 40275.4 0.00069486 1 0.11071 -0.178978 0.05 61116.5
0 2593 3 phononTS 0.00184956 -2.98266 2.4147 -0.0483545 1526.41 0.00034743 1 -0.0691811 -0.263574 0.05 7825.34
0 2596 2 phononTS 0.00178694 -1.48791 2.29253 -0.0417343 7965.38 0.00069486 1 0.0669574 -0.166175 0.05 16434
0 2605 2 phononTF 0.00238139 -0.113424 1.17585 -0.0211682 3291.38 0.00034743 1 -0.0499622 -0.286016 0.05 28370.5
0 2611 2 phononTS 0.00111377 -1.40033 1.90648 0.00767192 1643.88 0.00069486 1 -0.0882654 -0.23657 0.05 73418.4
0 2635 2 phononL 0.00217483 1.45453 0.458335 -0.04944 5839.86 0.00104229 1 0.0421166 -0.209253 0.05 69189.5
0 2666 2 phononTS 0.00159956 -1.04619 2.06031 0.0360871 2935.63 0.00069486 1 -0.116828 -0.177997 0.05 29527.8
0 2682 1 phononTS 0.004 -1.75 1.25 0 0 0.00069486 1 0.0635584 -0.15354 0.05 8489
0 2682 7 phononTF 0.000990813 0.0635584 -0.15354 0.049999 8489 0.00034743 1 0.10489 -0.188274 0.05 8549.35
0 2682 4 phononTS 0.00140545 0.0635584 -0.15354 0.049999 8489 0.00034743 1 0.0867236 -0.145429 0.05 8545.53
0 2707 4 phononL 0.00108127 -2.35459 -2.11073 0.0455543 56163.8 0.00034743 1 -0.0282189 -0.228613 0.05 158814
0 2719 2 phononTS 0.00134589 -1.24186 1.01092 0.0208587 1716.83 0.00034743 1 0.0396658 -0.283861 0.05 90528.3
0 2744 3 phononL 0.00174191 -1.57564 -0.916842 0.0111073 6806.37 0.00034743 1 -0.0455907 -0.268295 0.05 12720.8
0 2755 3 phononTS 0.00250331 -1.57574 1.12932 0.0427399 243.254 0.00034743 1 -0.0106326 -0.213005 0.05 5477.01
0 2755 6 phononTF 0.000623014 -0.0106326 -0.213005 0.049999 5477.01 0.00034743 1 -0.0177 -0.159504 0.05 5633.35
0 2763 3 phononTS 0.00114365 -1.27862 2.05656 0.0447494 3110.97 0.00034743 1 -0.011818 -0.187253 0.05 108278
0 2769 2 phononTF 0.00207532 -1.69468 1.40499 -0.0492237 5457.11 0.00069486 1 0.0865135 -0.259141 0.05 58236.2
0 2803 2 phononL 0.00291253 -3.01142 1.36658 -0.0291638 6814.27 0.00034743 1 0.108057 -0.213912 0.05 38483.8
0 2847 2 phononTS 0.00219905 -1.74882 1.22894 0.0221064 5.71888 0.00034743 1 -0.0634062 -0.212564 0.05 34385.8
0 2855 5 phononTF 0.000820373 -3.24032 2.6803 0.0418681 21599.4 0.00034743 1 0.109941 -0.189229 0.05 50547.3
0 2877 2 phononTS 0.00234691 -1.67228 1.29009 0.0146097 56.8528 0.00034743 1 0.0479089 -0.14769 0.05 1786.71
0 2877 6 phononTF 0.000568511 0.0479089 -0.14769 0.049998 1786.71 0.00034743 1 0.0230375 -0.14082 0.05 1846.76
0 2877 4 phononL 0.00134668 0.0479089 -0.14769 0.049998 1786.71 0.00069486 1 0.10654 -0.209367 0.05 2705.75
0 2893 2 phononL 0.00210101 0.302117 2.33169 -0.00270796 4619.39 0.00069486 1 0.112898 -0.233939 0.05 12234.3
0 2903 5 phononTF 0.00181561 -4.66971 1.47637 -0.00197811 21214.9 0.00069486 1 0.0786335 -0.177855 0.05 33777.9
0 2935 4 phononTS 0.000781242 -4.15734 4.9199 -0.0391862 29420.7 0.00034743 1 0.0525827 -0.112449 0.05 36564.7
0 2963 4 phononTS 0.000562703 -1.15068 3.80952 -0.00791857 34949.2 0.00034743 1 -0.0648529 -0.262063 0.05 99398
0 2988 3 phononTS 0.0021504 0.339443 -0.27003 -0.00697975 14664.6 0.00034743 1 0.0423011 -0.132331 0.05 42928
0 3045 2 phononL 0.00222326 -2.31837 0.386979 -0.0454203 3931.87 0.00034743 1 -0.0341745 -0.295482 0.05 17182.9
0 3046 3 phononTS 0.00250376 -1.48792 4.72929 -0.0448386 14177.5 0.00034743 1 -0.0384517 -0.194389 0.05 51121.8
0 3046 4 phononTF 0.00115689 -0.0384517 -0.194389 0.049998 51121.8 0.00034743 1 -0.0797499 -0.233837 0.05 51187.5
0 3061 2 phononL 0.00167393 -1.1116 1.30522 0.0195236 2277.24 0.00034743 1 0.103315 -0.24728 0.05 38681.7
0 3085 5 phononL 0.00186484 -1.52246 1.88163 0.00339626 3995.43 0.00104229 1 0.0890677 -0.130131 0.05 8739.87
0 3105 2 phononTS 0.000718977 -2.08453 2.97903 0.0240442 5950.86 0.00034743 1 0.0669105 -0.27758 0.05 35918.8
0 3130 3 phononTS 0.00159786 -1.65956 1.28375 0.0320678 22.6547 0.00034743 1 0.0863701 -0.17459 0.05 3117.67
0 3139 2 phononTS 0.00141331 -2.57199 2.4195 0.0302238 16463.1 0.00069486 1 -0.0919156 -0.16142 0.05 63350.7
0 3177 2 phononTS 0.00270862 -0.759157 1.57554 -0.0116667 2281.33 0.00104229 1 -0.0732068 -0.158011 0.05 16968.2
0 3205 3 phononTS 0.00132288 -1.3018 1.22886 -0.0365201 868.326 0.00034743 1 0.0277132 -0.247196 0.05 12650.7
0 3248 3 phononTF 0.00160048 -1.9101 1.04897 0.0311976 505.738 0.00034743 1 0.0742989 -0.222643 0.05 3838.53
0 3248 4 phononTS 0.000805917 0.0742989 -0.222643 0.049999 3838.53 0.00034743 1 0.0704587 -0.265724 0.05 4034.6
0 3254 2 phononTS 0.00206224 -1.28603 1.34498 0.045148 940.656 0.00069486 1 0.0590921 -0.167438 0.05 25406.9
0 3291 2 phononTS 0.0014119 -1.72191 1.29199 -0.0360539 756.282 0.00034743 1 -0.0397191 -0.238463 0.05 8112.67
0 3296 2 phononTF 0.00136937 -2.61223 0.306422 -0.028987 15470 0.00034743 1 -0.0758626 -0.150608 0.05 68895.4
0 3296 4 phononTF 0.000717765 -0.0758626 -0.150608 0.049999 68895.4 0.00034743 1 -0.0793898 -0.190975 0.05 69267.8
0 3299 2 phononL 0.00241855 -1.73616 1.26782 0.00872779 4.48227 0.00034743 1 -0.0954037 -0.191484 0.05 10294.6
0 3301 4 phononTF 0.000642937 4.41915 -3.6412 0.0324364 51831.6 0.00034743 1 -0.0348786 -0.207262 0.05 79022.5
0 3325 3 phononTS 0.00263889 -1.82729 0.479452 0.0162066 1722.61 0.00034743 1 -0.100957 -0.241965 0.05 21753.8
0 3326 3 phononTS 0.00241653 -2.10051 1.47305 -0.0316695 319.761 0.00069486 1 -0.0834433 -0.252993 0.05 24262.8
0 3326 9 phononTS 0.000437601 -0.0834433 -0.252993 0.049999 24262.8 0.00034743 1 -0.0692795 -0.127436 0.05 24374.9
0 3326 2 phononL 0.00158347 -2.10051 1.47305 -0.0316695 319.761 0.00069486 1 -0.0357086 -0.278072 0.05 51285.5
0 3327 3 phononTF 0.00187236 -2.30684 0.977597 0.0319641 6064.68 0.00034743 1 -0.0585416 -0.242626 0.05 14113.1
0 3329 3 phononTS 0.00291132 -1.72627 1.35066 0.0426979 21.8658 0.00104229 1 -0.0411216 -0.213137 0.05 18765.9
0 3329 13 phononTS 0.00038233 -0.0411216 -0.213137 0.049998 18765.9 0.00034743 1 -0.0490325 -0.219997 0.05 19706.2
0 3331 2 phononTS 0.00195741 -1.89422 1.64645 -0.0216483 2398.37 0.00034743 1 0.0346187 -0.279664 0.05 4079.23
0 3334 3 phononL 0.000781784 -1.03651 0.0548572 0.049999 2654.93 0.00034743 1 -0.0619706 -0.206261 0.05 7195.93
0 3338 3 phononL 0.00172955 -2.56209 0.968809 0.0339948 1401.69 0.00034743 1 0.0743622 -0.161666 0.05 10307.4
0 3373 4 phononTS 0.000476472 -0.279591 -0.000663213 0.049998 1946.58 0.00034743 1 -0.0958838 -0.201973 0.05 2088.62
0 3394 4 phononL 0.000349317 -1.76903 0.0205848 0.049999 2302.6 0.00034743 1 0.0796126 -0.227144 0.05 17638.5
0 3395 3 phononTF 0.00194187 -2.4022 0.867679 0.0430905 819.015 0.00034743 1 -0.0776423 -0.161461 0.05 38494.6
0 3408 3 phononTS 0.00161605 -2.99274 1.63252 0.0233508 4360.57 0.00034743 1 0.0462579 -0.181118 0.05 28136
0 3414 3 phononTS 0.00241622 -1.31352 1.5869 0.0428711 2761.47 0.00069486 1 0.0215282 -0.245783 0.05 48058.4
0 3414 6 phononTS 0.00101644 0.0215282 -0.245783 0.049999 48058.4 0.00034743 1 0.0223033 -0.22774 0.05 48497
0 3439 3 phononTS 0.000384868 -0.0246754 0.0942893 0.049999 15669.5 0.00034743 1 -0.0424424 -0.105468 0.05 65845.4
0 3455 2 phononTS 0.00232632 -2.08735 2.09934 0.033565 694.922 0.00034743 1 -0.0779887 -0.137803 0.05 11429.4
0 3472 2 phononTS 0.00198574 -0.999267 1.1243 0.0267136 2099.11 0.00034743 1 0.0769451 -0.21773 0.05 16037.5
0 3478 2 phononTS 0.00161464 -1.80026 1.40792 -0.00603291 1465.72 0.00034743 1 0.0639973 -0.217759 0.05 16303.1
0 3478 4 phononL 0.0010163 0.0639973 -0.217759 0.049998 16303.1 0.00034743 1 0.0959989 -0.248186 0.05 16358.8
0 3490 3 phononL 0.00254623 -2.19459 1.16343 -0.0240296 3544.7 0.00034743 1 -0.0761577 -0.2699 0.05 7383.2
0 3496 3 phononTS 0.00145936 -1.77871 1.25876 0.0348563 17.0133 0.00034743 1 0.0409541 -0.145012 0.05 9720.7
0 3566 3 phononTS 0.00225891 -2.32929 1.67881 0.00617616 1458.13 0.00034743 1 0.0410428 -0.165078 0.05 11354.9
0 3577 3 phononL 0.0027626 -1.5132 0.753546 -0.0247755 2344.86 0.00069486 1 0.100865 -0.232569 0.05 25294.8
0 3577 5 phononTF 0.000546377 0.100865 -0.232569 0.049999 25294.8 0.00034743 1 -0.0546051 -0.198298 0.05 26511.6
0 3668 3 phononTS 0.00215214 -0.456547 -0.137357 0.0284831 8101.9 0.00069486 1 0.0339698 -0.200422 0.05 8296.06
0 3709 4 phononTS 0.00122966 -1.64245 2.23051 -0.0123036 9104.91 0.00034743 1 0.0871367 -0.193044 0.05 38122.1
0 3746 3 phononTS 0.00126002 -2.17836 0.737057 0.0332476 2594.87 0.00034743 1 0.0593553 -0.133974 0.05 35530.6
0 3746 6 phononL 0.000395207 0.0593553 -0.133974 0.049999 35530.6 0.00034743 1 -0.0412514 -0.244785 0.05 35584.6
0 3768 2 phononL 0.00127029 -2.24468 1.39451 -0.0259081 808.114 0.00034743 1 -0.0420134 -0.217964 0.05 8505.83
0 3820 3 phononTS 0.00231897 -1.6033 0.0454566 0.0314552 3027.22 0.00069486 1 -0.0740329 -0.250643 0.05 3957.31
0 3847 2 phononTS 0.002054 -1.85823 0.966122 0.0304383 145.769 0.00104229 1 0.0578512 -0.127751 0.05 9642.53
0 3857 2 phononTS 0.00110665 -2.16297 0.37633 -0.0475548 2379.38 0.00069486 1 0.0495001 -0.155493 0.05 15109
0 3896 2 phononTF 0.00195513 -1.62366 0.959384 0.0240961 558.836 0.00034743 1 0.0586969 -0.166693 0.05 2018.16
0 3943 2 phononTS 0.00202699 -1.70358 -0.304619 0.00135116 4936.89 0.00034743 1 -0.0835952 -0.276265 0.05 6170.63
0 3959 2 phononTS 0.00143483 -2.63325 1.18575 0.00601109 8020.47 0.00069486 1 0.0230943 -0.219634 0.05 23386.9
0 3970 2 phononTF 0.00252791 -0.213445 0.820473 -0.0297597 14181.2 0.00069486 1 0.0493292 -0.221404 0.05 14887.9
0 3970 6 phononTF 0.00132082 0.0493292 -0.221404 0.049999 14887.9 0.00034743 1 -0.0427396 -0.276548 0.05 15026.1
0 3983 2 phononTF 0.00205186 -2.16387 1.82879 -0.0365311 1979.1 0.00034743 1 -0.0546127 -0.104805 0.05 18110.1
0 3983 5 phononTS 0.000665106 -0.0546127 -0.104805 0.049999 18110.1 0.00034743 1 -0.0538794 -0.267921 0.05 18314.8
0 3987 3 phononTF 0.00194637 -1.79239 1.23508 0.0342712 10.5323 0.00034743 1 0.111663 -0.17264 0.05 7619.51
0 3997 4 phononTF 0.00186982 -2.17598 4.24125 0.0202675 10713.3 0.00104229 1 0.0182969 -0.197472 0.05 24502.2
0 4007 3 phononTS 0.00120661 -4.01858 1.53452 0.0326356 6525.48 0.00034743 1 -0.0546329 -0.157321 0.05 48397
0 4007 4 phononTS 0.000423104 -0.0546329 -0.157321 0.049999 48397 0.00034743 1 -0.115685 -0.172729 0.05 48468.4
0 4011 3 phononTS 0.0021885 -2.1924 1.07245 0.0431371 2606.78 0.00104229 1 0.0629485 -0.244435 0.05 61158.3
0 4033 2 phononTS 0.00259751 -1.70556 1.42588 0.0309625 410.554 0.00138972 1 0.0272889 -0.207848 0.05 10844.3
0 4037 3 phononTS 0.00170792 -1.54533 1.18114 -0.00510292 1285.78 0.00069486 1 -0.0786308 -0.146553 0.05 5585.75
0 4056 2 phononL 0.00212234 -1.56532 1.92513 0.00329593 4497.78 0.00034743 1 0.0742397 -0.234145 0.05 23480.6
0 4056 6 phononTF 0.00167914 0.0742397 -0.234145 0.049999 23480.6 0.00034743 1 0.0547219 -0.153257 0.05 23544.7
0 4080 1 phononTS 0.004 -1.75 1.25 0 0 0.00104229 1 0.0334742 -0.238929 0.05 7052.53
0 4080 5 phononTS 0.000891587 0.0334742 -0.238929 0.049999 7052.53 0.00069486 1 0.0500617 -0.184414 0.05 7235.93
0 4086 2 phononTS 0.00161015 -1.50586 1.67303 -0.0127283 5642.82 0.00034743 1 -0.0924184 -0.260755 0.05 33640.4
0 4093 3 phononTF 0.0016973 -1.65692 1.27246 0.023536 67.0103 0.00104229 1 -0.116854 -0.222697 0.05 57870
0 4114 3 phononTS 0.00150559 -2.56241 1.90111 0.0415487 2901.7 0.00034743 1 -0.0685833 -0.210224 0.05 59618.9
0 4127 5 phononTF 0.00149236 -0.693221 -0.0727325 -0.0376563 10288.6 0.00034743 1 0.0421194 -0.126423 0.05 10499
0 4145 4 phononTS 0.000630859 -1.97079 0.0790358 0.049999 2007.7 0.00034743 1 -0.0768349 -0.25159 0.05 16641.2
0 4146 2 phononTF 0.00106296 1.04339 2.06227 0.00532195 13720.5 0.00034743 1 0.0728478 -0.178101 0.05 47314.7
0 4202 2 phononTS 0.00220932 -3.61996 0.804796 -0.0267934 8447.21 0.00138972 1 -0.0345213 -0.133381 0.05 13663.1
0 4205 5 phononTS 0.00136962 -0.65285 -0.768356 0.0287053 4514.03 0.00034743 1 0.0698498 -0.197378 0.05 5653.64
0 4222 1 phononTS 0.004 -1.75 1.25 0 0 0.00069486 1 -0.0388318 -0.199982 0.05 7963.95
0 4222 3 phononTS 0.00163329 -0.0388318 -0.199982 0.049999 7963.95 0.00034743 1 -0.0369031 -0.192301 0.05 8020.09
0 4222 2 phononTS 0.00102975 -0.0388318 -0.199982 0.049999 7963.95 0.00034743 1 -0.0824832 -0.124605 0.05 8035.27
0 4246 2 phononL 0.00202664 -0.0697374 2.43114 0.0355002 9466.74 0.00034743 1 -0.0432972 -0.23142 0.05 23983.6
0 4254 3 phononTF 0.00137101 -2.41687 2.91167 -0.00958621 13835.3 0.00069486 1 -0.107194 -0.205246 0.05 19716.3
0 4283 4 phononTS 0.00196663 -1.38702 -0.921146 0.0310397 16752.8 0.00034743 1 0.0298556 -0.155559 0.05 18739.6
0 4285 5 phononTF 0.00102226 -1.49252 2.21558 0.00230931 11311.1 0.00069486 1 0.0257797 -0.224969 0.05 18646.6
0 4288 3 phononTS 0.0030027 -1.87688 1.97693 0.027926 5305.17 0.00069486 1 0.095855 -0.236688 0.05 7957.23
0 4288 4 phononTS 0.00161376 0.095855 -0.236688 0.049999 7957.23 0.00069486 1 -0.0910368 -0.19124 0.05 39128.5
0 4316 2 phononL 0.00243469 -0.819796 0.833167 0.0213074 9744.97 0.00034743 1 0.0385955 -0.190186 0.05 13421.4
0 4317 4 phononTS 0.00173082 -1.40798 3.99528 -0.0318911 32818.4 0.00034743 1 -0.0492316 -0.197822 0.05 37736.6
0 4323 2 phononTF 0.00226293 -2.09682 1.00209 -0.0403298 7817.02 0.00104229 1 0.0964594 -0.131929 0.05 24370
0 4325 4 phononTF 0.00209858 -2.99428 2.87473 0.0292417 21323.7 0.00034743 1 0.030324 -0.113082 0.05 32310.8
0 4325 9 phononTF 0.000906718 0.030324 -0.113082 0.049999 32310.8 0.00034743 1 0.0258481 -0.122059 0.05 32864.9
0 4325 6 phononTF 0.000497925 0.030324 -0.113082 0.049999 32310.8 0.00034743 1 0.0372403 -0.241594 0.05 32385.3
0 4359 3 phononTS 0.00208659 -1.58102 0.750319 0.0336624 1890.71 0.00034743 1 0.0727686 -0.144858 0.05 7041.47
0 4359 5 phononTF 0.00117753 0.0727686 -0.144858 0.049999 7041.47 0.00069486 1 0.0853782 -0.192016 0.05 7100.5
0 4360 2 phononTF 0.00138268 -1.48905 0.840235 0.0341142 4381.76 0.00069486 1 -0.0624695 -0.240268 0.05 5627.09
0 4369 3 phononTF 0.00231943 -1.97019 1.00528 0.0466437 169.623 0.00034743 1 0.0930917 -0.148817 0.05 6090.67
0 4453 2 phononL 0.00148505 -1.38637 0.285211 -0.0428484 3618.97 0.00034743 1 -0.0273891 -0.19384 0.05 13856.9
0 4453 4 phononL 0.000653875 -0.0273891 -0.19384 0.049999 13856.9 0.00034743 1 -0.072328 -0.278429 0.05 13911.8
0 4466 2 phononTS 0.00156534 -1.97263 0.959736 -0.00693321 3654.57 0.00034743 1 -0.116593 -0.204957 0.05 86356.7
0 4470 5 phononTS 0.000621147 0.251769 0.0734088 0.049999 11518 0.00034743 1 -0.0483689 -0.22807 0.05 12173.9
0 4485 4 phononTS 0.00123467 1.61971 -2.5558 0.0472663 43880.1 0.00034743 1 -0.037634 -0.177099 0.05 48068.5
0 4485 6 phononTS 0.000526854 -0.037634 -0.177099 0.049999 48068.5 0.00034743 1 0.0554311 -0.286398 0.05 48172.2
0 4514 3 phononTS 0.00166484 0.268652 1.62247 0.0462929 18366.5 0.00069486 1 0.102912 -0.156365 0.05 36911.6
0 4524 2 phononTF 0.00222369 -1.88395 0.802002 -0.0219518 3716.2 0.00069486 1 0.0525794 -0.150188 0.05 19101.2
0 4532 3 phononL 0.00159761 -1.54451 2.08283 0.0144547 8330.01 0.00034743 1 -0.0565941 -0.159816 0.05 11131.5
0 4573 3 phononTF 0.00147119 -3.80767 3.59669 -0.0350982 8682.62 0.00034743 1 0.0342137 -0.291516 0.05 67318.4
0 4573 4 phononTF 0.000509076 0.0342137 -0.291516 0.049999 67318.4 0.00034743 1 -0.0669843 -0.202999 0.05 67567.9
0 4623 2 phononL 0.00202541 -1.72718 1.2534 0.0159062 71.0785 0.00034743 1 -0.10457 -0.223412 0.05 21602.8
0 4639 2 phononTS 0.00157219 -0.716438 0.695934 0.0309432 5653.76 0.00034743 1 0.0842227 -0.191953 0.05 8917.55
0 4639 7 phononTF 0.000442533 0.0842227 -0.191953 0.049999 8917.55 0.00034743 1 0.058614 -0.183139 0.05 8976.1
0 4639 6 phononTS 0.000609605 0.0842227 -0.191953 0.049999 8917.55 0.00034743 1 -0.0595754 -0.132442 0.05 9234.94
0 4656 2 phononTS 0.00268517 0.151105 0.378358 -0.03725 6001.08 0.00104229 1 -0.0995492 -0.136397 0.05 11096.6
0 4661 2 phononL 0.00265021 -1.77397 1.19872 0.0421557 83.7458 0.00069486 1 -0.0657528 -0.275919 0.05 11511
0 4661 10 phononTS 0.00128851 -0.0657528 -0.275919 0.049999 11511 0.00069486 1 -0.0497496 -0.294306 0.05 11590.9
0 4664 7 phononTS 0.000573509 0.43533 -1.94465 -0.0439956 59006.5 0.00034743 1 -0.0565937 -0.131059 0.05 61477
0 4687 2 phononTF 0.00160803 -2.23951 0.987204 0.00964112 224.744 0.00034743 1 -0.100714 -0.224058 0.05 86504.5
0 4694 3 phononTF 0.00259858 -0.926318 0.897011 0.036898 7412.79 0.00069486 1 -0.0643138 -0.125617 0.05 9416.14
0 4696 2 phononL 0.000723944 -0.99884 0.0230201 0.049999 5567.3 0.00034743 1 -0.0828029 -0.221857 0.05 54413.7
0 4723 2 phononTS 0.00169307 -2.27413 0.966161 -0.0279402 1568.16 0.00034743 1 -0.103735 -0.177439 0.05 45394.7
0 4723 6 phononL 0.00105117 -0.103735 -0.177439 0.049999 45394.7 0.00034743 1 0.0757433 -0.139389 0.05 45926.9
0 4764 6 phononTS 0.000349037 -1.58015 0.0567222 0.049999 5417.86 0.00034743 1 0.0210562 -0.168771 0.05 79634.3
0 4825 3 phononTF 0.00250386 -1.17492 0.343653 -0.00226396 1473.54 0.00104229 1 -0.0545581 -0.2491 0.05 14280.2
0 4887 3 phononL 0.0018495 -1.98428 1.54162 0.0171099 1587.7 0.00104229 1 0.0248197 -0.148067 0.05 41145.3
0 4887 2 phononTF 0.0021505 -1.98428 1.54162 0.0171099 1587.7 0.00069486 1 0.105393 -0.192238 0.05 28291.7
0 4934 2 phononL 0.00159521 -1.49544 1.80163 0.0166162 2618.46 0.00034743 1 -0.0204083 -0.194084 0.05 27701.5
0 4986 4 phononTF 0.00116931 -1.35722 4.2318 -0.0140857 36578.9 0.00069486 1 -0.0813552 -0.23507 0.05 65554.5
