Run ID,Event ID,Track ID,Particle Name,Start Energy [eV],Start X [mm],Start Y [mm],Start Z [mm],Start Time [ns],Energy Deposited [eV],Track Weight,End X [mm],End Y [mm],End Z [mm],Final Time [ns],Volume Name
0 0 2 phononTS 0.0028882 1.75854 0.757999 -0.0108091 2.9159 0.00104229 1 -0.0602891 -0.272794 0.05 6263.08
0 16 2 phononTS 0.00242233 2.39211 1.42823 0.0406173 1810.28 0.00104229 1 -0.0876531 -0.264511 0.05 111591
0 23 3 phononL 0.00107851 1.88667 0.368534 0.0224663 80.858 0.00034743 1 -0.0657269 -0.273499 0.05 3483.62
0 97 2 phononTS 0.00159621 0.853254 0.783366 0.0295842 2044.77 0.00069486 1 0.0727971 -0.152559 0.05 28803
0 117 3 phononTS 0.00286494 1.63538 1.3328 0.044077 3175.31 0.00034743 1 0.033257 -0.176242 0.05 16457.9
0 159 2 phononL 0.00285867 -0.297495 1.17573 -0.0357408 3212.91 0.00069486 1 -0.086314 -0.125863 0.05 12480.9
0 166 3 phononTS 0.00222548 0.364625 0.427553 -0.00785859 3075.74 0.00034743 1 -0.0788483 -0.13647 0.05 4316.29
0 175 3 phononL 0.00227936 0.245712 0.878657 -0.0342115 1378.27 0.00069486 1 0.0890262 -0.139367 0.05 16299
0 192 3 phononTF 0.00300513 1.41281 1.25482 0.00614528 586.097 0.00138972 1 -0.0986883 -0.206765 0.05 4162.23
0 192 2 phononTS 0.000994866 1.41281 1.25482 0.00614528 586.097 0.00034743 1 -0.0484665 -0.192879 0.05 21483.1
0 195 2 phononTF 0.000656872 0.693811 0.102897 0.049999 1547.22 0.00034743 1 -0.0451068 -0.159628 0.05 31700.1
0 224 2 phononTF 0.00197582 1.71006 0.76645 0.0234203 248.499 0.00034743 1 -0.109157 -0.203968 0.05 28800.1
0 247 2 phononTF 0.00169902 1.33024 2.11046 0.0200933 5992.66 0.00069486 1 0.0730675 -0.118706 0.05 11216
0 249 4 phononTF 0.0016282 1.58598 -2.93794 0.0244082 13487.2 0.00034743 1 -0.0681981 -0.246138 0.05 44078.9
0 260 3 phononL 0.00220118 0.918834 1.03948 0.0204281 1719.97 0.00034743 1 -0.0382876 -0.297374 0.05 13831.5
0 260 2 phononTS 0.00179882 0.918834 1.03948 0.0204281 1719.97 0.00034743 1 0.0816546 -0.118902 0.05 15726.6
0 260 14 phononTF 0.000382301 0.0816546 -0.118902 0.049999 15726.6 0.00034743 1 0.114033 -0.180864 0.05 15799
0 260 10 phononTS 0.000571755 0.0816546 -0.118902 0.049999 15726.6 0.00034743 1 0.0634214 -0.132796 0.05 15817.4
0 263 3 phononTS 0.00276385 1.50925 0.464456 -0.0125626 553.643 0.00034743 1 -0.0181698 -0.250926 0.05 14584.9
0 280 2 phononL 0.0016692 2.6374 2.2686 0.0483507 4125.04 0.00069486 1 -0.0917904 -0.212876 0.05 17369.1
0 281 2 phononTS 0.00276244 3.37186 1.95553 0.0127624 13127.2 0.00034743 1 0.0377479 -0.270243 0.05 21904.5
0 286 3 phononTS 0.00157571 1.57885 0.555045 -0.000863619 1800.42 0.00034743 1 0.0446892 -0.281484 0.05 49864.3
0 361 2 phononTS 0.00244183 1.6035 0.51293 0.00456874 9333.36 0.00104229 1 -0.0801389 -0.154573 0.05 18308.1
0 361 9 phononTS 0.000549235 -0.0801389 -0.154573 0.049999 18308.1 0.00034743 1 -0.0993415 -0.164217 0.05 18364.1
0 370 2 phononL 0.00187211 1.66821 1.09863 -0.0177429 601.811 0.00034743 1 0.0472178 -0.158176 0.05 36865.2
0 386 4 phononTF 0.0012435 1.82355 0.0145868 0.0190524 5172.73 0.00034743 1 0.0597145 -0.119746 0.05 6071.42
0 431 2 phononTS 0.00278355 0.0645104 0.585809 -0.0374979 2540 0.00034743 1 0.0536084 -0.180527 0.05 5086.32
0 431 5 phononTS 0.00215025 0.0536084 -0.180527 0.049999 5086.32 0.00069486 1 -0.0736334 -0.189859 0.05 43153.9
0 458 4 phononTF 0.00049227 2.87438 4.72827 -0.0319764 52298.9 0.00034743 1 0.0523572 -0.252281 0.05 94331.2
0 460 2 phononTS 0.00207938 1.83037 1.54099 0.0221498 954.111 0.00034743 1 0.109981 -0.191588 0.05 3553.82
0 508 3 phononL 0.00165839 1.05196 1.16467 0.00918171 4346.35 0.00069486 1 -0.0481528 -0.0992853 0.05 27120
0 514 3 phononL 0.00259101 0.231209 0.0872136 -0.0323688 8104.22 0.00034743 1 -0.0539185 -0.190828 0.05 9734.33
0 534 3 phononTS 0.00325758 1.90951 0.191739 0.0493914 1134.56 0.00034743 1 0.0881822 -0.259451 0.05 8180.3
0 534 4 phononTS 0.000721329 0.0881822 -0.259451 0.049999 8180.3 0.00034743 1 0.105415 -0.253823 0.05 8241.23
0 551 4 phononTS 0.000631161 3.79673 -2.69242 -0.0233926 26409.8 0.00034743 1 -0.0791044 -0.198857 0.05 90750.3
0 558 2 phononTF 0.00216139 2.06457 0.79655 0.0408216 6012.2 0.00069486 1 0.0520036 -0.185631 0.05 36419.5
0 558 5 phononTS 0.000485716 0.0520036 -0.185631 0.049999 36419.5 0.00034743 1 0.0632148 -0.158185 0.05 36784.5
0 561 2 phononTF 0.00122158 1.78544 0.856595 0.0358618 2000.46 0.00069486 1 0.0413531 -0.24509 0.05 113182
0 567 5 phononL 0.00105894 0.29797 2.7113 0.0328601 7108.69 0.00034743 1 0.0344624 -0.221917 0.05 130752
0 579 5 phononTF 0.00149352 1.57919 3.74757 -0.0287645 7566.88 0.00034743 1 -0.0390502 -0.279414 0.05 29561.7
0 595 1 phononL 0.004 1.75 0.75 0 0 0.00069486 1 0.0814718 -0.174121 0.05 14288.8
0 599 2 phononTS 0.00266044 1.65273 0.73659 0.0454273 148.659 0.00138972 1 -0.0958636 -0.209461 0.05 28097.1
0 618 3 phononTS 0.000791779 1.45554 0.000506762 0.049999 3268.69 0.00034743 1 -0.0426897 -0.286292 0.05 10325.5
0 650 3 phononTF 0.00236469 1.86715 0.355216 0.0136134 5741.67 0.00069486 1 0.0496483 -0.22657 0.05 16201.3
0 654 3 phononTS 0.00233943 -0.154684 1.48589 0.0250123 5296.03 0.00034743 1 -0.0740616 -0.276331 0.05 18219.3
0 654 4 phononTF 0.00152168 -0.0740616 -0.276331 0.049999 18219.3 0.00034743 1 -0.0699513 -0.231124 0.05 18284.4
0 658 2 phononTS 0.00287249 1.23453 0.735044 -0.0273409 1456.71 0.00104229 1 0.0376748 -0.222872 0.05 3403.61
0 658 7 phononTF 0.000416284 0.0376748 -0.222872 0.049999 3403.61 0.00034743 1 0.0323752 -0.249591 0.05 3650.54
0 679 2 phononTS 0.0025361 1.56376 1.75825 0.00110696 3983.41 0.00104229 1 -0.107977 -0.154568 0.05 15004.1
0 707 3 phononTF 0.00271627 1.23963 0.159676 0.0399011 1541.84 0.00104229 1 0.109471 -0.24815 0.05 3247.66
0 707 6 phononTF 0.000377132 0.109471 -0.24815 0.049999 3247.66 0.00034743 1 0.0562383 -0.158312 0.05 3326.84
0 731 3 phononTS 0.00196547 1.70477 0.173301 0.0286821 1129.13 0.00069486 1 -0.0783436 -0.156148 0.05 5513.45
0 734 4 phononTS 0.000677301 3.06271 3.50218 0.0389829 11211.8 0.00034743 1 -0.0947683 -0.2288 0.05 23092.9
0 742 1 phononL 0.004 1.75 0.75 0 0 0.00034743 1 0.0495331 -0.16409 0.05 10342
0 767 2 phononTS 0.00155526 1.86957 0.603345 -0.002303 57.8368 0.00034743 1 0.088142 -0.144459 0.05 4125.54
0 767 8 phononTS 0.000931315 0.088142 -0.144459 0.049999 4125.54 0.00034743 1 0.0940572 -0.17749 0.05 4190.22
0 776 3 phononL 0.00184239 1.54924 1.99523 0.0335786 11159.2 0.00104229 1 0.0919502 -0.226119 0.05 59917.9
0 785 2 phononL 0.00216079 1.71836 0.720886 -0.0147372 8.39867 0.00034743 1 -0.0578349 -0.190777 0.05 36195.5
0 792 3 phononTS 0.00239951 0.972699 1.57956 2.81483e-05 3752.89 0.00034743 1 0.105487 -0.208502 0.05 7614.75
0 792 5 phononTS 0.000507659 0.105487 -0.208502 0.049999 7614.75 0.00034743 1 0.0364901 -0.111685 0.05 7905.81
0 803 3 phononTS 0.00217608 2.18256 0.94216 -0.0145631 1127.03 0.00034743 1 0.0203078 -0.223753 0.05 7895.37
0 812 3 phononTS 0.00137079 2.45005 1.46814 -0.00149482 2331.54 0.00034743 1 -0.0437722 -0.122397 0.05 20491.6
0 833 2 phononTF 0.00214292 1.82093 0.783603 -0.0116926 22.8269 0.00069486 1 0.0493306 -0.270559 0.05 42102.1
0 833 12 phononTF 0.000568596 0.0493306 -0.270559 0.049999 42102.1 0.00034743 1 0.04637 -0.25287 0.05 42166.9
0 840 2 phononL 0.00258665 1.08284 0.311517 -0.0130158 3955.62 0.00034743 1 0.101276 -0.221307 0.05 4809.45
0 840 6 phononTS 0.00182074 0.101276 -0.221307 0.049998 4809.45 0.00034743 1 0.119089 -0.181891 0.05 4878.43
0 840 13 phononTS 0.00114543 0.119089 -0.181891 0.049998 4878.43 0.00034743 1 0.0767217 -0.236591 0.05 4949.44
0 845 2 phononTS 0.0026163 1.22491 0.445095 0.00665633 6338.26 0.00034743 1 0.0414441 -0.109811 0.05 8666.17
0 867 3 phononL 0.00189475 1.39244 1.20017 0.00583102 2515.58 0.00138972 1 -0.0689982 -0.237993 0.05 18939.2
0 879 2 phononTS 0.00182905 0.136509 0.407891 -0.00680655 3701.78 0.00069486 1 0.0825781 -0.18995 0.05 5581.01
0 879 4 phononTS 0.000674906 0.0825781 -0.18995 0.049999 5581.01 0.00034743 1 -0.0768619 -0.271388 0.05 5679.91
0 897 2 phononL 0.0027026 0.514323 4.72235 -0.0229529 24789.4 0.00034743 1 0.0355328 -0.21214 0.05 42439.7
0 897 5 phononTF 0.00217415 0.0355328 -0.21214 0.049999 42439.7 0.00069486 1 0.0452839 -0.302442 0.05 42521.9
0 898 2 phononTS 0.00205481 1.74674 0.346196 -0.023628 5141.47 0.00034743 1 0.081354 -0.214391 0.05 7655.15
0 898 6 phononL 0.00102064 0.081354 -0.214391 0.049999 7655.15 0.00034743 1 -0.0312778 -0.160488 0.05 7809.86
0 943 3 phononTS 0.00125697 1.21518 1.2941 -0.0425246 10381.3 0.00034743 1 -0.100537 -0.168111 0.05 14269.7
0 968 4 phononTS 0.000791512 -0.834407 -0.393389 0.0019256 19930.5 0.00034743 1 -0.0377733 -0.128608 0.05 20287.6
0 998 4 phononL 0.00164432 4.88579 3.50634 -0.0273869 46690.4 0.00034743 1 0.0705026 -0.151418 0.05 82778.3
0 1021 2 phononTS 0.00203582 1.75617 0.684837 -0.025602 15.8574 0.00034743 1 0.104082 -0.221037 0.05 5449.41
0 1030 2 phononTF 0.00153058 1.14182 1.34916 -0.0143813 6541.73 0.00034743 1 -0.0774434 -0.157377 0.05 41873.2
0 1030 5 phononTF 0.00108299 -0.0774434 -0.157377 0.049999 41873.2 0.00034743 1 0.0491902 -0.110127 0.05 42034.5
0 1089 3 phononTS 0.00302776 1.41276 0.579268 0.0193766 351.794 0.00069486 1 -0.0774689 -0.208966 0.05 5135.88
0 1089 4 phononL 0.00145213 -0.0774689 -0.208966 0.049999 5135.88 0.00069486 1 0.0540233 -0.208813 0.05 9877.08
0 1138 3 phononTS 0.00107719 1.20579 2.92426 0.00753643 2946.23 0.00034743 1 0.0328382 -0.236096 0.05 44544.6
0 1147 2 phononTF 0.00226892 1.56854 0.587749 0.0454584 1055.94 0.00069486 1 0.0452393 -0.267211 0.05 7017.09
0 1147 4 phononL 0.000575669 0.0452393 -0.267211 0.049999 7017.09 0.00034743 1 -0.0614933 -0.238851 0.05 7739.84
0 1151 3 phononTF 0.00238248 4.04271 1.60843 -0.0211108 5853.58 0.00069486 1 -0.0658673 -0.125257 0.05 22276.1
0 1156 5 phononTS 0.00114845 1.56787 -0.747054 0.048835 6942.14 0.00034743 1 0.0347639 -0.196534 0.05 20712.9
0 1174 5 phononTS 0.00147566 4.34436 1.81125 -0.0251829 5748.7 0.00034743 1 0.0196839 -0.258412 0.05 39237.3
0 1175 3 phononTF 0.00257729 0.283165 0.433909 -0.0229921 2138.27 0.00034743 1 -0.052133 -0.271028 0.05 4466.75
0 1175 5 phononL 0.0011454 -0.052133 -0.271028 0.049999 4466.75 0.00069486 1 -0.0285896 -0.191402 0.05 4518.8
0 1175 4 phononTF 0.000918375 -0.052133 -0.271028 0.049999 4466.75 0.00034743 1 0.110718 -0.188434 0.05 4610.04
0 1209 3 phononTF 0.00233386 0.356503 1.3854 -0.0153396 10091 0.00069486 1 -0.0551869 -0.223748 0.05 13930.9
0 1221 3 phononTS 0.00185163 1.5923 0.587799 -0.0196557 704.894 0.00069486 1 -0.0248466 -0.125374 0.05 33765.3
0 1262 2 phononTS 0.00203032 1.62312 0.669038 -0.0275543 284.499 0.00034743 1 0.0600716 -0.16268 0.05 10478.7
0 1262 4 phononTF 0.000711044 0.0600716 -0.16268 0.049999 10478.7 0.00034743 1 0.0532021 -0.120223 0.05 10542
0 1265 2 phononTF 0.00193663 2.74719 1.40659 -0.00444806 5198.72 0.00104229 1 -0.067086 -0.232646 0.05 39068.2
0 1326 2 phononL 0.00280462 1.73485 0.493155 0.00262129 333.363 0.00034743 1 0.0448123 -0.152865 0.05 17757
0 1330 2 phononTF 0.000620721 1.22988 0.0723712 0.049999 1014.93 0.00034743 1 0.0436107 -0.248452 0.05 2338.59
0 1364 3 phononL 0.00240695 1.85817 0.437352 -0.00446954 3872.7 0.00069486 1 0.0626203 -0.269048 0.05 30124.1
0 1367 2 phononTF 0.00204522 1.44465 -0.0395103 0.0175918 6215.96 0.00069486 1 -0.0773629 -0.164645 0.05 7104.05
0 1367 4 phononTF 0.000488736 -0.0773629 -0.164645 0.049999 7104.05 0.00034743 1 -0.0986022 -0.145192 0.05 7235.32
0 1385 3 phononL 0.00259978 0.826654 1.48991 -0.0256742 6348.68 0.00138972 1 -0.103538 -0.185429 0.05 15893.6
0 1470 2 phononTS 0.00137864 -0.301735 1.47313 0.0221823 3688.12 0.00034743 1 -0.0944422 -0.129359 0.05 4830.84
0 1488 3 phononTS 0.00197821 1.31754 3.31447 0.0334938 4812.75 0.00104229 1 -0.086578 -0.197985 0.05 43429
0 1496 2 phononTS 0.000887788 2.69972 0.0681833 0.049999 2145.7 0.00034743 1 -0.0919999 -0.157848 0.05 18590.6
0 1504 3 phononTF 0.00210469 0.850484 2.06625 -0.00454076 4172.04 0.00034743 1 -0.0925323 -0.228927 0.05 6673.16
0 1528 3 phononTF 0.00265894 1.55715 0.613262 0.00389641 3108.53 0.00069486 1 -0.0553338 -0.171018 0.05 6255.15
0 1528 2 phononL 0.00134106 1.55715 0.613262 0.00389641 3108.53 0.00069486 1 0.0844856 -0.280605 0.05 31121.4
0 1583 4 phononL 0.000464432 1.29467 0.0272 0.049999 2024.6 0.00034743 1 0.0935107 -0.220249 0.05 3783.18
0 1602 3 phononTF 0.00174498 1.31714 0.533589 0.0345516 2433.44 0.00034743 1 -0.109312 -0.240943 0.05 5692.69
0 1615 2 phononTS 0.00158111 2.11145 0.817896 -0.0301648 357.251 0.00034743 1 -0.0850407 -0.214966 0.05 12149
0 1615 6 phononL 0.000568957 -0.0850407 -0.214966 0.049999 12149 0.00034743 1 0.0622852 -0.26007 0.05 12348.6
0 1635 2 phononTF 0.00253057 1.75566 0.695852 0.0291358 195.024 0.00069486 1 0.113399 -0.186142 0.05 3725.88
0 1636 5 phononTF 0.001161 -0.913923 -0.393985 -0.0119916 1814.78 0.00034743 1 -0.0531502 -0.143474 0.05 34444.9
0 1636 4 phononL 0.00215822 -0.913923 -0.393985 -0.0119916 1814.78 0.00069486 1 0.0937299 -0.171923 0.05 22860.6
0 1640 5 phononL 0.000737015 1.06404 0.105143 0.049999 5479.47 0.00034743 1 0.0926615 -0.239347 0.05 14609.2
0 1658 3 phononL 0.00234255 1.72459 0.773108 -0.0203703 7.2846 0.00034743 1 -0.033452 -0.243017 0.05 13765.1
0 1726 2 phononL 0.00143342 1.76968 0.702869 -0.00542488 5081.17 0.00034743 1 -0.050751 -0.175252 0.05 99235.6
0 1777 4 phononL 0.00150747 -0.390817 0.410829 0.0150333 11606.6 0.00034743 1 0.0403982 -0.153926 0.05 13794.6
0 1793 3 phononL 0.00298114 1.88474 -1.19751 0.0121042 5357.05 0.00034743 1 -0.0305326 -0.170018 0.05 7193.85
0 1793 4 phononTS 0.000946235 -0.0305326 -0.170018 0.049999 7193.85 0.00069486 1 -0.072835 -0.129869 0.05 7275.06
0 1820 5 phononTF 0.000759393 0.659102 0.0768992 0.049999 2287.78 0.00034743 1 0.116787 -0.210511 0.05 4367.19
0 1836 2 phononTS 0.00125534 4.24924 3.22585 0.0287267 15952.8 0.00034743 1 0.0619414 -0.277197 0.05 78903.8
0 1841 3 phononL 0.00100695 1.237 0.300766 -0.048976 2732.66 0.00034743 1 -0.0426222 -0.19705 0.05 14443.4
0 1841 6 phononTS 0.000523112 -0.0426222 -0.19705 0.049999 14443.4 0.00034743 1 -0.0351457 -0.209511 0.05 14505
0 1845 2 phononTS 0.00253163 0.365046 1.1922 0.0242387 6222.39 0.00034743 1 -0.0436768 -0.159163 0.05 11119.4
0 1845 4 phononTS 0.000641838 -0.0436768 -0.159163 0.049999 11119.4 0.00034743 1 0.0519127 -0.168981 0.05 11199.5
0 1865 3 phononTS 0.0030594 1.28362 1.30362 0.00727843 2249.76 0.00034743 1 0.0536441 -0.297395 0.05 8631.67
0 1865 7 phononTS 0.000351472 0.0536441 -0.297395 0.049999 8631.67 0.00034743 1 0.0736609 -0.293618 0.05 8688.43
0 1876 2 phononTS 0.00232779 4.13956 2.19425 -0.00155521 6373.69 0.00034743 1 0.0249129 -0.280243 0.05 23525.6
0 1880 2 phononTF 0.00187723 1.69735 0.461608 0.00115565 875.552 0.00034743 1 -0.0329204 -0.0999155 0.05 14424.9
0 1886 2 phononTS 0.000800971 2.06884 1.04458 -0.00405384 1081.38 0.00034743 1 0.0408319 -0.109534 0.05 20875.1
0 1895 3 phononL 0.00202451 -0.285204 -0.913308 0.00831231 23535.7 0.00034743 1 -0.0778198 -0.191743 0.05 25724.7
0 1904 2 phononTS 0.00144327 2.34177 1.61051 0.000416378 4947.07 0.00104229 1 -0.108382 -0.160056 0.05 30713.3
0 1913 3 phononTS 0.00242539 2.12985 1.73466 -0.0404232 4973.6 0.00069486 1 0.0440356 -0.150857 0.05 30983.7
0 1948 3 phononTS 0.00280937 1.57193 -1.55141 0.00823619 9366.07 0.00104229 1 0.0204194 -0.154229 0.05 16702.1
0 1948 2 phononTS 0.00119063 1.57193 -1.55141 0.00823619 9366.07 0.00034743 1 0.0267887 -0.245973 0.05 15962.5
0 2009 2 phononTS 0.00117994 1.76978 0.775292 0.0185082 6.78676 0.00034743 1 0.0685607 -0.11842 0.05 6079.01
0 2039 3 phononTS 0.00189774 1.11156 0.292327 -0.0249413 1769.83 0.00069486 1 0.0440865 -0.153061 0.05 37802.8
0 2067 3 phononTS 0.00234291 2.27288 1.13 -0.0459098 2433.2 0.00034743 1 -0.039061 -0.294949 0.05 4985.84
0 2067 5 phononTS 0.00155217 -0.039061 -0.294949 0.049999 4985.84 0.00069486 1 0.0366942 -0.261766 0.05 5062.18
0 2150 4 phononTS 0.000759349 -1.46006 1.28688 0.0096382 97677.8 0.00034743 1 0.107343 -0.207398 0.05 100425
0 2180 3 phononTF 0.0023699 2.54605 -0.649154 0.0420539 10498.5 0.00069486 1 -0.0191266 -0.225305 0.05 19132.2
0 2200 3 phononTF 0.00228035 -0.542412 1.46042 0.0261359 5254.03 0.00034743 1 0.114439 -0.186111 0.05 60521
0 2206 2 phononTS 0.00170438 1.70369 0.860428 0.0211015 613.095 0.00034743 1 -0.0299518 -0.172484 0.05 9181.46
0 2209 3 phononTS 0.000417807 1.23815 0.0675414 0.049998 2205.17 0.00034743 1 -0.0313591 -0.0966577 0.05 21435.9
0 2210 2 phononL 0.00149342 1.08531 0.454628 0.0108167 1132.61 0.00034743 1 0.0895574 -0.178003 0.05 45432.5
0 2296 3 phononTF 0.0028391 1.52463 0.729561 0.0484944 197.106 0.00069486 1 -0.0416403 -0.150954 0.05 5418.58
0 2321 2 phononTS 0.00150568 1.53128 0.5823 0.000579405 1547.42 0.00034743 1 -0.0879361 -0.141774 0.05 29582.7
0 2385 3 phononTS 0.00061629 1.01883 0.0558956 0.049999 3369.23 0.00034743 1 -0.0922941 -0.225319 0.05 10608.1
0 2449 4 phononL 0.00144497 0.48271 1.59313 0.0450769 16576.3 0.00069486 1 0.100128 -0.154018 0.05 25493.4
0 2458 4 phononTF 0.000488395 0.017871 0.104833 0.049999 11258.2 0.00034743 1 -0.0147709 -0.203112 0.05 11660.9
0 2459 3 phononL 0.00227539 1.82179 0.711026 0.020245 83.5689 0.00069486 1 -0.0467332 -0.269503 0.05 6173.97
0 2464 4 phononL 0.00105413 3.94581 -0.196931 -0.027374 62885.1 0.00034743 1 -0.0624707 -0.114035 0.05 181377
0 2482 2 phononTF 0.00271109 2.49507 -0.344181 -0.0418417 3468.85 0.00069486 1 0.0466738 -0.276192 0.05 5366.56
0 2484 3 phononTS 0.00221964 1.75932 0.750094 0.0361844 7.55245 0.00034743 1 -0.0310373 -0.150871 0.05 10292.7
0 2499 2 phononL 0.00068335 1.20819 0.0286544 0.049999 2522.99 0.00034743 1 -0.106786 -0.247253 0.05 3508.21
0 2518 2 phononTS 0.000611601 0.854232 0.0129317 0.049999 1653.65 0.00034743 1 -0.0244963 -0.241744 0.05 8098.05
0 2532 4 phononTS 0.00051061 1.1685 0.0857635 0.049999 798.355 0.00034743 1 0.0751185 -0.19362 0.05 1255.84
0 2560 2 phononTS 0.00152307 0.653608 0.921073 0.0226994 2610.07 0.00034743 1 -0.104272 -0.150753 0.05 16165.2
0 2566 3 phononTS 0.0021885 1.81423 0.951271 -0.03183 321.422 0.00069486 1 0.0567573 -0.262858 0.05 90447.9
0 2649 4 phononTS 0.000560432 1.28736 -0.00155038 0.049999 1442.33 0.00034743 1 0.0691906 -0.153911 0.05 141390
0 2655 3 phononTS 0.0019208 2.59127 1.59249 0.0195776 3145.42 0.00069486 1 0.0583356 -0.287783 0.05 35178.8
0 2668 5 phononTF 0.000490304 2.18103 0.0234822 0.049999 1370.2 0.00034743 1 -0.0812528 -0.130264 0.05 5899.21
0 2690 1 phononTF 0.004 1.75 0.75 0 0 0.00069486 1 0.108754 -0.209332 0.05 3544.29
0 2718 4 phononTF 0.000861214 3.92793 4.02396 -0.0406543 30685.4 0.00034743 1 -0.108191 -0.159106 0.05 46706
0 2720 3 phononTF 0.00286602 1.92763 1.07903 0.0431183 2242.81 0.00069486 1 -0.0875537 -0.15722 0.05 8478.92
0 2732 3 phononL 0.00188569 1.23657 0.910545 -0.00801322 1089.84 0.00069486 1 -0.0938232 -0.207307 0.05 3303.7
0 2734 3 phononL 0.00231745 0.799194 0.931169 0.00255263 811.889 0.00069486 1 -0.0775369 -0.205575 0.05 13687.6
0 2741 2 phononTS 0.00153418 1.70279 0.851697 0.037073 3087.35 0.00034743 1 -0.0546325 -0.243296 0.05 31489.2
0 2741 5 phononTS 0.000499929 -0.0546325 -0.243296 0.049998 31489.2 0.00034743 1 -0.0524267 -0.237155 0.05 31545.6
0 2770 2 phononTS 0.00189427 1.87132 0.479981 0.00970584 3833.58 0.00069486 1 -0.0906633 -0.24021 0.05 22087.5
0 2779 2 phononTS 0.000867177 0.460136 0.7058 -0.0463178 2889.63 0.00034743 1 -0.067172 -0.121764 0.05 10039.5
0 2807 2 phononTS 0.00101237 2.33222 2.23601 0.0185235 5879.95 0.00034743 1 -0.0424378 -0.29397 0.05 137309
0 2807 5 phononTF 0.000616066 -0.0424378 -0.29397 0.049999 137309 0.00034743 1 -0.100111 -0.151095 0.05 137494
0 2811 3 phononL 0.00274544 1.57688 0.587678 -0.0400194 53.8438 0.00104229 1 -0.0444368 -0.117013 0.05 7240.11
0 2827 2 phononTF 0.00187143 1.82151 1.08479 -0.00707622 917.124 0.00104229 1 -0.0311196 -0.153539 0.05 13464.3
0 2916 3 phononTS 0.00160491 1.65663 2.40539 -0.0103535 4342.61 0.00034743 1 0.0316307 -0.305663 0.05 99205.9
0 2941 5 phononL 0.000461953 1.15314 0.0634217 0.049999 981.816 0.00034743 1 0.0415918 -0.099351 0.05 7327.96
0 2964 2 phononTF 0.00220907 3.06711 0.511444 -0.00461135 1333.53 0.00034743 1 0.0739232 -0.195872 0.05 61621.1
0 2964 5 phononTS 0.00047792 0.0739232 -0.195872 0.049999 61621.1 0.00034743 1 0.0239231 -0.150997 0.05 61885.9
0 2974 3 phononTF 0.00322602 -0.350964 0.252377 -0.0283452 3234.53 0.00069486 1 0.0385576 -0.297925 0.05 3995.18
0 2974 4 phononTF 0.00042346 0.0385576 -0.297925 0.049999 3995.18 0.00034743 1 0.0722158 -0.290081 0.05 4053.83
0 2983 2 phononTS 0.00137783 1.49926 0.62727 0.0376766 580.971 0.00034743 1 0.0221129 -0.214482 0.05 42557.3
0 2983 4 phononTS 0.000357608 0.0221129 -0.214482 0.049999 42557.3 0.00034743 1 0.0384862 -0.23864 0.05 42618.4
0 2988 4 phononL 0.00105397 -0.453855 -3.15024 -0.0168684 50733.6 0.00034743 1 -0.0679408 -0.165013 0.05 59203.6
0 2988 6 phononTF 0.000367109 -0.0679408 -0.165013 0.049998 59203.6 0.00034743 1 0.0475094 -0.112403 0.05 59494.6
0 2997 3 phononTS 0.00296006 1.08254 0.794685 -0.0461307 1292.82 0.00069486 1 0.0334216 -0.182396 0.05 24421.4
0 2997 7 phononL 0.000864529 0.0334216 -0.182396 0.049999 24421.4 0.00034743 1 0.0186284 -0.164262 0.05 27323.1
0 3004 3 phononTS 0.000546506 0.809411 0.0350593 0.049999 3639.9 0.00034743 1 0.0502205 -0.112037 0.05 3958.42
0 3015 3 phononL 0.00238736 2.03919 2.81078 0.041075 7198.51 0.00069486 1 -0.058032 -0.125757 0.05 48062.2
0 3015 4 phononTS 0.000389809 -0.058032 -0.125757 0.049999 48062.2 0.00034743 1 -0.0757777 -0.121633 0.05 48119
0 3037 3 phononTF 0.00217284 2.15521 0.418214 -0.0192523 797.368 0.00034743 1 0.0639593 -0.193179 0.05 5212.34
0 3037 5 phononTF 0.00149174 0.0639593 -0.193179 0.049999 5212.34 0.00034743 1 0.110143 -0.236815 0.05 5276.37
0 3041 3 phononTS 0.00236568 1.72537 0.913016 -0.00704285 163.026 0.00069486 1 -0.1067 -0.214989 0.05 64610.7
0 3135 3 phononTF 0.00139235 1.54954 1.301 0.0175147 3902.07 0.00034743 1 0.0434569 -0.297753 0.05 27025.8
0 3135 4 phononTF 0.000377669 0.0434569 -0.297753 0.049999 27025.8 0.00034743 1 -0.0924294 -0.247072 0.05 27102.9
0 3152 2 phononTF 0.00208617 0.974193 1.34251 0.0179628 5521.96 0.00069486 1 -0.0948791 -0.192713 0.05 11839.9
0 3158 3 phononL 0.000619288 1.69868 0.0223184 0.049999 1356 0.00034743 1 -0.0402574 -0.244606 0.05 13185.6
0 3160 3 phononTS 0.0028184 0.749689 0.369424 -0.0421161 1878.39 0.00104229 1 0.0692869 -0.252767 0.05 24397.9
0 3161 3 phononTS 0.000883408 1.57135 0.100894 0.049999 510.399 0.00034743 1 -0.0416955 -0.249416 0.05 4848.77
0 3164 3 phononTS 0.00255783 1.63269 1.87336 0.0293602 5172.63 0.00104229 1 -0.117528 -0.196178 0.05 12059
0 3171 2 phononL 0.00155398 0.923111 2.10923 -0.0475494 3465.4 0.00034743 1 -0.0727628 -0.289969 0.05 41080.5
0 3201 2 phononL 0.00158832 1.65385 0.787024 0.0120429 373.968 0.00069486 1 -0.066193 -0.218834 0.05 32024.8
0 3241 5 phononTF 0.00190345 1.98707 0.750226 -0.04184 21720.5 0.00034743 1 0.0863782 -0.246736 0.05 24701.5
0 3257 3 phononTF 0.000871936 0.788684 0.033869 0.049999 4768.78 0.00034743 1 -0.0840524 -0.26133 0.05 105380
0 3275 2 phononTS 0.00183932 1.77805 0.737101 -0.00874198 6.19955 0.00034743 1 0.0749354 -0.184847 0.05 2537.25
0 3277 6 phononTS 0.00057644 1.03811 0.0767007 0.049998 4384.46 0.00034743 1 -0.0601438 -0.12385 0.05 15917.3
0 3309 2 phononTS 0.000376086 1.34627 0.0296917 0.049999 1179.28 0.00034743 1 0.0782831 -0.12741 0.05 4170.33
0 3348 1 phononTS 0.004 1.75 0.75 0 0 0.00034743 1 -0.0351263 -0.10735 0.05 4412.06
0 3356 3 phononL 0.00206909 2.02883 0.66463 -0.0355441 2182.67 0.00069486 1 -0.0701931 -0.266674 0.05 18671.1
0 3370 2 phononTF 0.0019314 1.69949 0.777338 -0.0396004 15.5884 0.00034743 1 -0.0751832 -0.21481 0.05 29452.7
0 3374 5 phononTF 0.00165111 -0.120218 -0.90267 -0.0170355 10363.5 0.00034743 1 -0.0705178 -0.290207 0.05 10699.9
0 3411 3 phononTS 0.00237715 1.48885 0.298501 0.0391433 677.744 0.00069486 1 -0.0673221 -0.134611 0.05 3180.12
0 3415 4 phononL 0.000715418 1.65994 3.69318 0.0191339 38640.9 0.00034743 1 0.0688961 -0.210991 0.05 72349.8
0 3433 2 phononTF 0.000612587 1.82679 0.0915817 0.049999 1414.39 0.00034743 1 0.0554133 -0.199964 0.05 54287.9
0 3445 2 phononTS 0.00078221 0.178104 0.894074 -0.0173768 3851.7 0.00034743 1 0.0650579 -0.218267 0.05 8561.84
0 3468 2 phononTF 0.0016039 1.62886 0.234399 -0.01178 14163.3 0.00034743 1 0.0471503 -0.262414 0.05 19068.7
0 3472 5 phononTF 0.00221318 1.46524 1.14003 -0.0183826 3121.48 0.00069486 1 0.0212619 -0.151882 0.05 8179.28
0 3477 2 phononL 0.00139651 3.6216 2.11701 0.0321152 14533.5 0.00069486 1 0.043957 -0.164893 0.05 26914.8
0 3490 3 phononL 0.00162148 2.5017 0.970795 -0.0326037 2153.59 0.00034743 1 -0.0260894 -0.136594 0.05 76013.9
0 3502 2 phononL 0.00173766 1.99377 0.996446 0.0307935 82.6315 0.00069486 1 -0.109869 -0.219877 0.05 52376
0 3506 2 phononL 0.000761815 1.13561 0.0675117 0.049999 2724.27 0.00034743 1 0.0574611 -0.267716 0.05 10546.9
0 3535 4 phononTS 0.00080318 1.5531 0.0483841 0.049999 12708.6 0.00034743 1 -0.071277 -0.167613 0.05 80056.6
0 3540 1 phononTS 0.004 1.75 0.75 0 0 0.00069486 1 0.104224 -0.235255 0.05 3048.25
0 3540 2 phononTS 0.00214027 0.104224 -0.235255 0.049999 3048.25 0.00034743 1 0.0555716 -0.284731 0.05 3133.08
0 3543 2 phononTS 0.000409625 1.97012 0.0999432 0.049998 1206.9 0.00034743 1 0.107892 -0.221661 0.05 3068.89
0 3566 4 phononL 0.000745168 1.97045 0.0790388 0.049999 15742.6 0.00034743 1 -0.09087 -0.136797 0.05 81159.8
0 3567 4 phononTS 0.000897622 2.15323 0.05825 0.049999 2193.56 0.00034743 1 0.097585 -0.242614 0.05 67694.3
0 3574 1 phononL 0.004 1.75 0.75 0 0 0.00104229 1 -0.114218 -0.180116 0.05 11921.6
0 3601 3 phononTS 0.00251167 1.40594 0.691584 0.0349721 576.195 0.00034743 1 0.0905373 -0.21664 0.05 35084.9
0 3601 2 phononL 0.00148833 1.40594 0.691584 0.0349721 576.195 0.00034743 1 0.0441471 -0.220927 0.05 6469.29
0 3601 13 phononL 0.000486866 0.0441471 -0.220927 0.049999 6469.29 0.00034743 1 0.0867551 -0.20782 0.05 8632.13
0 3605 3 phononTS 0.00222621 3.06116 -0.300144 0.00605658 2232.63 0.00104229 1 -0.0793183 -0.124671 0.05 30553.8
0 3631 3 phononTS 0.00192811 2.3707 2.79109 -0.0146233 4395.96 0.00069486 1 -0.0670952 -0.198464 0.05 26157.2
0 3631 4 phononTS 0.000722103 -0.0670952 -0.198464 0.049998 26157.2 0.00034743 1 -0.0811417 -0.157427 0.05 26223.8
0 3643 2 phononTS 0.00118609 1.54947 1.1313 0.0284105 1021.63 0.00034743 1 -0.0896704 -0.150293 0.05 20400.2
0 3643 5 phononTS 0.000621703 -0.0896704 -0.150293 0.049999 20400.2 0.00034743 1 -0.067564 -0.174033 0.05 20464.7
0 3646 3 phononL 0.0019795 1.84561 0.690066 -0.0373559 44.5324 0.00069486 1 0.0597664 -0.273695 0.05 32952
0 3650 3 phononTF 0.00193311 2.54023 1.17087 0.043926 7145.62 0.00034743 1 -0.0810911 -0.1464 0.05 13280.5
0 3698 3 phononTS 0.000366535 2.73342 0.0266141 0.049999 1158.02 0.00034743 1 0.0234443 -0.171519 0.05 5125.64
0 3723 2 phononTS 0.00221368 1.54865 0.651995 -0.0359273 1009.05 0.00034743 1 0.0468034 -0.128829 0.05 35519.5
0 3723 4 phononTS 0.00183479 0.0468034 -0.128829 0.049999 35519.5 0.00069486 1 0.0705096 -0.111733 0.05 35581.4
0 3749 3 phononTS 0.00206133 1.06283 0.273934 -0.0300754 2035.66 0.00069486 1 0.0917758 -0.135391 0.05 54053.3
0 3752 2 phononTS 0.00210554 3.3833 0.337617 -0.0167608 4531.24 0.00069486 1 0.0684863 -0.108854 0.05 11315.1
0 3759 3 phononTS 0.00215872 0.682137 0.788817 -0.0232686 4528.49 0.00034743 1 -0.0298562 -0.216972 0.05 12589.8
0 3759 4 phononTF 0.00142143 -0.0298562 -0.216972 0.049999 12589.8 0.00034743 1 0.0716636 -0.126524 0.05 12667.4
0 3773 4 phononTS 0.000934504 -0.956757 0.954084 -0.00677546 2740.18 0.00034743 1 0.0776092 -0.176854 0.05 10947.8
0 3782 2 phononTF 0.00235153 3.23616 0.498506 0.00150582 3747.19 0.00034743 1 -0.0314345 -0.1783 0.05 61804.6
0 3782 4 phononTS 0.00148772 -0.0314345 -0.1783 0.049999 61804.6 0.00069486 1 -0.0449247 -0.187843 0.05 61860.5
0 3793 1 phononL 0.004 1.75 0.75 0 0 0.00104229 1 0.0261034 -0.135879 0.05 3992.71
0 3803 3 phononTS 0.00278632 1.25559 1.24635 0.0306374 5700.77 0.00069486 1 -0.0528552 -0.165437 0.05 7255.86
0 3804 2 phononTS 0.00222515 0.285224 1.67278 -0.0151221 5333.89 0.00069486 1 -0.0956799 -0.258788 0.05 19454.1
0 3829 2 phononTS 0.00153716 -0.790234 1.11161 -0.0440347 14295 0.00069486 1 -0.0338383 -0.229137 0.05 41581.2
0 3840 3 phononTS 0.00174875 1.34565 1.6446 -0.00111786 7459.98 0.00034743 1 0.0837525 -0.133148 0.05 28769.1
0 3844 3 phononTS 0.00225389 1.72782 0.725192 -0.0202589 7.10508 0.00034743 1 -0.0195102 -0.209682 0.05 8217.96
0 3844 5 phononTF 0.000355541 -0.0195102 -0.209682 0.049999 8217.96 0.00034743 1 -0.0958645 -0.20795 0.05 8283.76
0 3882 2 phononTS 0.000639322 1.93438 0.0240497 0.049999 2067.07 0.00034743 1 -0.0370406 -0.242581 0.05 51668.8
0 3894 5 phononL 0.000694 2.08339 0.0758233 0.049998 692.42 0.00034743 1 0.0281454 -0.213375 0.05 75600.4
0 3904 3 phononTF 0.00194465 1.56129 0.840373 -0.0319287 57.0239 0.00104229 1 0.0398413 -0.280904 0.05 1557.41
0 3907 2 phononTF 0.00120138 0.908718 1.36972 -0.0419638 3854.55 0.00034743 1 -0.107513 -0.156163 0.05 4601.86
0 3966 3 phononTF 0.00259298 1.57511 0.546431 -0.000634618 475.381 0.00034743 1 -0.0239013 -0.252308 0.05 3326.61
0 3966 4 phononTS 0.00116983 -0.0239013 -0.252308 0.049999 3326.61 0.00034743 1 0.0248903 -0.164265 0.05 3992.49
0 3979 4 phononTS 0.00137614 4.70485 -4.73721 0.0255527 63808.2 0.00034743 1 0.0395045 -0.263274 0.05 92502.6
0 3981 2 phononTS 0.000847537 1.10377 -0.00147611 0.049998 2263.71 0.00034743 1 0.11402 -0.224838 0.05 5570.18
0 3981 6 phononL 0.000409824 0.11402 -0.224838 0.049998 5570.18 0.00034743 1 -0.0210615 -0.158441 0.05 44223.5
0 3983 2 phononTF 0.00255557 1.78321 0.821981 0.0148457 207.181 0.00069486 1 0.0453184 -0.234032 0.05 30391.9
0 3983 4 phononTS 0.000413858 0.0453184 -0.234032 0.049999 30391.9 0.00034743 1 0.0878687 -0.260691 0.05 30537.1
0 3984 3 phononTF 0.0012808 1.04836 0.54033 0.0109563 5475.1 0.00069486 1 -0.0392258 -0.177452 0.05 13611.7
0 3987 2 phononTF 0.00162543 2.04052 1.46352 -0.0245661 1684.81 0.00034743 1 -0.013867 -0.211752 0.05 35583.4
0 3987 5 phononL 0.000754334 -0.013867 -0.211752 0.049999 35583.4 0.00034743 1 -0.0482219 -0.199727 0.05 36392.6
0 4015 2 phononTF 0.00125729 -0.0612148 1.1534 -0.0375221 2147.7 0.00034743 1 0.0286156 -0.151897 0.05 2786.24
0 4048 3 phononTS 0.00191579 2.04605 2.47931 0.0285956 3268.48 0.00034743 1 -0.0513093 -0.193796 0.05 41439.9
0 4048 6 phononTF 0.000999204 -0.0513093 -0.193796 0.049999 41439.9 0.00034743 1 -0.0484472 -0.252316 0.05 75597.1
0 4048 4 phononTF 0.000358694 -0.0513093 -0.193796 0.049999 41439.9 0.00034743 1 -0.0486997 -0.100794 0.05 41502.2
0 4119 2 phononTS 0.00110713 4.37783 2.5375 0.037723 14256 0.00034743 1 0.0282387 -0.264401 0.05 20659.7
0 4126 2 phononTS 0.00232749 2.27318 1.02726 -0.0430517 1029.43 0.00034743 1 0.116376 -0.219949 0.05 45085
0 4169 2 phononTS 0.00175482 0.515581 1.99871 0.0120795 7967.78 0.00069486 1 -0.0981077 -0.181743 0.05 12583.7
0 4207 2 phononTS 0.00109097 2.14473 0.761721 -0.00991266 917.059 0.00034743 1 0.0447408 -0.168215 0.05 2733
0 4207 10 phononTF 0.000456636 0.0447408 -0.168215 0.049999 2733 0.00034743 1 -0.045182 -0.171949 0.05 3847.41
0 4211 5 phononTS 0.000632962 0.716094 0.0992913 0.049999 1459.29 0.00034743 1 0.0980597 -0.201773 0.05 2566.35
0 4230 2 phononL 0.000726418 1.23419 0.0248982 0.049999 878.512 0.00034743 1 0.0617674 -0.27798 0.05 3316.94
0 4232 2 phononTS 0.00150731 2.05492 0.914352 -0.0277525 609.106 0.00069486 1 0.0375855 -0.247 0.05 17349.9
0 4279 1 phononTS 0.004 1.75 0.75 0 0 0.00138972 1 0.0536127 -0.255606 0.05 1740.62
0 4294 3 phononTF 0.00270273 2.25366 1.16908 0.0321389 1569.07 0.00069486 1 -0.0947487 -0.221178 0.05 20334.8
0 4295 3 phononTS 0.00190097 2.17998 -0.143989 0.0404595 1001.17 0.00069486 1 -0.04113 -0.298932 0.05 55480.2
0 4295 9 phononTS 0.000413213 -0.04113 -0.298932 0.049999 55480.2 0.00034743 1 -0.0896877 -0.186858 0.05 55851.9
0 4309 2 phononTS 0.00207647 1.74294 0.745866 -0.0085691 2.19109 0.00069486 1 0.0276812 -0.183821 0.05 4719.14
0 4317 3 phononTF 0.00190794 0.650786 2.7482 -0.0293268 16429 0.00069486 1 0.0753727 -0.127194 0.05 18474.2
0 4332 3 phononTS 0.00234835 0.25369 1.21336 0.0209036 8872.9 0.00034743 1 0.026701 -0.280824 0.05 22649.3
0 4335 4 phononTS 0.00114465 1.86135 -1.57546 0.0237156 15055.5 0.00034743 1 0.0755188 -0.202782 0.05 106902
0 4365 2 phononTF 0.00276491 1.4499 -0.389365 0.0125167 3593.05 0.00069486 1 -0.027738 -0.200081 0.05 11380.8
0 4383 1 phononTS 0.004 1.75 0.75 0 0 0.00104229 1 -0.0362675 -0.30618 0.05 1434.55
0 4383 7 phononTS 0.000555339 -0.0362675 -0.30618 0.049999 1434.55 0.00034743 1 -0.0758893 -0.276803 0.05 7985.47
0 4383 6 phononTS 0.000690664 -0.0362675 -0.30618 0.049999 1434.55 0.00034743 1 0.0988391 -0.188112 0.05 1694.62
0 4420 3 phononTS 0.00252777 2.32137 2.76248 0.0154449 3693.81 0.00104229 1 -0.0777965 -0.163798 0.05 31309
0 4422 3 phononTS 0.000449339 3.20258 -0.000517957 0.049999 1425.4 0.00034743 1 -0.0423297 -0.291807 0.05 51209.2
0 4440 3 phononTS 0.00185435 2.68906 0.224608 -0.01622 4961.62 0.00069486 1 0.0172313 -0.232123 0.05 48841.2
0 4441 2 phononTS 0.00137186 1.35608 0.19885 0.0417835 10191.5 0.00069486 1 0.0214409 -0.252215 0.05 83760.1
0 4455 2 phononTS 0.00265714 1.13664 0.717405 -0.00912595 1685.6 0.00104229 1 0.0777961 -0.169979 0.05 4612.13
0 4476 3 phononTF 0.00164868 0.549863 1.37111 0.005293 5686.93 0.00034743 1 0.0781172 -0.130287 0.05 23832
0 4488 2 phononTS 0.00073302 1.938 0.0931899 0.049999 1939.13 0.00034743 1 0.0411865 -0.224312 0.05 4920.19
0 4493 1 phononTF 0.004 1.75 0.75 0 0 0.00069486 1 -0.0387203 -0.240557 0.05 2070.4
0 4493 3 phononTF 0.00166549 -0.0387203 -0.240557 0.049999 2070.4 0.00034743 1 -0.0862334 -0.14449 0.05 2327.01
0 4496 2 phononTS 0.00249064 2.11304 0.774148 0.0322653 1018.95 0.00034743 1 -0.0214333 -0.194229 0.05 33243.8
0 4507 2 phononTS 0.0019894 1.82652 2.42754 0.0137537 10566.5 0.00034743 1 0.0720609 -0.138008 0.05 16602.8
0 4507 4 phononTS 0.000654596 0.0720609 -0.138008 0.049999 16602.8 0.00034743 1 0.0850557 -0.178107 0.05 16666.8
0 4568 3 phononTF 0.0012073 1.87091 0.676317 -0.0256454 352.392 0.00069486 1 -0.0508441 -0.293182 0.05 39654.6
0 4572 1 phononTF 0.004 1.75 0.75 0 0 0.00104229 1 -0.104999 -0.240433 0.05 13515.1
0 4584 2 phononTS 0.0018792 0.593959 0.478025 0.00265254 2648 0.00034743 1 0.0175351 -0.237921 0.05 6044.01
0 4584 5 phononTF 0.000648883 0.0175351 -0.237921 0.049999 6044.01 0.00034743 1 0.0338474 -0.0953468 0.05 6119.09
0 4584 4 phononTS 0.000409242 0.0175351 -0.237921 0.049999 6044.01 0.00034743 1 0.103368 -0.257738 0.05 6175.47
0 4592 2 phononL 0.00195589 1.79169 0.724176 -8.20947e-05 9.40665 0.00034743 1 0.119818 -0.201602 0.05 5109.36
0 4592 4 phononTF 0.000789033 0.119818 -0.201602 0.049999 5109.36 0.00034743 1 0.0604052 -0.18272 0.05 8587.83
0 4630 2 phononTF 0.0026124 1.18402 0.667174 0.0384535 4020.79 0.00069486 1 0.0600028 -0.26654 0.05 12088.3
0 4649 2 phononTF 0.00086549 2.08853 0.0857811 0.049999 1218.54 0.00034743 1 -0.0619772 -0.162218 0.05 2921.26
0 4671 4 phononTS 0.000737293 0.698464 0.0987731 0.049999 3432.49 0.00034743 1 0.0250175 -0.275873 0.05 3875.41
0 4674 2 phononTF 0.00219291 2.38179 0.94745 -0.0296352 2028.75 0.00034743 1 -0.0407451 -0.301473 0.05 50693.7
0 4674 4 phononTF 0.000558409 -0.0407451 -0.301473 0.049999 50693.7 0.00034743 1 -0.0258855 -0.148866 0.05 51240.8
0 4678 1 phononTF 0.004 1.75 0.75 0 0 0.00034743 1 0.028495 -0.297686 0.05 5276.53
0 4679 2 phononTS 0.000512114 -0.201599 0.102909 0.049999 10987.7 0.00034743 1 0.117248 -0.22327 0.05 13299.6
0 4693 2 phononTS 0.00204059 1.75225 0.621252 0.0203301 34.2654 0.00104229 1 0.060439 -0.181431 0.05 5306.75
0 4758 2 phononTS 0.00194993 1.33076 0.199307 0.018702 1572.28 0.00034743 1 -0.0303027 -0.131436 0.05 5327.99
0 4820 3 phononTS 0.00293848 1.69675 0.456451 -0.0226971 3767.52 0.00104229 1 -0.0702857 -0.263731 0.05 19896.8
0 4820 15 phononTF 0.000713529 -0.0702857 -0.263731 0.049999 19896.8 0.00034743 1 0.065292 -0.14292 0.05 19989.5
0 4821 3 phononTS 0.00179706 1.66011 -0.569336 -3.85209e-05 9291.84 0.00069486 1 0.0826384 -0.131675 0.05 35533.1
0 4851 2 phononTS 0.00190712 2.2302 1.67484 -0.0353871 6028.58 0.00069486 1 0.0800549 -0.27362 0.05 34347.2
0 4916 3 phononTS 0.00364432 1.49963 0.417288 -0.0469153 183.3 0.00034743 1 -0.0564503 -0.118292 0.05 17974.6
0 4916 5 phononTF 0.00139088 -0.0564503 -0.118292 0.049999 17974.6 0.00034743 1 0.0326249 -0.264913 0.05 19761.3
0 4924 2 phononTS 0.00197606 -0.379363 -0.218284 0.00945119 14456.1 0.00069486 1 -0.0489039 -0.1003 0.05 17943.2
0 4934 2 phononL 0.002282 1.8775 1.15263 -0.0375813 336.36 0.00034743 1 0.0455552 -0.156227 0.05 32576.3
0 4944 3 phononTS 0.00231413 2.14267 0.629376 -0.0403274 1010.11 0.00069486 1 -0.0573834 -0.245501 0.05 6656.53
0 4944 5 phononTF 0.000878303 -0.0573834 -0.245501 0.049999 6656.53 0.00034743 1 -0.10704 -0.227446 0.05 6724.94
0 4959 3 phononTS 0.0025501 1.52715 0.885424 0.0132108 2940.05 0.00034743 1 0.105821 -0.198141 0.05 25554.3
0 4976 2 phononTS 0.000892748 1.23821 0.20739 0.0457293 2033.1 0.00034743 1 -0.101312 -0.254288 0.05 17450.1
0 4988 2 phononTS 0.000992094 1.95519 0.476399 0.0141474 3071.13 0.00034743 1 -0.0304824 -0.119243 0.05 43393.2
0 4999 5 phononTS 0.00131598 -0.0951016 3.36739 -0.0309447 9863.8 0.00034743 1 0.0812836 -0.12897 0.05 87021.1
