Run ID,Event ID,Track ID,Particle Name,Start Energy [eV],Start X [mm],Start Y [mm],Start Z [mm],Start Time [ns],Energy Deposited [eV],Track Weight,End X [mm],End Y [mm],End Z [mm],Final Time [ns],Volume Name
0 16 2 phononL 0.00173238 -0.391053 -0.842176 0.0105047 603.496 0.00069486 1 0.0192362 -0.212518 0.05 943.832
0 16 9 phononTS 0.000437849 0.0192362 -0.212518 0.049999 943.832 0.00034743 1 -0.0917557 -0.137073 0.05 75596.3
0 20 1 phononTS 0.004 -0.75 -0.25 0 0 0.00104229 1 -0.025355 -0.247524 0.05 1112.02
0 36 3 phononTF 0.00260082 -0.422089 -0.169829 -0.00825389 5322.35 0.00104229 1 0.0335853 -0.249529 0.05 5697.58
0 39 2 phononTF 0.00188248 -1.36533 -0.463981 -0.0349589 2917.98 0.00069486 1 0.115739 -0.175039 0.05 17103
0 42 1 phononTF 0.004 -0.75 -0.25 0 0 0.00034743 1 -0.0352087 -0.26059 0.05 2338.05
0 42 2 phononTF 0.000404397 -0.0352087 -0.26059 0.049999 2338.05 0.00034743 1 -0.100157 -0.206841 0.05 2478.49
0 46 1 phononTS 0.004 -0.75 -0.25 0 0 0.00034743 1 0.0508968 -0.14359 0.05 627.968
0 49 2 phononTS 0.00278593 -0.554353 0.814042 0.00603759 3935.95 0.00069486 1 -0.0300336 -0.14908 0.05 5690.87
0 51 4 phononTS 0.000783393 -0.367921 0.0867858 0.049999 907.346 0.00034743 1 0.110312 -0.210242 0.05 1447.92
0 81 1 phononTS 0.004 -0.75 -0.25 0 0 0.00034743 1 -0.0605569 -0.201553 0.05 1316.84
0 83 2 phononL 0.0014313 -1.19132 -1.57315 0.00191554 3394.13 0.00034743 1 0.0513866 -0.120943 0.05 28679.7
0 91 1 phononTS 0.004 -0.75 -0.25 0 0 0.00034743 1 -0.0607827 -0.297001 0.05 779.742
0 119 1 phononTS 0.004 -0.75 -0.25 0 0 0.00138972 1 -0.0401095 -0.151975 0.05 651.059
0 133 2 phononTS 0.00182966 -1.3453 1.81491 0.0166985 11522 0.00034743 1 -0.105674 -0.204539 0.05 48897.3
0 134 3 phononTF 0.00199266 -0.285728 -0.354703 0.0263398 7053.67 0.00034743 1 0.0124429 -0.220583 0.05 9074.28
0 141 3 phononTF 0.000399523 -0.673674 0.0498584 0.049999 530.669 0.00034743 1 0.0625085 -0.232147 0.05 1672.13
0 173 1 phononTF 0.004 -0.75 -0.25 0 0 0.00138972 1 -0.0432741 -0.226783 0.05 1310.81
0 177 3 phononTS 0.00200152 -0.498125 -0.09596 0.0453838 731.501 0.00069486 1 -0.0568468 -0.189028 0.05 1367.99
0 179 3 phononTS 0.00285831 -0.675697 -0.325674 -0.0229618 391.177 0.00034743 1 -0.0691643 -0.292376 0.05 9829.95
0 179 6 phononTS 0.000907755 -0.0691643 -0.292376 0.049999 9829.95 0.00069486 1 -0.0300316 -0.287694 0.05 118852
0 185 1 phononTS 0.004 -0.75 -0.25 0 0 0.00104229 1 0.0720189 -0.219739 0.05 5614.84
0 188 2 phononTS 0.000833611 -0.919669 -2.13521 -0.0425417 9138.29 0.00034743 1 0.0441926 -0.143843 0.05 15286.5
0 201 1 phononTF 0.004 -0.75 -0.25 0 0 0.00104229 1 -0.0633273 -0.214075 0.05 2194.47
0 213 4 phononL 0.000755212 0.862304 -0.46105 0.0315353 16652.2 0.00034743 1 0.0414163 -0.141494 0.05 18589.6
0 225 2 phononTS 0.0018228 -0.286849 -0.182565 0.00316223 5752.59 0.00069486 1 -0.0295276 -0.275868 0.05 6735.81
0 228 7 phononTF 0.00124532 -4.5549 -4.42131 0.0347028 30644.2 0.00034743 1 -0.0503261 -0.246249 0.05 59704.3
0 234 2 phononL 0.00170455 -0.691716 -0.219747 -0.00496816 1375.52 0.00104229 1 -0.0153991 -0.193256 0.05 14874.2
0 237 3 phononTS 0.00210078 -0.620553 -0.229809 0.0459913 1559.1 0.00069486 1 -0.0644086 -0.290462 0.05 2343.9
0 250 1 phononTS 0.004 -0.75 -0.25 0 0 0.00034743 1 0.0309865 -0.140526 0.05 1112.48
0 250 4 phononTF 0.000764006 0.0309865 -0.140526 0.049999 1112.48 0.00034743 1 -0.0252417 -0.125205 0.05 1286.58
0 259 1 phononTF 0.004 -0.75 -0.25 0 0 0.00069486 1 0.0382269 -0.222146 0.05 3140.86
0 259 5 phononTF 0.00056687 0.0382269 -0.222146 0.049999 3140.86 0.00034743 1 0.0429396 -0.255328 0.05 3463.03
0 262 3 phononTS 0.00299644 -0.809314 -0.164099 -0.0414291 42.5184 0.00138972 1 -0.0197316 -0.141808 0.05 1868.65
0 262 4 phononTS 0.000994882 -0.0197316 -0.141808 0.049999 1868.65 0.00034743 1 -0.0364673 -0.22588 0.05 2003.75
0 270 1 phononTF 0.004 -0.75 -0.25 0 0 0.00034743 1 -0.0884887 -0.219041 0.05 1188.72
0 270 3 phononTF 0.000801272 -0.0884887 -0.219041 0.049999 1188.72 0.00034743 1 -0.0378545 -0.196443 0.05 1248.62
0 280 2 phononTS 0.000815 0.0256934 -0.284353 -0.0231618 1133.51 0.00034743 1 -0.0731903 -0.182053 0.05 1746.23
0 281 7 phononTS 0.000922846 -3.86005 -1.9985 0.0400455 28747.7 0.00034743 1 -0.0165575 -0.20524 0.05 87529.9
0 284 1 phononL 0.004 -0.75 -0.25 0 0 0.00138972 1 0.0535228 -0.180578 0.05 1645.73
0 296 2 phononTF 0.00219723 -0.95291 0.418796 0.00158604 967.417 0.00034743 1 -0.0728148 -0.274406 0.05 6848.08
0 296 6 phononTS 0.00154318 -0.0728148 -0.274406 0.049999 6848.08 0.00069486 1 0.0511153 -0.156201 0.05 7105.5
0 300 2 phononTS 0.00243917 -1.82368 -1.09261 0.0311769 4557.49 0.00069486 1 0.0130642 -0.219993 0.05 10172.1
0 354 2 phononTS 0.000755103 -0.615981 0.0215632 0.049999 1383.19 0.00034743 1 -0.0236069 -0.173313 0.05 2338.69
0 357 3 phononTS 0.00286085 -4.4211 -0.885246 0.0123261 22683.6 0.00034743 1 0.0820657 -0.232484 0.05 50930.5
0 359 2 phononTF 0.00227442 0.431913 -0.94618 -0.0196985 1139.21 0.00034743 1 -0.0368761 -0.241058 0.05 5568.09
0 359 5 phononTS 0.00067368 -0.0368761 -0.241058 0.049999 5568.09 0.00034743 1 -0.0738526 -0.155617 0.05 5668.14
0 367 2 phononTS 0.00226822 -0.619389 -0.905157 -0.0320083 1758.78 0.00069486 1 -0.100747 -0.250196 0.05 3215.7
0 367 9 phononTS 0.000615861 -0.100747 -0.250196 0.049999 3215.7 0.00034743 1 -0.0419885 -0.236943 0.05 3287.38
0 379 1 phononTF 0.004 -0.75 -0.25 0 0 0.00138972 1 0.0921157 -0.257123 0.05 2985.22
0 395 2 phononTS 0.00273458 -0.338454 -0.530402 0.00604959 709.338 0.00104229 1 -0.116358 -0.190353 0.05 8066.82
0 403 3 phononTF 0.000406204 -0.865759 0.0704731 0.049999 1473.77 0.00034743 1 0.0282167 -0.199855 0.05 10975.8
0 409 1 phononTS 0.004 -0.75 -0.25 0 0 0.00069486 1 0.0619743 -0.178652 0.05 614.35
0 419 2 phononTS 0.00199862 -0.621016 0.736245 -0.0186727 5876.8 0.00034743 1 -0.0465821 -0.184011 0.05 7289.02
0 419 4 phononTS 0.000363368 -0.0465821 -0.184011 0.049999 7289.02 0.00034743 1 -0.0387172 -0.169087 0.05 7346.12
0 425 1 phononL 0.004 -0.75 -0.25 0 0 0.00104229 1 -0.0478655 -0.156265 0.05 2186.09
0 425 8 phononL 0.000395168 -0.0478655 -0.156265 0.049999 2186.09 0.00034743 1 0.0254915 -0.185647 0.05 2236.07
0 425 7 phononTF 0.000992447 -0.0478655 -0.156265 0.049999 2186.09 0.00034743 1 0.0868732 -0.275351 0.05 2778.05
0 433 2 phononTS 0.000619872 -0.603836 0.0206196 0.049999 2764.8 0.00034743 1 -0.102968 -0.233521 0.05 3130.03
0 440 4 phononTF 0.000771046 -2.05952 0.0912973 0.049999 1734.66 0.00034743 1 -0.063634 -0.261673 0.05 4059.4
0 461 1 phononL 0.004 -0.75 -0.25 0 0 0.00138972 1 0.102604 -0.210838 0.05 3098.92
0 461 9 phononTS 0.00129764 0.102604 -0.210838 0.049999 3098.92 0.00034743 1 0.031052 -0.148178 0.05 3170.92
0 478 5 phononL 0.000878645 4.85142 -4.68236 0.0123926 24294.4 0.00034743 1 -0.0187514 -0.18858 0.05 35821.1
0 482 2 phononTS 0.00224978 -0.654254 -0.362014 -0.024428 612.413 0.00034743 1 0.0901864 -0.147203 0.05 25661.4
0 482 8 phononTS 0.0016106 0.0901864 -0.147203 0.049999 25661.4 0.00034743 1 0.0756704 -0.153779 0.05 25995.8
0 487 3 phononTS 0.000809927 -0.993535 0.0543273 0.049999 1255.95 0.00034743 1 -0.101619 -0.17793 0.05 1916.27
0 491 1 phononTS 0.004 -0.75 -0.25 0 0 0.00034743 1 -0.106433 -0.208271 0.05 762.317
0 491 3 phononTS 0.000360509 -0.106433 -0.208271 0.049999 762.317 0.00034743 1 -0.0546258 -0.18773 0.05 1117.14
0 491 2 phononL 0.00206395 -0.106433 -0.208271 0.049999 762.317 0.00069486 1 0.107087 -0.189543 0.05 917.195
0 491 12 phononL 0.000859394 0.107087 -0.189543 0.049999 917.195 0.00034743 1 -0.0499718 -0.153493 0.05 981.847
0 496 3 phononTS 0.000797103 -0.251757 0.027666 0.049999 5184.88 0.00034743 1 0.0944918 -0.236464 0.05 5804.45
0 499 5 phononTF 0.000432703 -0.60905 0.0325549 0.049999 853.851 0.00034743 1 -0.097285 -0.176251 0.05 1654.05
0 500 3 phononTS 0.00226303 -1.887 -0.516907 -0.015596 4751.48 0.00034743 1 -0.093955 -0.216208 0.05 16207.2
0 500 5 phononTS 0.00149592 -0.093955 -0.216208 0.049999 16207.2 0.00034743 1 -0.0625609 -0.260635 0.05 16680.3
0 506 3 phononTF 0.00176764 -0.384511 0.15102 0.000199119 1366.29 0.00034743 1 -0.0398846 -0.128044 0.05 1642.26
0 506 2 phononTF 0.00223236 -0.384511 0.15102 0.000199119 1366.29 0.00034743 1 0.0732394 -0.238633 0.05 2368.69
0 506 11 phononTS 0.00116537 0.0732394 -0.238633 0.049999 2368.69 0.00069486 1 -0.104515 -0.155498 0.05 6655.01
0 506 10 phononTS 0.000695997 0.0732394 -0.238633 0.049999 2368.69 0.00034743 1 0.0244246 -0.127448 0.05 2873.53
0 519 2 phononL 0.000706557 -0.903481 0.0432548 0.049998 912.865 0.00034743 1 -0.0743685 -0.199505 0.05 3319.16
0 522 1 phononTF 0.004 -0.75 -0.25 0 0 0.00173715 1 -0.0722628 -0.244841 0.05 1292.97
0 522 12 phononTF 0.000990665 -0.0722628 -0.244841 0.049998 1292.97 0.00034743 1 -0.0723326 -0.215025 0.05 1349.97
0 522 2 phononTF 0.000347651 -0.0722628 -0.244841 0.049998 1292.97 0.00034743 1 0.0964515 -0.209253 0.05 2134.36
0 536 1 phononTS 0.004 -0.75 -0.25 0 0 0.00069486 1 0.044293 -0.178995 0.05 2621.29
0 542 5 phononTS 0.000788934 -0.860352 0.0310191 0.049999 1518.24 0.00034743 1 -0.0640199 -0.13186 0.05 23594.8
0 568 1 phononTS 0.004 -0.75 -0.25 0 0 0.00138972 1 0.0537824 -0.153084 0.05 3559.92
0 571 5 phononTF 0.00136092 -0.0774515 4.29142 0.0428376 69700.5 0.00104229 1 0.0697088 -0.123392 0.05 100115
0 614 1 phononTF 0.004 -0.75 -0.25 0 0 0.00138972 1 -0.0979342 -0.22559 0.05 6807.4
0 629 2 phononTS 0.00259479 -0.235026 -1.13523 0.0402323 3076.23 0.00069486 1 0.0421782 -0.241973 0.05 4424.73
0 629 4 phononTF 0.000912257 0.0421782 -0.241973 0.049999 4424.73 0.00069486 1 -0.0507013 -0.170672 0.05 4592.15
0 649 3 phononTS 0.00214473 -0.63511 -0.041673 -0.0343931 2780.26 0.00104229 1 0.0355162 -0.218276 0.05 4697.8
0 649 12 phononL 0.000438035 0.0355162 -0.218276 0.049999 4697.8 0.00034743 1 -0.0641793 -0.179226 0.05 4788.8
0 673 4 phononTF 0.000794961 -0.953931 -0.00366486 0.049999 791.974 0.00034743 1 -0.0357194 -0.183771 0.05 65572.2
0 684 4 phononTF 0.000860448 2.07071 -0.525421 0.0407309 10510.4 0.00034743 1 0.044194 -0.215947 0.05 46149.5
0 722 2 phononTF 0.00214653 -0.58726 -0.683008 -0.0348219 373.382 0.00138972 1 0.0352766 -0.158385 0.05 1983.25
0 736 1 phononTF 0.004 -0.75 -0.25 0 0 0.00034743 1 0.0656099 -0.105589 0.05 673.738
0 736 2 phononTF 0.00248407 0.0656099 -0.105589 0.049999 673.738 0.00034743 1 0.0708355 -0.150231 0.05 761.553
0 744 3 phononL 0.00148291 -0.666798 -0.0536845 -0.0224174 230.501 0.00069486 1 0.0981187 -0.138841 0.05 6432.34
0 745 2 phononTS 0.00221258 -1.26852 -0.482533 0.0218173 758.473 0.00069486 1 -0.0556693 -0.230251 0.05 15288.6
0 757 1 phononTF 0.004 -0.75 -0.25 0 0 0.00034743 1 -0.0671363 -0.172945 0.05 2099.08
0 761 1 phononTS 0.004 -0.75 -0.25 0 0 0.00138972 1 0.078534 -0.15378 0.05 5766.17
0 768 2 phononTS 0.00275556 0.283891 -0.959177 0.021259 5644.54 0.00034743 1 0.0214118 -0.207954 0.05 31838.2
0 787 2 phononTS 0.000741116 -0.96074 0.0449516 0.049999 441.924 0.00034743 1 0.0800707 -0.127991 0.05 2747.78
0 794 3 phononTF 0.00163209 0.860001 -0.799375 0.04885 7879.45 0.00034743 1 0.0307671 -0.264175 0.05 9319.89
0 808 3 phononTS 0.00288931 -0.670883 0.184418 0.0233223 659.029 0.00104229 1 -0.0678839 -0.216286 0.05 5398.89
0 818 1 phononTF 0.004 -0.75 -0.25 0 0 0.00034743 1 -0.0519035 -0.283248 0.05 1931.14
0 818 5 phononTS 0.00100359 -0.0519035 -0.283248 0.049999 1931.14 0.00034743 1 0.0479281 -0.288653 0.05 2065.72
0 818 3 phononTS 0.00171065 -0.0519035 -0.283248 0.049999 1931.14 0.00034743 1 -0.0424129 -0.291025 0.05 1990.33
0 818 16 phononTF 0.000981024 -0.0424129 -0.291025 0.049999 1990.33 0.00034743 1 0.0176468 -0.243313 0.05 2060.2
0 834 3 phononTS 0.00268819 -1.83368 -3.90681 0.00763268 19834.1 0.00069486 1 -0.0303163 -0.226326 0.05 34594.5
0 834 4 phononTF 0.00096328 -0.0303163 -0.226326 0.049999 34594.5 0.00034743 1 -0.0301901 -0.1363 0.05 34666.8
0 844 1 phononTS 0.004 -0.75 -0.25 0 0 0.00034743 1 -0.0810177 -0.279689 0.05 2485.34
0 844 3 phononTF 0.00122291 -0.0810177 -0.279689 0.049999 2485.34 0.00034743 1 -0.0641118 -0.252328 0.05 2543.03
0 844 10 phononTS 0.000700686 -0.0641118 -0.252328 0.049999 2543.03 0.00034743 1 -0.086024 -0.227494 0.05 2606.27
0 845 5 phononTF 0.00143636 -4.58516 -2.07185 0.0248155 46837.9 0.00034743 1 -0.0906562 -0.147794 0.05 59554.6
0 853 1 phononTS 0.004 -0.75 -0.25 0 0 0.00069486 1 -0.112208 -0.227036 0.05 5150.32
0 855 2 phononTS 0.00209422 -0.912762 1.51696 0.0013116 6574.28 0.00034743 1 0.117851 -0.216917 0.05 19111.8
0 857 1 phononTF 0.004 -0.75 -0.25 0 0 0.00034743 1 -0.0686376 -0.164438 0.05 3051.63
0 857 5 phononTS 0.000959139 -0.0686376 -0.164438 0.049999 3051.63 0.00034743 1 -0.0733278 -0.166792 0.05 3169.48
0 864 1 phononTS 0.004 -0.75 -0.25 0 0 0.00138972 1 -0.114066 -0.176221 0.05 1224.46
0 889 2 phononTS 0.00149093 0.7739 -2.46108 -0.0479901 8297.9 0.00069486 1 -0.0278785 -0.199626 0.05 49307.5
0 912 6 phononL 0.000470296 -1.70824 0.0981811 0.049998 2573.38 0.00034743 1 0.00881684 -0.202713 0.05 3372.64
0 924 4 phononTS 0.000804382 -0.160144 0.0157925 0.049999 1632.52 0.00034743 1 -0.0321703 -0.136534 0.05 1803.02
0 927 1 phononL 0.004 -0.75 -0.25 0 0 0.00104229 1 0.0374143 -0.29183 0.05 2177.81
0 927 7 phononL 0.000548172 0.0374143 -0.29183 0.049998 2177.81 0.00034743 1 -0.0785264 -0.254307 0.05 2345.03
0 929 3 phononTS 0.00257964 -0.705455 -0.298043 0.00103342 126.42 0.00034743 1 0.0378663 -0.304932 0.05 762.211
0 929 4 phononTS 0.000947607 0.0378663 -0.304932 0.049999 762.211 0.00034743 1 0.0803548 -0.167863 0.05 853.52
0 933 4 phononTF 0.00069408 -0.804548 0.0152112 0.049999 549.817 0.00034743 1 -0.0964636 -0.165162 0.05 28042.8
0 942 1 phononTF 0.004 -0.75 -0.25 0 0 0.00104229 1 -0.055869 -0.290568 0.05 677.166
0 962 2 phononTS 0.00236273 -0.317506 -1.74452 0.0286634 4760.49 0.00069486 1 0.0408447 -0.248049 0.05 8606.76
0 971 4 phononTS 0.000692585 -0.522194 0.0386062 0.049999 288.513 0.00034743 1 -0.0974495 -0.265561 0.05 32256.3
0 977 4 phononTF 0.000622827 -0.950738 0.0453196 0.049999 144.181 0.00034743 1 -0.0374781 -0.163132 0.05 763.045
0 986 3 phononTF 0.000643059 0.220126 0.080391 0.049999 7965.67 0.00034743 1 0.0691881 -0.226334 0.05 8151.79
0 991 3 phononTF 0.0023023 -0.354272 -0.409071 0.049715 2440.32 0.00069486 1 -0.0212654 -0.175488 0.05 3221.21
0 992 3 phononL 0.000864242 -1.52062 0.0374409 0.049999 3429.15 0.00034743 1 0.115583 -0.190348 0.05 5792.25
0 994 1 phononTS 0.004 -0.75 -0.25 0 0 0.00138972 1 -0.11852 -0.186845 0.05 1880.28
0 997 3 phononTF 0.000665178 -0.910545 0.0611521 0.049999 1472.25 0.00034743 1 -0.0404817 -0.168934 0.05 12378
0 998 3 phononTS 0.00204217 -1.48355 -1.30313 0.0491469 10454.4 0.00034743 1 0.052004 -0.254647 0.05 11562.9
0 1000 1 phononTF 0.004 -0.75 -0.25 0 0 0.00104229 1 0.0222905 -0.226908 0.05 2430.04
0 1029 3 phononTS 0.00135548 -1.27367 -0.723878 0.0400829 3330.94 0.00069486 1 -0.0252403 -0.239559 0.05 32162.6
0 1029 2 phononL 0.00264452 -1.27367 -0.723878 0.0400829 3330.94 0.00069486 1 -0.100802 -0.25538 0.05 40241.2
0 1030 1 phononTS 0.004 -0.75 -0.25 0 0 0.00104229 1 -0.0912739 -0.17604 0.05 2721.94
0 1030 8 phononL 0.00185975 -0.0912739 -0.17604 0.049999 2721.94 0.00069486 1 -0.0684456 -0.19878 0.05 3391.89
0 1030 2 phononTF 0.000577137 -0.0912739 -0.17604 0.049999 2721.94 0.00034743 1 0.0193337 -0.187619 0.05 2916.5
0 1031 2 phononTF 0.000860735 -0.287479 0.042082 0.049999 2995.79 0.00034743 1 -0.0529808 -0.231246 0.05 3328.91
0 1032 1 phononTS 0.004 -0.75 -0.25 0 0 0.00034743 1 -0.030767 -0.0998337 0.05 7655.47
0 1032 2 phononTS 0.00166643 -0.030767 -0.0998337 0.049999 7655.47 0.00034743 1 -0.0349917 -0.116472 0.05 7717.38
0 1042 3 phononTS 0.00262539 -0.536351 -0.791344 -0.044534 1766.44 0.00069486 1 -0.0893498 -0.188034 0.05 6006.15
0 1045 3 phononTS 0.00162701 -1.41979 1.84787 -0.0151119 8452.01 0.00034743 1 0.0621642 -0.175811 0.05 12200.9
0 1059 4 phononTS 0.00170212 -0.455254 -1.77817 -0.0204608 13029.7 0.00034743 1 -0.0372984 -0.273253 0.05 14597.8
0 1060 3 phononTF 0.00226039 -1.26936 0.341823 -0.0291537 7693.1 0.00034743 1 0.050746 -0.194627 0.05 15933.6
0 1060 4 phononTS 0.000556024 0.050746 -0.194627 0.049999 15933.6 0.00034743 1 0.0482319 -0.151742 0.05 16085.9
0 1091 1 phononTF 0.004 -0.75 -0.25 0 0 0.00138972 1 -0.106114 -0.212411 0.05 1885.24
0 1091 5 phononTS 0.000846849 -0.106114 -0.212411 0.049999 1885.24 0.00034743 1 -0.0976326 -0.195574 0.05 1959.55
0 1095 1 phononL 0.004 -0.75 -0.25 0 0 0.00069486 1 -0.110368 -0.195236 0.05 2711.14
0 1098 2 phononTS 0.00222632 -0.76817 -0.404011 -0.0348989 216.363 0.00034743 1 0.0487911 -0.098813 0.05 10203.6
0 1098 9 phononL 0.000989099 -1.06279 0.245405 -0.0488968 11842.8 0.00069486 1 0.0787002 -0.283336 0.05 168901
0 1101 1 phononTS 0.004 -0.75 -0.25 0 0 0.00104229 1 -0.115781 -0.173338 0.05 707.364
0 1101 8 phononTS 0.0012346 -0.115781 -0.173338 0.049999 707.364 0.00034743 1 -0.0877301 -0.275218 0.05 790.727
0 1152 3 phononTS 0.000505056 -0.265402 0.0297214 0.049998 1512.5 0.00034743 1 0.0740354 -0.141199 0.05 1959.91
0 1183 3 phononTF 0.00200915 -0.708016 -0.238647 0.0324344 19.4324 0.00034743 1 -0.0425587 -0.180527 0.05 5316.8
0 1183 9 phononTS 0.00124696 0.361586 4.68255 -0.0103584 10392.5 0.00069486 1 -0.0982539 -0.13615 0.05 23231.9
0 1199 2 phononTF 0.00188586 -0.206263 -1.11356 -0.0411593 1718.82 0.00034743 1 -0.0930653 -0.265614 0.05 2636.62
0 1199 5 phononTS 0.000361802 -0.0930653 -0.265614 0.049999 2636.62 0.00034743 1 -0.0336639 -0.227793 0.05 3547.56
0 1222 3 phononTF 0.00216892 -0.543366 -0.209151 -0.0396183 2424.46 0.00069486 1 0.0615511 -0.115845 0.05 2956.75
0 1232 1 phononTF 0.004 -0.75 -0.25 0 0 0.00034743 1 -0.0834102 -0.256212 0.05 4210.04
0 1232 3 phononTF 0.00217795 -0.0834102 -0.256212 0.049999 4210.04 0.00069486 1 0.0508807 -0.293478 0.05 4813.07
0 1236 1 phononTS 0.004 -0.75 -0.25 0 0 0.00069486 1 -0.0343802 -0.26033 0.05 1033.01
0 1251 1 phononTF 0.004 -0.75 -0.25 0 0 0.00138972 1 -0.0465538 -0.197564 0.05 823.417
0 1253 2 phononTS 0.00147038 -0.795878 -0.218224 -0.00932499 10.7095 0.00034743 1 -0.104203 -0.154156 0.05 423.513
0 1256 2 phononL 0.0014511 -2.03984 1.25699 0.0084868 6331.46 0.00034743 1 0.0532393 -0.114191 0.05 20931.8
0 1271 2 phononTS 0.00183115 -2.01215 -2.84244 0.0032435 10057.4 0.00034743 1 -0.0574379 -0.218179 0.05 14206.5
0 1296 1 phononTS 0.004 -0.75 -0.25 0 0 0.00034743 1 -0.0392162 -0.1749 0.05 1040.63
0 1297 2 phononL 0.00279645 -0.749016 -0.258264 0.0130301 2.95801 0.00034743 1 -0.116377 -0.201089 0.05 1571
0 1297 4 phononL 0.00149839 -0.116377 -0.201089 0.049999 1571 0.00069486 1 -0.102954 -0.239656 0.05 1629.07
0 1297 10 phononTF 0.000667799 -0.102954 -0.239656 0.049999 1629.07 0.00034743 1 0.0603582 -0.254727 0.05 1771.82
0 1299 2 phononTF 0.00260645 -0.29721 -0.133469 0.0218959 1976.55 0.00034743 1 -0.114404 -0.219312 0.05 4488.25
0 1304 5 phononTF 0.000647125 -0.101489 0.0765627 0.049998 1273.18 0.00034743 1 -0.0530796 -0.206479 0.05 1760.67
0 1310 2 phononTF 0.00180341 1.10192 -1.00003 -0.0464112 8524.09 0.00034743 1 -0.0876951 -0.162531 0.05 146437
0 1310 5 phononTS 0.00106085 -0.0876951 -0.162531 0.049999 146437 0.00034743 1 -0.0524435 -0.138702 0.05 146555
0 1322 1 phononTF 0.004 -0.75 -0.25 0 0 0.00069486 1 -0.0568736 -0.192101 0.05 4921.25
0 1322 3 phononTS 0.00106083 -0.0568736 -0.192101 0.049999 4921.25 0.00034743 1 -0.0829731 -0.217017 0.05 4982.43
0 1334 3 phononTF 0.00269789 0.674045 -0.247032 0.0364828 2849.11 0.00104229 1 -0.112219 -0.178812 0.05 4628.7
0 1334 4 phononTF 0.000779334 -0.112219 -0.178812 0.049999 4628.7 0.00034743 1 -0.0831632 -0.20243 0.05 15411.7
0 1336 3 phononTS 0.00213629 -0.313606 -0.263158 0.037815 627.054 0.00104229 1 -0.0669419 -0.282283 0.05 755.761
0 1336 7 phononTS 0.000830775 -0.0669419 -0.282283 0.049999 755.761 0.00034743 1 -0.0516187 -0.271321 0.05 811.689
0 1360 1 phononTS 0.004 -0.75 -0.25 0 0 0.00034743 1 -0.0473574 -0.280471 0.05 3658.3
0 1363 3 phononTF 0.00132389 -0.307308 -0.0184302 0.000167474 607.301 0.00034743 1 0.0772935 -0.192105 0.05 2876.69
0 1370 1 phononL 0.004 -0.75 -0.25 0 0 0.00034743 1 0.066873 -0.1822 0.05 721.441
0 1370 2 phononTS 0.00147631 0.066873 -0.1822 0.049999 721.441 0.00069486 1 0.0454842 -0.135731 0.05 1711.86
0 1370 9 phononTS 0.000646625 0.0454842 -0.135731 0.049999 1711.86 0.00034743 1 -0.0109897 -0.201656 0.05 1787.41
0 1378 2 phononTS 0.00271782 -0.42667 -0.176084 0.00866111 187.489 0.00069486 1 -0.0928295 -0.236632 0.05 383.919
0 1378 6 phononTS 0.000460705 -0.0928295 -0.236632 0.049999 383.919 0.00034743 1 -0.0895028 -0.243987 0.05 439.834
0 1380 3 phononTF 0.00194523 -1.30818 -0.793121 0.0352169 493.715 0.00034743 1 -0.0637129 -0.104462 0.05 4214.45
0 1389 2 phononTS 0.00286588 -0.440402 -0.108551 0.00106301 230.9 0.00069486 1 -0.0849282 -0.258013 0.05 955.806
0 1390 1 phononTF 0.004 -0.75 -0.25 0 0 0.00069486 1 -0.0780466 -0.217178 0.05 1905.68
0 1390 3 phononTF 0.000866938 -0.0780466 -0.217178 0.049999 1905.68 0.00034743 1 -0.0509913 -0.125065 0.05 1970.4
0 1406 3 phononTS 0.00256823 -0.719489 -0.362759 0.0159895 1294.95 0.00069486 1 -0.0566354 -0.226782 0.05 12818.8
0 1408 2 phononTF 0.00134796 0.0761659 -0.935118 -0.022913 3967.41 0.00034743 1 -0.0180509 -0.222078 0.05 6680.79
0 1410 1 phononTS 0.004 -0.75 -0.25 0 0 0.00069486 1 0.107068 -0.214226 0.05 2043.93
0 1410 7 phononTF 0.000651504 0.107068 -0.214226 0.049999 2043.93 0.00034743 1 0.0428217 -0.251416 0.05 2211.94
0 1414 1 phononTS 0.004 -0.75 -0.25 0 0 0.00034743 1 0.0125763 -0.216841 0.05 8037.92
0 1417 1 phononTF 0.004 -0.75 -0.25 0 0 0.00104229 1 -0.0436369 -0.270549 0.05 827.63
0 1437 1 phononTF 0.004 -0.75 -0.25 0 0 0.00034743 1 0.0322404 -0.306369 0.05 1306.27
0 1437 5 phononTF 0.000676548 0.0322404 -0.306369 0.049999 1306.27 0.00034743 1 -0.0372789 -0.186082 0.05 1383.96
0 1437 2 phononTF 0.00240394 0.0322404 -0.306369 0.049999 1306.27 0.00138972 1 -0.0448767 -0.290535 0.05 1382.02
0 1439 1 phononTS 0.004 -0.75 -0.25 0 0 0.00104229 1 -0.0409183 -0.2061 0.05 1530.12
0 1446 3 phononTF 0.00219437 -1.18361 -0.656717 0.0281292 550.683 0.00069486 1 -0.0355054 -0.173711 0.05 48211.2
0 1446 5 phononTS 0.00100105 -0.0355054 -0.173711 0.049999 48211.2 0.00034743 1 -0.0241437 -0.148743 0.05 49071.9
0 1452 3 phononTS 0.00227531 -0.751132 -0.263128 0.0188524 4.37015 0.00104229 1 0.10152 -0.207451 0.05 18700.9
0 1461 3 phononTS 0.00270722 -0.726146 -0.223624 0.0138529 7.03354 0.00034743 1 0.0489404 -0.290257 0.05 22864.7
0 1464 3 phononTS 0.00155238 -0.02696 -0.467603 -0.0479535 1656.49 0.00069486 1 -0.0574538 -0.197614 0.05 1792.15
0 1482 3 phononTS 0.00252893 -0.49533 -1.04098 -0.014721 871.331 0.00069486 1 0.0323754 -0.299565 0.05 2416.21
0 1483 5 phononTF 0.00171351 -1.12055 -1.72155 0.00408718 2370.85 0.00034743 1 -0.0742553 -0.189933 0.05 36146.2
0 1483 6 phononTF 0.00064921 -0.0742553 -0.189933 0.049999 36146.2 0.00034743 1 -0.0373238 -0.220657 0.05 36208.3
0 1505 1 phononL 0.004 -0.75 -0.25 0 0 0.00104229 1 -0.0532287 -0.182477 0.05 3356.47
0 1508 5 phononTS 0.000598451 -0.381302 0.0987871 0.049999 334.913 0.00034743 1 0.0702684 -0.138642 0.05 1336.37
0 1509 1 phononL 0.004 -0.75 -0.25 0 0 0.00034743 1 0.0984329 -0.134717 0.05 2961.02
0 1513 1 phononL 0.004 -0.75 -0.25 0 0 0.00034743 1 -0.0535716 -0.132567 0.05 2205.88
0 1515 1 phononTS 0.004 -0.75 -0.25 0 0 0.00138972 1 0.0397537 -0.213599 0.05 888.434
0 1522 5 phononTF 0.00218363 -3.80978 3.6016 0.0112671 15167.3 0.00069486 1 -0.0869145 -0.126676 0.05 27400.5
0 1524 3 phononTS 0.000892041 -0.0888061 0.087691 0.049999 884.614 0.00034743 1 0.0652144 -0.221828 0.05 3076
0 1525 1 phononTF 0.004 -0.75 -0.25 0 0 0.00069486 1 -0.0429957 -0.184774 0.05 1855.06
0 1525 6 phononL 0.0016374 -0.0429957 -0.184774 0.049999 1855.06 0.00069486 1 -0.0554955 -0.21249 0.05 2017.93
0 1525 5 phononL 0.000922946 -0.0429957 -0.184774 0.049999 1855.06 0.00069486 1 -0.07064 -0.239162 0.05 1984.28
0 1526 3 phononTF 0.00158729 -0.590422 -0.178257 -0.00328882 410.215 0.00069486 1 0.0518434 -0.211018 0.05 1829.7
0 1533 1 phononTF 0.004 -0.75 -0.25 0 0 0.00104229 1 -0.0268093 -0.278778 0.05 1469.15
0 1544 2 phononL 0.0020711 -0.386222 0.34085 -0.0484817 717.064 0.00034743 1 0.0489556 -0.151702 0.05 1021.85
0 1544 4 phononTS 0.000542862 0.0489556 -0.151702 0.049999 1021.85 0.00034743 1 0.0396528 -0.138557 0.05 1082.07
0 1550 1 phononTS 0.004 -0.75 -0.25 0 0 0.00034743 1 -0.021881 -0.267313 0.05 3260.02
0 1554 4 phononTF 0.000830786 -0.827853 0.0952733 0.049999 375.674 0.00034743 1 -0.119675 -0.195676 0.05 1594.05
0 1554 6 phononTS 0.000379567 -0.119675 -0.195676 0.049999 1594.05 0.00034743 1 -0.0900775 -0.172228 0.05 1656.22
0 1558 5 phononTS 0.00155435 -0.0670372 0.168081 0.0100707 20863.7 0.00034743 1 -0.0567873 -0.262584 0.05 24029
0 1558 6 phononL 0.000455403 -0.0567873 -0.262584 0.049999 24029 0.00034743 1 -0.0572268 -0.230929 0.05 24312.3
0 1563 1 phononTS 0.004 -0.75 -0.25 0 0 0.00104229 1 -0.0641174 -0.198531 0.05 722.958
0 1563 9 phononTF 0.000925482 -0.0641174 -0.198531 0.049999 722.958 0.00034743 1 0.087094 -0.223477 0.05 953.547
0 1563 7 phononTF 0.00105991 -0.0641174 -0.198531 0.049999 722.958 0.00034743 1 0.100498 -0.144215 0.05 809.658
0 1563 5 phononTS 0.000508292 -0.0641174 -0.198531 0.049999 722.958 0.00034743 1 0.0293068 -0.290233 0.05 2863.86
0 1576 4 phononTS 0.000729686 -0.312033 0.0728943 0.049999 626.921 0.00034743 1 0.0686554 -0.24425 0.05 1674.18
0 1577 3 phononTS 0.00250782 -0.664738 -0.157125 0.0256712 2713.68 0.00034743 1 -0.0352443 -0.263504 0.05 7463.94
0 1577 4 phononTF 0.00113396 -0.0352443 -0.263504 0.049999 7463.94 0.00034743 1 -0.0691909 -0.264583 0.05 7689.08
0 1585 3 phononTF 0.00250968 -1.18806 0.477101 -0.042496 1992.59 0.00069486 1 0.0441154 -0.257111 0.05 28257.6
0 1607 1 phononL 0.004 -0.75 -0.25 0 0 0.00069486 1 0.0194625 -0.256542 0.05 5920.96
0 1607 2 phononTS 0.00183793 0.0194625 -0.256542 0.049999 5920.96 0.00034743 1 0.027209 -0.254548 0.05 6036.41
0 1607 16 phononL 0.000879227 0.027209 -0.254548 0.049999 6036.41 0.00034743 1 -0.0392489 -0.150467 0.05 6193.02
0 1612 1 phononTS 0.004 -0.75 -0.25 0 0 0.00069486 1 0.060718 -0.177109 0.05 459.461
0 1619 3 phononL 0.00102859 -0.7876 -0.248364 -0.0373497 9.92155 0.00034743 1 -0.0401879 -0.262622 0.05 1958.98
0 1627 1 phononTF 0.004 -0.75 -0.25 0 0 0.00069486 1 -0.073053 -0.200351 0.05 1689.1
0 1636 3 phononL 0.00235428 -0.736555 -0.455662 0.0279731 635.524 0.00069486 1 0.0883954 -0.268455 0.05 20581.5
0 1674 1 phononTF 0.004 -0.75 -0.25 0 0 0.00104229 1 -0.0511107 -0.0987679 0.05 1015.28
0 1674 12 phononL 0.000844223 -0.0511107 -0.0987679 0.049999 1015.28 0.00034743 1 -0.0535403 -0.123234 0.05 1241.85
0 1678 3 phononTS 0.00107869 -0.428248 -2.02587 0.0160554 8227.14 0.00034743 1 0.0707456 -0.238835 0.05 15013.9
0 1684 5 phononTS 0.00156343 -0.503801 2.95547 0.0190321 11885.2 0.00034743 1 -0.0719581 -0.267102 0.05 37902.6
0 1684 6 phononTF 0.00057807 -0.0719581 -0.267102 0.049999 37902.6 0.00034743 1 0.0581799 -0.251357 0.05 37976.9
0 1690 1 phononL 0.004 -0.75 -0.25 0 0 0.00069486 1 -0.0722463 -0.2396 0.05 353.874
0 1690 9 phononTF 0.00146985 -0.0722463 -0.2396 0.049999 353.874 0.00034743 1 0.0361654 -0.2587 0.05 419.629
0 1690 14 phononTF 0.00101694 0.0361654 -0.2587 0.049999 419.629 0.00034743 1 0.114739 -0.197885 0.05 487.727
0 1693 1 phononTF 0.004 -0.75 -0.25 0 0 0.00104229 1 0.0639447 -0.180402 0.05 617.909
0 1693 2 phononTS 0.00153745 0.0639447 -0.180402 0.049999 617.909 0.00104229 1 0.0611547 -0.189182 0.05 675.789
0 1694 3 phononTS 0.00237615 -0.313696 -0.0832551 -0.0284374 538.069 0.00069486 1 0.0356463 -0.100273 0.05 970.526
0 1696 3 phononTF 0.000516902 0.297199 0.0129525 0.049999 1558.85 0.00034743 1 0.054385 -0.148401 0.05 78932.2
0 1706 3 phononTS 0.00175952 -0.793772 -0.321955 0.0263515 3573.1 0.00034743 1 -0.024077 -0.242758 0.05 18881.6
0 1711 5 phononL 0.000592187 -0.0423609 0.0826548 0.049999 1902.45 0.00034743 1 -0.104873 -0.174014 0.05 3047.83
0 1714 2 phononTS 0.00260895 -1.016 0.156243 0.0240353 787.578 0.00034743 1 0.0462387 -0.118067 0.05 1666.03
0 1730 3 phononTF 0.00233696 0.315242 -0.43054 -0.00857877 4807.07 0.00104229 1 -0.0500755 -0.273878 0.05 27649.6
0 1730 4 phononL 0.000375843 -0.0500755 -0.273878 0.049999 27649.6 0.00034743 1 0.101848 -0.242424 0.05 27849.2
0 1739 4 phononTS 0.000405923 -0.85469 0.0648364 0.049999 1179.95 0.00034743 1 0.102185 -0.187453 0.05 100411
0 1740 2 phononTS 0.000918232 -0.20316 -0.0640366 -0.0274932 766.257 0.00069486 1 0.0733362 -0.196514 0.05 10826.3
0 1745 1 phononTS 0.004 -0.75 -0.25 0 0 0.00138972 1 0.107204 -0.247256 0.05 3752.13
0 1777 1 phononTF 0.004 -0.75 -0.25 0 0 0.00138972 1 -0.0913407 -0.248075 0.05 657.73
0 1804 2 phononTF 0.000877792 -0.756462 0.105952 0.049999 603.191 0.00034743 1 0.0949886 -0.252096 0.05 21978.4
0 1808 2 phononTF 0.000753401 -1.01516 0.032506 0.049999 2922.96 0.00034743 1 0.0200391 -0.208334 0.05 3389.19
0 1817 3 phononTS 0.00224871 -0.824096 -0.340037 -0.0375646 53.7064 0.00069486 1 0.0498722 -0.148325 0.05 2520.28
0 1841 3 phononTS 0.000585113 -0.687771 0.0714813 0.049999 273.859 0.00034743 1 -0.0814536 -0.251755 0.05 16829
0 1844 1 phononL 0.004 -0.75 -0.25 0 0 0.00104229 1 -0.0991631 -0.244371 0.05 386.028
0 1844 3 phononTS 0.00100522 -0.0991631 -0.244371 0.049999 386.028 0.00034743 1 0.053149 -0.253798 0.05 715.77
0 1844 19 phononTS 0.000547434 0.053149 -0.253798 0.049999 715.77 0.00034743 1 0.0522848 -0.11666 0.05 933.395
0 1844 2 phononTS 0.000600523 -0.0991631 -0.244371 0.049999 386.028 0.00034743 1 0.0290543 -0.230598 0.05 513.17
0 1849 4 phononL 0.000368119 -0.815094 0.0150762 0.049999 428.459 0.00034743 1 -0.0703909 -0.178002 0.05 1399.72
0 1872 2 phononTS 0.00263421 -0.540804 -0.552237 -0.00482746 939.131 0.00069486 1 -0.0726615 -0.187687 0.05 29595.7
0 1889 1 phononTF 0.004 -0.75 -0.25 0 0 0.00069486 1 0.0277529 -0.145475 0.05 1348.54
0 1911 2 phononL 0.00130858 -1.03586 -0.694448 -0.00773128 711.564 0.00034743 1 0.0865326 -0.210785 0.05 4271
0 1925 3 phononTF 0.00150747 -0.852653 3.51249 0.0303473 17512.5 0.00034743 1 0.0917887 -0.203771 0.05 46630.3
0 1925 2 phononTS 0.00249253 -0.852653 3.51249 0.0303473 17512.5 0.00069486 1 0.0513534 -0.222567 0.05 28700.9
0 1925 15 phononTF 0.00141643 0.0513534 -0.222567 0.049999 28700.9 0.00069486 1 0.0753573 -0.279017 0.05 28783.3
0 1932 2 phononTS 0.00049022 -0.776815 -0.268005 0.0133295 27.5315 0.00034743 1 -0.0147855 -0.174028 0.05 8477.91
0 1950 2 phononTS 0.00244518 -1.00017 -0.669116 -0.00862985 3155.92 0.00069486 1 -0.0535387 -0.231414 0.05 3577.11
0 1950 4 phononTS 0.000965059 -0.0535387 -0.231414 0.049999 3577.11 0.00034743 1 0.0785411 -0.165246 0.05 3910.39
0 1958 3 phononTF 0.000708773 -0.0713962 0.0743886 0.049999 888.672 0.00034743 1 0.0668645 -0.21899 0.05 1868.35
0 1965 2 phononL 0.0024883 -0.78847 -0.457356 -0.0317529 44.6824 0.00104229 1 -0.0750633 -0.24043 0.05 11351.3
0 1971 1 phononTS 0.004 -0.75 -0.25 0 0 0.00104229 1 0.0854111 -0.259113 0.05 9691.18
0 1974 1 phononTS 0.004 -0.75 -0.25 0 0 0.00069486 1 -0.0572771 -0.208541 0.05 1205.54
0 2008 1 phononTS 0.004 -0.75 -0.25 0 0 0.00104229 1 0.0469894 -0.137434 0.05 5480.19
0 2017 2 phononL 0.00246712 -0.9344 -0.819903 -0.0227235 2760.86 0.00069486 1 -0.036547 -0.143131 0.05 3971.53
0 2021 2 phononTF 0.00183964 -0.706454 -0.238557 0.0186453 43.7891 0.00034743 1 0.0677066 -0.244197 0.05 1517.8
0 2021 4 phononTS 0.000700449 0.0677066 -0.244197 0.049999 1517.8 0.00034743 1 -0.0321516 -0.258913 0.05 3096.45
0 2034 2 phononTF 0.00123087 -0.452809 -0.524267 0.0359816 1042.75 0.00034743 1 -0.0687472 -0.119004 0.05 1819.58
0 2037 1 phononL 0.004 -0.75 -0.25 0 0 0.00138972 1 0.0427571 -0.300216 0.05 1712.52
0 2043 4 phononTF 0.000906637 -1.67739 0.0138996 0.049999 2082 0.00034743 1 0.0372454 -0.124002 0.05 16176.5
0 2051 1 phononTS 0.004 -0.75 -0.25 0 0 0.00138972 1 -0.0900196 -0.19652 0.05 1249.62
0 2063 1 phononTF 0.004 -0.75 -0.25 0 0 0.00138972 1 0.0278204 -0.196563 0.05 1257.16
0 2071 1 phononTS 0.004 -0.75 -0.25 0 0 0.00069486 1 -0.115391 -0.223489 0.05 294.665
0 2071 8 phononTS 0.00141429 -0.115391 -0.223489 0.049999 294.665 0.00069486 1 -0.0877446 -0.241771 0.05 358.761
0 2089 5 phononL 0.00221203 1.12375 -2.44609 -0.0109001 7361.38 0.00034743 1 -0.0404666 -0.131488 0.05 14642
0 2109 3 phononTS 0.00289815 -0.568632 -0.0807294 -0.00313223 51.4061 0.00104229 1 0.0183111 -0.230473 0.05 728.5
0 2109 4 phononTS 0.000534801 0.0183111 -0.230473 0.049999 728.5 0.00034743 1 0.0209762 -0.171335 0.05 796.211
0 2123 2 phononTS 0.00184171 -0.280382 -0.351299 -0.0207372 334.294 0.00034743 1 -0.0714171 -0.181691 0.05 1034.48
0 2135 1 phononTF 0.004 -0.75 -0.25 0 0 0.00104229 1 0.097032 -0.214068 0.05 4732.81
0 2137 2 phononTS 0.00259548 -1.42828 -0.649535 -0.000132353 6091.42 0.00069486 1 -0.0909563 -0.175947 0.05 13341.1
0 2145 2 phononTF 0.000706507 -0.0205263 -0.00163575 0.049999 2711.9 0.00034743 1 -0.0167124 -0.196461 0.05 3436.75
0 2147 1 phononL 0.004 -0.75 -0.25 0 0 0.00104229 1 0.0671194 -0.135488 0.05 2258.39
0 2176 2 phononL 0.000692449 -0.271516 0.0700199 0.049999 1569.17 0.00034743 1 -0.031452 -0.285135 0.05 19212.2
0 2181 1 phononTS 0.004 -0.75 -0.25 0 0 0.00069486 1 -0.064899 -0.274171 0.05 490.326
0 2181 2 phononL 0.00297021 -0.064899 -0.274171 0.049999 490.326 0.00069486 1 0.0605652 -0.239946 0.05 538.503
0 2181 11 phononTS 0.00163291 0.0605652 -0.239946 0.049999 538.503 0.00069486 1 0.0675615 -0.246865 0.05 594.507
0 2187 1 phononTS 0.004 -0.75 -0.25 0 0 0.00104229 1 -0.0632359 -0.11364 0.05 1635.83
0 2187 7 phononTS 0.00132988 -0.0632359 -0.11364 0.049999 1635.83 0.00069486 1 0.0890125 -0.194565 0.05 1726.35
0 2198 3 phononTS 0.00247273 -0.902158 0.00259565 0.016427 340.734 0.00069486 1 0.0343206 -0.242069 0.05 30111.3
0 2212 1 phononTF 0.004 -0.75 -0.25 0 0 0.00034743 1 -0.0840325 -0.24885 0.05 1234.08
0 2238 2 phononTF 0.00071808 0.273314 0.0800008 0.049999 2432.35 0.00034743 1 -0.0946952 -0.177536 0.05 3059.69
0 2257 1 phononTF 0.004 -0.75 -0.25 0 0 0.00104229 1 -0.0452583 -0.119937 0.05 2072.68
0 2257 3 phononTS 0.00218044 -0.0452583 -0.119937 0.049999 2072.68 0.00069486 1 -0.0665433 -0.175721 0.05 2138.15
0 2263 4 phononTF 0.00133735 0.462157 1.72963 -0.00471321 16901.8 0.00034743 1 -0.0281169 -0.203045 0.05 31965.8
0 2267 1 phononTS 0.004 -0.75 -0.25 0 0 0.00104229 1 -0.100639 -0.257389 0.05 469.588
0 2269 1 phononTS 0.004 -0.75 -0.25 0 0 0.00069486 1 -0.100746 -0.175769 0.05 1072.25
0 2280 2 phononTF 0.00119841 -0.425279 0.363597 0.0369158 495.23 0.00034743 1 -0.0519301 -0.298422 0.05 36940.4
0 2295 3 phononL 0.0011796 -0.778182 -0.280372 0.0393927 10.4785 0.00069486 1 0.0462223 -0.118019 0.05 733.208
0 2310 1 phononTS 0.004 -0.75 -0.25 0 0 0.00034743 1 -0.0888452 -0.224465 0.05 843.561
0 2310 3 phononTF 0.00153474 -0.0888452 -0.224465 0.049999 843.561 0.00034743 1 0.0795645 -0.219743 0.05 953.229
0 2313 3 phononL 0.00264918 -0.00710698 -0.208751 -0.0182072 437.683 0.00069486 1 -0.0587914 -0.134971 0.05 571.717
0 2316 3 phononL 0.0016295 -1.08226 -0.439426 -0.0257706 734.571 0.00069486 1 0.0461945 -0.171265 0.05 8064.36
0 2318 2 phononTF 0.00209507 -0.844657 -0.199517 0.0418194 91.1848 0.00034743 1 -0.0303698 -0.272299 0.05 1054.03
0 2318 4 phononTS 0.000705544 -0.0303698 -0.272299 0.049999 1054.03 0.00034743 1 0.0361256 -0.249646 0.05 1217.3
0 2329 2 phononTS 0.00134571 -1.62136 0.285401 0.0330138 851.781 0.00069486 1 -0.0650917 -0.133325 0.05 3318.28
0 2349 3 phononL 0.00230999 -0.749167 -0.248377 0.00119237 0.403963 0.00069486 1 0.0635091 -0.132027 0.05 1793.18
0 2349 2 phononTS 0.00169001 -0.749167 -0.248377 0.00119237 0.403963 0.00104229 1 0.0217634 -0.239966 0.05 8485.79
0 2352 3 phononTS 0.00215323 -0.767672 0.792102 0.0109674 1993.56 0.00034743 1 -0.0179851 -0.231095 0.05 4293.55
0 2354 4 phononTF 0.000485686 -0.310232 0.00276036 0.049999 916.391 0.00034743 1 0.0746164 -0.271024 0.05 19543.9
0 2357 2 phononL 0.00218759 -1.35502 -0.229639 -0.0419406 972.92 0.00034743 1 0.105499 -0.17621 0.05 7812.75
0 2357 6 phononTS 0.000403894 0.105499 -0.17621 0.049998 7812.75 0.00034743 1 -0.0932818 -0.230525 0.05 88893.4
0 2358 3 phononTS 0.00225335 -0.809717 -0.30129 -0.0398584 16.1695 0.00069486 1 0.0515259 -0.237601 0.05 3013.22
0 2358 2 phononL 0.00174665 -0.809717 -0.30129 -0.0398584 16.1695 0.00034743 1 -0.112046 -0.220317 0.05 5096.54
0 2365 1 phononTF 0.004 -0.75 -0.25 0 0 0.00104229 1 0.0396027 -0.108873 0.05 2490.02
0 2368 3 phononL 0.00271747 -0.475637 0.234532 -0.0119467 881.09 0.00034743 1 0.0954235 -0.220841 0.05 11505.6
0 2376 2 phononL 0.00195993 -1.24199 1.91422 -0.0465223 5636.46 0.00034743 1 0.0721053 -0.133275 0.05 12822.1
0 2403 1 phononTF 0.004 -0.75 -0.25 0 0 0.00104229 1 -0.0741288 -0.279818 0.05 1046.47
0 2403 8 phononTS 0.000485164 -0.0741288 -0.279818 0.049999 1046.47 0.00034743 1 0.0462614 -0.211606 0.05 1187.93
0 2403 7 phononTF 0.000870151 -0.0741288 -0.279818 0.049999 1046.47 0.00069486 1 -0.0251387 -0.264386 0.05 1106.84
0 2403 5 phononTF 0.00109329 -0.0741288 -0.279818 0.049999 1046.47 0.00034743 1 -0.105587 -0.210884 0.05 1123.08
0 2408 3 phononTS 0.00317177 -0.426999 -0.318103 -0.0321002 810.864 0.00034743 1 0.0270579 -0.119027 0.05 1814.75
0 2422 1 phononTS 0.004 -0.75 -0.25 0 0 0.00069486 1 0.042703 -0.0965943 0.05 2615.09
0 2425 1 phononTS 0.004 -0.75 -0.25 0 0 0.00104229 1 -0.0166774 -0.223752 0.05 1444.41
0 2435 1 phononL 0.004 -0.75 -0.25 0 0 0.00138972 1 0.0395278 -0.179569 0.05 1801.69
0 2435 11 phononTS 0.000827453 0.0395278 -0.179569 0.049999 1801.69 0.00034743 1 0.0248007 -0.149113 0.05 1937.75
0 2442 1 phononTF 0.004 -0.75 -0.25 0 0 0.00138972 1 -0.042762 -0.271129 0.05 528.295
0 2452 2 phononTS 0.000424048 0.0970515 0.0878148 0.049999 1581.81 0.00034743 1 -0.0346471 -0.1669 0.05 2477.45
0 2474 5 phononTF 0.000904369 3.82479 4.44279 0.0433637 37652.5 0.00034743 1 0.0626527 -0.177417 0.05 58705.2
0 2476 4 phononTS 0.00175586 -2.24613 0.637656 0.0454309 2707.39 0.00034743 1 -0.0145326 -0.167408 0.05 4744.2
0 2482 4 phononTS 0.000590028 -1.23665 0.0742198 0.049999 1471.58 0.00034743 1 0.0630349 -0.11563 0.05 2731.25
0 2485 2 phononTF 0.00224784 -0.706655 -0.279172 0.0138031 10.1849 0.00034743 1 -0.0591577 -0.225405 0.05 2409.47
0 2520 4 phononL 0.000567256 -0.790817 0.01661 0.049999 694.906 0.00034743 1 0.0292751 -0.16072 0.05 50340.7
0 2534 2 phononTF 0.000866064 -0.482641 0.0101426 0.049999 396.132 0.00034743 1 -0.0285515 -0.246596 0.05 50864.5
0 2536 1 phononTF 0.004 -0.75 -0.25 0 0 0.00034743 1 -0.0490976 -0.178437 0.05 4346.85
0 2536 2 phononTS 0.000814166 -0.0490976 -0.178437 0.049999 4346.85 0.00034743 1 -0.0590327 -0.203148 0.05 4409.98
0 2543 1 phononTS 0.004 -0.75 -0.25 0 0 0.00104229 1 0.0289994 -0.23637 0.05 1094.87
0 2547 3 phononL 0.00253308 -0.541124 -0.851456 0.0457889 810.607 0.00138972 1 -0.0633704 -0.152243 0.05 2599.32
0 2547 10 phononTS 0.00057356 -0.0633704 -0.152243 0.049999 2599.32 0.00034743 1 -0.0539209 -0.167686 0.05 2659.24
0 2556 2 phononTS 0.00227231 -1.58359 -2.03708 -0.0248446 3483.93 0.00069486 1 0.104292 -0.185991 0.05 44677.3
0 2562 4 phononL 0.000537747 -1.07117 0.0761565 0.049998 537.562 0.00034743 1 -0.120032 -0.21041 0.05 2865.95
0 2568 5 phononTF 0.0013816 -0.723017 -0.8268 -0.0213087 1803.67 0.00034743 1 -0.0927564 -0.205533 0.05 20299.5
0 2595 5 phononTF 0.000633313 0.161485 0.0741965 0.049999 2770.63 0.00034743 1 -0.0421975 -0.185346 0.05 7252.59
0 2599 2 phononTF 0.00279665 0.0176433 -0.678034 0.00937025 1709.62 0.00034743 1 -0.0353815 -0.17025 0.05 18936.3
0 2599 4 phononTS 0.00131537 -0.0353815 -0.17025 0.049999 18936.3 0.00069486 1 0.0940415 -0.18609 0.05 19828.5
0 2602 1 phononL 0.004 -0.75 -0.25 0 0 0.00069486 1 -0.0815995 -0.273603 0.05 525.787
0 2602 3 phononTS 0.00171912 -0.0815995 -0.273603 0.049999 525.787 0.00034743 1 0.0516417 -0.152361 0.05 639.041
0 2602 16 phononTF 0.000382472 0.0516417 -0.152361 0.049999 639.041 0.00034743 1 -0.0758499 -0.259581 0.05 870.609
0 2606 1 phononTF 0.004 -0.75 -0.25 0 0 0.00069486 1 -0.109224 -0.171025 0.05 2887.75
0 2610 1 phononTS 0.004 -0.75 -0.25 0 0 0.00104229 1 -0.0647658 -0.208859 0.05 5929.35
0 2612 5 phononTF 0.00142138 -2.11507 -0.986642 0.0373074 20306.9 0.00034743 1 0.022803 -0.244264 0.05 89712.5
0 2621 1 phononTS 0.004 -0.75 -0.25 0 0 0.00069486 1 0.0453743 -0.203615 0.05 2918.64
0 2621 5 phononTF 0.000915929 0.0453743 -0.203615 0.049999 2918.64 0.00069486 1 -0.0111636 -0.200259 0.05 3212.91
0 2625 1 phononTF 0.004 -0.75 -0.25 0 0 0.00069486 1 -0.088618 -0.272206 0.05 3366.65
0 2629 3 phononTF 0.00205349 -1.53314 -0.397435 -0.0470017 5559.35 0.00069486 1 -0.0852347 -0.271618 0.05 7302.35
0 2631 1 phononTS 0.004 -0.75 -0.25 0 0 0.00138972 1 0.0775511 -0.208078 0.05 6857.87
0 2642 5 phononTF 0.000427243 -0.820514 0.0513297 0.049999 7213.5 0.00034743 1 0.105978 -0.206951 0.05 7905.79
0 2643 3 phononTS 0.00201426 0.000732935 -0.375698 0.0267136 2099.11 0.00034743 1 0.0329253 -0.306687 0.05 2125.34
0 2658 1 phononL 0.004 -0.75 -0.25 0 0 0.00104229 1 -0.0880827 -0.170458 0.05 979.444
0 2701 2 phononTS 0.00215581 0.611504 1.32985 0.00724683 11877.1 0.00104229 1 0.0190394 -0.188756 0.05 19020.6
0 2701 4 phononTF 0.000383012 0.0190394 -0.188756 0.049999 19020.6 0.00034743 1 -0.0401018 -0.254786 0.05 19087.8
0 2708 1 phononL 0.004 -0.75 -0.25 0 0 0.00069486 1 -0.0629919 -0.124771 0.05 937.466
0 2708 4 phononL 0.000661788 -0.0629919 -0.124771 0.049999 937.466 0.00034743 1 0.0277898 -0.275922 0.05 1664.24
0 2712 3 phononTF 0.00264774 -0.937829 -0.0986894 0.0233134 235.395 0.00034743 1 -0.0514621 -0.200887 0.05 14549.3
0 2718 2 phononTF 0.00238294 -0.955464 -0.568383 -0.0212654 655.093 0.00069486 1 -0.00928948 -0.204073 0.05 39425.3
0 2719 3 phononTS 0.00236122 -0.871964 -0.599961 0.0356728 719.714 0.00069486 1 -0.102577 -0.196604 0.05 6307.3
0 2722 1 phononTS 0.004 -0.75 -0.25 0 0 0.00138972 1 0.078873 -0.139709 0.05 1959.39
0 2722 5 phononTS 0.00133941 0.078873 -0.139709 0.049999 1959.39 0.00069486 1 0.0799568 -0.137969 0.05 2015.2
0 2723 2 phononTF 0.00296045 -1.31524 -1.53573 0.0425677 2313.69 0.00034743 1 -0.0770324 -0.120751 0.05 7757.64
0 2723 4 phononTF 0.00175811 -0.0770324 -0.120751 0.049999 7757.64 0.00034743 1 -0.0864017 -0.154358 0.05 7815.89
0 2723 12 phononTF 0.00125971 -0.0864017 -0.154358 0.049999 7815.89 0.00034743 1 0.0583844 -0.178812 0.05 8679.98
0 2735 7 phononTF 0.00113965 -4.71824 2.10371 -0.0133596 39823.7 0.00034743 1 -0.0429667 -0.146009 0.05 99981.3
0 2739 1 phononTS 0.004 -0.75 -0.25 0 0 0.00069486 1 0.0293087 -0.275096 0.05 675.977
0 2739 8 phononTS 0.00065458 0.0293087 -0.275096 0.049999 675.977 0.00034743 1 -0.0541451 -0.188636 0.05 1545.63
0 2740 3 phononTF 0.00169746 -1.06682 -0.740941 -0.0312267 1450.38 0.00034743 1 0.0161663 -0.23173 0.05 2358.7
0 2758 3 phononTF 0.00234041 -0.57588 -1.09329 -0.0213632 5196.39 0.00069486 1 -0.0344256 -0.21091 0.05 19563.7
0 2759 4 phononTF 0.000528502 -0.593907 -0.000803095 0.049999 351.566 0.00034743 1 0.060423 -0.120534 0.05 2979.13
0 2760 5 phononTF 0.000497064 -0.606576 -2.15763 -0.0229101 34753.4 0.00034743 1 -0.0245594 -0.187462 0.05 37960.6
0 2766 2 phononTS 0.00071155 -0.340255 0.0787799 0.049999 676.219 0.00034743 1 0.0705139 -0.177675 0.05 3967.25
0 2792 3 phononTS 0.00279103 -0.661852 -0.276034 -0.0269429 354.47 0.00034743 1 -0.0847735 -0.213213 0.05 582.469
0 2821 5 phononTS 0.00216805 -1.07297 -1.70873 0.0175813 3193.23 0.00069486 1 -0.0474814 -0.136348 0.05 8700.33
0 2827 3 phononL 0.000573622 -0.677472 -0.00175204 0.049999 341.396 0.00034743 1 0.0305637 -0.185732 0.05 15567.8
0 2828 1 phononL 0.004 -0.75 -0.25 0 0 0.00034743 1 -0.119399 -0.218176 0.05 5658.16
0 2828 7 phononL 0.000938275 -0.119399 -0.218176 0.049999 5658.16 0.00034743 1 -0.0583749 -0.218369 0.05 5703.5
0 2830 2 phononTS 0.00182561 -0.586977 -0.487599 -0.0315998 440.792 0.00034743 1 -0.0737284 -0.120314 0.05 1119.74
0 2830 6 phononTS 0.000530931 -0.0737284 -0.120314 0.049999 1119.74 0.00034743 1 -0.048273 -0.250411 0.05 9385.84
0 2840 3 phononTS 0.00298124 -0.828731 -0.402281 -0.0166063 41.3347 0.00069486 1 -0.0807632 -0.28279 0.05 3250.49
0 2840 2 phononTS 0.00101876 -0.828731 -0.402281 -0.0166063 41.3347 0.00034743 1 -0.0624433 -0.254221 0.05 1429.68
0 2851 2 phononTF 0.00253827 -2.862 -1.57505 0.029964 3879.68 0.00034743 1 0.0534588 -0.155056 0.05 23063.7
0 2857 1 phononTS 0.004 -0.75 -0.25 0 0 0.00069486 1 0.023267 -0.187458 0.05 4440.54
0 2877 2 phononTF 0.00179623 -0.706975 -0.391859 0.0226766 881.605 0.00034743 1 0.0728595 -0.190995 0.05 1222.6
0 2889 1 phononTS 0.004 -0.75 -0.25 0 0 0.00173715 1 -0.0780314 -0.158035 0.05 1054.9
0 2899 2 phononTS 0.00162012 -0.793818 -0.3074 0.0184157 13.9449 0.00034743 1 0.0525195 -0.266413 0.05 117274
0 2899 5 phononTS 0.000893821 0.0525195 -0.266413 0.049999 117274 0.00034743 1 0.0438891 -0.245156 0.05 117332
0 2901 2 phononTF 0.00188958 0.458425 -1.20736 0.0486197 5825.11 0.00034743 1 -0.0427948 -0.108361 0.05 7931.36
0 2907 4 phononTS 0.000466708 -0.662119 0.103715 0.049999 394.581 0.00034743 1 -0.064916 -0.135617 0.05 4955.07
0 2922 2 phononTS 0.00217105 -0.794491 -0.257671 0.0287589 10.1952 0.00069486 1 -0.0945036 -0.159161 0.05 7043.42
0 2927 5 phononTS 0.000602173 -0.244278 0.0997802 0.049999 9956.4 0.00034743 1 -0.0680317 -0.282364 0.05 10305.5
0 2931 3 phononTF 0.00215295 -0.920574 -0.00883837 0.0177797 667.6 0.00034743 1 -0.0486832 -0.193475 0.05 7391.72
0 2949 3 phononTF 0.000917217 -1.00986 0.00789094 0.049999 1290.95 0.00034743 1 -0.0836989 -0.230954 0.05 4667.28
0 2949 6 phononTS 0.000441833 -0.0836989 -0.230954 0.049999 4667.28 0.00034743 1 -0.0303709 -0.145585 0.05 51680.3
0 2955 4 phononTS 0.000871248 -0.733629 0.0879326 0.049999 2845.48 0.00034743 1 0.065439 -0.272492 0.05 3819.86
0 2973 2 phononTS 0.00067301 -1.59999 0.0352427 0.049999 1996.78 0.00034743 1 0.025762 -0.206152 0.05 32907.8
0 2986 1 phononTS 0.004 -0.75 -0.25 0 0 0.00104229 1 -0.0629008 -0.280277 0.05 1242.9
0 2988 1 phononTF 0.004 -0.75 -0.25 0 0 0.00034743 1 -0.0736288 -0.190873 0.05 1695.96
0 2988 3 phononTF 0.000679981 -0.0736288 -0.190873 0.049998 1695.96 0.00034743 1 -0.104394 -0.227216 0.05 1761.85
0 2988 2 phononTS 0.00115912 -0.0736288 -0.190873 0.049998 1695.96 0.00069486 1 0.110567 -0.19339 0.05 2003.34
0 2993 1 phononTS 0.004 -0.75 -0.25 0 0 0.00104229 1 -0.0861339 -0.171909 0.05 1776.96
0 2993 6 phononTF 0.0010033 -0.0861339 -0.171909 0.049999 1776.96 0.00034743 1 -0.0295091 -0.18087 0.05 1838.08
0 3012 2 phononTF 0.000415672 -0.102222 0.0636804 0.049999 803.771 0.00034743 1 0.0350771 -0.263412 0.05 1007.71
0 3053 1 phononTS 0.004 -0.75 -0.25 0 0 0.00104229 1 -0.0318939 -0.206537 0.05 1113.67
0 3053 4 phononTS 0.00121262 -0.0318939 -0.206537 0.049999 1113.67 0.00034743 1 0.0199816 -0.237764 0.05 1236.79
0 3053 17 phononTF 0.000673635 0.0199816 -0.237764 0.049999 1236.79 0.00034743 1 -0.0518914 -0.210151 0.05 1512.5
0 3060 2 phononTS 0.00249805 -1.9369 1.4824 -0.0493119 3592.34 0.00034743 1 0.0519286 -0.197196 0.05 13580.7
0 3065 1 phononL 0.004 -0.75 -0.25 0 0 0.00138972 1 0.0722554 -0.11192 0.05 1218.48
0 3065 2 phononTS 0.000618386 0.0722554 -0.11192 0.049999 1218.48 0.00034743 1 0.0247612 -0.134398 0.05 1287.45
0 3074 3 phononTS 0.00239381 -2.16516 -2.56407 0.036442 11411.5 0.00104229 1 0.0926784 -0.259996 0.05 18309.4
0 3077 1 phononTS 0.004 -0.75 -0.25 0 0 0.00069486 1 0.0807301 -0.249755 0.05 2752.29
0 3097 2 phononL 0.000809415 -0.158698 0.00196112 0.049999 482.312 0.00034743 1 0.037552 -0.134624 0.05 1032.2
0 3099 1 phononL 0.004 -0.75 -0.25 0 0 0.00069486 1 -0.0873478 -0.152117 0.05 2752.24
0 3099 2 phononTF 0.00145998 -0.0873478 -0.152117 0.049999 2752.24 0.00069486 1 -0.115846 -0.20526 0.05 3435.4
0 3100 1 phononTS 0.004 -0.75 -0.25 0 0 0.00069486 1 -0.0356165 -0.281354 0.05 8140.06
0 3100 8 phononTF 0.00107211 -0.0356165 -0.281354 0.049999 8140.06 0.00034743 1 -0.0633647 -0.252548 0.05 8198.68
0 3100 6 phononTF 0.00102017 -0.0356165 -0.281354 0.049999 8140.06 0.00034743 1 0.0217739 -0.219203 0.05 8205.83
0 3100 20 phononTF 0.000466477 0.0217739 -0.219203 0.049999 8205.83 0.00034743 1 0.0711827 -0.224144 0.05 8362.11
0 3100 5 phononTS 0.000532345 -0.0356165 -0.281354 0.049999 8140.06 0.00034743 1 0.0720938 -0.219052 0.05 9222.31
0 3103 3 phononTS 0.00181072 -0.709955 -0.362928 0.0105365 56.2827 0.00034743 1 -0.0893743 -0.204958 0.05 5965.7
0 3117 1 phononTF 0.004 -0.75 -0.25 0 0 0.00138972 1 0.0990199 -0.207224 0.05 751.61
0 3118 2 phononTF 0.00174184 -0.252854 -0.0955828 0.00953235 579.672 0.00034743 1 -0.0630343 -0.176924 0.05 833.608
0 3141 5 phononTF 0.000368949 -0.650315 0.0629107 0.049999 1823.05 0.00034743 1 0.109209 -0.213954 0.05 12237.8
0 3164 3 phononL 0.00240027 -0.875623 -0.370592 -0.0170426 32.7077 0.00034743 1 0.044818 -0.160727 0.05 15687.8
0 3164 4 phononTS 0.00194032 0.044818 -0.160727 0.049999 15687.8 0.00034743 1 -0.0728149 -0.225363 0.05 16414.9
0 3173 4 phononTF 0.00176809 0.310419 0.0859236 -0.0177544 18912.6 0.00034743 1 0.03942 -0.233926 0.05 19703.4
0 3182 3 phononTF 0.00140061 -0.854527 -0.18449 0.0308524 1130.23 0.00034743 1 0.0173113 -0.197204 0.05 2345.05
0 3190 2 phononL 0.00167888 -0.726578 -0.283312 -0.0293827 9.18799 0.00034743 1 0.0305761 -0.240096 0.05 50898.8
0 3200 1 phononTF 0.004 -0.75 -0.25 0 0 0.00034743 1 -0.0624525 -0.104638 0.05 1137.69
0 3204 2 phononTF 0.000961829 -0.183445 -0.221905 -0.0394058 450.793 0.00034743 1 0.0495365 -0.195982 0.05 59249
0 3242 3 phononTS 0.00199204 -0.804248 -0.0548379 -0.0241044 1863.65 0.00069486 1 0.0388859 -0.276845 0.05 33170.8
0 3243 1 phononTS 0.004 -0.75 -0.25 0 0 0.00069486 1 -0.0434908 -0.264562 0.05 714.311
0 3243 3 phononTF 0.00146235 -0.0434908 -0.264562 0.049999 714.311 0.00034743 1 0.0309333 -0.25493 0.05 5722.44
0 3243 15 phononTF 0.000450815 0.0309333 -0.25493 0.049999 5722.44 0.00034743 1 -0.0915332 -0.195768 0.05 5916.34
0 3248 1 phononTS 0.004 -0.75 -0.25 0 0 0.00069486 1 -0.059401 -0.184338 0.05 794.795
0 3261 1 phononTF 0.004 -0.75 -0.25 0 0 0.00173715 1 -0.0926106 -0.188106 0.05 3023.46
0 3263 1 phononTS 0.004 -0.75 -0.25 0 0 0.00034743 1 0.0500367 -0.287203 0.05 1893.67
0 3276 3 phononTF 0.00142475 3.34607 -3.09271 -0.0277489 21988.7 0.00069486 1 0.0311541 -0.176424 0.05 99146.9
0 3276 9 phononTS 0.000548945 0.0311541 -0.176424 0.049999 99146.9 0.00034743 1 0.0685312 -0.134173 0.05 99873.5
0 3292 4 phononTF 0.000605038 3.53341 -3.54338 0.0322625 40456.4 0.00034743 1 -0.0262245 -0.290728 0.05 53455.7
0 3297 1 phononTF 0.004 -0.75 -0.25 0 0 0.00138972 1 -0.05227 -0.266092 0.05 898.142
0 3307 1 phononTF 0.004 -0.75 -0.25 0 0 0.00104229 1 0.0332267 -0.234673 0.05 488.252
0 3307 5 phononTS 0.000540581 0.0332267 -0.234673 0.049999 488.252 0.00034743 1 0.0457347 -0.223661 0.05 547.55
0 3323 3 phononTS 0.00216124 -1.07436 -0.203139 0.0184621 635.278 0.00104229 1 -0.0197125 -0.214401 0.05 5366.23
0 3323 7 phononTF 0.000371921 -0.0197125 -0.214401 0.049999 5366.23 0.00034743 1 -0.115612 -0.209606 0.05 6254.8
0 3343 3 phononTF 0.00238322 -0.819054 -1.11505 -0.00517269 20084.3 0.00034743 1 -0.0836297 -0.181839 0.05 24585.9
0 3343 5 phononTF 0.00048577 -0.0836297 -0.181839 0.049999 24585.9 0.00034743 1 -0.0716296 -0.264944 0.05 24651.6
0 3373 3 phononL 0.00140818 -0.192048 0.530718 0.044911 5585.47 0.00069486 1 0.0612891 -0.141285 0.05 9746.7
0 3389 3 phononL 0.0020512 -0.994913 -0.296643 -0.0327203 443.201 0.00034743 1 0.0648004 -0.275277 0.05 4491.93
0 3389 8 phononTS 0.000881266 0.0648004 -0.275277 0.049999 4491.93 0.00034743 1 0.0668128 -0.200856 0.05 4564.85
0 3391 1 phononTS 0.004 -0.75 -0.25 0 0 0.00034743 1 0.0593232 -0.259936 0.05 1347.97
0 3391 7 phononL 0.000486593 0.0593232 -0.259936 0.049999 1347.97 0.00034743 1 0.0512257 -0.2624 0.05 1398.41
0 3398 1 phononL 0.004 -0.75 -0.25 0 0 0.00104229 1 -0.0342726 -0.272013 0.05 4385.14
0 3403 2 phononTF 0.00206005 -0.0513994 -0.777037 -0.0267513 1315.2 0.00104229 1 -0.0337822 -0.213093 0.05 7164.38
0 3409 2 phononTS 0.00258026 -0.550872 -0.425832 0.0376778 307.794 0.00069486 1 -0.0359788 -0.280371 0.05 1498.27
0 3409 8 phononTF 0.00102506 -0.0359788 -0.280371 0.049998 1498.27 0.00034743 1 -0.0853715 -0.162853 0.05 1571.52
0 3412 2 phononL 0.00190189 -1.18427 -0.867504 -0.0284277 3268.2 0.00034743 1 -0.0510649 -0.0991392 0.05 65092.3
0 3425 2 phononTF 0.000780181 -0.60018 0.0330226 0.049999 168.704 0.00034743 1 -0.0509959 -0.172256 0.05 2757.37
0 3440 1 phononTS 0.004 -0.75 -0.25 0 0 0.00069486 1 -0.0341682 -0.128542 0.05 2877.44
0 3449 2 phononL 0.00255975 -0.787592 -0.888086 0.0124977 933.107 0.00034743 1 0.10543 -0.233546 0.05 12493.9
0 3465 3 phononL 0.00207563 -0.878507 -0.458029 0.0236507 6921.51 0.00069486 1 0.0685955 -0.213049 0.05 12549.1
0 3465 4 phononTS 0.000941684 0.0685955 -0.213049 0.049999 12549.1 0.00034743 1 0.0295352 -0.199968 0.05 12611.6
0 3465 13 phononTF 0.000399517 0.0295352 -0.199968 0.049999 12611.6 0.00034743 1 -0.0174541 -0.156654 0.05 14051.5
0 3481 2 phononTS 0.00235693 -1.13485 -0.360335 -0.000486347 375.992 0.00069486 1 0.0761034 -0.277903 0.05 2235.89
0 3481 6 phononTS 0.000770061 0.0761034 -0.277903 0.049999 2235.89 0.00034743 1 0.106477 -0.17567 0.05 2374.53
0 3511 1 phononTF 0.004 -0.75 -0.25 0 0 0.00104229 1 -0.0985657 -0.182766 0.05 481.83
0 3517 1 phononL 0.004 -0.75 -0.25 0 0 0.00034743 1 -0.0405823 -0.174747 0.05 1236.16
0 3538 1 phononTS 0.004 -0.75 -0.25 0 0 0.00069486 1 -0.0783986 -0.231161 0.05 3141.32
0 3538 5 phononTF 0.000972145 -0.0783986 -0.231161 0.049999 3141.32 0.00034743 1 -0.0984573 -0.238726 0.05 3201.95
0 3551 2 phononTS 0.000798864 -1.82503 -0.00657736 0.049999 4623.32 0.00034743 1 -0.119827 -0.197731 0.05 39795.2
0 3556 3 phononTF 0.00163201 -0.776791 -0.85197 0.0453919 5788.58 0.00034743 1 0.07211 -0.260781 0.05 36226.7
0 3556 5 phononTS 0.000625119 0.07211 -0.260781 0.049999 36226.7 0.00034743 1 -0.0766701 -0.123108 0.05 36690.9
0 3589 3 phononTS 0.00256744 -0.618467 -0.121375 0.0473959 367.908 0.00104229 1 0.0790685 -0.158476 0.05 1500.83
0 3597 3 phononTF 0.000585762 0.345303 -0.00261463 0.049999 5188.93 0.00034743 1 -0.092793 -0.175488 0.05 108592
0 3600 1 phononL 0.004 -0.75 -0.25 0 0 0.00069486 1 -0.0426521 -0.244737 0.05 1108.01
0 3618 4 phononTS 0.000422309 -0.909709 0.0774288 0.049999 396.011 0.00034743 1 -0.0923191 -0.159303 0.05 1872.61
0 3621 2 phononTF 0.00291333 0.522824 -1.64923 -0.0412821 3351.59 0.00069486 1 0.0406308 -0.195161 0.05 4708.04
0 3621 4 phononTS 0.00136646 0.0406308 -0.195161 0.049999 4708.04 0.00034743 1 -0.0590307 -0.176758 0.05 57811.6
0 3641 1 phononTS 0.004 -0.75 -0.25 0 0 0.00069486 1 0.0350657 -0.270571 0.05 5214.06
0 3641 4 phononTS 0.00107261 0.0350657 -0.270571 0.049999 5214.06 0.00034743 1 0.015776 -0.183373 0.05 5350.37
0 3643 1 phononTF 0.004 -0.75 -0.25 0 0 0.00069486 1 -0.0713904 -0.158514 0.05 3020.51
0 3674 2 phononL 0.00224918 0.290271 2.09821 0.0275976 12572.1 0.00034743 1 -0.106844 -0.207748 0.05 22159.1
0 3674 6 phononTS 0.00123573 -0.106844 -0.207748 0.049998 22159.1 0.00034743 1 -0.104545 -0.207315 0.05 22204.1
0 3674 4 phononTS 0.000362092 -0.106844 -0.207748 0.049998 22159.1 0.00034743 1 -0.0365188 -0.270324 0.05 22232.7
0 3675 2 phononTS 0.00164998 -1.0642 -1.12274 0.0329396 2791.3 0.00034743 1 -0.0967608 -0.254005 0.05 37296.4
0 3687 3 phononL 0.00264606 -0.505725 -0.06599 -0.0479444 2479.91 0.00173715 1 -0.096957 -0.200184 0.05 43625.4
0 3689 1 phononTS 0.004 -0.75 -0.25 0 0 0.00034743 1 -0.040676 -0.292363 0.05 866.35
0 3699 1 phononTS 0.004 -0.75 -0.25 0 0 0.00104229 1 0.0373352 -0.26846 0.05 822.642
0 3739 3 phononL 0.00185261 -0.31677 -0.523925 0.0196744 2134.69 0.00034743 1 0.0400404 -0.151109 0.05 2827.39
0 3744 1 phononTS 0.004 -0.75 -0.25 0 0 0.00034743 1 -0.0436207 -0.122974 0.05 1372.49
0 3744 5 phononTS 0.000734214 -0.0436207 -0.122974 0.049999 1372.49 0.00034743 1 -0.0790764 -0.164061 0.05 1436.86
0 3752 3 phononTS 0.000901253 -0.744533 0.0934027 0.049999 356.006 0.00034743 1 -0.0729738 -0.209294 0.05 4267.73
0 3759 3 phononTS 0.00124773 -0.767683 -0.245809 0.0206099 5.14093 0.00034743 1 -0.0934502 -0.260244 0.05 3143.19
0 3767 4 phononL 0.000420236 -0.432366 0.0239331 0.049999 286.841 0.00034743 1 -0.0459208 -0.170697 0.05 816.705
0 3768 1 phononTF 0.004 -0.75 -0.25 0 0 0.00138972 1 0.0302007 -0.285163 0.05 2129.06
0 3795 2 phononTS 0.00148711 -0.798184 -0.177962 0.0129444 308.885 0.00034743 1 0.031279 -0.137697 0.05 48463.1
0 3804 3 phononTS 0.000614232 -0.710507 0.0527068 0.049999 520.481 0.00034743 1 0.0444826 -0.225753 0.05 1334.67
0 3818 3 phononTS 0.00175668 -0.457918 -0.149472 0.0498862 2341.92 0.00069486 1 -0.071695 -0.279647 0.05 3067.99
0 3825 1 phononL 0.004 -0.75 -0.25 0 0 0.00069486 1 0.0602955 -0.151155 0.05 738.972
0 3825 3 phononTS 0.000562842 0.0602955 -0.151155 0.049999 738.972 0.00034743 1 -0.0352404 -0.277752 0.05 6742.72
0 3826 1 phononTF 0.004 -0.75 -0.25 0 0 0.00034743 1 0.0437576 -0.242812 0.05 1241.76
0 3833 3 phononL 0.000857786 0.0833542 -0.00313017 0.049999 6325.25 0.00069486 1 -0.0423111 -0.220822 0.05 6760.5
0 3843 3 phononTS 0.00261026 -0.730425 -0.312919 -0.0236651 105.461 0.00034743 1 0.114378 -0.186013 0.05 3366.49
0 3843 5 phononTF 0.00191872 0.114378 -0.186013 0.049998 3366.49 0.00069486 1 0.0283123 -0.142273 0.05 7302.23
0 3844 2 phononTS 0.00148954 -3.02258 -1.32521 0.0150303 6445.42 0.00069486 1 -0.102166 -0.176723 0.05 53015.8
0 3852 1 phononTF 0.004 -0.75 -0.25 0 0 0.00069486 1 0.0228772 -0.258676 0.05 930.417
0 3852 9 phononTF 0.000546533 0.0228772 -0.258676 0.049999 930.417 0.00034743 1 -0.0686396 -0.256877 0.05 998.567
0 3862 2 phononTF 0.00148831 -0.500067 -1.0196 -0.00478966 3219.52 0.00034743 1 -0.0544557 -0.227283 0.05 118518
0 3875 3 phononTF 0.0032306 -0.408252 -0.468215 0.0326335 217.944 0.00034743 1 0.0257052 -0.247165 0.05 632.615
0 3875 4 phononTS 0.0022285 0.0257052 -0.247165 0.049999 632.615 0.00069486 1 0.0273152 -0.288794 0.05 698.057
0 3877 3 phononL 0.00223607 -0.0517739 -0.314826 0.0449865 1767.59 0.00069486 1 0.105408 -0.169363 0.05 1821.42
0 3879 5 phononTF 0.000837293 -0.980117 0.127561 -0.0205305 1063.5 0.00034743 1 0.0947267 -0.229865 0.05 2544.55
0 3882 3 phononTF 0.000627702 -0.442699 0.00661551 0.049999 418.225 0.00034743 1 0.0934768 -0.252094 0.05 989.021
0 3889 5 phononTF 0.00101855 -0.732983 0.0805379 0.0403046 3015.87 0.00034743 1 -0.0610169 -0.240232 0.05 33649.5
0 3889 6 phononTS 0.000516892 -0.0610169 -0.240232 0.049999 33649.5 0.00034743 1 -0.0583556 -0.248871 0.05 33708.7
0 3892 3 phononTS 0.00150912 -0.629548 -0.987733 0.00903642 2469.72 0.00034743 1 0.0112742 -0.189873 0.05 3008.38
0 3901 1 phononTS 0.004 -0.75 -0.25 0 0 0.00104229 1 0.0726335 -0.282587 0.05 1658.82
0 3901 2 phononTS 0.00110959 0.0726335 -0.282587 0.049999 1658.82 0.00069486 1 0.0264609 -0.18729 0.05 1805.7
0 3904 2 phononL 0.00209181 1.81155 -1.13716 -4.09563e-05 4791.27 0.00034743 1 0.04003 -0.203997 0.05 8948.16
0 3946 1 phononTS 0.004 -0.75 -0.25 0 0 0.00138972 1 -0.0339153 -0.298133 0.05 790.759
0 3948 4 phononTF 0.00084324 -1.38228 0.0589847 0.049999 2014.41 0.00034743 1 -0.0988545 -0.200435 0.05 21593.2
0 3952 2 phononTS 0.00176828 -0.289296 -0.33037 -0.0260522 361.959 0.00104229 1 0.0602331 -0.202914 0.05 916.994
0 3961 2 phononTF 0.00085361 -0.853114 0.0214158 0.049999 442.176 0.00034743 1 -0.0378192 -0.21918 0.05 1368.41
0 3965 2 phononTF 0.00285676 -0.685396 -0.077616 -0.0112511 198.575 0.00034743 1 -0.0314191 -0.246805 0.05 658.955
0 3965 7 phononTF 0.0014156 -0.0314191 -0.246805 0.049999 658.955 0.00069486 1 -0.0358727 -0.139988 0.05 751.943
0 3966 2 phononTS 0.00110905 -0.254392 0.465585 -0.0155459 5150.03 0.00069486 1 0.0471769 -0.234758 0.05 5729.56
0 3967 2 phononTS 0.00064415 -0.77177 0.000173591 0.049999 633.168 0.00034743 1 -0.0439833 -0.238207 0.05 1341.57
0 3989 3 phononTF 0.00167871 -0.552701 -0.833269 0.0324725 1818.82 0.00034743 1 0.0769629 -0.23449 0.05 3085.24
0 3989 2 phononTS 0.00232129 -0.552701 -0.833269 0.0324725 1818.82 0.00034743 1 0.070714 -0.290678 0.05 5208.39
0 4001 2 phononTS 0.00152391 -0.984036 -0.983369 -0.0333649 1781.74 0.00034743 1 0.0555055 -0.221219 0.05 5407.23
0 4025 2 phononL 0.00169376 -0.861847 0.0706909 -0.000919251 618.193 0.00034743 1 -0.0943418 -0.165406 0.05 18531.5
0 4042 2 phononTS 0.00244736 -1.81947 -0.747728 -0.0402929 3053.06 0.00034743 1 0.0390976 -0.134939 0.05 28445.1
0 4045 2 phononL 0.000660508 -0.485575 0.0495063 0.049999 282.314 0.00034743 1 0.0624098 -0.166412 0.05 4390.94
0 4066 1 phononTS 0.004 -0.75 -0.25 0 0 0.00104229 1 -0.104915 -0.226584 0.05 2432.8
0 4066 2 phononTF 0.000903143 -0.104915 -0.226584 0.049999 2432.8 0.00034743 1 -0.0882721 -0.275361 0.05 2971.27
0 4068 3 phononL 0.00220516 -0.723034 0.0981151 -0.0265753 1234.92 0.00069486 1 0.0339531 -0.0950395 0.05 1609.45
0 4069 1 phononTF 0.004 -0.75 -0.25 0 0 0.00069486 1 -0.0248122 -0.256558 0.05 6095.03
0 4074 5 phononTS 0.000413686 -0.391867 0.0193687 0.049998 816.378 0.00034743 1 0.0823978 -0.203844 0.05 13899.7
0 4076 1 phononTS 0.004 -0.75 -0.25 0 0 0.00034743 1 -0.112804 -0.186928 0.05 1939.82
0 4076 3 phononL 0.00339323 -0.112804 -0.186928 0.049999 1939.82 0.00034743 1 0.0662506 -0.141858 0.05 3205.32
0 4088 3 phononTS 0.00064694 -0.396241 0.0763966 0.049999 3423.13 0.00034743 1 0.0350188 -0.21356 0.05 3868.51
0 4099 1 phononTF 0.004 -0.75 -0.25 0 0 0.00069486 1 -0.0995744 -0.215541 0.05 1563.87
0 4099 3 phononTF 0.00101965 -0.0995744 -0.215541 0.049998 1563.87 0.00034743 1 -0.098671 -0.182989 0.05 1629.81
0 4104 3 phononTS 0.000450509 -0.969503 0.0128606 0.049999 590.894 0.00034743 1 0.040223 -0.246262 0.05 1159.44
0 4105 1 phononTS 0.004 -0.75 -0.25 0 0 0.00104229 1 0.0711352 -0.246206 0.05 10968.2
0 4131 1 phononTS 0.004 -0.75 -0.25 0 0 0.00104229 1 -0.0146559 -0.222475 0.05 8515.21
0 4135 2 phononTF 0.00246323 0.132827 -0.215128 -0.0441356 715.806 0.00034743 1 0.0468842 -0.114892 0.05 1010.05
0 4163 2 phononTS 0.00189647 -0.74607 -0.642877 -0.0173927 1022.44 0.00069486 1 -0.0619966 -0.228397 0.05 15505.3
0 4168 2 phononL 0.00193194 -0.830961 -0.696969 0.0404732 911.924 0.00069486 1 -0.0643368 -0.109709 0.05 2595.57
0 4176 1 phononTS 0.004 -0.75 -0.25 0 0 0.00173715 1 -0.0338256 -0.234815 0.05 1692.15
0 4179 1 phononTS 0.004 -0.75 -0.25 0 0 0.00104229 1 0.0978585 -0.250964 0.05 4738.81
0 4180 3 phononL 0.00197088 -0.0473455 -0.418193 -0.0388545 2338.74 0.00104229 1 -0.02983 -0.153655 0.05 2428.29
0 4180 2 phononTF 0.00202912 -0.0473455 -0.418193 -0.0388545 2338.74 0.00069486 1 0.0444622 -0.290205 0.05 2533.82
0 4205 3 phononTF 0.001979 -0.830932 -0.118158 -0.0486046 31.0483 0.00069486 1 0.0464223 -0.134902 0.05 4046.46
0 4206 1 phononTS 0.004 -0.75 -0.25 0 0 0.00034743 1 -0.115272 -0.23397 0.05 1789.4
0 4215 3 phononL 0.00153115 -1.28532 0.00493675 0.0264738 664.378 0.00034743 1 -0.115743 -0.224726 0.05 28899.2
0 4217 3 phononTS 0.00353027 -0.72213 -0.197527 -0.0338328 12.7295 0.00104229 1 -0.0436289 -0.229218 0.05 610.642
0 4218 2 phononTF 0.00232396 -0.642331 -0.21727 0.0276007 840.717 0.00104229 1 -0.0588864 -0.19537 0.05 2456.93
0 4219 4 phononTS 0.000464524 -0.831763 0.0919163 0.049999 7112.12 0.00034743 1 0.0578291 -0.263072 0.05 10940
0 4222 5 phononTS 0.00073289 0.833914 0.0986594 0.049999 3517.79 0.00069486 1 0.0309003 -0.240805 0.05 101519
0 4237 2 phononTS 0.00108718 -0.584524 -0.158571 -0.00702187 397.169 0.00034743 1 0.0453406 -0.251324 0.05 2978.58
0 4239 1 phononTS 0.004 -0.75 -0.25 0 0 0.00069486 1 -0.064837 -0.127159 0.05 3348.32
0 4239 3 phononTS 0.000459563 -0.064837 -0.127159 0.049999 3348.32 0.00034743 1 0.071227 -0.119595 0.05 5350.73
0 4240 2 phononL 0.00152514 -0.373724 0.0634605 -0.0367891 227.059 0.00034743 1 -0.0819892 -0.23255 0.05 916.164
0 4240 6 phononTS 0.000806942 -0.0819892 -0.23255 0.049999 916.164 0.00034743 1 -0.0919785 -0.20878 0.05 1027.3
0 4248 1 phononTS 0.004 -0.75 -0.25 0 0 0.00069486 1 -0.0482899 -0.166364 0.05 641.671
0 4254 1 phononTF 0.004 -0.75 -0.25 0 0 0.00138972 1 0.0501615 -0.116922 0.05 635.501
0 4257 3 phononTS 0.00231096 -0.867301 -0.158935 0.0110539 94.6659 0.00069486 1 -0.0458415 -0.289601 0.05 1494.31
0 4261 2 phononL 0.000637889 -0.502035 0.0317468 0.049999 1348.95 0.00034743 1 0.0472118 -0.148889 0.05 1800.1
0 4264 3 phononTS 0.00271443 -0.570222 0.31638 -0.0048818 732.254 0.00069486 1 0.0651255 -0.161866 0.05 26239
0 4264 4 phononL 0.00177446 0.0651255 -0.161866 0.049999 26239 0.00034743 1 -0.0280441 -0.112655 0.05 26296.7
0 4264 13 phononTS 0.00100418 -0.0280441 -0.112655 0.049999 26296.7 0.00034743 1 0.0887336 -0.215848 0.05 28358
0 4267 1 phononTF 0.004 -0.75 -0.25 0 0 0.00034743 1 -0.103041 -0.187311 0.05 1805.92
0 4268 5 phononTF 0.000919998 0.722621 2.92895 0.0429677 18261 0.00034743 1 -0.0529249 -0.185081 0.05 39582
0 4268 7 phononTS 0.000404656 -0.0529249 -0.185081 0.049998 39582 0.00034743 1 -0.0279719 -0.0997646 0.05 39787.3
0 4293 1 phononL 0.004 -0.75 -0.25 0 0 0.00034743 1 -0.0695739 -0.254274 0.05 3419.37
0 4293 4 phononTS 0.000618958 -0.0695739 -0.254274 0.049999 3419.37 0.00034743 1 -0.0487914 -0.246576 0.05 3476.52
0 4293 3 phononTF 0.00106127 -0.0695739 -0.254274 0.049999 3419.37 0.00034743 1 -0.0349742 -0.303653 0.05 3697.66
0 4296 1 phononTF 0.004 -0.75 -0.25 0 0 0.00034743 1 -0.0284629 -0.155686 0.05 1851.52
0 4296 3 phononL 0.000352775 -0.0284629 -0.155686 0.049999 1851.52 0.00034743 1 0.103243 -0.244872 0.05 3999.06
0 4307 1 phononTF 0.004 -0.75 -0.25 0 0 0.00069486 1 -0.0539715 -0.109809 0.05 3650.95
0 4312 2 phononTS 0.00243213 -1.42166 -1.4453 -0.023677 1937 0.00034743 1 -0.0819933 -0.161301 0.05 4695.64
0 4312 4 phononTS 0.00100709 -0.0819933 -0.161301 0.049999 4695.64 0.00034743 1 -0.0453364 -0.103011 0.05 4766.4
0 4314 1 phononTS 0.004 -0.75 -0.25 0 0 0.00034743 1 0.0605516 -0.258566 0.05 3675.1
0 4333 1 phononTS 0.004 -0.75 -0.25 0 0 0.00069486 1 -0.0939235 -0.229288 0.05 934.577
0 4344 1 phononTF 0.004 -0.75 -0.25 0 0 0.00069486 1 -0.0446497 -0.157419 0.05 1115.83
0 4361 1 phononTS 0.004 -0.75 -0.25 0 0 0.00208458 1 0.0921303 -0.196867 0.05 2196.26
0 4362 4 phononTS 0.000750438 -0.891665 0.0748497 0.049999 283.217 0.00034743 1 -0.0867394 -0.201551 0.05 1000.42
0 4373 1 phononL 0.004 -0.75 -0.25 0 0 0.00104229 1 0.059353 -0.234925 0.05 2383.44
0 4373 9 phononTF 0.000902574 0.059353 -0.234925 0.049999 2383.44 0.00034743 1 -0.0804953 -0.234964 0.05 2910.3
0 4385 1 phononTS 0.004 -0.75 -0.25 0 0 0.00069486 1 0.0424077 -0.180074 0.05 1259.9
0 4385 8 phononTS 0.00141152 0.0424077 -0.180074 0.049999 1259.9 0.00034743 1 0.0360064 -0.21511 0.05 1322.2
0 4393 1 phononTF 0.004 -0.75 -0.25 0 0 0.00069486 1 -0.10099 -0.226528 0.05 3049.62
0 4393 2 phononTS 0.000640464 -0.10099 -0.226528 0.049998 3049.62 0.00034743 1 0.0523819 -0.133307 0.05 5541.1
0 4401 1 phononTF 0.004 -0.75 -0.25 0 0 0.00034743 1 0.0623205 -0.15215 0.05 1103.25
0 4404 3 phononTF 0.000564512 -1.49944 -0.00105188 0.049999 4032.22 0.00034743 1 -0.0345393 -0.139349 0.05 13343.1
0 4417 1 phononTS 0.004 -0.75 -0.25 0 0 0.00069486 1 -0.0177891 -0.20084 0.05 2742.43
0 4417 7 phononTF 0.0014719 -0.0177891 -0.20084 0.049998 2742.43 0.00034743 1 -0.0532987 -0.204939 0.05 3774.4
0 4422 4 phononTS 0.00116561 0.523565 -0.467049 0.0121885 26775.1 0.00069486 1 0.0746315 -0.153048 0.05 27919.8
0 4425 2 phononL 0.000832175 -0.979698 0.0423817 0.049999 321.639 0.00034743 1 -0.0212623 -0.173901 0.05 3355.65
0 4448 2 phononTS 0.00296802 1.29871 -0.551747 -0.0310437 5801.43 0.00069486 1 0.0686084 -0.150018 0.05 11047.4
0 4470 1 phononTF 0.004 -0.75 -0.25 0 0 0.00034743 1 0.0367097 -0.134989 0.05 2285.55
0 4484 3 phononTS 0.00311569 0.401969 -0.129068 -0.000242958 5676.01 0.00034743 1 -0.0637914 -0.290953 0.05 6456.62
0 4487 3 phononTF 0.00258299 -1.4548 -0.631091 -0.0210304 4569.8 0.00034743 1 -0.0234453 -0.171852 0.05 8922.84
0 4504 3 phononTF 0.00251132 -0.394473 -0.213088 -0.0275108 2029.08 0.00069486 1 -0.067577 -0.120538 0.05 2231.19
0 4514 1 phononTF 0.004 -0.75 -0.25 0 0 0.00138972 1 0.046194 -0.178685 0.05 2103.51
0 4514 2 phononTF 0.000729592 0.046194 -0.178685 0.049999 2103.51 0.00034743 1 -0.0949802 -0.156966 0.05 2317.93
0 4518 2 phononTF 0.000497088 -0.447483 0.0339168 0.049999 1280.55 0.00034743 1 -0.0422556 -0.213851 0.05 1655.25
0 4534 2 phononTF 0.00138668 -0.427985 1.13283 0.00333839 3927.67 0.00034743 1 0.062449 -0.203939 0.05 22772.8
0 4550 2 phononTF 0.000364168 -0.561339 0.0606534 0.049999 152.32 0.00034743 1 -0.0369983 -0.214374 0.05 418.537
0 4554 3 phononTS 0.00278421 -0.526861 -0.25759 -0.0195034 1302.06 0.00069486 1 -0.109219 -0.243429 0.05 1779.12
0 4554 9 phononTS 0.00102734 -0.109219 -0.243429 0.049998 1779.12 0.00034743 1 -0.0466258 -0.228282 0.05 1855.12
0 4567 2 phononTS 0.000448244 -1.19141 -0.00175251 0.049999 1240.8 0.00034743 1 -0.096004 -0.152208 0.05 2171.99
0 4573 3 phononTF 0.000821832 -0.0460795 0.0107657 0.049999 562.199 0.00034743 1 0.0431573 -0.134212 0.05 785.268
0 4574 5 phononTS 0.00139669 -2.10636 -2.01668 0.0011843 10464.8 0.00034743 1 -0.109735 -0.209216 0.05 132072
0 4574 7 phononL 0.000751391 -0.109735 -0.209216 0.049999 132072 0.00034743 1 0.0380851 -0.277121 0.05 132169
0 4580 1 phononTS 0.004 -0.75 -0.25 0 0 0.00173715 1 0.022076 -0.216131 0.05 1206.58
0 4580 11 phononTS 0.00125984 0.022076 -0.216131 0.049999 1206.58 0.00034743 1 0.0881219 -0.149743 0.05 1279.01
0 4604 1 phononL 0.004 -0.75 -0.25 0 0 0.00104229 1 -0.0183265 -0.155336 0.05 1372.65
0 4604 7 phononTS 0.00067111 -0.0183265 -0.155336 0.049999 1372.65 0.00034743 1 -0.0357409 -0.289024 0.05 1840.59
0 4605 2 phononL 0.000795547 -1.29569 0.0222613 0.049999 2556.41 0.00034743 1 -0.0475965 -0.126626 0.05 8745.82
0 4614 2 phononTF 0.00214207 -0.607941 0.0213494 -0.047591 68.8474 0.00069486 1 -0.104054 -0.222347 0.05 34104
0 4649 1 phononTF 0.004 -0.75 -0.25 0 0 0.00138972 1 -0.0348499 -0.233594 0.05 2824.91
0 4653 1 phononTF 0.004 -0.75 -0.25 0 0 0.00069486 1 0.0686255 -0.164972 0.05 738.26
0 4653 7 phononTF 0.000699889 0.0686255 -0.164972 0.049999 738.26 0.00034743 1 0.0735571 -0.270853 0.05 818.949
0 4653 4 phononTS 0.000431082 0.0686255 -0.164972 0.049999 738.26 0.00034743 1 0.0693655 -0.205276 0.05 805.068
0 4653 2 phononTF 0.000530461 0.0686255 -0.164972 0.049999 738.26 0.00034743 1 -0.118325 -0.186082 0.05 876.151
0 4657 1 phononTS 0.004 -0.75 -0.25 0 0 0.00034743 1 0.0503207 -0.28966 0.05 2569.61
0 4675 1 phononTS 0.004 -0.75 -0.25 0 0 0.00173715 1 -0.0435026 -0.280331 0.05 6067.45
0 4681 1 phononTS 0.004 -0.75 -0.25 0 0 0.00173715 1 -0.0883886 -0.137689 0.05 1973.72
0 4684 3 phononL 0.00290144 -0.0767389 -0.220819 0.0367819 2296.6 0.00069486 1 -0.0684996 -0.198471 0.05 2301.75
0 4686 1 phononTF 0.004 -0.75 -0.25 0 0 0.00104229 1 -0.0772813 -0.223027 0.05 1970.21
0 4686 4 phononTF 0.00173763 -0.0772813 -0.223027 0.049998 1970.21 0.00034743 1 0.0757579 -0.2645 0.05 2054.48
0 4686 21 phononTS 0.000673886 0.0757579 -0.2645 0.049999 2054.48 0.00034743 1 0.0791445 -0.271854 0.05 2111.45
0 4715 3 phononTS 0.00220864 -0.860865 -0.707819 0.00893972 6480.55 0.00069486 1 0.065627 -0.28177 0.05 29988.1
0 4726 1 phononTS 0.004 -0.75 -0.25 0 0 0.00104229 1 -0.0400649 -0.228481 0.05 22995.8
0 4742 3 phononTS 0.00171733 -0.168503 -0.735752 0.0165859 2887.67 0.00034743 1 -0.0596868 -0.257691 0.05 15085.8
0 4744 2 phononTS 0.00110317 -0.674042 -0.0534732 0.0353232 507.795 0.00069486 1 0.108622 -0.22059 0.05 1467.86
0 4761 3 phononTS 0.00175937 -0.638891 0.977831 0.0180562 1501.55 0.00034743 1 -0.052702 -0.141893 0.05 4773.39
0 4762 5 phononTS 0.000355772 -0.120289 0.0168455 0.049999 923.647 0.00034743 1 0.0584639 -0.155503 0.05 13622.6
0 4763 3 phononL 0.00276629 -0.394274 -1.88799 0.0389427 9536.69 0.00069486 1 -0.0292803 -0.109004 0.05 40633.9
0 4766 1 phononL 0.004 -0.75 -0.25 0 0 0.00069486 1 0.0691492 -0.212082 0.05 10628.1
0 4766 9 phononTS 0.000500576 0.0691492 -0.212082 0.049999 10628.1 0.00034743 1 -0.0458095 -0.224136 0.05 10715.5
0 4766 7 phononTS 0.000835013 0.0691492 -0.212082 0.049999 10628.1 0.00069486 1 -0.0397081 -0.18046 0.05 10715.3
0 4779 1 phononTS 0.004 -0.75 -0.25 0 0 0.00173715 1 -0.0469606 -0.154439 0.05 1240.07
0 4782 3 phononTS 0.00246448 -0.901567 -1.89253 0.0386412 2892.37 0.00034743 1 0.0148581 -0.176204 0.05 6505.92
0 4798 3 phononL 0.00214417 -1.35519 -2.52062 0.0210549 22478.1 0.00104229 1 -0.0780668 -0.13867 0.05 34648.2
0 4841 3 phononTF 0.00227038 -0.272067 -0.242735 -0.0325831 601.674 0.00034743 1 -0.0824127 -0.210858 0.05 662.875
0 4849 4 phononTS 0.00096796 -0.198535 0.0413095 -0.00897186 805.008 0.00034743 1 -0.0895038 -0.159043 0.05 2036.82
0 4854 1 phononTS 0.004 -0.75 -0.25 0 0 0.00069486 1 -0.0363801 -0.240344 0.05 777.993
0 4854 7 phononL 0.00128637 -0.0363801 -0.240344 0.049999 777.993 0.00069486 1 -0.0199974 -0.2184 0.05 956.2
0 4854 4 phononTS 0.000412195 -0.0363801 -0.240344 0.049999 777.993 0.00034743 1 -0.0209605 -0.233307 0.05 839.353
0 4859 1 phononTS 0.004 -0.75 -0.25 0 0 0.00104229 1 -0.0711589 -0.244643 0.05 1204.02
0 4859 5 phononTS 0.000673403 -0.0711589 -0.244643 0.049999 1204.02 0.00034743 1 0.0366537 -0.28866 0.05 1361.22
0 4874 2 phononTF 0.00058441 -0.552638 0.0550963 0.049999 616.633 0.00034743 1 -0.0257371 -0.237953 0.05 1603.94
0 4883 2 phononTS 0.000850705 -0.114977 -0.00891328 0.049999 10372.7 0.00034743 1 0.0435434 -0.0995664 0.05 10466.8
0 4888 2 phononTF 0.00193627 -0.84827 -0.129327 -0.0317133 1583.75 0.00069486 1 0.0715736 -0.170758 0.05 23190.1
0 4893 2 phononTF 0.0014382 -1.20675 -0.682722 -0.0290841 557.291 0.00069486 1 0.0906627 -0.173001 0.05 14489.4
0 4902 2 phononTS 0.000350907 -2.07946 0.0149227 0.049999 3847.94 0.00034743 1 0.0471597 -0.19726 0.05 15354.6
0 4920 3 phononTF 0.00258629 -0.765467 -0.226101 0.0233197 6.7466 0.00034743 1 0.0305059 -0.236561 0.05 1494.36
0 4923 1 phononL 0.004 -0.75 -0.25 0 0 0.00104229 1 0.0866093 -0.179839 0.05 3131.7
0 4923 10 phononTF 0.000803928 0.0866093 -0.179839 0.049998 3131.7 0.00034743 1 0.10409 -0.201578 0.05 3332.39
0 4930 3 phononTF 0.00240919 -0.604838 -0.182821 0.0207386 5383.44 0.00034743 1 -0.101134 -0.181096 0.05 5917.42
0 4940 2 phononTS 0.00172395 0.52872 -0.937793 -0.0118782 6162.74 0.00034743 1 0.109039 -0.193627 0.05 7406.62
0 4951 3 phononTS 0.00270811 -0.561551 -0.372079 -0.0436977 345.382 0.00069486 1 -0.0200621 -0.141482 0.05 7573.29
0 4962 2 phononTS 0.000822522 -0.452555 0.0419835 0.049999 2362.15 0.00034743 1 -0.0836619 -0.250835 0.05 3034.2
0 4967 3 phononTF 0.00156983 -1.14433 -0.42735 -0.0381338 1321.94 0.00069486 1 -0.0638676 -0.247581 0.05 101217
0 4984 1 phononTS 0.004 -0.75 -0.25 0 0 0.00069486 1 0.0222332 -0.168741 0.05 7753.65
0 4984 6 phononTS 0.000403123 0.0222332 -0.168741 0.049999 7753.65 0.00034743 1 -0.0666065 -0.126523 0.05 8209.48
0 4991 2 phononTF 0.00272797 -0.242787 -0.492423 -0.0342021 703.122 0.00034743 1 -0.110885 -0.1699 0.05 1162.39
0 4991 7 phononTF 0.000826104 -0.110885 -0.1699 0.049999 1162.39 0.00034743 1 0.047507 -0.122549 0.05 1301.08
0 4995 1 phononTF 0.004 -0.75 -0.25 0 0 0.00104229 1 -0.0444137 -0.173923 0.05 937.416
