Run ID,Event ID,Track ID,Particle Name,Start Energy [eV],Start X [mm],Start Y [mm],Start Z [mm],Start Time [ns],Energy Deposited [eV],Track Weight,End X [mm],End Y [mm],End Z [mm],Final Time [ns],Volume Name
0 27 5 phononTF 0.00102775 -0.798087 -1.92485 -0.0338363 5918.81 0.00069486 1 -0.0384273 -0.168799 0.05 9444.49
0 46 2 phononTF 0.000695577 -1.44315 -3.50518 0.0337432 20104.1 0.00034743 1 0.0579541 -0.241491 0.05 34848.7
0 53 3 phononTS 0.00154801 -0.961834 -3.16341 0.00955499 7362.29 0.00034743 1 0.100901 -0.206942 0.05 8670.84
0 81 5 phononTS 0.00136844 -1.04508 -3.73487 0.0285732 69238.7 0.00069486 1 -0.0316026 -0.29451 0.05 138436
0 87 2 phononL 0.00182768 -0.882227 -1.57113 0.000279419 12861.5 0.00034743 1 0.0634236 -0.136162 0.05 64977.1
0 140 2 phononTS 0.00274538 -2.43378 -3.51954 -0.00565567 7748.85 0.00034743 1 -0.0459907 -0.173492 0.05 47726.6
0 140 4 phononTS 0.0015399 -0.0459907 -0.173492 0.049999 47726.6 0.00034743 1 -0.0405824 -0.0957319 0.05 47800.4
0 142 2 phononTS 0.00159292 -1.05028 -4.71926 0.00419755 1353.02 0.00034743 1 0.0324306 -0.0993041 0.05 16010.4
0 147 2 phononL 0.00155001 -1.38648 -3.46316 -0.0473172 789.807 0.00034743 1 0.0834957 -0.162539 0.05 127118
0 169 3 phononL 0.00187177 -2.64567 -4.53571 0.0106085 4837.76 0.00034743 1 0.0572739 -0.193517 0.05 13490.5
0 185 2 phononTS 0.00250249 0.175371 -0.855877 -0.0373919 9513.41 0.00069486 1 0.0319736 -0.13747 0.05 19223.2
0 234 2 phononTS 0.00267696 -0.252334 -3.97263 -0.0106214 6780.42 0.00069486 1 -0.0308134 -0.280033 0.05 41646
0 266 2 phononTS 0.00265368 -2.44346 -3.70383 0.0225955 3691.22 0.00104229 1 0.0846567 -0.272618 0.05 18540.1
0 266 4 phononTS 0.000521126 0.0846567 -0.272618 0.049999 18540.1 0.00034743 1 0.0727978 -0.285777 0.05 18597.9
0 288 3 phononTF 0.00215259 -1.77053 -3.79709 -0.0269754 6155.88 0.00034743 1 -0.0413046 -0.127391 0.05 33776.8
0 314 2 phononTS 0.00108512 -1.74264 -3.54256 -0.0129366 1126.6 0.00034743 1 0.0878876 -0.266163 0.05 106850
0 318 3 phononL 0.00215612 -0.890198 -3.75074 0.00405269 3960.36 0.00069486 1 -0.0479214 -0.301498 0.05 19471.6
0 330 5 phononTS 0.00111435 1.822 -4.92888 0.0428136 18387.7 0.00069486 1 0.0185185 -0.199977 0.05 35443.7
0 332 3 phononL 0.00304298 -1.30396 -3.64306 0.0186433 838.424 0.00069486 1 -0.0219417 -0.189937 0.05 18513.6
0 343 5 phononTS 0.00109149 -1.73099 -0.610616 -0.00675496 7800.39 0.00034743 1 -0.0610843 -0.146387 0.05 47093.1
0 356 3 phononTS 0.00185767 -1.26873 -3.75891 0.0208302 24186.8 0.00034743 1 -0.039708 -0.241014 0.05 41295.4
0 356 5 phononTS 0.00089314 -0.039708 -0.241014 0.049999 41295.4 0.00034743 1 -0.0597993 -0.220317 0.05 41357.8
0 403 2 phononTS 0.00204495 -0.34556 -3.82795 0.0169737 3901.67 0.00034743 1 -0.0331072 -0.177917 0.05 20128.7
0 403 6 phononL 0.000555626 -0.0331072 -0.177917 0.049999 20128.7 0.00034743 1 0.0855686 -0.144955 0.05 20268.4
0 406 5 phononTF 0.0014247 1.4241 -2.52479 -0.0274588 38059.5 0.00034743 1 0.0330838 -0.121934 0.05 82433.6
0 427 5 phononTS 0.000770555 0.883695 -4.77393 -0.00526827 29889.3 0.00034743 1 -0.0558009 -0.162767 0.05 70014.2
0 431 3 phononL 0.00140805 -1.63668 -4.46382 -0.00695291 4366.51 0.00034743 1 0.072791 -0.268688 0.05 39582.7
0 436 3 phononTF 0.00188075 0.370047 -1.54318 -0.0157531 9217.1 0.00034743 1 -0.0261221 -0.201842 0.05 24174.8
0 437 2 phononTF 0.00160875 0.750842 -0.375589 0.00692481 14016.6 0.00034743 1 -0.0369555 -0.211561 0.05 19988.3
0 467 2 phononTF 0.00141645 -1.23428 -3.88963 0.0219753 237.46 0.00069486 1 -0.0305354 -0.269739 0.05 41134
0 476 4 phononTS 0.00142617 0.218432 -0.861414 -0.00846025 12689 0.00069486 1 0.0930025 -0.169918 0.05 13021.3
0 487 3 phononTS 0.00230327 0.0404309 -4.12576 -0.00471662 2405.96 0.00034743 1 -0.0462951 -0.258215 0.05 110562
0 518 2 phononTF 0.0013092 -1.94797 -4.1708 -0.0333593 374.947 0.00034743 1 -0.0843491 -0.165099 0.05 26662.6
0 583 2 phononTS 0.00167236 -0.198114 -3.43755 -0.0236563 2414.2 0.00034743 1 0.0331749 -0.142619 0.05 43395.9
0 586 2 phononTS 0.00144371 -1.66491 -4.91237 0.0338703 11026.6 0.00034743 1 -0.0875784 -0.204248 0.05 14035.1
0 656 2 phononTS 0.0015621 -1.48421 -1.79253 -0.0462274 7149.51 0.00069486 1 0.0764345 -0.218667 0.05 14601
0 725 2 phononL 0.0022207 -1.22989 -3.8044 0.00724501 1121.92 0.00069486 1 0.0559804 -0.221486 0.05 28957.4
0 727 3 phononL 0.00252293 -1.25384 -3.81565 -0.0197147 1005.02 0.00069486 1 -0.0365327 -0.217268 0.05 34193
0 766 3 phononTS 0.00157967 -1.81535 -2.83185 0.0131305 7374.93 0.00034743 1 0.101797 -0.220495 0.05 69394.5
0 766 4 phononTS 0.000843741 0.101797 -0.220495 0.049998 69394.5 0.00034743 1 -0.107305 -0.205791 0.05 70268.8
0 784 3 phononTS 0.00186239 -0.712479 -1.23101 -0.0412929 10778.6 0.00034743 1 -0.113007 -0.169063 0.05 79759.3
0 784 4 phononTF 0.000459344 -0.113007 -0.169063 0.049999 79759.3 0.00034743 1 0.10479 -0.17849 0.05 128420
0 843 2 phononTF 0.00205106 -2.21156 -4.87109 -0.0154001 4583.13 0.00069486 1 0.0811223 -0.211606 0.05 42912.1
0 867 3 phononTS 0.00228573 -1.14158 -3.60629 -0.038533 1400.26 0.00034743 1 -0.0556209 -0.103824 0.05 133662
0 912 3 phononTS 0.00215047 -1.27222 -3.76045 -0.0293635 7.15219 0.00069486 1 -0.060342 -0.198444 0.05 28160.7
0 931 2 phononTS 0.00151586 -1.30396 -3.80145 0.034101 18.2784 0.00034743 1 0.033154 -0.203394 0.05 4854.26
0 931 5 phononTS 0.00114884 0.033154 -0.203394 0.049999 4854.26 0.00034743 1 -0.0639975 -0.189965 0.05 4976.76
0 953 2 phononTF 0.00216826 -0.976719 -3.16257 0.0369842 577.957 0.00034743 1 -0.045625 -0.199176 0.05 34813.3
0 1075 3 phononTF 0.00199505 0.38677 -3.76105 -0.0278301 3326.46 0.00069486 1 0.0154223 -0.195867 0.05 22068.4
0 1075 6 phononTS 0.000521137 0.0154223 -0.195867 0.049999 22068.4 0.00034743 1 0.0969648 -0.250263 0.05 22144.2
0 1122 2 phononTS 0.00136927 -1.25569 -3.74347 0.00533354 1.85553 0.00069486 1 0.0512469 -0.131057 0.05 13838.4
0 1159 3 phononTF 0.00166913 -2.10222 -3.99361 -0.045593 1167.81 0.00034743 1 0.036186 -0.10776 0.05 91708.5
0 1159 4 phononTS 0.000882046 0.036186 -0.10776 0.049999 91708.5 0.00034743 1 -0.0620002 -0.143769 0.05 136501
0 1182 2 phononTS 0.00227364 -1.43282 -3.08417 -0.0419464 2210.03 0.00104229 1 -0.0788503 -0.22672 0.05 13192.7
0 1185 3 phononL 0.00164146 -0.761862 -3.31577 -0.0490009 6864.03 0.00069486 1 -0.0334272 -0.107426 0.05 19032.5
0 1197 4 phononL 0.00210323 -4.34585 -2.78098 0.0133895 13499.3 0.00034743 1 0.0552654 -0.196173 0.05 23397.6
0 1229 2 phononL 0.0025789 -2.73926 -3.49134 0.0312047 4998.58 0.00104229 1 0.0804415 -0.254049 0.05 58978.7
0 1235 3 phononTS 0.00176138 -1.41984 -3.76391 -0.0102968 999.306 0.00104229 1 0.0648925 -0.27962 0.05 6465.54
0 1245 2 phononTF 0.0020958 0.476806 -4.64129 -0.0272116 6250.68 0.00034743 1 -0.0671127 -0.149159 0.05 33771.5
0 1298 3 phononTS 0.00208738 -1.25485 -3.75445 -0.00272881 3.85153 0.00034743 1 -0.0587057 -0.159852 0.05 18490.5
0 1298 5 phononTS 0.00055697 -0.0587057 -0.159852 0.049999 18490.5 0.00034743 1 0.0679348 -0.131058 0.05 18794
0 1338 2 phononTS 0.00261926 -2.35657 -4.04026 0.00777595 5685.77 0.00034743 1 0.0573682 -0.170426 0.05 28649.6
0 1338 5 phononL 0.00141515 0.0573682 -0.170426 0.049999 28649.6 0.00034743 1 -0.0633085 -0.271669 0.05 60510.2
0 1355 3 phononL 0.00133178 -1.65696 -3.12124 -0.027672 14282.3 0.00069486 1 -0.115727 -0.193373 0.05 50394.1
0 1401 4 phononTS 0.00128937 -1.61351 -2.11043 0.0443324 2306.62 0.00034743 1 -0.0437473 -0.262468 0.05 49863.5
0 1423 2 phononTF 0.00216978 -2.71884 -3.81028 -0.00946425 3276.08 0.00034743 1 -0.0197953 -0.141232 0.05 16802.2
0 1423 4 phononL 0.00086157 -0.0197953 -0.141232 0.049999 16802.2 0.00034743 1 -0.103717 -0.189903 0.05 17194.3
0 1456 2 phononTS 0.001766 -1.97167 -3.62192 0.00293894 2192.01 0.00034743 1 0.0325474 -0.250332 0.05 58940.9
0 1464 3 phononL 0.00177031 -1.01758 -3.48787 0.0156162 799.169 0.00069486 1 -0.0272038 -0.228515 0.05 24386.1
0 1470 5 phononTF 0.000754116 -2.63728 -2.1935 0.00692652 24233.6 0.00034743 1 0.0138419 -0.183035 0.05 29691.1
0 1474 3 phononTS 0.00185163 -1.4077 -3.9122 -0.0196557 704.894 0.00069486 1 -0.0652677 -0.213768 0.05 21952.7
0 1480 4 phononL 0.00160291 0.0903477 -3.93608 -0.0137474 5846.5 0.00069486 1 0.0753703 -0.280917 0.05 15029.4
0 1480 7 phononTF 0.000640668 0.0753703 -0.280917 0.049999 15029.4 0.00034743 1 0.0586972 -0.152217 0.05 15181.2
0 1509 5 phononTF 0.00133996 -3.267 -1.93479 0.0344737 14294.1 0.00034743 1 -0.052206 -0.161268 0.05 43919.5
0 1509 6 phononL 0.000453509 -0.052206 -0.161268 0.049999 43919.5 0.00034743 1 0.0738282 -0.163171 0.05 43971.5
0 1532 3 phononTS 0.00282994 -0.426355 -3.81567 -0.00610288 4102.23 0.00104229 1 -0.0643684 -0.163228 0.05 50889.7
0 1613 5 phononTS 0.00165837 -2.70843 -3.85309 0.0493236 3008.02 0.00069486 1 0.0479825 -0.285805 0.05 74299.5
0 1636 5 phononTS 0.000789504 -3.43806 0.154533 -0.0134972 50011.9 0.00034743 1 -0.0647536 -0.203857 0.05 60756.8
0 1646 3 phononTF 0.00199026 -0.994845 -4.28528 0.0162202 16722.1 0.00104229 1 0.0688279 -0.185457 0.05 24650.1
0 1773 2 phononTF 0.00123585 -1.31772 -3.6967 0.0337874 17.1304 0.00069486 1 0.0925454 -0.155329 0.05 9457.09
0 1787 2 phononL 0.00199922 -2.21058 -4.93046 0.0220499 6853.5 0.00069486 1 -0.0278504 -0.120638 0.05 41895.8
0 1792 3 phononTF 0.0022853 -0.865061 -3.77113 0.028135 1621.27 0.00069486 1 0.0991716 -0.13689 0.05 55617.4
0 1816 3 phononTS 0.00217232 -1.98663 -3.32439 0.0297989 5115.3 0.00138972 1 -0.115234 -0.213953 0.05 9398.37
0 1816 10 phononTS 0.000396127 -0.115234 -0.213953 0.049999 9398.37 0.00034743 1 -0.0468452 -0.288328 0.05 9472.19
0 1816 2 phononTF 0.00182768 -1.98663 -3.32439 0.0297989 5115.3 0.00034743 1 -0.0545788 -0.16897 0.05 14846.8
0 1819 2 phononL 0.00128346 -1.06798 -3.84052 0.0380033 123.947 0.00034743 1 -0.0463455 -0.179488 0.05 7769.87
0 1853 2 phononTF 0.00179069 -2.29581 -3.11081 -0.00969401 1106.4 0.00069486 1 -0.0817276 -0.174029 0.05 32312.5
0 1855 3 phononTS 0.00256714 -2.60362 -3.28332 0.0023193 5034.92 0.00138972 1 -0.114507 -0.184633 0.05 15973.5
0 1856 2 phononTF 0.00162111 -1.7143 -0.569568 -0.0141658 7799.23 0.00034743 1 -0.041379 -0.149441 0.05 14453.9
0 1856 8 phononTF 0.000618355 -0.041379 -0.149441 0.049999 14453.9 0.00034743 1 -0.0423531 -0.297872 0.05 16016.1
0 1856 5 phononTS 0.000368942 -0.041379 -0.149441 0.049999 14453.9 0.00034743 1 0.0987025 -0.16384 0.05 14764.5
0 1862 5 phononTS 0.00134193 -3.7739 -4.96332 -0.0334811 4273.68 0.00034743 1 -0.0709082 -0.154456 0.05 55065.8
0 1894 2 phononL 0.00250514 -0.789795 -2.33382 0.00695225 11502.7 0.00034743 1 0.0201916 -0.241925 0.05 14173.9
0 1949 3 phononTS 0.00164476 -0.432359 -3.44448 0.034827 1559.23 0.00034743 1 0.0613627 -0.180327 0.05 26440.7
0 1949 6 phononTF 0.00111545 0.0613627 -0.180327 0.049999 26440.7 0.00034743 1 0.0974323 -0.177698 0.05 26559.9
0 1964 3 phononTS 0.00256477 -1.12462 -4.31277 0.0270205 2767.85 0.00069486 1 0.0638591 -0.201787 0.05 19525.3
0 1964 2 phononTF 0.00143523 -1.12462 -4.31277 0.0270205 2767.85 0.00034743 1 0.0382591 -0.246351 0.05 18034.4
0 1964 16 phononTS 0.000560447 0.0382591 -0.246351 0.049999 18034.4 0.00034743 1 -0.0356601 -0.139169 0.05 18180.3
0 1969 3 phononL 0.002276 -1.63405 -4.34827 0.0102305 8238.71 0.00104229 1 0.118047 -0.203459 0.05 42830.1
0 1977 5 phononL 0.00203479 3.18166 -3.04922 -0.0275793 48559.8 0.00069486 1 -0.0988071 -0.135418 0.05 59885.6
0 1978 2 phononTF 0.00118094 -0.734339 -4.05669 -0.0259205 10825.9 0.00034743 1 0.0158352 -0.177871 0.05 23342.3
0 2018 3 phononTS 0.00278512 -0.266405 -2.6006 -0.00264566 7333.39 0.00034743 1 -0.0822667 -0.255618 0.05 28511.9
0 2058 5 phononTS 0.00108237 2.63789 -4.78071 -0.0364519 68093.5 0.00034743 1 0.0874966 -0.141955 0.05 97082.1
0 2105 4 phononL 0.00192491 0.561948 -1.70079 -0.0307094 21731.3 0.00069486 1 0.0345447 -0.12184 0.05 36700.7
0 2125 2 phononTS 0.000914588 -2.23512 -3.43424 -0.00557294 5730.57 0.00034743 1 -0.0141739 -0.184398 0.05 30193.6
0 2129 3 phononTS 0.00235015 -1.39804 -3.65121 0.0381654 424.953 0.00034743 1 0.0673111 -0.292406 0.05 5102.44
0 2131 3 phononTS 0.00205345 -1.36243 -1.46474 0.0217603 4798.17 0.00034743 1 -0.0441437 -0.102718 0.05 29149.9
0 2154 2 phononTF 0.00184139 -1.32808 -2.83307 0.0266528 1266.89 0.00034743 1 0.0977889 -0.158307 0.05 7738.11
0 2155 2 phononTF 0.00219029 -2.99921 -1.54419 0.035222 18645.4 0.00034743 1 0.0313865 -0.094169 0.05 27142.3
0 2164 2 phononTF 0.00169922 -1.75866 -3.36808 0.0174444 328.939 0.00069486 1 0.116366 -0.174455 0.05 13932.5
0 2197 3 phononTS 0.00206857 -1.58858 -2.51938 0.0206992 17331.9 0.00104229 1 0.0741614 -0.111201 0.05 32909.7
0 2231 3 phononTS 0.0023831 -1.48355 -1.7468 0.0177178 2256.82 0.00069486 1 0.0428175 -0.231964 0.05 4952.23
0 2237 3 phononTF 0.00282835 -0.159514 -4.37186 0.0350162 7632.78 0.00104229 1 0.097655 -0.187995 0.05 36989.7
0 2237 7 phononTS 0.000965961 0.097655 -0.187995 0.049999 36989.7 0.00034743 1 0.10802 -0.185356 0.05 37046
0 2250 3 phononTS 0.00202085 -2.25426 -3.86389 0.0448831 12269.5 0.00034743 1 -0.0619001 -0.238361 0.05 36733.9
0 2335 2 phononTF 0.00197203 -0.325215 -4.54367 0.0143285 2560.49 0.00069486 1 -0.0659208 -0.12557 0.05 24032.9
0 2342 3 phononTS 0.00214878 -0.848015 -4.01257 -0.0424103 670.298 0.00069486 1 -0.0421485 -0.246608 0.05 7511.21
0 2395 3 phononTF 0.00213093 -0.846109 -4.89853 -0.0112671 2471.78 0.00104229 1 0.0341113 -0.21368 0.05 44945.1
0 2397 2 phononTS 0.00186099 -1.93434 -2.97992 0.0216298 1438.27 0.00104229 1 -0.0728648 -0.115187 0.05 28660.4
0 2416 2 phononTF 0.0016264 -4.03735 -3.18352 0.00890719 18357.8 0.00034743 1 -0.0446778 -0.157783 0.05 54775.5
0 2420 3 phononTF 0.00132447 -4.03511 -2.87352 0.0490555 6070.16 0.00034743 1 -0.0455724 -0.150573 0.05 23284.8
0 2420 4 phononTS 0.000412857 -0.0455724 -0.150573 0.049999 23284.8 0.00034743 1 0.0414985 -0.201521 0.05 23434.7
0 2432 4 phononTF 0.00190018 -0.803269 -4.76071 0.0105077 11395.8 0.00069486 1 -0.0969032 -0.187484 0.05 25690.3
0 2440 3 phononTF 0.000839135 1.9845 -3.62494 -0.00253035 5298.41 0.00034743 1 -0.0336101 -0.265044 0.05 55590
0 2443 5 phononTF 0.00152281 -0.436349 -0.710011 -0.00507125 33392.3 0.00069486 1 -0.0776966 -0.255798 0.05 36648.4
0 2445 3 phononTS 0.00274396 -1.39749 -4.03891 0.013328 6858.94 0.00069486 1 -0.0707076 -0.237606 0.05 29701.6
0 2445 4 phononTF 0.00132389 -0.0707076 -0.237606 0.049999 29701.6 0.00069486 1 0.0324164 -0.233222 0.05 36261
0 2462 3 phononTF 0.00156393 -1.9155 -1.38824 0.00960489 9874.75 0.00104229 1 0.0607888 -0.205377 0.05 24172.6
0 2463 3 phononL 0.00183583 -1.27723 -3.78492 0.0441682 11.504 0.00034743 1 -0.0695427 -0.14789 0.05 5150.72
0 2474 2 phononTF 0.000680761 -0.118517 -4.01917 -0.0112208 4993.86 0.00034743 1 0.0878504 -0.267203 0.05 28607.9
0 2486 3 phononTF 0.00187613 -1.53121 -3.46476 -0.0120178 342.779 0.00069486 1 0.0806801 -0.137744 0.05 15991.2
0 2514 2 phononL 0.000852714 -1.32826 -3.50057 0.0485239 170.289 0.00069486 1 -0.0489716 -0.27829 0.05 22443.7
0 2515 3 phononTF 0.00256562 -1.90506 -2.32852 0.0295864 6188.59 0.00034743 1 0.0853443 -0.124795 0.05 11048.6
0 2523 2 phononL 0.00141339 -1.27811 -4.11778 -0.0406723 1936.94 0.00034743 1 0.0325622 -0.249323 0.05 74680
0 2577 3 phononTS 0.00206365 -1.02274 -3.19367 -0.0253235 1640.95 0.00069486 1 -0.0939499 -0.251415 0.05 24578.9
0 2577 9 phononTF 0.00114858 -0.0939499 -0.251415 0.049999 24578.9 0.00034743 1 -0.113175 -0.181497 0.05 24641.1
0 2592 3 phononTS 0.00187698 -2.90591 -1.98267 0.00656753 8435.47 0.00034743 1 -0.101598 -0.154434 0.05 11846.1
0 2635 2 phononTS 0.00189942 -0.319587 -4.20349 0.0266554 1521.23 0.00069486 1 -0.0362692 -0.205274 0.05 20758.8
0 2636 3 phononTF 0.00160905 -2.74091 -4.71539 0.0265154 28642.7 0.00034743 1 -0.0530004 -0.0991939 0.05 85099.5
0 2662 2 phononTS 0.00197563 -2.12245 -1.84174 0.0287731 9774.29 0.00069486 1 -0.0891142 -0.189497 0.05 66870.5
0 2685 3 phononTS 0.00196182 -0.169376 -3.52196 0.00558388 2890.05 0.00069486 1 -0.0778381 -0.172064 0.05 67143.3
0 2685 4 phononTS 0.000974204 -0.0778381 -0.172064 0.049999 67143.3 0.00034743 1 -0.0815436 -0.172105 0.05 67199.5
0 2720 5 phononTF 0.00227636 -4.13068 0.412203 0.0459634 16450.8 0.00034743 1 -0.0811495 -0.131412 0.05 20672.3
0 2720 9 phononL 0.000858217 -0.0811495 -0.131412 0.049999 20672.3 0.00034743 1 0.0866598 -0.26436 0.05 20729.7
0 2743 5 phononTF 0.0008913 -0.335489 -1.74126 -0.0273877 22263.5 0.00034743 1 -0.0636101 -0.287154 0.05 23058
0 2803 2 phononTF 0.00130858 -1.53586 -4.19445 -0.00773128 711.564 0.00034743 1 -0.0565124 -0.134797 0.05 23725.8
0 2803 4 phononTF 0.000455301 -0.0565124 -0.134797 0.049999 23725.8 0.00034743 1 -0.0470976 -0.1198 0.05 24271.1
0 2825 2 phononTF 0.00213925 -1.28425 -3.65871 0.034787 637.794 0.00034743 1 -0.087144 -0.13421 0.05 18301.7
0 2863 3 phononTF 0.00254258 -0.480861 -3.66183 0.0316516 590.411 0.00034743 1 0.0879065 -0.169598 0.05 29785.7
0 2863 5 phononTF 0.000725904 0.0879065 -0.169598 0.049999 29785.7 0.00034743 1 -0.0428081 -0.248181 0.05 30054.5
0 2863 4 phononTF 0.00137504 0.0879065 -0.169598 0.049999 29785.7 0.00034743 1 0.0883739 -0.170168 0.05 29843.8
0 2939 4 phononTS 0.00121201 -2.25391 -3.3746 0.00861119 13623.6 0.00034743 1 -0.111811 -0.211486 0.05 44708.5
0 2941 6 phononTS 0.000785829 0.591668 -4.22657 -0.0487983 2239.23 0.00034743 1 0.0566601 -0.185658 0.05 18551.4
0 2958 3 phononTS 0.00229228 -2.30629 -3.77529 0.00715858 1582.58 0.00034743 1 0.0268129 -0.215255 0.05 47140.4
0 2967 3 phononL 0.00153899 -1.07631 -4.46345 0.0238748 2553.86 0.00069486 1 -0.0291124 -0.29409 0.05 68676.8
0 3071 2 phononTS 0.0015998 -2.62476 -3.03974 0.0418193 11519.8 0.00034743 1 -0.0100838 -0.198506 0.05 30548
0 3075 3 phononTS 0.00220052 -0.53217 -2.43968 -0.0313401 3804.85 0.00034743 1 -0.0744034 -0.276273 0.05 15115.9
0 3075 5 phononTS 0.000542823 -0.0744034 -0.276273 0.049999 15115.9 0.00034743 1 0.0553431 -0.262299 0.05 15290.6
0 3075 4 phononTS 0.000611459 -0.0744034 -0.276273 0.049999 15115.9 0.00034743 1 -0.0728178 -0.268733 0.05 15172.3
0 3087 3 phononTS 0.00243998 -4.26558 -2.18872 0.0288552 22318.7 0.00069486 1 0.0651277 -0.156281 0.05 69039.8
0 3087 11 phononTF 0.00050906 0.0651277 -0.156281 0.049999 69039.8 0.00034743 1 0.0812184 -0.150889 0.05 69128.7
0 3132 3 phononTS 0.00226006 -0.927864 -3.94104 -0.0213425 1423.71 0.00069486 1 0.0810687 -0.258519 0.05 30892.3
0 3176 2 phononTS 0.00123042 -1.33238 -3.36291 -0.00734889 9181.03 0.00069486 1 -0.107812 -0.209085 0.05 83687.1
0 3201 3 phononTF 0.00152241 -0.574854 -3.03173 0.0166216 3232.08 0.00034743 1 -0.077238 -0.114119 0.05 53617.1
0 3201 5 phononTF 0.000533446 -0.077238 -0.114119 0.049999 53617.1 0.00034743 1 -0.0613276 -0.178853 0.05 53678.2
0 3209 2 phononTF 0.00201079 -2.45609 -3.16032 -0.011697 6869.97 0.00069486 1 -0.015678 -0.188045 0.05 35190.6
0 3231 3 phononTS 0.00144366 -1.21168 -3.81823 -0.0311584 2298.13 0.00069486 1 0.0619651 -0.162829 0.05 46177.1
0 3237 3 phononTF 0.00205082 -0.839644 -4.88803 -0.0468585 2980.84 0.00069486 1 0.0587705 -0.219607 0.05 15910.5
0 3237 5 phononTS 0.00114539 0.0587705 -0.219607 0.049999 15910.5 0.00034743 1 0.087363 -0.180251 0.05 15976
0 3257 3 phononTF 0.00255573 -1.03171 -3.71593 -0.0051669 131.957 0.00034743 1 0.0578178 -0.244236 0.05 5420.64
0 3378 4 phononTF 0.00151393 2.14367 -1.15594 0.0127679 8129.07 0.00069486 1 0.0310135 -0.109226 0.05 42164.2
0 3434 3 phononTF 0.00189027 -1.61983 -2.31651 -0.00079932 7778.77 0.00034743 1 0.119864 -0.195182 0.05 9700.88
0 3434 4 phononTF 0.00118848 0.119864 -0.195182 0.049999 9700.88 0.00034743 1 0.107055 -0.15258 0.05 9834.89
0 3434 12 phononTF 0.000383385 0.107055 -0.15258 0.049999 9834.89 0.00034743 1 0.0674698 -0.230191 0.05 10158.8
0 3449 2 phononL 0.00136428 -0.69131 -3.11353 0.0414439 13713.3 0.00034743 1 0.0931812 -0.220838 0.05 27142
0 3489 3 phononTS 0.00227753 -1.2423 -3.75856 -0.000640014 2.16153 0.00034743 1 -0.044531 -0.107355 0.05 56051.5
0 3528 2 phononTS 0.00180954 -1.41421 -3.1112 -0.0200892 1512.25 0.00034743 1 0.0411432 -0.220336 0.05 22242
0 3529 3 phononL 0.00206654 -1.74092 -3.46773 0.0284642 4146.15 0.00034743 1 -0.0637853 -0.137639 0.05 19535
0 3535 3 phononTF 0.00224817 -1.32137 -3.43359 0.0293077 1762.15 0.00034743 1 0.115875 -0.228289 0.05 4819.62
0 3538 2 phononTF 0.00144238 -2.40221 -4.63622 0.00295919 4236.24 0.00034743 1 -0.0409399 -0.228893 0.05 35460.7
0 3555 5 phononTF 0.00132365 1.96673 -2.23474 -0.00498795 10428.9 0.00034743 1 -0.0367673 -0.193117 0.05 22143.7
0 3555 7 phononL 0.000475102 -0.0367673 -0.193117 0.049998 22143.7 0.00034743 1 -0.0866785 -0.128788 0.05 22265.6
0 3560 2 phononTS 0.00167295 -1.31819 -2.64417 0.0190422 718.025 0.00034743 1 -0.0300215 -0.256925 0.05 10461.7
0 3560 4 phononTF 0.000687721 -0.0300215 -0.256925 0.049999 10461.7 0.00034743 1 -0.115693 -0.194209 0.05 10532.9
0 3602 2 phononTS 0.00067554 -1.319 -4.06166 -0.0177412 502.312 0.00034743 1 -0.10787 -0.155011 0.05 9536.31
0 3607 2 phononTS 0.00227345 -2.32713 -4.54457 0.013002 3705.84 0.00034743 1 -0.0280512 -0.151768 0.05 12992.5
0 3607 7 phononTS 0.000881254 -0.0280512 -0.151768 0.049999 12992.5 0.00034743 1 -0.0888448 -0.237974 0.05 33288.8
0 3608 3 phononTS 0.00135356 -1.43271 -3.97238 0.0037443 7663.67 0.00034743 1 -0.0725592 -0.194941 0.05 14762
0 3608 5 phononTS 0.00067384 -0.0725592 -0.194941 0.049999 14762 0.00034743 1 -0.0843682 -0.192431 0.05 14827.7
0 3664 3 phononTS 0.00113549 -1.63007 -1.90788 0.0142171 17752.9 0.00034743 1 0.0704055 -0.241861 0.05 41992.4
0 3685 2 phononTF 0.00109809 -0.956743 -1.42683 0.0315441 24571.3 0.00034743 1 0.0516992 -0.29058 0.05 46928.7
0 3741 2 phononTS 0.00208731 -2.29466 -3.56771 0.0174914 4535.91 0.00069486 1 0.0433082 -0.110365 0.05 22188.8
0 3766 3 phononTF 0.00265304 -0.660639 -3.03055 -0.00474067 2262.96 0.00034743 1 -0.109345 -0.21298 0.05 13777.5
0 3766 6 phononTF 0.000500229 -0.109345 -0.21298 0.049999 13777.5 0.00034743 1 -0.028733 -0.207842 0.05 18952
0 3815 3 phononTF 0.00251726 -1.55419 -3.51726 0.00386369 4938.63 0.00069486 1 -0.0784151 -0.253178 0.05 31916.6
0 3815 4 phononTS 0.001397 -0.0784151 -0.253178 0.049999 31916.6 0.00069486 1 -0.051118 -0.121221 0.05 33053.8
0 3823 5 phononTS 0.00180079 3.53255 -0.61355 0.0221139 47642.5 0.00069486 1 0.011841 -0.217809 0.05 68187.3
0 3858 2 phononTF 0.00275866 -2.17086 -4.42268 0.0216359 3886.61 0.00069486 1 0.104781 -0.197053 0.05 13839.1
0 3862 2 phononTF 0.00181889 -2.91857 -1.04401 -0.024093 8110.97 0.00034743 1 0.0976578 -0.263721 0.05 11552.9
0 3886 2 phononL 0.00177788 -0.513856 -3.82152 0.00962493 3677.77 0.00104229 1 0.0508852 -0.180594 0.05 23496.7
0 3890 3 phononTF 0.00221918 -2.00818 -3.65777 -0.0412661 21049 0.00104229 1 -0.0410499 -0.105483 0.05 38045.4
0 3892 4 phononTS 0.00236328 -1.70221 -3.31412 0.0146045 4857.88 0.00138972 1 0.052751 -0.170653 0.05 18117.3
0 3904 2 phononL 0.00189028 -3.0429 -3.36401 -0.0417043 6922.07 0.00069486 1 0.0818139 -0.144365 0.05 16400
0 3913 4 phononTS 0.000547283 4.929 0.026608 -0.0278468 9282.61 0.00034743 1 -0.0334745 -0.297405 0.05 47498.7
0 3922 2 phononTS 0.00212398 -1.26414 -3.73614 -0.013996 4.41354 0.00069486 1 -0.0227241 -0.267442 0.05 4565.64
0 3947 2 phononL 0.00227226 -1.73691 -3.70552 0.0282198 549.207 0.00069486 1 0.0697144 -0.202739 0.05 6047.05
0 3990 2 phononTF 0.00201732 -1.00459 -3.50454 -0.0119526 5556.72 0.00034743 1 0.0658601 -0.267806 0.05 32914.1
0 4009 7 phononTS 0.00127976 4.0612 -0.130411 0.0225595 8257.41 0.00069486 1 0.0842836 -0.266967 0.05 63620.7
0 4016 3 phononTS 0.00242154 -0.534278 -2.90431 0.0364492 1657.72 0.00034743 1 -0.044414 -0.274479 0.05 62983.8
0 4024 4 phononTS 0.00125276 -0.766859 -3.15962 -0.0277116 17091.3 0.00034743 1 -0.0294025 -0.155489 0.05 74370.5
0 4061 2 phononTS 0.00147901 -1.56755 -3.84398 -0.0433466 580.633 0.00034743 1 -0.0714605 -0.131242 0.05 50875.4
0 4115 2 phononL 0.00220898 -0.0755423 -4.55937 -0.00289616 17748.2 0.00034743 1 -0.0873177 -0.248379 0.05 22088.4
0 4142 3 phononTS 0.00106458 -1.34465 -4.60314 -0.0387048 2024.88 0.00069486 1 -0.0740343 -0.178306 0.05 7012.93
0 4151 2 phononTS 0.00254564 -0.0835943 -3.51196 0.0449991 5515.81 0.00069486 1 0.021267 -0.231698 0.05 16657.4
0 4176 2 phononTS 0.00238274 -2.96058 -2.70204 0.0200079 6325.59 0.00069486 1 0.0510059 -0.159489 0.05 45551.8
0 4181 4 phononTF 0.00087484 -0.173622 -2.83772 -0.0386831 18717.8 0.00034743 1 -0.0964647 -0.162155 0.05 61250.1
0 4199 2 phononTS 0.00131129 -1.62402 -3.91512 -0.00948349 712.423 0.00034743 1 0.112324 -0.232107 0.05 5867.88
0 4205 5 phononL 0.00147975 -3.80511 -4.62955 -0.0318828 19625.9 0.00034743 1 0.0363897 -0.205574 0.05 42703.2
0 4205 6 phononTS 0.00101798 0.0363897 -0.205574 0.049999 42703.2 0.00034743 1 0.0421375 -0.222761 0.05 42760.5
0 4216 2 phononTS 0.00201834 -1.27375 -3.35494 -0.00165697 1767.75 0.00069486 1 0.0349684 -0.271649 0.05 9927.99
0 4274 2 phononTF 0.00254201 -0.286807 -4.31853 -0.0266834 2560.5 0.00034743 1 -0.107294 -0.171439 0.05 11201.4
0 4274 5 phononTF 0.00174033 -0.107294 -0.171439 0.049999 11201.4 0.00069486 1 -0.0734284 -0.168439 0.05 11260.3
0 4279 3 phononTS 0.0018054 -1.60545 -4.01939 0.0196858 1173.01 0.00034743 1 0.0808547 -0.14654 0.05 8809.39
0 4279 4 phononTF 0.000750601 0.0808547 -0.14654 0.049999 8809.39 0.00034743 1 -0.0436061 -0.151022 0.05 8877.32
0 4293 2 phononTF 0.00195553 -0.183843 -2.59521 0.0148577 6247.48 0.00069486 1 -0.0905417 -0.214734 0.05 10010.4
0 4303 4 phononTS 0.00136576 -3.15043 0.500788 -0.0126679 9235.22 0.00069486 1 -0.0410966 -0.239831 0.05 69717.9
0 4432 5 phononTS 0.00119907 0.421756 -3.23262 -0.0227792 17528.5 0.00034743 1 0.0765781 -0.257783 0.05 22244.7
0 4492 2 phononTS 0.00210415 -1.93791 -2.67696 0.000597785 2457.25 0.00034743 1 0.109392 -0.187948 0.05 12386.6
0 4499 2 phononTS 0.000700574 -1.08969 -3.61285 -0.0211514 1959.54 0.00034743 1 -0.102719 -0.239797 0.05 120290
0 4507 3 phononTS 0.00250502 -0.762395 -3.71203 0.0263768 8781.17 0.00069486 1 0.0675503 -0.261277 0.05 18479.7
0 4563 3 phononL 0.00268401 -0.275226 -4.39497 -0.00335751 19516.8 0.00034743 1 -0.0810012 -0.231249 0.05 27093.7
0 4567 2 phononL 0.00173079 -1.15646 -4.87639 0.0321622 2750.46 0.00034743 1 0.095556 -0.159342 0.05 37102.8
0 4578 4 phononTS 0.00132727 -2.52109 -4.76398 -0.0409733 19033.7 0.00034743 1 -0.0355909 -0.112902 0.05 84167.4
0 4578 7 phononTS 0.000518225 -0.0355909 -0.112902 0.049999 84167.4 0.00034743 1 0.0502922 -0.207604 0.05 84249.8
0 4604 3 phononL 0.00279193 0.265333 -4.2935 -0.0238657 5356.19 0.00034743 1 0.106621 -0.160272 0.05 17022.7
0 4614 3 phononL 0.00204091 -0.570345 -4.65844 0.0125012 7795.8 0.00104229 1 0.0343019 -0.229523 0.05 38260.6
0 4659 3 phononTF 0.00213179 -1.38695 -4.74278 -0.0330817 9351.4 0.00104229 1 -0.0193533 -0.234656 0.05 76738.9
0 4737 4 phononTF 0.000620852 -0.493513 1.1583 -0.0348763 10853.3 0.00034743 1 -0.0759941 -0.21046 0.05 12809.9
0 4757 5 phononL 0.00107898 4.54909 -0.555054 -0.0492308 27252 0.00034743 1 0.041592 -0.158109 0.05 169430
0 4782 2 phononL 0.00181496 -0.707296 -4.32361 0.0276253 4540.66 0.00034743 1 0.021641 -0.199968 0.05 20199.7
0 4792 3 phononTF 0.00187501 -0.211835 -3.64532 -0.0318546 1977.55 0.00034743 1 0.0520906 -0.193668 0.05 23819.7
0 4849 3 phononL 0.00216846 -1.66181 -3.62115 0.013046 4047.06 0.00034743 1 -0.0472312 -0.135947 0.05 6578.55
0 4867 5 phononTF 0.00126184 0.0366155 -1.67873 -0.00164625 23018 0.00034743 1 0.0886455 -0.173507 0.05 76942.4
0 4896 4 phononL 0.00120813 -3.47616 -2.26176 0.0339255 10604.3 0.00034743 1 -0.0160941 -0.191855 0.05 61066.4
0 4935 4 phononTS 0.00118358 -3.27749 2.59347 -0.0387259 58101.2 0.00034743 1 -0.0298013 -0.125414 0.05 90580.2
0 4935 6 phononL 0.000559042 -0.0298013 -0.125414 0.049999 90580.2 0.00034743 1 -0.0641015 -0.179715 0.05 96883.4
0 4964 3 phononTS 0.00149105 -1.42349 -2.63079 0.0152908 3540.83 0.00069486 1 0.0736039 -0.182802 0.05 23214.3
