Run ID,Event ID,Track ID,Particle Name,Start Energy [eV],Start X [mm],Start Y [mm],Start Z [mm],Start Time [ns],Energy Deposited [eV],Track Weight,End X [mm],End Y [mm],End Z [mm],Final Time [ns],Volume Name
0 51 5 phononTS 0.000597145 4.49092 3.95801 -0.0334651 99905.6 0.00034743 1 -0.0510525 -0.287965 0.05 108386
0 68 2 phononTF 0.00234936 -0.905744 2.70455 -0.0426866 842.776 0.00034743 1 -0.0323745 -0.0973032 0.05 3445.62
0 68 6 phononTS 0.000413464 -0.0323745 -0.0973032 0.049999 3445.62 0.00034743 1 -0.0643846 -0.217839 0.05 3534.56
0 69 2 phononTF 0.00160334 -0.686042 3.27237 -0.027929 85.0404 0.00034743 1 0.0624961 -0.186045 0.05 6043.63
0 69 4 phononTF 0.000545981 0.0624961 -0.186045 0.049999 6043.63 0.00034743 1 -0.0363578 -0.291174 0.05 6806
0 92 3 phononTS 0.00260844 -1.30334 3.08808 -0.046596 2564.94 0.00104229 1 0.0441059 -0.239409 0.05 10523.4
0 99 5 phononL 0.0013869 -0.895368 2.30098 0.0237792 33053.7 0.00034743 1 0.0980715 -0.201064 0.05 64871.3
0 132 2 phononL 0.00172087 0.309408 4.10488 0.0415396 3549 0.00069486 1 -0.0885128 -0.252624 0.05 22591
0 134 3 phononTS 0.00226669 -0.600688 4.31094 0.0126385 4623.8 0.00069486 1 0.0487813 -0.105726 0.05 37812.3
0 134 4 phononTS 0.000967069 0.0487813 -0.105726 0.049999 37812.3 0.00034743 1 0.077926 -0.206117 0.05 37984.8
0 198 3 phononTF 0.00108631 -0.693691 3.52844 0.0382436 4094.04 0.00069486 1 0.101328 -0.180519 0.05 50708.6
0 204 3 phononTF 0.00231098 -0.646707 1.38808 -0.0461404 4659.92 0.00104229 1 -0.091593 -0.174695 0.05 13989.8
0 204 5 phononTF 0.00106957 -0.091593 -0.174695 0.049999 13989.8 0.00069486 1 0.0248363 -0.283078 0.05 43506.8
0 248 4 phononL 0.00154336 -4.73216 1.3157 -0.0346782 31545 0.00034743 1 -0.0970581 -0.183125 0.05 37730.9
0 260 2 phononTF 0.00117707 -0.391105 3.26709 -0.047306 2911.55 0.00034743 1 -0.0667088 -0.154781 0.05 34378.8
0 264 3 phononTS 0.00238643 1.59544 2.58261 0.00392018 11253.2 0.00034743 1 -0.0515221 -0.28935 0.05 39970.4
0 274 4 phononTF 0.00224948 -3.29089 3.64104 0.0226355 17716.4 0.00034743 1 0.0881502 -0.249806 0.05 86060.3
0 367 4 phononTS 0.0014141 0.423949 1.91196 0.0186345 12879.4 0.00069486 1 -0.0440301 -0.119173 0.05 17302
0 382 2 phononTS 0.00105164 0.0498806 3.43631 0.0268914 2195.24 0.00034743 1 0.082495 -0.125841 0.05 24586.7
0 398 3 phononTF 0.00242518 -1.87159 2.51535 0.0217992 9691.98 0.00034743 1 -0.0905648 -0.240071 0.05 24021.1
0 398 8 phononL 0.000863923 -0.0905648 -0.240071 0.049999 24021.1 0.00034743 1 0.0542454 -0.242719 0.05 24073.1
0 398 4 phononTF 0.000681721 -0.0905648 -0.240071 0.049999 24021.1 0.00034743 1 0.0373652 -0.260314 0.05 24098.4
0 418 2 phononTS 0.00200238 0.698232 4.03794 -0.0298395 8689.19 0.00069486 1 0.0990267 -0.173077 0.05 25765.8
0 427 3 phononTS 0.00185409 -0.201565 3.70806 -0.0342446 1647.54 0.00034743 1 -0.0449431 -0.245269 0.05 42651.8
0 447 2 phononTS 0.000737617 0.00318789 4.95339 -0.00481695 6400.31 0.00034743 1 0.0307885 -0.113114 0.05 8487.04
0 462 3 phononTS 0.00195308 0.6929 2.33013 -0.0109857 12296.2 0.00034743 1 0.0658739 -0.156075 0.05 113726
0 462 4 phononTS 0.000552166 0.0658739 -0.156075 0.049999 113726 0.00034743 1 -0.0946627 -0.150197 0.05 114380
0 492 2 phononTF 0.00158028 -1.2674 3.53842 -0.0340022 1805.92 0.00069486 1 0.044781 -0.141757 0.05 64511.8
0 496 5 phononTS 0.00144319 0.592106 -0.33975 -0.0354835 71231.5 0.00034743 1 0.0946023 -0.239449 0.05 71753.9
0 539 8 phononTS 0.000760178 -0.0692345 -0.515571 0.0322524 41830.7 0.00034743 1 -0.0191281 -0.232586 0.05 53475.5
0 557 2 phononL 0.00224254 -1.38853 3.09398 0.0107042 1357.42 0.00069486 1 0.043177 -0.289729 0.05 17748.2
0 557 4 phononL 0.000995711 0.043177 -0.289729 0.049999 17748.2 0.00034743 1 0.054424 -0.291879 0.05 17805.2
0 557 14 phononTS 0.000377108 0.054424 -0.291879 0.049999 17805.2 0.00034743 1 0.0545831 -0.298499 0.05 18082.7
0 573 3 phononTS 0.00229616 -0.92643 4.11396 -0.0391566 5770 0.00104229 1 0.0225505 -0.243442 0.05 19518.2
0 600 3 phononTS 0.00115395 -1.87082 4.28011 -0.0233492 10769.7 0.00069486 1 -0.0490872 -0.160556 0.05 87169.9
0 607 3 phononL 0.00188303 -1.71401 4.39442 -0.0420143 3926.5 0.00069486 1 0.0947912 -0.251497 0.05 25934.2
0 620 3 phononTS 0.0015964 -2.93036 0.848413 0.0395941 11484 0.00104229 1 0.0755554 -0.26174 0.05 14036.2
0 631 4 phononTF 0.00165982 -0.483555 4.65646 0.0462386 3990.12 0.00034743 1 0.0801438 -0.225211 0.05 8169.81
0 631 8 phononTS 0.000821113 0.0801438 -0.225211 0.049999 8169.81 0.00034743 1 0.0941977 -0.149068 0.05 68354.8
0 806 2 phononTS 0.00236457 0.851324 3.27565 0.0140551 7350.31 0.00069486 1 -0.0724066 -0.126872 0.05 92418.1
0 847 2 phononL 0.00158485 0.784655 2.76147 -0.0440039 2900.19 0.00104229 1 0.0660322 -0.158789 0.05 9000.98
0 858 3 phononTS 0.00237093 -3.15081 1.97903 0.00229158 10732.5 0.00104229 1 -0.0539958 -0.221741 0.05 41571
0 873 3 phononL 0.00193889 -0.660833 2.74345 0.0301002 3205.46 0.00069486 1 -0.0567077 -0.140875 0.05 65566.3
0 909 3 phononTS 0.00209191 -0.788979 3.21446 -0.0408432 1865.08 0.00034743 1 -0.110045 -0.222624 0.05 5998.34
0 978 3 phononL 0.00199327 -0.965431 0.805888 0.0490055 12371.2 0.00069486 1 0.0712604 -0.142077 0.05 22604.1
0 978 2 phononTS 0.00200673 -0.965431 0.805888 0.0490055 12371.2 0.00069486 1 -0.0496227 -0.173978 0.05 20678.9
0 978 21 phononTS 0.000401315 -0.0496227 -0.173978 0.049999 20678.9 0.00034743 1 0.0386515 -0.152677 0.05 20762.1
0 1011 3 phononTF 0.00176713 -1.03432 3.37438 -0.0302833 303.524 0.00104229 1 -0.0777812 -0.13829 0.05 13775.2
0 1023 3 phononTF 0.00209763 -0.686796 3.31133 -0.0350944 17.4458 0.00069486 1 -0.0390139 -0.227629 0.05 22308.9
0 1035 5 phononTF 0.00104886 0.507248 1.83547 0.0175344 7832.12 0.00034743 1 -0.025848 -0.22064 0.05 50952.9
0 1047 3 phononTS 0.00190555 0.0123819 2.43912 -0.0277373 17960.6 0.00069486 1 0.0726543 -0.185421 0.05 24415.9
0 1098 2 phononTS 0.00154718 0.252227 1.35083 -0.0265515 9177.01 0.00034743 1 0.0453776 -0.120841 0.05 12137.4
0 1118 2 phononL 0.001668 -0.762878 3.45688 -0.0301858 498.083 0.00034743 1 -0.0892786 -0.218593 0.05 11384.2
0 1118 4 phononTS 0.00101397 -0.0892786 -0.218593 0.049999 11384.2 0.00034743 1 -0.0878422 -0.189176 0.05 11440.1
0 1138 3 phononTF 0.00200009 -0.566012 2.70962 -0.0471773 5281.58 0.00034743 1 -0.0292943 -0.223596 0.05 36832.5
0 1138 4 phononTS 0.000711646 -0.0292943 -0.223596 0.049999 36832.5 0.00034743 1 -0.0946713 -0.22151 0.05 37841
0 1147 2 phononL 0.0013931 -0.713998 3.15637 0.020812 1346.83 0.00034743 1 -0.0441904 -0.142197 0.05 67045.9
0 1151 3 phononTF 0.00264725 -0.596275 2.84435 -0.0449592 9693.58 0.00104229 1 -0.0458608 -0.214108 0.05 20848
0 1151 9 phononTF 0.000930154 -0.0458608 -0.214108 0.049999 20848 0.00034743 1 -0.0234725 -0.173534 0.05 22343.7
0 1151 19 phononL 0.000482754 -0.0234725 -0.173534 0.049999 22343.7 0.00034743 1 0.0737663 -0.227534 0.05 22983.3
0 1161 2 phononL 0.00204265 1.64366 4.42816 0.00343678 9727.87 0.00104229 1 -0.0406861 -0.149112 0.05 63245.1
0 1165 3 phononTF 0.00145162 -0.805712 3.30795 0.0378716 306.771 0.00034743 1 0.0612308 -0.143874 0.05 29497.2
0 1169 2 phononTS 0.00205817 0.761317 3.29707 0.0258452 8261.68 0.00104229 1 -0.0417001 -0.215259 0.05 16538.3
0 1177 2 phononTS 0.000552067 -0.710344 3.56986 -0.0326769 960.909 0.00034743 1 -0.0894147 -0.186043 0.05 3208.05
0 1224 2 phononL 0.00247597 -0.477359 1.74572 -0.0219711 7498.43 0.00034743 1 0.100062 -0.230731 0.05 26580.6
0 1250 3 phononTS 0.00255221 -0.183838 4.30154 -0.0449003 3088.69 0.00034743 1 -0.0866093 -0.250266 0.05 7208.71
0 1307 3 phononTF 0.00255099 -1.81118 4.22957 -0.00910948 5667.16 0.00104229 1 0.0346298 -0.099695 0.05 33861.8
0 1336 3 phononTS 0.00202612 -0.93349 0.863612 0.0229513 6238.96 0.00069486 1 0.112047 -0.168614 0.05 10954.9
0 1337 3 phononTF 0.00147264 0.0433268 4.95856 0.0276535 3037.29 0.00034743 1 -0.0531748 -0.297312 0.05 37740.7
0 1344 2 phononTF 0.00192502 2.9705 4.89002 0.0496299 7795.76 0.00034743 1 -0.0702507 -0.133559 0.05 124860
0 1344 5 phononTS 0.000756851 -0.0702507 -0.133559 0.049999 124860 0.00034743 1 0.0789024 -0.20661 0.05 125095
0 1348 2 phononTS 0.000838231 -0.230148 3.29464 -0.0344451 10769.4 0.00069486 1 -0.0932533 -0.201559 0.05 22042
0 1361 3 phononTS 0.00166163 -0.0982976 3.02075 0.0233097 5203.53 0.00069486 1 -0.0404772 -0.285563 0.05 14413.7
0 1361 4 phononTS 0.00075586 -0.0404772 -0.285563 0.049999 14413.7 0.00034743 1 0.0990215 -0.202043 0.05 14627.3
0 1437 2 phononTS 0.000809664 -0.389203 3.34293 -0.00778851 6689.57 0.00034743 1 -0.105573 -0.182228 0.05 140251
0 1442 4 phononTS 0.000580856 -4.24255 4.89971 0.0444401 14319.1 0.00034743 1 -0.0815012 -0.242362 0.05 43543.9
0 1468 3 phononTS 0.00231055 -0.292663 3.4103 -0.00798075 3356.36 0.00138972 1 0.0963697 -0.238444 0.05 15324.5
0 1492 2 phononTF 0.00219817 -1.14727 3.49564 0.0194224 3057.3 0.00104229 1 -0.0827338 -0.152702 0.05 7521.31
0 1576 3 phononL 0.00187791 -1.1421 1.44324 -0.0215965 14014.8 0.00034743 1 0.0215119 -0.251138 0.05 22852.3
0 1628 3 phononTS 0.00203503 -0.53744 3.96655 -0.00260854 774.059 0.00034743 1 -0.0353286 -0.292366 0.05 36046.5
0 1638 3 phononTS 0.00229655 -0.747778 3.2531 -0.00233296 0.819702 0.00034743 1 0.0247427 -0.236608 0.05 79078.2
0 1677 3 phononL 0.00134399 -1.15351 2.95344 0.00852783 866.655 0.00104229 1 0.0414179 -0.300768 0.05 25386.1
0 1686 5 phononTS 0.00129688 0.88985 4.28164 0.0290475 26919.6 0.00069486 1 -0.0669214 -0.132081 0.05 34752
0 1761 3 phononTF 0.00268064 -0.640065 3.19987 -0.00414268 335.131 0.00069486 1 0.0852037 -0.272139 0.05 14254.4
0 1761 5 phononTS 0.000439134 0.0852037 -0.272139 0.049999 14254.4 0.00034743 1 0.0446505 -0.135391 0.05 14660.5
0 1822 3 phononTS 0.00160941 -0.645589 4.35215 0.0121684 15841.8 0.00034743 1 -0.0429589 -0.193785 0.05 25226
0 1826 2 phononTS 0.00191499 -0.463303 3.93921 -0.0205075 3834.05 0.00034743 1 -0.0385919 -0.242925 0.05 19930.3
0 1831 2 phononL 0.0025756 -1.98556 2.51203 -0.00979871 9693.2 0.00104229 1 -0.087604 -0.135584 0.05 26822.2
0 1838 2 phononL 0.00177425 -1.6184 4.64281 -0.00801282 2745.13 0.00069486 1 0.0901674 -0.267247 0.05 11946.2
0 1838 4 phononTF 0.000500402 0.0901674 -0.267247 0.049999 11946.2 0.00034743 1 0.106017 -0.251021 0.05 12305.5
0 1841 3 phononTF 0.00137276 -1.61395 2.28939 -0.0492227 4498.75 0.00034743 1 -0.0948035 -0.188399 0.05 31447.1
0 1857 3 phononTS 0.00133553 -1.05043 4.48139 -0.00312843 3147.21 0.00034743 1 -0.0468807 -0.301502 0.05 29134.1
0 1872 3 phononTS 0.00161824 -0.748203 3.20591 0.00956752 11.8757 0.00069486 1 -0.0179135 -0.193074 0.05 2509.52
0 1872 5 phononTS 0.000446155 -0.0179135 -0.193074 0.049999 2509.52 0.00034743 1 0.060332 -0.174814 0.05 2853.69
0 1885 3 phononTS 0.00227846 -0.473442 3.17091 -0.00678923 239.019 0.00104229 1 0.0531083 -0.277612 0.05 46811.1
0 1931 5 phononTF 0.00155722 0.107926 1.08557 0.0459405 25724.2 0.00069486 1 0.0565946 -0.294585 0.05 43891
0 1957 5 phononTF 0.00139978 -2.93847 4.65812 0.0231286 39129 0.00034743 1 0.0125222 -0.201806 0.05 108802
0 1960 5 phononL 0.00133429 -3.52335 3.27097 0.021129 16941.9 0.00034743 1 -0.0206653 -0.160028 0.05 77138.6
0 2000 2 phononTS 0.00219435 -1.16288 3.63892 -0.0235657 6400.17 0.00034743 1 0.0319747 -0.107404 0.05 113862
0 2025 2 phononTS 0.00199856 -1.45685 3.7467 -0.0351434 2283.56 0.00034743 1 0.0598006 -0.283779 0.05 9375.44
0 2073 3 phononTF 0.00221554 -0.834469 3.20392 0.00267069 120.672 0.00104229 1 -0.081096 -0.191064 0.05 12260.2
0 2073 4 phononTF 0.000449706 -0.081096 -0.191064 0.049999 12260.2 0.00034743 1 -0.0668994 -0.12198 0.05 12430
0 2082 2 phononTS 0.0015929 -0.769152 3.4756 0.0247049 2496.6 0.00069486 1 0.0503262 -0.151565 0.05 46506.2
0 2097 3 phononTS 0.00256042 -0.431213 2.45213 -0.0108073 6728.39 0.00034743 1 -0.0909781 -0.223306 0.05 16172.6
0 2123 3 phononTS 0.0015893 -0.46891 4.43861 0.0265318 4324.08 0.00069486 1 0.0670665 -0.255083 0.05 35204.9
0 2172 3 phononL 0.00135745 0.397336 2.72758 -0.0406725 6460.72 0.00069486 1 0.0467582 -0.0973255 0.05 63003.7
0 2183 2 phononTS 0.00155997 -0.621589 1.3637 0.0330673 12460.4 0.00034743 1 -0.0658353 -0.154055 0.05 98357.8
0 2197 3 phononL 0.0020895 -1.03097 3.70641 -0.00983317 4145.4 0.00069486 1 0.0613153 -0.209896 0.05 27526.7
0 2214 3 phononTS 0.00246179 1.30897 4.15856 -0.0343999 11385.4 0.00034743 1 -0.0143214 -0.213432 0.05 23234.1
0 2224 2 phononTS 0.00233359 -1.07511 2.594 -0.0110835 3544.83 0.00069486 1 -0.0344829 -0.287803 0.05 70798.7
0 2224 5 phononTF 0.00157449 -0.0344829 -0.287803 0.049999 70798.7 0.00034743 1 -0.0301459 -0.127927 0.05 70871.4
0 2228 2 phononTS 0.0017913 -0.690736 2.66104 0.0188068 3571.26 0.00034743 1 -0.0792312 -0.256329 0.05 54832.2
0 2228 4 phononTF 0.00052397 -0.0792312 -0.256329 0.049999 54832.2 0.00034743 1 0.00137739 -0.199416 0.05 54900.1
0 2237 3 phononTS 0.00169273 0.771056 3.50938 0.025988 2734.12 0.00034743 1 0.0901659 -0.254227 0.05 6713.07
0 2237 5 phononTF 0.000444 0.0901659 -0.254227 0.049999 6713.07 0.00034743 1 0.017064 -0.21142 0.05 7286.35
0 2239 3 phononTS 0.00132344 -0.316738 2.55641 -0.00916737 1582.77 0.00034743 1 0.0362961 -0.29604 0.05 16510.2
0 2245 3 phononTS 0.00144863 -0.985439 3.0418 -0.0437715 2690.42 0.00069486 1 0.0788811 -0.22248 0.05 9445.31
0 2246 4 phononTS 0.000535864 0.401711 2.85928 0.0489591 26225.1 0.00034743 1 -0.0888885 -0.133295 0.05 46345
0 2250 3 phononTS 0.001684 0.689368 2.04024 -0.0298052 7758.74 0.00104229 1 -0.0436572 -0.275299 0.05 30168.8
0 2256 2 phononTF 0.00120022 -1.3557 2.85952 0.0266432 3588.42 0.00034743 1 0.0352467 -0.19847 0.05 11583.6
0 2277 3 phononTF 0.00196409 -1.51497 3.61711 -0.0402509 3218.21 0.00034743 1 -0.0446207 -0.285155 0.05 16620
0 2303 3 phononTS 0.00200617 -0.202872 3.35676 0.0408698 2113.24 0.00034743 1 -0.0341633 -0.277689 0.05 18513.5
0 2306 2 phononTS 0.0023226 -0.774432 3.22474 -0.0289946 43.0722 0.00104229 1 -0.101535 -0.178588 0.05 31666.7
0 2307 2 phononTS 0.00172876 -1.31181 2.70264 -0.00926106 1149.04 0.00034743 1 0.0461764 -0.202261 0.05 5561.95
0 2332 4 phononTS 0.000952141 0.346224 0.352588 -0.0094582 15006.9 0.00034743 1 -0.0855319 -0.209084 0.05 19469
0 2333 3 phononTS 0.000831417 1.01571 1.67764 -0.023003 15013.7 0.00034743 1 -0.0433466 -0.300955 0.05 46083.6
0 2333 9 phononTS 0.00200566 4.93183 0.985638 0.0343357 32790.9 0.00034743 1 -0.029032 -0.221887 0.05 57943.9
0 2404 3 phononTS 0.0011623 -1.04049 2.54177 0.0291752 2671.68 0.00034743 1 0.0837354 -0.269932 0.05 7639.18
0 2404 2 phononTS 0.0028377 -1.04049 2.54177 0.0291752 2671.68 0.00069486 1 -0.0337004 -0.0941783 0.05 5464.43
0 2404 15 phononL 0.000500725 -0.0337004 -0.0941783 0.049999 5464.43 0.00034743 1 0.0957116 -0.131834 0.05 5526.46
0 2416 4 phononTS 0.000998591 -2.90349 2.50642 -0.0261922 11640.3 0.00034743 1 -0.0367574 -0.266804 0.05 20528.2
0 2447 3 phononL 0.0016514 -0.0614737 3.84619 -0.0457886 1538.44 0.00069486 1 -0.112482 -0.215047 0.05 15548.6
0 2462 2 phononTS 0.0022647 -2.02263 4.70941 0.0499509 12624.9 0.00034743 1 -0.0621784 -0.280757 0.05 49810.6
0 2462 4 phononTF 0.0017812 -0.0621784 -0.280757 0.049998 49810.6 0.00034743 1 0.0427687 -0.212815 0.05 50982.3
0 2465 3 phononTS 0.00128646 -0.881644 3.21558 0.0430392 1169.09 0.00034743 1 0.0930079 -0.148491 0.05 12014.4
0 2493 4 phononL 0.00116674 4.41062 -4.67583 -0.0486684 56257.1 0.00034743 1 -0.0630859 -0.278272 0.05 164349
0 2517 5 phononTF 0.00193681 -3.6183 -2.87428 -0.00429741 24377.3 0.00034743 1 0.061981 -0.220084 0.05 43522.6
0 2524 2 phononTF 0.00245115 -0.417894 2.89008 -0.0225983 1997.28 0.00034743 1 -0.0640104 -0.212025 0.05 27550.3
0 2524 6 phononTS 0.000764629 -0.0640104 -0.212025 0.049999 27550.3 0.00034743 1 -0.109376 -0.159333 0.05 27671.8
0 2598 3 phononTS 0.00158934 -0.470617 2.91723 0.0298758 7519.5 0.00034743 1 -0.0217906 -0.230502 0.05 66320.8
0 2620 2 phononTF 0.00104542 -1.02523 3.1486 0.0448272 572.287 0.00034743 1 -0.0471887 -0.175214 0.05 44990.5
0 2659 2 phononTF 0.00193751 -0.520071 2.76426 0.0190162 4594.83 0.00034743 1 0.0609917 -0.121464 0.05 27111.6
0 2672 3 phononTF 0.00101657 -0.905826 2.99248 -0.0260427 131.63 0.00034743 1 0.0932042 -0.228341 0.05 4843.09
0 2677 3 phononTF 0.00218651 -0.797756 3.22029 0.0146984 11.0196 0.00069486 1 0.102802 -0.204625 0.05 24693.5
0 2739 2 phononTF 0.0017785 -0.662176 3.1714 -0.00532839 111.318 0.00034743 1 -0.0552395 -0.266701 0.05 21133.5
0 2754 2 phononTF 0.0021755 -1.91553 0.989905 0.0071158 5626.71 0.00034743 1 -0.0670296 -0.209656 0.05 14819.4
0 2802 3 phononTS 0.00246568 -1.34753 3.37877 -0.0279027 3290.66 0.00069486 1 0.111731 -0.177955 0.05 14302
0 2802 4 phononL 0.000850419 0.111731 -0.177955 0.049999 14302 0.00034743 1 0.104647 -0.233515 0.05 15610.5
0 2834 2 phononTS 0.00264654 -0.574914 4.44043 -0.0126311 3015.6 0.00034743 1 0.120493 -0.19218 0.05 19644.1
0 2843 3 phononTS 0.00136423 -1.55135 3.18751 0.0416027 997.512 0.00069486 1 -0.0236547 -0.265181 0.05 10017.4
0 2852 5 phononTF 0.00126933 0.0467627 -0.376582 0.0157626 40176 0.00034743 1 -0.0398938 -0.0970509 0.05 70899.1
0 2867 5 phononTF 0.00114898 1.76428 -1.51271 -0.00973087 17825 0.00034743 1 0.0509487 -0.275818 0.05 69027.2
0 2875 5 phononTS 0.00132972 -0.562988 4.40846 0.0189805 2755.98 0.00069486 1 0.0447909 -0.218839 0.05 37426.1
0 2910 2 phononTS 0.00185782 -1.11168 2.94888 0.00758406 1380.04 0.00138972 1 0.0481337 -0.130876 0.05 19705.3
0 2941 3 phononL 0.00135769 -0.405658 0.456155 0.0399939 7846.06 0.00034743 1 0.0332404 -0.136569 0.05 10968.1
0 2941 4 phononL 0.000450246 0.0332404 -0.136569 0.049999 10968.1 0.00034743 1 -0.043653 -0.244714 0.05 11015.5
0 2965 2 phononTF 0.00111675 -1.89967 3.11086 0.0346311 6054.22 0.00034743 1 0.0304166 -0.288718 0.05 94046.6
0 2987 3 phononTF 0.00249509 -2.86016 1.5158 0.0294443 5952.92 0.00104229 1 0.0298867 -0.300182 0.05 32994.6
0 3008 3 phononTS 0.00222954 -0.99561 2.50671 0.00482624 11057.7 0.00104229 1 -0.0145134 -0.183663 0.05 28025.3
0 3029 4 phononTF 0.00117053 2.2775 1.83287 -0.00743122 64302.6 0.00034743 1 0.0545588 -0.150265 0.05 88769.7
0 3076 2 phononTS 0.00104162 -1.53515 4.89425 0.0486084 37441 0.00034743 1 0.071193 -0.236013 0.05 75238.5
0 3091 4 phononTS 0.000660894 4.03212 -4.9505 -0.0449178 55056.4 0.00034743 1 -0.0271826 -0.288756 0.05 132455
0 3142 2 phononTS 0.00234017 -1.10028 3.70996 0.00407173 7109.75 0.00104229 1 -0.0241826 -0.126353 0.05 13484.4
0 3153 3 phononTF 0.00233795 -0.426642 2.55924 0.0423117 492.109 0.00069486 1 -0.0503073 -0.232325 0.05 29990.2
0 3162 3 phononTF 0.00113929 -0.569577 4.60095 -0.0332594 3824.48 0.00034743 1 0.0267725 -0.259805 0.05 29707.1
0 3222 3 phononL 0.00218317 -3.61269 3.16359 0.000341629 6862.03 0.00034743 1 0.0557045 -0.211388 0.05 64734.7
0 3240 2 phononTF 0.00137572 0.773544 4.10076 0.0142694 10543.7 0.00034743 1 0.113028 -0.181111 0.05 23987.5
0 3249 3 phononTF 0.00278877 -0.570679 4.97733 0.003932 5224.87 0.00034743 1 -0.0226889 -0.171425 0.05 14001.3
0 3249 4 phononTS 0.00179027 -0.0226889 -0.171425 0.049999 14001.3 0.00069486 1 -0.0609662 -0.153074 0.05 14069.2
0 3268 2 phononTS 0.00230907 -0.685722 3.17383 0.0487356 20.3583 0.00069486 1 0.0825733 -0.198633 0.05 73226.9
0 3295 2 phononL 0.0013682 -0.774882 3.32302 -0.0383781 1216.26 0.00034743 1 0.0693479 -0.276849 0.05 22006.4
0 3312 3 phononTS 0.00193351 -0.30019 3.31611 -0.0490034 3759.72 0.00034743 1 -0.0459408 -0.140409 0.05 83797.3
0 3374 5 phononTS 0.00153296 -0.501646 0.280908 0.00210609 13900.9 0.00069486 1 0.081928 -0.148551 0.05 61380.4
0 3374 6 phononTF 0.000634135 0.081928 -0.148551 0.049999 61380.4 0.00034743 1 0.046874 -0.115092 0.05 61440
0 3388 3 phononTS 0.00254196 -0.316439 1.60064 -0.00975533 7658.55 0.00034743 1 0.0615046 -0.153264 0.05 122788
0 3392 2 phononTS 0.00118418 -0.735599 3.26958 0.0284984 59.2076 0.00034743 1 -0.0848183 -0.18669 0.05 80014.8
0 3496 2 phononTS 0.00106671 0.398874 3.4238 -0.0327714 4945.9 0.00034743 1 -0.054882 -0.216813 0.05 14833.2
0 3539 3 phononTF 0.00170863 0.328333 4.32103 -0.0232648 18892.3 0.00034743 1 0.0789529 -0.266025 0.05 37925.6
0 3565 2 phononTS 0.00149334 -0.742996 3.17685 -0.0281471 29.4206 0.00034743 1 -0.0850445 -0.237146 0.05 4698.69
0 3596 3 phononTS 0.00216511 -0.342184 3.11521 0.0140502 2538.65 0.00069486 1 -0.110293 -0.172091 0.05 11945.6
0 3596 7 phononL 0.00119381 -0.110293 -0.172091 0.049999 11945.6 0.00034743 1 0.0459416 -0.207891 0.05 54701.6
0 3680 5 phononL 0.00117586 -0.698891 1.69897 -0.0191987 14193.4 0.00069486 1 -0.063178 -0.273587 0.05 27127.4
0 3684 3 phononTF 0.00218148 0.0357898 2.28472 0.0339189 6171.67 0.00034743 1 0.0340478 -0.276191 0.05 21676.2
0 3808 3 phononTF 0.00233918 0.625386 1.37635 -0.0476021 3342.01 0.00069486 1 0.068367 -0.169986 0.05 8938.93
0 3811 3 phononTS 0.00204259 -0.894222 3.64645 -0.0216483 2398.37 0.00034743 1 0.0667853 -0.160652 0.05 36703.7
0 3811 5 phononTS 0.00111156 0.0667853 -0.160652 0.049999 36703.7 0.00069486 1 -0.0309822 -0.195212 0.05 37073.6
0 3814 2 phononL 0.0017036 -0.1665 4.33826 -0.00149104 2277.82 0.00034743 1 -0.0864127 -0.130075 0.05 6860.83
0 3826 5 phononTS 0.00133386 0.316566 -0.429356 0.000147393 33211.6 0.00034743 1 0.064528 -0.115878 0.05 40287.1
0 3874 1 phononTF 0.004 -0.75 3.25 0 0 0.00104229 1 -0.0331583 -0.279886 0.05 12666.1
0 3900 5 phononTF 0.0011677 0.835299 -3.26632 0.00941531 8889.21 0.00034743 1 0.0293317 -0.286845 0.05 72500.8
0 3908 4 phononTF 0.00136217 0.498474 2.30341 -0.0300445 16485.9 0.00034743 1 -0.117759 -0.198598 0.05 46707.8
0 3916 3 phononTS 0.00211097 -1.81739 3.5726 -0.0373039 3064.18 0.00034743 1 -0.111773 -0.211933 0.05 23559.1
0 3925 3 phononTS 0.00209872 0.229508 3.10304 -0.0215258 2642.09 0.00034743 1 0.064072 -0.166418 0.05 13476.1
0 3970 3 phononTS 0.00152787 -0.684799 1.70054 -0.021132 6558.77 0.00034743 1 0.0303861 -0.240149 0.05 9066.88
0 3972 2 phononTF 0.00206524 -0.607694 3.16473 -0.0243491 470.706 0.00034743 1 0.0457022 -0.240979 0.05 78506.4
0 3972 7 phononL 0.00139486 0.0457022 -0.240979 0.049999 78506.4 0.00069486 1 -0.0365694 -0.168997 0.05 79195
0 3974 2 phononTF 0.00275142 -2.42234 4.00031 -0.0107908 5623.74 0.00034743 1 0.0234986 -0.19981 0.05 15438.7
0 3974 4 phononTS 0.00150954 0.0234986 -0.19981 0.049999 15438.7 0.00034743 1 0.0813858 -0.281679 0.05 15523.4
0 3980 2 phononTF 0.00134373 -0.218741 4.4274 0.0217522 3295.84 0.00034743 1 0.0804478 -0.281865 0.05 24617.9
0 3996 3 phononL 0.00267227 -0.613608 3.22661 -0.0421666 833.345 0.00034743 1 -0.0963282 -0.171334 0.05 5954.86
0 4037 2 phononTS 0.00269319 -1.22817 1.7139 -0.00756309 18230 0.00069486 1 -0.0568048 -0.260581 0.05 27098.7
0 4037 4 phononTS 0.000418372 -0.0568048 -0.260581 0.049999 27098.7 0.00034743 1 -0.0937903 -0.201119 0.05 27167.8
0 4058 3 phononTS 0.00138329 -0.953396 3.71752 -0.0323799 1324.5 0.00069486 1 0.0573883 -0.21091 0.05 20223.5
0 4063 2 phononTF 0.00204157 -0.458481 3.99324 -0.000763275 2936.73 0.00034743 1 0.0269029 -0.279257 0.05 19414
0 4063 4 phononTS 0.000808866 0.0269029 -0.279257 0.049999 19414 0.00034743 1 -0.0276876 -0.23672 0.05 19504.5
0 4079 3 phononL 0.00257045 -0.995337 3.25928 0.0397567 59.1918 0.00034743 1 0.11243 -0.231951 0.05 7218.79
0 4119 5 phononTF 0.000698945 2.72711 3.59577 -0.00371578 42705.5 0.00034743 1 0.0289305 -0.189619 0.05 179480
0 4163 2 phononTF 0.00170503 -1.3584 3.84253 -0.049079 15372.5 0.00069486 1 -0.071873 -0.244534 0.05 18042.2
0 4168 2 phononTF 0.00193999 -0.864246 3.3991 0.00838291 74.121 0.00034743 1 -0.0329188 -0.101549 0.05 52432.1
0 4184 4 phononTS 0.00125813 -0.707152 1.64451 -0.0325768 136224 0.00034743 1 0.0186242 -0.234001 0.05 141835
0 4184 6 phononTS 0.000431179 0.0186242 -0.234001 0.049999 141835 0.00034743 1 0.0298664 -0.247336 0.05 141894
0 4193 2 phononL 0.00227304 -0.427879 3.71398 -0.0269251 12525.7 0.00034743 1 0.0181159 -0.17474 0.05 61430.6
0 4203 2 phononTF 0.000588693 -1.79412 2.2857 -0.0310593 5355.31 0.00034743 1 0.0449329 -0.256686 0.05 39310.5
0 4209 2 phononTS 0.00273998 -1.17836 2.73706 0.0332476 2594.87 0.00034743 1 -0.0654692 -0.114247 0.05 10634.1
0 4221 2 phononL 0.0019896 -0.628671 3.5676 -0.00270804 237.702 0.00034743 1 0.105867 -0.19044 0.05 10899.6
0 4221 6 phononTF 0.00117227 0.105867 -0.19044 0.049998 10899.6 0.00034743 1 0.0440832 -0.259989 0.05 10967.1
0 4264 2 phononTS 0.00189762 -0.0158905 2.58544 0.0480494 2200.66 0.00034743 1 0.0146365 -0.196111 0.05 6076.14
0 4264 5 phononTF 0.000502534 0.0146365 -0.196111 0.049999 6076.14 0.00034743 1 0.0305946 -0.229763 0.05 6138.04
0 4289 2 phononTS 0.00161612 -1.05502 3.8665 -0.0126625 669.954 0.00069486 1 0.039437 -0.238301 0.05 63140.5
0 4289 8 phononTF 0.000541289 0.039437 -0.238301 0.049999 63140.5 0.00034743 1 0.115087 -0.174492 0.05 63208.8
0 4290 3 phononTS 0.0019409 -0.611049 2.61704 -0.0214062 2517.38 0.00069486 1 -0.0980622 -0.201715 0.05 8231.21
0 4351 5 phononL 0.00237556 0.0924905 1.21674 0.0111238 13073.6 0.00069486 1 0.0180656 -0.196594 0.05 16408.4
0 4351 7 phononTF 0.00116383 0.0180656 -0.196594 0.049999 16408.4 0.00034743 1 -0.0351959 -0.144957 0.05 91191.2
0 4351 17 phononTS 0.000602052 -0.0351959 -0.144957 0.049999 91191.2 0.00034743 1 0.0695328 -0.134829 0.05 91346.2
0 4394 3 phononTF 0.00178345 -1.07895 3.26264 0.0122229 3483.95 0.00034743 1 -0.109479 -0.217361 0.05 11411.3
0 4394 8 phononL 0.00070193 -0.109479 -0.217361 0.049999 11411.3 0.00034743 1 -0.0709151 -0.138696 0.05 56803.2
0 4433 3 phononL 0.0019391 -0.0775492 3.48065 -0.0416236 4724.48 0.00034743 1 0.0349027 -0.206882 0.05 69169.7
0 4443 2 phononTS 0.00234293 -0.2499 4.11708 -0.0260488 1868.29 0.00034743 1 -0.0331083 -0.303353 0.05 13176.9
0 4443 6 phononTF 0.00113454 -0.0331083 -0.303353 0.049999 13176.9 0.00034743 1 -0.0486625 -0.162388 0.05 13381.3
0 4443 15 phononTS 0.000586092 -0.0486625 -0.162388 0.049999 13381.3 0.00034743 1 -0.0616968 -0.1252 0.05 13737
0 4465 5 phononTS 0.00133566 -0.137575 1.93364 -0.0392746 14225.1 0.00034743 1 -0.0226945 -0.128906 0.05 23153.7
0 4465 6 phononTS 0.000898174 -0.0226945 -0.128906 0.049999 23153.7 0.00034743 1 -0.0252647 -0.12254 0.05 24952.1
0 4469 2 phononTS 0.0018511 -0.601703 3.79474 0.017752 4374.39 0.00034743 1 -0.0875727 -0.139579 0.05 8666.62
0 4537 2 phononTF 0.000429717 0.3537 3.12227 0.00392973 5028.04 0.00034743 1 -0.0614336 -0.164046 0.05 13400
0 4578 3 phononTF 0.00196782 -2.09278 4.81788 -0.0440618 5917.18 0.00069486 1 0.0347977 -0.231793 0.05 56601
0 4590 2 phononTS 0.00205627 -1.41472 3.17698 -0.0395696 2169.22 0.00034743 1 -0.0245618 -0.133891 0.05 45944.5
0 4606 3 phononTS 0.00265317 -0.936087 3.63894 0.0079989 8145.76 0.00034743 1 0.045807 -0.254959 0.05 33888.8
0 4619 3 phononTF 0.00204578 -1.01705 2.83278 -0.0181703 894.892 0.00034743 1 -0.0953351 -0.209751 0.05 25973.6
0 4621 2 phononTS 0.00163854 -0.0698646 3.02547 -0.0223184 3978.01 0.00034743 1 -0.0765238 -0.285687 0.05 22895.5
0 4672 2 phononTF 0.00185336 -1.74154 2.19179 -0.0260296 9071.09 0.00069486 1 -0.0277436 -0.218499 0.05 18376
0 4725 3 phononTF 0.00233278 -0.819013 3.28123 0.00897783 107.551 0.00034743 1 0.0292242 -0.126061 0.05 15861.3
0 4725 8 phononTF 0.000404778 0.0292242 -0.126061 0.049998 15861.3 0.00034743 1 0.0314844 -0.227919 0.05 15944.8
0 4725 5 phononTS 0.000442861 0.0292242 -0.126061 0.049998 15861.3 0.00034743 1 0.0825947 -0.272671 0.05 16240.5
0 4729 2 phononTS 0.00221502 0.407065 3.70552 0.0237531 3716.37 0.00034743 1 0.0426474 -0.296494 0.05 9245.34
0 4759 2 phononTS 0.00275031 -0.438087 1.55661 0.0403237 3193.19 0.00069486 1 0.0593126 -0.117807 0.05 6747.4
0 4784 3 phononTS 0.00153278 -0.0994029 3.55067 -0.0450867 1644.88 0.00034743 1 -0.0879352 -0.222851 0.05 33561.6
0 4853 2 phononTS 0.00185311 -1.35023 3.00529 -0.00586204 2428.22 0.00069486 1 -0.0315892 -0.297315 0.05 14894.4
0 4866 3 phononTF 0.00220914 -0.442791 1.91689 -0.0390045 7594.6 0.00034743 1 0.0862018 -0.237624 0.05 8903.11
0 4894 3 phononL 0.00155231 -2.4833 2.86581 0.0480642 6127.14 0.00034743 1 -0.0848942 -0.180109 0.05 37438.9
0 4914 2 phononL 0.00150772 -1.71751 0.675142 -0.028012 10780.8 0.00069486 1 -0.0507806 -0.196905 0.05 27157.7
0 4933 3 phononTF 0.00245771 -1.04488 4.52089 0.00269166 7951.57 0.00104229 1 0.0746469 -0.150278 0.05 39373.6
0 4994 3 phononTF 0.00285072 -0.884537 0.378409 -0.0082166 12826.1 0.00069486 1 -0.0415913 -0.287931 0.05 52639.2
0 4995 4 phononTS 0.00187657 -1.9414 1.41189 -0.0321218 1294.53 0.00034743 1 0.105207 -0.240394 0.05 66049.2
0 4995 7 phononTS 0.0011488 0.105207 -0.240394 0.049999 66049.2 0.00069486 1 -0.088918 -0.151081 0.05 66387.7
