Run ID,Event ID,Track ID,Particle Name,Start Energy [eV],Start X [mm],Start Y [mm],Start Z [mm],Start Time [ns],Energy Deposited [eV],Track Weight,End X [mm],End Y [mm],End Z [mm],Final Time [ns],Volume Name
0 19 2 phononTS 0.00242233 -3.10789 -0.0717723 0.0406173 1810.28 0.00138972 1 -0.0605598 -0.108863 0.05 8921.61
0 28 3 phononL 0.0019876 -2.77343 -0.950129 -0.00389809 5280.97 0.00034743 1 -0.0665818 -0.216223 0.05 15344.8
0 28 4 phononTF 0.000375841 -0.0665818 -0.216223 0.049998 15344.8 0.00034743 1 -0.0843367 -0.270851 0.05 15477.5
0 29 2 phononTS 0.00195047 -3.45434 -0.564354 -0.0345503 655.422 0.00034743 1 0.074415 -0.281435 0.05 28809.1
0 29 5 phononTF 0.00153432 0.074415 -0.281435 0.049999 28809.1 0.00069486 1 -0.0404021 -0.296939 0.05 29234.4
0 39 5 phononTS 0.0010099 -1.42434 1.21043 -0.00707939 15281.2 0.00034743 1 0.0946511 -0.190684 0.05 41967.4
0 45 3 phononTF 0.00191748 -4.14043 -0.572643 -0.0385337 626.236 0.00069486 1 -0.0965917 -0.132342 0.05 100077
0 77 3 phononTF 0.00164515 -2.91054 -1.79943 -0.0379995 7022.84 0.00069486 1 -0.0616402 -0.124637 0.05 26957.2
0 167 2 phononL 0.00188876 -4.29076 -0.836528 -0.0248257 395.686 0.00104229 1 -0.0301097 -0.248455 0.05 6092.03
0 174 3 phononTS 0.00228238 -3.97909 -1.2478 0.0175539 5365.43 0.00034743 1 0.0745386 -0.113886 0.05 37812.1
0 174 6 phononTS 0.000702944 0.0745386 -0.113886 0.049999 37812.1 0.00034743 1 -0.0241953 -0.208434 0.05 37999.6
0 175 4 phononTF 0.00169852 -0.62253 2.97362 -0.0402722 17063.5 0.00034743 1 -0.060748 -0.137838 0.05 34005.4
0 175 6 phononTF 0.000437435 -0.060748 -0.137838 0.049999 34005.4 0.00034743 1 -0.014102 -0.17769 0.05 34191.3
0 230 3 phononTF 0.00239183 -1.75277 -1.40209 0.00458354 8755.1 0.00069486 1 0.0327481 -0.25242 0.05 17443.4
0 304 3 phononTF 0.00242466 -3.69844 -0.684225 -0.0112479 15.8581 0.00104229 1 -0.083494 -0.146759 0.05 22044.6
0 304 4 phononTS 0.000407086 -0.083494 -0.146759 0.049999 22044.6 0.00034743 1 0.0761307 -0.240256 0.05 22148.2
0 323 2 phononL 0.00195456 -3.26887 -0.461004 0.0486721 7999.23 0.00034743 1 -0.0936511 -0.170761 0.05 21986
0 336 3 phononTF 0.00232931 -2.54485 -2.30329 0.00751594 13403 0.00034743 1 0.0635193 -0.261887 0.05 27544.2
0 336 5 phononTS 0.000745038 0.0635193 -0.261887 0.049998 27544.2 0.00034743 1 0.0752544 -0.141832 0.05 27685
0 343 3 phononTS 0.00192345 -1.81287 -0.516814 0.0332144 9539.52 0.00104229 1 -0.0873128 -0.225277 0.05 11393.3
0 401 2 phononTS 0.00206684 -3.73275 -1.34415 0.0219856 2487.47 0.00034743 1 0.0839847 -0.259782 0.05 88264.7
0 456 2 phononTS 0.00112698 -4.16979 -1.11791 -0.0189556 3815.02 0.00034743 1 0.0963224 -0.173903 0.05 50687
0 469 2 phononL 0.00233289 -2.82594 -1.86009 -0.00749915 8162.78 0.00034743 1 0.0681649 -0.237362 0.05 11939.9
0 469 5 phononTF 0.000437683 0.0681649 -0.237362 0.049998 11939.9 0.00034743 1 0.0674483 -0.183473 0.05 12014.3
0 469 4 phononTS 0.00123468 0.0681649 -0.237362 0.049998 11939.9 0.00034743 1 0.0992206 -0.254594 0.05 12006.9
0 480 5 phononTF 0.00106617 4.33437 -3.88757 -0.0358613 12829.4 0.00069486 1 0.094177 -0.180304 0.05 46184.4
0 485 2 phononTS 0.00233834 -4.20172 -1.3088 -0.00646227 751.497 0.00069486 1 0.0468005 -0.274779 0.05 35284.8
0 485 5 phononTS 0.00038782 0.0468005 -0.274779 0.049999 35284.8 0.00034743 1 0.0243466 -0.278598 0.05 35346.4
0 498 3 phononTF 0.00181547 -3.29143 -0.47427 0.0237302 3090.12 0.00069486 1 -0.0263224 -0.205783 0.05 51343.4
0 582 3 phononTF 0.000542948 -4.07137 0.0578582 0.049998 2347.19 0.00034743 1 0.0384602 -0.141097 0.05 6514.13
0 584 5 phononTF 0.00194773 -4.48938 -0.583749 -0.00904315 3858.31 0.00069486 1 -0.0851536 -0.144905 0.05 14733.1
0 584 8 phononTS 0.000838151 -0.0851536 -0.144905 0.049999 14733.1 0.00034743 1 -0.0175721 -0.182601 0.05 14802.2
0 620 2 phononTF 0.000557034 -3.79675 0.0712009 0.049999 5612.75 0.00034743 1 0.0822747 -0.12278 0.05 22232.9
0 621 3 phononL 0.00201756 -2.79938 -0.944245 -0.0460622 7476.04 0.00069486 1 -0.0314381 -0.271965 0.05 33674.5
0 633 2 phononTS 0.00200959 -3.41971 -0.813126 -0.0115845 1028.14 0.00069486 1 -0.0473313 -0.163319 0.05 15876.3
0 652 3 phononL 0.00160801 -3.36824 -1.37674 0.0405923 802.516 0.00034743 1 -0.0910124 -0.239198 0.05 52214
0 700 2 phononTS 0.00242417 -2.28065 1.06266 -0.00437836 11415 0.00034743 1 -0.0828182 -0.237513 0.05 60279.6
0 700 4 phononTS 0.000856729 -0.0828182 -0.237513 0.049999 60279.6 0.00034743 1 -0.0862341 -0.265823 0.05 60340.6
0 756 2 phononTS 0.0022243 -3.75158 -0.36692 -0.00201462 20914.3 0.00104229 1 -0.0951581 -0.18116 0.05 43053.9
0 761 2 phononL 0.00232551 -4.06923 -0.563762 -0.00401412 1068 0.00034743 1 -0.0566829 -0.206449 0.05 5910.8
0 761 5 phononTS 0.00130515 -0.0566829 -0.206449 0.049999 5910.8 0.00034743 1 -0.0504003 -0.192714 0.05 7254.69
0 762 3 phononTF 0.00122471 -3.9665 -0.535786 0.00057031 1740.43 0.00034743 1 -0.0813436 -0.118415 0.05 15437.3
0 795 2 phononTF 0.00146387 -3.78627 -0.72552 -0.0433958 11.3492 0.00034743 1 0.0842439 -0.151605 0.05 23561.3
0 849 5 phononTS 0.00134491 -3.37816 -4.02631 -0.00516504 12255.8 0.00069486 1 -0.0462036 -0.297197 0.05 30214.3
0 866 3 phononTS 0.00231601 -3.19783 -1.93948 -0.00965617 6308.31 0.00034743 1 -0.0604017 -0.290139 0.05 69079.4
0 878 3 phononL 0.00199335 -4.84347 0.446875 -0.0338761 14819.2 0.00034743 1 0.0650386 -0.233581 0.05 23099.1
0 946 3 phononTF 0.00237731 -4.07324 -0.253951 -0.0364584 1805.31 0.00034743 1 -0.105129 -0.234886 0.05 30415.2
0 1039 3 phononTF 0.00142983 -3.10754 -0.901112 0.000362707 4650.89 0.00069486 1 0.102213 -0.257917 0.05 52897.2
0 1084 3 phononTS 0.00189209 -3.49428 -0.656495 -0.036219 6053.02 0.00069486 1 0.0888479 -0.201888 0.05 17266
0 1109 3 phononL 0.00186237 -3.44728 -2.08419 0.0427498 5276.84 0.00069486 1 -0.0331174 -0.247887 0.05 50510.4
0 1109 8 phononTS 0.000424435 -0.0331174 -0.247887 0.049999 50510.4 0.00034743 1 -0.0339472 -0.220174 0.05 50570.2
0 1125 5 phononTS 0.00103556 -3.45394 -1.29414 -0.0304708 19774.9 0.00034743 1 -0.0415019 -0.263704 0.05 33278.3
0 1126 2 phononL 0.00215228 -4.92887 -1.9748 0.0298268 8368.15 0.00034743 1 -0.0413223 -0.162255 0.05 44601
0 1141 3 phononTF 0.00264159 -0.850653 -2.53753 -0.0063658 9093.09 0.00104229 1 -0.0705798 -0.150371 0.05 13763.8
0 1157 2 phononTS 0.00147618 -4.26639 -0.552142 -0.0189957 537.845 0.00034743 1 -0.0717366 -0.154414 0.05 27408.6
0 1157 5 phononTS 0.00107732 -0.0717366 -0.154414 0.049999 27408.6 0.00069486 1 -0.0173079 -0.233736 0.05 27466.5
0 1177 3 phononTF 0.00237682 -3.8101 -1.03674 -0.0423022 373.243 0.00104229 1 -0.0757179 -0.266874 0.05 17922.4
0 1264 5 phononTS 0.00108569 3.282 0.12567 -0.0303352 27994.1 0.00034743 1 0.0248195 -0.138533 0.05 31958.5
0 1311 2 phononTS 0.00126221 -4.39944 -1.69249 -0.019365 4098.33 0.00034743 1 -0.11181 -0.15754 0.05 31838.9
0 1376 2 phononTS 0.00213977 -2.08116 -2.04043 -0.0147492 6928.49 0.00034743 1 0.0440185 -0.250502 0.05 64057.8
0 1376 4 phononTS 0.00133159 0.0440185 -0.250502 0.049999 64057.8 0.00034743 1 0.0660705 -0.265105 0.05 64118.2
0 1376 13 phononTS 0.000494158 0.0660705 -0.265105 0.049999 64118.2 0.00034743 1 0.0328009 -0.273373 0.05 65593.1
0 1376 11 phononTS 0.000395222 0.0660705 -0.265105 0.049999 64118.2 0.00034743 1 0.114769 -0.22035 0.05 64186
0 1379 2 phononTS 0.00253919 -3.64633 -0.656599 0.0338889 84.0039 0.00069486 1 0.0492791 -0.172183 0.05 10773.1
0 1379 7 phononTF 0.000805535 0.0492791 -0.172183 0.049999 10773.1 0.00034743 1 0.0788478 -0.146359 0.05 10937.1
0 1406 3 phononL 0.00227913 -3.28811 -3.23716 -0.0490987 6247.75 0.00034743 1 -0.0998804 -0.233043 0.05 60826.3
0 1406 5 phononTF 0.00085767 -0.0998804 -0.233043 0.049999 60826.3 0.00034743 1 -0.0434324 -0.166281 0.05 61311.7
0 1429 3 phononL 0.00164193 -3.36462 -0.798805 -0.0143497 2374.07 0.00069486 1 0.0618527 -0.243458 0.05 4512.99
0 1430 5 phononTF 0.00150266 -4.48369 -0.736764 0.0453706 1094.54 0.00069486 1 -0.0736658 -0.224834 0.05 25211.7
0 1430 6 phononTF 0.000355849 -0.0736658 -0.224834 0.049999 25211.7 0.00034743 1 0.0683239 -0.182646 0.05 25376.9
0 1465 3 phononL 0.0012559 -2.14696 -1.80791 0.0370829 3100.67 0.00034743 1 -0.0244402 -0.265409 0.05 147617
0 1465 4 phononTF 0.000513894 -0.0244402 -0.265409 0.049999 147617 0.00034743 1 -0.0355882 -0.236011 0.05 147815
0 1467 2 phononTS 0.000970964 -3.21808 -1.03557 0.00606906 2295.16 0.00034743 1 0.0247163 -0.234958 0.05 5564.51
0 1492 2 phononTF 0.00243061 -3.96609 0.43698 -0.0409308 3898.23 0.00034743 1 0.0624051 -0.132853 0.05 16041.7
0 1492 6 phononL 0.00136799 0.0624051 -0.132853 0.049999 16041.7 0.00034743 1 0.103772 -0.255679 0.05 16102.5
0 1505 2 phononTS 0.0014398 -3.92335 -0.287147 0.0388349 1651.21 0.00034743 1 -0.0490117 -0.162038 0.05 32903.2
0 1544 2 phononL 0.00291661 -3.57871 -1.17972 0.0205917 541.564 0.00034743 1 0.108363 -0.185737 0.05 38534.9
0 1544 7 phononTS 0.000689066 0.108363 -0.185737 0.049999 38534.9 0.00034743 1 -0.0120189 -0.194667 0.05 41626.9
0 1659 3 phononL 0.00180843 -4.36324 -1.43796 -0.0472452 12392.5 0.00034743 1 0.0347687 -0.172134 0.05 43539.4
0 1721 4 phononL 0.00106198 -4.46732 3.85869 -0.0359798 14205.5 0.00034743 1 -0.0854727 -0.222208 0.05 23236
0 1728 2 phononTF 0.000372912 -4.83781 0.0477557 0.049999 8166.39 0.00034743 1 0.11331 -0.190373 0.05 19247.1
0 1758 2 phononTF 0.00231369 -3.80193 -0.416041 0.00649098 3155.98 0.00034743 1 -0.0485321 -0.206079 0.05 35617.9
0 1766 3 phononL 0.00174414 -3.72064 -0.777275 0.0112572 7.71927 0.00069486 1 -0.0865383 -0.228981 0.05 9119.35
0 1786 2 phononL 0.00270135 -2.18504 -0.896302 0.0253821 9199.9 0.00069486 1 0.0433778 -0.169412 0.05 47521.3
0 1808 5 phononTF 0.0014258 0.250678 -1.31357 0.0425636 17449.5 0.00034743 1 -0.0617261 -0.259449 0.05 22243.6
0 1808 4 phononTS 0.00161757 0.250678 -1.31357 0.0425636 17449.5 0.00034743 1 0.116415 -0.195446 0.05 19031.3
0 1891 3 phononTS 0.00276583 -4.33238 -1.10673 0.04964 1703.44 0.00069486 1 -0.0695467 -0.19434 0.05 13841.5
0 1912 4 phononTF 0.000968891 -4.8774 1.80644 -0.00947036 5777.58 0.00069486 1 0.0813204 -0.181091 0.05 10816.5
0 1924 3 phononTF 0.00160375 -3.96838 -0.359032 0.00871812 1164.98 0.00034743 1 -0.0905816 -0.171937 0.05 10121.2
0 1924 5 phononTF 0.000796391 -0.0905816 -0.171937 0.049999 10121.2 0.00034743 1 0.0146093 -0.230143 0.05 10763.2
0 1926 3 phononTS 0.00303336 -3.6357 -1.32463 0.0163206 347.241 0.00104229 1 -0.0444971 -0.108942 0.05 9072.27
0 1926 2 phononTS 0.000966643 -3.6357 -1.32463 0.0163206 347.241 0.00034743 1 -0.038977 -0.289247 0.05 37408.3
0 1936 4 phononTF 0.000907162 -1.13846 4.38056 0.001066 32596.9 0.00069486 1 -0.0760133 -0.22059 0.05 57741.7
0 1956 3 phononTS 0.000719288 -3.68553 0.0148005 0.049999 3857.3 0.00034743 1 0.0683925 -0.252697 0.05 42275.2
0 1966 6 phononTF 0.00115179 -4.4136 2.41031 -0.0255889 9698.34 0.00034743 1 0.0662849 -0.114487 0.05 104800
0 1966 9 phononTF 0.000496685 0.0662849 -0.114487 0.049999 104800 0.00034743 1 -0.103913 -0.166392 0.05 106357
0 1978 7 phononTS 0.000960173 4.38039 0.728847 0.0463006 43323 0.00034743 1 -0.101229 -0.157764 0.05 56565.1
0 2037 2 phononTF 0.00219365 -2.45742 -0.994872 -0.011176 2581.64 0.00034743 1 0.0263388 -0.175688 0.05 16623.9
0 2048 5 phononTS 0.00119923 -0.488074 -3.01422 0.0440577 22928.3 0.00034743 1 -0.0337065 -0.239709 0.05 24523.1
0 2061 5 phononTF 0.00158952 0.927617 -1.28335 -0.00992146 43439.4 0.00034743 1 0.0708376 -0.246371 0.05 64861.3
0 2061 7 phononTF 0.000496128 0.0708376 -0.246371 0.049999 64861.3 0.00034743 1 0.0859763 -0.247784 0.05 64919.2
0 2073 2 phononTF 0.00179018 -3.48323 -0.266734 0.0480931 2525.04 0.00034743 1 -0.0542023 -0.184091 0.05 79142.3
0 2079 2 phononTS 0.00166564 -3.69648 -1.66535 0.0419208 2623.34 0.00034743 1 -0.048511 -0.230297 0.05 47787.8
0 2089 2 phononTF 0.00204489 -3.28056 -0.947037 -0.0270952 2181.07 0.00034743 1 0.0315021 -0.164661 0.05 13041.4
0 2096 2 phononTS 0.00158092 -3.65931 -0.239517 0.00529461 1008.25 0.00034743 1 -0.061684 -0.104313 0.05 22101.1
0 2099 2 phononTS 0.00209449 -3.70899 -0.705511 0.0337198 425.498 0.00034743 1 0.0909835 -0.239285 0.05 25280.9
0 2112 3 phononTS 0.00173494 -4.96902 -2.54481 0.0109325 7741.3 0.00069486 1 -0.0773987 -0.138827 0.05 25854.9
0 2138 5 phononTF 0.000885361 -4.32589 2.8791 -0.0448667 21978.7 0.00034743 1 -0.0328566 -0.30224 0.05 45415.1
0 2139 5 phononTS 0.00129922 -3.5832 -1.59034 -0.0157144 3983.43 0.00069486 1 0.0182933 -0.217241 0.05 14436.7
0 2140 2 phononTS 0.00144867 -3.41372 -1.21792 -0.00220048 4127.55 0.00069486 1 0.0530724 -0.285451 0.05 48559.9
0 2140 7 phononTS 0.000530625 0.0530724 -0.285451 0.049999 48559.9 0.00034743 1 -0.0437845 -0.274999 0.05 48655.4
0 2146 3 phononL 0.0019507 -3.46797 2.16658 0.0296267 17026.1 0.00034743 1 -0.0777701 -0.283108 0.05 50959.4
0 2183 3 phononTS 0.00251532 -4.06529 -0.223349 0.00458501 2473.2 0.00034743 1 0.0742179 -0.196762 0.05 17094.2
0 2188 2 phononTS 0.00103624 -3.78138 0.430281 -0.00704786 9160.49 0.00034743 1 -0.0297831 -0.167138 0.05 19891.1
0 2188 5 phononTF 0.000351044 -0.0297831 -0.167138 0.049999 19891.1 0.00034743 1 0.0311682 -0.144227 0.05 20027.2
0 2199 2 phononL 0.00187875 -3.14325 -1.20363 -0.0330038 1229.93 0.00034743 1 0.066167 -0.155289 0.05 32349.8
0 2199 4 phononTF 0.000689539 0.066167 -0.155289 0.049999 32349.8 0.00034743 1 -0.0330807 -0.155994 0.05 33791.2
0 2216 2 phononTF 0.00229243 -3.99864 -0.716715 0.0159762 94.6141 0.00138972 1 -0.0745353 -0.191044 0.05 5333.78
0 2279 4 phononTS 0.00106762 -3.9441 -4.89917 0.00652836 9818.36 0.00069486 1 0.0530688 -0.267432 0.05 43502.2
0 2326 3 phononTS 0.00163338 -3.4644 -0.998009 -0.0406876 651.465 0.00034743 1 -0.0325455 -0.153826 0.05 54735.8
0 2355 3 phononTF 0.00186967 -3.71174 -0.790205 -0.0227793 25.1984 0.00034743 1 0.0700191 -0.197605 0.05 43365.1
0 2372 3 phononTS 0.00109539 -4.1493 -1.24393 -0.0438146 9106.02 0.00034743 1 0.0238925 -0.275367 0.05 70306.2
0 2394 2 phononTF 0.00243706 -3.07672 0.734134 -0.015984 8527.69 0.00104229 1 0.0295659 -0.102089 0.05 22086.7
0 2408 3 phononTF 0.00217137 -3.73003 -2.60211 -0.00914974 5453.79 0.00034743 1 0.103591 -0.226462 0.05 39490.7
0 2485 2 phononTS 0.00158039 -3.7544 -1.41703 -0.0424679 4122.65 0.00034743 1 0.0708755 -0.117139 0.05 29610.4
0 2485 4 phononTF 0.000595804 0.0708755 -0.117139 0.049999 29610.4 0.00034743 1 0.0728252 -0.290012 0.05 30050.9
0 2488 3 phononL 0.00158914 -4.94643 1.04158 0.0494746 8298.97 0.00034743 1 0.107964 -0.18564 0.05 70316.4
0 2488 6 phononTF 0.000644851 0.107964 -0.18564 0.049998 70316.4 0.00034743 1 0.069355 -0.242153 0.05 70379.1
0 2489 3 phononTS 0.00214364 -2.9057 -2.23644 0.037129 3878.01 0.00034743 1 -0.0161637 -0.213534 0.05 15112.2
0 2507 3 phononTS 0.00185112 -3.76119 -0.75884 0.00999129 3.17778 0.00034743 1 -0.0638558 -0.138458 0.05 21649.2
0 2577 2 phononTS 0.000824617 -3.39596 0.0376121 0.049999 2106.95 0.00069486 1 -0.0515516 -0.128249 0.05 29128.9
0 2579 2 phononTS 0.00150125 -2.75793 -2.46109 -0.0443914 11773.3 0.00034743 1 -0.0209547 -0.246663 0.05 27291
0 2579 6 phononTS 0.000869289 -0.0209547 -0.246663 0.049999 27291 0.00034743 1 0.0263355 -0.235653 0.05 27471
0 2603 4 phononTS 0.0011904 -0.916328 -0.577563 0.0313642 20299.5 0.00034743 1 -0.0246467 -0.133965 0.05 31927.3
0 2626 3 phononTF 0.000998204 -3.82179 -2.01448 0.0247735 10413.1 0.00034743 1 -0.026165 -0.234301 0.05 13996.2
0 2640 5 phononTF 0.000462573 -4.51654 0.00794885 0.049999 3352.39 0.00034743 1 0.0980427 -0.164939 0.05 36117.9
0 2645 3 phononTS 0.00304316 -4.86929 -1.92627 0.0286336 3683.24 0.00069486 1 0.0308343 -0.235972 0.05 14461.8
0 2645 6 phononL 0.000420277 0.0308343 -0.235972 0.049999 14461.8 0.00034743 1 -0.0623315 -0.222561 0.05 15061.4
0 2648 3 phononTS 0.00188086 -3.90504 -0.748384 0.0210572 12669.1 0.00069486 1 -0.0470575 -0.176048 0.05 17012.1
0 2679 2 phononTS 0.00101552 -4.0047 -0.384048 -0.0196108 303.931 0.00034743 1 0.0950647 -0.18823 0.05 18923.5
0 2752 3 phononTS 0.0017493 -3.81307 -0.818747 0.00930071 840.777 0.00034743 1 0.0625612 -0.128961 0.05 10090.7
0 2808 2 phononTF 0.00208889 -2.60404 -0.11643 0.0158193 3935.08 0.00034743 1 -0.0819273 -0.122848 0.05 25746.8
0 2826 5 phononL 0.00199407 -4.64734 -1.73103 -0.0334244 6579.34 0.00034743 1 -0.0653467 -0.158699 0.05 21047.1
0 2826 7 phononTS 0.000784309 -0.0653467 -0.158699 0.049999 21047.1 0.00034743 1 -0.0573074 -0.201747 0.05 21111.6
0 2827 2 phononTS 0.000613803 -1.39587 0.444057 0.00122135 10282.7 0.00034743 1 -0.0881372 -0.131173 0.05 89364
0 2828 3 phononTS 0.00141599 -1.67494 1.22933 -0.0267512 12320.3 0.00034743 1 0.035511 -0.201376 0.05 18829.2
0 2828 5 phononTS 0.000516809 0.035511 -0.201376 0.049999 18829.2 0.00034743 1 0.0109567 -0.187374 0.05 18893.8
0 2869 2 phononTF 0.00144434 -3.66878 -1.03667 -0.0246436 411.159 0.00034743 1 0.0397692 -0.269882 0.05 107475
0 2880 3 phononTS 0.00149061 -3.68031 -1.36358 0.0361578 5478.07 0.00034743 1 -0.0721276 -0.203257 0.05 45307.9
0 2893 3 phononTF 0.00226255 -3.86219 -1.13462 0.0311022 1196.37 0.00069486 1 -0.024097 -0.193975 0.05 15355.6
0 2893 5 phononTF 0.000564948 -0.024097 -0.193975 0.049999 15355.6 0.00034743 1 0.0809462 -0.13423 0.05 15571.9
0 2921 2 phononTF 0.000544562 -2.39414 -0.0084958 0.049999 3304.19 0.00034743 1 0.0389308 -0.183542 0.05 116703
0 2924 6 phononTS 0.000463686 -3.30609 0.0765775 0.049999 3559.23 0.00034743 1 0.0648051 -0.144498 0.05 8250.24
0 2936 3 phononL 0.00264578 -3.01706 -2.74711 0.00209193 14423.2 0.00104229 1 0.0988314 -0.154565 0.05 53101.9
0 3012 2 phononTS 0.000847547 -3.12854 -0.626156 0.0348194 1874.53 0.00034743 1 0.054993 -0.134527 0.05 28403.1
0 3015 3 phononL 0.00197367 -3.51073 -0.752654 0.0419466 602.68 0.00034743 1 -0.0687811 -0.124251 0.05 18532.3
0 3044 3 phononTF 0.00186859 -3.75772 -0.837548 0.045195 137.473 0.00034743 1 0.0369612 -0.112331 0.05 2688.04
0 3073 4 phononTF 0.000455214 -3.49188 0.060935 0.049999 7260.84 0.00034743 1 -0.0995787 -0.190392 0.05 33217.5
0 3166 4 phononTS 0.000864268 -3.65448 0.0415864 0.049999 4057.5 0.00034743 1 -0.0803727 -0.264231 0.05 14195.4
0 3182 3 phononTS 0.00227085 -1.43859 -1.67959 -0.0243629 8028.8 0.00034743 1 0.0568114 -0.14448 0.05 41647.7
0 3197 3 phononTF 0.00234844 -4.0953 -0.609543 0.00946024 122.276 0.00069486 1 -0.114473 -0.226513 0.05 27432.4
0 3229 4 phononTS 0.0014831 -1.39088 -0.277763 0.0440526 9211.03 0.00034743 1 0.0866693 -0.256886 0.05 48292.7
0 3229 6 phononTS 0.000793269 0.0866693 -0.256886 0.049999 48292.7 0.00034743 1 0.0595748 -0.160614 0.05 48431.7
0 3245 2 phononTS 0.00259299 -4.27209 -0.307643 0.00254389 966.111 0.00069486 1 -0.0245448 -0.261282 0.05 26930.8
0 3251 4 phononTS 0.00118034 -4.21264 -1.49041 0.0452692 14083.9 0.00034743 1 0.0546264 -0.223086 0.05 174443
0 3271 3 phononTS 0.00270088 -2.58988 -1.09609 0.0333983 2667.58 0.00034743 1 0.0942844 -0.183204 0.05 9510.34
0 3380 2 phononTS 0.00202619 -3.73721 -0.555682 0.0210521 17968.4 0.00034743 1 0.102246 -0.163507 0.05 43001.8
0 3380 6 phononTF 0.0014304 0.102246 -0.163507 0.049999 43001.8 0.00069486 1 -0.0538535 -0.222624 0.05 43298.5
0 3416 2 phononTS 0.00147887 -4.32878 -0.883099 -0.031053 391.336 0.00069486 1 0.0396764 -0.254007 0.05 11332.2
0 3416 9 phononTS 0.000450912 0.0396764 -0.254007 0.049999 11332.2 0.00034743 1 -0.0407022 -0.27505 0.05 11945.4
0 3422 2 phononTF 0.00136992 -4.73809 -0.63398 -0.0170319 8003.55 0.00034743 1 -0.0662482 -0.125185 0.05 105024
0 3428 2 phononTS 0.00173469 -3.73896 -0.735718 0.049427 136.928 0.00069486 1 -0.10771 -0.193047 0.05 28942.3
0 3544 5 phononTF 0.00133275 -4.93154 -3.74043 0.0333955 6791.55 0.00034743 1 0.0446922 -0.203669 0.05 17570.6
0 3558 3 phononL 0.00207665 -3.7561 -0.364712 0.0289521 674.416 0.00069486 1 0.10091 -0.186864 0.05 4236.99
0 3558 2 phononTF 0.00192335 -3.7561 -0.364712 0.0289521 674.416 0.00069486 1 -0.0753907 -0.135267 0.05 6430.93
0 3602 3 phononL 0.00189117 -4.04176 -0.654161 0.00680604 3172.91 0.00069486 1 -0.029779 -0.30646 0.05 14105.8
0 3602 8 phononTF 0.0004688 -0.029779 -0.30646 0.049999 14105.8 0.00034743 1 0.0236601 -0.242507 0.05 14239.9
0 3616 2 phononTF 0.00193374 -2.5234 -0.760118 -0.032114 4441.54 0.00034743 1 -0.0196563 -0.177913 0.05 9937.04
0 3616 5 phononTF 0.0013203 -0.0196563 -0.177913 0.049999 9937.04 0.00034743 1 0.0518586 -0.153326 0.05 10003.7
0 3616 11 phononTF 0.000362918 0.0518586 -0.153326 0.049999 10003.7 0.00034743 1 -0.0354413 -0.228687 0.05 10117.9
0 3616 10 phononTS 0.000497152 0.0518586 -0.153326 0.049999 10003.7 0.00034743 1 0.102511 -0.196295 0.05 10159.5
0 3686 2 phononTS 0.00115481 -4.58865 -0.690102 -0.0335877 8635.09 0.00034743 1 -0.102935 -0.215735 0.05 11388.2
0 3710 3 phononTF 0.00194064 -3.15343 -0.801245 -0.0136705 13514.1 0.00034743 1 -0.0385975 -0.148283 0.05 66629.6
0 3748 2 phononL 0.00162786 -4.33427 -0.238596 0.0360448 1298.41 0.00034743 1 -0.0275912 -0.237589 0.05 46193.8
0 3753 2 phononTS 0.00168418 -3.19199 -1.52246 0.0120468 3249.05 0.00034743 1 0.0343943 -0.159689 0.05 50142.5
0 3776 3 phononTS 0.00267444 -4.54692 -0.836381 0.00727667 2977.12 0.00069486 1 0.0766464 -0.203592 0.05 24044.2
0 3785 4 phononTS 0.000429722 -0.674665 0.0235478 0.049998 6643.59 0.00034743 1 0.0907672 -0.159394 0.05 17194.8
0 3796 4 phononTF 0.00113887 -0.882455 -4.60461 -0.0097391 14774.7 0.00034743 1 0.0322222 -0.186258 0.05 75115.9
0 3816 3 phononTS 0.00176912 -3.64572 -1.37584 0.0189187 785.302 0.00069486 1 0.0783324 -0.223867 0.05 13815.3
0 3819 2 phononTS 0.00172801 -4.65963 -2.09884 0.0242328 9933.16 0.00104229 1 -0.0428584 -0.243267 0.05 34788.2
0 3831 5 phononTS 0.00170663 -2.05194 0.843208 -0.0433765 24182.7 0.00034743 1 -0.115449 -0.219587 0.05 37607.8
0 3831 6 phononL 0.000818384 -0.115449 -0.219587 0.049999 37607.8 0.00034743 1 0.0717916 -0.167234 0.05 38369
0 3842 2 phononTS 0.00279965 -2.93962 -0.631732 -0.0306747 2019.2 0.00069486 1 -0.0463645 -0.144668 0.05 8392.05
0 3842 6 phononTF 0.000531112 -0.0463645 -0.144668 0.049999 8392.05 0.00034743 1 -0.0434616 -0.114713 0.05 8449.7
0 3895 3 phononTS 0.00195629 -3.58693 -0.159421 0.0185875 1021.9 0.00034743 1 0.0266726 -0.262958 0.05 23039.9
0 3919 5 phononL 0.00149022 -3.43779 0.0442235 0.0492915 12305.1 0.00069486 1 -0.0265756 -0.132236 0.05 98040.2
0 3935 3 phononTS 0.00182769 -4.85804 -0.494466 0.0302092 4752.88 0.00069486 1 0.031988 -0.0952671 0.05 36150.5
0 3948 3 phononTF 0.00182165 -3.99479 -1.24735 -0.0427463 1258.62 0.00034743 1 0.0694197 -0.119481 0.05 8205.32
0 3948 5 phononTS 0.00106404 0.0694197 -0.119481 0.049999 8205.32 0.00034743 1 -0.101897 -0.25403 0.05 8328.03
0 4005 3 phononTF 0.00200881 -2.22756 -0.686407 -0.00823207 3005.34 0.00069486 1 0.113517 -0.217345 0.05 11443.7
0 4008 2 phononTS 0.00145208 -3.77283 -0.778636 0.00678799 6.98172 0.00069486 1 0.0683344 -0.286983 0.05 25359.2
0 4071 3 phononTS 0.00155517 -4.7761 0.263842 -0.00130579 3069.07 0.00069486 1 -0.0332123 -0.229689 0.05 48622.4
0 4071 8 phononTF 0.000487031 -0.0332123 -0.229689 0.049999 48622.4 0.00034743 1 0.0541868 -0.196137 0.05 48829.2
0 4117 3 phononTS 0.00106576 -3.47214 -0.372118 0.0343345 1646.38 0.00034743 1 -0.100164 -0.258783 0.05 22903.2
0 4117 5 phononTF 0.000706776 -0.100164 -0.258783 0.049999 22903.2 0.00034743 1 -0.0449964 -0.116097 0.05 38694.8
0 4189 2 phononL 0.00167534 -4.31 -2.06236 0.0275805 15738.3 0.00034743 1 0.0333332 -0.097305 0.05 23961
0 4206 6 phononTF 0.000846409 3.56567 -3.22415 0.0282371 19727.9 0.00069486 1 -0.0184669 -0.240117 0.05 66675.1
0 4225 3 phononTS 0.00210833 -2.32659 -2.10791 -0.0260324 5560.43 0.00104229 1 -0.0334921 -0.284373 0.05 26635.1
0 4235 4 phononTF 0.000827988 -2.77878 0.0557386 0.049999 1778.41 0.00034743 1 0.07222 -0.115305 0.05 63389.8
0 4237 2 phononTF 0.00103091 -2.55033 -1.50746 -0.0409456 2825.32 0.00034743 1 -0.0533612 -0.180789 0.05 46952
0 4289 3 phononL 0.000759677 -2.96584 0.0466505 0.049999 5835.52 0.00034743 1 0.068003 -0.134447 0.05 12247
0 4311 2 phononTS 0.00232583 -4.09561 -2.4423 -0.00170763 9031.5 0.00069486 1 0.115793 -0.188629 0.05 27508.1
0 4311 6 phononTF 0.000364619 0.115793 -0.188629 0.049999 27508.1 0.00034743 1 -0.0490921 -0.201059 0.05 68923.2
0 4311 4 phononTS 0.000949524 0.115793 -0.188629 0.049999 27508.1 0.00034743 1 -0.101706 -0.146098 0.05 27821.6
0 4315 2 phononTS 0.001652 -3.47073 -1.03399 -0.0442434 2540.76 0.00034743 1 -0.0161576 -0.186645 0.05 10603.6
0 4318 3 phononTS 0.00283759 -3.1035 -2.54179 -0.0416639 4448.71 0.00034743 1 0.0813314 -0.175292 0.05 39800.5
0 4327 2 phononTF 0.00199444 -3.50779 -0.799318 0.0193567 1733.24 0.00034743 1 0.0773724 -0.280378 0.05 16045.2
0 4327 4 phononTS 0.000869686 0.0773724 -0.280378 0.049999 16045.2 0.00034743 1 0.078332 -0.147361 0.05 16294.3
0 4351 2 phononL 0.0014237 -3.30354 -0.358071 0.0480525 508.421 0.00069486 1 0.0716608 -0.201224 0.05 27561.7
0 4351 6 phononTF 0.000434799 0.0716608 -0.201224 0.049999 27561.7 0.00034743 1 0.0691124 -0.25288 0.05 52833.2
0 4357 2 phononTF 0.00134227 -4.58132 -3.15412 -0.0253163 7042.37 0.00069486 1 0.0643086 -0.170385 0.05 10519.6
0 4369 2 phononTS 0.00172566 -4.84279 -0.295745 -0.0237961 2334.88 0.00034743 1 0.062098 -0.1333 0.05 11778.9
0 4369 4 phononTF 0.000846935 0.062098 -0.1333 0.049999 11778.9 0.00034743 1 -0.0460571 -0.227274 0.05 11858.4
0 4424 2 phononTS 0.00190228 -3.64601 -1.73312 -0.000724579 2799.87 0.00034743 1 -0.00941034 -0.201733 0.05 29413.7
0 4430 3 phononTS 0.00178572 -4.16453 -0.568229 -0.0453356 4185.16 0.00104229 1 -0.0631681 -0.178195 0.05 10601.9
0 4433 2 phononTS 0.00141454 -3.80119 -0.562257 0.0149599 123.941 0.00034743 1 -0.082259 -0.17815 0.05 14020.3
0 4433 5 phononTS 0.000713249 -0.082259 -0.17815 0.049999 14020.3 0.00034743 1 -0.0615585 -0.197028 0.05 14145.5
0 4457 5 phononTF 0.000545551 -4.923 0.0192054 0.049999 2716.49 0.00034743 1 -0.078658 -0.24651 0.05 33066.6
0 4485 1 phononTF 0.004 -3.75 -0.75 0 0 0.00069486 1 -0.0982247 -0.254072 0.05 9870.42
0 4490 6 phononTF 0.000948934 -2.68256 0.939874 -0.000212692 33920.6 0.00069486 1 0.0883537 -0.272463 0.05 44256.7
0 4536 3 phononTS 0.00279101 -4.31853 -0.606654 -0.019818 789.503 0.00138972 1 0.0317443 -0.293991 0.05 10030.6
0 4587 5 phononTS 0.00109455 -3.04674 -0.492336 0.0410855 14830.2 0.00034743 1 0.0462139 -0.155896 0.05 23536
0 4587 2 phononTS 0.00116522 -3.99508 -0.916989 -0.0451015 8441.59 0.00034743 1 -0.114875 -0.217558 0.05 44592.3
0 4587 11 phononL 0.000638489 -0.114875 -0.217558 0.049999 44592.3 0.00034743 1 0.0702602 -0.163759 0.05 44903
0 4685 7 phononTS 0.00124704 -0.399658 -1.98862 -0.00713116 25864.8 0.00034743 1 0.107821 -0.181046 0.05 48328.4
0 4686 2 phononTS 0.00186974 -4.08673 -1.10087 -0.0186524 6493.93 0.00069486 1 0.0983478 -0.142431 0.05 128713
0 4686 4 phononTF 0.000912408 0.0983478 -0.142431 0.049999 128713 0.00034743 1 0.083654 -0.213444 0.05 128774
0 4738 2 phononTS 0.00150676 -3.87483 -1.14495 0.0207137 386.126 0.00034743 1 -0.0338724 -0.133527 0.05 23418.7
0 4738 4 phononTF 0.000869537 -0.0338724 -0.133527 0.049999 23418.7 0.00034743 1 0.0544357 -0.165444 0.05 23494.7
0 4745 5 phononTS 0.00143631 -4.63237 -4.06639 -0.00724024 12950 0.00034743 1 -0.0344966 -0.116059 0.05 133580
0 4745 6 phononTF 0.000757112 -0.0344966 -0.116059 0.049999 133580 0.00034743 1 -0.0739935 -0.158941 0.05 133719
0 4766 5 phononTF 0.00104846 0.195717 -2.56004 -0.040927 16149.1 0.00034743 1 0.0199225 -0.232366 0.05 95605.6
0 4769 2 phononTS 0.00243284 -4.45654 -0.519728 0.0113526 8147.78 0.00104229 1 -0.109177 -0.196492 0.05 21828.4
0 4775 3 phononTF 0.00275242 -3.90758 -0.433568 -0.00561019 592.755 0.00034743 1 0.0735163 -0.254688 0.05 40629.4
0 4862 3 phononTF 0.00153962 -3.11367 -0.263267 0.0249885 4842.19 0.00034743 1 -0.0696538 -0.181637 0.05 16673.8
0 4862 4 phononTF 0.00099664 -0.0696538 -0.181637 0.049999 16673.8 0.00034743 1 -0.0129392 -0.184009 0.05 16914.1
0 4862 9 phononTF 0.000415203 -0.0129392 -0.184009 0.049999 16914.1 0.00034743 1 0.0671101 -0.111927 0.05 17125.4
0 4898 2 phononTF 0.0021505 -3.98428 -0.458381 0.0171099 1587.7 0.00034743 1 -0.0683734 -0.11767 0.05 31106.2
0 4907 3 phononTF 0.00230903 -3.69629 -0.797306 0.0439313 31.4077 0.00104229 1 0.0329487 -0.267407 0.05 44493.4
0 4908 4 phononTS 0.00179545 1.51719 1.77235 -0.0177984 30596.1 0.00034743 1 0.0587335 -0.243215 0.05 31917.1
0 4931 4 phononTF 0.000560557 -3.94988 0.0801666 0.049999 3501.63 0.00034743 1 -0.013712 -0.223107 0.05 8316.12
0 4946 4 phononTS 0.000420497 -4.93219 0.0448151 0.049999 6108.08 0.00034743 1 -0.0905983 -0.214547 0.05 54781.9
0 4965 3 phononTS 0.00306428 -4.82588 -2.21895 -0.0308808 3192.29 0.00069486 1 -0.0844125 -0.135657 0.05 24247.8
0 4980 2 phononTS 0.00158551 -3.92969 -1.39543 -0.00806803 747.281 0.00034743 1 0.0848433 -0.122466 0.05 15456.1
