Run ID,Event ID,Track ID,Particle Name,Start Energy [eV],Start X [mm],Start Y [mm],Start Z [mm],Start Time [ns],Energy Deposited [eV],Track Weight,End X [mm],End Y [mm],End Z [mm],Final Time [ns],Volume Name
0 11 1 phononTF 0.004 0.75 -1.75 0 0 0.00104229 1 -0.0373432 -0.266987 0.05 3831.4
0 19 2 phononTF 0.00269155 0.865335 -0.502553 -0.0268381 6337.95 0.00034743 1 0.100043 -0.190359 0.05 7931.86
0 19 8 phononTS 0.000387792 0.100043 -0.190359 0.049999 7931.86 0.00034743 1 0.0427437 -0.284554 0.05 8020.43
0 23 2 phononL 0.00245345 1.13408 -1.80362 -0.00221984 1879.15 0.00069486 1 -0.0749274 -0.269032 0.05 4086.93
0 49 3 phononL 0.00260082 1.07791 -1.66983 -0.00825389 5322.35 0.00034743 1 0.0472931 -0.248487 0.05 15650.3
0 49 2 phononTS 0.00139918 1.07791 -1.66983 -0.00825389 5322.35 0.00034743 1 -0.111641 -0.183276 0.05 43427.3
0 54 4 phononTS 0.00116623 -2.15561 1.60644 0.0443958 44626.5 0.00069486 1 0.0969963 -0.238425 0.05 102707
0 69 4 phononTF 0.00152541 1.49405 -1.13857 -0.00734782 1620.17 0.00069486 1 -0.0633179 -0.141707 0.05 8021.27
0 71 3 phononTS 0.0022803 0.15139 -0.200013 0.0195013 3031.36 0.00034743 1 -0.0203695 -0.231888 0.05 4293.19
0 106 4 phononTS 0.00136288 0.839595 -0.820259 0.0129866 5039.62 0.00069486 1 -0.0242829 -0.273851 0.05 23784
0 106 6 phononTS 0.00043753 -0.0242829 -0.273851 0.049999 23784 0.00034743 1 -0.024214 -0.263894 0.05 23844.8
0 111 1 phononTF 0.004 0.75 -1.75 0 0 0.00069486 1 0.10048 -0.224196 0.05 5034.37
0 124 2 phononTS 0.00184849 2.64612 -1.73721 -0.0456254 3696 0.00069486 1 -0.0302898 -0.109433 0.05 17595.2
0 124 8 phononTS 0.00055064 -0.0302898 -0.109433 0.049999 17595.2 0.00034743 1 0.0182472 -0.162222 0.05 17722.1
0 149 2 phononTF 0.00211783 0.602999 -1.70406 -0.0282371 8418.19 0.00104229 1 -0.025541 -0.141369 0.05 58311.5
0 149 4 phononTS 0.000537821 -0.025541 -0.141369 0.049999 58311.5 0.00034743 1 -0.0402878 -0.291383 0.05 58670.1
0 167 2 phononTS 0.00200734 1.21427 -1.8547 0.0263398 7053.67 0.00034743 1 -0.0371676 -0.184277 0.05 9192.1
0 167 4 phononTS 0.00093685 -0.0371676 -0.184277 0.049999 9192.1 0.00034743 1 0.0957614 -0.191247 0.05 9308.41
0 183 2 phononTS 0.00201802 1.34092 -1.39643 -0.0154958 1542.63 0.00069486 1 0.0749964 -0.20108 0.05 5656.79
0 194 3 phononTF 0.00196365 0.779911 -0.9501 0.0226176 2990.05 0.00034743 1 -0.0407267 -0.254643 0.05 4488.02
0 197 3 phononTF 0.00162741 0.922149 -1.90474 0.00934037 68.1857 0.00034743 1 -0.0801709 -0.261748 0.05 35685.6
0 198 2 phononL 0.00173294 -0.930431 -1.0267 0.0218151 6760.32 0.00034743 1 0.108619 -0.21632 0.05 11761
0 198 4 phononTF 0.000795764 0.108619 -0.21632 0.049999 11761 0.00034743 1 -0.0490923 -0.293269 0.05 12109.4
0 213 4 phononTS 0.00174298 -0.0754299 0.332878 -0.0481602 10255.3 0.00034743 1 0.0772008 -0.241099 0.05 18601.2
0 213 6 phononTS 0.00101621 0.0772008 -0.241099 0.049999 18601.2 0.00034743 1 -0.0881118 -0.209608 0.05 38659.8
0 238 1 phononTF 0.004 0.75 -1.75 0 0 0.00034743 1 -0.0210537 -0.2327 0.05 4158.18
0 238 4 phononTS 0.000477602 -0.0210537 -0.2327 0.049999 4158.18 0.00034743 1 0.0338785 -0.27544 0.05 4224.77
0 244 3 phononTS 0.00155197 -0.178651 -1.59541 -0.0144276 2113.18 0.00069486 1 0.0322856 -0.114375 0.05 2968.83
0 265 2 phononTS 0.00234894 0.617349 -3.47968 0.0185127 8627.8 0.00069486 1 -0.0154155 -0.183353 0.05 71093
0 281 5 phononTF 0.00192729 0.35135 -2.62472 -0.0425477 21494.5 0.00034743 1 0.0986011 -0.198217 0.05 56466.8
0 299 2 phononTS 0.00217088 0.983388 -2.16367 -0.010941 252.864 0.00069486 1 -0.0555435 -0.246019 0.05 41040.6
0 303 3 phononL 0.00164681 0.367171 -3.39332 0.00492384 3028.07 0.00069486 1 -0.0737395 -0.224972 0.05 16446.1
0 309 3 phononTF 0.00124593 -0.00240213 -3.23041 -0.0282343 5797.37 0.00034743 1 0.0852867 -0.191931 0.05 8231.59
0 314 2 phononTF 0.00147178 0.760958 -2.23592 0.00193589 2351.61 0.00034743 1 -0.0810105 -0.155222 0.05 17379.2
0 328 1 phononTF 0.004 0.75 -1.75 0 0 0.00138972 1 -0.0383383 -0.242324 0.05 4061.33
0 334 2 phononTF 0.00135325 0.7188 -1.78153 0.0218188 9.04882 0.00069486 1 0.0463883 -0.1673 0.05 7765.07
0 358 2 phononTF 0.00239349 -0.0390209 -1.30656 -0.035118 4951.35 0.00034743 1 -0.0518822 -0.122804 0.05 41131.3
0 360 1 phononTF 0.004 0.75 -1.75 0 0 0.00104229 1 0.0504274 -0.269754 0.05 3290.6
0 360 8 phononTS 0.000684066 0.0504274 -0.269754 0.049999 3290.6 0.00034743 1 -0.11092 -0.199958 0.05 8539.13
0 365 3 phononTF 0.00127712 0.851884 0.265195 0.0106481 9126.07 0.00034743 1 0.0489857 -0.210979 0.05 10786.3
0 369 3 phononL 0.003185 1.52569 -1.78435 -0.0231618 1133.51 0.00069486 1 -0.0707437 -0.224911 0.05 3093.07
0 373 1 phononTS 0.004 0.75 -1.75 0 0 0.00069486 1 0.032574 -0.255928 0.05 7348.87
0 397 4 phononTS 0.000440268 -1.73336 -2.97089 -0.0403511 30153.6 0.00034743 1 0.034573 -0.134371 0.05 71387.4
0 421 3 phononL 0.00208475 0.78368 -1.31674 0.035853 678.426 0.00069486 1 0.0527203 -0.121111 0.05 17705.5
0 421 9 phononTF 0.000915712 0.0527203 -0.121111 0.049999 17705.5 0.00034743 1 0.040712 -0.16117 0.05 18372.9
0 433 3 phononTS 0.00239576 -0.78775 -1.25621 -0.0129592 3306.65 0.00104229 1 -0.0354776 -0.101787 0.05 6229.24
0 433 4 phononL 0.000399935 -0.0354776 -0.101787 0.049999 6229.24 0.00034743 1 -0.0907996 -0.176744 0.05 6415.93
0 438 3 phononTS 0.000993337 0.0546248 -1.38909 -0.0169907 3883.04 0.00034743 1 -0.0617608 -0.272845 0.05 24471.7
0 446 1 phononTS 0.004 0.75 -1.75 0 0 0.00138972 1 -0.0964668 -0.253361 0.05 13608.4
0 477 2 phononTS 0.00209796 1.56516 0.870833 -0.000725554 13714.9 0.00034743 1 0.0938296 -0.152247 0.05 18782.9
0 477 7 phononTF 0.000744257 0.0938296 -0.152247 0.049999 18782.9 0.00034743 1 0.106008 -0.250666 0.05 18849
0 477 4 phononTS 0.000750474 0.0938296 -0.152247 0.049999 18782.9 0.00034743 1 -0.0581623 -0.1848 0.05 18935.9
0 478 1 phononTF 0.004 0.75 -1.75 0 0 0.00173715 1 0.0518398 -0.101906 0.05 3987.42
0 497 3 phononTF 0.0018848 0.291995 -2.88879 -0.0378557 11886.6 0.00034743 1 0.117466 -0.218221 0.05 15119.5
0 497 4 phononTS 0.000602192 0.117466 -0.218221 0.049999 15119.5 0.00034743 1 0.0942882 -0.211734 0.05 15180.6
0 518 3 phononTS 0.00124227 1.91802 -1.97301 0.0267724 3883.03 0.00034743 1 -0.0397379 -0.277743 0.05 62375.2
0 518 2 phononTF 0.00275773 1.91802 -1.97301 0.0267724 3883.03 0.00034743 1 -0.0982204 -0.261331 0.05 19455.1
0 541 2 phononTF 0.0021558 1.22523 -2.66566 0.0200689 4869.81 0.00034743 1 0.0327989 -0.123441 0.05 18829
0 543 3 phononTS 0.00284785 -1.94274 -1.66256 -0.0352308 22154.7 0.00069486 1 0.0769146 -0.160106 0.05 28208.8
0 543 7 phononL 0.000561576 0.0769146 -0.160106 0.049999 28208.8 0.00034743 1 0.0510639 -0.144115 0.05 28262.9
0 543 4 phononTS 0.00118915 0.0769146 -0.160106 0.049999 28208.8 0.00034743 1 0.0531048 -0.117606 0.05 28347.9
0 550 5 phononTF 0.00141756 0.275272 -3.46048 -0.0377823 8007.42 0.00034743 1 0.0869795 -0.213938 0.05 21592.1
0 550 4 phononTS 0.00162527 0.275272 -3.46048 -0.0377823 8007.42 0.00034743 1 -0.0429146 -0.199288 0.05 19833.8
0 560 2 phononTS 0.00255424 3.99613 -1.49353 0.00691329 15292.5 0.00104229 1 -0.110368 -0.19279 0.05 22850.9
0 574 3 phononTF 0.00251305 0.720729 -1.7184 0.0141648 8.38407 0.00034743 1 -0.0206848 -0.236844 0.05 842.701
0 574 4 phononTF 0.00181156 -0.0206848 -0.236844 0.049999 842.701 0.00069486 1 -0.0875357 -0.23932 0.05 902.712
0 577 3 phononTS 0.00178318 0.971992 -1.83823 -0.0316809 48.7167 0.00069486 1 -0.0278222 -0.272793 0.05 8070.32
0 579 3 phononTS 0.0017857 0.0277715 -1.40005 -0.0410846 4252.01 0.00034743 1 -0.0708666 -0.111739 0.05 14979.7
0 602 4 phononTF 0.000878494 -1.59904 -3.81518 -0.0153675 14960.9 0.00069486 1 -0.0749601 -0.13276 0.05 51596.2
0 604 3 phononTS 0.00182276 -0.0843035 -1.47965 0.0377862 7469.49 0.00034743 1 -0.063309 -0.279712 0.05 49829.1
0 640 1 phononL 0.004 0.75 -1.75 0 0 0.00138972 1 0.0410669 -0.16178 0.05 3561.12
0 649 1 phononTS 0.004 0.75 -1.75 0 0 0.00034743 1 -0.0446961 -0.273774 0.05 8077.29
0 653 3 phononTS 0.00264548 2.07574 -3.36663 0.043669 17656.8 0.00069486 1 -0.0451787 -0.172223 0.05 33760.1
0 653 10 phononL 0.000389564 -0.0451787 -0.172223 0.049999 33760.1 0.00034743 1 0.060144 -0.29274 0.05 33982.9
0 660 2 phononTF 0.00147663 0.864512 -1.84226 0.0148053 74.3019 0.00034743 1 -0.0547006 -0.136972 0.05 40956.1
0 664 2 phononL 0.00190799 0.378015 -1.47811 0.0191745 137.001 0.00034743 1 -0.110166 -0.159345 0.05 70872.6
0 664 4 phononTF 0.00067787 -0.110166 -0.159345 0.049999 70872.6 0.00034743 1 0.0752314 -0.141878 0.05 71014.3
0 665 2 phononTF 0.00196814 -2.26607 -3.27782 -0.0169726 9163.59 0.00034743 1 -0.0835331 -0.263482 0.05 15735
0 671 3 phononTS 0.00181508 -0.0146043 0.179842 0.00978772 2150.51 0.00034743 1 0.032168 -0.202748 0.05 2323.38
0 677 2 phononTS 0.00153529 0.909068 -1.28632 0.0226714 12999.4 0.00034743 1 -0.0732592 -0.268845 0.05 38256.1
0 697 5 phononTS 0.00084472 0.0182236 -1.25399 -0.0134115 6612.21 0.00034743 1 -0.0365374 -0.261899 0.05 8008.43
0 697 8 phononTS 0.000458267 -0.0365374 -0.261899 0.049999 8008.43 0.00034743 1 -0.0694181 -0.116777 0.05 8599.24
0 699 3 phononL 0.00246933 1.17607 -1.36379 0.0186076 2035.2 0.00034743 1 0.029787 -0.165412 0.05 6144.56
0 699 4 phononTS 0.00147507 0.029787 -0.165412 0.049999 6144.56 0.00069486 1 0.051811 -0.200056 0.05 6209.04
0 706 4 phononTS 0.000943043 2.95748 2.89674 0.013437 76492.7 0.00034743 1 0.0875707 -0.126857 0.05 94493.2
0 711 3 phononTS 0.000440321 1.66476 0.0592576 0.049999 5176.25 0.00034743 1 0.0345338 -0.270309 0.05 11086
0 719 3 phononTS 0.00266483 1.12538 -1.05695 -0.0484376 4590.7 0.00034743 1 0.0644142 -0.255556 0.05 15101
0 753 3 phononL 0.00345002 0.492516 -1.29674 -9.61147e-05 1073.17 0.00069486 1 0.0253892 -0.12115 0.05 6885.57
0 753 6 phononL 0.000418116 0.0253892 -0.12115 0.049999 6885.57 0.00034743 1 -0.0827646 -0.214314 0.05 89041
0 753 5 phononTS 0.000807754 0.0253892 -0.12115 0.049999 6885.57 0.00034743 1 -0.0453629 -0.153078 0.05 7291.83
0 756 2 phononL 0.0017802 1.16112 -1.83861 -0.0161684 2070.98 0.00069486 1 0.0527951 -0.273397 0.05 4633.8
0 761 5 phononTF 0.00137055 0.907393 0.582992 -0.00920053 50112.1 0.00034743 1 -0.0230441 -0.180701 0.05 61559.3
0 784 3 phononTS 0.00248429 1.39457 -2.15975 -0.0139916 5740.62 0.00069486 1 -0.0266593 -0.282204 0.05 51811.5
0 813 3 phononTS 0.00214704 0.901941 -0.747597 0.027634 5626.66 0.00034743 1 -0.095539 -0.230702 0.05 24710.4
0 813 4 phononTF 0.000912849 -0.095539 -0.230702 0.049999 24710.4 0.00034743 1 0.067557 -0.117007 0.05 24965.7
0 814 2 phononTS 0.00181465 0.452567 -1.92944 -0.00572498 3851.14 0.00034743 1 0.0454559 -0.100221 0.05 85489.9
0 832 1 phononTS 0.004 0.75 -1.75 0 0 0.00034743 1 0.0884685 -0.20781 0.05 4146.04
0 864 3 phononTS 0.00258462 0.42325 -0.509489 0.00559477 5514.28 0.00034743 1 -0.111511 -0.176595 0.05 5947.77
0 864 5 phononL 0.000799789 -0.111511 -0.176595 0.049999 5947.77 0.00034743 1 -0.0872132 -0.194564 0.05 19681.6
0 865 2 phononTS 0.00162373 0.499409 -1.38948 0.0466574 1626.03 0.00069486 1 -0.0413775 -0.286985 0.05 4405.08
0 866 2 phononTS 0.000977155 -0.0841271 -3.66613 0.00614091 12538.8 0.00034743 1 0.0251155 -0.228841 0.05 73095.9
0 869 2 phononTF 0.00241608 -0.728264 -2.25652 0.0186493 2457.04 0.00104229 1 -0.0460123 -0.12533 0.05 5195.32
0 871 3 phononL 0.00145907 2.64868 -3.36212 -0.00218973 5884.78 0.00069486 1 -0.0489238 -0.118956 0.05 10168.5
0 872 2 phononTS 0.000986286 2.02781 -0.937774 0.00677373 9608.12 0.00034743 1 0.0957713 -0.260751 0.05 185852
0 875 3 phononTS 0.000806439 0.316567 0.0181607 0.049999 5834.66 0.00034743 1 0.0203935 -0.173599 0.05 47760.8
0 894 1 phononTF 0.004 0.75 -1.75 0 0 0.00138972 1 0.0324605 -0.159328 0.05 7989.03
0 902 4 phononTF 0.000637114 0.519913 -1.29145 0.0480226 10250.8 0.00034743 1 0.0517103 -0.13698 0.05 91648.2
0 917 4 phononTS 0.001429 0.751085 -1.59394 -0.0215658 11023.1 0.00069486 1 0.0344517 -0.203909 0.05 13043.8
0 918 3 phononTS 0.00203096 0.638894 -1.25863 -0.0039146 724.134 0.00104229 1 0.0906031 -0.135586 0.05 10016.2
0 923 2 phononTF 0.00172273 0.510768 -1.63968 -0.00341893 271.083 0.00034743 1 0.0254481 -0.138681 0.05 5806.46
0 928 3 phononTF 0.00281232 0.679195 -1.85616 0.0337598 815.708 0.00104229 1 0.0730251 -0.151051 0.05 29312.1
0 936 5 phononTF 0.000453168 2.06929 0.0388458 0.049999 7622 0.00034743 1 0.0401084 -0.237123 0.05 14511.7
0 948 5 phononL 0.00131794 0.283779 0.105647 -0.0475479 8162.55 0.00034743 1 0.039792 -0.237763 0.05 8567.39
0 948 2 phononTS 0.00124587 -0.860788 -0.961045 0.0465265 6388.48 0.00034743 1 0.0754989 -0.202714 0.05 20581.5
0 968 2 phononL 0.0013931 -0.0812444 -1.5798 0.0218972 3963.82 0.00069486 1 -0.100213 -0.228766 0.05 73140.9
0 997 4 phononTS 0.0012935 3.39987 -1.66908 0.0488334 14665.2 0.00034743 1 0.106057 -0.217457 0.05 56879.4
0 1041 2 phononL 0.00105102 0.874054 -1.18923 0.0249391 4874.12 0.00034743 1 -0.032604 -0.186996 0.05 62787.6
0 1053 2 phononTS 0.00205026 1.371 -2.57661 0.0381693 18712.2 0.00069486 1 -0.0587505 -0.297592 0.05 33066.1
0 1055 5 phononL 0.00125904 -2.04401 -0.335378 -0.00326628 35735.5 0.00069486 1 -0.05188 -0.274732 0.05 38644.6
0 1061 2 phononL 0.000521448 0.921133 0.0894897 0.049999 11854.1 0.00034743 1 0.0407493 -0.208707 0.05 29877.7
0 1073 5 phononTS 0.00175526 -1.48961 -3.61899 0.0338026 8131.15 0.00034743 1 -0.0508172 -0.299085 0.05 87473.6
0 1081 1 phononTS 0.004 0.75 -1.75 0 0 0.00104229 1 -0.088009 -0.162091 0.05 9232.93
0 1086 5 phononTF 0.00097266 1.95378 -4.41237 0.0474374 33739.5 0.00034743 1 0.0608103 -0.128592 0.05 58988.9
0 1090 3 phononTS 0.00250453 0.719223 -1.64315 0.0494038 1424.18 0.00034743 1 -0.0464888 -0.299998 0.05 4270.53
0 1104 1 phononL 0.004 0.75 -1.75 0 0 0.00034743 1 -0.0890334 -0.151189 0.05 3837.74
0 1112 3 phononTS 0.00248817 0.875088 -0.817667 0.0174769 2320.19 0.00104229 1 0.0687435 -0.250427 0.05 45864.9
0 1112 4 phononTS 0.00093431 0.0687435 -0.250427 0.049999 45864.9 0.00034743 1 0.0256777 -0.214037 0.05 45933.1
0 1130 2 phononTF 0.00149093 2.2739 -3.96108 -0.0479901 8297.9 0.00069486 1 -0.0258103 -0.190979 0.05 18660.5
0 1161 5 phononTF 0.000970412 3.44659 -3.74523 -0.0314296 20125.1 0.00034743 1 -0.0563418 -0.130159 0.05 35446.5
0 1164 1 phononTS 0.004 0.75 -1.75 0 0 0.00138972 1 0.108227 -0.179283 0.05 3710.16
0 1164 2 phononTS 0.00124381 0.108227 -0.179283 0.049999 3710.16 0.00034743 1 0.0841822 -0.211127 0.05 3771.93
0 1169 3 phononTS 0.00222611 1.36038 -0.561098 -0.0413908 5178.01 0.00069486 1 -0.0813534 -0.128023 0.05 9109.62
0 1186 2 phononL 0.00226507 -0.0125695 -1.49581 0.0209137 1765.74 0.00034743 1 -0.101796 -0.145298 0.05 7281.77
0 1186 10 phononL 0.000348258 -0.101796 -0.145298 0.049999 7281.77 0.00034743 1 -0.0495402 -0.179574 0.05 7332.47
0 1188 3 phononTF 0.00202816 -0.371842 -3.13369 -0.0324522 5091.66 0.00104229 1 -0.0764386 -0.195039 0.05 37237.6
0 1201 3 phononTS 0.00183022 -0.71884 -1.81028 -0.00946425 3276.08 0.00069486 1 0.026209 -0.155638 0.05 6578.97
0 1201 4 phononTS 0.000942372 0.026209 -0.155638 0.049999 6578.97 0.00034743 1 0.0557942 -0.177058 0.05 6644.23
0 1208 4 phononTS 0.00115956 1.83384 2.43653 0.0224524 32681 0.00069486 1 -0.0545826 -0.221451 0.05 68416.3
0 1222 5 phononTF 0.00189894 0.868234 -1.24925 -0.000773345 5424.18 0.00034743 1 0.0783286 -0.187478 0.05 8321.05
0 1255 1 phononTS 0.004 0.75 -1.75 0 0 0.00138972 1 -0.100633 -0.236719 0.05 2607.09
0 1255 5 phononTS 0.00103579 -0.100633 -0.236719 0.049999 2607.09 0.00069486 1 0.0943258 -0.138124 0.05 4908.82
0 1271 5 phononTF 0.000778846 1.66414 4.90166 0.0155065 57845.2 0.00034743 1 -0.0416899 -0.285986 0.05 91015.9
0 1293 2 phononTF 0.00171688 0.775632 -1.86175 -0.0210906 242.204 0.00034743 1 -0.0279486 -0.138919 0.05 25455.4
0 1293 4 phononTS 0.000541353 -0.0279486 -0.138919 0.049999 25455.4 0.00034743 1 -0.0438169 -0.187486 0.05 25598.9
0 1294 2 phononTS 0.00219533 1.10398 -1.6875 -0.00794607 1485.75 0.00034743 1 0.0634619 -0.117031 0.05 29497.5
0 1332 5 phononTS 0.00142113 -0.776318 -0.182444 -0.0362295 60613.2 0.00069486 1 -0.0233936 -0.141775 0.05 60837.8
0 1355 2 phononTS 0.00169505 2.44498 -2.1877 -0.0346393 2307.52 0.00034743 1 -0.0964457 -0.242359 0.05 5834.2
0 1355 4 phononTS 0.0005639 -0.0964457 -0.242359 0.049999 5834.2 0.00034743 1 -0.025224 -0.152135 0.05 6156.49
0 1356 3 phononTS 0.00236656 -1.41962 -2.74747 -0.00515934 8529.89 0.00069486 1 -0.109473 -0.21404 0.05 11089
0 1376 5 phononTS 0.00274499 2.42117 -2.81805 -0.0425182 6427.78 0.00104229 1 0.0644134 -0.265432 0.05 23004.7
0 1386 2 phononTS 0.00251163 0.842668 -0.636503 -0.0352436 1774.88 0.00034743 1 -0.00222696 -0.199036 0.05 5526.06
0 1388 2 phononTS 0.00243738 1.69658 -1.98438 -0.0381628 2034.65 0.00034743 1 -0.0433091 -0.104931 0.05 14727.2
0 1400 4 phononTS 0.00156009 1.46107 1.10218 -0.0370665 24400.8 0.00069486 1 0.0860844 -0.144511 0.05 26627.1
0 1410 1 phononTS 0.004 0.75 -1.75 0 0 0.00069486 1 -0.088493 -0.263965 0.05 1795.95
0 1410 2 phononTF 0.000534615 -0.088493 -0.263965 0.049999 1795.95 0.00034743 1 -0.0867806 -0.187124 0.05 1856.62
0 1441 3 phononTS 0.00205043 1.22043 -2.07094 -0.0268232 6472.58 0.00034743 1 0.0475766 -0.143218 0.05 11656.9
0 1466 3 phononTF 0.00279539 1.09836 -1.24321 0.0239868 2452.68 0.00034743 1 0.106784 -0.217117 0.05 5497.29
0 1466 6 phononTS 0.000371898 0.106784 -0.217117 0.049999 5497.29 0.00034743 1 0.0540344 -0.179629 0.05 26987.1
0 1470 2 phononTS 0.00173651 1.44592 -2.03793 0.00727111 818.968 0.00034743 1 -0.0472871 -0.213917 0.05 5639.91
0 1472 1 phononTS 0.004 0.75 -1.75 0 0 0.00138972 1 -0.017164 -0.212871 0.05 7715.51
0 1472 4 phononTS 0.000431432 -0.017164 -0.212871 0.049998 7715.51 0.00034743 1 -0.0221879 -0.212028 0.05 7774.29
0 1482 1 phononTF 0.004 0.75 -1.75 0 0 0.00069486 1 0.0457425 -0.280721 0.05 22722.1
0 1482 7 phononL 0.000900395 0.0457425 -0.280721 0.049999 22722.1 0.00034743 1 -0.0405743 -0.218592 0.05 23292.2
0 1482 2 phononL 0.00127432 0.0457425 -0.280721 0.049999 22722.1 0.00069486 1 0.0627226 -0.186328 0.05 23119.4
0 1487 2 phononTF 0.00221318 0.0909644 -2.04095 -0.0100445 6557.13 0.00069486 1 -0.0555856 -0.296788 0.05 12591.2
0 1494 1 phononTS 0.004 0.75 -1.75 0 0 0.00173715 1 0.101059 -0.197556 0.05 10300.7
0 1494 4 phononTS 0.000582638 0.101059 -0.197556 0.049999 10300.7 0.00034743 1 0.0855311 -0.208527 0.05 10690.7
0 1498 3 phononL 0.00307572 1.4683 -0.747203 -0.0317677 3198.13 0.00104229 1 -0.0367147 -0.0948354 0.05 7431.78
0 1512 5 phononTF 0.00248211 -4.65448 -0.843627 0.0326562 81939.6 0.00034743 1 -0.0916933 -0.236181 0.05 103924
0 1519 3 phononL 0.00195608 0.463493 -1.18905 0.021764 1043.28 0.00034743 1 -0.0853685 -0.147343 0.05 2421.16
0 1524 4 phononL 0.00145493 1.14676 -3.14925 -0.00780244 14392.3 0.00034743 1 -0.068804 -0.215314 0.05 33133
0 1532 1 phononTF 0.004 0.75 -1.75 0 0 0.00034743 1 0.0746006 -0.267152 0.05 6264.51
0 1532 4 phononTF 0.00217414 0.0746006 -0.267152 0.049999 6264.51 0.00104229 1 -0.082929 -0.152036 0.05 16515.6
0 1541 2 phononTS 0.00255286 -0.0468397 -3.93172 -0.0308819 7055.3 0.00034743 1 -0.0183431 -0.224737 0.05 17912.9
0 1546 3 phononTS 0.000755303 -1.14593 -0.000403083 0.049999 10540.7 0.00034743 1 0.0622811 -0.240027 0.05 12150
0 1575 3 phononTS 0.0015147 0.80164 -1.4713 -0.0278592 1348.95 0.00034743 1 0.112517 -0.240764 0.05 2192.36
0 1591 2 phononTF 0.00130738 1.17802 -1.79112 0.038852 725.922 0.00034743 1 -0.0880394 -0.262271 0.05 196551
0 1598 3 phononTS 0.00167028 1.20539 -1.99009 0.0183302 1019.48 0.00069486 1 0.0300837 -0.162068 0.05 15226.9
0 1605 2 phononTS 0.00259591 1.37285 -0.758706 0.0303554 9512.24 0.00069486 1 -0.0856389 -0.144584 0.05 11193.5
0 1650 1 phononTF 0.004 0.75 -1.75 0 0 0.00034743 1 -0.0662474 -0.285298 0.05 2528.89
0 1654 3 phononL 0.0013307 0.968698 -1.84889 -0.0337039 1429.79 0.00034743 1 0.106022 -0.154956 0.05 32974.1
0 1673 3 phononTS 0.00214581 0.837536 -1.58816 0.0142861 2473.91 0.00034743 1 0.0479983 -0.176846 0.05 5111.69
0 1673 5 phononTS 0.00061343 0.0479983 -0.176846 0.049999 5111.69 0.00034743 1 0.0192869 -0.166364 0.05 8203.36
0 1686 3 phononL 0.0016918 0.488669 -0.969601 0.0146544 2926.18 0.00069486 1 0.0206448 -0.241537 0.05 53077.9
0 1697 2 phononTS 0.00254222 1.59283 -1.76629 -0.0418158 4915.51 0.00034743 1 -0.0594531 -0.226546 0.05 9168.06
0 1729 3 phononTF 0.00265788 1.96886 -1.10033 0.0326835 5562.57 0.00069486 1 -0.0783177 -0.152581 0.05 27082.6
0 1732 2 phononTS 0.00149703 2.09557 -0.955109 -0.0366479 2542.55 0.00069486 1 -0.0686871 -0.151715 0.05 73583
0 1732 6 phononTF 0.000370736 -0.0686871 -0.151715 0.049998 73583 0.00034743 1 -0.0715984 -0.153046 0.05 73657.2
0 1741 2 phononTS 0.000815391 1.04788 -2.81476 0.0268009 9689.41 0.00034743 1 -0.0619332 -0.162162 0.05 58733.4
0 1758 4 phononTS 0.000924818 2.9875 -3.36909 0.0465874 9822.22 0.00034743 1 -0.0813348 -0.278557 0.05 48415.6
0 1772 3 phononTS 0.000600528 0.492718 0.0312252 0.049999 4778.65 0.00034743 1 0.0615061 -0.273398 0.05 5090.46
0 1799 2 phononTF 0.00203032 -0.0625493 -0.25845 -0.0249624 7910.18 0.00034743 1 -0.0761856 -0.280565 0.05 8223.29
0 1799 4 phononL 0.00104746 -0.0761856 -0.280565 0.049999 8223.29 0.00034743 1 -0.0349035 -0.269198 0.05 8316.38
0 1802 1 phononTF 0.004 0.75 -1.75 0 0 0.00104229 1 0.10347 -0.247476 0.05 5841.68
0 1802 2 phononL 0.000650548 0.10347 -0.247476 0.049999 5841.68 0.00034743 1 0.0755339 -0.272579 0.05 5948.2
0 1806 1 phononTS 0.004 0.75 -1.75 0 0 0.00069486 1 0.075958 -0.135788 0.05 9414.64
0 1806 6 phononTS 0.00136416 0.075958 -0.135788 0.049999 9414.64 0.00069486 1 -0.068352 -0.136962 0.05 9657.91
0 1814 3 phononTS 0.00213694 1.65676 -0.808147 0.0193913 2547.11 0.00034743 1 0.0587284 -0.126829 0.05 7180.24
0 1814 8 phononTS 0.000625533 0.0587284 -0.126829 0.049998 7180.24 0.00034743 1 0.0285376 -0.0985957 0.05 7251.32
0 1817 2 phononTS 0.00188627 2.39477 -0.617665 0.0123768 4377.11 0.00034743 1 -0.0416999 -0.125036 0.05 72519.2
0 1817 4 phononTF 0.000871776 -0.0416999 -0.125036 0.049999 72519.2 0.00034743 1 -0.0868524 -0.193501 0.05 72590.4
0 1822 2 phononL 0.00198398 -2.69598 -4.09643 -0.0454704 17238.3 0.00069486 1 -0.0693402 -0.194086 0.05 23189.1
0 1830 4 phononTS 0.00133815 -1.13344 -4.94856 -0.00507107 15736.9 0.00034743 1 0.0490482 -0.107712 0.05 134789
0 1848 1 phononTF 0.004 0.75 -1.75 0 0 0.00034743 1 -0.0781906 -0.151716 0.05 3368.76
0 1876 2 phononTS 0.00226207 1.44883 -1.24278 -0.00301824 2710.76 0.00034743 1 -0.0447873 -0.193567 0.05 45140.5
0 1876 5 phononTF 0.000351857 -0.0447873 -0.193567 0.049999 45140.5 0.00034743 1 0.107381 -0.196896 0.05 45218.4
0 1893 5 phononTS 0.00106786 0.600675 -0.657994 -0.0231849 12000.7 0.00034743 1 -0.06773 -0.230494 0.05 12914.6
0 1896 1 phononTF 0.004 0.75 -1.75 0 0 0.00138972 1 0.0823383 -0.150395 0.05 3303.36
0 1896 6 phononL 0.000773987 0.0823383 -0.150395 0.049999 3303.36 0.00034743 1 0.0864161 -0.245042 0.05 3358.14
0 1903 1 phononTS 0.004 0.75 -1.75 0 0 0.00034743 1 0.0543171 -0.166455 0.05 8348.63
0 1908 3 phononTS 0.00183313 0.373844 -1.37603 -0.0397408 2006.86 0.00104229 1 0.100158 -0.235519 0.05 3274.16
0 1910 3 phononTS 0.00191112 0.160388 -2.24184 0.0361869 2255.66 0.00034743 1 0.0602481 -0.141081 0.05 45892.7
0 1911 2 phononTS 0.00133414 1.27688 -1.89827 -0.0444403 3115.99 0.00034743 1 0.0401693 -0.265551 0.05 29299.5
0 1942 1 phononTF 0.004 0.75 -1.75 0 0 0.00069486 1 0.0696978 -0.223062 0.05 4052.17
0 1945 3 phononTF 0.00169322 0.241603 -2.78442 0.0418189 1034.41 0.00034743 1 0.0560721 -0.293093 0.05 33539.5
0 1957 3 phononTF 0.00251993 0.691456 -3.46164 -0.0331665 7340.2 0.00069486 1 0.0477534 -0.148182 0.05 18058.1
0 1957 4 phononL 0.00100531 0.0477534 -0.148182 0.049998 18058.1 0.00069486 1 0.0462275 -0.211243 0.05 18161.3
0 1968 3 phononTS 0.00156361 0.0875923 -1.00213 0.0466029 1927.17 0.00034743 1 -0.0124634 -0.222237 0.05 29924.5
0 1968 2 phononTS 0.00243639 0.0875923 -1.00213 0.0466029 1927.17 0.00034743 1 -0.0977983 -0.221512 0.05 4523.91
0 1968 9 phononTF 0.000988799 -0.0977983 -0.221512 0.049999 4523.91 0.00034743 1 0.0678224 -0.168719 0.05 24819.1
0 1974 1 phononL 0.004 0.75 -1.75 0 0 0.00034743 1 0.0223484 -0.220888 0.05 9163.41
0 1974 2 phononTS 0.00347705 0.0223484 -0.220888 0.049999 9163.41 0.00104229 1 -0.0436129 -0.193858 0.05 9188.56
0 1983 2 phononL 0.00231007 0.168444 -1.90673 -0.0399337 2554.53 0.00069486 1 0.0695469 -0.159385 0.05 44717.9
0 1983 6 phononTS 0.000508481 0.0695469 -0.159385 0.049999 44717.9 0.00034743 1 0.101114 -0.171024 0.05 172638
0 1992 2 phononL 0.0018335 2.78416 -0.808241 -0.0252926 10477.6 0.00069486 1 0.0256456 -0.171244 0.05 16156.4
0 2002 3 phononL 0.00271537 3.58247 -2.97927 0.0174121 17178.9 0.00069486 1 0.10249 -0.215984 0.05 50154.1
0 2011 2 phononL 0.00198123 0.0239791 -1.19846 -0.0498415 9204.89 0.00104229 1 0.0773855 -0.281012 0.05 14664.4
0 2044 2 phononTS 0.00187711 0.330617 -1.98054 0.0282982 3134.09 0.00034743 1 0.0855296 -0.14548 0.05 85788.5
0 2075 2 phononL 0.0020123 0.86599 -1.59389 -0.0112919 4225.13 0.00034743 1 0.0944885 -0.231096 0.05 6931.62
0 2089 3 phononTS 0.00173823 -0.0480781 -0.0906498 0.0236966 8139.23 0.00069486 1 -0.0878134 -0.204267 0.05 8485.97
0 2089 7 phononTF 0.000450923 -0.0878134 -0.204267 0.049999 8485.97 0.00034743 1 -0.0656392 -0.138416 0.05 8635.24
0 2091 1 phononTF 0.004 0.75 -1.75 0 0 0.00069486 1 -0.102684 -0.218696 0.05 2602.96
0 2091 7 phononTF 0.000462927 -0.102684 -0.218696 0.049998 2602.96 0.00034743 1 -0.100789 -0.237709 0.05 2668.68
0 2102 2 phononTF 0.00256231 1.31337 -1.27129 -0.0424321 18154 0.00034743 1 0.0527463 -0.103494 0.05 26512.9
0 2115 3 phononTF 0.00144213 0.133237 -0.413916 0.0191618 2288.66 0.00034743 1 0.0833721 -0.174165 0.05 2364.83
0 2119 2 phononTS 0.00174059 0.133053 -0.675745 -0.047662 2851.41 0.00034743 1 -0.0686585 -0.259057 0.05 18133.5
0 2119 7 phononTS 0.000445289 -0.0686585 -0.259057 0.049999 18133.5 0.00034743 1 -0.0974081 -0.246847 0.05 18217.7
0 2133 3 phononTS 0.00201747 1.15645 -0.542338 0.0449085 5300.62 0.00034743 1 0.102553 -0.212131 0.05 6611.31
0 2133 5 phononTF 0.000571356 0.102553 -0.212131 0.049999 6611.31 0.00034743 1 0.102938 -0.189232 0.05 6675.98
0 2136 1 phononTS 0.004 0.75 -1.75 0 0 0.00069486 1 -0.0509313 -0.283844 0.05 4021.72
0 2136 7 phononTS 0.000431054 -0.0509313 -0.283844 0.049999 4021.72 0.00034743 1 -0.084833 -0.221058 0.05 4141.24
0 2138 1 phononTF 0.004 0.75 -1.75 0 0 0.00069486 1 0.0965604 -0.13316 0.05 6128.21
0 2139 1 phononL 0.004 0.75 -1.75 0 0 0.00173715 1 0.0531839 -0.285559 0.05 10209.4
0 2142 2 phononL 0.00215352 1.18537 -1.61353 0.0465931 3108.44 0.00104229 1 0.0392138 -0.233375 0.05 74948.5
0 2145 3 phononTF 0.0021057 -1.68555 2.18028 0.0244291 19058.5 0.00069486 1 0.0921134 -0.235705 0.05 28955
0 2148 3 phononTF 0.00180503 0.474557 -0.985251 0.0296573 5860.06 0.00034743 1 -0.052536 -0.133631 0.05 15908.3
0 2157 2 phononTF 0.000867209 0.168443 -2.55936 -0.0194561 6331.09 0.00034743 1 0.0468029 -0.234989 0.05 38642.6
0 2168 4 phononL 0.00170031 2.01774 -2.17003 0.0109465 7875.25 0.00069486 1 -0.0255081 -0.282866 0.05 32746
0 2175 2 phononTS 0.00212552 3.47945 -2.10303 -0.0208252 4204.56 0.00069486 1 -0.0862307 -0.212841 0.05 36346.5
0 2177 1 phononTS 0.004 0.75 -1.75 0 0 0.00138972 1 0.0426168 -0.207335 0.05 16061.1
0 2203 3 phononTS 0.00192288 0.370173 -2.06365 0.00728179 3009.59 0.00034743 1 0.0779234 -0.221932 0.05 5268.3
0 2203 5 phononTF 0.00116097 0.0779234 -0.221932 0.049999 5268.3 0.00069486 1 0.0656734 -0.128811 0.05 5502.44
0 2210 2 phononTF 0.00155541 0.0638838 -3.58214 -0.00968998 11491.5 0.00034743 1 0.11085 -0.217008 0.05 49366.1
0 2228 3 phononTS 0.00234395 -0.714306 -4.19486 0.0345339 22983.2 0.00069486 1 -0.0261567 -0.160565 0.05 39101.9
0 2231 3 phononTS 0.00184842 2.44601 -3.25928 0.0279001 6671.26 0.00034743 1 0.0675119 -0.111592 0.05 37357.7
0 2234 4 phononTF 0.001041 -0.456056 0.605831 0.00540402 13292.4 0.00034743 1 -0.0971141 -0.178844 0.05 20744.5
0 2240 2 phononTS 0.00224284 0.165122 -3.2583 0.0315519 14252 0.00034743 1 -0.112376 -0.21432 0.05 42773
0 2244 2 phononTF 0.00219596 -0.381173 1.24872 0.00312792 10463.5 0.00069486 1 -0.0437025 -0.23147 0.05 22221.3
0 2266 5 phononL 0.00226027 0.288976 -0.0406179 0.046152 14124.4 0.00034743 1 0.03946 -0.155373 0.05 14686.6
0 2266 7 phononTS 0.00107149 0.03946 -0.155373 0.049999 14686.6 0.00034743 1 0.0177551 -0.19767 0.05 14783.9
0 2278 3 phononL 0.000765323 0.599333 0.0187178 0.049999 6172.87 0.00034743 1 -0.0197865 -0.156006 0.05 16946.1
0 2285 1 phononTS 0.004 0.75 -1.75 0 0 0.00104229 1 -0.0286848 -0.152643 0.05 4959.69
0 2285 3 phononTS 0.00121098 -0.0286848 -0.152643 0.049999 4959.69 0.00034743 1 0.0692461 -0.205707 0.05 13818.3
0 2289 1 phononL 0.004 0.75 -1.75 0 0 0.00138972 1 0.119696 -0.19417 0.05 3499
0 2289 18 phononTS 0.000404756 0.119696 -0.19417 0.049999 3499 0.00034743 1 0.031577 -0.29083 0.05 3736.93
0 2289 7 phononTS 0.000673356 0.119696 -0.19417 0.049999 3499 0.00034743 1 0.0644338 -0.162273 0.05 3571.21
0 2302 2 phononTS 0.00295845 -0.483131 -1.58775 -0.0394074 3701.61 0.00034743 1 -0.08062 -0.12166 0.05 14429.9
0 2305 3 phononTS 0.00241301 0.620249 -1.53321 0.0499543 7175.26 0.00034743 1 -0.0521108 -0.120063 0.05 42949.9
0 2308 1 phononL 0.004 0.75 -1.75 0 0 0.00104229 1 -0.0279241 -0.143499 0.05 11589.2
0 2308 8 phononL 0.000411143 -0.0279241 -0.143499 0.049999 11589.2 0.00034743 1 -0.0680754 -0.133381 0.05 11699.4
0 2323 1 phononL 0.004 0.75 -1.75 0 0 0.00034743 1 -0.0419238 -0.259216 0.05 3894.06
0 2323 3 phononTS 0.000548557 -0.0419238 -0.259216 0.049999 3894.06 0.00034743 1 0.0220973 -0.251782 0.05 5498.43
0 2324 3 phononTF 0.00132732 0.898186 -2.1851 0.0396908 8110.02 0.00034743 1 0.100471 -0.167202 0.05 35157.7
0 2334 1 phononTS 0.004 0.75 -1.75 0 0 0.00138972 1 -0.0534972 -0.263267 0.05 8562.62
0 2338 3 phononTS 0.00218985 0.623375 -1.94672 -0.0377289 808.148 0.00104229 1 0.105142 -0.245107 0.05 4095.54
0 2351 1 phononL 0.004 0.75 -1.75 0 0 0.00034743 1 -0.0197076 -0.222273 0.05 9589.24
0 2358 3 phononL 0.00221687 0.884232 -3.2331 -0.0476859 4790.49 0.00034743 1 -0.101114 -0.21606 0.05 24382.6
0 2366 2 phononTS 0.00303039 0.110097 -1.21112 -0.022954 5670.2 0.00104229 1 0.0525404 -0.268567 0.05 7546.33
0 2366 4 phononTS 0.000468477 0.0525404 -0.268567 0.049999 7546.33 0.00034743 1 0.0265622 -0.273371 0.05 7606.47
0 2367 2 phononTF 0.00175646 1.45785 -1.97074 -0.0182893 2444.92 0.00034743 1 0.0842437 -0.126985 0.05 41109.2
0 2376 1 phononTF 0.004 0.75 -1.75 0 0 0.00069486 1 -0.0954002 -0.196795 0.05 7966.23
0 2452 3 phononL 0.00330912 0.686677 -1.42159 0.0335028 107.734 0.00104229 1 0.0170531 -0.240292 0.05 2250.07
0 2469 2 phononTF 0.00189441 0.265866 -1.82007 -0.0116447 464.395 0.00034743 1 0.0500113 -0.269091 0.05 52079.1
0 2469 5 phononTS 0.000911972 0.0500113 -0.269091 0.049999 52079.1 0.00034743 1 0.0741175 -0.16853 0.05 52213
0 2476 2 phononTF 0.0023844 1.43382 -0.606389 0.00109431 3285.59 0.00034743 1 -0.0561181 -0.210273 0.05 6371.06
0 2487 3 phononTS 0.0023303 0.338849 0.280156 -0.0421285 3789.53 0.00034743 1 -0.0656334 -0.28554 0.05 50630.6
0 2491 1 phononTS 0.004 0.75 -1.75 0 0 0.00104229 1 -0.0857904 -0.247149 0.05 3844.33
0 2491 2 phononTF 0.00200065 -0.0857904 -0.247149 0.049999 3844.33 0.00034743 1 0.0508539 -0.257864 0.05 4410.18
0 2491 16 phononTS 0.000362189 0.0508539 -0.257864 0.049999 4410.18 0.00034743 1 0.0339005 -0.242526 0.05 4471.32
0 2494 4 phononTS 0.000867681 -0.973247 0.0106766 0.049999 7916.92 0.00034743 1 -0.0737644 -0.192811 0.05 9960.93
0 2496 3 phononTS 0.00153904 1.64649 -0.881051 -0.0194657 2690.77 0.00034743 1 -0.0627865 -0.125183 0.05 23563.9
0 2500 2 phononTF 0.00295164 0.894239 -1.94013 -0.0216818 343.192 0.00034743 1 -0.0315703 -0.228394 0.05 5499.29
0 2500 4 phononTS 0.0016304 -0.0315703 -0.228394 0.049999 5499.29 0.00069486 1 -0.0427226 -0.287744 0.05 5579.15
0 2501 3 phononTS 0.00235263 0.749306 -1.62714 -0.00542698 864.662 0.00069486 1 -0.0402629 -0.100267 0.05 9197.29
0 2504 3 phononTF 0.00213369 0.539417 -2.60818 -0.0099759 5798.32 0.00069486 1 0.0351711 -0.269509 0.05 7220.95
0 2523 5 phononL 0.00189108 -2.90011 -2.04266 -0.0394103 9591.57 0.00034743 1 -0.0786835 -0.251931 0.05 14044.8
0 2532 6 phononTS 0.000550796 -0.380128 0.0555037 0.049999 7578.94 0.00034743 1 0.0543488 -0.218079 0.05 8514.37
0 2556 3 phononL 0.00243362 -0.231885 -1.36323 0.0451811 2665.4 0.00034743 1 -0.0221883 -0.165044 0.05 20304.5
0 2595 2 phononTF 0.00187364 0.295604 -2.23662 -0.0354325 3355.29 0.00034743 1 0.0357245 -0.273414 0.05 16224.5
0 2617 1 phononL 0.004 0.75 -1.75 0 0 0.00069486 1 -0.0846616 -0.14771 0.05 4206.86
0 2617 9 phononTS 0.000380665 -0.0846616 -0.14771 0.049999 4206.86 0.00034743 1 -0.0367725 -0.198131 0.05 9446.78
0 2617 5 phononTF 0.000828388 -0.0846616 -0.14771 0.049999 4206.86 0.00034743 1 -0.0803851 -0.280248 0.05 4426.11
0 2621 3 phononL 0.00202344 0.234704 -3.03495 -0.0487516 8457.23 0.00069486 1 -0.0372761 -0.189577 0.05 19655.1
0 2623 3 phononTS 0.00234627 0.212849 -2.69974 -0.00566599 5051.17 0.00034743 1 0.0994059 -0.177508 0.05 25223.7
0 2638 2 phononTS 0.00178559 -1.14804 -2.65791 -0.0287022 4444.34 0.00034743 1 -0.0473816 -0.121269 0.05 9400.97
0 2647 3 phononTS 0.00122932 0.459248 -1.17212 0.0321218 1792.81 0.00034743 1 0.074954 -0.120654 0.05 28355.6
0 2649 2 phononTS 0.00123042 0.667619 -1.36291 -0.00734889 9181.03 0.00034743 1 0.0306206 -0.166372 0.05 13651.6
0 2650 1 phononTS 0.004 0.75 -1.75 0 0 0.00138972 1 -0.093996 -0.264462 0.05 5675.75
0 2650 3 phononL 0.00124214 -0.093996 -0.264462 0.049999 5675.75 0.00069486 1 -0.0387486 -0.277703 0.05 108291
0 2681 1 phononTF 0.004 0.75 -1.75 0 0 0.00104229 1 -0.0271696 -0.263747 0.05 5718.71
0 2682 1 phononTS 0.004 0.75 -1.75 0 0 0.00104229 1 0.0301709 -0.252017 0.05 8387.52
0 2682 2 phononTF 0.00167744 0.0301709 -0.252017 0.049999 8387.52 0.00069486 1 0.0263498 -0.258299 0.05 8459.37
0 2710 3 phononTF 0.00281106 1.18518 -1.23517 -0.0117926 1703.18 0.00034743 1 0.0241456 -0.264889 0.05 15251.5
0 2730 2 phononTF 0.00212667 0.519091 -2.18937 -6.06458e-07 452.903 0.00069486 1 0.0755093 -0.190997 0.05 5628.17
0 2744 4 phononL 0.00174796 1.10715 -1.07602 -0.00250863 8261.88 0.00069486 1 -0.0815908 -0.230904 0.05 28097.4
0 2744 12 phononTF 0.00043723 -0.0815908 -0.230904 0.049999 28097.4 0.00034743 1 -0.10403 -0.246566 0.05 28183
0 2745 2 phononTS 0.00218909 0.516132 -0.58003 0.0431406 2499.09 0.00069486 1 0.0577203 -0.134196 0.05 2940.96
0 2745 4 phononTS 0.000682643 0.0577203 -0.134196 0.049999 2940.96 0.00034743 1 0.0362698 -0.134565 0.05 3001.61
0 2778 1 phononTS 0.004 0.75 -1.75 0 0 0.00034743 1 -0.0249264 -0.275288 0.05 6974.39
0 2778 5 phononTF 0.000447666 -0.0249264 -0.275288 0.049999 6974.39 0.00034743 1 0.0527702 -0.105428 0.05 85869.3
0 2782 3 phononTF 0.002292 0.9063 -1.69093 0.0349611 188.528 0.00069486 1 -0.012491 -0.201704 0.05 46597.5
0 2795 3 phononTF 0.00195671 -0.50297 -0.907121 -0.0358472 1613.24 0.00069486 1 -0.0658177 -0.181634 0.05 24692.2
0 2799 4 phononL 0.0014122 3.58508 4.31616 0.0345372 35617.6 0.00069486 1 -0.019161 -0.202861 0.05 89799
0 2801 3 phononTF 0.00263574 0.340086 -1.34851 -0.0300877 890.99 0.00034743 1 0.0130849 -0.220974 0.05 53999.2
0 2803 1 phononTF 0.004 0.75 -1.75 0 0 0.00034743 1 -0.0423424 -0.287849 0.05 7240.87
0 2803 2 phononTF 0.00140123 -0.0423424 -0.287849 0.049999 7240.87 0.00034743 1 -0.113684 -0.200758 0.05 7313.91
0 2806 3 phononTS 0.00189986 1.47154 -0.549428 0.0279473 3284.4 0.00034743 1 -0.0374569 -0.155887 0.05 13692
0 2824 3 phononTS 0.00252554 0.75043 -1.74051 -0.0099086 2.56916 0.00069486 1 -0.0525899 -0.212271 0.05 19843
0 2836 2 phononTF 0.0021365 1.23196 -1.7619 0.0455497 770.828 0.00034743 1 0.0781062 -0.172493 0.05 19828.7
0 2837 1 phononTF 0.004 0.75 -1.75 0 0 0.00104229 1 0.0669622 -0.14292 0.05 6392.98
0 2837 2 phononTF 0.00119789 0.0669622 -0.14292 0.049999 6392.98 0.00034743 1 0.0845677 -0.159656 0.05 7611.15
0 2839 1 phononTF 0.004 0.75 -1.75 0 0 0.00138972 1 0.037072 -0.277263 0.05 2815.74
0 2839 4 phononTS 0.000512446 0.037072 -0.277263 0.049999 2815.74 0.00034743 1 0.0314036 -0.282086 0.05 2874.67
0 2870 3 phononTS 0.0023498 0.327838 -1.01482 0.00628026 2265.5 0.00034743 1 -0.0395378 -0.15134 0.05 23862.9
0 2904 3 phononTS 0.0015789 0.6313 -1.43149 -0.00936992 1068.31 0.00034743 1 -0.0306569 -0.136933 0.05 33780.5
0 2905 3 phononTS 0.00184496 0.284553 -1.04413 0.0245359 2549.07 0.00034743 1 0.0263964 -0.252511 0.05 121385
0 2913 3 phononTF 0.00264964 0.798819 -1.04304 0.00552339 2294.7 0.00069486 1 0.0346195 -0.299389 0.05 5793.49
0 2926 4 phononTS 0.00120321 -3.2345 -3.00474 -0.0168821 72309.4 0.00034743 1 -0.0400011 -0.0986715 0.05 161174
0 2968 2 phononTS 0.00161214 0.406973 -2.30002 -0.039025 1016.46 0.00034743 1 0.0822881 -0.21288 0.05 30235.7
0 2976 3 phononTS 0.0019815 0.800271 -1.61743 0.0401479 379.421 0.00034743 1 -0.00997051 -0.197189 0.05 26451.3
0 2978 1 phononTS 0.004 0.75 -1.75 0 0 0.00104229 1 0.0449943 -0.0978585 0.05 5293.04
0 2978 13 phononTS 0.000353326 0.0449943 -0.0978585 0.049999 5293.04 0.00034743 1 0.082206 -0.140614 0.05 5359.64
0 2978 6 phononTF 0.000506105 0.0449943 -0.0978585 0.049999 5293.04 0.00034743 1 0.0503962 -0.187413 0.05 5435.79
0 3017 2 phononTS 0.000630925 0.406513 -0.176876 0.0306749 11233.9 0.00034743 1 -0.106308 -0.232849 0.05 14857.4
0 3022 5 phononTS 0.00192127 3.1036 -1.2004 0.0177909 13022.4 0.00069486 1 0.0989398 -0.195244 0.05 39559.5
0 3030 4 phononTF 0.00101474 0.309841 0.316998 -0.0298928 21203.9 0.00034743 1 -0.030026 -0.230528 0.05 46461.6
0 3036 1 phononTS 0.004 0.75 -1.75 0 0 0.00069486 1 0.0474412 -0.270676 0.05 4289.89
0 3040 3 phononTS 0.00233824 1.14118 -1.75984 0.020875 98.4982 0.00069486 1 0.0370558 -0.205486 0.05 5506.95
0 3040 9 phononL 0.000367181 0.0370558 -0.205486 0.049999 5506.95 0.00034743 1 0.0299322 -0.117395 0.05 12558.6
0 3040 4 phononTF 0.000353219 0.0370558 -0.205486 0.049999 5506.95 0.00034743 1 0.0173357 -0.218419 0.05 5971.5
0 3041 4 phononTF 0.000950336 2.47771 4.61615 0.0244009 5403.58 0.00034743 1 -0.0631943 -0.256914 0.05 28815.9
0 3043 5 phononTF 0.00101571 3.12941 -3.05181 0.00433775 36740.7 0.00069486 1 -0.0366642 -0.167147 0.05 69532.4
0 3046 5 phononTS 0.00193494 0.397614 -1.96979 -0.0119072 5889.95 0.00069486 1 0.0881157 -0.274775 0.05 12705.4
0 3059 3 phononTF 0.00170838 1.51253 -2.4218 0.000937555 1892.08 0.00034743 1 -0.0113665 -0.205746 0.05 55726.7
0 3064 3 phononTS 0.00255504 1.50397 -1.36596 -0.0483537 6169.71 0.00034743 1 0.0852614 -0.274959 0.05 10247.4
0 3070 2 phononTS 0.00245134 0.789549 -1.6962 -0.0021295 12.6477 0.00069486 1 -0.120177 -0.196742 0.05 1492.25
0 3076 2 phononTS 0.00106172 1.62053 -0.32084 0.0491251 4710.09 0.00034743 1 -0.0436535 -0.239482 0.05 74741.4
0 3077 5 phononTS 0.00196658 -4.96368 -4.40633 -0.0399906 20762.8 0.00034743 1 -0.0691599 -0.127876 0.05 37457.3
0 3077 7 phononTS 0.00122861 -0.0691599 -0.127876 0.049999 37457.3 0.00069486 1 -0.0657218 -0.107453 0.05 37514.1
0 3078 3 phononTS 0.00297451 0.482321 -1.81067 0.00265156 3801.15 0.00069486 1 -0.051726 -0.132958 0.05 19972.9
0 3078 8 phononTS 0.00096263 -0.051726 -0.132958 0.049999 19972.9 0.00034743 1 -0.0614834 -0.259706 0.05 20368.8
0 3080 2 phononTS 0.00219236 1.52711 -2.17662 0.0327799 2069.24 0.00034743 1 0.0615513 -0.197629 0.05 12015.3
0 3080 5 phononTS 0.000653395 0.0615513 -0.197629 0.049999 12015.3 0.00034743 1 0.0497847 -0.190704 0.05 12074.6
0 3083 3 phononTS 0.00125289 0.67503 -1.79045 -0.0434139 1598.91 0.00034743 1 0.0794671 -0.247104 0.05 40364.9
0 3101 3 phononTS 0.0019998 1.01771 -2.39855 0.021982 1098.3 0.00034743 1 0.014523 -0.181943 0.05 22618.4
0 3103 1 phononTF 0.004 0.75 -1.75 0 0 0.00069486 1 0.0122248 -0.197434 0.05 8876.3
0 3103 5 phononL 0.000684664 0.0122248 -0.197434 0.049999 8876.3 0.00034743 1 0.0274243 -0.183085 0.05 8932.55
0 3118 2 phononTF 0.000723936 0.65701 -1.99066 -0.0384077 284.053 0.00034743 1 -0.0467353 -0.168778 0.05 36204.9
0 3151 1 phononTS 0.004 0.75 -1.75 0 0 0.00069486 1 0.0592091 -0.216053 0.05 2605.25
0 3151 2 phononTF 0.00294566 0.0592091 -0.216053 0.049999 2605.25 0.00069486 1 -0.027548 -0.126888 0.05 6965.4
0 3188 3 phononTS 0.00213815 -1.62606 -0.97043 -0.0310544 10445.9 0.00104229 1 0.0978845 -0.234712 0.05 46426.3
0 3189 3 phononTF 0.00212709 0.877455 -1.24436 -0.00852474 524.076 0.00138972 1 0.0323372 -0.0975891 0.05 21137.1
0 3215 1 phononTF 0.004 0.75 -1.75 0 0 0.00208458 1 -0.0967992 -0.207646 0.05 4064.45
0 3235 1 phononTF 0.004 0.75 -1.75 0 0 0.00069486 1 -0.10307 -0.236391 0.05 13221.1
0 3235 4 phononTF 0.000863296 -0.10307 -0.236391 0.049999 13221.1 0.00034743 1 0.0565736 -0.25259 0.05 13359
0 3261 2 phononTF 0.0023028 0.482363 -1.65716 -0.00132079 4014.46 0.00034743 1 -0.0764334 -0.160318 0.05 13231.8
0 3261 5 phononL 0.000941405 -0.0764334 -0.160318 0.049999 13231.8 0.00034743 1 0.0626761 -0.245876 0.05 14098.1
0 3261 4 phononL 0.000584465 -0.0764334 -0.160318 0.049999 13231.8 0.00034743 1 -0.0606833 -0.140138 0.05 13288.7
0 3278 3 phononL 0.00239999 0.232464 -3.15309 0.0212007 4619.17 0.00104229 1 0.044656 -0.24432 0.05 60471.2
0 3297 2 phononL 0.0021506 0.767194 -1.68132 -0.0218792 14.6658 0.00034743 1 0.092903 -0.170754 0.05 3294.31
0 3297 5 phononL 0.00102024 0.092903 -0.170754 0.049999 3294.31 0.00069486 1 -0.065365 -0.207904 0.05 21654
0 3298 3 phononTS 0.00257411 0.838306 -1.68916 0.0240048 31.7522 0.00034743 1 0.0811388 -0.247255 0.05 5940.68
0 3301 1 phononL 0.004 0.75 -1.75 0 0 0.00069486 1 -0.031552 -0.104859 0.05 11364
0 3301 7 phononTF 0.00200572 -0.031552 -0.104859 0.049999 11364 0.00069486 1 -0.0140817 -0.19681 0.05 11485.5
0 3362 4 phononTS 0.00105836 1.01746 -2.60117 0.0186556 1826.06 0.00034743 1 0.0558426 -0.201427 0.05 15989.9
0 3367 3 phononTF 0.00243515 1.05468 -0.95299 0.00548616 2520.79 0.00034743 1 -0.0825344 -0.271326 0.05 19852.1
0 3369 4 phononTS 0.000654928 3.15326 -0.25468 -0.0175864 19734.4 0.00034743 1 -0.0347189 -0.228873 0.05 31975.3
0 3372 1 phononTS 0.004 0.75 -1.75 0 0 0.00069486 1 -0.0323407 -0.248382 0.05 10050.2
0 3383 1 phononL 0.004 0.75 -1.75 0 0 0.00104229 1 0.0121705 -0.203303 0.05 2087.63
0 3383 3 phononTF 0.000774704 0.0121705 -0.203303 0.049999 2087.63 0.00034743 1 0.0351025 -0.11435 0.05 2223.63
0 3394 3 phononTF 0.00249945 0.639516 -0.605738 -0.0383237 6617.84 0.00034743 1 -0.0124727 -0.201127 0.05 8054.63
0 3398 4 phononTS 0.00131858 -0.131866 -2.35797 -0.0262883 15761.9 0.00034743 1 0.0242932 -0.144336 0.05 39658.2
0 3408 1 phononTS 0.004 0.75 -1.75 0 0 0.00104229 1 -0.0418929 -0.26852 0.05 4859.22
0 3453 2 phononTF 0.00227219 0.965449 -2.02329 0.00162294 900.38 0.00034743 1 -0.100971 -0.220118 0.05 6072.35
0 3453 5 phononTS 0.00182268 -0.100971 -0.220118 0.049998 6072.35 0.00034743 1 -0.0460659 -0.108377 0.05 6166.88
0 3455 3 phononTS 0.00152114 -1.10545 -0.378287 0.0388179 13799 0.00069486 1 -0.0243126 -0.269757 0.05 26531.3
0 3455 4 phononTS 0.000650342 -0.0243126 -0.269757 0.049999 26531.3 0.00034743 1 0.0919849 -0.195123 0.05 27471.7
0 3464 3 phononTS 0.00200768 -0.025345 -1.83926 0.0305474 4516.37 0.00034743 1 -0.0830934 -0.201581 0.05 8435.85
0 3470 2 phononTS 0.00124716 2.37704 -0.66794 0.012605 5843.35 0.00034743 1 -0.103132 -0.246319 0.05 176391
0 3486 3 phononTF 0.00278031 0.765052 -2.00569 0.0201082 201.559 0.00034743 1 0.118527 -0.18018 0.05 41595.5
0 3494 2 phononTS 0.00218744 1.8395 -1.45392 0.042803 3364.31 0.00069486 1 -0.0861462 -0.186539 0.05 10747.2
0 3494 8 phononTF 0.00073431 -0.0861462 -0.186539 0.049999 10747.2 0.00034743 1 -0.0850296 -0.164295 0.05 10809.1
0 3499 3 phononTS 0.00106391 0.715313 -1.6971 -0.0303043 18.0729 0.00069486 1 -0.0898381 -0.27065 0.05 69259.2
0 3499 2 phononL 0.00293609 0.715313 -1.6971 -0.0303043 18.0729 0.00069486 1 -0.116482 -0.196727 0.05 3213.5
0 3499 11 phononTS 0.00192773 -0.116482 -0.196727 0.049998 3213.5 0.00104229 1 0.0493859 -0.284722 0.05 3315.48
0 3502 3 phononTS 0.00246813 4.90653 -0.473409 0.014017 9334.48 0.00034743 1 -0.0374348 -0.247067 0.05 43089.8
0 3502 7 phononTS 0.000828516 -0.0374348 -0.247067 0.049999 43089.8 0.00034743 1 0.0163083 -0.178331 0.05 43881.6
0 3502 4 phononTS 0.00100578 -0.0374348 -0.247067 0.049999 43089.8 0.00034743 1 0.0113448 -0.203585 0.05 43156.9
0 3509 3 phononTS 0.00161164 0.975825 -1.86512 -0.0201807 802.945 0.00069486 1 -0.0345258 -0.251609 0.05 17621.1
0 3532 4 phononTS 0.00106935 0.749678 -0.145138 -0.0359684 21377.4 0.00069486 1 -0.0415106 -0.255454 0.05 21626.5
0 3570 5 phononL 0.00144659 2.76229 -1.97497 0.0328744 14106.5 0.00034743 1 0.0502174 -0.129781 0.05 42563.6
0 3572 3 phononL 0.00233191 0.170608 -3.15499 0.00279322 6499.62 0.00069486 1 -0.113983 -0.205348 0.05 23837.8
0 3580 2 phononTS 0.000791132 -0.541668 -2.15599 -0.0155786 7940.32 0.00069486 1 0.0921733 -0.254001 0.05 9494.32
0 3634 2 phononTS 0.00208031 0.967381 -1.81845 0.0436626 893.358 0.00104229 1 0.0590407 -0.239858 0.05 6407.12
0 3638 4 phononTS 0.00125691 0.173993 -3.55101 0.0014157 10683.6 0.00034743 1 -0.0943019 -0.143358 0.05 43997.7
0 3655 2 phononTF 0.00201149 0.961964 -2.74102 -0.0271035 2433.99 0.00069486 1 -0.0525542 -0.248396 0.05 12397
0 3658 2 phononTF 0.00265259 0.794537 -1.14543 0.0374087 940.393 0.00069486 1 0.0794093 -0.206889 0.05 1946.48
0 3673 3 phononL 0.00210191 -0.452315 -1.15772 0.0366669 17307.8 0.00034743 1 -0.0462033 -0.296346 0.05 41897.4
0 3673 4 phononTS 0.000362736 -0.0462033 -0.296346 0.049999 41897.4 0.00034743 1 -0.100879 -0.249673 0.05 46878.7
0 3680 2 phononL 0.00240523 1.46382 -1.91245 0.00426581 4403.85 0.00069486 1 0.0396226 -0.219862 0.05 12949.7
0 3687 4 phononTS 0.00137721 1.99843 -0.153673 0.0221619 15167.1 0.00069486 1 -0.0197418 -0.195275 0.05 17146.1
0 3730 3 phononTF 0.00160731 0.888579 -1.51567 -0.0199215 166.605 0.00069486 1 0.0583696 -0.164097 0.05 4012.43
0 3736 2 phononTS 0.00194326 0.514307 -2.03841 -0.04227 77.2768 0.00034743 1 -0.0143519 -0.194563 0.05 20728.1
0 3737 3 phononTS 0.00282438 0.749705 -1.54129 0.0378965 3441.53 0.00034743 1 -0.0619805 -0.120142 0.05 8792.73
0 3737 5 phononTF 0.0024214 -0.0619805 -0.120142 0.049999 8792.73 0.00069486 1 0.0229145 -0.200528 0.05 8952.94
0 3746 2 phononTF 0.0023255 0.682813 -0.824591 0.0147271 1785.64 0.00069486 1 -0.0583609 -0.115501 0.05 6863.43
0 3752 4 phononTF 0.00105728 -1.172 -2.69573 0.0376292 13174 0.00034743 1 0.0650913 -0.271219 0.05 19098.8
0 3777 3 phononL 0.00166964 -0.608482 -0.486425 0.0357646 4057.29 0.00069486 1 -0.0652586 -0.272188 0.05 11674.5
0 3800 2 phononL 0.00212234 0.934677 -1.07487 0.00329593 4497.78 0.00104229 1 0.0492004 -0.145402 0.05 44384.2
0 3803 2 phononTF 0.00210459 1.54424 -2.46015 -0.00348296 2431.3 0.00104229 1 -0.0492734 -0.216707 0.05 75519.3
0 3803 9 phononTS 0.000682202 -0.0492734 -0.216707 0.049999 75519.3 0.00034743 1 -0.0557556 -0.232136 0.05 75577.7
0 3805 2 phononTS 0.00181959 1.03416 -0.640976 0.0368986 15251.6 0.00034743 1 -0.0362841 -0.141585 0.05 68100.6
0 3805 5 phononTS 0.000535702 -0.0362841 -0.141585 0.049999 68100.6 0.00034743 1 -0.106775 -0.195227 0.05 68236.3
0 3817 3 phononTF 0.00175047 1.53436 -1.97268 0.0239848 7667.76 0.00034743 1 0.0802167 -0.160679 0.05 36634.2
0 3823 1 phononTS 0.004 0.75 -1.75 0 0 0.00138972 1 0.0780528 -0.247221 0.05 4225.41
0 3830 2 phononTS 0.00263362 1.9096 -1.72616 0.0220498 2948.68 0.00034743 1 0.0483573 -0.245099 0.05 10391.4
0 3830 4 phononTF 0.001829 0.0483573 -0.245099 0.049999 10391.4 0.00104229 1 -0.0698415 -0.2446 0.05 10456.8
0 3834 3 phononTS 0.00238189 0.0556717 -2.66577 0.00220788 16350.8 0.00104229 1 -0.0283369 -0.294127 0.05 35650.5
0 3861 1 phononTF 0.004 0.75 -1.75 0 0 0.00034743 1 -0.0817951 -0.116935 0.05 9310.15
0 3861 4 phononTF 0.0015184 -0.0817951 -0.116935 0.049999 9310.15 0.00034743 1 0.0545398 -0.109548 0.05 9414.86
0 3864 2 phononTF 0.00223467 0.484302 -2.07182 -0.0188565 2019.3 0.00034743 1 0.0564222 -0.13347 0.05 30887.5
0 3868 2 phononTS 0.00171975 0.549068 -1.96489 0.0315118 486.397 0.00069486 1 0.0592022 -0.136968 0.05 11452.7
0 3890 4 phononTF 0.00054381 1.23262 0.040853 0.049999 2510.71 0.00034743 1 -0.0235383 -0.137903 0.05 85385
0 3904 3 phononTS 0.00183955 -0.566436 -1.53681 -0.0115757 5335.64 0.00034743 1 0.0243119 -0.199785 0.05 24212.5
0 3934 5 phononTS 0.00127012 0.197696 1.01972 -0.0253346 3110.12 0.00034743 1 0.0504581 -0.140638 0.05 63301
0 3937 2 phononTS 0.00253542 -0.0388527 -2.38342 0.0481834 909.332 0.00034743 1 -0.0867811 -0.233936 0.05 19920.4
0 3937 6 phononTF 0.000544266 -0.0867811 -0.233936 0.049999 19920.4 0.00034743 1 -0.0320699 -0.211968 0.05 19981.7
0 3937 5 phononTF 0.000852645 -0.0867811 -0.233936 0.049999 19920.4 0.00034743 1 -0.101583 -0.165499 0.05 19989.1
0 3937 4 phononTS 0.000394881 -0.0867811 -0.233936 0.049999 19920.4 0.00034743 1 -0.0374109 -0.202909 0.05 20005.2
0 3941 2 phononTF 0.00233226 1.00298 -1.52858 -0.0367097 2539.37 0.00034743 1 -0.0894746 -0.24203 0.05 29925
0 3991 4 phononTS 0.000865149 1.09001 1.81212 -0.0445842 6551.63 0.00034743 1 0.0254411 -0.262629 0.05 52026.4
0 4016 6 phononTF 0.000374666 -0.14207 0.04826 0.049999 20816.1 0.00034743 1 0.0774234 -0.139263 0.05 22134.4
0 4030 3 phononL 0.00258631 0.490087 -0.386621 0.0145924 1737.05 0.00034743 1 -0.0532284 -0.228526 0.05 3200.32
0 4031 4 phononTS 0.00140925 -1.55765 2.02054 0.0361372 31495.9 0.00034743 1 0.0898292 -0.197153 0.05 37403
0 4035 2 phononTF 0.00220981 0.773566 -1.69421 0.0295115 52.1766 0.00069486 1 0.0145535 -0.210543 0.05 11843.7
0 4095 3 phononTF 0.00258303 0.0787366 -0.719246 -0.0183531 5996.13 0.00069486 1 0.0685721 -0.22772 0.05 6412.54
0 4137 3 phononTS 0.0024658 -0.188417 -2.61208 0.00777428 6156.76 0.00069486 1 -0.090151 -0.159456 0.05 9290.37
0 4148 2 phononL 0.00161373 0.593594 -2.02205 -0.00501047 808.354 0.00034743 1 -0.0816158 -0.182034 0.05 17943.1
0 4197 2 phononTF 0.00146004 1.61829 -2.09209 0.0103517 3375.34 0.00034743 1 -0.0488862 -0.16171 0.05 15743.6
0 4240 2 phononL 0.0015533 1.51231 -1.78364 0.0383067 3843.16 0.00034743 1 -0.0471233 -0.208015 0.05 23341.7
0 4246 3 phononTS 0.00250022 0.806602 -1.4843 0.031095 240.272 0.00034743 1 0.0159558 -0.214716 0.05 48739.6
0 4309 3 phononTF 0.00160513 1.10713 -2.06229 0.045239 2389.26 0.00034743 1 0.0700768 -0.153441 0.05 3312.93
0 4335 1 phononTS 0.004 0.75 -1.75 0 0 0.00034743 1 -0.112823 -0.172747 0.05 4859.72
0 4335 3 phononTS 0.00181235 -0.112823 -0.172747 0.049999 4859.72 0.00034743 1 -0.0183475 -0.204114 0.05 6134.31
0 4341 4 phononTS 0.0012324 1.44495 -3.52717 -0.00107854 27698.3 0.00034743 1 0.0340567 -0.209168 0.05 88485.1
0 4361 3 phononTS 0.00295644 0.640402 -0.283596 0.0334476 9506.75 0.00104229 1 -0.0964186 -0.18874 0.05 12305.2
0 4361 4 phononTF 0.000887828 -0.0964186 -0.18874 0.049999 12305.2 0.00034743 1 0.0593489 -0.210992 0.05 12491.8
0 4392 3 phononTS 0.00243415 3.07427 -1.81844 0.036164 7901.49 0.00034743 1 -0.0329234 -0.154547 0.05 30332.4
0 4392 6 phononTS 0.00161485 -0.0329234 -0.154547 0.049998 30332.4 0.00034743 1 0.0310067 -0.0928525 0.05 30413.2
0 4438 2 phononTS 0.00220303 1.05125 -1.3378 0.040087 1611.48 0.00034743 1 0.0550004 -0.147005 0.05 18702.3
0 4457 3 phononTF 0.00278013 0.928004 -1.00735 -0.0133279 1130.12 0.00069486 1 -0.0346981 -0.0963745 0.05 10983.9
0 4487 3 phononTS 0.00306034 0.641069 -1.03202 0.00802147 2447.97 0.00034743 1 0.107261 -0.188395 0.05 5894.91
0 4521 3 phononTS 0.00137137 2.19219 -4.38663 -0.0212264 8997.23 0.00034743 1 0.111266 -0.232132 0.05 39783.4
0 4538 3 phononTS 0.00236304 0.55423 -0.835232 0.0121467 7483.25 0.00034743 1 0.0431581 -0.157717 0.05 16095.1
0 4538 6 phononTS 0.000400267 0.0431581 -0.157717 0.049999 16095.1 0.00034743 1 0.0328485 -0.147697 0.05 16152.9
0 4546 2 phononTF 0.00169507 0.295811 -1.94627 -0.034492 6680.17 0.00034743 1 0.0997406 -0.137141 0.05 9866.88
0 4558 5 phononTS 0.00145436 2.81976 -1.25175 0.0179026 5282.68 0.00034743 1 0.113237 -0.165488 0.05 20888.9
0 4570 3 phononTS 0.00162453 0.691504 -1.61818 -0.0393377 813.102 0.00104229 1 -0.0524266 -0.209159 0.05 19760.5
0 4575 3 phononTF 0.00199307 0.768905 -1.20383 0.0218912 1527.7 0.00069486 1 -0.029731 -0.243301 0.05 45447.4
0 4575 2 phononTS 0.00200693 0.768905 -1.20383 0.0218912 1527.7 0.00069486 1 -0.0819253 -0.11966 0.05 18496.6
0 4578 3 phononTF 0.00153524 -0.594227 -1.97114 0.0286888 3587.56 0.00034743 1 0.117897 -0.201792 0.05 16015.1
0 4578 4 phononTS 0.000371653 0.117897 -0.201792 0.049999 16015.1 0.00034743 1 0.117874 -0.220916 0.05 20859.2
0 4580 3 phononTS 0.00329781 0.701476 -1.40263 -0.0432951 676.874 0.00034743 1 -0.033063 -0.210204 0.05 3558.29
0 4580 4 phononTS 0.00122027 -0.033063 -0.210204 0.049998 3558.29 0.00034743 1 -0.0620378 -0.109038 0.05 3641.06
0 4584 2 phononTF 0.000631542 -0.681793 -1.54006 -0.0418885 4647.33 0.00034743 1 0.0711081 -0.149401 0.05 28344.1
0 4598 3 phononL 0.00253415 0.968708 -1.48567 0.025708 596.903 0.00069486 1 -0.0153422 -0.204668 0.05 1749.46
0 4600 1 phononTS 0.004 0.75 -1.75 0 0 0.00069486 1 0.103127 -0.236841 0.05 2423.56
0 4616 5 phononTF 0.00139173 1.11199 4.50407 -0.0250692 20401.9 0.00069486 1 0.0274439 -0.158023 0.05 31320.7
0 4620 5 phononTF 0.00131816 0.00651989 -3.68483 -0.00912384 20927.7 0.00104229 1 0.0657267 -0.261003 0.05 50484
0 4631 3 phononTF 0.00238443 1.07274 -1.65938 0.0471766 833.125 0.00034743 1 0.0598196 -0.139529 0.05 3958.53
0 4642 2 phononL 0.00152177 0.823269 -0.82094 -0.00335611 2125.06 0.00034743 1 -0.0798257 -0.263206 0.05 147554
0 4647 3 phononL 0.000899208 1.51437 0.0067064 0.049999 4827.68 0.00034743 1 -0.0423329 -0.23416 0.05 11669.2
0 4647 6 phononTS 0.000438695 -0.0423329 -0.23416 0.049999 11669.2 0.00034743 1 -0.109857 -0.204143 0.05 14209.2
0 4648 1 phononL 0.004 0.75 -1.75 0 0 0.00069486 1 0.0178928 -0.152745 0.05 2953.1
0 4648 4 phononTF 0.00259544 0.0178928 -0.152745 0.049999 2953.1 0.00069486 1 -0.0346654 -0.287869 0.05 14830.4
0 4671 3 phononTS 0.00286927 0.596778 -2.41334 0.0419917 1193.08 0.00069486 1 -0.0652446 -0.260847 0.05 18087.1
0 4677 3 phononL 0.00161566 -0.113707 -1.79805 0.0251426 1818.89 0.00034743 1 0.0508091 -0.267724 0.05 6840.95
0 4677 8 phononTS 0.000368595 0.0508091 -0.267724 0.049999 6840.95 0.00034743 1 0.0430382 -0.264939 0.05 6896.93
0 4677 5 phononTS 0.000365732 0.0508091 -0.267724 0.049999 6840.95 0.00034743 1 0.100675 -0.219976 0.05 8125.79
0 4713 3 phononTS 0.00243562 0.373019 -1.84083 -0.0318098 2946.66 0.00104229 1 0.0473747 -0.157738 0.05 7789.67
0 4733 2 phononTF 0.00145632 1.06208 -2.30856 0.0337359 1116.26 0.00069486 1 0.0692572 -0.146356 0.05 32219.1
0 4757 2 phononTS 0.00191446 -0.744442 -0.999033 -0.0294834 2661.7 0.00034743 1 -0.0333385 -0.144565 0.05 22175.5
0 4758 1 phononTS 0.004 0.75 -1.75 0 0 0.00034743 1 -0.0295295 -0.167671 0.05 6510.94
0 4778 2 phononL 0.00262977 0.666317 -1.9017 0.0292284 49.2548 0.00034743 1 0.0875344 -0.246111 0.05 22053
0 4788 3 phononTS 0.00224342 2.03962 -2.13484 0.0315791 3068.32 0.00069486 1 0.061087 -0.238493 0.05 44030.3
0 4797 2 phononTF 0.00188159 0.113898 -2.63268 -0.0314449 2323.35 0.00069486 1 -0.04775 -0.293802 0.05 21284.7
0 4800 3 phononL 0.00152096 0.00363748 -0.715763 0.000432205 6132.76 0.00034743 1 -0.0532128 -0.272193 0.05 14399.8
0 4800 5 phononTF 0.000745644 -0.0532128 -0.272193 0.049999 14399.8 0.00034743 1 -0.0360525 -0.168663 0.05 52223.9
0 4866 5 phononTS 0.00108164 -2.55938 0.618595 -0.00421434 56742.3 0.00034743 1 -0.0662368 -0.119887 0.05 113471
0 4868 2 phononTS 0.0011202 0.583556 -1.2149 0.0214396 361.602 0.00034743 1 -0.0442309 -0.158446 0.05 4905.73
0 4875 1 phononL 0.004 0.75 -1.75 0 0 0.00034743 1 -0.0939729 -0.182538 0.05 8237.94
0 4886 5 phononTF 0.00236456 -0.333186 -0.850359 0.0499686 4441.78 0.00034743 1 0.0215601 -0.193532 0.05 5491.13
0 4886 6 phononL 0.00128498 0.0215601 -0.193532 0.049999 5491.13 0.00034743 1 -0.0674105 -0.194819 0.05 5691.9
0 4899 1 phononTS 0.004 0.75 -1.75 0 0 0.00104229 1 0.0878163 -0.267729 0.05 6182.41
0 4910 4 phononTF 0.00108967 1.45221 3.77478 -0.0104948 14585.9 0.00034743 1 -0.0407837 -0.135615 0.05 31722.6
0 4942 2 phononTS 0.00229469 3.7917 -1.88912 -0.00947275 12893 0.00034743 1 -0.0543733 -0.228696 0.05 20402.8
0 4949 2 phononL 0.00231184 2.14959 -2.74462 0.0172786 4237.75 0.00034743 1 -0.0751251 -0.154475 0.05 17501.6
0 4949 4 phononL 0.00141907 -0.0751251 -0.154475 0.049999 17501.6 0.00069486 1 -0.0979399 -0.155384 0.05 17618.6
0 4959 3 phononTS 0.00277016 -0.530518 -1.30726 -0.0429814 8998.65 0.00034743 1 0.0519714 -0.234027 0.05 9656.67
0 4959 5 phononTS 0.000828173 0.0519714 -0.234027 0.049998 9656.67 0.00034743 1 -0.0211139 -0.151669 0.05 33013.6
0 4968 1 phononTF 0.004 0.75 -1.75 0 0 0.00104229 1 0.0571597 -0.266216 0.05 4221.67
0 4969 2 phononTS 0.00111214 1.57358 -1.4698 0.0341985 984.319 0.00034743 1 -0.0329447 -0.109274 0.05 21259.7
0 4985 1 phononTS 0.004 0.75 -1.75 0 0 0.00034743 1 -0.0693016 -0.272963 0.05 2996.79
0 4985 2 phononTF 0.00223958 -0.0693016 -0.272963 0.049999 2996.79 0.00104229 1 0.0692943 -0.160423 0.05 41454.4
