Run ID,Event ID,Track ID,Particle Name,Start Energy [eV],Start X [mm],Start Y [mm],Start Z [mm],Start Time [ns],Energy Deposited [eV],Track Weight,End X [mm],End Y [mm],End Z [mm],Final Time [ns],Volume Name
0 0 2 phononTF 0.0028882 -1.24146 1.258 -0.0108091 2.9159 0.00104229 1 0.0452238 -0.286162 0.05 34301.2
0 9 5 phononTS 0.00145808 -3.10811 1.80811 -0.0200844 16049.9 0.00069486 1 0.0564081 -0.136459 0.05 121044
0 51 2 phononTF 0.00250385 -0.90915 2.48033 -0.0279611 4250.01 0.00034743 1 0.0757085 -0.193242 0.05 28827.8
0 52 3 phononL 0.00108222 -0.365455 0.362004 -0.0372939 6240.07 0.00034743 1 0.0225535 -0.135634 0.05 6863.36
0 91 6 phononL 0.000923017 -1.46425 4.55494 -0.00601183 27929.6 0.00069486 1 -0.111371 -0.239824 0.05 83926
0 96 2 phononTF 0.00225987 -1.28102 1.32826 0.0327556 20.5137 0.00034743 1 0.108265 -0.241754 0.05 2258.34
0 96 6 phononTF 0.000414786 0.108265 -0.241754 0.049999 2258.34 0.00034743 1 -0.0246117 -0.21689 0.05 2330.13
0 97 2 phononTS 0.00260455 -0.0908388 1.71849 0.0275358 1944.28 0.00069486 1 -0.0311967 -0.269974 0.05 14755.6
0 102 3 phononTF 0.00249432 -1.00926 2.71703 -0.0356624 3942.36 0.00069486 1 -0.0937589 -0.208358 0.05 28688.1
0 174 2 phononTS 0.0016608 -1.54153 1.72025 -0.0389279 2544.97 0.00104229 1 -0.0950526 -0.173579 0.05 24914.4
0 194 4 phononTS 0.000508926 -2.99052 0.0999479 0.049999 11922 0.00034743 1 0.0914675 -0.157061 0.05 87162.1
0 210 3 phononTS 0.00272718 -1.93582 0.656849 -0.00524759 1966.22 0.00069486 1 -0.08072 -0.203883 0.05 6527.57
0 210 7 phononTF 0.000510821 -0.08072 -0.203883 0.049999 6527.57 0.00034743 1 -0.0368007 -0.228871 0.05 6591.89
0 232 2 phononTS 0.00217594 -1.34943 1.89383 -0.0299436 2258.72 0.00104229 1 0.0548488 -0.288257 0.05 23455.3
0 248 2 phononTS 0.00175334 -1.0694 1.30736 -0.0452721 2797.14 0.00034743 1 -0.0546119 -0.126545 0.05 46996.9
0 252 5 phononTF 0.00114763 2.50367 -3.01023 -0.0115079 60850.4 0.00034743 1 0.0853372 -0.17844 0.05 72552.4
0 254 3 phononTF 0.00213014 -1.1858 1.6835 0.0413098 309.597 0.00034743 1 0.043014 -0.175481 0.05 10455.5
0 263 3 phononTF 0.00237873 -0.962202 0.979667 0.0324682 3507.69 0.00069486 1 0.0392473 -0.16352 0.05 32555.2
0 274 3 phononTS 0.00180258 -0.446217 2.00499 0.00548569 6819.29 0.00034743 1 -0.0307093 -0.160893 0.05 12120.6
0 279 2 phononTS 0.00304188 -1.65428 0.832032 -0.0184803 4442.74 0.00034743 1 0.076206 -0.1939 0.05 23217
0 315 3 phononL 0.00212837 -1.0333 1.37775 -0.0338662 311.855 0.00034743 1 -0.104163 -0.175357 0.05 37250.6
0 338 3 phononTS 0.00144857 -0.940551 2.18353 0.0308003 1126.15 0.00034743 1 0.0686707 -0.190885 0.05 7672.47
0 353 2 phononTS 0.00214591 -0.701565 1.70806 -0.0342446 1647.54 0.00034743 1 0.100849 -0.153581 0.05 74979.7
0 357 2 phononTS 0.00195353 -1.27293 2.20898 0.047131 2750.48 0.00034743 1 0.0699533 -0.155362 0.05 99181.8
0 365 2 phononTS 0.00088139 -0.177672 2.52848 -0.0414273 7059.31 0.00034743 1 -0.0803259 -0.123842 0.05 34592.3
0 390 4 phononTF 0.000898562 -3.36923 0.105747 0.049999 4323.58 0.00069486 1 -0.0367028 -0.163513 0.05 21056.8
0 485 5 phononTS 0.00170959 -1.0546 -0.350514 0.0472486 12467.9 0.00034743 1 -0.065639 -0.25318 0.05 79779.3
0 485 7 phononTF 0.000538353 -0.065639 -0.25318 0.049999 79779.3 0.00034743 1 -0.0889699 -0.25779 0.05 79846.1
0 488 2 phononTS 0.00158573 -1.00966 1.39591 0.0324234 297.723 0.00034743 1 0.0331823 -0.251557 0.05 191067
0 499 2 phononTS 0.00184102 -1.88034 1.31874 0.00476472 1734.65 0.00034743 1 -0.0376317 -0.145533 0.05 35256.5
0 499 4 phononTF 0.000791374 -0.0376317 -0.145533 0.049999 35256.5 0.00034743 1 -0.0467411 -0.26835 0.05 35424.3
0 558 3 phononTF 0.00245972 -1.6674 1.78459 -0.0431845 1776.41 0.00069486 1 -0.0940687 -0.228903 0.05 12803.9
0 558 8 phononTS 0.000793204 -0.0940687 -0.228903 0.049999 12803.9 0.00034743 1 -0.0827269 -0.146348 0.05 13612.1
0 567 2 phononTS 0.00171662 -1.27101 1.23321 0.0315133 7.70147 0.00034743 1 -0.0450057 -0.158061 0.05 17281.9
0 632 3 phononTF 0.00187428 -1.04996 0.796756 0.0275457 1303.35 0.00034743 1 -0.0398476 -0.263132 0.05 13303.8
0 632 4 phononL 0.000754469 -0.0398476 -0.263132 0.049999 13303.8 0.00034743 1 0.0519475 -0.180218 0.05 13426.4
0 636 3 phononTS 0.00169412 -1.24906 1.25855 0.00630431 2.01618 0.00069486 1 -0.117965 -0.1831 0.05 2138.27
0 654 2 phononTS 0.00217569 -1.76095 1.70599 -0.0107903 2737.01 0.00034743 1 0.0403113 -0.150848 0.05 10080.8
0 680 3 phononTS 0.00159054 -0.372698 0.240523 -0.0425556 7205.28 0.00034743 1 -0.0741855 -0.195104 0.05 55029.1
0 694 3 phononTS 0.00158101 -0.368141 2.86753 -0.047118 10602 0.00034743 1 0.0887676 -0.161133 0.05 25238.2
0 699 5 phononTS 0.00127595 -3.84672 4.07388 0.0205936 42224.7 0.00034743 1 0.0744758 -0.127008 0.05 54563.9
0 767 2 phononTF 0.00148181 -1.5097 1.41366 -0.048994 446.371 0.00069486 1 -0.108193 -0.165767 0.05 47814.7
0 845 5 phononTS 0.00133464 0.39507 4.47223 -0.0254317 17608.1 0.00034743 1 -0.0397902 -0.185972 0.05 54649.2
0 874 3 phononTF 0.00214704 -1.09806 2.2524 0.027634 5626.66 0.00069486 1 0.0956332 -0.230097 0.05 45149.5
0 874 8 phononTS 0.000414025 0.0956332 -0.230097 0.049998 45149.5 0.00034743 1 0.0472 -0.27603 0.05 45219.4
0 896 3 phononTF 0.00161162 -0.546783 1.5633 -0.0244357 6007.46 0.00034743 1 0.0309333 -0.304448 0.05 29986.7
0 909 2 phononTS 0.00182926 -0.304812 2.29704 0.0379702 5408.24 0.00034743 1 -0.0308439 -0.177282 0.05 18862.4
0 909 4 phononL 0.00121998 -0.0308439 -0.177282 0.049999 18862.4 0.00069486 1 0.0399966 -0.254231 0.05 18911.4
0 943 2 phononTF 0.00246854 -0.535023 -0.118184 -0.0457889 5269.35 0.00034743 1 -0.0757059 -0.112194 0.05 6030.91
0 943 6 phononTF 0.00102811 -0.0757059 -0.112194 0.049999 6030.91 0.00034743 1 -0.0958764 -0.184133 0.05 27254.4
0 950 2 phononL 0.00289109 -0.466939 1.5122 0.0486057 2437.52 0.00034743 1 -0.0347507 -0.106223 0.05 16065.3
0 1007 2 phononTF 0.00217339 -1.19365 1.28136 -0.0170807 6270.54 0.00069486 1 0.0940831 -0.1617 0.05 9447.63
0 1007 4 phononTS 0.000751185 0.0940831 -0.1617 0.049999 9447.63 0.00034743 1 0.10674 -0.150281 0.05 9512.2
0 1152 3 phononTS 0.000885691 -0.302895 -0.00805352 0.049999 8063.94 0.00034743 1 0.0708193 -0.139303 0.05 99605.5
0 1158 5 phononTF 0.00171471 -1.56672 3.00683 -0.0452804 6006.33 0.00069486 1 0.0704192 -0.20694 0.05 17463.1
0 1174 2 phononTS 0.00174247 -0.316155 1.9423 0.0243946 7291.89 0.00034743 1 0.0901278 -0.170839 0.05 10001.3
0 1174 6 phononTF 0.000817295 0.0901278 -0.170839 0.049999 10001.3 0.00034743 1 0.0920336 -0.182955 0.05 10063
0 1174 4 phononTF 0.000551101 0.0901278 -0.170839 0.049999 10001.3 0.00034743 1 0.0771018 -0.179544 0.05 10600.6
0 1177 5 phononTS 0.0013512 -0.557552 1.91148 0.00912199 18036 0.00034743 1 -0.0154977 -0.181151 0.05 19983.9
0 1179 2 phononTS 0.00230665 0.0827588 1.31479 0.0434646 12006 0.00034743 1 -0.0871833 -0.24624 0.05 17584.7
0 1182 4 phononTS 0.000467005 -2.10577 0.100412 0.049999 2026.56 0.00034743 1 0.0936833 -0.271068 0.05 4941.69
0 1213 3 phononTF 0.00266877 0.76259 2.0066 -0.0319105 7208.87 0.00034743 1 0.0841986 -0.263578 0.05 13914
0 1213 5 phononL 0.00174842 0.0841986 -0.263578 0.049999 13914 0.00069486 1 -0.0289589 -0.150452 0.05 16628.1
0 1213 10 phononTS 0.000907304 -0.0289589 -0.150452 0.049999 16628.1 0.00034743 1 -0.033219 -0.142672 0.05 16684.8
0 1213 22 phononTS 0.000403486 -0.033219 -0.142672 0.049999 16684.8 0.00034743 1 0.078694 -0.236668 0.05 17592
0 1220 3 phononTF 0.00250976 -1.53382 2.4139 -0.0227384 20973.4 0.00069486 1 -0.035845 -0.136207 0.05 22399.5
0 1234 2 phononTS 0.00156151 -1.43498 0.792907 -0.0237627 4855.96 0.00069486 1 -0.0413808 -0.163457 0.05 18665.4
0 1290 4 phononTF 0.000816287 -2.14777 0.0233868 0.049999 4604.48 0.00034743 1 0.0933336 -0.14115 0.05 26080.8
0 1298 3 phononTF 0.00134263 -1.00036 1.56326 0.0445231 8330.4 0.00034743 1 0.102588 -0.219206 0.05 21493
0 1304 3 phononTS 0.00288248 -1.72069 1.62618 0.0348864 1552.6 0.00069486 1 -0.0153018 -0.228654 0.05 6918.21
0 1304 11 phononL 0.000549455 -0.0153018 -0.228654 0.049999 6918.21 0.00034743 1 -0.0193541 -0.255206 0.05 6969.99
0 1304 7 phononTS 0.000361731 -0.0153018 -0.228654 0.049999 6918.21 0.00034743 1 -0.0256318 -0.235078 0.05 6975.24
0 1304 4 phononTF 0.000614061 -0.0153018 -0.228654 0.049999 6918.21 0.00034743 1 0.0305838 -0.13902 0.05 6987.17
0 1321 5 phononL 0.000669234 -1.17776 0.0614174 0.049999 1491.69 0.00034743 1 -0.0239829 -0.195122 0.05 5190.82
0 1338 3 phononTS 0.00200644 -0.751849 0.859449 -0.0496075 9711.18 0.00034743 1 -0.0370501 -0.186597 0.05 34265.3
0 1350 1 phononTS 0.004 -1.25 1.25 0 0 0.00173715 1 0.0536842 -0.146004 0.05 3589.41
0 1364 2 phononL 0.00258793 -1.38959 1.13916 0.0476901 3616.84 0.00069486 1 0.118836 -0.188152 0.05 8007.09
0 1443 5 phononTS 0.00069832 1.83859 -1.52946 -0.0270408 50463.6 0.00034743 1 0.0583018 -0.294368 0.05 74468
0 1463 2 phononTF 0.00245243 -2.21935 0.0654207 -0.0173782 2599.74 0.00034743 1 -0.0584594 -0.272574 0.05 6882.17
0 1477 2 phononTF 0.00284266 -1.34454 1.41051 -0.036751 947.217 0.00069486 1 -0.0975321 -0.180949 0.05 5345.34
0 1477 4 phononTS 0.000595225 -0.0975321 -0.180949 0.049999 5345.34 0.00034743 1 -0.10225 -0.182225 0.05 5403.83
0 1483 3 phononTS 0.0022404 0.311794 2.95199 0.0494417 15663.8 0.00069486 1 -0.0481864 -0.123363 0.05 38614.1
0 1512 3 phononTF 0.00110222 -1.33715 0.986891 -0.04441 13365.4 0.00069486 1 -0.0829098 -0.241003 0.05 65876.1
0 1523 3 phononTS 0.00191954 -2.0374 1.61679 0.021136 1534.39 0.00069486 1 -0.0306478 -0.278602 0.05 7191.03
0 1531 5 phononTS 0.00154535 -3.7912 2.69307 0.0201716 68483 0.00034743 1 0.0346288 -0.0974628 0.05 106576
0 1531 10 phononL 0.000700958 0.0346288 -0.0974628 0.049999 106576 0.00034743 1 0.0694392 -0.218797 0.05 107100
0 1547 3 phononTS 0.00237976 -1.40147 1.17347 0.0176267 362.583 0.00069486 1 0.00884142 -0.203872 0.05 11456
0 1552 4 phononL 0.00157773 4.53454 0.733459 0.0484818 23389.4 0.00034743 1 0.0191505 -0.207349 0.05 85369.5
0 1572 5 phononTS 0.000433726 -1.79762 0.0775995 0.049999 1498.31 0.00034743 1 0.0602674 -0.210934 0.05 3152.79
0 1631 3 phononTS 0.00271082 -0.982806 1.38517 0.0399442 58.6762 0.00069486 1 -0.0600542 -0.154362 0.05 10283.3
0 1631 8 phononTS 0.00118735 -0.0600542 -0.154362 0.049999 10283.3 0.00034743 1 -0.10696 -0.219218 0.05 10428.2
0 1645 3 phononTF 0.00203994 -0.917724 2.12552 -0.0192254 4907.39 0.00104229 1 0.0222796 -0.258011 0.05 10125.4
0 1649 2 phononL 0.000479679 -1.63621 0.101412 0.049999 6159.87 0.00034743 1 -0.0709406 -0.113642 0.05 10310.8
0 1685 3 phononTS 0.00221541 -0.694484 0.757802 -0.027661 1650.55 0.00069486 1 -0.0487822 -0.103211 0.05 5661.48
0 1686 1 phononTF 0.004 -1.25 1.25 0 0 0.00069486 1 0.0314224 -0.107642 0.05 10139.5
0 1686 2 phononTF 0.00215943 0.0314224 -0.107642 0.049999 10139.5 0.00069486 1 0.0521284 -0.139044 0.05 10204.3
0 1689 3 phononTF 0.00241529 -0.827994 3.05153 0.0351903 5340.99 0.00034743 1 -0.0792506 -0.114709 0.05 16096.9
0 1691 3 phononTS 0.00190667 -1.89863 0.819975 0.0370029 1685.77 0.00034743 1 -0.0256305 -0.260292 0.05 67230.8
0 1697 2 phononTF 0.00233533 -0.91687 0.762305 -0.0368167 9241.58 0.00034743 1 -0.0705971 -0.223342 0.05 43365.6
0 1707 4 phononTS 0.00143711 -4.09741 0.694291 0.036218 8926.84 0.00069486 1 0.0594835 -0.102665 0.05 94366.3
0 1711 2 phononL 0.00203903 -0.0155604 1.2634 -0.0145407 7540.06 0.00034743 1 -0.096907 -0.156541 0.05 30512.9
0 1722 3 phononTS 0.00228492 -0.383316 1.30796 -0.0397009 3084.3 0.00034743 1 0.0713927 -0.258252 0.05 13122
0 1745 3 phononTS 0.00271519 -1.46868 0.108323 0.0134859 5994.38 0.00138972 1 -0.0670339 -0.151523 0.05 13866.1
0 1745 6 phononTS 0.000396834 -0.0670339 -0.151523 0.049999 13866.1 0.00034743 1 0.103166 -0.185962 0.05 14271
0 1746 3 phononL 0.00208969 -2.28438 2.25389 0.0200258 6218.48 0.00104229 1 -0.07735 -0.194541 0.05 101764
0 1751 5 phononTF 0.000550689 -1.60858 0.000668438 0.049999 1969.94 0.00034743 1 -0.0642802 -0.186869 0.05 3298.16
0 1769 3 phononTS 0.00214581 -1.16246 1.41184 0.0142861 2473.91 0.00034743 1 -0.0843455 -0.248915 0.05 94540
0 1769 4 phononTF 0.000985454 -0.0843455 -0.248915 0.049999 94540 0.00034743 1 0.104927 -0.205528 0.05 94773.5
0 1774 2 phononL 0.00132691 0.930015 2.9625 -0.0144326 4181.5 0.00034743 1 -0.0647754 -0.288459 0.05 57727.5
0 1774 7 phononTS 0.000521184 -0.0647754 -0.288459 0.049998 57727.5 0.00034743 1 0.0787615 -0.263172 0.05 58010.5
0 1778 3 phononTF 0.00193119 1.77116 1.08032 -0.0156719 15686.2 0.00104229 1 -0.0786968 -0.17766 0.05 27626.5
0 1804 2 phononTF 0.00200934 -1.11596 1.51562 -0.00602 1867.46 0.00034743 1 0.0747065 -0.258065 0.05 2938.1
0 1808 2 phononL 0.00254126 -1.08959 0.916287 -0.0150213 2416.54 0.00069486 1 0.082091 -0.233869 0.05 13158.5
0 1819 3 phononL 0.00057232 -1.35638 0.0828323 0.049999 3740.32 0.00034743 1 -0.0873848 -0.243033 0.05 9332.98
0 1853 2 phononTF 0.00235984 0.0434829 0.814647 -0.0131452 8611.33 0.00034743 1 0.104219 -0.229437 0.05 9978.71
0 1853 4 phononTF 0.00158437 0.104219 -0.229437 0.049999 9978.71 0.00069486 1 0.0786643 -0.245278 0.05 10036.8
0 1886 1 phononTF 0.004 -1.25 1.25 0 0 0.00138972 1 -0.0998167 -0.217561 0.05 8383.64
0 1886 12 phononTS 0.00055128 -0.0998167 -0.217561 0.049999 8383.64 0.00034743 1 0.0314111 -0.231904 0.05 8965.99
0 1907 3 phononTS 0.0015756 -1.17923 2.20724 -0.0247122 8871.17 0.00069486 1 0.0875509 -0.243026 0.05 17636.7
0 1912 3 phononL 0.000827058 -1.00078 0.0869806 0.049999 6171.93 0.00034743 1 0.11569 -0.180787 0.05 15448.8
0 1916 2 phononL 0.00170653 -2.46903 1.0565 -0.0327963 9886.34 0.00034743 1 -0.0414164 -0.160429 0.05 44881.2
0 1916 6 phononTS 0.000581392 -0.0414164 -0.160429 0.049999 44881.2 0.00034743 1 -0.0298384 -0.232886 0.05 44953.7
0 1917 3 phononTF 0.00246985 -1.13224 1.3422 0.0247896 50.9501 0.00069486 1 0.0485497 -0.190447 0.05 38464.4
0 1921 3 phononTF 0.00249741 -1.15946 0.825787 0.0230531 125.695 0.00104229 1 0.0674859 -0.210781 0.05 3332.86
0 1926 5 phononTS 0.00171315 1.35344 -3.11971 -0.0282735 36150.6 0.00034743 1 -0.0749875 -0.276156 0.05 45729
0 1926 6 phononTF 0.00109189 -0.0749875 -0.276156 0.049999 45729 0.00069486 1 -0.0987881 -0.188716 0.05 45795.3
0 1928 5 phononTS 0.00151042 3.48854 -0.655131 -0.0493985 54803.1 0.00034743 1 -0.0122932 -0.193136 0.05 62311
0 1933 3 phononTF 0.00187843 -1.83014 1.3005 -0.0265376 1817.54 0.00069486 1 -0.0990895 -0.219148 0.05 44366.9
0 1938 5 phononTF 0.00240401 -2.37639 -0.576309 0.0245674 11747.6 0.00034743 1 0.0656171 -0.260367 0.05 15624.7
0 1938 7 phononTS 0.0010961 0.0656171 -0.260367 0.049999 15624.7 0.00034743 1 -0.0476386 -0.149262 0.05 15720
0 1951 3 phononTS 0.00260413 -1.23044 1.28777 -0.0475252 85.9372 0.00034743 1 -0.0823892 -0.192778 0.05 36282.1
0 1951 5 phononTF 0.00192617 -0.0823892 -0.192778 0.049999 36282.1 0.00069486 1 0.0874125 -0.209363 0.05 36598.8
0 1957 2 phononTF 0.00247558 -1.62854 0.795158 -0.0199486 6679.9 0.00069486 1 0.0693285 -0.200343 0.05 28423.1
0 1982 3 phononTF 0.00246245 -0.282027 0.980711 -0.035159 4530.11 0.00069486 1 -0.0855118 -0.196544 0.05 6762.9
0 1993 3 phononTS 0.0019459 -1.21229 0.383091 0.020836 1298.28 0.00034743 1 0.0202596 -0.209361 0.05 2394.43
0 2005 4 phononTS 0.000722905 -2.68817 4.45758 -0.0477033 22086 0.00034743 1 0.0508646 -0.190297 0.05 43133.4
0 2015 3 phononTF 0.00184201 -0.681206 -1.03232 0.00112166 2585.08 0.00069486 1 -0.0343542 -0.305978 0.05 37837.9
0 2036 2 phononTS 0.00176251 -0.781173 0.976039 0.0210359 7744.36 0.00034743 1 0.0667404 -0.115531 0.05 12532.3
0 2041 2 phononTS 0.00167638 -1.44061 2.81645 -0.0489693 8131.29 0.00069486 1 -0.0302579 -0.176804 0.05 27791.8
0 2051 3 phononTF 0.0026897 -0.16276 0.34762 0.0368562 14816.5 0.00069486 1 0.0966641 -0.228448 0.05 16272.6
0 2051 4 phononTS 0.00155501 0.0966641 -0.228448 0.049999 16272.6 0.00069486 1 0.0569682 -0.285292 0.05 16343.3
0 2051 14 phononL 0.000684489 0.0569682 -0.285292 0.049999 16343.3 0.00034743 1 -0.0670715 -0.287473 0.05 16404.5
0 2062 3 phononTS 0.00245402 -1.93017 0.897847 0.00579452 1343.55 0.00034743 1 0.106686 -0.173835 0.05 6512.61
0 2063 2 phononL 0.00234657 -1.58325 1.44854 0.00879512 2279.43 0.00069486 1 0.0450619 -0.100417 0.05 4835.04
0 2083 5 phononL 0.00115735 0.403085 0.985467 0.0466282 1821.24 0.00034743 1 -0.0267893 -0.29241 0.05 10275.3
0 2083 4 phononTS 0.00181007 0.403085 0.985467 0.0466282 1821.24 0.00034743 1 0.0650643 -0.250476 0.05 23224.2
0 2102 3 phononTS 0.00253495 -2.21671 -0.202735 0.0193268 4984.62 0.00034743 1 -0.0545156 -0.274268 0.05 20685.5
0 2126 3 phononTF 0.00198618 -1.41377 2.97165 -0.0147179 2157.39 0.00034743 1 0.0972011 -0.208536 0.05 52744.8
0 2126 4 phononTF 0.000870858 0.0972011 -0.208536 0.049999 52744.8 0.00034743 1 0.0799098 -0.272088 0.05 54361.4
0 2135 3 phononL 0.00185194 -0.464202 0.818938 -0.0495222 1576.92 0.00034743 1 0.06437 -0.178329 0.05 2945.29
0 2149 2 phononTS 0.00148546 -1.12734 2.1032 0.031067 4799.74 0.00069486 1 0.0609887 -0.243293 0.05 51378.9
0 2156 4 phononTF 0.00197706 -2.13933 1.63217 -0.0424831 12176.8 0.00034743 1 -0.0535263 -0.204919 0.05 55552.5
0 2169 3 phononTS 0.00211115 -3.50622 2.73354 -0.0302738 8572.37 0.00069486 1 0.013468 -0.188855 0.05 48767.4
0 2188 3 phononL 0.000465885 -0.648966 0.0298015 0.049998 4272.49 0.00034743 1 -0.0683866 -0.224444 0.05 6417.97
0 2192 4 phononTS 0.00117765 0.969819 -0.135011 -0.0389422 30375.8 0.00034743 1 0.0327208 -0.263884 0.05 33928.7
0 2202 2 phononTS 0.00231747 -0.803158 2.62139 -0.000334418 16646.8 0.00034743 1 -0.0698493 -0.174022 0.05 27877.7
0 2205 1 phononTF 0.004 -1.25 1.25 0 0 0.00138972 1 0.117143 -0.194245 0.05 3176.44
0 2214 3 phononTS 0.00249893 -1.25749 1.27595 -0.0246525 6.80588 0.00069486 1 0.0599 -0.162546 0.05 3385.32
0 2214 4 phononTF 0.000940812 0.0599 -0.162546 0.049998 3385.32 0.00034743 1 0.059703 -0.124319 0.05 3448.51
0 2262 1 phononTF 0.004 -1.25 1.25 0 0 0.00069486 1 -0.0460165 -0.115806 0.05 2830.32
0 2283 3 phononTF 0.00180251 -0.942636 1.5703 0.047479 2958.28 0.00069486 1 -0.103733 -0.206381 0.05 13384.3
0 2294 3 phononTS 0.00225095 -1.38694 1.33927 0.0480884 414.245 0.00034743 1 -0.0419156 -0.118792 0.05 3953.14
0 2294 6 phononL 0.000517626 -0.0419156 -0.118792 0.049999 3953.14 0.00034743 1 0.0388493 -0.147368 0.05 4170.65
0 2295 3 phononTF 0.00189659 -1.01051 1.0555 0.00808109 304.751 0.00104229 1 -0.0403896 -0.292184 0.05 5658.49
0 2313 3 phononTS 0.0027313 -0.165285 3.19633 0.0331232 17254.7 0.00104229 1 0.089006 -0.225637 0.05 21217.6
0 2313 15 phononTS 0.000356374 0.089006 -0.225637 0.049999 21217.6 0.00034743 1 0.0350352 -0.242632 0.05 21284.2
0 2316 3 phononL 0.00282788 -1.12389 1.125 0.042956 1037.9 0.00034743 1 0.103858 -0.242685 0.05 15598.9
0 2318 4 phononL 0.00136178 2.20927 1.67683 -0.0235059 17859 0.00069486 1 -0.0581922 -0.196396 0.05 68165.2
0 2354 3 phononTS 0.00154483 -4.78777 3.70908 -0.000961123 22563.6 0.00034743 1 -0.0469473 -0.262104 0.05 27835.2
0 2354 5 phononTF 0.00105125 -0.0469473 -0.262104 0.049999 27835.2 0.00034743 1 -0.0277065 -0.230787 0.05 28745.2
0 2371 1 phononTS 0.004 -1.25 1.25 0 0 0.00034743 1 -0.0441096 -0.203368 0.05 7631.42
0 2371 2 phononTS 0.00142217 -0.0441096 -0.203368 0.049999 7631.42 0.00034743 1 0.0800094 -0.214162 0.05 32778.5
0 2381 2 phononTF 0.00160863 -1.07104 1.81516 0.0241749 3037.49 0.00034743 1 0.0400879 -0.218213 0.05 14454.5
0 2382 2 phononTF 0.00149622 -0.16654 0.0965092 -0.0408572 3997.2 0.00034743 1 0.0204374 -0.214561 0.05 6938.29
0 2407 1 phononTS 0.004 -1.25 1.25 0 0 0.00034743 1 -0.109313 -0.234313 0.05 5164.8
0 2407 3 phononTF 0.000625572 -0.109313 -0.234313 0.049999 5164.8 0.00034743 1 0.0881907 -0.259005 0.05 7406.19
0 2417 3 phononTS 0.00140152 -0.550011 0.755273 0.0357741 1346.89 0.00069486 1 0.0658419 -0.272936 0.05 12557.9
0 2429 2 phononL 0.00239259 -1.08518 1.0023 0.0207143 1134.74 0.00034743 1 0.068498 -0.247693 0.05 4105.96
0 2470 2 phononTF 0.00129813 -0.975452 1.42799 -0.0446529 8795.04 0.00034743 1 -0.0305623 -0.149499 0.05 18949.8
0 2520 3 phononTS 0.00169284 -1.51307 1.79625 0.0073309 1095.87 0.00069486 1 0.0977977 -0.160351 0.05 36168.7
0 2540 1 phononTF 0.004 -1.25 1.25 0 0 0.00034743 1 -0.0447805 -0.276035 0.05 4684.36
0 2540 4 phononTS 0.00267696 -0.0447805 -0.276035 0.049999 4684.36 0.00034743 1 -0.0307967 -0.180187 0.05 4720.97
0 2540 10 phononTS 0.000510945 -0.0307967 -0.180187 0.049999 4720.97 0.00034743 1 -0.0251059 -0.180048 0.05 4778.08
0 2594 3 phononTF 0.00187153 -2.4821 1.84551 0.0469342 12190.1 0.00034743 1 0.0533077 -0.285567 0.05 29819.5
0 2615 5 phononL 0.00136752 -0.723311 0.932693 0.0322004 44673.2 0.00034743 1 0.0470549 -0.280733 0.05 45644
0 2615 4 phononL 0.00098364 -0.723311 0.932693 0.0322004 44673.2 0.00034743 1 -0.0712567 -0.224955 0.05 78303.1
0 2616 2 phononTS 0.00153653 -1.42924 1.93554 -0.0142277 846.978 0.00104229 1 0.050144 -0.117692 0.05 53951.7
0 2644 2 phononL 0.00295164 -1.10576 1.05987 -0.0216818 343.192 0.00104229 1 0.112362 -0.231026 0.05 2561.65
0 2659 3 phononL 0.00210954 -1.75567 1.52908 -0.0118288 1286.46 0.00069486 1 -0.0631769 -0.229401 0.05 8798.15
0 2659 11 phononTF 0.000370144 -0.0631769 -0.229401 0.049999 8798.15 0.00034743 1 0.0607079 -0.200076 0.05 9141.97
0 2688 2 phononTS 0.00133728 -1.29877 1.39002 -0.00725457 611.904 0.00034743 1 0.0930808 -0.25105 0.05 3232.74
0 2690 1 phononTF 0.004 -1.25 1.25 0 0 0.00069486 1 0.019694 -0.231251 0.05 6552.54
0 2703 2 phononL 0.00041442 -1.52197 0.0152294 0.049999 1415.22 0.00034743 1 -0.0719724 -0.144358 0.05 9631.76
0 2738 2 phononTF 0.00189474 -1.4079 1.11368 -0.0130311 45.4796 0.00034743 1 -0.0217757 -0.182059 0.05 40441.6
0 2762 5 phononTS 0.00159198 3.49782 1.13944 -0.0482631 16236.4 0.00034743 1 0.0732074 -0.19243 0.05 54330.8
0 2776 3 phononTS 0.00201202 -1.3788 3.31945 0.0100632 5879.09 0.00034743 1 -0.103725 -0.231797 0.05 24581.8
0 2797 3 phononTS 0.0022634 -1.44764 0.212392 0.032154 3026.29 0.00034743 1 0.0576008 -0.274817 0.05 16409.7
0 2797 4 phononTS 0.00103022 0.0576008 -0.274817 0.049998 16409.7 0.00034743 1 -0.0556317 -0.100794 0.05 17627.9
0 2801 2 phononTS 0.00233119 -1.52764 0.200141 0.013265 9627.09 0.00104229 1 -0.0883634 -0.233265 0.05 13468.6
0 2803 2 phononTF 0.00123042 -1.33238 1.63709 -0.00734889 9181.03 0.00034743 1 0.0800792 -0.21367 0.05 15874.7
0 2806 2 phononTS 0.00181972 -1.50171 -0.215866 -0.037945 8730.44 0.00034743 1 0.046812 -0.125578 0.05 72557.2
0 2809 2 phononTS 0.00223263 -1.22889 1.24094 -0.0387182 134.43 0.00069486 1 -0.0954627 -0.189355 0.05 4975.47
0 2818 5 phononL 0.00114113 1.89563 0.782086 0.00990701 52378.5 0.00034743 1 -0.0383224 -0.301586 0.05 65654.8
0 2835 3 phononTS 0.00153921 -1.97442 1.01702 -0.0338658 2909.61 0.00034743 1 -0.0361174 -0.239921 0.05 99224.9
0 2859 3 phononTF 0.00204437 -1.03645 0.0981148 -0.0107774 2651.02 0.00069486 1 -0.111788 -0.196868 0.05 3563.22
0 2902 2 phononTF 0.00125954 -0.775106 1.54282 -0.0473746 6722.27 0.00034743 1 -0.030935 -0.186947 0.05 8473.85
0 2902 4 phononTS 0.000483197 -0.030935 -0.186947 0.049999 8473.85 0.00034743 1 0.0394079 -0.133478 0.05 8550.05
0 2962 2 phononTF 0.00216585 -1.99664 1.27111 0.040841 6255.85 0.00069486 1 -0.0823755 -0.241105 0.05 18567.7
0 2962 4 phononTS 0.00109916 -0.0823755 -0.241105 0.049999 18567.7 0.00069486 1 -0.0266828 -0.187979 0.05 19035.8
0 2971 2 phononTF 0.00181197 -1.55318 1.45122 0.0366676 375.047 0.00069486 1 -0.114925 -0.183891 0.05 63378.2
0 2979 2 phononTF 0.00217666 -1.46999 1.46432 -0.037887 501.633 0.00138972 1 0.0608024 -0.265874 0.05 27708
0 2983 5 phononTS 0.0015427 0.238912 -0.259882 0.0465188 13248.1 0.00034743 1 -0.0734817 -0.198581 0.05 13768.3
0 3040 3 phononTS 0.00240812 -0.210259 0.714706 0.00517897 10768.5 0.00069486 1 0.0330348 -0.240798 0.05 11857.1
0 3051 3 phononTS 0.00278945 -1.15415 1.13703 -0.0109909 1287.29 0.00104229 1 0.0654451 -0.16283 0.05 11307.1
0 3051 9 phononTF 0.00057458 0.0654451 -0.16283 0.049999 11307.1 0.00034743 1 0.0676267 -0.225287 0.05 11392.3
0 3100 3 phononTS 0.00084494 -0.233255 0.0918192 0.049999 5585.1 0.00034743 1 0.0480693 -0.287156 0.05 27296.2
0 3103 3 phononTF 0.00242144 -0.98576 1.2218 -0.0414063 1455.86 0.00034743 1 0.00989871 -0.199484 0.05 6823.04
0 3103 4 phononTF 0.000994154 0.00989871 -0.199484 0.049999 6823.04 0.00034743 1 -0.0817857 -0.230823 0.05 6969.26
0 3103 12 phononTF 0.00058956 -0.0817857 -0.230823 0.049999 6969.26 0.00034743 1 -0.0666014 -0.109491 0.05 34630.3
0 3109 2 phononTF 0.00166038 -4.4154 1.76891 0.0346335 17048 0.00034743 1 -0.0548843 -0.207694 0.05 32139.4
0 3109 6 phononTS 0.00100577 -0.0548843 -0.207694 0.049999 32139.4 0.00069486 1 0.0987418 -0.140708 0.05 32233.5
0 3118 3 phononTS 0.00159246 -0.975275 4.62571 -0.0348666 9674.82 0.00034743 1 -0.0959937 -0.250798 0.05 51563.4
0 3118 4 phononTS 0.000964155 -0.0959937 -0.250798 0.049999 51563.4 0.00034743 1 -0.0588086 -0.218916 0.05 51629.2
0 3133 2 phononTF 0.00216219 -1.67847 1.66113 0.0230445 3941.95 0.00104229 1 0.084315 -0.237959 0.05 5154
0 3137 3 phononL 0.00255909 -1.5127 1.95567 -0.0492702 1218.09 0.00069486 1 0.115909 -0.189936 0.05 6445.33
0 3157 3 phononTF 0.0021769 -1.81596 1.46601 -0.0014356 5414.27 0.00069486 1 -0.0587631 -0.26258 0.05 26572
0 3168 5 phononTS 0.00147708 0.774221 1.08122 0.0218541 19630.6 0.00034743 1 -0.0270822 -0.253 0.05 53470.2
0 3218 2 phononTF 0.00177113 -0.535742 0.899643 -0.0462112 5692.18 0.00034743 1 0.0524674 -0.192349 0.05 10218.1
0 3258 5 phononTF 0.00161865 -1.90448 3.21307 0.015987 9938.29 0.00034743 1 -0.0458115 -0.126531 0.05 28702.6
0 3258 9 phononTF 0.000350245 -0.0458115 -0.126531 0.049999 28702.6 0.00034743 1 0.0328806 -0.172741 0.05 28825.4
0 3260 2 phononTS 0.00224784 -1.20666 1.22083 0.0138031 10.1849 0.00069486 1 -0.0657701 -0.219738 0.05 4608.93
0 3260 4 phononTF 0.00100879 -0.0657701 -0.219738 0.049999 4608.93 0.00034743 1 -0.0571535 -0.241995 0.05 4672.07
0 3263 3 phononTF 0.00193647 -1.45779 1.70205 0.00848366 845.227 0.00069486 1 0.0779221 -0.263869 0.05 44799.5
0 3264 2 phononTS 0.00184462 -1.84224 0.913397 -0.0136038 1189.59 0.00034743 1 0.0148482 -0.229048 0.05 25175.4
0 3264 6 phononTF 0.000647748 0.0148482 -0.229048 0.049999 25175.4 0.00034743 1 -0.044728 -0.292443 0.05 25321.1
0 3275 4 phononTF 0.000589096 2.68619 1.80017 0.0246124 20533.8 0.00034743 1 0.0620275 -0.198782 0.05 55402.9
0 3308 5 phononTF 0.00165254 -2.1175 1.09723 0.00528724 21959.1 0.00034743 1 0.0999237 -0.174289 0.05 164380
0 3316 3 phononTF 0.000436167 0.150595 0.0243412 0.049999 2311.91 0.00034743 1 0.021805 -0.180641 0.05 6361.58
0 3328 3 phononL 0.000781784 -0.536506 0.0548572 0.049999 2654.93 0.00034743 1 -0.0646136 -0.249918 0.05 3220.29
0 3343 3 phononTS 0.00293807 -1.56853 1.46929 0.046642 165.629 0.00034743 1 0.0366958 -0.152084 0.05 7999.53
0 3343 7 phononTS 0.00093803 0.0366958 -0.152084 0.049999 7999.53 0.00034743 1 0.0244424 -0.166645 0.05 8060.17
0 3343 4 phononTF 0.00145931 0.0366958 -0.152084 0.049999 7999.53 0.00034743 1 -0.0800654 -0.201871 0.05 8397.71
0 3383 2 phononTS 0.00301495 -0.626148 0.0267589 0.00852659 8330.32 0.00034743 1 -0.0736961 -0.110699 0.05 13176.4
0 3383 5 phononTS 0.00100764 -0.0736961 -0.110699 0.049999 13176.4 0.00069486 1 0.0846324 -0.136115 0.05 13456.7
0 3395 5 phononTF 0.00100795 -4.80202 1.33431 -0.0395313 11554.1 0.00034743 1 -0.107127 -0.251557 0.05 179004
0 3403 3 phononTS 0.00265179 -0.458624 1.46467 -0.0116463 1876.65 0.00069486 1 -0.0486978 -0.186902 0.05 6489.56
0 3415 3 phononL 0.00204546 -1.61778 1.73366 0.0175363 2360.12 0.00034743 1 -0.0605665 -0.113011 0.05 36126.6
0 3415 4 phononL 0.000824641 -0.0605665 -0.113011 0.049999 36126.6 0.00034743 1 0.0516606 -0.243366 0.05 36179.5
0 3451 2 phononTS 0.00185749 -1.54397 0.390358 0.0102649 4142.55 0.00034743 1 0.0706978 -0.153937 0.05 34202.8
0 3485 3 phononTS 0.00194774 0.15803 0.262217 0.0416212 2161.92 0.00034743 1 -0.0833045 -0.247939 0.05 3848.29
0 3506 6 phononTS 0.00110697 -2.05275 -4.60644 -0.0499906 60339.9 0.00034743 1 0.0771825 -0.167836 0.05 90399.4
0 3506 2 phononTF 0.00132773 -1.11361 1.22661 -0.0421666 833.345 0.00069486 1 0.0210233 -0.203467 0.05 28565.3
0 3507 4 phononTS 0.00177421 0.715332 1.50058 -0.0130149 7701.79 0.00034743 1 -0.0180809 -0.215863 0.05 65508.1
0 3514 2 phononTS 0.00186087 -1.28286 1.20649 -0.00897802 10.4007 0.00104229 1 0.0748143 -0.164484 0.05 40043.1
0 3533 2 phononL 0.00168808 -1.75081 4.99774 -0.00453074 19725.1 0.00034743 1 -0.0446875 -0.20133 0.05 36322.5
0 3533 5 phononTS 0.0008477 -0.0446875 -0.20133 0.049999 36322.5 0.00034743 1 -0.0768477 -0.166156 0.05 36386.2
0 3546 3 phononTF 0.0027626 -1.0132 0.753546 -0.0247755 2344.86 0.00034743 1 0.111079 -0.161587 0.05 26918.4
0 3546 4 phononL 0.00219151 0.111079 -0.161587 0.049999 26918.4 0.00034743 1 -0.100696 -0.20323 0.05 26980.6
0 3546 12 phononL 0.00103061 -0.100696 -0.20323 0.049999 26980.6 0.00069486 1 -0.0437675 -0.214704 0.05 27358.6
0 3550 2 phononTS 0.00238294 -1.45546 0.931617 -0.0212654 655.093 0.00034743 1 0.054786 -0.195792 0.05 12272.5
0 3550 4 phononL 0.000518007 0.054786 -0.195792 0.049999 12272.5 0.00034743 1 0.0326752 -0.24868 0.05 12628.6
0 3557 2 phononTF 0.00184813 -0.176203 1.43125 -0.0147254 2608.24 0.00034743 1 0.108327 -0.214057 0.05 37531.5
0 3557 4 phononTF 0.00127266 0.108327 -0.214057 0.049999 37531.5 0.00034743 1 0.0438992 -0.163062 0.05 37654.3
0 3570 3 phononL 0.00172329 -0.985787 1.2723 -0.0466512 831.838 0.00069486 1 0.0586468 -0.240003 0.05 15732.8
0 3573 5 phononTF 0.00051988 -3.72852 4.70544 -0.0389016 13790.4 0.00034743 1 -0.108444 -0.178612 0.05 68486.1
0 3574 5 phononTS 0.00242438 -1.39039 1.7261 -0.0293617 6004.94 0.00034743 1 -0.045325 -0.217717 0.05 8586.09
0 3582 2 phononL 0.00159265 -2.02626 0.717394 0.0242462 13957.5 0.00034743 1 0.0752399 -0.258147 0.05 43826.6
0 3582 4 phononL 0.000670664 0.0752399 -0.258147 0.049999 43826.6 0.00034743 1 -0.0708313 -0.150923 0.05 49788.7
0 3585 2 phononTF 0.00122517 -0.358267 0.524758 -0.0211586 8294.49 0.00034743 1 -0.0676059 -0.270805 0.05 9764.41
0 3585 6 phononTS 0.000441461 -0.0676059 -0.270805 0.049999 9764.41 0.00034743 1 -0.0847522 -0.276102 0.05 9824.94
0 3605 3 phononTS 0.00294572 0.916122 0.872906 -6.26808e-05 16271.7 0.00034743 1 0.0494721 -0.139474 0.05 17477.1
0 3665 4 phononTF 0.000734494 1.38279 -2.24279 -0.0111058 52960.3 0.00034743 1 0.0964886 -0.218713 0.05 92606
0 3679 5 phononTS 0.00133855 -0.886633 -0.808975 0.0468353 95133 0.00069486 1 0.0823572 -0.238644 0.05 122922
0 3685 4 phononTF 0.000790209 1.72558 -0.206048 -0.032273 47980.1 0.00034743 1 -0.0928248 -0.167392 0.05 65179
0 3687 2 phononL 0.00230917 -0.64014 1.24193 -0.0413004 5678.03 0.00104229 1 0.116041 -0.174274 0.05 11289.6
0 3689 3 phononTS 0.00247206 -0.929518 0.976176 0.0393368 524.758 0.00034743 1 0.0462861 -0.19303 0.05 24306.8
0 3700 2 phononTS 0.000484469 0.789086 -0.338285 0.0100864 12768.7 0.00034743 1 -0.0309454 -0.244608 0.05 13165.8
0 3718 2 phononTS 0.000888064 -1.38084 1.29922 -0.00787031 2427.47 0.00034743 1 -0.0746349 -0.259492 0.05 42731.3
0 3724 3 phononTS 0.00192864 -1.38501 1.55328 -0.0162428 7169.25 0.00034743 1 -0.0651665 -0.175528 0.05 19441.7
0 3731 5 phononTF 0.000434411 -0.936714 0.0400097 0.049999 2249.11 0.00034743 1 -0.0811749 -0.220157 0.05 84269
0 3740 3 phononL 0.00115573 -1.33363 0.997447 0.0278719 2339.46 0.00034743 1 0.0887888 -0.147169 0.05 7686.37
0 3762 2 phononL 0.00178286 -1.36714 1.26044 -0.00147618 194.612 0.00034743 1 -0.117578 -0.193273 0.05 92818.3
0 3784 5 phononTS 0.00112629 -1.36288 1.79816 -0.0490472 1714.06 0.00069486 1 -0.0193779 -0.14646 0.05 14020.7
0 3795 3 phononTS 0.00143406 -1.88425 1.25776 -0.0383262 1174.58 0.00034743 1 -0.0631713 -0.119721 0.05 50880.7
0 3800 6 phononL 0.000357762 0.00768615 0.0973656 0.049998 4701.85 0.00034743 1 -0.047833 -0.109231 0.05 5312.74
0 3806 2 phononL 0.00141808 -0.965598 1.22026 0.0359624 2166.69 0.00034743 1 0.0985821 -0.220558 0.05 8160.3
0 3807 3 phononL 0.0023208 -0.254183 0.632618 -0.00196493 10915.5 0.00104229 1 0.0569262 -0.206959 0.05 15504.6
0 3807 7 phononTF 0.000420575 0.0569262 -0.206959 0.049999 15504.6 0.00034743 1 0.0763466 -0.189548 0.05 15562.7
0 3819 3 phononL 0.00168942 -1.24554 1.72864 0.0422448 3698.3 0.00034743 1 -0.040129 -0.258058 0.05 4985.03
0 3894 3 phononTS 0.00236681 -1.29636 1.13417 -0.0250277 3395.81 0.00034743 1 -0.044625 -0.296195 0.05 8590.47
0 3894 5 phononL 0.00195155 -0.044625 -0.296195 0.049999 8590.47 0.00034743 1 -0.0319419 -0.301342 0.05 8641.96
0 3894 12 phononTS 0.000400853 -0.0319419 -0.301342 0.049999 8641.96 0.00034743 1 -0.0324704 -0.254493 0.05 34808.9
0 3949 3 phononTS 0.00194064 -1.6126 0.829971 -0.0292149 1394.94 0.00034743 1 0.0282291 -0.187438 0.05 4359.72
0 3961 3 phononTS 0.00230068 -1.17549 1.44401 -0.0242552 4356.35 0.00069486 1 -0.0390604 -0.13129 0.05 8286.55
0 3961 4 phononTS 0.000421819 -0.0390604 -0.13129 0.049999 8286.55 0.00034743 1 0.0496335 -0.162533 0.05 8395.71
0 4002 3 phononL 0.000446388 -0.137968 0.0405004 0.049999 3654.04 0.00034743 1 -0.0903679 -0.247079 0.05 4052.26
0 4017 2 phononTS 0.00175497 -0.707513 1.27746 0.0471738 11085.6 0.00034743 1 -0.0728682 -0.242526 0.05 54606.3
0 4017 4 phononL 0.00102879 -0.0728682 -0.242526 0.049999 54606.3 0.00069486 1 -0.0328486 -0.140321 0.05 124616
0 4023 2 phononTS 0.00280436 -1.23857 1.25086 -0.0249541 18.9129 0.00069486 1 -0.074723 -0.130036 0.05 15023.4
0 4034 2 phononL 0.00194134 -1.17454 1.3534 -0.0120517 41.4483 0.00034743 1 -0.065584 -0.117015 0.05 2530.52
0 4039 2 phononTS 0.000389701 -0.62623 0.0912884 0.049999 1299.24 0.00034743 1 0.0839639 -0.231086 0.05 4455.87
0 4043 3 phononTF 0.00219211 -1.66801 0.699511 0.0386664 8901.44 0.00069486 1 0.0914186 -0.193107 0.05 22023.7
0 4057 2 phononTS 0.000516148 -0.548829 0.0243384 0.049999 3996.47 0.00034743 1 0.0539606 -0.267148 0.05 6408.46
0 4058 3 phononL 0.00272782 -1.54818 1.87492 -0.026217 818.314 0.00069486 1 0.0803026 -0.259243 0.05 23185.5
0 4058 10 phononL 0.00163547 0.0803026 -0.259243 0.049999 23185.5 0.00034743 1 0.0807043 -0.148791 0.05 23384.9
0 4077 2 phononTF 0.00229396 -0.141468 0.694832 -0.0234846 8581.3 0.00069486 1 -0.0542806 -0.254691 0.05 21471.8
0 4078 3 phononL 0.0022079 -1.16594 1.13657 -0.049282 167.947 0.00034743 1 0.0717361 -0.236559 0.05 45939
0 4105 2 phononTS 0.000611035 -2.82973 1.53238 0.0448611 36827.8 0.00034743 1 0.0474185 -0.185494 0.05 40140
0 4110 1 phononTF 0.004 -1.25 1.25 0 0 0.00104229 1 -0.0272659 -0.290653 0.05 2175.05
0 4120 2 phononTS 0.000930641 -2.02162 0.788656 0.0198117 2917.31 0.00034743 1 0.0420007 -0.294135 0.05 7000.51
0 4123 2 phononTS 0.00102905 -0.41926 1.25312 -0.0241307 6948.12 0.00034743 1 -0.11446 -0.204349 0.05 45653.5
0 4138 3 phononTS 0.0027476 -0.029864 -0.249621 -0.0382467 11061.5 0.00034743 1 0.0426881 -0.123004 0.05 11392.4
0 4138 4 phononTS 0.00180398 0.0426881 -0.123004 0.049999 11392.4 0.00034743 1 0.0731199 -0.232866 0.05 11601.5
0 4187 4 phononTS 0.00129573 -0.168057 3.58136 -0.0451208 18624.2 0.00034743 1 -0.0234496 -0.146334 0.05 28759
0 4187 9 phononTF 0.000458327 -0.0234496 -0.146334 0.049999 28759 0.00034743 1 -0.116005 -0.167791 0.05 30087.3
0 4278 4 phononL 0.000378019 -1.84402 0.0473511 0.049999 3576.37 0.00034743 1 -0.056166 -0.166302 0.05 11872.2
0 4280 3 phononL 0.0027939 -1.09551 0.896183 0.0365658 1062.28 0.00104229 1 -0.0732927 -0.159478 0.05 5932.54
0 4285 6 phononTF 0.00115099 -4.64553 -4.07524 0.0188116 33461.5 0.00034743 1 0.0407882 -0.105855 0.05 64836.4
0 4294 2 phononL 0.00292871 0.260978 2.56756 -0.0418453 6831.94 0.00104229 1 -0.0702267 -0.239603 0.05 26270.7
0 4321 3 phononTS 0.00211839 -3.6348 0.951772 0.0363151 5336.04 0.00069486 1 -0.10101 -0.218468 0.05 35987.9
0 4346 3 phononL 0.00211759 -2.47269 0.935269 0.0118145 4827.95 0.00069486 1 -0.0320918 -0.206479 0.05 26425
0 4371 4 phononTS 0.000527384 0.572462 0.0227459 0.049999 5403.34 0.00034743 1 0.0676644 -0.247116 0.05 7800.43
0 4390 2 phononTS 0.00148472 -1.64474 1.41229 -0.0134977 374.052 0.00034743 1 -0.0508612 -0.185584 0.05 3360.01
0 4414 2 phononTS 0.00148505 -0.886366 0.285211 -0.0428484 3618.97 0.00034743 1 0.0448899 -0.255676 0.05 34492.2
0 4421 4 phononL 0.000835766 -3.27378 0.6488 0.0188166 3678.44 0.00069486 1 0.0388533 -0.16949 0.05 31248.2
0 4431 4 phononTF 0.000809304 -1.11976 -0.00788005 0.049999 6575.64 0.00034743 1 -0.0772925 -0.161093 0.05 78636.3
0 4486 3 phononTS 0.00237163 -0.807986 0.963216 0.00168399 2295.19 0.00034743 1 0.0512755 -0.185177 0.05 3237.66
0 4486 4 phononTF 0.00174267 0.0512755 -0.185177 0.049999 3237.66 0.00034743 1 0.0637191 -0.173077 0.05 3257.41
0 4506 3 phononTS 0.0019302 -0.554256 0.816998 0.0150885 2319.1 0.00034743 1 -0.115452 -0.165002 0.05 15626.9
0 4511 2 phononTS 0.000915061 -4.51155 0.049738 0.049999 9468.97 0.00034743 1 -0.0186726 -0.15801 0.05 16980.2
0 4512 4 phononTF 0.000596724 0.878188 0.0703416 0.049999 7379.18 0.00034743 1 -0.0391053 -0.267739 0.05 228387
0 4514 2 phononL 0.00122273 -3.18811 2.8483 -0.0375926 4510.11 0.00034743 1 0.0562783 -0.19572 0.05 20015.1
0 4535 2 phononL 0.00162438 -1.28927 0.616546 -0.00228483 2460.86 0.00034743 1 0.0644779 -0.13189 0.05 43501.5
0 4542 2 phononTS 0.00204159 -1.226 1.24455 -0.0372655 14.5989 0.00034743 1 -0.108522 -0.203478 0.05 44102.6
0 4545 2 phononTS 0.000718612 0.40361 0.0170178 0.049999 3927.12 0.00034743 1 0.0482239 -0.274336 0.05 10023.1
0 4552 2 phononTS 0.000967028 -1.93945 1.69361 -0.0412942 6031.79 0.00034743 1 -0.0459771 -0.225716 0.05 36860.2
0 4565 4 phononL 0.00155792 -4.93167 1.95875 0.00891938 32709.6 0.00034743 1 0.037467 -0.278858 0.05 39629.1
0 4587 4 phononTF 0.00098612 -4.411 4.53357 -0.0460565 39093.5 0.00034743 1 0.0615443 -0.161225 0.05 56895.7
0 4594 3 phononL 0.00236158 -2.14242 3.70173 -0.0134685 11772.9 0.00034743 1 -0.0582204 -0.235294 0.05 17696.8
0 4623 3 phononTS 0.0011461 -1.67591 0.792057 -0.0176438 4710.04 0.00034743 1 -0.0353677 -0.221765 0.05 42413.2
0 4658 3 phononTS 0.00285538 -0.630909 0.166539 -0.00278648 4026.81 0.00034743 1 -0.0841934 -0.254708 0.05 4943
0 4674 1 phononTS 0.004 -1.25 1.25 0 0 0.00069486 1 -0.0254731 -0.181665 0.05 4307.15
0 4674 2 phononTS 0.00262926 -0.0254731 -0.181665 0.049999 4307.15 0.00034743 1 -0.0924951 -0.268652 0.05 4638.06
0 4674 11 phononTF 0.00216695 -0.0924951 -0.268652 0.049999 4638.06 0.00034743 1 -0.062573 -0.185743 0.05 4723.98
0 4674 16 phononTS 0.00109534 -0.062573 -0.185743 0.049999 4723.98 0.00034743 1 -0.0784891 -0.197584 0.05 4785.25
0 4683 3 phononTS 0.00117159 -0.418995 0.922713 0.0289633 6289.16 0.00034743 1 -0.0590469 -0.221633 0.05 52848.7
0 4693 5 phononL 0.00164443 -1.81181 0.787872 -0.0413187 3127.78 0.00069486 1 0.0353695 -0.0992749 0.05 5568.42
0 4704 5 phononTF 0.00171294 -1.68103 0.583242 0.0262542 3758.72 0.00034743 1 0.107284 -0.168601 0.05 9833.48
0 4704 7 phononTS 0.000391224 0.107284 -0.168601 0.049999 9833.48 0.00034743 1 -0.0996659 -0.192338 0.05 10314.3
0 4704 6 phononL 0.000951708 0.107284 -0.168601 0.049999 9833.48 0.00034743 1 -0.0193141 -0.185393 0.05 9964.83
0 4704 4 phononTF 0.0013566 -1.68103 0.583242 0.0262542 3758.72 0.00069486 1 -0.0651362 -0.218799 0.05 13017
0 4732 3 phononTS 0.00236111 -1.51785 1.22875 -0.0306719 249.026 0.00069486 1 -0.081689 -0.116775 0.05 67719
0 4735 3 phononTS 0.00262019 -2.46003 1.7218 0.00156956 5882.23 0.00069486 1 -0.033714 -0.251005 0.05 13199
0 4745 4 phononTS 0.00140748 -3.08547 1.27184 0.0453502 13323.9 0.00034743 1 -0.0546041 -0.152711 0.05 33417.6
0 4772 3 phononTF 0.00264485 -1.25992 -0.170254 0.0290486 2594.48 0.00034743 1 -0.092716 -0.174292 0.05 61632.6
0 4772 4 phononL 0.00155874 -0.092716 -0.174292 0.049999 61632.6 0.00069486 1 -0.0746767 -0.129403 0.05 65994.5
0 4775 2 phononTF 0.00115383 -2.4148 2.55704 0.0113428 19645.3 0.00034743 1 0.0501346 -0.276964 0.05 54104.1
0 4776 4 phononTF 0.000937955 -2.89385 4.63628 0.0318129 26236.7 0.00034743 1 -0.0832499 -0.27613 0.05 28883.8
0 4781 4 phononTF 0.00137979 3.31471 1.48299 -0.0271875 14921.1 0.00034743 1 -0.0240175 -0.27895 0.05 21935.8
0 4788 4 phononTS 0.00148761 0.100976 0.762411 0.00685853 3940.22 0.00104229 1 -0.0137338 -0.193405 0.05 4261.92
0 4791 2 phononTF 0.00209439 -1.39864 1.15942 -0.017506 4558.52 0.00034743 1 -0.0288791 -0.117735 0.05 58841.5
0 4791 6 phononTF 0.000860443 -0.0288791 -0.117735 0.049999 58841.5 0.00034743 1 0.0987153 -0.143574 0.05 59134.5
0 4791 4 phononL 0.000573588 -0.0288791 -0.117735 0.049999 58841.5 0.00034743 1 -0.0529076 -0.22798 0.05 58891
0 4798 3 phononTS 0.00220175 -2.06966 1.88021 -0.00511168 8537.87 0.00069486 1 0.0328153 -0.125028 0.05 26133.8
0 4812 3 phononTF 0.00320465 -0.392697 0.299917 0.0386511 3402.09 0.00069486 1 -0.101696 -0.15208 0.05 3955.2
0 4816 3 phononTS 0.00245383 -1.56563 0.927852 -0.0351992 773.51 0.00034743 1 -0.0488884 -0.186741 0.05 25806.8
0 4816 2 phononTS 0.00154617 -1.56563 0.927852 -0.0351992 773.51 0.00069486 1 -0.0756588 -0.21897 0.05 4644.25
0 4817 2 phononTF 0.00188276 0.276909 3.47885 -0.00168802 5421.9 0.00034743 1 -0.0656295 -0.262053 0.05 12783.7
0 4853 3 phononTF 0.00284795 -1.52691 0.469801 0.048841 1159.31 0.00034743 1 0.0877144 -0.210388 0.05 4754.82
0 4856 5 phononTS 0.00185853 -1.43476 4.91913 -0.0493055 9588.31 0.00069486 1 -0.0847091 -0.137922 0.05 45027.2
0 4915 2 phononTS 0.00241827 -1.16635 1.08797 -0.00853902 116.314 0.00034743 1 0.0139113 -0.194404 0.05 9719.66
0 4916 3 phononTS 0.000490031 -0.116252 0.0536783 0.049999 1852.5 0.00034743 1 -0.0787353 -0.133591 0.05 2971.63
0 4954 4 phononL 0.00090915 -0.763491 0.0218217 0.049999 3283.7 0.00034743 1 -0.0952204 -0.24954 0.05 4249
0 4971 1 phononL 0.004 -1.25 1.25 0 0 0.00104229 1 -0.0455103 -0.140918 0.05 2185.67
0 4998 3 phononTS 0.000780394 -0.355717 0.0233328 0.049999 2645.07 0.00034743 1 -0.02123 -0.209749 0.05 3431.03
