Run ID,Event ID,Track ID,Particle Name,Start Energy [eV],Start X [mm],Start Y [mm],Start Z [mm],Start Time [ns],Energy Deposited [eV],Track Weight,End X [mm],End Y [mm],End Z [mm],Final Time [ns],Volume Name
0 36 2 phononL 0.000585964 -0.387466 0.049052 0.049999 10450.4 0.00034743 1 -0.0126639 -0.214682 0.05 10693.2
0 44 2 phononTS 0.000657348 1.06973 1.22588 0.00347523 1252.06 0.00034743 1 0.108459 -0.198266 0.05 2254.96
0 72 2 phononTF 0.002165 1.3436 1.5933 -0.00505805 74.4321 0.00069486 1 0.0704405 -0.19461 0.05 20349.7
0 81 3 phononTS 0.00103263 2.39408 2.96199 0.0296107 9484.64 0.00034743 1 0.0817052 -0.235505 0.05 77993
0 96 2 phononTS 0.00181009 -0.229302 4.43982 -0.00858912 11708.8 0.00104229 1 0.0747553 -0.236091 0.05 30782.1
0 136 2 phononTS 0.00214208 1.37459 1.79915 -0.0251125 82.6516 0.00034743 1 0.0717107 -0.175377 0.05 5702.85
0 184 3 phononTS 0.00268997 1.29405 2.63806 -0.0374747 2195.45 0.00104229 1 -0.0636009 -0.231496 0.05 11169.7
0 186 3 phononTF 0.00090225 0.686358 3.53603 -0.0492061 1878.63 0.00034743 1 0.117453 -0.20669 0.05 40319.1
0 213 3 phononTF 0.00304802 1.33735 1.46111 0.0428478 454.338 0.00069486 1 0.0205124 -0.226704 0.05 11346
0 213 7 phononTS 0.000423927 0.0205124 -0.226704 0.049999 11346 0.00034743 1 -0.0292811 -0.099991 0.05 11436.6
0 218 2 phononTS 0.00185576 1.26723 3.00394 -0.036527 8384.34 0.00034743 1 -0.0803107 -0.179121 0.05 23651.8
0 227 6 phononTS 0.000548123 -2.78078 1.09583 0.0436116 30366.2 0.00034743 1 0.0521145 -0.123405 0.05 68466.7
0 233 4 phononTF 0.00118586 -4.11558 -1.85706 0.0284758 40855.5 0.00034743 1 0.0436274 -0.169046 0.05 132489
0 257 2 phononTF 0.00230493 1.78167 1.92205 -0.0115967 783.65 0.00034743 1 -0.0378532 -0.154807 0.05 49558.9
0 263 3 phononL 0.0012605 0.387914 1.12587 0.00800277 1721.38 0.00034743 1 0.0663693 -0.123988 0.05 13725.2
0 269 3 phononTS 0.00193666 2.59783 1.52204 -0.0315898 7244.72 0.00034743 1 0.0897507 -0.206015 0.05 53194.4
0 289 3 phononTS 0.00164951 1.30375 2.96403 0.0284668 4644.89 0.00034743 1 -0.0234853 -0.277475 0.05 158947
0 289 4 phononTF 0.00120576 -0.0234853 -0.277475 0.049999 158947 0.00034743 1 -0.0279182 -0.208198 0.05 159190
0 295 2 phononL 0.000614361 1.22429 2.21124 0.0076254 1090.88 0.00034743 1 -0.0161285 -0.1809 0.05 18155.5
0 324 2 phononTS 0.00261731 0.109051 0.351544 -0.0220835 8067.55 0.00069486 1 -0.120001 -0.185709 0.05 20184.7
0 393 2 phononTS 0.00210557 2.66903 3.45793 -0.00701546 4830.76 0.00034743 1 -0.0594844 -0.287572 0.05 39487.4
0 424 5 phononL 0.00155411 -2.86393 2.50258 0.0438148 20560.8 0.00034743 1 0.0755634 -0.269913 0.05 120621
0 483 2 phononTS 0.00254681 0.033222 1.62896 0.00814307 2117.19 0.00069486 1 -0.0485266 -0.222178 0.05 6263.13
0 504 3 phononL 0.00271764 1.03098 1.71837 -0.0180442 124.739 0.00069486 1 -0.0457504 -0.260332 0.05 11726
0 504 4 phononTF 0.00123346 -0.0457504 -0.260332 0.049999 11726 0.00034743 1 0.0543545 -0.291228 0.05 35446.5
0 528 3 phononTS 0.000750091 1.91396 0.103927 0.049999 2516.09 0.00034743 1 -0.0823747 -0.219528 0.05 5948.9
0 548 2 phononL 0.000629199 0.0429965 0.0500252 0.049999 16370.6 0.00034743 1 0.0689565 -0.172668 0.05 17048.7
0 564 3 phononL 0.00243459 0.201772 2.45179 0.037077 1831.54 0.00104229 1 -0.0364192 -0.170521 0.05 13651.2
0 596 2 phononTS 0.00248857 1.80032 2.09791 0.0360482 10102.4 0.00069486 1 -0.032413 -0.172094 0.05 20750.5
0 604 4 phononTF 0.00122107 3.54224 2.58957 0.028648 9920.44 0.00034743 1 0.0453436 -0.192455 0.05 48877.8
0 606 3 phononTS 0.00239963 2.23049 0.50978 0.0397124 6244.21 0.00034743 1 0.0660222 -0.277465 0.05 33844.4
0 615 3 phononTS 0.00283495 1.44892 0.80881 -0.00250486 1545.61 0.00034743 1 0.031997 -0.0928513 0.05 20961.8
0 630 4 phononTS 0.000942626 -2.14386 -3.94452 0.0378976 128955 0.00034743 1 0.00929202 -0.204417 0.05 133301
0 630 6 phononTS 0.000461488 0.00929202 -0.204417 0.049999 133301 0.00034743 1 0.0476662 -0.175837 0.05 133372
0 632 3 phononTS 0.00174834 1.21106 1.93262 -0.0219184 2993.67 0.00034743 1 -0.0102512 -0.208622 0.05 102171
0 662 5 phononTF 0.0014334 2.82034 2.00376 -0.0321755 6179.13 0.00034743 1 -0.0316797 -0.265415 0.05 82834.4
0 678 5 phononTS 0.00105928 2.12597 3.73958 -0.0218257 38448.6 0.00034743 1 0.0486751 -0.215434 0.05 42227.5
0 688 3 phononTS 0.00136848 1.44374 1.60009 0.00233589 3707.5 0.00034743 1 0.0728373 -0.214183 0.05 6527.47
0 739 2 phononTS 0.00185779 1.75374 1.92244 0.0016127 966.856 0.00069486 1 -0.02835 -0.147956 0.05 8578.15
0 745 3 phononL 0.00171495 1.07053 2.25888 -0.00941322 2620.2 0.00069486 1 -0.0514406 -0.22587 0.05 42791.2
0 745 5 phononTS 0.000587701 -0.0514406 -0.22587 0.049999 42791.2 0.00034743 1 -0.116468 -0.230328 0.05 73376.1
0 747 2 phononTS 0.00218964 0.485938 1.5068 0.0160047 6750.11 0.00034743 1 -0.079867 -0.134571 0.05 55670.1
0 749 2 phononTF 0.000782143 2.40016 0.0776058 0.049999 4072.95 0.00034743 1 0.0388039 -0.122985 0.05 24057.3
0 754 2 phononTS 0.00224384 1.24363 1.68239 0.0454553 106.258 0.00069486 1 0.0733738 -0.169744 0.05 12911.8
0 769 3 phononTF 0.00237675 1.90014 1.66857 -0.0472101 9003.08 0.00104229 1 0.0845566 -0.246728 0.05 12997
0 775 3 phononTS 0.00178687 1.22892 2.22411 -0.0395409 3501.15 0.00034743 1 0.0338573 -0.121388 0.05 22550.9
0 791 2 phononTS 0.000808616 3.2986 0.0434929 0.049999 13060.7 0.00034743 1 -0.0596854 -0.133611 0.05 15286
0 795 3 phononTF 0.00240804 2.24409 0.82945 -0.037779 3988.75 0.00034743 1 -0.0419734 -0.118125 0.05 11841.4
0 802 5 phononTS 0.0014233 0.0799615 -2.35439 -0.0284486 14082.6 0.00034743 1 0.0769963 -0.189146 0.05 101654
0 819 2 phononTS 0.00198353 2.55269 3.1395 -0.0387866 6372.54 0.00069486 1 0.0345696 -0.253629 0.05 57107.4
0 861 2 phononTS 0.00164181 2.3322 2.8203 0.0406072 3751.43 0.00034743 1 0.0490734 -0.211081 0.05 20366.8
0 877 4 phononL 0.00144629 1.34023 3.77649 0.00620932 26889.7 0.00034743 1 -0.101005 -0.209973 0.05 79862.8
0 882 2 phononTF 0.00140829 2.0432 0.761231 -0.00752617 2237.04 0.00034743 1 0.112507 -0.236412 0.05 11692
0 891 2 phononTS 0.00177703 0.830837 2.47783 0.010097 2446.62 0.00104229 1 0.0276237 -0.103966 0.05 47287
0 1003 1 phononTS 0.004 1.25 1.75 0 0 0.00069486 1 0.102185 -0.255216 0.05 5355.96
0 1014 3 phononTS 0.00251803 2.21228 0.0935417 -0.0140211 6756.97 0.00034743 1 0.0552735 -0.214384 0.05 20309.6
0 1014 5 phononTF 0.00159233 0.0552735 -0.214384 0.049998 20309.6 0.00034743 1 0.0244792 -0.174772 0.05 20369.6
0 1023 2 phononTS 0.00215693 1.01936 1.4487 -0.0407435 2790.53 0.00138972 1 0.0960101 -0.229698 0.05 29800.2
0 1107 3 phononL 0.00273896 2.0609 2.44518 -0.0441511 4462.54 0.00069486 1 0.0891113 -0.180855 0.05 25214.7
0 1127 4 phononTF 0.00142918 0.481505 3.98069 0.0187442 14762.7 0.00034743 1 0.0387467 -0.183166 0.05 58183.3
0 1127 6 phononL 0.000498902 0.0387467 -0.183166 0.049998 58183.3 0.00034743 1 0.107886 -0.249193 0.05 58247.2
0 1133 4 phononTF 0.00121431 1.34368 1.08568 0.0404792 7925.79 0.00034743 1 0.0479464 -0.194769 0.05 32925.3
0 1133 6 phononTF 0.000568858 0.0479464 -0.194769 0.049999 32925.3 0.00034743 1 0.0243339 -0.236022 0.05 33106.6
0 1140 1 phononL 0.004 1.25 1.75 0 0 0.00173715 1 0.0310663 -0.15579 0.05 17763.2
0 1154 3 phononTF 0.00209757 0.298134 0.971047 -0.042068 27462.5 0.00034743 1 0.0342687 -0.26045 0.05 32610.2
0 1198 3 phononTF 0.00141024 0.730089 1.86994 -0.036728 2412.28 0.00034743 1 0.0450956 -0.120206 0.05 6320.24
0 1198 4 phononTF 0.000931358 0.0450956 -0.120206 0.049999 6320.24 0.00069486 1 0.0519741 -0.237594 0.05 44362
0 1214 5 phononTS 0.00132446 1.58562 1.21209 0.0361043 2115.46 0.00034743 1 -0.068517 -0.17617 0.05 108453
0 1218 1 phononL 0.004 1.25 1.75 0 0 0.00069486 1 -0.062767 -0.276327 0.05 10305.4
0 1225 3 phononTS 0.00254452 -3.36978 1.68892 0.0302061 11432.8 0.00069486 1 -0.116098 -0.187887 0.05 50602.8
0 1226 5 phononTF 0.00160162 3.01147 0.63519 0.00551746 50992.9 0.00034743 1 -0.0985079 -0.201201 0.05 89112.6
0 1232 3 phononTF 0.0030735 0.000455948 0.994122 -0.0370774 6976.02 0.00034743 1 0.0977321 -0.150676 0.05 8700.12
0 1232 5 phononTF 0.00153247 0.0977321 -0.150676 0.049999 8700.12 0.00034743 1 0.0979226 -0.175998 0.05 9020.91
0 1235 3 phononTF 0.0023815 1.73292 0.941195 -0.01924 1173.74 0.00034743 1 0.0575197 -0.118192 0.05 20543
0 1252 2 phononTS 0.00219516 0.575905 1.99897 -0.0196649 1222.11 0.00069486 1 0.0325363 -0.208222 0.05 9865.83
0 1252 4 phononL 0.00112985 0.0325363 -0.208222 0.049999 9865.83 0.00034743 1 -0.0256966 -0.191485 0.05 9925.7
0 1265 2 phononTS 0.00229348 2.78385 1.2257 -0.0106514 10294 0.00034743 1 0.0334113 -0.283183 0.05 13868.1
0 1265 5 phononL 0.00133189 0.0334113 -0.283183 0.049999 13868.1 0.00069486 1 0.101218 -0.160303 0.05 16320
0 1279 3 phononTS 0.00134775 1.13935 3.7195 -0.0361294 8626.84 0.00069486 1 0.0962115 -0.248555 0.05 12318.7
0 1279 4 phononTF 0.000508183 0.0962115 -0.248555 0.049999 12318.7 0.00034743 1 0.0873651 -0.207503 0.05 12449.8
0 1325 2 phononTF 0.00236853 1.45517 1.78338 -0.00592506 79.847 0.00034743 1 0.041297 -0.278219 0.05 5414.88
0 1375 3 phononTS 0.00177031 1.48242 2.01213 0.0156162 799.169 0.00034743 1 -0.0912779 -0.246139 0.05 21013.7
0 1413 4 phononTF 0.00172362 0.936371 4.67773 0.0127533 11620.3 0.00069486 1 0.0453873 -0.18801 0.05 17262.8
0 1428 1 phononTS 0.004 1.25 1.75 0 0 0.00104229 1 0.0330996 -0.21839 0.05 4002.05
0 1444 3 phononTF 0.00183129 1.76278 0.525248 0.00237885 3947.04 0.00034743 1 0.0893619 -0.1887 0.05 46695.4
0 1483 5 phononTS 0.00194282 -0.944895 2.24902 -0.03987 67541.3 0.00034743 1 -0.0751953 -0.161949 0.05 78612.5
0 1496 2 phononTF 0.000902793 0.364584 2.51945 0.0334509 8059.36 0.00034743 1 0.0617722 -0.200163 0.05 48589.5
0 1511 3 phononTS 0.00200159 1.31075 1.76834 0.00431479 27.1869 0.00069486 1 0.0619566 -0.249039 0.05 11683.4
0 1522 3 phononTF 0.00186476 0.509662 1.8997 -0.0167365 12233.1 0.00034743 1 0.037675 -0.125839 0.05 47367.3
0 1524 5 phononTS 0.00105719 0.78094 -4.65001 -0.00605513 6797.99 0.00034743 1 0.099729 -0.216427 0.05 35960.9
0 1561 5 phononTS 0.00222218 2.73803 3.41363 0.0161988 15151.5 0.00069486 1 -0.0518492 -0.137393 0.05 53477.5
0 1604 2 phononTS 0.00233683 2.76702 -1.13484 0.039909 11781.3 0.00104229 1 0.0263566 -0.130807 0.05 17335.4
0 1608 3 phononL 0.00235182 1.67345 1.69071 0.0214617 6057 0.00034743 1 0.0266737 -0.173517 0.05 12121.3
0 1662 2 phononTS 0.00106554 2.04993 2.80922 -0.0305867 3788.19 0.00034743 1 -0.0632874 -0.2488 0.05 93101.1
0 1681 5 phononL 0.00113954 0.324057 1.47771 0.0363425 2509.46 0.00034743 1 -0.0776628 -0.179991 0.05 18022.7
0 1727 2 phononL 0.00151184 1.97166 2.90149 0.00499467 5842.89 0.00034743 1 -0.0846499 -0.241159 0.05 48532.8
0 1740 2 phononL 0.00277165 0.820851 2.71986 -0.00885712 2938.46 0.00034743 1 -0.0831158 -0.155166 0.05 15590.8
0 1744 3 phononTF 0.00241899 1.69977 1.86099 -0.00416777 3280.99 0.00034743 1 0.0261478 -0.112586 0.05 10022.7
0 1766 2 phononTS 0.000829911 0.693358 1.22721 -0.0226709 1179.08 0.00034743 1 -0.0604876 -0.278749 0.05 49633.2
0 1794 4 phononTS 0.000973901 -3.82114 -0.439958 -0.0461223 38742.3 0.00034743 1 -0.106455 -0.197436 0.05 102457
0 1805 3 phononTS 0.00159648 1.85049 1.98954 0.00068504 3701.1 0.00034743 1 0.0859183 -0.130164 0.05 32754.3
0 1805 6 phononTF 0.00114812 0.0859183 -0.130164 0.049999 32754.3 0.00034743 1 0.0879573 -0.125925 0.05 34247.1
0 1816 2 phononTS 0.00222774 -0.829441 1.25515 -0.0253312 8274.77 0.00069486 1 0.0367452 -0.158103 0.05 75665.2
0 1816 9 phononTS 0.00143909 0.0367452 -0.158103 0.049999 75665.2 0.00069486 1 0.0710084 -0.129737 0.05 75727.5
0 1830 5 phononTS 0.00155515 4.16155 3.861 -0.0482351 34385.3 0.00034743 1 0.0409568 -0.281023 0.05 43613.7
0 1830 6 phononTF 0.000577823 0.0409568 -0.281023 0.049999 43613.7 0.00034743 1 -0.0878952 -0.259958 0.05 43749.6
0 1842 2 phononTF 0.00296421 0.860812 0.967776 -0.00574932 16125 0.00104229 1 -0.0444863 -0.122376 0.05 17612.4
0 1877 2 phononTF 0.00193159 1.20786 2.29122 0.048837 1772.93 0.00034743 1 0.101142 -0.21416 0.05 53488
0 1913 2 phononL 0.00199856 0.543149 2.2467 -0.0351434 2283.56 0.00104229 1 0.0509399 -0.145996 0.05 44985.4
0 1918 4 phononL 0.000354115 -0.114554 0.0704303 0.049999 9840.06 0.00034743 1 0.0163207 -0.184295 0.05 10542.7
0 1935 2 phononTS 0.00217277 1.68883 2.1695 0.0398451 7857.58 0.00069486 1 -0.109627 -0.17703 0.05 42095.8
0 1940 2 phononL 0.00116129 3.29346 4.60769 -0.0139132 20634.4 0.00034743 1 -0.039836 -0.111556 0.05 88130.5
0 1942 2 phononTS 0.00183538 1.52681 1.60791 0.0177572 4459.1 0.00034743 1 -0.0578163 -0.283756 0.05 9298.78
0 1946 3 phononTS 0.00182732 1.80189 2.0816 -0.015955 4488.47 0.00104229 1 0.0598295 -0.216252 0.05 48597.3
0 1949 3 phononL 0.000491267 0.104921 0.0143674 0.049999 4051.27 0.00034743 1 -0.0610409 -0.181764 0.05 5840.59
0 1964 3 phononTS 0.00244919 -0.343006 -0.0526903 -0.0144674 3257.94 0.00104229 1 -0.0407275 -0.193007 0.05 4713.55
0 1965 4 phononTF 0.00146705 2.70269 0.801181 -0.0112397 15968.1 0.00104229 1 0.0509277 -0.216929 0.05 26954.2
0 1986 3 phononTF 0.00215915 0.928189 1.77004 -0.0143843 791.546 0.00034743 1 0.0293463 -0.238021 0.05 3043.23
0 2012 5 phononTF 0.00134919 -4.46239 2.54672 0.0111148 15333.4 0.00034743 1 0.0752271 -0.19674 0.05 44868.5
0 2020 2 phononTF 0.0024244 1.32077 2.70724 -0.0247122 8871.17 0.00034743 1 -0.0471291 -0.13064 0.05 32475.7
0 2021 2 phononTF 0.00175915 0.248073 0.767858 0.0221871 1915.2 0.00069486 1 -0.0841173 -0.211335 0.05 2640.54
0 2021 9 phononL 0.000744485 -0.0841173 -0.211335 0.049999 2640.54 0.00034743 1 -0.0413392 -0.223405 0.05 2702.15
0 2024 3 phononL 0.00235197 0.499809 0.593302 0.0188347 6199.18 0.00069486 1 0.111084 -0.237003 0.05 14843.6
0 2024 7 phononTF 0.000791276 0.111084 -0.237003 0.049999 14843.6 0.00034743 1 0.113909 -0.181092 0.05 14908.1
0 2024 5 phononTF 0.000614084 0.111084 -0.237003 0.049999 14843.6 0.00034743 1 0.109996 -0.19095 0.05 14907.7
0 2044 2 phononTS 0.00111618 1.82624 2.467 0.0154438 2197.05 0.00034743 1 -0.0539523 -0.274102 0.05 28913.7
0 2062 3 phononTF 0.00218361 2.2972 0.347256 -0.0269531 6027.54 0.00069486 1 0.0834213 -0.198684 0.05 83059
0 2077 2 phononTF 0.00139563 1.22897 1.81066 -0.0288238 22.3396 0.00069486 1 0.0537554 -0.134076 0.05 3561.04
0 2083 3 phononTS 0.00268545 0.253346 0.727907 0.0329663 2066.79 0.00138972 1 0.101417 -0.200862 0.05 2369.3
0 2090 3 phononTS 0.0013532 1.0439 1.62306 0.0133856 83.503 0.00034743 1 -0.0282301 -0.236409 0.05 29893.9
0 2119 4 phononTF 0.0015793 -2.66452 4.28266 0.0346213 51365.1 0.00104229 1 0.0354922 -0.12265 0.05 93771.2
0 2139 3 phononTS 0.00196086 0.393549 0.231805 0.0459114 10575.4 0.00069486 1 -0.113297 -0.21752 0.05 27696
0 2156 4 phononTS 0.000686787 -3.14234 -1.0937 -0.012597 26950.9 0.00034743 1 -0.0978335 -0.201265 0.05 115091
0 2188 3 phononL 0.00273488 1.23954 1.333 -0.0307041 5528.64 0.00034743 1 -0.095795 -0.173905 0.05 8887.93
0 2196 3 phononTF 0.00153897 -0.143524 1.56436 0.0242368 4011.64 0.00034743 1 0.0314069 -0.193477 0.05 11605
0 2196 11 phononL 0.00181454 -1.294 0.259803 0.0353768 60754.3 0.00034743 1 -0.041223 -0.139728 0.05 73244
0 2224 2 phononTF 0.00198123 0.523979 2.30154 -0.0498415 9204.89 0.00034743 1 0.0671661 -0.189773 0.05 71722.5
0 2253 3 phononTF 0.00251362 1.74396 2.38034 0.0347031 1956.44 0.00069486 1 -0.0862399 -0.190417 0.05 58100.9
0 2268 2 phononL 0.00277048 2.87805 1.2617 -0.0323133 8932.8 0.00138972 1 -0.0705535 -0.181666 0.05 14507
0 2269 2 phononTS 0.00263628 0.938496 0.437858 0.00857149 1972.91 0.00138972 1 0.056445 -0.243977 0.05 25573.3
0 2270 3 phononTF 0.000860907 1.95979 0.0953214 0.049999 3905.24 0.00034743 1 -0.0304246 -0.199963 0.05 36371.6
0 2346 2 phononTS 0.00163771 1.63283 3.64455 0.0420046 4942.54 0.00069486 1 0.0600935 -0.255535 0.05 46369.7
0 2348 2 phononL 0.000879373 1.87819 1.99713 0.0246594 1137.96 0.00034743 1 -0.0858115 -0.276907 0.05 71049.2
0 2363 4 phononTF 0.00138764 2.10678 -0.364705 0.0273355 10311.5 0.00069486 1 0.0448104 -0.231101 0.05 131438
0 2371 4 phononTF 0.00109067 4.96873 2.26908 0.020677 36402.7 0.00034743 1 0.0507822 -0.233164 0.05 62336.3
0 2374 3 phononL 0.00268407 1.20421 0.37697 -0.0193754 10593.3 0.00069486 1 -0.0286704 -0.157442 0.05 14156.4
0 2397 2 phononTS 0.00179722 2.32025 2.54985 -0.012681 27816.2 0.00034743 1 -0.0808971 -0.148918 0.05 50288.3
0 2397 4 phononTF 0.000467529 -0.0808971 -0.148918 0.049999 50288.3 0.00034743 1 -0.0466193 -0.213515 0.05 50353.3
0 2401 3 phononL 0.00137386 0.167834 -0.118766 -0.00910754 18897.8 0.00034743 1 0.0566907 -0.108968 0.05 37003.6
0 2401 5 phononTS 0.000979716 0.0566907 -0.108968 0.049998 37003.6 0.00034743 1 0.100985 -0.189003 0.05 38614.3
0 2433 5 phononTF 0.00157304 -0.138351 -4.53613 -0.0471656 53579.2 0.00034743 1 0.0160658 -0.21548 0.05 63097.9
0 2437 5 phononTS 0.00134534 0.907549 0.893077 0.0013136 10463 0.00034743 1 -0.0308206 -0.10015 0.05 13145.8
0 2437 4 phononTS 0.00123747 0.907549 0.893077 0.0013136 10463 0.00034743 1 -0.0996681 -0.208191 0.05 14859.6
0 2441 1 phononTS 0.004 1.25 1.75 0 0 0.00138972 1 0.0975357 -0.141484 0.05 12279.8
0 2441 2 phononTS 0.000878901 0.0975357 -0.141484 0.049999 12279.8 0.00034743 1 0.0450712 -0.240083 0.05 12367.4
0 2460 3 phononTS 0.00167901 0.521062 -0.437631 -0.040909 20400.6 0.00069486 1 -0.0464231 -0.180738 0.05 21508.9
0 2499 2 phononTS 0.000768293 -1.44362 0.0422644 0.049999 7470.65 0.00034743 1 -0.0574618 -0.273155 0.05 12167.8
0 2511 2 phononTS 0.00202939 0.668801 2.66485 0.0471408 2778.84 0.00069486 1 0.0642479 -0.124704 0.05 44065.5
0 2539 5 phononTF 0.0013688 -1.59881 0.693195 -0.00238328 17103 0.00034743 1 -0.0342851 -0.157916 0.05 25548
0 2539 6 phononTF 0.000436054 -0.0342851 -0.157916 0.049999 25548 0.00034743 1 0.0296927 -0.10719 0.05 29506.7
0 2540 3 phononTS 0.00196006 1.0038 1.27173 -0.0195138 719.4 0.00034743 1 -0.0959211 -0.267849 0.05 5154.88
0 2545 5 phononTS 0.00141506 -4.86463 0.313377 -0.0209554 25886.2 0.00069486 1 0.0464516 -0.244784 0.05 43387
0 2552 1 phononTS 0.004 1.25 1.75 0 0 0.00104229 1 -0.0317372 -0.254703 0.05 3971.14
0 2592 3 phononTF 0.00216158 0.994229 1.75643 -0.0232322 2418.81 0.00034743 1 -0.0928863 -0.220528 0.05 91017.1
0 2662 4 phononTS 0.000710105 -3.95736 2.59591 -0.0197579 52225.6 0.00034743 1 -0.0590478 -0.279782 0.05 108869
0 2684 3 phononTF 0.00287123 0.486175 1.16092 -0.0470058 1236.07 0.00104229 1 -0.0261871 -0.211284 0.05 5196.4
0 2692 3 phononTF 0.0019694 0.95366 2.19994 0.0134687 1957.26 0.00034743 1 -0.0357696 -0.182625 0.05 8029.09
0 2692 8 phononL 0.000519794 -0.0357696 -0.182625 0.049999 8029.09 0.00034743 1 -0.0198181 -0.176449 0.05 8250.21
0 2720 5 phononTF 0.00200254 0.478468 3.59936 -0.0254452 13776 0.00069486 1 -0.0947132 -0.188238 0.05 35978.4
0 2747 1 phononL 0.004 1.25 1.75 0 0 0.00069486 1 0.0765587 -0.159076 0.05 10301.4
0 2747 5 phononTF 0.000605777 0.0765587 -0.159076 0.049999 10301.4 0.00034743 1 -0.0817246 -0.262916 0.05 10595.1
0 2748 1 phononL 0.004 1.25 1.75 0 0 0.00104229 1 0.0922703 -0.241064 0.05 3040.26
0 2757 3 phononL 0.00205308 0.797158 3.64532 0.0121421 19840.4 0.00069486 1 0.0391793 -0.154045 0.05 49585.7
0 2759 3 phononL 0.00268022 0.699074 1.33249 0.00639992 922.836 0.00069486 1 -0.111291 -0.194439 0.05 31023
0 2759 4 phononTF 0.00039046 -0.111291 -0.194439 0.049999 31023 0.00034743 1 -0.0449216 -0.198578 0.05 31556.2
0 2765 3 phononTF 0.00218392 0.814072 1.50652 -0.0425743 2589.04 0.00034743 1 -0.040019 -0.102675 0.05 25620.5
0 2765 4 phononTF 0.000526316 -0.040019 -0.102675 0.049999 25620.5 0.00034743 1 -0.0543493 -0.26002 0.05 25694.5
0 2782 3 phononTF 0.00222954 1.00439 1.00671 0.00482624 11057.7 0.00069486 1 -0.0923624 -0.216251 0.05 40477.5
0 2782 9 phononTS 0.000668977 -0.0923624 -0.216251 0.049999 40477.5 0.00034743 1 -0.0814215 -0.238163 0.05 40638.4
0 2864 2 phononTS 0.0019423 0.970447 2.23612 -0.0270676 767.542 0.00069486 1 -0.0797888 -0.249988 0.05 2677.9
0 2864 7 phononTF 0.00058598 -0.0797888 -0.249988 0.049998 2677.9 0.00034743 1 0.0797068 -0.225253 0.05 28587
0 2864 4 phononL 0.000435164 -0.0797888 -0.249988 0.049998 2677.9 0.00034743 1 -0.0452281 -0.123165 0.05 2723.85
0 2871 3 phononL 0.00267067 2.39432 1.13351 -0.0465453 3517 0.00034743 1 -0.0778565 -0.257043 0.05 14780.7
0 2925 3 phononL 0.00256266 2.38367 1.85916 -0.0490993 4391.33 0.00034743 1 -0.107782 -0.248642 0.05 8424.21
0 2960 3 phononL 0.00263013 -1.24197 4.51727 0.00345137 20434.3 0.00069486 1 -0.0992898 -0.151911 0.05 42792.8
0 2960 2 phononTS 0.00136987 -1.24197 4.51727 0.00345137 20434.3 0.00034743 1 -0.0817132 -0.221418 0.05 61757.7
0 2974 2 phononTS 0.00223263 1.27111 1.74094 -0.0387182 134.43 0.00104229 1 -0.0904684 -0.268354 0.05 39078.7
0 2976 2 phononTS 0.00196593 2.71415 2.23366 -0.0388236 4027.21 0.00069486 1 0.0463922 -0.179615 0.05 22856.8
0 2976 6 phononTF 0.000919906 0.0463922 -0.179615 0.049999 22856.8 0.00034743 1 -0.0328184 -0.251353 0.05 22931.1
0 2979 3 phononTS 0.0019568 1.33712 1.50123 0.032471 253.237 0.00034743 1 0.0687302 -0.192461 0.05 15500.9
0 2979 4 phononL 0.00153605 0.0687302 -0.192461 0.049999 15500.9 0.00034743 1 -0.110201 -0.209353 0.05 15556.8
0 2979 12 phononTS 0.00056486 -0.110201 -0.209353 0.049999 15556.8 0.00034743 1 -0.0527614 -0.237441 0.05 127934
0 2984 4 phononTF 0.00214647 -0.51935 2.36308 -0.0409369 4425.02 0.00104229 1 -0.0158718 -0.17623 0.05 28786.2
0 3020 4 phononTF 0.000986135 -2.42666 -4.0114 -0.0251965 27976.4 0.00034743 1 -0.106823 -0.226945 0.05 40592.6
0 3026 4 phononTS 0.00067267 2.58228 0.0998561 0.049999 4786.58 0.00034743 1 -0.0469614 -0.187858 0.05 60414
0 3083 2 phononTS 0.00142642 0.998702 1.1234 0.0436538 4031.73 0.00034743 1 -0.014991 -0.230324 0.05 7900.28
0 3083 4 phononTF 0.000871864 -0.014991 -0.230324 0.049999 7900.28 0.00034743 1 0.0857523 -0.12605 0.05 8031.99
0 3093 5 phononTS 0.00103885 4.03885 0.592239 0.0414236 24718.2 0.00034743 1 -0.118211 -0.205023 0.05 63301.6
0 3109 2 phononTS 0.000550966 0.40693 0.0715223 0.049999 7698.02 0.00034743 1 0.056336 -0.216487 0.05 8119.2
0 3144 4 phononTS 0.0012729 1.46606 3.66477 -0.00732543 6954.57 0.00034743 1 0.0161187 -0.2115 0.05 18297.3
0 3144 7 phononTF 0.000676004 0.0161187 -0.2115 0.049999 18297.3 0.00034743 1 -0.042578 -0.204933 0.05 18361.6
0 3183 5 phononL 0.000801727 2.96304 3.60897 -0.00418022 27658.9 0.00034743 1 -0.0887875 -0.275223 0.05 138262
0 3216 3 phononTS 0.00191882 2.16575 2.46665 -0.0418068 7001.2 0.00069486 1 0.0216778 -0.180121 0.05 24963.9
0 3221 2 phononTF 0.00104201 0.821397 2.01893 -0.0300962 523.151 0.00034743 1 -0.0344066 -0.226193 0.05 30678.7
0 3281 3 phononTS 0.0011827 0.975498 1.84794 -0.0404363 10260.9 0.00069486 1 0.0904071 -0.196808 0.05 63129.1
0 3306 3 phononL 0.0019229 1.8308 2.29577 -0.013737 1267.44 0.00034743 1 0.0351728 -0.287117 0.05 9303.46
0 3306 6 phononL 0.000542005 0.0351728 -0.287117 0.049999 9303.46 0.00034743 1 -0.0454812 -0.221171 0.05 9430.83
0 3351 2 phononTF 0.00144988 1.18282 0.674243 0.00299548 2423.87 0.00069486 1 -0.0827244 -0.23217 0.05 85951.9
0 3382 2 phononTF 0.00247765 0.204424 3.66064 0.0202207 5556.29 0.00034743 1 0.0395111 -0.296433 0.05 41246.9
0 3388 4 phononTS 0.000885036 1.11051 0.0703329 0.049999 6347.4 0.00034743 1 -0.0756903 -0.264421 0.05 66015.4
0 3398 3 phononTS 0.00165531 1.10092 3.7992 0.0321076 17244.7 0.00069486 1 0.0882236 -0.243912 0.05 27410.1
0 3430 3 phononTF 0.00203925 0.249992 1.67017 -0.0331439 2628.02 0.00104229 1 0.0446663 -0.130079 0.05 12792.9
0 3441 3 phononTF 0.00264877 1.02427 1.03094 -0.0389838 3530.44 0.00069486 1 -0.0697505 -0.242513 0.05 25594.6
0 3447 3 phononTS 0.00258574 2.29576 2.15008 -0.0295773 1266.69 0.00069486 1 0.0976484 -0.148846 0.05 51921.9
0 3461 2 phononTF 0.0024918 0.818167 0.97834 -0.0492358 11354.3 0.00069486 1 0.0943824 -0.182804 0.05 22173.4
0 3461 5 phononTF 0.00144703 0.0943824 -0.182804 0.049999 22173.4 0.00034743 1 0.105327 -0.149516 0.05 25824.8
0 3478 3 phononTS 0.00254475 -0.0758011 1.09754 0.0144628 11544.5 0.00104229 1 -0.0518881 -0.213393 0.05 18712.5
0 3479 3 phononTS 0.00188794 0.876848 0.946275 -0.0321569 1875.51 0.00069486 1 0.0432071 -0.184907 0.05 2813.66
0 3521 3 phononTF 0.00204259 1.10578 2.14645 -0.0216483 2398.37 0.00034743 1 0.113008 -0.194297 0.05 23209.7
0 3532 3 phononL 0.000789176 1.89513 0.0713872 0.049999 5851.56 0.00034743 1 -0.0976501 -0.163161 0.05 22272
0 3532 6 phononTS 0.000391428 -0.0976501 -0.163161 0.049999 22272 0.00034743 1 0.0699249 -0.17345 0.05 22370.8
0 3534 2 phononTF 0.00261707 0.676034 2.0023 -0.0159891 1327.59 0.00104229 1 0.055495 -0.227689 0.05 4378.39
0 3565 3 phononTS 0.00268526 1.99339 2.6221 0.0324394 3860.96 0.00034743 1 -0.030097 -0.229981 0.05 13483.2
0 3565 5 phononTF 0.000988659 -0.030097 -0.229981 0.049999 13483.2 0.00069486 1 -0.0320303 -0.251557 0.05 13540.3
0 3565 4 phononTS 0.00129107 -0.030097 -0.229981 0.049999 13483.2 0.00069486 1 -0.0365444 -0.302089 0.05 13559.8
0 3627 5 phononL 0.00152554 0.951109 0.284023 0.0216214 7560.42 0.00069486 1 0.0197601 -0.192228 0.05 8186.1
0 3659 5 phononTF 0.00186607 -0.257971 1.16071 -0.0358157 155518 0.00034743 1 -0.0283147 -0.252426 0.05 262557
0 3659 6 phononTF 0.00109326 -0.0283147 -0.252426 0.049999 262557 0.00034743 1 -0.0432728 -0.199699 0.05 262966
0 3689 3 phononTS 0.00149975 1.13525 2.25266 -0.00229549 1428.65 0.00034743 1 -0.102628 -0.190672 0.05 11250.1
0 3705 2 phononTS 0.00167943 2.55224 2.0379 0.0438985 14251 0.00069486 1 0.0724447 -0.165435 0.05 29240.3
0 3706 3 phononTS 0.00240271 1.6162 2.3361 -0.000536703 5272.3 0.00034743 1 0.119419 -0.20025 0.05 46155.9
0 3744 3 phononTS 0.0026457 0.0764809 1.74655 0.00888147 5174.63 0.00034743 1 -0.0725712 -0.260044 0.05 23713.7
0 3751 3 phononTF 0.00166673 1.45501 1.30659 0.0276987 4475.45 0.00069486 1 0.0315117 -0.239318 0.05 70481
0 3751 6 phononL 0.00038418 0.0315117 -0.239318 0.049999 70481 0.00034743 1 -0.0581887 -0.143351 0.05 70832
0 3770 4 phononTF 0.000639181 0.430958 3.10577 -0.0337071 17251.9 0.00034743 1 0.0327558 -0.143351 0.05 171109
0 3780 3 phononTF 0.00216893 0.233989 1.99401 0.018926 2135.49 0.00034743 1 0.0252756 -0.18729 0.05 8531.4
0 3783 2 phononTF 0.00192734 1.22666 1.90494 0.0208651 83.4452 0.00069486 1 -0.0688887 -0.195585 0.05 1931.15
0 3785 3 phononTS 0.00177131 1.18311 1.93044 -0.0224541 90.7636 0.00069486 1 -0.0809568 -0.2452 0.05 2494.99
0 3813 2 phononTS 0.00196866 0.576877 2.62032 -0.00784488 6812.13 0.00104229 1 -0.0518094 -0.133694 0.05 28701.1
0 3834 5 phononTF 0.002366 4.06382 4.79716 0.0323111 22870.5 0.00104229 1 -0.0694132 -0.109905 0.05 37791.5
0 3834 14 phononTF 0.000442144 -0.0694132 -0.109905 0.049999 37791.5 0.00034743 1 -0.0723316 -0.182578 0.05 37894.3
0 3838 3 phononL 0.00210582 0.245833 0.422335 0.0311944 4019.41 0.00034743 1 0.0450337 -0.167662 0.05 24093.9
0 3838 4 phononTS 0.00155409 0.0450337 -0.167662 0.049999 24093.9 0.00069486 1 -0.0503271 -0.163417 0.05 24954.5
0 3863 3 phononTF 0.00237214 0.665731 2.2614 0.0360448 1298.41 0.00034743 1 0.0789821 -0.131311 0.05 67192.2
0 3878 2 phononTS 0.00200347 1.17882 1.47618 -0.0359871 2307.39 0.00034743 1 0.0298197 -0.227999 0.05 9130.23
0 3878 5 phononTS 0.0016509 0.0298197 -0.227999 0.049999 9130.23 0.00069486 1 -0.0367498 -0.163071 0.05 9914.95
0 3892 3 phononTF 0.00261855 0.794933 1.47218 -0.00324846 1859.46 0.00034743 1 -0.0994623 -0.170739 0.05 3464.98
0 3911 2 phononTF 0.00165517 0.845486 3.5814 -0.011548 10349.2 0.00034743 1 0.0660431 -0.287555 0.05 42160.8
0 3912 1 phononTF 0.004 1.25 1.75 0 0 0.00104229 1 -0.0742562 -0.216521 0.05 2488.11
0 3912 2 phononTF 0.000964066 -0.0742562 -0.216521 0.049999 2488.11 0.00034743 1 -0.075316 -0.182626 0.05 2549.96
0 3920 2 phononTS 0.00187863 0.317179 1.39433 0.00440912 16296.6 0.00034743 1 -0.0251965 -0.143502 0.05 17820.4
0 3933 2 phononTF 0.00263955 0.492721 1.80401 0.00239944 393.678 0.00034743 1 -0.0394677 -0.201151 0.05 5832.59
0 3936 2 phononL 0.00193831 1.15443 0.558176 -0.00364843 7111.93 0.00104229 1 0.0239818 -0.247789 0.05 9909.09
0 3941 2 phononL 0.00183177 1.11855 3.51716 0.00233475 15671.7 0.00069486 1 0.111949 -0.160936 0.05 19459.5
0 3982 4 phononTS 0.00155664 -4.47619 3.28236 -0.0307592 23944.5 0.00034743 1 0.0748905 -0.208281 0.05 42377.4
0 3982 6 phononTS 0.000604233 0.0748905 -0.208281 0.049999 42377.4 0.00034743 1 0.0831176 -0.204567 0.05 42460.7
0 4000 3 phononTS 0.00198108 0.76095 2.40369 -0.0101425 3568.45 0.00069486 1 -0.0618622 -0.15627 0.05 17695.9
0 4000 13 phononTF 0.000394981 -0.0618622 -0.15627 0.049999 17695.9 0.00034743 1 -0.0995372 -0.213085 0.05 17823.8
0 4028 2 phononTS 0.0016507 0.375537 0.811981 0.003781 2462.09 0.00069486 1 -0.0367092 -0.261552 0.05 5076.93
0 4065 2 phononTF 0.00266206 1.56435 1.86813 -0.0305708 438.383 0.00034743 1 0.0794258 -0.280707 0.05 9503.04
0 4101 3 phononTF 0.00206198 2.29031 1.43826 0.0297363 3575.26 0.00034743 1 -0.04021 -0.1433 0.05 32793.6
0 4106 2 phononTS 0.00279175 -0.455365 3.0575 -0.0213918 10869.8 0.00034743 1 -0.0898906 -0.132234 0.05 24094.1
0 4125 2 phononTF 0.0012893 0.482874 1.50626 -0.00931685 2246.91 0.00034743 1 -0.103372 -0.221219 0.05 29858.7
0 4126 4 phononTS 0.00157333 0.230094 2.83591 0.0185798 10264.4 0.00069486 1 -0.105472 -0.154546 0.05 33991.9
0 4155 3 phononTF 0.00254792 1.22717 1.72136 0.00678799 6.98172 0.00104229 1 -0.119062 -0.219947 0.05 2914.54
0 4159 3 phononTF 0.00140249 1.29444 1.92588 0.0309625 410.554 0.00034743 1 -0.103199 -0.158188 0.05 26445.5
0 4212 3 phononL 0.00143817 1.8635 1.88425 0.0465001 3145.32 0.00034743 1 0.0397428 -0.140088 0.05 11717.2
0 4220 3 phononTS 0.00170188 3.18813 1.11705 0.00419603 5450.91 0.00034743 1 0.101054 -0.156229 0.05 32412.5
0 4228 2 phononTF 0.00256871 0.738837 0.493197 0.0301368 2043.32 0.00104229 1 -0.0710847 -0.141003 0.05 39797.2
0 4299 3 phononTS 0.00278417 -0.962485 1.71303 0.0237721 8703.6 0.00034743 1 0.0687321 -0.244782 0.05 65286.4
0 4306 3 phononTF 0.00209994 1.38351 0.531223 0.0378217 3445.23 0.00104229 1 0.0892126 -0.268526 0.05 7102.61
0 4325 2 phononL 0.000627325 -0.335431 0.0218265 0.049999 8343.35 0.00034743 1 -0.0298198 -0.195251 0.05 20336.2
0 4340 2 phononTF 0.0019995 1.34269 2.55567 -0.0428293 1585.91 0.00034743 1 0.0256592 -0.18055 0.05 15549.8
0 4340 4 phononL 0.00117172 0.0256592 -0.18055 0.049999 15549.8 0.00034743 1 0.023823 -0.245344 0.05 18848.1
0 4358 2 phononTF 0.00175454 1.38353 1.8322 -0.0369592 351.168 0.00069486 1 0.0502863 -0.15744 0.05 34631.6
0 4392 3 phononL 0.00197703 1.02369 2.4031 0.00727877 6281.19 0.00069486 1 -0.107574 -0.172879 0.05 14803.9
0 4415 2 phononTS 0.000700808 2.87921 0.104884 0.049999 14432.2 0.00034743 1 0.0955495 -0.258869 0.05 37887.2
0 4420 3 phononL 0.00266434 1.13519 1.85416 -0.0292585 29.4174 0.00034743 1 -0.0563228 -0.186605 0.05 52553.3
0 4420 4 phononTS 0.00086963 -0.0563228 -0.186605 0.049999 52553.3 0.00034743 1 -0.0288645 -0.233472 0.05 52725.8
0 4420 12 phononTF 0.000443605 -0.0288645 -0.233472 0.049999 52725.8 0.00034743 1 0.0639625 -0.241682 0.05 95303.5
0 4425 5 phononTF 0.00118461 3.29162 -4.066 -0.0266889 38845.8 0.00069486 1 -0.0410424 -0.208744 0.05 81240
0 4434 2 phononTF 0.00153019 -0.257152 0.803641 0.047203 5842.23 0.00034743 1 -0.020602 -0.19772 0.05 28940.9
0 4446 3 phononL 0.00320521 1.67146 1.4099 0.037243 3366.2 0.00034743 1 0.0459979 -0.193432 0.05 16792.1
0 4456 2 phononTF 0.00141955 1.6382 1.69721 -0.0181243 802.863 0.00034743 1 -0.0469165 -0.130321 0.05 10325
0 4481 3 phononTS 0.00191794 2.30949 0.532982 -0.0201427 14541.9 0.00034743 1 -0.0744187 -0.175027 0.05 38569.2
0 4495 3 phononTS 0.00155231 -0.483299 1.36581 0.0480642 6127.14 0.00069486 1 0.100013 -0.248671 0.05 54066.2
0 4501 3 phononTS 0.00188068 0.53149 -0.125026 0.0497344 2641.27 0.00034743 1 -0.0477572 -0.205075 0.05 57366.8
0 4536 2 phononTS 0.0016296 2.35502 0.900229 0.0109655 8587.59 0.00034743 1 -0.116901 -0.170954 0.05 10663.5
0 4543 3 phononTS 0.00211867 3.17035 1.00091 -0.0226493 8514.19 0.00069486 1 0.024717 -0.14916 0.05 14846.3
0 4551 2 phononTF 0.00114609 1.483 0.76513 0.0234409 2267.29 0.00034743 1 -0.0379387 -0.162102 0.05 8176.79
0 4598 4 phononTS 0.001582 2.90767 0.414663 0.0238466 21823.3 0.00034743 1 -0.068511 -0.124048 0.05 66173.5
0 4627 2 phononTS 0.000596777 2.14377 1.50313 -0.0223245 4388.91 0.00034743 1 -0.0327336 -0.221766 0.05 13022.5
0 4654 2 phononTF 0.00168785 -0.0191602 0.78122 -0.0489095 8990.26 0.00069486 1 -0.0548643 -0.164635 0.05 10595
0 4657 3 phononL 0.00175973 1.63758 1.86875 -0.0471724 251.048 0.00034743 1 0.0702037 -0.135129 0.05 40969.4
0 4665 3 phononTS 0.00218667 0.534216 1.65346 -0.024918 4337.79 0.00034743 1 -0.0673641 -0.261973 0.05 59375
0 4717 3 phononTS 0.00164223 2.0137 0.513504 -0.0392835 6933.64 0.00069486 1 0.0170515 -0.219253 0.05 19882
0 4738 3 phononTS 0.00142899 1.95892 2.40996 0.0313228 24903.7 0.00034743 1 -0.0295313 -0.196077 0.05 57871.1
0 4762 3 phononTF 0.00292658 0.814599 2.05188 -0.0209304 1648.71 0.00069486 1 0.0571207 -0.131056 0.05 18699.3
0 4781 3 phononTS 0.00188182 1.75059 1.44038 0.0159899 7446.14 0.00034743 1 -0.0631318 -0.125253 0.05 22731.9
0 4802 2 phononTF 0.00201372 2.14784 0.292071 -0.0457834 2901.53 0.00034743 1 0.0537585 -0.275866 0.05 8014.76
0 4819 3 phononTF 0.00156917 1.82107 1.53336 -0.0047394 5426.96 0.00034743 1 -0.0461279 -0.179232 0.05 37650
0 4856 2 phononL 0.00256582 0.883224 1.3466 -0.00904727 2733.1 0.00069486 1 -0.0754446 -0.241985 0.05 17566.6
0 4856 5 phononTF 0.000603929 -0.0754446 -0.241985 0.049999 17566.6 0.00034743 1 -0.076803 -0.26246 0.05 17706.5
0 4862 7 phononTS 0.000725022 -4.45673 4.05196 0.00961354 96253.9 0.00034743 1 -0.0908279 -0.163577 0.05 129811
0 4878 2 phononL 0.00129612 1.07619 2.12769 0.0290946 2914.11 0.00034743 1 -0.0771649 -0.242178 0.05 93076.4
0 4892 2 phononTF 0.00254853 1.48961 3.17129 -0.0261834 4921.13 0.00034743 1 0.0378063 -0.22937 0.05 51514
0 4892 5 phononTS 0.000877333 0.0378063 -0.22937 0.049999 51514 0.00034743 1 0.0765002 -0.250719 0.05 51579.1
0 4904 3 phononL 0.00230693 0.725873 1.46616 -0.0279402 1568.16 0.00069486 1 0.0299882 -0.301841 0.05 15893.2
0 4930 5 phononL 0.000783091 1.70467 0.831467 0.032004 27725.8 0.00034743 1 0.0203294 -0.140675 0.05 40864.7
0 4935 5 phononTS 0.000733887 0.87578 0.95004 -0.0117825 5572.49 0.00034743 1 0.046763 -0.187894 0.05 28413.1
0 4944 3 phononTS 0.00140578 0.761498 1.46656 -0.0390576 496.608 0.00034743 1 0.0587353 -0.199462 0.05 32227.6
0 4976 7 phononTF 0.000844161 0.618097 4.18937 -0.0270341 73185 0.00069486 1 -0.0347197 -0.127097 0.05 114570
