Run ID,Event ID,Track ID,Particle Name,Start Energy [eV],Start X [mm],Start Y [mm],Start Z [mm],Start Time [ns],Energy Deposited [eV],Track Weight,End X [mm],End Y [mm],End Z [mm],Final Time [ns],Volume Name
0 16 3 phononTS 0.00137486 -1.61448 0.220679 -0.0485135 4046.15 0.00034743 1 0.0849276 -0.202303 0.05 24375.1
0 51 2 phononTF 0.00166825 -1.72491 -1.80134 -0.0356061 8035.83 0.00034743 1 -0.0212614 -0.195867 0.05 65657.1
0 65 2 phononTF 0.000716451 -1.19677 -2.2803 0.0411248 18.9847 0.00034743 1 -0.0979014 -0.141524 0.05 86776.2
0 88 3 phononTS 0.00176716 -0.905505 -2.11855 0.0402484 123.821 0.00034743 1 -0.084869 -0.181294 0.05 18937.9
0 106 3 phononTS 0.00114882 -0.100079 -0.767455 0.0220616 3346.07 0.00034743 1 -0.0401706 -0.170692 0.05 8942.79
0 114 5 phononL 0.00152426 1.51896 -4.45677 0.00255063 17071.2 0.00069486 1 -0.0838995 -0.198145 0.05 30236.6
0 124 2 phononL 0.00180912 -1.54165 -3.21034 -0.0283365 3532.99 0.00034743 1 -0.0488004 -0.258123 0.05 22675.4
0 135 2 phononTS 0.00125882 -0.243407 -2.82742 -0.00395322 4784.43 0.00034743 1 -0.0512714 -0.1069 0.05 64730.6
0 135 6 phononTS 0.000391994 -0.0512714 -0.1069 0.049999 64730.6 0.00034743 1 -0.0848579 -0.124631 0.05 67078.5
0 147 3 phononTS 0.00249086 -0.84114 -1.87187 0.0487198 6618.53 0.00104229 1 -0.0491868 -0.206911 0.05 12309.4
0 150 2 phononTS 0.00160949 -1.55976 -2.9337 0.0497928 505.748 0.00034743 1 0.100116 -0.250558 0.05 62460.3
0 152 4 phononTS 0.0014738 1.46081 -1.35141 -0.0428109 11229.3 0.00069486 1 -0.06395 -0.287558 0.05 20098
0 155 3 phononTS 0.00223 -1.1634 -4.1515 -0.0348718 24364.2 0.00069486 1 -0.0418411 -0.253895 0.05 35172.2
0 172 2 phononTS 0.00180045 -1.13212 -1.9494 -0.0139755 2173.43 0.00069486 1 -0.103709 -0.179028 0.05 6333.64
0 193 2 phononL 0.00203483 -2.50161 -2.26054 0.0455031 3799.48 0.00069486 1 0.0946362 -0.169393 0.05 26162.1
0 193 6 phononTS 0.000804565 0.0946362 -0.169393 0.049998 26162.1 0.00034743 1 0.0755017 -0.218262 0.05 26230.7
0 199 3 phononTS 0.00232314 -0.0849742 -1.80441 0.0239448 3093.27 0.00104229 1 0.0972164 -0.189113 0.05 7077.93
0 216 3 phononTF 0.00174473 -1.40562 -2.3946 0.0467426 49.3603 0.00104229 1 0.0177765 -0.230293 0.05 31403.8
0 219 2 phononTF 0.00234169 0.41198 -3.50921 -0.0387548 12026.5 0.00034743 1 0.106732 -0.187189 0.05 25131.2
0 257 3 phononTS 0.00297885 0.441557 -2.69964 -0.0369276 4969.58 0.00034743 1 -0.0831988 -0.173726 0.05 19427.8
0 267 2 phononTS 0.00136369 -0.512684 -3.59371 -0.0409939 3190.12 0.00034743 1 0.029569 -0.305913 0.05 16638.3
0 269 3 phononTF 0.00191479 -1.33434 -2.13294 -0.00546493 1325.95 0.00034743 1 0.0834061 -0.237632 0.05 3662.13
0 269 5 phononTF 0.00069838 0.0834061 -0.237632 0.049999 3662.13 0.00034743 1 -0.0450681 -0.15879 0.05 3747.25
0 297 2 phononL 0.00191497 -0.730817 -1.84684 -0.00792441 747.055 0.00069486 1 0.0781932 -0.152698 0.05 70235.6
0 326 3 phononTS 0.00291153 -1.1043 -2.05967 0.0300894 2066.32 0.00104229 1 0.0514691 -0.233889 0.05 14254.1
0 326 8 phononTS 0.00111024 0.0514691 -0.233889 0.049998 14254.1 0.00034743 1 0.0700225 -0.251558 0.05 14314.6
0 329 3 phononTF 0.00268701 -0.413162 -1.31019 -0.0133835 2626.55 0.00104229 1 -0.0598512 -0.291072 0.05 16240.3
0 349 3 phononL 0.00165396 -1.12986 -2.57199 -0.00382854 1436.19 0.00034743 1 -0.0327903 -0.103143 0.05 17270.8
0 351 2 phononTS 0.00216235 -0.0525155 -3.81446 -0.0359721 9045.29 0.00034743 1 0.0205411 -0.173363 0.05 32892.7
0 365 3 phononTS 0.00306686 -0.696253 -3.38531 -0.0271925 13760 0.00138972 1 0.0612095 -0.251944 0.05 30499.9
0 368 3 phononTF 0.00183553 -0.898755 -2.8552 0.0189124 1142.44 0.00069486 1 0.110128 -0.231914 0.05 4583.83
0 381 7 phononTS 0.00100493 -2.95148 -3.93632 -0.0283657 68845.6 0.00034743 1 0.0467145 -0.230875 0.05 113621
0 415 3 phononTS 0.00127252 -1.86493 -4.17772 -0.0476298 10089.7 0.00069486 1 0.033695 -0.122866 0.05 40254.3
0 424 2 phononTF 0.00127242 -2.28706 -4.0197 -0.0282441 5882.04 0.00034743 1 -0.0769772 -0.176878 0.05 30863.2
0 441 3 phononL 0.00235352 -0.0561002 -1.89847 0.014265 6204.52 0.00104229 1 0.0939186 -0.264194 0.05 7033.65
0 450 2 phononTF 0.00143724 -2.70125 -1.06436 -0.0413028 16309.9 0.00069486 1 -0.0549547 -0.190529 0.05 53025
0 514 2 phononTF 0.00176742 -1.81681 -1.63679 -0.0331685 11571.9 0.00034743 1 -0.0493856 -0.289815 0.05 31265.6
0 557 2 phononTF 0.000969083 -1.26654 -2.18533 0.046913 16.7701 0.00034743 1 0.044183 -0.12036 0.05 153736
0 557 8 phononTS 0.000410735 0.044183 -0.12036 0.049999 153736 0.00034743 1 -0.0220204 -0.175552 0.05 153871
0 563 2 phononTS 0.00294955 -1.66418 -1.41687 -0.00891262 4042.13 0.00034743 1 -0.0963817 -0.189936 0.05 12057.9
0 563 5 phononTS 0.00120268 -0.0963817 -0.189936 0.049999 12057.9 0.00069486 1 -0.0302211 -0.118344 0.05 12132.7
0 570 5 phononL 0.00146099 1.54162 -2.19836 0.0376166 22876 0.00069486 1 -0.111809 -0.222251 0.05 31846.8
0 572 2 phononTS 0.00247817 -2.92281 -1.4103 -0.00807488 8035.61 0.00104229 1 0.0473645 -0.268456 0.05 15689.8
0 575 2 phononL 0.00204389 -0.0456241 -3.48546 0.0100059 8713.08 0.00104229 1 0.0323876 -0.137318 0.05 79122
0 578 2 phononTF 0.00246706 -0.79407 -2.32696 -0.0212471 1329.75 0.00069486 1 0.0479616 -0.272004 0.05 15489.4
0 601 3 phononTF 0.00292325 -0.996931 -2.08995 -0.0137746 546.972 0.00034743 1 -0.0596901 -0.139595 0.05 4098.29
0 631 4 phononTF 0.000862677 -3.93754 2.6688 0.0438165 41140.3 0.00034743 1 -0.0710522 -0.116014 0.05 81331
0 637 5 phononTS 0.00171568 0.882875 -1.06605 -0.0351367 12968.2 0.00069486 1 -0.0666471 -0.147702 0.05 72983.6
0 667 2 phononTS 0.00241107 -1.87818 -1.85077 0.0255378 6094.43 0.00034743 1 0.0472493 -0.277272 0.05 9814.39
0 667 8 phononTS 0.000675985 0.0472493 -0.277272 0.049999 9814.39 0.00034743 1 0.0337089 -0.299551 0.05 9967.09
0 681 2 phononTF 0.00238354 0.388117 -0.428462 -0.0375575 4531.85 0.00104229 1 0.100205 -0.148561 0.05 8071.68
0 681 9 phononL 0.000664228 0.100205 -0.148561 0.049999 8071.68 0.00034743 1 -0.0565774 -0.267679 0.05 8278.28
0 713 3 phononTF 0.00256238 -1.41067 -2.26745 0.0113843 1968.91 0.00069486 1 -0.051702 -0.271815 0.05 11379.8
0 731 1 phononL 0.004 -1.25 -2.25 0 0 0.00069486 1 -0.0204537 -0.170749 0.05 16494.3
0 775 5 phononTS 0.000870161 -4.08041 0.0313721 0.0324874 64847.4 0.00034743 1 0.0806324 -0.138014 0.05 67553.9
0 793 2 phononTF 0.00239248 -2.74866 -3.56446 0.046373 6122.8 0.00034743 1 0.0373595 -0.224407 0.05 126070
0 798 3 phononTS 0.00194944 -1.66087 -2.20528 0.0354311 2163.15 0.00069486 1 -0.0548249 -0.294845 0.05 6277.53
0 806 4 phononTF 0.000567317 1.20494 -1.68618 0.0489192 6135.87 0.00034743 1 -0.0255036 -0.194214 0.05 25267.4
0 831 2 phononTF 0.0022576 -2.37192 -0.779376 0.0452372 5387.89 0.00034743 1 0.107506 -0.187445 0.05 44908.5
0 910 2 phononL 0.00220173 -1.26799 -1.86501 0.033607 4067.11 0.00104229 1 0.117273 -0.200715 0.05 13101.8
0 929 1 phononTF 0.004 -1.25 -2.25 0 0 0.00069486 1 0.0305767 -0.268115 0.05 22572.7
0 960 2 phononTS 0.00157236 -1.6984 -1.91318 -0.0395922 3103.09 0.00034743 1 -0.0702738 -0.183918 0.05 28215
0 962 3 phononTS 0.0023901 -0.1889 -2.73654 0.0116939 5275.77 0.00034743 1 0.0320934 -0.274997 0.05 13923.1
0 962 4 phononTS 0.00165703 0.0320934 -0.274997 0.049999 13923.1 0.00104229 1 0.0382467 -0.283757 0.05 13981.5
0 981 2 phononL 0.00188589 -0.678295 -3.39952 -0.0476637 1030.82 0.00069486 1 -0.0213249 -0.141153 0.05 22274.8
0 981 9 phononTS 0.000355001 -0.0213249 -0.141153 0.049999 22274.8 0.00034743 1 0.0199113 -0.16256 0.05 22338.9
0 986 4 phononL 0.000919189 -0.192379 -0.00801425 0.049999 19092.8 0.00034743 1 -0.0989 -0.229108 0.05 19337.8
0 1024 2 phononTF 0.00220463 -1.60481 -1.67633 -0.0325999 4811.46 0.00034743 1 0.0701279 -0.244156 0.05 20087.3
0 1030 3 phononTF 0.0014134 -1.76495 -3.99237 0.0451996 6549.6 0.00034743 1 0.0316699 -0.250647 0.05 58375.7
0 1030 4 phononTF 0.00093531 0.0316699 -0.250647 0.049999 58375.7 0.00034743 1 -0.0429412 -0.289362 0.05 58440.5
0 1030 2 phononL 0.0025866 -1.76495 -3.99237 0.0451996 6549.6 0.00069486 1 0.0517851 -0.262029 0.05 17487.2
0 1036 2 phononL 0.00259289 0.14582 -2.55209 0.00230989 7859.64 0.00034743 1 -0.0546669 -0.103885 0.05 27701.4
0 1052 2 phononTS 0.00113368 0.800093 -0.513786 -0.0299587 4923.45 0.00034743 1 -0.0540624 -0.199647 0.05 7428.84
0 1058 3 phononTS 0.002214 0.0620942 -1.03578 0.00428864 4116.51 0.00069486 1 -0.114862 -0.225606 0.05 52943.1
0 1077 3 phononTF 0.00194183 0.261317 -2.20293 0.0258452 8261.68 0.00069486 1 0.0180717 -0.244052 0.05 11857.4
0 1077 6 phononTF 0.000423012 0.0180717 -0.244052 0.049998 11857.4 0.00034743 1 0.0280867 -0.242732 0.05 11968.6
0 1082 5 phononTS 0.000886742 -0.21604 -3.96757 -0.0424814 23609.3 0.00034743 1 -0.0643965 -0.248534 0.05 55410.1
0 1102 3 phononL 0.00294898 -1.12595 -1.68923 0.0249391 4874.12 0.00034743 1 0.0757893 -0.117876 0.05 8876.87
0 1118 5 phononL 0.00105735 4.90765 1.97829 0.0487045 67530.3 0.00034743 1 -0.0771872 -0.21712 0.05 87145
0 1118 9 phononTS 0.000379882 -0.0771872 -0.21712 0.049998 87145 0.00034743 1 0.064248 -0.156761 0.05 90262.6
0 1170 5 phononTF 0.00150478 3.59883 4.74699 -0.0130647 30397 0.00034743 1 -0.0964581 -0.18085 0.05 49196.2
0 1213 2 phononTS 0.00146025 -1.26801 -2.48606 0.0191064 69.0969 0.00104229 1 -0.0561497 -0.105878 0.05 92115.2
0 1220 4 phononTS 0.00173027 -1.29686 -3.0233 0.0239173 9225.85 0.00034743 1 0.0274907 -0.276674 0.05 23264
0 1220 7 phononTF 0.000668818 0.0274907 -0.276674 0.049999 23264 0.00034743 1 0.0373664 -0.29007 0.05 23322.9
0 1251 2 phononTS 0.00144129 -2.11757 -2.0515 0.0430508 1603.61 0.00069486 1 -0.0491444 -0.251121 0.05 101727
0 1253 3 phononTS 0.0029519 -0.461849 -2.10501 0.0387382 3276.04 0.00034743 1 0.021268 -0.236089 0.05 8273.74
0 1283 3 phononTS 0.00229585 -0.794263 -2.08 -0.0218952 13144.1 0.00069486 1 -0.0763665 -0.255815 0.05 17133.8
0 1283 6 phononTF 0.00107055 -0.0763665 -0.255815 0.049999 17133.8 0.00034743 1 0.0526606 -0.228188 0.05 17213.7
0 1299 1 phononTS 0.004 -1.25 -2.25 0 0 0.00138972 1 -0.0731536 -0.221405 0.05 6750.95
0 1299 4 phononTF 0.000547763 -0.0731536 -0.221405 0.049999 6750.95 0.00034743 1 -0.0502247 -0.162431 0.05 6811.62
0 1299 2 phononTS 0.00106848 -0.0731536 -0.221405 0.049999 6750.95 0.00034743 1 -0.0737044 -0.2202 0.05 6809.89
0 1299 27 phononTS 0.000390897 -0.0737044 -0.2202 0.049999 6809.89 0.00034743 1 -0.105244 -0.241092 0.05 7147.51
0 1311 2 phononTS 0.00151149 -2.71964 -3.438 -0.0121618 7071.6 0.00034743 1 0.0612908 -0.233224 0.05 88117.9
0 1312 3 phononTS 0.00227828 -1.12651 -1.95865 0.0448157 5510.93 0.00104229 1 -0.0994886 -0.148483 0.05 36548.1
0 1322 3 phononTF 0.00286115 -1.71824 -0.37107 0.0459015 7476.38 0.00138972 1 0.0683743 -0.182554 0.05 22961.1
0 1325 2 phononTF 0.00124249 -0.250117 -4.95409 0.0294557 21477 0.00034743 1 0.0285492 -0.213759 0.05 40762.4
0 1360 2 phononTF 0.00190918 0.0679629 -1.38013 0.0442392 8062.59 0.00069486 1 -0.0343796 -0.296849 0.05 19585.4
0 1360 5 phononTS 0.000588815 -0.0343796 -0.296849 0.049999 19585.4 0.00034743 1 -0.0778376 -0.258522 0.05 23620.4
0 1387 2 phononL 0.00197358 -0.248859 -4.05979 0.0271814 4150.19 0.00069486 1 0.112749 -0.218402 0.05 66053.9
0 1408 7 phononTS 0.000993929 -4.18684 3.13369 0.00850234 36206.6 0.00034743 1 -0.0880132 -0.245715 0.05 150410
0 1425 3 phononTF 0.00293795 -0.493334 -0.975834 0.0194612 5483.26 0.00069486 1 0.102987 -0.252742 0.05 13755.1
0 1430 3 phononTS 0.00272293 -1.63594 -1.40814 -0.0419718 875.191 0.00069486 1 0.101429 -0.232321 0.05 10043.2
0 1430 10 phononTS 0.000635864 0.101429 -0.232321 0.049999 10043.2 0.00034743 1 0.110589 -0.218226 0.05 10206
0 1441 2 phononL 0.00119584 -1.46729 -3.49572 -0.0388116 2025.16 0.00034743 1 0.0364401 -0.103841 0.05 80241.7
0 1469 2 phononTF 0.00188696 -1.33072 -2.31088 -0.046283 1067.15 0.00104229 1 -0.103172 -0.155922 0.05 2335.22
0 1471 4 phononTF 0.00100464 1.73406 -2.94988 -0.0447461 30487.8 0.00034743 1 -0.0757978 -0.191982 0.05 46210.1
0 1476 3 phononTS 0.0013319 -1.43351 -1.97172 -0.019084 880.23 0.00069486 1 -0.0852665 -0.12209 0.05 4737.1
0 1486 4 phononTS 0.00082374 -0.105237 0.351828 0.0260597 7942.37 0.00034743 1 0.0896404 -0.180008 0.05 35429
0 1534 3 phononL 0.0020627 -0.910557 -1.60931 0.0292531 2013.37 0.00034743 1 -0.032594 -0.210619 0.05 19511.4
0 1567 3 phononTS 0.00154815 -0.261775 -1.14454 -0.0339305 6494.99 0.00034743 1 -0.0480641 -0.244043 0.05 6781.76
0 1572 3 phononL 0.00247943 -1.62711 -0.496108 0.0182953 4855.03 0.00069486 1 0.0702386 -0.28501 0.05 77025.2
0 1599 2 phononTF 0.00173368 -3.10538 -2.14677 -0.0218442 4144.63 0.00034743 1 0.0662718 -0.196568 0.05 17381.4
0 1599 4 phononTS 0.000729638 0.0662718 -0.196568 0.049999 17381.4 0.00034743 1 0.0567584 -0.12097 0.05 20587.5
0 1604 5 phononTF 0.00129467 -1.70597 -1.50217 0.00732193 33419.8 0.00034743 1 -0.0679589 -0.281842 0.05 101556
0 1614 2 phononTS 0.00169218 -1.40529 -2.37497 -0.0344759 67.1774 0.00034743 1 -0.0219232 -0.212097 0.05 6451.73
0 1632 5 phononTF 0.00122124 -1.42082 -4.84805 0.0204773 4999.11 0.00069486 1 -0.0623256 -0.298069 0.05 50293.1
0 1636 3 phononTS 0.00152132 -1.30323 -2.36879 -0.0426132 828.555 0.00034743 1 -0.0303115 -0.220059 0.05 15962.1
0 1642 3 phononTF 0.00280663 -0.67638 -3.24066 0.0359328 3356.81 0.00034743 1 -0.040851 -0.103583 0.05 23043.6
0 1661 2 phononTF 0.00251934 -1.23859 -0.899706 0.0388752 3757.81 0.00069486 1 -0.0279153 -0.267534 0.05 56141.2
0 1667 2 phononTF 0.00160333 0.964138 -1.4687 0.00838836 9813.12 0.00034743 1 -0.031114 -0.118686 0.05 59707.5
0 1667 4 phononTS 0.000829575 -0.031114 -0.118686 0.049999 59707.5 0.00034743 1 -0.0755423 -0.154255 0.05 59862.1
0 1685 5 phononTS 0.00120396 -4.17398 -3.83012 0.041529 9886.99 0.00069486 1 0.101948 -0.139249 0.05 28705.4
0 1738 2 phononL 0.00166065 -3.74031 -1.23724 0.00102676 7616.18 0.00034743 1 0.0583839 -0.178926 0.05 24491.9
0 1738 5 phononTS 0.000715144 0.0583839 -0.178926 0.049999 24491.9 0.00034743 1 -0.0261555 -0.15511 0.05 24662.4
0 1742 2 phononTS 0.00229159 -1.38155 -2.9552 0.0363925 1533.69 0.00034743 1 -0.0990371 -0.142959 0.05 49102.9
0 1742 4 phononTS 0.00038581 -0.0990371 -0.142959 0.049999 49102.9 0.00034743 1 -0.103468 -0.248082 0.05 49405.7
0 1757 2 phononTS 0.00109032 -1.19199 -4.84754 0.0123429 19307 0.00034743 1 -0.107653 -0.189748 0.05 46509.3
0 1802 3 phononTS 0.00204383 -1.3495 -1.87271 -0.0150851 1032.24 0.00069486 1 0.0878492 -0.131869 0.05 4168.77
0 1831 4 phononTF 0.000738336 -0.0695604 -4.80413 0.0145423 35796.3 0.00034743 1 -0.115183 -0.224514 0.05 56606.5
0 1833 2 phononTS 0.00143264 -1.31611 -2.2509 -0.00262282 501.704 0.00034743 1 0.0967609 -0.160726 0.05 15129.8
0 1854 3 phononTF 0.00109967 -0.50373 -2.50459 -0.00949286 1457.88 0.00034743 1 -0.107109 -0.179721 0.05 54287.2
0 1865 3 phononTS 0.0029544 -1.26752 -2.15785 0.013869 82.1231 0.00034743 1 0.0631386 -0.267401 0.05 24682.8
0 1865 5 phononTS 0.0015485 0.0631386 -0.267401 0.049999 24682.8 0.00034743 1 0.086097 -0.238778 0.05 24748.6
0 1865 11 phononTF 0.000811873 0.086097 -0.238778 0.049999 24748.6 0.00034743 1 0.0860991 -0.141295 0.05 24811.6
0 1878 3 phononTS 0.00282975 -0.465072 -1.67776 0.0196635 2307.07 0.00138972 1 0.0441102 -0.205864 0.05 11731.7
0 1907 3 phononL 0.00231193 -1.08443 -2.86736 -0.0202975 10975.8 0.00069486 1 -0.0376562 -0.241677 0.05 17270.3
0 1907 10 phononL 0.000451407 -0.0376562 -0.241677 0.049999 17270.3 0.00034743 1 0.019892 -0.176183 0.05 21011.8
0 1907 8 phononL 0.000493782 -0.0376562 -0.241677 0.049999 17270.3 0.00034743 1 -0.0807868 -0.227895 0.05 17321
0 1919 3 phononTS 0.000792161 -1.32035 -0.750035 0.0104664 2504.25 0.00034743 1 -0.101869 -0.221545 0.05 3436.5
0 1919 6 phononTF 0.000377648 -0.101869 -0.221545 0.049999 3436.5 0.00034743 1 -0.109638 -0.21235 0.05 3778.03
0 1932 5 phononTS 0.000984339 0.72318 1.95274 0.0422575 26201.9 0.00034743 1 -0.112454 -0.238102 0.05 29570
0 1941 3 phononTS 0.0023271 -0.141326 -0.456089 -0.046548 13605.1 0.00069486 1 -0.0457115 -0.184308 0.05 14709.5
0 1942 3 phononTF 0.00185993 -1.48118 -1.87028 -0.0372267 3328.81 0.00034743 1 -0.0411348 -0.241745 0.05 20327.1
0 1942 4 phononTF 0.00038256 -0.0411348 -0.241745 0.049999 20327.1 0.00034743 1 0.0669735 -0.275567 0.05 20598.4
0 1963 3 phononL 0.00218518 1.36019 -3.32827 0.0264983 5175.64 0.00034743 1 -0.0669048 -0.195623 0.05 32263.6
0 1963 6 phononTS 0.000760592 -0.0669048 -0.195623 0.049999 32263.6 0.00034743 1 -0.0623031 -0.235651 0.05 33240.6
0 1963 4 phononTF 0.000520592 -0.0669048 -0.195623 0.049999 32263.6 0.00034743 1 -0.0406017 -0.275792 0.05 32328.5
0 1966 3 phononTF 0.00283618 -1.42465 -2.26208 0.00147586 1372.28 0.00104229 1 0.0733338 -0.136558 0.05 13387.5
0 1975 3 phononTS 0.00270722 -1.22615 -2.22362 0.0138529 7.03354 0.00034743 1 -0.0455462 -0.233347 0.05 2267.49
0 1977 5 phononL 0.00162979 -1.12735 -1.10289 -0.0187917 4614.62 0.00034743 1 -0.0337494 -0.228953 0.05 16426.8
0 1977 6 phononTS 0.00112846 -0.0337494 -0.228953 0.049999 16426.8 0.00034743 1 0.0249555 -0.148254 0.05 16543.9
0 1977 13 phononTF 0.000350884 0.0249555 -0.148254 0.049999 16543.9 0.00034743 1 0.0761097 -0.153881 0.05 116975
0 1981 2 phononL 0.00146837 -2.62262 -2.26509 0.024864 15198.8 0.00034743 1 0.03685 -0.126685 0.05 41443.7
0 1988 2 phononTF 0.00197571 -2.78918 -4.48703 0.0464593 9231.68 0.00069486 1 -0.0963042 -0.183864 0.05 46678.8
0 1989 5 phononTS 0.00118197 0.674668 -0.972323 -0.028301 7417.03 0.00034743 1 0.0735483 -0.266899 0.05 19898.1
0 2001 3 phononTS 0.00263762 -1.51932 -2.18769 -0.0192693 2167.55 0.00069486 1 -0.0624961 -0.173854 0.05 25675
0 2017 2 phononTS 0.00174185 -0.104511 -2.3509 -0.0262471 8188.48 0.00034743 1 -0.088483 -0.156342 0.05 143329
0 2017 6 phononTF 0.00119327 -0.088483 -0.156342 0.049999 143329 0.00034743 1 -0.099028 -0.136213 0.05 143387
0 2018 3 phononTS 0.00152858 -0.746022 -2.68037 -0.00430512 1306.07 0.00034743 1 0.0298587 -0.303409 0.05 4795.52
0 2018 7 phononTS 0.000470639 0.0298587 -0.303409 0.049999 4795.52 0.00034743 1 0.0305544 -0.279131 0.05 4851.52
0 2021 2 phononL 0.00135113 -1.45066 -1.84025 0.00823557 722.122 0.00034743 1 0.0523021 -0.269113 0.05 10588.6
0 2021 5 phononTS 0.000822696 0.0523021 -0.269113 0.049999 10588.6 0.00034743 1 -0.0886315 -0.194115 0.05 10687.7
0 2054 3 phononL 0.00251605 -1.4445 -0.844486 -0.0437641 2621.51 0.00034743 1 0.0755964 -0.261715 0.05 20772.4
0 2062 3 phononTF 0.00196086 -2.10645 -3.76819 0.0459114 10575.4 0.00034743 1 -0.109756 -0.163539 0.05 27264
0 2069 2 phononTS 0.000432568 -2.7509 -2.87584 0.00837071 15063 0.00034743 1 -0.0854209 -0.163443 0.05 30418.5
0 2089 2 phononTF 0.00190131 -1.23081 -2.15505 0.00138746 234.205 0.00034743 1 -0.053093 -0.276132 0.05 38275
0 2093 1 phononTF 0.004 -1.25 -2.25 0 0 0.00069486 1 -0.0998921 -0.248083 0.05 9228.58
0 2093 6 phononL 0.00110059 -0.0998921 -0.248083 0.049999 9228.58 0.00069486 1 -0.0754616 -0.224097 0.05 9843.47
0 2093 5 phononTS 0.000413245 -0.0998921 -0.248083 0.049999 9228.58 0.00034743 1 -0.0516139 -0.124156 0.05 11192.2
0 2114 4 phononTF 0.00138384 1.5339 -1.00263 -0.042601 22549.9 0.00034743 1 -0.0532071 -0.158468 0.05 27163.1
0 2116 4 phononTF 0.000825366 0.792494 -4.82283 0.0406894 22123.6 0.00034743 1 0.0298131 -0.206082 0.05 28342.6
0 2117 5 phononTS 0.00133478 1.3506 -3.28255 -0.049906 18334.1 0.00069486 1 0.0374845 -0.217052 0.05 29284.5
0 2122 1 phononTS 0.004 -1.25 -2.25 0 0 0.00138972 1 0.0780477 -0.275948 0.05 5303.37
0 2135 3 phononTS 0.00116014 -1.23434 -2.2346 -0.0158427 4.9295 0.00034743 1 -0.0682823 -0.231675 0.05 64336.4
0 2161 2 phononTF 0.00193903 -1.48849 -1.52972 -0.0225794 1276.8 0.00034743 1 -0.0742227 -0.234098 0.05 6037.85
0 2161 5 phononL 0.00119289 -0.0742227 -0.234098 0.049999 6037.85 0.00034743 1 -0.0769474 -0.115271 0.05 7982.56
0 2161 13 phononTF 0.000595146 -0.0769474 -0.115271 0.049998 7982.56 0.00034743 1 -0.0803279 -0.15244 0.05 8065.59
0 2165 1 phononTF 0.004 -1.25 -2.25 0 0 0.00034743 1 -0.0216315 -0.253353 0.05 15725.7
0 2165 5 phononTS 0.0013312 -0.0216315 -0.253353 0.049998 15725.7 0.00034743 1 -0.0544736 -0.206113 0.05 16113.1
0 2165 9 phononTS 0.000520818 -0.0544736 -0.206113 0.049999 16113.1 0.00034743 1 0.0851315 -0.207057 0.05 16292.1
0 2182 3 phononTS 0.00185194 -0.464202 -2.68106 -0.0495222 1576.92 0.00069486 1 -0.0942586 -0.150233 0.05 13348
0 2182 4 phononTF 0.000477974 -0.0942586 -0.150233 0.049999 13348 0.00034743 1 0.0926076 -0.269888 0.05 64537.3
0 2198 2 phononTS 0.000879989 -2.30354 -1.09478 -0.02491 3726.84 0.00034743 1 -0.0810868 -0.22885 0.05 82957.6
0 2224 2 phononTS 0.00187875 -0.643246 -2.70363 -0.0330038 1229.93 0.00034743 1 0.0386636 -0.235075 0.05 92724.9
0 2224 4 phononL 0.000966229 0.0386636 -0.235075 0.049999 92724.9 0.00069486 1 0.0595518 -0.223317 0.05 92933.2
0 2226 3 phononTS 0.00356522 -1.10146 -1.71217 0.0160312 681.923 0.00034743 1 0.0628909 -0.25938 0.05 5584.71
0 2226 4 phononTS 0.00258183 0.0628909 -0.25938 0.049999 5584.71 0.00034743 1 0.0652216 -0.226113 0.05 5605.91
0 2226 13 phononTF 0.000705168 0.0652216 -0.226113 0.049999 5605.91 0.00034743 1 0.0673941 -0.242 0.05 5667.53
0 2265 2 phononL 0.00112658 -1.26859 -2.25317 0.0275146 20.815 0.00034743 1 -0.0935904 -0.217979 0.05 8698.09
0 2273 5 phononL 0.00137593 -3.88389 2.66771 0.0156457 54797.5 0.00034743 1 -0.077891 -0.144473 0.05 60336.1
0 2273 6 phononTF 0.000740826 -0.077891 -0.144473 0.049999 60336.1 0.00034743 1 -0.0671629 -0.251812 0.05 60722.5
0 2273 2 phononTF 0.00154274 -1.50788 -3.17013 0.0202809 9259.14 0.00034743 1 0.0946129 -0.268251 0.05 37166.3
0 2274 4 phononTF 0.00191406 -2.27758 3.28412 0.0280271 10740.8 0.00069486 1 -0.0780653 -0.276027 0.05 13163.8
0 2286 2 phononTS 0.00123858 -1.24633 -1.24254 0.0272789 4095.92 0.00034743 1 -0.0457954 -0.150611 0.05 6761.94
0 2305 3 phononTS 0.00299091 -0.408689 -1.13082 0.0286651 4117.09 0.00069486 1 -0.100936 -0.231227 0.05 6441.83
0 2308 4 phononTF 0.00129676 0.855568 -4.89694 -0.0145727 13875 0.00034743 1 0.0198348 -0.156876 0.05 24168.2
0 2318 2 phononTS 0.00182079 -0.335947 -1.60909 -0.0316964 13362.6 0.00034743 1 -0.0411688 -0.286391 0.05 22901
0 2377 3 phononTS 0.00288389 -1.27913 -2.3219 -0.046304 596.971 0.00069486 1 0.0212821 -0.193245 0.05 13333.8
0 2387 5 phononTS 0.0011458 -3.94172 -1.67387 -0.00613055 29112.9 0.00034743 1 0.0495329 -0.103701 0.05 48894.4
0 2387 6 phononTS 0.000356556 0.0495329 -0.103701 0.049999 48894.4 0.00034743 1 -0.0455338 -0.198447 0.05 48976.2
0 2403 3 phononTF 0.00206283 -2.77687 -0.994638 -0.0460644 8875.37 0.00104229 1 0.0710218 -0.123937 0.05 100153
0 2423 3 phononTF 0.00292769 -1.80883 -2.774 -0.0310742 3492.38 0.00104229 1 -0.0944387 -0.206029 0.05 9355.25
0 2459 2 phononTF 0.00148837 -3.66134 -1.85397 -0.00844944 8684.8 0.00034743 1 0.0823541 -0.149962 0.05 32446.6
0 2463 3 phononTS 0.00230241 -1.42217 -2.69314 0.0454683 1746.7 0.00069486 1 -0.0269587 -0.246477 0.05 49150.3
0 2483 5 phononTS 0.00179561 0.082012 0.483749 0.0498922 7749.33 0.00034743 1 0.0533238 -0.147779 0.05 10977.8
0 2491 5 phononTS 0.000972974 -1.16794 -1.39146 0.0100797 8114.62 0.00069486 1 0.0610223 -0.223169 0.05 10874.9
0 2495 2 phononTF 0.00213006 -0.747303 -1.92473 -0.0427718 1444.01 0.00034743 1 0.0239159 -0.207202 0.05 29082.6
0 2498 3 phononTS 0.00202425 -1.43484 -2.73391 -0.00707629 1775.06 0.00069486 1 -0.0857322 -0.167693 0.05 8624.31
0 2510 4 phononTS 0.00166752 -3.53957 -3.98058 0.00691451 14877.9 0.00034743 1 0.024879 -0.196606 0.05 62054.2
0 2541 2 phononTF 0.0020603 -1.36819 -3.08516 0.0303105 5169.16 0.00069486 1 -0.0663615 -0.248707 0.05 67774.1
0 2541 10 phononTS 0.000634461 -0.0663615 -0.248707 0.049999 67774.1 0.00034743 1 -0.046706 -0.273067 0.05 68587.4
0 2567 2 phononL 0.00289147 -0.262378 -1.3207 -0.0375628 2152.66 0.00069486 1 0.0817506 -0.256519 0.05 8192.98
0 2575 3 phononTS 0.00330795 -2.19032 -1.89463 -0.0365828 994.785 0.00138972 1 -0.0861162 -0.251105 0.05 14685.8
0 2583 2 phononL 0.00234698 -0.965125 -1.43379 0.042728 5541.96 0.00034743 1 -0.032462 -0.214913 0.05 9468.8
0 2583 5 phononTF 0.000583193 -0.032462 -0.214913 0.049998 9468.8 0.00034743 1 0.0888191 -0.182878 0.05 9550.62
0 2618 3 phononTF 0.00241261 -1.25102 -2.24909 -0.00146167 0.369604 0.00069486 1 -0.036745 -0.197494 0.05 61063.7
0 2618 4 phononTS 0.000788255 -0.036745 -0.197494 0.049999 61063.7 0.00034743 1 -0.0430208 -0.254458 0.05 61254.3
0 2619 1 phononTF 0.004 -1.25 -2.25 0 0 0.00069486 1 0.11129 -0.238139 0.05 5434.7
0 2619 5 phononTS 0.00229143 0.11129 -0.238139 0.049999 5434.7 0.00034743 1 -0.0704566 -0.209122 0.05 5581.63
0 2624 4 phononTF 0.00104784 -2.70958 -3.90388 0.0409759 6747.29 0.00034743 1 0.0158502 -0.211303 0.05 49866.9
0 2646 2 phononTS 0.00174829 -1.16336 -3.82516 0.0116374 14183.5 0.00034743 1 0.0381323 -0.106772 0.05 34923.5
0 2665 2 phononTF 0.00126575 -1.68273 -2.28664 -0.0124261 2910.59 0.00034743 1 -0.101955 -0.150869 0.05 3658.98
0 2666 5 phononTF 0.00204581 -0.610667 -3.30019 -0.031559 8079.53 0.00034743 1 -0.0254827 -0.269866 0.05 17966.9
0 2692 3 phononL 0.00267945 -1.32898 -2.37074 -0.0319172 149.065 0.00034743 1 0.114391 -0.210677 0.05 23946.9
0 2692 5 phononTS 0.00169926 0.114391 -0.210677 0.049999 23946.9 0.00034743 1 0.0898333 -0.267844 0.05 24017
0 2728 3 phononTF 0.00261626 -0.666243 -0.160401 -0.0155449 8381.41 0.00069486 1 0.0383522 -0.197836 0.05 12460.7
0 2731 5 phononTF 0.00176808 3.4949 -4.36359 0.00906498 46224.6 0.00034743 1 0.062545 -0.147517 0.05 103126
0 2734 3 phononTS 0.00318966 -0.169752 -2.21733 0.00503477 1096.24 0.00069486 1 0.034294 -0.260742 0.05 9628.85
0 2768 3 phononTF 0.00363996 -0.0211466 -1.50362 0.0287402 1330.06 0.00104229 1 0.0455229 -0.248885 0.05 5805.71
0 2773 3 phononTS 0.00206914 -0.832927 -2.23072 -0.0254468 675.858 0.00104229 1 0.0136228 -0.17777 0.05 5886.58
0 2781 3 phononTS 0.00209344 -1.82087 -2.56546 -0.0143197 5215.94 0.00069486 1 0.0871351 -0.269795 0.05 13857.6
0 2822 4 phononL 0.00112934 -2.75311 -2.98795 0.0160837 16370.7 0.00034743 1 -0.0976498 -0.221668 0.05 38083.6
0 2855 2 phononTS 0.00300258 -0.0483859 -2.42563 0.049218 9720.2 0.00138972 1 0.0807331 -0.200443 0.05 28239.4
0 2945 5 phononTS 0.000768935 -0.434571 -0.460731 -0.0290271 14373.9 0.00034743 1 0.0761531 -0.130135 0.05 15746.2
0 2947 3 phononL 0.00234751 -4.66928 -1.94625 0.00341932 13377.2 0.00104229 1 0.100203 -0.248961 0.05 47879.9
0 2950 3 phononTF 0.00158671 -1.03737 -2.45736 0.0482285 1166.41 0.00069486 1 -0.0494042 -0.250446 0.05 18502.5
0 2965 3 phononTS 0.00248296 -1.77604 -3.10417 -0.00477306 2243.62 0.00104229 1 0.100431 -0.189235 0.05 25919.3
0 2965 4 phononTS 0.000515859 0.100431 -0.189235 0.049999 25919.3 0.00034743 1 -0.0395617 -0.149766 0.05 28516.9
0 2965 2 phononTF 0.00151704 -1.77604 -3.10417 -0.00477306 2243.62 0.00034743 1 -0.0555183 -0.297868 0.05 38158
0 2978 2 phononTS 0.00164643 -1.23708 -2.26314 -0.00751172 3.65953 0.00069486 1 -0.0391953 -0.258239 0.05 56568.9
0 2978 4 phononTF 0.000449885 -0.0391953 -0.258239 0.049998 56568.9 0.00034743 1 -0.0318653 -0.169032 0.05 56768.5
0 2991 3 phononL 0.00110936 -1.43641 -0.297509 -0.0437796 15733.7 0.00034743 1 -0.0267023 -0.262246 0.05 20453.4
0 3002 4 phononTS 0.00106144 -0.223469 -3.31899 -0.0451965 3417.06 0.00034743 1 -0.032826 -0.197969 0.05 9353.61
0 3020 2 phononL 0.00170678 -0.40703 -1.13408 -0.014857 22523.6 0.00069486 1 0.0725306 -0.11793 0.05 31716.3
0 3028 3 phononTS 0.00160491 -1.34337 -0.594606 -0.0103535 4342.61 0.00034743 1 -0.0919099 -0.226889 0.05 6069.88
0 3028 2 phononTS 0.00239509 -1.34337 -0.594606 -0.0103535 4342.61 0.00069486 1 0.0501877 -0.110237 0.05 10030.7
0 3057 2 phononTS 0.00234247 -1.02241 -2.27351 -0.0348654 22802.2 0.00034743 1 0.068729 -0.258817 0.05 26177.3
0 3057 4 phononL 0.00150418 0.068729 -0.258817 0.049999 26177.3 0.00104229 1 -0.0375377 -0.111436 0.05 27327.9
0 3058 3 phononTS 0.00213902 -1.52878 -2.11353 -0.0108866 495.806 0.00034743 1 -0.047277 -0.136308 0.05 14617.1
0 3058 6 phononTS 0.000785191 -0.047277 -0.136308 0.049999 14617.1 0.00034743 1 -0.0326008 -0.148869 0.05 14680.2
0 3060 3 phononTS 0.00254054 0.37391 -1.91685 -0.0422737 3287.46 0.00034743 1 0.089625 -0.18174 0.05 12960
0 3075 2 phononL 0.00200985 -1.2582 -2.24326 0.0134083 3.19806 0.00069486 1 -0.116817 -0.194055 0.05 12833.6
0 3106 2 phononTS 0.0026672 -3.9997 -2.44782 0.0378918 8679.55 0.00069486 1 -0.0395246 -0.298145 0.05 16122
0 3117 3 phononTF 0.00209063 -1.12112 -0.266316 -0.0104561 3823.92 0.00069486 1 -0.0129824 -0.208882 0.05 192795
0 3137 2 phononTS 0.000783406 -0.485902 -1.90784 0.0135325 4120.16 0.00034743 1 0.0505975 -0.234274 0.05 10294.9
0 3148 2 phononTS 0.00294075 -1.17759 -2.89516 -0.0103539 2455.45 0.00034743 1 -0.0346384 -0.133018 0.05 12979.5
0 3151 3 phononL 0.00190511 -1.01525 -2.80185 -0.0104226 1851.98 0.00034743 1 0.0849704 -0.135384 0.05 9618.05
0 3151 4 phononTS 0.000970097 0.0849704 -0.135384 0.049998 9618.05 0.00034743 1 0.100229 -0.207161 0.05 10034
0 3161 2 phononL 0.00218476 -1.26497 -2.12992 -0.0313257 174.162 0.00069486 1 0.0740559 -0.165735 0.05 56568.8
0 3181 2 phononL 0.00173844 -1.27788 -2.22726 -0.0352883 9.25813 0.00034743 1 -0.102415 -0.209849 0.05 56857.6
0 3212 5 phononTS 0.00132784 -0.35235 -3.56171 -0.0342936 4571.33 0.00034743 1 0.0901508 -0.184043 0.05 53959.4
0 3212 6 phononTS 0.000742984 0.0901508 -0.184043 0.049999 53959.4 0.00034743 1 0.0873453 -0.184156 0.05 54017.9
0 3212 13 phononTS 0.000377742 0.0873453 -0.184156 0.049999 54017.9 0.00034743 1 -0.0340336 -0.292046 0.05 54108.2
0 3220 3 phononL 0.00159442 -1.298 -2.21189 -0.0363394 67.3287 0.00034743 1 0.112136 -0.231234 0.05 2789.12
0 3245 5 phononL 0.00119134 -0.908912 1.32576 0.0327205 17079.7 0.00034743 1 0.0973995 -0.254887 0.05 48141.3
0 3258 2 phononTS 0.00215041 -1.33231 -4.43689 -0.0172442 3469.02 0.00069486 1 0.0671912 -0.167869 0.05 34160.3
0 3259 2 phononTF 0.00206411 -1.42085 -0.80435 0.0374992 5671.05 0.00034743 1 -0.0593081 -0.278488 0.05 29650.1
0 3259 4 phononTS 0.00111861 -0.0593081 -0.278488 0.049999 29650.1 0.00034743 1 -0.0762159 -0.227049 0.05 29975.4
0 3259 10 phononTF 0.000471827 -0.0762159 -0.227049 0.049999 29975.4 0.00034743 1 -0.0182525 -0.23577 0.05 30352.2
0 3269 3 phononTS 0.00123552 -1.25997 -2.20695 0.0412282 11.2705 0.00034743 1 0.0415386 -0.10304 0.05 23876.7
0 3305 2 phononTS 0.00179445 -0.919806 -2.95348 0.0462962 675.252 0.00034743 1 -0.114991 -0.169638 0.05 84257.2
0 3305 4 phononTS 0.0011182 -0.114991 -0.169638 0.049999 84257.2 0.00034743 1 -0.049128 -0.204547 0.05 84395.1
0 3305 10 phononTS 0.000542034 -0.049128 -0.204547 0.049998 84395.1 0.00034743 1 -0.0878931 -0.136446 0.05 86034.2
0 3310 4 phononTS 0.00175586 -2.74613 -1.36234 0.0454309 2707.39 0.00034743 1 0.0463989 -0.226626 0.05 10385.7
0 3328 2 phononTS 0.00108455 -1.25021 -2.25075 -0.000320926 0.164801 0.00034743 1 0.0446817 -0.186675 0.05 11303
0 3340 3 phononL 0.00192842 -2.45751 -2.68189 -0.0166099 2878.7 0.00034743 1 -0.084188 -0.276222 0.05 11005.9
0 3340 4 phononTS 0.000931624 -0.084188 -0.276222 0.049999 11005.9 0.00034743 1 -0.069346 -0.174154 0.05 11913.9
0 3340 12 phononL 0.000456606 -0.069346 -0.174154 0.049999 11913.9 0.00034743 1 -0.0588527 -0.207223 0.05 12083
0 3352 2 phononL 0.00212536 0.729789 -2.66155 0.0111889 7584.03 0.00069486 1 0.0625602 -0.196774 0.05 14638
0 3357 3 phononTS 0.00176143 -0.47872 -1.92875 0.0303613 2744.13 0.00034743 1 0.0591774 -0.241053 0.05 47337
0 3363 3 phononL 0.00195886 -0.543912 -2.13118 -0.0262043 6101.02 0.00034743 1 0.115677 -0.219649 0.05 33052
0 3371 3 phononTF 0.00140829 0.0773538 -0.925951 0.0241185 12952.5 0.00069486 1 -0.043738 -0.0963972 0.05 13311.5
0 3377 3 phononL 0.00118386 -1.83595 -1.47394 0.0176783 28563.8 0.00034743 1 0.039362 -0.173365 0.05 71106.4
0 3378 5 phononTS 0.000452048 -0.803552 -1.80315 -0.0355016 41767 0.00034743 1 -0.0482709 -0.149033 0.05 55939.8
0 3410 5 phononL 0.00161355 -0.833479 -1.04108 -0.00443084 5482.09 0.00034743 1 -0.0294645 -0.198877 0.05 13018.3
0 3426 3 phononTS 0.00197475 -2.6597 -0.503954 -0.0215326 9592.96 0.00034743 1 -0.0631774 -0.285378 0.05 16594.9
0 3426 4 phononTS 0.00119896 -0.0631774 -0.285378 0.049999 16594.9 0.00034743 1 -0.0796687 -0.283708 0.05 16658.5
0 3428 2 phononTS 0.0022872 0.0689351 -2.10112 -0.0412723 9057.7 0.00069486 1 -0.024159 -0.159984 0.05 28314
0 3448 2 phononTF 0.00107568 -3.4108 -4.62218 -0.0125474 15145.3 0.00034743 1 -0.0931733 -0.128624 0.05 91246.5
0 3464 5 phononTS 0.00172282 -1.86776 -2.21185 -0.0235892 5102.24 0.00069486 1 0.0866684 -0.24616 0.05 77385
0 3485 2 phononTF 0.00167703 -1.27857 -2.27338 -0.0129588 7.24951 0.00034743 1 -0.0794852 -0.19314 0.05 57726.9
0 3497 3 phononTF 0.00287571 0.018174 -0.485202 0.0245283 15344.8 0.00104229 1 0.0513344 -0.137785 0.05 25151.3
0 3497 6 phononTF 0.000439059 0.0513344 -0.137785 0.049999 25151.3 0.00034743 1 0.0454215 -0.194148 0.05 25210.1
0 3497 4 phononTS 0.000437234 0.0513344 -0.137785 0.049999 25151.3 0.00034743 1 0.0253155 -0.250841 0.05 25573.5
0 3513 3 phononTS 0.00331012 -1.28899 -2.13894 0.0255227 69.4088 0.00069486 1 -0.0396165 -0.160979 0.05 5753.06
0 3513 4 phononTS 0.00167217 -0.0396165 -0.160979 0.049999 5753.06 0.00034743 1 0.0390024 -0.173801 0.05 5824.55
0 3537 2 phononL 0.00227487 -1.92063 -2.79578 -0.0355149 4693.22 0.00034743 1 0.100762 -0.22123 0.05 22370.2
0 3571 3 phononTF 0.00289171 -1.53879 -3.91821 0.00794043 3163.64 0.00104229 1 0.112387 -0.22857 0.05 55127.5
0 3606 5 phononTF 0.000999897 -0.690681 0.363879 -0.0113433 14792.1 0.00069486 1 -0.0395685 -0.221148 0.05 15842
0 3606 4 phononTF 0.00187812 -0.690681 0.363879 -0.0113433 14792.1 0.00069486 1 -0.0642759 -0.139385 0.05 16137.9
0 3622 5 phononTS 0.00144608 0.224853 -1.56512 -0.00155579 1068.87 0.00034743 1 0.0394724 -0.271251 0.05 13761.4
0 3634 2 phononTF 0.00217504 -0.93178 -1.9451 0.0286043 7993.84 0.00034743 1 0.0490137 -0.256669 0.05 16497.1
0 3652 3 phononTF 0.00194381 -0.662459 -3.39697 0.00555111 2862.41 0.00034743 1 0.0976574 -0.152614 0.05 11521.1
0 3652 5 phononL 0.00137719 0.0976574 -0.152614 0.049999 11521.1 0.00069486 1 -0.0948492 -0.223815 0.05 19079.6
0 3654 5 phononTS 0.00271859 1.93829 -3.62619 0.0332464 57094.8 0.00104229 1 -0.069189 -0.153837 0.05 102921
0 3654 7 phononL 0.000833871 -0.069189 -0.153837 0.049999 102921 0.00034743 1 0.0341254 -0.18184 0.05 103154
0 3668 4 phononTF 0.00130648 -4.48056 0.171247 -0.029314 9489.74 0.00034743 1 0.0481087 -0.167496 0.05 46370.7
0 3681 4 phononTS 0.000939907 -1.20045 -4.22556 -0.00505123 3211.62 0.00034743 1 -0.0233946 -0.127394 0.05 17939.9
0 3706 3 phononTS 0.00207194 -0.928443 -2.3923 0.0198459 1088.71 0.00034743 1 0.0611298 -0.243638 0.05 3312.38
0 3734 3 phononTF 0.00207406 -1.61711 -1.42956 0.0401476 6161.44 0.00069486 1 -0.100294 -0.196476 0.05 18206.9
0 3742 2 phononTS 0.00149105 -0.875176 -2.12546 -0.0373936 21073.7 0.00034743 1 0.0438875 -0.270562 0.05 44310.6
0 3749 3 phononTS 0.00288496 -1.34939 -2.27899 -0.0129464 92.6069 0.00104229 1 0.0726191 -0.277854 0.05 4418.21
0 3751 3 phononTS 0.00228631 0.270484 -2.58161 -0.0185698 4853.04 0.00034743 1 -0.0721273 -0.270486 0.05 17179.1
0 3751 4 phononTS 0.0015052 -0.0721273 -0.270486 0.049999 17179.1 0.00034743 1 0.0568634 -0.271879 0.05 17285.1
0 3827 2 phononTF 0.00163949 -1.42937 -1.62916 -0.00617307 784.633 0.00034743 1 0.0633972 -0.214417 0.05 17095.2
0 3848 4 phononTS 0.000694045 -0.648314 -2.7964 -0.0356847 736.901 0.00034743 1 0.0333473 -0.172177 0.05 8393.27
0 3866 2 phononTS 0.00254201 -0.286807 -2.81853 -0.0266834 2560.5 0.00034743 1 -0.0708692 -0.114832 0.05 22265.9
0 3887 3 phononTF 0.00183698 -2.76865 -2.15456 -0.00243622 1673.75 0.00069486 1 -0.0369564 -0.200254 0.05 10729.3
0 3887 10 phononTS 0.000599795 -0.0369564 -0.200254 0.049999 10729.3 0.00034743 1 -0.0967753 -0.20212 0.05 10806.2
0 3929 2 phononTS 0.00152679 -2.18289 -2.7775 -0.0199482 2773.62 0.00069486 1 -0.101927 -0.19815 0.05 43041.8
0 3931 5 phononTS 0.00186331 -1.16018 -1.20541 0.025043 28332 0.00069486 1 -0.0198939 -0.164169 0.05 33185.6
0 3949 2 phononTF 0.00211724 -1.92867 -1.373 -0.0478526 3342.19 0.00034743 1 0.0519241 -0.0979955 0.05 45230.2
0 3949 7 phononTF 0.000451254 0.0519241 -0.0979955 0.049999 45230.2 0.00034743 1 0.0547216 -0.109823 0.05 45301.7
0 3949 4 phononTF 0.000564823 0.0519241 -0.0979955 0.049999 45230.2 0.00034743 1 -0.0927743 -0.182814 0.05 49080.7
0 3954 2 phononTF 0.00224134 0.55559 -3.93172 -0.0316392 3999.13 0.00104229 1 0.0571463 -0.105212 0.05 48594.4
0 3954 7 phononTS 0.000351587 0.0571463 -0.105212 0.049999 48594.4 0.00034743 1 0.0229972 -0.23594 0.05 48795.9
0 3988 4 phononTS 0.000931159 -4.16305 -0.790621 0.00701052 30585.3 0.00034743 1 0.0667052 -0.123148 0.05 55129.6
0 4008 1 phononTS 0.004 -1.25 -2.25 0 0 0.00069486 1 0.0506576 -0.207084 0.05 6840.74
0 4008 8 phononTF 0.000868312 0.0506576 -0.207084 0.049999 6840.74 0.00069486 1 0.06029 -0.270752 0.05 6967.79
0 4011 5 phononTS 0.00145216 2.02083 1.3646 -0.0453403 13778.7 0.00034743 1 -0.0883051 -0.158404 0.05 18253.5
0 4011 7 phononTF 0.00105916 -0.0883051 -0.158404 0.049999 18253.5 0.00069486 1 -0.0859942 -0.275997 0.05 18424.6
0 4031 3 phononTS 0.00115363 -1.88267 -2.68994 -0.0421883 12533.8 0.00034743 1 -0.0506474 -0.193794 0.05 90399.7
0 4037 5 phononTF 0.000909963 -4.73203 2.30578 -0.0428097 46603 0.00034743 1 0.104244 -0.257467 0.05 125129
0 4049 4 phononTF 0.00113447 -2.55019 -2.5076 0.0245349 32389.7 0.00034743 1 0.0199959 -0.186242 0.05 42537.1
0 4069 3 phononTS 0.00132156 -0.691196 -4.20768 -0.00173606 23114.9 0.00034743 1 -0.0898306 -0.173876 0.05 69091.6
0 4069 4 phononTF 0.000392042 -0.0898306 -0.173876 0.049999 69091.6 0.00034743 1 -0.0934147 -0.157231 0.05 69299.8
0 4079 3 phononTF 0.00192382 -1.87124 -1.79383 -0.0218521 3957.22 0.00034743 1 -0.0811904 -0.142713 0.05 18987.1
0 4094 4 phononTF 0.0014586 -2.73976 2.37888 0.00845125 19438.2 0.00034743 1 -0.02625 -0.156557 0.05 52475.8
0 4124 3 phononTF 0.00250911 -0.385447 -0.979993 0.0153976 6024.29 0.00104229 1 0.0762027 -0.178326 0.05 13517.6
0 4159 3 phononTS 0.00211903 0.789756 -2.46503 0.0446318 8895.14 0.00069486 1 0.103368 -0.136242 0.05 78941.7
0 4159 2 phononTS 0.00188097 0.789756 -2.46503 0.0446318 8895.14 0.00034743 1 0.0607234 -0.262817 0.05 12916.5
0 4166 3 phononL 0.0018139 0.109811 -0.722459 -0.028425 7054.11 0.00069486 1 0.104579 -0.176162 0.05 7674.24
0 4166 7 phononTS 0.000451525 0.104579 -0.176162 0.049999 7674.24 0.00034743 1 0.105063 -0.200141 0.05 10796.6
0 4176 3 phononTF 0.00176533 -1.5157 -2.57182 -0.0188565 2019.3 0.00034743 1 -0.083132 -0.125741 0.05 43446.3
0 4185 3 phononTS 0.0026631 -0.855576 -1.1295 0.0447241 1908.48 0.00069486 1 -0.108427 -0.243968 0.05 19826.8
0 4243 3 phononTS 0.00158845 -1.06162 -3.23928 -0.0295748 9750.55 0.00034743 1 0.0973269 -0.144926 0.05 12279
0 4272 3 phononL 0.000595614 -0.428986 0.0702815 0.049999 3407.66 0.00034743 1 -0.0364627 -0.275585 0.05 6399.93
0 4310 2 phononTS 0.00261285 -0.388085 -1.93127 -0.0294531 1314.42 0.00069486 1 -0.0707365 -0.156761 0.05 3847.77
0 4327 1 phononTF 0.004 -1.25 -2.25 0 0 0.00069486 1 -0.0294132 -0.120119 0.05 12591.2
0 4332 3 phononTF 0.00236068 -3.90156 -0.0752976 -0.0192722 8704.22 0.00104229 1 -0.0830717 -0.153835 0.05 21424
0 4344 2 phononTS 0.00243914 -0.490709 -3.30181 0.0475216 4269.29 0.00069486 1 -0.0948785 -0.177243 0.05 31776.2
0 4354 5 phononTF 0.000631369 -3.51486 4.16251 -0.0189072 101205 0.00034743 1 0.111994 -0.186332 0.05 241817
0 4382 4 phononTF 0.00117451 -1.78404 -4.04975 -0.0398569 14196.5 0.00034743 1 -0.028791 -0.261929 0.05 79577.4
0 4421 2 phononL 0.00282392 -0.835013 -0.79957 0.0381968 3585.61 0.00069486 1 -0.0337599 -0.296257 0.05 10854
0 4435 2 phononL 0.00162718 -1.28772 -2.13147 -0.0106283 1345.79 0.00034743 1 0.0208745 -0.200714 0.05 5720.62
0 4435 6 phononTF 0.001063 0.0208745 -0.200714 0.049998 5720.62 0.00034743 1 -0.0201366 -0.192484 0.05 6118.54
0 4435 14 phononTS 0.000516224 -0.0201366 -0.192484 0.049999 6118.54 0.00034743 1 -0.0187718 -0.208331 0.05 6177.3
0 4446 3 phononTF 0.00194492 -1.30544 -2.22588 0.0387976 13.409 0.00034743 1 -0.0460364 -0.302045 0.05 3502.56
0 4482 2 phononTF 0.00190228 -1.14601 -3.23312 -0.000724579 2799.87 0.00034743 1 -0.0423655 -0.163864 0.05 17589.4
0 4482 6 phononTS 0.00144298 -0.0423655 -0.163864 0.049999 17589.4 0.00034743 1 0.0182602 -0.219986 0.05 17928.2
0 4492 2 phononTS 0.00132528 -1.27776 -2.07259 -0.0333856 259.772 0.00034743 1 -0.0169295 -0.175469 0.05 6840.37
0 4526 3 phononL 0.00222807 -1.83756 -1.75663 -0.0259291 1385.67 0.00034743 1 -0.0696053 -0.171268 0.05 17820.4
0 4526 5 phononTF 0.00183818 -0.0696053 -0.171268 0.049999 17820.4 0.00034743 1 -0.1039 -0.250918 0.05 17952.4
0 4554 2 phononL 0.00274417 -0.298206 -0.722515 -0.0477498 3250.57 0.00104229 1 -0.0565095 -0.266353 0.05 3613.36
0 4559 5 phononTF 0.00202839 -0.509024 -2.5663 -0.0143344 7451.03 0.00104229 1 -0.0187207 -0.223306 0.05 13603.3
0 4560 3 phononL 0.00206593 -1.3087 -1.61412 0.0301496 4100.05 0.00034743 1 -0.0579961 -0.183237 0.05 27467.4
0 4582 2 phononL 0.00189957 -1.29881 -2.79776 0.0478575 6932 0.00034743 1 0.025961 -0.170278 0.05 10355.6
0 4601 3 phononL 0.0020539 -1.27427 -1.03238 0.0430984 3682.74 0.00104229 1 -0.0907402 -0.258099 0.05 5059.79
0 4630 2 phononTF 0.00217325 -1.14327 -3.32117 0.0228917 2346.75 0.00069486 1 -0.0710737 -0.17149 0.05 5775.06
0 4646 3 phononTS 0.00231544 -2.72911 -2.15411 0.0344183 4121.42 0.00034743 1 0.0508194 -0.214199 0.05 37367.3
0 4668 3 phononTS 0.00202904 -1.55207 -2.08119 -0.045379 550.459 0.00034743 1 0.0800563 -0.156151 0.05 17640.1
0 4696 3 phononTS 0.00243794 -2.56466 -2.26669 0.0140913 25327.3 0.00034743 1 0.0527265 -0.217867 0.05 46896
0 4737 2 phononTS 0.00150665 0.0889401 -3.1733 0.00508188 4948.3 0.00104229 1 -0.0404023 -0.248234 0.05 37726.6
0 4742 5 phononTS 0.00208421 0.885975 -0.491351 0.0331389 28682.3 0.00034743 1 -0.0400929 -0.298052 0.05 45458.1
0 4750 2 phononTS 0.00234218 -2.77284 -2.41898 -0.0176033 3658.52 0.00104229 1 0.0527761 -0.299132 0.05 12024.5
0 4751 4 phononTF 0.00132913 0.111617 -0.926229 0.0149466 18298.4 0.00034743 1 -0.0433978 -0.207024 0.05 47178.2
0 4758 3 phononTS 0.00229065 0.0260063 -1.8833 0.0401234 11505.4 0.00034743 1 0.0931534 -0.169584 0.05 13605.4
0 4762 3 phononTS 0.000990877 -1.17603 -2.1752 -0.041836 20.8325 0.00034743 1 0.0452144 -0.137638 0.05 2565.12
0 4762 4 phononTS 0.000528898 0.0452144 -0.137638 0.049999 2565.12 0.00034743 1 0.0995183 -0.218956 0.05 2653.72
0 4769 2 phononTS 0.00129612 -1.42381 -1.87231 0.0290946 2914.11 0.00034743 1 -0.030093 -0.273951 0.05 5700.5
0 4772 3 phononTS 0.00330769 -0.441309 -0.0821687 0.0354746 4425.78 0.00069486 1 -0.0503389 -0.225599 0.05 4605.2
0 4772 9 phononTS 0.000896161 -0.0503389 -0.225599 0.049999 4605.2 0.00034743 1 -0.0594073 -0.225175 0.05 4663.35
0 4777 1 phononTS 0.004 -1.25 -2.25 0 0 0.00138972 1 0.0033789 -0.198816 0.05 5333.6
0 4777 5 phononTF 0.000562971 0.0033789 -0.198816 0.049999 5333.6 0.00034743 1 -0.0640469 -0.134313 0.05 5403.07
0 4800 2 phononTS 0.00244434 -0.519848 -1.6692 0.0107789 1536.07 0.00034743 1 0.0578013 -0.233782 0.05 4996.35
0 4808 4 phononTS 0.000596396 -3.25334 -1.00462 0.046844 37018.6 0.00034743 1 0.0285509 -0.157213 0.05 156807
0 4818 3 phononL 0.0018472 -1.36786 -2.84471 0.0436512 773.641 0.00034743 1 -0.0930667 -0.166207 0.05 97898
0 4856 3 phononTS 0.00230889 -1.45531 -1.65671 0.0463809 12910.4 0.00034743 1 0.067818 -0.287291 0.05 25964.5
0 4866 5 phononL 0.00156786 2.21252 -4.67672 -0.0283303 29277.6 0.00069486 1 -0.0639343 -0.244313 0.05 72592.4
0 4885 1 phononTF 0.004 -1.25 -2.25 0 0 0.00104229 1 -0.0814231 -0.238818 0.05 6088.26
0 4888 2 phononTS 0.00236717 0.357887 -0.377831 0.027674 10103.1 0.00034743 1 -0.0257988 -0.155017 0.05 16305.7
0 4898 4 phononTS 0.001286 -0.869752 -1.18979 0.0165801 6038.48 0.00069486 1 0.0870303 -0.219747 0.05 15416.8
0 4929 3 phononTS 0.00210988 -2.28018 -4.77347 -0.00294262 6714.32 0.00069486 1 0.0265323 -0.243421 0.05 24871.1
0 4929 4 phononTS 0.00053441 0.0265323 -0.243421 0.049999 24871.1 0.00034743 1 0.10841 -0.18522 0.05 24953.1
0 4936 2 phononL 0.00159544 0.000149558 -3.84808 -0.0186824 8992.81 0.00034743 1 0.0228009 -0.158382 0.05 85042.1
0 4936 5 phononTS 0.000767382 0.0228009 -0.158382 0.049999 85042.1 0.00034743 1 0.0492343 -0.159551 0.05 85100.4
0 4958 3 phononTF 0.0021908 -1.03292 -2.32821 0.0172845 168.982 0.00034743 1 -0.0289318 -0.269192 0.05 22364.8
0 4958 4 phononTF 0.00167088 -0.0289318 -0.269192 0.049999 22364.8 0.00034743 1 0.0152454 -0.191255 0.05 22431.3
0 4960 5 phononTS 0.00263624 -1.94663 -3.9031 -0.0114505 4147.91 0.00034743 1 0.106124 -0.215982 0.05 29059.4
0 4968 1 phononTS 0.004 -1.25 -2.25 0 0 0.00138972 1 0.0455251 -0.135669 0.05 6631.75
