Run ID,Event ID,Track ID,Particle Name,Start Energy [eV],Start X [mm],Start Y [mm],Start Z [mm],Start Time [ns],Energy Deposited [eV],Track Weight,End X [mm],End Y [mm],End Z [mm],Final Time [ns],Volume Name
0 3 3 phononL 0.00275655 4.09596 -3.05773 -0.0149896 1401.15 0.00034743 1 0.0641373 -0.249138 0.05 24103.2
0 54 2 phononTF 0.00258608 3.66684 -2.48924 0.0381811 5545.01 0.00069486 1 0.0679027 -0.194842 0.05 25931.9
0 59 2 phononTF 0.000921907 4.77425 -3.53912 0.0449912 2892.74 0.00034743 1 0.0842436 -0.249721 0.05 5823.23
0 79 2 phononTS 0.00237363 4.12508 -3.35707 -0.0267556 3476.39 0.00104229 1 -0.0447941 -0.167562 0.05 44076.3
0 80 2 phononTS 0.00164982 3.99644 -4.21615 0.0100795 1594.8 0.00034743 1 -0.109062 -0.194588 0.05 95112.4
0 94 2 phononTF 0.00206509 3.34915 -1.98278 0.0269991 7197.45 0.00069486 1 -0.0616121 -0.107896 0.05 16455.3
0 99 2 phononTF 0.000700456 4.19169 -3.71686 -0.00844323 25.0182 0.00034743 1 0.0795809 -0.237431 0.05 49113.8
0 113 2 phononL 0.00229369 4.67151 -2.48219 0.0182776 13391.3 0.00034743 1 -0.0190098 -0.169257 0.05 56194.6
0 113 4 phononL 0.00163926 -0.0190098 -0.169257 0.049998 56194.6 0.00034743 1 -0.110778 -0.214323 0.05 57538.2
0 158 4 phononL 0.000806458 2.88195 -2.25476 -0.0342478 26709.5 0.00034743 1 -0.034726 -0.282016 0.05 54340
0 169 3 phononTS 0.00222548 2.86462 -4.07245 -0.00785859 3075.74 0.00034743 1 0.0779359 -0.189214 0.05 13297.3
0 173 2 phononTF 0.00169062 4.42899 -4.26414 -0.0452339 3420.05 0.00069486 1 -0.0273151 -0.293383 0.05 25696.7
0 201 5 phononL 0.00126985 1.11579 -2.4362 0.0123197 10174.1 0.00034743 1 -0.0161314 -0.201044 0.05 12376.9
0 236 5 phononTS 0.00122925 4.98734 -1.90149 -0.0427918 10882.6 0.00034743 1 -0.0544395 -0.101594 0.05 74668.1
0 297 2 phononL 0.00193795 3.68534 -4.58006 0.0162997 10674.1 0.00034743 1 0.0885263 -0.145508 0.05 69670.3
0 329 4 phononTF 0.000354135 1.64672 -4.4311 0.0271631 13772.3 0.00034743 1 0.0311089 -0.295396 0.05 33562.8
0 341 3 phononTF 0.00289759 4.52723 -4.6773 -0.0127719 7457.55 0.00034743 1 -0.0335226 -0.105653 0.05 41302.7
0 343 7 phononTF 0.000689239 0.632139 -2.02018 -0.0459736 28575.2 0.00034743 1 0.0275671 -0.230558 0.05 211220
0 357 2 phononTS 0.00116569 4.98231 -4.36396 -0.0416992 1094.21 0.00034743 1 0.0796085 -0.131266 0.05 18314.7
0 371 2 phononTS 0.00123457 4.9009 -3.25055 -0.00696724 1889.12 0.00034743 1 -0.0745885 -0.187046 0.05 27932.7
0 399 3 phononTS 0.00177723 4.51909 -2.00376 0.00244539 7253.88 0.00138972 1 0.0402241 -0.108764 0.05 48051.8
0 421 5 phononL 0.00120571 3.22892 -1.91813 -0.020684 5262.62 0.00034743 1 0.0972128 -0.160869 0.05 18319.5
0 441 2 phononTS 0.00177712 3.46598 -3.57738 0.0472629 2679.57 0.00034743 1 0.0524885 -0.161566 0.05 30982.4
0 456 2 phononTF 0.00303912 3.88867 0.10205 0.00508341 16658.3 0.00034743 1 -0.0397644 -0.216184 0.05 34676.7
0 456 5 phononTS 0.00138854 -0.0397644 -0.216184 0.049998 34676.7 0.00034743 1 -0.0305196 -0.225452 0.05 34739.3
0 456 13 phononTS 0.000972435 -0.0305196 -0.225452 0.049999 34739.3 0.00069486 1 -0.0215484 -0.21935 0.05 34800.2
0 458 3 phononL 0.00274242 4.27356 -3.49438 -0.0165697 820.636 0.00034743 1 -0.0451168 -0.151864 0.05 32393.5
0 460 4 phononTS 0.00161398 -2.50003 4.68513 -0.00785677 82488.6 0.00069486 1 -0.0795391 -0.207819 0.05 93987.1
0 504 3 phononTS 0.00215401 4.53195 -3.04501 -0.0197543 598.451 0.00034743 1 -0.0567824 -0.18861 0.05 38421.6
0 530 3 phononTS 0.00307996 4.25494 -3.61284 0.0418431 38.648 0.00069486 1 0.0730517 -0.231698 0.05 15927.3
0 530 4 phononTS 0.000596029 0.0730517 -0.231698 0.049998 15927.3 0.00034743 1 0.0855815 -0.244213 0.05 15985
0 532 3 phononL 0.00232994 4.28623 -3.69856 -0.0348113 689.236 0.00069486 1 -0.059118 -0.192452 0.05 31848.5
0 536 2 phononTF 0.00137955 4.56186 -4.21402 0.0272447 3496.67 0.00034743 1 0.104127 -0.19953 0.05 22602.9
0 542 2 phononTS 0.00144371 3.83509 -4.91237 0.0338703 11026.6 0.00069486 1 -0.0886789 -0.151725 0.05 30740.2
0 554 2 phononTF 0.00179337 4.29519 -3.80562 -0.0485147 17.8019 0.00034743 1 0.0273593 -0.252889 0.05 9170.86
0 565 5 phononTS 0.00138303 1.22723 2.0175 -0.0465891 29751 0.00069486 1 0.0297295 -0.198973 0.05 57084.8
0 645 2 phononL 0.00249063 4.17383 -4.7502 -0.00407423 6786.94 0.00069486 1 -0.0620132 -0.248632 0.05 62822.9
0 655 3 phononTS 0.00136848 4.44374 -3.89991 0.00233589 3707.5 0.00069486 1 -0.0860167 -0.171062 0.05 79506.7
0 705 2 phononL 0.00108036 4.11502 -3.18225 -0.0367778 1736.91 0.00034743 1 0.0953711 -0.171138 0.05 48646.2
0 714 3 phononTF 0.00207651 4.75374 -3.34305 -0.00280353 10970.3 0.00034743 1 -0.0690642 -0.13702 0.05 49032.9
0 714 5 phononTS 0.000842269 -0.0690642 -0.13702 0.049998 49032.9 0.00034743 1 -0.0380342 -0.195911 0.05 49179.2
0 716 3 phononL 0.00268112 4.40566 -4.88385 -0.0434392 10599.4 0.00104229 1 0.030962 -0.307172 0.05 38916.2
0 716 8 phononTS 0.000521317 0.030962 -0.307172 0.049999 38916.2 0.00034743 1 0.0312058 -0.184625 0.05 39002.3
0 720 4 phononTF 0.000769631 -2.49291 1.10177 0.00431362 30670.8 0.00034743 1 0.0575214 -0.176295 0.05 52580.5
0 737 3 phononL 0.00221387 3.79588 -3.81963 0.0326843 16458.6 0.00034743 1 0.0446995 -0.234883 0.05 43887.4
0 759 3 phononTS 0.00243824 3.62781 -3.70209 -0.0173304 18995.7 0.00034743 1 0.0207944 -0.259762 0.05 55194.9
0 789 2 phononTS 0.00151106 4.08957 -4.73544 0.00515827 5732.48 0.00069486 1 0.0506901 -0.189104 0.05 21187.7
0 839 5 phononTS 0.00131362 4.05685 -0.954826 0.014594 13299.7 0.00034743 1 0.112414 -0.201158 0.05 67668.3
0 855 4 phononTS 0.00100428 4.33677 -1.80874 -0.040756 3194.29 0.00034743 1 0.0201769 -0.141585 0.05 24135.8
0 917 2 phononTS 0.00216826 4.52328 -3.16257 0.0369842 577.957 0.00069486 1 -0.0868161 -0.184655 0.05 20117
0 962 2 phononTS 0.0013749 4.48629 -4.18844 0.0332001 2657.86 0.00034743 1 0.0696949 -0.239314 0.05 14250.8
0 978 2 phononL 0.00122526 4.35503 -2.93734 -0.0335616 1965.68 0.00034743 1 -0.0700427 -0.184961 0.05 62321.5
0 1023 7 phononTF 0.000788953 -2.97477 -0.71426 0.0353323 25684.8 0.00034743 1 -0.0446844 -0.107078 0.05 77663.8
0 1033 2 phononTS 0.00113746 3.48161 -3.76695 0.001979 1158.99 0.00034743 1 -0.054983 -0.205166 0.05 10583.6
0 1040 3 phononTS 0.00183542 4.23027 -3.67791 -0.00535042 260.606 0.00034743 1 0.0416823 -0.243097 0.05 42982.2
0 1075 3 phononTS 0.00154783 4.95832 -3.65328 -0.0189435 2671.13 0.00069486 1 0.0979557 -0.247644 0.05 115714
0 1110 5 phononTF 0.00123936 4.90322 0.308176 0.00815938 30010.9 0.00069486 1 -0.0674554 -0.127643 0.05 93384
0 1110 4 phononTS 0.00177397 4.90322 0.308176 0.00815938 30010.9 0.00069486 1 0.0997372 -0.198287 0.05 153817
0 1152 2 phononL 0.00126884 4.83541 -3.50032 -0.0169576 1259.03 0.00069486 1 -0.0591455 -0.147684 0.05 15924.1
0 1161 3 phononTS 0.00219127 4.3867 -4.14579 -0.0129261 11276.6 0.00034743 1 0.0772367 -0.218793 0.05 31497.3
0 1161 4 phononTS 0.000376048 0.0772367 -0.218793 0.049999 31497.3 0.00034743 1 0.10197 -0.228462 0.05 31558.2
0 1170 4 phononTF 0.00125747 2.53308 -3.14811 -0.0344962 6222.86 0.00034743 1 0.10661 -0.226501 0.05 13486.5
0 1170 6 phononTF 0.000616522 0.10661 -0.226501 0.049999 13486.5 0.00034743 1 0.11031 -0.232535 0.05 13544.2
0 1181 2 phononTS 0.00110665 4.26583 -3.14014 -0.0211238 1660.51 0.00069486 1 -0.0821943 -0.268279 0.05 14643.9
0 1185 2 phononTS 0.00229947 4.44572 -3.80598 -0.00176675 70.5909 0.00104229 1 0.0604822 -0.223976 0.05 10820.6
0 1210 4 phononTS 0.00112236 3.69507 -0.272438 0.0102014 19062 0.00069486 1 0.0320932 -0.165006 0.05 27500.2
0 1224 4 phononTS 0.00167223 2.55233 -3.96119 -0.0475102 18214.5 0.00034743 1 0.104457 -0.201039 0.05 52525.1
0 1239 2 phononTS 0.00138912 3.69178 -3.37309 0.0389566 1839.27 0.00069486 1 -0.0774958 -0.259966 0.05 23930.2
0 1254 3 phononTF 0.00221796 2.86952 -3.30383 0.037413 6960.12 0.00069486 1 -0.0409037 -0.210405 0.05 20999.6
0 1289 5 phononTF 0.00167279 3.55071 -0.0102761 0.00497139 77174.8 0.00034743 1 0.0630555 -0.249762 0.05 103386
0 1289 8 phononTS 0.000752314 0.0630555 -0.249762 0.049999 103386 0.00034743 1 -0.0232458 -0.203328 0.05 103463
0 1296 2 phononTS 0.00207797 4.94415 -3.49371 -0.0130612 2662.54 0.00034743 1 -0.0986261 -0.224695 0.05 41140.6
0 1296 4 phononTF 0.000529849 -0.0986261 -0.224695 0.049999 41140.6 0.00034743 1 0.0620735 -0.231748 0.05 41217.9
0 1345 3 phononTS 0.00190097 3.62617 -4.26197 -0.0201485 7423.61 0.00034743 1 -0.0344189 -0.162472 0.05 37200.1
0 1345 5 phononTF 0.000958507 -0.0344189 -0.162472 0.049999 37200.1 0.00034743 1 0.0553143 -0.194988 0.05 37735.7
0 1400 2 phononTS 0.00184831 4.31033 -4.23445 0.0146444 2342.44 0.00034743 1 0.0314111 -0.114686 0.05 22816.3
0 1419 3 phononTF 0.00185163 4.0923 -3.9122 -0.0196557 704.894 0.00034743 1 -0.0347323 -0.275164 0.05 67543
0 1435 3 phononL 0.00162637 3.86948 -3.14824 0.0250875 3651.15 0.00069486 1 0.0282579 -0.280673 0.05 9637.44
0 1438 2 phononL 0.00113969 4.77237 -4.87249 0.00106101 10522 0.00069486 1 -0.0871907 -0.141082 0.05 110262
0 1445 2 phononTF 0.00181731 3.92845 -3.72564 0.00885671 249.134 0.00034743 1 -0.0796038 -0.253663 0.05 24444.6
0 1454 3 phononTS 0.00170127 4.11017 -3.19456 -0.0258157 949.619 0.00034743 1 0.0454249 -0.0983518 0.05 7619.33
0 1493 2 phononTS 0.0018135 4.44789 -4.56678 -0.0250973 9854.74 0.00104229 1 0.0244755 -0.275949 0.05 22835.2
0 1521 2 phononL 0.00246089 3.58318 -4.11977 -0.0390224 2668.98 0.00034743 1 -0.0419177 -0.211152 0.05 39664.1
0 1521 5 phononTF 0.00118172 -0.0419177 -0.211152 0.049999 39664.1 0.00034743 1 -0.0724566 -0.237767 0.05 39799.4
0 1524 2 phononTF 0.00187516 4.20891 -4.00025 0.0219554 138.403 0.00069486 1 0.0516216 -0.293473 0.05 38360.7
0 1702 2 phononTF 0.00297547 2.95703 -4.74634 -0.00927348 10804.3 0.00069486 1 0.0973369 -0.216022 0.05 25840.8
0 1708 3 phononL 0.00227814 4.47317 -3.00351 -0.0274094 1432.37 0.00034743 1 0.0720689 -0.116206 0.05 8156.33
0 1708 2 phononL 0.00172186 4.47317 -3.00351 -0.0274094 1432.37 0.00069486 1 -0.0979179 -0.252435 0.05 17899.6
0 1752 2 phononTS 0.00202794 4.22823 -3.72307 -0.0191123 7.24399 0.00034743 1 -0.0895874 -0.174894 0.05 32368.8
0 1764 3 phononTF 0.00227726 4.25231 -3.6834 0.0220007 2290.84 0.00034743 1 0.0596073 -0.197515 0.05 14388.6
0 1764 7 phononTS 0.000687685 0.0596073 -0.197515 0.049998 14388.6 0.00034743 1 0.0307084 -0.149177 0.05 14457.3
0 1769 2 phononTS 0.00206934 4.016 -4.10579 -0.0141794 3958.81 0.00034743 1 0.0240946 -0.178503 0.05 38241.4
0 1800 5 phononL 0.00167377 1.48329 -3.4875 0.0234003 55995.1 0.00069486 1 -0.0422407 -0.120718 0.05 95847.4
0 1837 5 phononTF 0.00131926 -0.734046 1.10874 -0.0265699 22607.6 0.00034743 1 0.0822798 -0.127713 0.05 24803.8
0 1852 2 phononTS 0.00190611 4.2737 -4.73358 -0.0278005 3508.58 0.00034743 1 0.0915322 -0.273026 0.05 14142.1
0 1926 3 phononTF 0.00187692 4.7137 -3.85642 0.0260087 2578.45 0.00034743 1 -0.0612985 -0.192289 0.05 4919.59
0 1963 5 phononTS 0.000957048 0.0288984 4.22141 -0.000297784 38039.6 0.00034743 1 0.0242634 -0.200564 0.05 44525.2
0 1963 6 phononTF 0.000375164 0.0242634 -0.200564 0.049999 44525.2 0.00034743 1 -0.0404092 -0.147233 0.05 44591.2
0 1972 3 phononTF 0.00201324 3.94118 -4.04503 -0.0132491 17250.7 0.00069486 1 -0.0294376 -0.157391 0.05 65353
0 1984 3 phononL 0.00270751 2.897 -3.68136 0.0153844 3951.99 0.00069486 1 -0.0478199 -0.162746 0.05 33379.4
0 1984 5 phononTS 0.00121577 -0.0478199 -0.162746 0.049999 33379.4 0.00034743 1 0.0690105 -0.136784 0.05 34569.5
0 2024 2 phononTS 0.00163172 4.45451 -3.48523 0.0385478 4026.53 0.00034743 1 0.0656993 -0.235103 0.05 13088.8
0 2032 3 phononTS 0.00218754 2.79315 -4.41523 -0.0365948 8177.6 0.00104229 1 -0.0265994 -0.142254 0.05 39580
0 2074 2 phononTF 0.000938461 4.21913 -4.37745 0.0479729 1452.69 0.00034743 1 0.0221484 -0.137274 0.05 13415.4
0 2092 3 phononL 0.00178188 4.19953 -3.16193 0.000359987 23324.3 0.00069486 1 0.0641683 -0.112676 0.05 32040.8
0 2092 7 phononL 0.000660329 0.0641683 -0.112676 0.049999 32040.8 0.00034743 1 -0.0279585 -0.219475 0.05 32245.5
0 2095 3 phononTF 0.00307053 3.90112 -3.45401 0.0170412 2499.36 0.00208458 1 -0.104745 -0.225627 0.05 27640.1
0 2099 2 phononTS 0.00214048 4.56286 -3.99549 -0.0412575 11181.1 0.00034743 1 -0.0799909 -0.174511 0.05 46835.1
0 2099 4 phononTS 0.00169946 -0.0799909 -0.174511 0.049999 46835.1 0.00034743 1 0.108515 -0.24616 0.05 47489.1
0 2165 3 phononTF 0.00254344 4.7185 -4.12119 -0.0377547 5307.14 0.00034743 1 0.0376046 -0.290596 0.05 32288.4
0 2169 3 phononTF 0.00194819 3.94039 -3.44793 -0.0494784 11156.7 0.00034743 1 -0.101913 -0.154199 0.05 17434.8
0 2172 4 phononTF 0.000945054 4.95582 -4.76957 0.031381 7599.13 0.00034743 1 -0.0953369 -0.212197 0.05 50362
0 2277 2 phononL 0.00193747 4.35547 -3.74784 0.0187007 2159.71 0.00069486 1 -0.0638406 -0.135049 0.05 32756.7
0 2295 4 phononL 0.00160419 4.75121 -2.94195 0.0466045 3449.68 0.00069486 1 -0.0758732 -0.275329 0.05 117273
0 2317 3 phononTS 0.00247624 4.21022 -3.70856 -0.0272724 385.615 0.00034743 1 -0.0622313 -0.135116 0.05 35699.7
0 2327 2 phononL 0.00149939 3.41653 -4.06206 -0.0302565 13018.4 0.00069486 1 0.0256158 -0.221032 0.05 24564.2
0 2379 3 phononTS 0.00212208 2.10396 -2.24713 0.0144395 11762.4 0.00034743 1 0.0422936 -0.246664 0.05 66365.2
0 2408 5 phononL 0.00138217 0.605793 0.343224 -0.0204119 39889.2 0.00069486 1 0.0550399 -0.295581 0.05 41287.2
0 2443 5 phononL 0.00176274 3.04304 2.2525 0.0011041 60048.8 0.00034743 1 0.0620115 -0.170985 0.05 181468
0 2443 7 phononTS 0.00112354 0.0620115 -0.170985 0.049998 181468 0.00034743 1 0.0589254 -0.172744 0.05 181530
0 2446 3 phononL 0.00144213 3.63324 -2.41392 0.0191618 2288.66 0.00069486 1 0.115697 -0.172605 0.05 29447.8
0 2473 3 phononTS 0.00201194 4.22759 -3.7857 -0.0281642 9.32042 0.00034743 1 -0.0363163 -0.29993 0.05 25069.6
0 2477 2 phononL 0.00163412 3.5334 -4.75222 0.0298702 36033 0.00034743 1 0.0715949 -0.191513 0.05 64874.9
0 2508 3 phononTF 0.00271978 4.99981 -2.405 0.037608 11066.4 0.00069486 1 0.116995 -0.215836 0.05 38511.7
0 2521 3 phononTF 0.00160207 4.26641 -3.72634 -0.0370987 8.80363 0.00034743 1 0.0725389 -0.225554 0.05 26219.5
0 2562 4 phononL 0.00106208 0.791604 -3.97422 0.0379348 16503.3 0.00034743 1 0.00864801 -0.197919 0.05 53550.2
0 2565 2 phononL 0.00171734 4.31667 -3.72027 0.0322577 52.1411 0.00034743 1 -0.0319415 -0.238428 0.05 36249.1
0 2586 2 phononTS 0.00220302 4.20674 -2.6376 0.0486149 2129.44 0.00069486 1 -0.0886221 -0.124348 0.05 27460.1
0 2599 2 phononL 0.00191975 4.74129 -1.81936 0.0291173 14064.2 0.00069486 1 0.0635206 -0.212854 0.05 50331.8
0 2599 4 phononTS 0.000571519 0.0635206 -0.212854 0.049999 50331.8 0.00034743 1 0.0303901 -0.251536 0.05 65079.1
0 2618 5 phononTS 0.00127747 4.71634 -2.83749 0.0441478 17215 0.00034743 1 0.0978314 -0.133496 0.05 33758.4
0 2624 3 phononTS 0.0010817 4.73887 -3.65945 0.0300188 8162.21 0.00069486 1 -0.103329 -0.244533 0.05 21767.7
0 2684 2 phononTF 0.00231142 3.26424 -2.46973 0.02368 3005.4 0.00138972 1 -0.0609088 -0.115317 0.05 21367.9
0 2701 4 phononTS 0.000804864 2.3773 -2.83952 0.0310582 9811.57 0.00034743 1 -0.0993433 -0.215926 0.05 22290.1
0 2704 2 phononTF 0.00220102 3.44823 -3.72887 -0.0475871 10095.8 0.00069486 1 -0.0669207 -0.128612 0.05 76114.3
0 2710 2 phononTS 0.00204837 2.52569 -4.08117 -0.0390674 11942.5 0.00069486 1 -0.0800192 -0.284308 0.05 32886.3
0 2710 4 phononTF 0.000828706 -0.0800192 -0.284308 0.049998 32886.3 0.00034743 1 -0.0879986 -0.130907 0.05 32960.1
0 2712 3 phononTS 0.00240572 3.89207 -3.37148 -0.0200546 1228.93 0.00034743 1 -0.089684 -0.18779 0.05 49744.1
0 2757 5 phononTS 0.00168592 2.09549 -3.21689 0.00343168 20392.1 0.00034743 1 -0.024328 -0.183587 0.05 33719.6
0 2782 4 phononTS 0.00132774 2.73394 -1.83049 -0.0475774 6397.35 0.00069486 1 -0.0357629 -0.269518 0.05 77282.4
0 2880 2 phononL 0.00128178 2.25479 -4.56796 -0.0454968 3861.79 0.00034743 1 -0.0698812 -0.266664 0.05 64986.2
0 2880 8 phononL 0.000464945 -0.0698812 -0.266664 0.049998 64986.2 0.00034743 1 0.116973 -0.185937 0.05 65217.6
0 2907 3 phononTF 0.00182719 4.96749 -4.19455 -0.0375093 3739.8 0.00069486 1 0.063711 -0.180799 0.05 33690.7
0 2907 2 phononTF 0.00217281 4.96749 -4.19455 -0.0375093 3739.8 0.00034743 1 0.0557217 -0.100714 0.05 94468.3
0 2921 3 phononTF 0.00218612 4.88754 -2.77776 0.0103259 16450.7 0.00104229 1 -0.0312288 -0.258557 0.05 22627.6
0 2921 14 phononTF 0.000351355 -0.0312288 -0.258557 0.049999 22627.6 0.00034743 1 -0.0371353 -0.154424 0.05 23373.8
0 2937 3 phononTS 0.0019392 4.06438 -1.74996 -0.0466645 5011.56 0.00069486 1 -0.0295458 -0.178137 0.05 39117.3
0 2938 3 phononTF 0.00135833 4.47585 -2.07337 -0.0207162 3630.52 0.00034743 1 -0.0674343 -0.177247 0.05 23773.3
0 2949 3 phononL 0.00208429 3.80412 -2.07573 -0.00984026 1182.79 0.00069486 1 0.0467705 -0.293794 0.05 107110
0 2949 10 phononTS 0.00101878 0.0467705 -0.293794 0.049999 107110 0.00034743 1 0.0421192 -0.194547 0.05 107317
0 2960 2 phononL 0.00146333 2.20414 -3.8907 -0.0254314 15921.6 0.00034743 1 -0.0948368 -0.173862 0.05 108806
0 2960 7 phononTS 0.000630909 -0.0948368 -0.173862 0.049999 108806 0.00034743 1 -0.0449101 -0.112062 0.05 109053
0 2996 2 phononTF 0.0015998 2.87524 -3.03974 0.0418193 11519.8 0.00034743 1 0.110935 -0.168167 0.05 102199
0 2996 4 phononTS 0.000936954 0.110935 -0.168167 0.049999 102199 0.00034743 1 0.0999847 -0.157122 0.05 102258
0 3010 2 phononTF 0.00156718 3.97831 -3.55499 0.0190349 4350.22 0.00034743 1 0.0401633 -0.230133 0.05 11272.8
0 3010 7 phononL 0.000589244 0.0401633 -0.230133 0.049999 11272.8 0.00034743 1 -0.0456284 -0.176965 0.05 12375.9
0 3055 7 phononTF 0.000616785 1.36678 4.0837 -0.00332956 76711.8 0.00034743 1 0.0250648 -0.118175 0.05 81164.6
0 3087 3 phononTS 0.000791827 4.43781 -3.44782 0.047641 10562.8 0.00034743 1 -0.0675509 -0.221598 0.05 28294
0 3090 2 phononL 0.00119435 4.42253 -4.73824 0.0152634 3620.44 0.00034743 1 0.0497033 -0.114029 0.05 8789.01
0 3117 4 phononTS 0.00155569 3.66525 -2.96115 -0.0110117 4198.43 0.00034743 1 0.0132424 -0.215169 0.05 9030.55
0 3118 3 phononTS 0.00284471 4.86833 -3.20737 0.0498917 3104.78 0.00034743 1 0.0579407 -0.204242 0.05 23005.7
0 3118 4 phononTF 0.000353221 0.0579407 -0.204242 0.049999 23005.7 0.00034743 1 0.0406862 -0.113226 0.05 23069
0 3129 2 phononTF 0.00216328 3.81289 -3.1965 0.0364877 498.408 0.00069486 1 0.0256959 -0.186816 0.05 12885.3
0 3129 5 phononTF 0.000801025 0.0256959 -0.186816 0.049998 12885.3 0.00034743 1 0.107309 -0.22208 0.05 12949.8
0 3172 3 phononL 0.00214126 4.21476 -3.42414 -0.0392204 906.557 0.00034743 1 0.116588 -0.212874 0.05 18293.4
0 3172 6 phononTF 0.00126937 0.116588 -0.212874 0.049999 18293.4 0.00069486 1 0.104901 -0.21229 0.05 18352.2
0 3187 2 phononL 0.00169954 4.03021 -4.3479 -0.032471 3847.82 0.00034743 1 -0.102123 -0.192899 0.05 17729.8
0 3187 5 phononTF 0.000738856 -0.102123 -0.192899 0.049999 17729.8 0.00034743 1 -0.0604087 -0.14144 0.05 18164
0 3187 4 phononTS 0.000559001 -0.102123 -0.192899 0.049999 17729.8 0.00034743 1 -0.0470423 -0.138176 0.05 17800.2
0 3304 6 phononTF 0.000983222 3.53479 -2.49273 -0.0275163 7874.05 0.00034743 1 -0.0593767 -0.222787 0.05 40765.1
0 3312 5 phononTF 0.000672321 3.22407 -4.15845 -0.0420191 10357.1 0.00034743 1 -0.0989084 -0.20912 0.05 21794.7
0 3337 2 phononTF 0.00134274 4.77233 -3.5441 -0.0123249 2800.67 0.00069486 1 0.087624 -0.232924 0.05 10204.5
0 3337 4 phononTS 0.000461877 0.087624 -0.232924 0.049998 10204.5 0.00034743 1 0.0690481 -0.118907 0.05 16376.2
0 3347 3 phononTF 0.00235844 4.13918 -1.08913 0.0372333 5006.37 0.00034743 1 -0.0404857 -0.282782 0.05 41514.3
0 3446 7 phononTF 0.00124244 1.42035 -0.676735 -0.0145368 57310.1 0.00034743 1 0.108683 -0.242573 0.05 68488.3
0 3454 2 phononTS 0.0013562 2.7214 -3.56281 0.0393049 5162.5 0.00069486 1 0.060844 -0.113263 0.05 39154
0 3462 5 phononTS 0.000836747 2.62279 -1.97901 -0.0495567 6199.89 0.00034743 1 -0.0941406 -0.18819 0.05 134232
0 3512 3 phononL 0.00216116 3.39788 -3.62494 -0.00926877 1822.65 0.00069486 1 0.0740804 -0.208066 0.05 40080.2
0 3520 2 phononTS 0.00232605 4.89878 -3.47453 -0.0327566 5541.95 0.00104229 1 0.061832 -0.21079 0.05 35056.9
0 3522 2 phononTF 0.00119989 4.25968 -4.0284 0.0256794 1704.35 0.00069486 1 0.022837 -0.150791 0.05 6850.94
0 3524 3 phononL 0.00186079 0.93909 -3.8308 0.0489133 42189.1 0.00104229 1 0.0971433 -0.171636 0.05 62930.8
0 3528 3 phononTF 0.00184861 3.50141 -3.30923 0.0299588 1747.47 0.00104229 1 0.0695744 -0.138869 0.05 93741.4
0 3528 6 phononL 0.000381585 0.0695744 -0.138869 0.049999 93741.4 0.00034743 1 0.0680398 -0.29192 0.05 93972.8
0 3549 2 phononTF 0.00267059 3.41218 -3.50493 0.00712206 9011.72 0.00069486 1 0.0969541 -0.257797 0.05 37549.6
0 3592 3 phononTS 0.00127825 3.25799 -4.75911 0.0424574 28225.4 0.00034743 1 0.0605478 -0.196217 0.05 68805.4
0 3618 3 phononTS 0.00212052 4.60299 -3.92028 -0.0169164 1258 0.00069486 1 -0.118346 -0.185618 0.05 53324.5
0 3621 4 phononTS 0.00115824 0.863209 -0.446075 -0.0258728 41696.6 0.00069486 1 -0.0354278 -0.305348 0.05 103554
0 3632 3 phononTS 0.00192842 3.04249 -4.18189 -0.0166099 2878.7 0.00104229 1 0.0618188 -0.266325 0.05 57944.9
0 3640 5 phononL 0.00124156 2.12781 -0.104545 -0.00782869 19202.7 0.00034743 1 0.0598459 -0.172354 0.05 39323.9
0 3640 9 phononTS 0.000464311 0.0598459 -0.172354 0.049999 39323.9 0.00034743 1 0.0785909 -0.147954 0.05 39387.1
0 3647 2 phononTF 0.00116508 4.5836 -4.49794 -0.0101321 4912.2 0.00034743 1 -0.0774958 -0.2282 0.05 24083.1
0 3731 3 phononTF 0.000819564 4.35651 -4.58173 -0.0375187 3887.95 0.00034743 1 0.0237725 -0.166421 0.05 62520.6
0 3733 2 phononTS 0.0013513 4.25445 -3.75276 0.00574794 47.2091 0.00034743 1 -0.028387 -0.263315 0.05 14160.2
0 3763 7 phononTS 0.000786733 -1.02128 1.76157 0.039621 113615 0.00034743 1 -0.0353835 -0.169235 0.05 196254
0 3798 2 phononTS 0.000814762 3.22662 -2.76062 0.0287391 5344.94 0.00034743 1 0.0254789 -0.258514 0.05 32974.6
0 3804 2 phononL 0.0015682 4.21247 -3.51008 0.028869 858.563 0.00069486 1 -0.0551807 -0.153546 0.05 34679.5
0 3840 3 phononTS 0.00199583 4.57254 -3.43312 -0.035732 2626.23 0.00069486 1 0.0877114 -0.272091 0.05 27570.1
0 3855 2 phononTS 0.00193748 4.29482 -3.31951 -0.0154433 1558.81 0.00069486 1 -0.0317343 -0.118986 0.05 9318.81
0 3877 4 phononTS 0.00126564 1.79117 -4.30995 0.0266948 11154.6 0.00069486 1 -0.0569077 -0.124782 0.05 77771.8
0 3903 2 phononTS 0.00174109 3.67071 -3.32119 0.00617616 1458.13 0.00034743 1 -0.0754429 -0.162558 0.05 16807.6
0 3930 4 phononTS 0.00119512 -0.396818 -2.58796 0.0185694 10571.9 0.00069486 1 0.0755054 -0.128999 0.05 111835
0 3935 6 phononTS 0.00105248 -3.01866 -0.226389 -0.0322976 72053.9 0.00069486 1 -0.0621239 -0.13755 0.05 142994
0 3945 2 phononTF 0.00186658 4.19679 -3.7307 -0.0270241 12045 0.00069486 1 -0.01413 -0.186782 0.05 17372.6
0 3947 4 phononTS 0.0011598 2.58449 -0.063315 -0.0296118 5532.41 0.00034743 1 0.0804735 -0.271635 0.05 13912.4
0 4024 2 phononTS 0.00159595 4.62825 -4.97608 0.0110236 18203.4 0.00069486 1 0.0819256 -0.139834 0.05 81723.1
0 4035 3 phononTS 0.0016251 3.70393 -3.49613 -0.0380811 620.54 0.00034743 1 -0.0582455 -0.210351 0.05 8778.84
0 4035 4 phononTF 0.000906933 -0.0582455 -0.210351 0.049999 8778.84 0.00034743 1 -0.0906597 -0.25451 0.05 9030.39
0 4053 3 phononTS 0.00270717 3.67321 -3.9091 0.0294117 893.398 0.00034743 1 0.0337013 -0.235244 0.05 38160.3
0 4053 4 phononTS 0.0010636 0.0337013 -0.235244 0.049999 38160.3 0.00034743 1 -0.0485603 -0.19354 0.05 38235.7
0 4056 2 phononTS 0.00237832 4.39914 -3.89925 -0.0340923 794.49 0.00034743 1 0.0738118 -0.120152 0.05 14765.6
0 4071 3 phononTS 0.00117246 4.28108 -3.58634 0.0486895 1890.84 0.00034743 1 0.0228301 -0.236215 0.05 7666.48
0 4114 2 phononTS 0.00263307 4.43461 -4.25604 -0.0197683 4777.64 0.00069486 1 -0.0724036 -0.187792 0.05 27139.3
0 4181 3 phononTS 0.00240559 4.59575 -3.63595 0.00674259 1498.71 0.00034743 1 -0.101825 -0.143337 0.05 22124.1
0 4202 4 phononTF 0.00100086 -4.84388 -3.63503 0.0366017 38493.2 0.00069486 1 -0.0756293 -0.28135 0.05 104295
0 4320 3 phononL 0.00270295 4.1952 -4.31044 -0.0195433 4919.62 0.00138972 1 -0.0519836 -0.223428 0.05 26129.7
0 4365 2 phononTS 0.00182832 4.54456 -4.17981 -0.0383351 3944.71 0.00034743 1 0.0760553 -0.251616 0.05 28729.2
0 4365 4 phononTS 0.000359812 0.0760553 -0.251616 0.049998 28729.2 0.00034743 1 0.0259801 -0.26489 0.05 29079.9
0 4379 2 phononTS 0.00117193 4.97656 -3.02555 -0.0065371 2882.59 0.00034743 1 -0.0574065 -0.294295 0.05 13883.3
0 4426 2 phononL 0.00174611 4.22782 -3.77481 -0.0202589 7.10508 0.00069486 1 -0.0795044 -0.157334 0.05 15932.3
0 4445 2 phononL 0.00265604 3.36289 -4.40199 0.0224671 3810.76 0.00034743 1 -0.0190214 -0.205202 0.05 31313.1
0 4445 8 phononTF 0.00103072 -0.0190214 -0.205202 0.049999 31313.1 0.00034743 1 0.0317208 -0.209936 0.05 31379.1
0 4445 4 phononTS 0.000353799 -0.0190214 -0.205202 0.049999 31313.1 0.00034743 1 0.0354726 -0.177829 0.05 31594.6
0 4492 2 phononL 0.00087046 4.42797 -2.98669 -0.047798 1398.93 0.00034743 1 0.0454207 -0.281114 0.05 18955.4
0 4504 5 phononTS 0.000756915 4.26179 2.71442 -0.00807919 22733.9 0.00034743 1 0.0307337 -0.123612 0.05 28741.7
0 4504 6 phononL 0.000360287 0.0307337 -0.123612 0.049999 28741.7 0.00034743 1 -0.0365967 -0.228455 0.05 28788
0 4531 3 phononTF 0.00247633 4.02884 -3.731 0.0252946 5958.86 0.00069486 1 -0.115671 -0.226495 0.05 31967.9
0 4543 3 phononTS 0.00247725 4.17567 -4.88861 0.0162992 13844.1 0.00104229 1 0.0287615 -0.289617 0.05 20098.4
0 4551 2 phononTF 0.00189917 3.57591 -2.64482 0.0241842 11413.1 0.00034743 1 0.0934576 -0.266748 0.05 41593.1
0 4551 5 phononTF 0.000941698 0.0934576 -0.266748 0.049999 41593.1 0.00034743 1 0.114627 -0.17126 0.05 42157.2
0 4557 3 phononTF 0.0020668 4.51477 -3.78305 0.00126403 13322.6 0.00034743 1 -0.0494819 -0.165753 0.05 27907.2
0 4647 3 phononTS 0.00133912 4.22534 -3.69776 -0.0174299 11.6176 0.00034743 1 -0.0402508 -0.106127 0.05 100760
0 4712 2 phononL 0.00119003 4.52381 -3.3077 0.00748342 6059.32 0.00034743 1 -0.0745044 -0.207675 0.05 37390.9
0 4725 4 phononTS 0.0013124 0.158466 0.467259 -0.0308651 8814.92 0.00069486 1 -0.0788058 -0.124519 0.05 9057.77
0 4734 4 phononTF 0.00110877 4.88131 -3.93681 -0.0429936 32974 0.00034743 1 0.0432047 -0.197978 0.05 79143.3
0 4734 6 phononTF 0.000627748 0.0432047 -0.197978 0.049999 79143.3 0.00034743 1 -0.0947976 -0.135216 0.05 79543.6
0 4799 3 phononTF 0.00204441 4.10706 -4.9945 -0.0270009 7838.5 0.00034743 1 0.0866766 -0.192878 0.05 48065
0 4799 5 phononTF 0.000608942 0.0866766 -0.192878 0.049999 48065 0.00034743 1 -0.114951 -0.209414 0.05 48432.4
0 4851 3 phononTS 0.00231793 4.7826 -2.91439 0.0421734 2800.4 0.00034743 1 -0.0796733 -0.264003 0.05 71170.3
0 4851 5 phononL 0.00193861 -0.0796733 -0.264003 0.049998 71170.3 0.00069486 1 0.0568505 -0.179084 0.05 71220.1
0 4859 2 phononTS 0.00207668 4.81305 -1.20178 -0.0367871 18438.8 0.00034743 1 0.0514948 -0.243174 0.05 22240.5
0 4891 2 phononTF 0.0022069 4.13387 -3.22474 0.0496786 1518.79 0.00034743 1 0.035852 -0.235396 0.05 48664.7
0 4902 4 phononTF 0.000944079 3.488 -2.72401 -0.00640351 9861.19 0.00034743 1 0.024125 -0.189624 0.05 17282.6
0 4902 2 phononTS 0.00177694 4.92848 -4.78543 -0.0415945 3135.32 0.00069486 1 -0.104183 -0.154487 0.05 16557.8
0 4905 2 phononTF 0.00095517 4.94733 -3.41786 -0.0391797 8645.78 0.00034743 1 0.0476039 -0.13117 0.05 40637
0 4955 3 phononTF 0.00172166 4.92788 -3.18377 0.0224082 6628.84 0.00069486 1 0.0224349 -0.166806 0.05 19844.9
0 4955 5 phononTS 0.000941571 0.0224349 -0.166806 0.049999 19844.9 0.00034743 1 -0.0803617 -0.198902 0.05 62305.1
0 4986 3 phononTF 0.00275909 3.93864 -3.52745 -0.0333777 5511.73 0.00104229 1 -0.0491324 -0.123861 0.05 27906.7
