Run ID,Event ID,Track ID,Particle Name,Start Energy [eV],Start X [mm],Start Y [mm],Start Z [mm],Start Time [ns],Energy Deposited [eV],Track Weight,End X [mm],End Y [mm],End Z [mm],Final Time [ns],Volume Name
0 29 1 phononTS 0.004 4.25 1.75 0 0 0.00069486 1 -0.0930153 -0.186524 0.05 25847.8
0 29 8 phononTF 0.000616615 -0.0930153 -0.186524 0.049999 25847.8 0.00034743 1 0.0294699 -0.216781 0.05 25984.2
0 29 5 phononTF 0.000442023 -0.0930153 -0.186524 0.049999 25847.8 0.00034743 1 -0.0241154 -0.270109 0.05 26048.1
0 94 5 phononL 0.00125264 -0.197714 -0.303561 0.0157793 6515.91 0.00069486 1 -0.0797688 -0.17746 0.05 6548.7
0 127 4 phononL 0.00103435 2.66008 3.11518 0.0219483 16136.1 0.00034743 1 -0.0326498 -0.159189 0.05 98014.4
0 131 2 phononTS 0.00114681 4.42401 1.74223 0.0104383 1398.6 0.00069486 1 -0.043906 -0.237812 0.05 31055.1
0 154 3 phononTS 0.00177513 3.76863 1.94145 -0.0308502 5443 0.00069486 1 0.0680868 -0.28617 0.05 53266
0 170 3 phononTS 0.00145492 2.378 1.86634 0.0373073 14739.5 0.00034743 1 0.0638591 -0.127316 0.05 17599.7
0 235 3 phononTS 0.00246711 4.87029 2.39489 -0.00325663 2808.61 0.00069486 1 -0.0430566 -0.292894 0.05 55385.3
0 239 2 phononTF 0.00156445 4.3384 0.76013 0.00605781 5848.87 0.00034743 1 -0.0771 -0.272001 0.05 27537.4
0 248 5 phononTS 0.00105704 -0.44961 -0.023194 0.00598538 15948.9 0.00069486 1 -0.107289 -0.150034 0.05 16533.2
0 248 2 phononTF 0.00146912 3.06156 3.29505 0.0130523 5066.07 0.00034743 1 -0.0281723 -0.293816 0.05 23117.7
0 271 3 phononTS 0.0018335 4.68254 1.53926 0.0219098 2141.39 0.00069486 1 0.0227909 -0.189816 0.05 26737.1
0 273 3 phononTS 0.00164951 4.30375 2.96403 0.0284668 4644.89 0.00034743 1 -0.0898187 -0.259957 0.05 16331.1
0 273 6 phononL 0.000892474 -0.0898187 -0.259957 0.049999 16331.1 0.00034743 1 0.0677999 -0.204302 0.05 16530.5
0 294 3 phononTS 0.00251143 4.61481 3.8718 -0.0166337 8469.31 0.00069486 1 -0.044801 -0.100987 0.05 26796.1
0 304 4 phononTF 0.00103465 4.897 3.16807 0.0285544 12370.4 0.00034743 1 0.0366015 -0.131923 0.05 18995.1
0 372 2 phononTF 0.00153455 4.82186 2.13375 0.0438569 4446.28 0.00034743 1 0.0644684 -0.269083 0.05 40370.1
0 391 4 phononTS 0.00134312 4.28839 2.24297 0.0025755 8372.47 0.00034743 1 -0.0486538 -0.12018 0.05 46155.5
0 391 7 phononTS 0.000577708 -0.0486538 -0.12018 0.049999 46155.5 0.00034743 1 0.0199418 -0.174512 0.05 46228.7
0 450 5 phononTS 0.000902457 -0.799154 -3.94831 -0.00335495 23998.2 0.00034743 1 0.105526 -0.147057 0.05 31949
0 482 3 phononTS 0.00175933 3.45985 1.1686 0.0484237 12167.5 0.00069486 1 0.0658586 -0.157228 0.05 19715.6
0 501 2 phononTS 0.00173914 4.66602 2.14428 -0.000343997 8246.13 0.00069486 1 -0.0985832 -0.145385 0.05 59992.8
0 517 3 phononTS 0.00184911 4.02003 3.16381 -0.0453774 7136.43 0.00069486 1 0.0558483 -0.285198 0.05 22067.1
0 526 5 phononTS 0.00121855 3.31669 -0.331287 0.0256845 12374.3 0.00034743 1 -0.0368615 -0.212792 0.05 44137.9
0 605 3 phononTF 0.00188944 2.63016 3.38583 -0.0420905 10768.6 0.00034743 1 -0.0604645 -0.181589 0.05 26306.5
0 624 2 phononL 0.00153947 4.59662 1.37066 -0.0461812 2178.31 0.00069486 1 0.0904228 -0.233124 0.05 28265.4
0 624 5 phononTF 0.000357253 0.0904228 -0.233124 0.049999 28265.4 0.00034743 1 -0.0803717 -0.200494 0.05 29709.9
0 627 2 phononTS 0.00192184 4.34072 1.24109 0.0247163 14141 0.00034743 1 -0.0607914 -0.171202 0.05 68238.1
0 627 5 phononTF 0.00106936 -0.0607914 -0.171202 0.049999 68238.1 0.00034743 1 0.111096 -0.172692 0.05 68471.4
0 627 4 phononTS 0.000380543 -0.0607914 -0.171202 0.049999 68238.1 0.00034743 1 -0.0742557 -0.224852 0.05 68307.4
0 730 3 phononTS 0.00173249 3.35082 1.17093 0.00593773 2606.71 0.00034743 1 0.0411583 -0.212927 0.05 20378.2
0 742 2 phononTS 0.00247604 4.08932 1.8517 0.039498 1931.27 0.00069486 1 0.0470032 -0.167209 0.05 25936.3
0 755 3 phononTF 0.00159574 3.4996 1.82548 0.00563741 1373.1 0.00069486 1 0.0317128 -0.184773 0.05 5805.32
0 757 3 phononTS 0.00180762 4.1881 2.77623 0.0340981 2365.63 0.00034743 1 0.059787 -0.143066 0.05 19013.4
0 757 4 phononTF 0.001061 0.059787 -0.143066 0.049999 19013.4 0.00034743 1 0.0665645 -0.190822 0.05 19082.9
0 795 3 phononTS 0.00217825 4.48242 2.87949 -0.0129993 5737.33 0.00034743 1 0.0839896 -0.208012 0.05 13592.8
0 795 4 phononTF 0.00099932 0.0839896 -0.208012 0.049998 13592.8 0.00034743 1 -0.036023 -0.147801 0.05 13965.9
0 811 5 phononTS 0.00074578 2.47386 4.24874 -0.00403451 24060.5 0.00034743 1 0.0701446 -0.210709 0.05 96557.7
0 828 7 phononTS 0.00141007 1.52026 -0.401543 -0.0467998 14216.3 0.00034743 1 -0.0343329 -0.176001 0.05 15809.6
0 866 4 phononTS 0.00110739 4.24539 3.80138 -0.0280532 12236.5 0.00034743 1 -0.0872783 -0.149471 0.05 32424.5
0 888 4 phononTS 0.00115177 2.48763 -3.43584 0.0420693 13401.6 0.00069486 1 0.0437873 -0.188348 0.05 38004.1
0 912 5 phononL 0.0013155 3.18652 -0.165225 -0.0247186 9723.85 0.00034743 1 0.0427089 -0.164379 0.05 38172.6
0 969 5 phononTF 0.00148912 2.07911 -2.48886 -0.0207811 50753.3 0.00034743 1 -0.0497507 -0.135538 0.05 67640.9
0 1018 3 phononTF 0.00253479 4.98615 1.4914 -0.0168656 4001.23 0.00069486 1 0.0532459 -0.196481 0.05 46709.2
0 1018 9 phononTF 0.000396738 0.0532459 -0.196481 0.049999 46709.2 0.00034743 1 0.118236 -0.205538 0.05 46778.4
0 1018 2 phononTF 0.00146521 4.98615 1.4914 -0.0168656 4001.23 0.00034743 1 0.0987435 -0.207203 0.05 25929.6
0 1036 5 phononTF 0.00203884 1.40608 1.76367 -0.00902086 19367.9 0.00034743 1 0.0353276 -0.287331 0.05 34684.3
0 1041 2 phononTF 0.00256896 4.53242 2.8205 -0.0205382 3918.47 0.00034743 1 0.0349756 -0.186694 0.05 72413.7
0 1044 3 phononTS 0.00201808 3.42334 1.1632 -0.0392695 12816.8 0.00069486 1 0.0716366 -0.215661 0.05 21198.5
0 1072 4 phononTF 0.00107436 3.78636 -1.09209 0.0120346 7937.54 0.00034743 1 0.0670344 -0.132034 0.05 29718.8
0 1086 3 phononTF 0.00153302 4.15384 1.75126 -0.0127194 53.7986 0.00034743 1 -0.0870982 -0.199703 0.05 14904.1
0 1086 2 phononTF 0.00246698 4.15384 1.75126 -0.0127194 53.7986 0.00069486 1 -0.0776792 -0.254237 0.05 11797.6
0 1086 15 phononTF 0.000467708 -0.0776792 -0.254237 0.049999 11797.6 0.00034743 1 0.0298123 -0.105644 0.05 12035.1
0 1086 11 phononL 0.00101426 -0.0776792 -0.254237 0.049999 11797.6 0.00034743 1 -0.0549886 -0.17852 0.05 11890.4
0 1139 3 phononTF 0.00245049 4.41565 1.17818 0.0100341 1463.38 0.00034743 1 0.101602 -0.243532 0.05 15367.4
0 1152 3 phononTS 0.00203764 4.54917 2.77602 -0.0131671 9531.58 0.00069486 1 0.0816156 -0.183391 0.05 15831.2
0 1163 2 phononTF 0.00133221 4.07189 1.23424 -0.0188294 8245.79 0.00034743 1 0.0547937 -0.260979 0.05 15444.1
0 1166 5 phononTS 0.00092662 2.28671 -1.02299 0.0383362 36628.6 0.00069486 1 -0.0491114 -0.143704 0.05 45444.8
0 1171 4 phononTS 0.00163307 3.61619 2.41142 -0.0475374 2387.07 0.00034743 1 0.114975 -0.169669 0.05 10090.4
0 1171 7 phononTS 0.000950544 0.114975 -0.169669 0.049999 10090.4 0.00034743 1 0.0130401 -0.195936 0.05 10349.8
0 1184 3 phononTS 0.00205576 4.63829 1.31183 -0.028545 8859.45 0.00069486 1 -0.109044 -0.204445 0.05 19780.5
0 1184 7 phononTS 0.000415299 -0.109044 -0.204445 0.049999 19780.5 0.00034743 1 0.0371364 -0.288687 0.05 20041.3
0 1185 2 phononTS 0.00188726 4.35871 1.62725 -0.0446394 256.305 0.00034743 1 -0.0331784 -0.122155 0.05 44207.5
0 1187 2 phononTF 0.00120275 3.25357 0.159303 0.0498398 8052.17 0.00034743 1 -0.0404009 -0.199926 0.05 71263.6
0 1218 4 phononL 0.000559382 4.99974 0.0989357 0.049999 2878.99 0.00034743 1 -0.0287705 -0.247978 0.05 83285.4
0 1234 2 phononTF 0.00153123 2.89579 1.76685 -0.0190253 17851.1 0.00069486 1 0.0323263 -0.215217 0.05 37740.6
0 1263 5 phononTF 0.00103913 4.41009 2.25779 -0.0380595 35909.4 0.00034743 1 -0.0861974 -0.193285 0.05 44953.9
0 1318 2 phononL 0.00253492 4.22021 1.61673 -0.011096 3620.49 0.00034743 1 0.0439209 -0.249196 0.05 27386
0 1339 2 phononL 0.00112366 3.88244 1.96055 0.0187427 871.064 0.00034743 1 -0.0370702 -0.178659 0.05 59144.4
0 1378 3 phononTS 0.00215828 4.82633 2.19636 -0.0456576 13155.5 0.00069486 1 -0.021415 -0.205923 0.05 26384.7
0 1402 4 phononTF 0.00132572 3.92881 1.32366 -0.0401551 5577.45 0.00034743 1 0.0798356 -0.213305 0.05 24733.6
0 1409 3 phononTS 0.00187081 4.21273 1.78806 0.0120287 10.1541 0.00034743 1 0.073181 -0.220545 0.05 10589
0 1426 4 phononTF 0.00181238 3.45577 1.28185 0.0497277 19956.1 0.00034743 1 0.0737224 -0.270504 0.05 41954
0 1436 2 phononTF 0.00138588 4.48723 2.24118 -0.0410301 5579.77 0.00034743 1 0.0937891 -0.23946 0.05 13393.8
0 1472 4 phononTF 0.00127393 4.30354 1.08987 -0.0142943 4020.58 0.00069486 1 0.072189 -0.201765 0.05 24190.8
0 1495 3 phononL 0.00187647 3.74914 2.13931 0.0312309 13377 0.00069486 1 -0.0680815 -0.211888 0.05 19608.4
0 1548 2 phononTS 0.00112847 4.62705 1.5484 -0.0181808 3727.84 0.00034743 1 0.0348006 -0.143063 0.05 67504.1
0 1597 2 phononTS 0.00194837 4.75044 1.8973 -0.0165932 464.533 0.00069486 1 0.0961566 -0.153665 0.05 13258
0 1627 4 phononTF 0.000593553 2.08055 -0.135109 -0.0184554 15664.8 0.00034743 1 0.0550031 -0.105546 0.05 57350.9
0 1671 2 phononTF 0.00112271 2.69519 2.19211 0.0303965 11236.8 0.00034743 1 -0.0876608 -0.272233 0.05 36558.5
0 1679 2 phononTF 0.00233359 3.3875 1.37303 -0.00854317 2380.09 0.00069486 1 -0.0455096 -0.290027 0.05 5943.27
0 1689 3 phononL 0.00250925 4.76202 1.72928 -0.046773 424.741 0.00034743 1 -0.076673 -0.160273 0.05 33812.9
0 1702 2 phononTF 0.00215436 3.95845 2.58392 -0.0468719 1336.94 0.00034743 1 -0.0736027 -0.182163 0.05 87655.7
0 1727 2 phononTS 0.00193737 3.85236 1.80505 0.0484437 1430.55 0.00034743 1 -0.0185001 -0.180861 0.05 60471.5
0 1762 3 phononL 0.00198512 4.78237 0.718164 -0.0108031 2396.76 0.00069486 1 -0.0553318 -0.117061 0.05 37043.7
0 1828 4 phononTF 0.000995537 0.53376 3.93536 -0.031195 17542.8 0.00034743 1 0.0880597 -0.240006 0.05 162791
0 1829 5 phononTS 0.00108257 1.61964 1.31335 -0.0172719 38117.8 0.00034743 1 -0.0568938 -0.235559 0.05 71566.6
0 2012 2 phononTF 0.00234467 4.23995 1.02147 0.0300082 3328.1 0.00069486 1 0.0325906 -0.116902 0.05 28430.7
0 2035 4 phononTS 0.00173906 -0.37554 3.73781 -0.0216562 30818.1 0.00034743 1 0.0215233 -0.18973 0.05 71291.5
0 2035 6 phononL 0.000636298 0.0215233 -0.18973 0.049998 71291.5 0.00034743 1 0.0465436 -0.253266 0.05 71335
0 2041 2 phononTF 0.00210454 4.88303 1.91286 -0.0111221 5488.67 0.00069486 1 -0.0495137 -0.133659 0.05 10625
0 2044 2 phononTS 0.00159463 4.70244 1.39537 -0.0487607 2637.24 0.00034743 1 0.0844605 -0.274501 0.05 67353.4
0 2078 3 phononTF 0.00187305 2.97052 4.12993 -0.0418366 13611.1 0.00034743 1 0.0494762 -0.262478 0.05 31967.4
0 2078 5 phononTF 0.000843897 0.0494762 -0.262478 0.049999 31967.4 0.00034743 1 0.076435 -0.274934 0.05 32281
0 2094 2 phononTF 0.0014532 4.73881 2.72128 0.0364333 12059.2 0.00069486 1 -0.0420701 -0.217741 0.05 117409
0 2118 3 phononTS 0.00137147 4.53391 0.394152 -0.036039 5856.09 0.00069486 1 0.0399258 -0.13054 0.05 27006.2
0 2142 3 phononL 0.0030594 3.78362 2.30362 0.00727843 2249.76 0.00069486 1 0.0301714 -0.276738 0.05 12744
0 2161 3 phononTF 0.00197758 3.79165 1.01286 0.0289308 5235.27 0.00069486 1 0.10486 -0.239916 0.05 106513
0 2254 3 phononTF 0.00127779 4.31696 1.57956 0.0248256 77.1856 0.00034743 1 -0.0239704 -0.179753 0.05 54878.9
0 2274 4 phononTF 0.000902502 -3.41408 -3.71084 -0.0168136 23462.7 0.00034743 1 0.0303971 -0.254184 0.05 57691.7
0 2344 2 phononL 0.00120237 4.45242 2.42192 0.0190954 3226.17 0.00034743 1 -0.0688055 -0.191558 0.05 12435.7
0 2344 5 phononTS 0.000789385 -0.0688055 -0.191558 0.049999 12435.7 0.00034743 1 -0.0621762 -0.201816 0.05 12517.3
0 2347 3 phononL 0.00248039 3.07762 3.14187 0.015686 2848.22 0.00034743 1 -0.0321694 -0.12056 0.05 49312.2
0 2381 2 phononTS 0.00134648 4.17885 0.655477 0.0181092 29232.2 0.00069486 1 -0.0448827 -0.293193 0.05 50613.5
0 2445 3 phononL 0.00158379 4.00258 1.75425 0.0308989 2005.55 0.00104229 1 -0.0667697 -0.175474 0.05 21704.2
0 2448 3 phononTF 0.00137525 3.69041 1.58763 0.0113534 8489.94 0.00034743 1 -0.0914053 -0.268314 0.05 28993.2
0 2451 4 phononTS 0.00111381 4.40914 2.51382 -0.0324485 28162.8 0.00034743 1 -0.108508 -0.227266 0.05 53337.1
0 2460 4 phononTF 0.00118271 -1.26626 -2.28021 -0.0154106 80643.6 0.00069486 1 -0.059031 -0.205067 0.05 186915
0 2475 2 phononTS 0.00255518 3.61754 1.52862 0.0404049 388.142 0.00138972 1 -0.104901 -0.183493 0.05 64458.6
0 2483 2 phononTF 0.00206519 2.93311 0.952376 0.0350997 5970.67 0.00034743 1 0.0578585 -0.212916 0.05 64995
0 2483 5 phononTF 0.00104028 0.0578585 -0.212916 0.049999 64995 0.00034743 1 -0.0276273 -0.235675 0.05 65269
0 2493 2 phononTF 0.00168023 4.17095 2.76188 -0.000709208 21363.2 0.00069486 1 0.0285383 -0.206679 0.05 68315.5
0 2503 2 phononTS 0.00212173 3.63279 1.75045 0.0349813 829.391 0.00104229 1 -0.0614381 -0.296764 0.05 62712.2
0 2526 2 phononTF 0.00215142 4.95901 1.82972 0.0348037 2682.17 0.00034743 1 -0.0387787 -0.152088 0.05 93096.4
0 2554 4 phononTS 0.00083593 3.01798 0.103387 0.049999 4917.21 0.00034743 1 -0.0947259 -0.262139 0.05 6676.74
0 2556 3 phononTS 0.00184787 4.47733 1.54835 0.0177627 5519.33 0.00104229 1 -0.0286256 -0.216328 0.05 42355.7
0 2559 5 phononTF 0.00120668 -2.30395 -2.47097 0.00818949 56734.3 0.00034743 1 -0.072274 -0.131167 0.05 92484.5
0 2568 3 phononTS 0.0013527 2.99709 0.656513 -0.0383659 1445.96 0.00034743 1 -0.064717 -0.147117 0.05 58758.3
0 2568 5 phononL 0.000478636 -0.064717 -0.147117 0.049999 58758.3 0.00034743 1 -0.0421764 -0.221469 0.05 58810.8
0 2568 4 phononL 0.000470001 -0.064717 -0.147117 0.049999 58758.3 0.00034743 1 -0.0908301 -0.179209 0.05 58816.6
0 2584 2 phononTS 0.00257439 4.2694 1.90301 0.0454625 929.507 0.00138972 1 -0.0540105 -0.282834 0.05 8738.67
0 2624 3 phononTF 0.00278375 4.23609 1.26976 -0.00890606 1363.76 0.00069486 1 0.0331545 -0.106168 0.05 22915.2
0 2731 2 phononL 0.00170935 3.73411 2.49885 -0.0253943 24228.4 0.00069486 1 -0.0130853 -0.204306 0.05 43029.1
0 2742 5 phononTF 0.0013868 -3.00996 -0.848042 -0.00153023 10010.7 0.00034743 1 0.101713 -0.191405 0.05 12065.7
0 2801 3 phononTF 0.00285104 4.22738 2.59546 -0.0496084 3142.16 0.00034743 1 -0.0145269 -0.22741 0.05 35291.3
0 2803 3 phononTF 0.0018203 3.98768 2.00949 -0.0341553 3166.25 0.00034743 1 -0.0261788 -0.261725 0.05 24867.9
0 2823 3 phononTS 0.00253491 4.57545 4.2551 -0.0115706 14168 0.00069486 1 0.0780232 -0.249504 0.05 33438.9
0 2884 2 phononTS 0.00154741 2.97082 0.934828 -0.0392097 6255.84 0.00104229 1 -0.0815747 -0.209256 0.05 12027.4
0 2929 5 phononTS 0.00119518 1.38396 1.5666 -0.0065496 13618.6 0.00069486 1 -0.0253639 -0.156227 0.05 16862.5
0 2952 3 phononTF 0.00259477 4.3465 2.28609 -0.00667348 1236.5 0.00138972 1 -0.0510391 -0.125456 0.05 38610.7
0 2961 5 phononTS 0.00143075 2.53561 0.343451 -0.0197831 27500 0.00034743 1 0.0899758 -0.241175 0.05 30927.3
0 2978 2 phononTS 0.00173361 4.50717 1.20252 0.0287158 2919.02 0.00104229 1 0.0748403 -0.129901 0.05 32212.8
0 2978 14 phononTF 0.000355387 0.0748403 -0.129901 0.049999 32212.8 0.00034743 1 -0.0123015 -0.220453 0.05 32288.2
0 3002 3 phononTS 0.00229888 3.06873 1.39522 0.0290632 11228.5 0.00069486 1 0.074849 -0.148981 0.05 70845.4
0 3043 3 phononTS 0.00195944 3.28249 3.92592 -0.0346213 4840.01 0.00069486 1 -0.114595 -0.221775 0.05 44093.2
0 3102 3 phononTF 0.00186452 2.86 1.21944 0.0372786 5576.49 0.00034743 1 -0.113226 -0.234827 0.05 12987.2
0 3102 5 phononTS 0.000465042 -0.113226 -0.234827 0.049999 12987.2 0.00034743 1 -0.0779331 -0.24277 0.05 13516.9
0 3139 3 phononTF 0.00185412 3.29844 2.53775 0.0346351 11220.7 0.00069486 1 -0.0408049 -0.280797 0.05 13909.6
0 3139 6 phononTS 0.000606775 -0.0408049 -0.280797 0.049999 13909.6 0.00034743 1 -0.0692416 -0.24568 0.05 13981.4
0 3139 4 phononTS 0.000376564 -0.0408049 -0.280797 0.049999 13909.6 0.00034743 1 -0.0597648 -0.156311 0.05 14199.2
0 3167 2 phononL 0.00183135 3.8033 3.26088 -0.0102148 14078.7 0.00034743 1 -0.0717194 -0.279936 0.05 19335.8
0 3177 3 phononTS 0.00281431 4.50822 1.61188 -0.0270391 1752.38 0.00173715 1 -0.0348238 -0.133711 0.05 18768
0 3316 3 phononL 0.00168633 3.61175 1.23953 -0.0372411 4039.77 0.00069486 1 0.0592461 -0.136563 0.05 10081.5
0 3346 4 phononL 0.00218599 0.389116 4.53004 0.0177638 17126.6 0.00104229 1 -0.11478 -0.23338 0.05 22816.2
0 3359 2 phononL 0.0018475 3.37056 1.93735 0.0367011 3086.9 0.00034743 1 -0.0714572 -0.111476 0.05 22855.1
0 3375 2 phononL 0.00211586 3.63719 1.60664 0.0400657 14266.4 0.00034743 1 0.103039 -0.182586 0.05 29769.6
0 3382 3 phononTS 0.00296006 3.58254 1.79469 -0.0461307 1292.82 0.00104229 1 -0.0771878 -0.204108 0.05 37094.8
0 3402 2 phononTF 0.00161025 4.46682 1.7917 -0.0293993 16427.2 0.00034743 1 -0.0490691 -0.195217 0.05 28626.3
0 3483 2 phononL 0.00147424 4.57997 2.15192 -0.0116035 1090.15 0.00034743 1 -0.0424229 -0.110865 0.05 14906.4
0 3486 5 phononTS 0.000783162 3.43758 -1.02617 -0.0403612 9673.27 0.00034743 1 0.0455467 -0.278532 0.05 32000.5
0 3548 2 phononTS 0.00276448 4.24003 1.79305 0.0412282 11.2705 0.00034743 1 0.078085 -0.268534 0.05 19938.3
0 3548 4 phononTS 0.00061144 0.078085 -0.268534 0.049999 19938.3 0.00034743 1 -0.0671406 -0.113836 0.05 20095.7
0 3570 3 phononTF 0.00204563 2.80989 1.29622 0.0350897 5681.13 0.00034743 1 -0.0304568 -0.184533 0.05 16808.1
0 3599 6 phononTF 0.000408479 4.35768 -0.0101229 0.049999 4527.87 0.00034743 1 -0.0207552 -0.148954 0.05 16372.6
0 3618 4 phononTF 0.00123731 -2.38455 2.81362 -0.0343166 50921.4 0.00034743 1 0.053403 -0.29626 0.05 83486.1
0 3670 5 phononTS 0.000499445 4.1256 3.01693 -0.0384938 6661.05 0.00034743 1 -0.0842432 -0.165509 0.05 45636.2
0 3697 3 phononTS 0.00158201 4.42812 1.20196 0.00742145 1011.9 0.00034743 1 -0.0283957 -0.199053 0.05 58459.2
0 3697 6 phononTS 0.0011031 -0.0283957 -0.199053 0.049999 58459.2 0.00034743 1 -0.0776568 -0.145347 0.05 58534.8
0 3697 11 phononTS 0.000621874 -0.0776568 -0.145347 0.049998 58534.8 0.00034743 1 -0.084388 -0.142815 0.05 58594.4
0 3717 3 phononTF 0.00185558 4.11841 1.98814 -0.0395796 468.653 0.00034743 1 -0.0503365 -0.107566 0.05 55740.1
0 3730 3 phononL 0.00190031 4.07644 1.65481 0.0236753 119.729 0.00069486 1 -0.0389605 -0.196342 0.05 6211.72
0 3734 3 phononTS 0.00145629 4.44883 1.23667 -0.0382497 8753.78 0.00069486 1 -0.089946 -0.208567 0.05 32833.6
0 3768 2 phononL 0.00155408 4.25306 0.747415 0.0382085 3127.43 0.00034743 1 -0.0378659 -0.167496 0.05 23897.7
0 3784 3 phononL 0.00230755 4.81793 0.875064 0.0406071 6471.41 0.00069486 1 -0.061266 -0.273599 0.05 15249.6
0 3784 12 phononTF 0.000385231 -0.061266 -0.273599 0.049999 15249.6 0.00034743 1 -0.0643687 -0.248174 0.05 15326.1
0 3784 11 phononL 0.00086684 -0.061266 -0.273599 0.049999 15249.6 0.00034743 1 0.0659386 -0.13342 0.05 15303
0 3872 5 phononTF 0.00081886 2.37847 3.27483 0.0256361 11261.2 0.00034743 1 0.0894592 -0.238489 0.05 15757.1
0 3918 5 phononTS 0.00154851 -2.58421 -0.0979863 -0.023206 28499.5 0.00034743 1 -0.0758224 -0.146374 0.05 30828
0 3930 3 phononTS 0.0018173 4.43517 2.3078 0.0283753 1729.62 0.00034743 1 0.0385093 -0.218059 0.05 14014.6
0 3935 2 phononTS 0.00234671 4.12645 1.47127 0.0404293 279.705 0.00034743 1 -0.0120878 -0.192539 0.05 50998.4
0 3961 3 phononL 0.00223622 2.60906 0.256401 -0.0121358 3744.88 0.00034743 1 -0.0924447 -0.271904 0.05 15789.9
0 3961 6 phononTF 0.000617416 -0.0924447 -0.271904 0.049999 15789.9 0.00034743 1 0.0229878 -0.14006 0.05 15974.3
0 3962 2 phononTS 0.00160034 2.5523 1.46263 -0.0136003 5912.89 0.00034743 1 -0.0330909 -0.102529 0.05 7981.35
0 3994 4 phononTS 0.00117033 0.0145093 4.40862 0.0299004 13992.9 0.00069486 1 -0.101474 -0.173814 0.05 32107.7
0 4005 5 phononTS 0.00119382 4.22302 4.35997 -0.0406538 18218 0.00034743 1 -0.0397484 -0.214462 0.05 65284.2
0 4007 2 phononTF 0.000679678 4.99353 0.0998782 0.049999 5864.82 0.00034743 1 0.0683402 -0.146487 0.05 11278.9
0 4031 5 phononTS 0.00132164 4.15104 1.59123 -0.0338036 9858.72 0.00069486 1 0.0383777 -0.196867 0.05 49670.3
0 4031 9 phononTS 0.000360061 0.0383777 -0.196867 0.049999 49670.3 0.00034743 1 0.0335491 -0.194657 0.05 49726.2
0 4057 3 phononTS 0.00121013 4.37251 1.90049 -0.00977919 4627.97 0.00034743 1 0.0305836 -0.132744 0.05 16181.7
0 4102 2 phononTS 0.00253396 4.98368 3.43331 0.0228341 4861.59 0.00034743 1 -0.0140018 -0.209578 0.05 12329.4
0 4106 4 phononTS 0.00138303 0.000233399 4.89144 0.043418 24409.1 0.00034743 1 0.106537 -0.224129 0.05 46120.6
0 4115 2 phononTF 0.00175546 4.64584 1.8942 0.0247806 1583.85 0.00034743 1 0.0813218 -0.14912 0.05 30914.7
0 4132 3 phononL 0.00195446 4.66483 0.943878 -0.0488451 2669.98 0.00104229 1 -0.029359 -0.0970852 0.05 13139
0 4135 3 phononL 0.00204566 4.52219 0.74815 0.0338407 13009.2 0.00104229 1 -0.0535971 -0.123728 0.05 58987
0 4145 3 phononTS 0.00269339 3.06517 2.54774 0.0465387 5760.7 0.00069486 1 -0.0523548 -0.215648 0.05 25662.1
0 4178 4 phononTS 0.00106572 3.73269 2.03717 0.0270639 6473.47 0.00034743 1 -0.0429559 -0.240394 0.05 46719.8
0 4198 3 phononL 0.00263256 4.00413 1.91258 0.0156323 1397.66 0.00034743 1 -0.100368 -0.138258 0.05 34539.5
0 4209 5 phononTF 0.00177607 -0.200073 4.11352 -0.0198653 15641.7 0.00034743 1 0.0539109 -0.122938 0.05 21135.6
0 4209 10 phononTF 0.000359661 0.0539109 -0.122938 0.049999 21135.6 0.00034743 1 -0.0551823 -0.251022 0.05 21480.6
0 4222 3 phononTF 0.0012417 3.15076 1.93607 -0.0445497 13551 0.00069486 1 -0.0342321 -0.242479 0.05 33903.7
0 4245 2 phononTF 0.00196332 3.42126 1.02489 -0.016354 12370.5 0.00069486 1 0.0322296 -0.229082 0.05 30770.1
0 4245 8 phononTS 0.000422216 0.0322296 -0.229082 0.049999 30770.1 0.00034743 1 -0.0952691 -0.192621 0.05 30943.5
0 4258 4 phononTS 0.00044655 2.84554 0.0632921 0.049999 8945.36 0.00034743 1 0.0720942 -0.174539 0.05 45342
0 4260 4 phononL 0.000866794 3.93068 -0.958764 0.0403036 24476.7 0.00034743 1 0.105 -0.193824 0.05 33050.7
0 4266 3 phononTS 0.00183904 3.56283 0.465193 -0.0306655 5522.53 0.00069486 1 -0.0777144 -0.216122 0.05 19472.2
0 4303 2 phononL 0.00192621 4.95928 -0.698596 -0.03831 4695.13 0.00069486 1 -0.0317401 -0.189264 0.05 15545.1
0 4387 3 phononTS 0.00135008 3.73772 2.65161 0.0435874 4341.61 0.00069486 1 0.0576164 -0.203048 0.05 50104.1
0 4390 6 phononTS 0.00130097 0.257665 -1.87841 0.0381655 34606.1 0.00034743 1 0.0826145 -0.141644 0.05 58930.7
0 4392 2 phononL 0.00170511 4.62431 1.54855 -0.0142726 426.782 0.00034743 1 0.0861206 -0.137029 0.05 18654.4
0 4406 5 phononL 0.00129846 4.58132 0.820663 -0.0121144 42368.1 0.00069486 1 0.0478274 -0.258412 0.05 61813.2
0 4428 5 phononTF 0.000884509 4.86436 1.86381 -0.0347811 5923.83 0.00034743 1 0.0259536 -0.170221 0.05 29742.7
0 4444 5 phononL 0.00123736 3.3824 3.54851 -0.0216419 16337.9 0.00034743 1 -0.0536431 -0.266719 0.05 45290.1
0 4474 3 phononTS 0.00166162 4.20675 1.22651 -0.0451771 234.858 0.00034743 1 -0.0879841 -0.228041 0.05 8054.02
0 4476 4 phononTF 0.000819908 3.66037 2.04079 -0.0453897 6702.37 0.00034743 1 -0.083715 -0.195925 0.05 25616.4
0 4476 2 phononTS 0.000789917 2.8149 2.46097 -0.0371116 2679.42 0.00034743 1 0.109378 -0.241571 0.05 11042.6
0 4487 2 phononTF 0.0019948 4.04767 2.66296 0.0346545 1651.41 0.00034743 1 0.0133999 -0.189445 0.05 11216.5
0 4491 2 phononTF 0.00192531 4.42887 1.90534 -0.00311664 1066.13 0.00069486 1 0.0305101 -0.240032 0.05 21476
0 4491 10 phononTS 0.00044704 0.0305101 -0.240032 0.049999 21476 0.00034743 1 -0.0879059 -0.171663 0.05 21950.3
0 4509 3 phononTS 0.00173644 3.21203 2.64722 0.0206232 3577.82 0.00069486 1 -0.0443034 -0.302202 0.05 15297.8
0 4568 2 phononTS 0.00193734 4.73579 3.88162 -0.0190773 9801.5 0.00034743 1 -0.01323 -0.208256 0.05 63421.8
0 4568 5 phononTF 0.00157882 -0.01323 -0.208256 0.049999 63421.8 0.00069486 1 -0.0349948 -0.192305 0.05 63515.5
0 4617 3 phononTF 0.00180924 3.77915 2.43023 0.0338883 1522.14 0.00034743 1 0.0738781 -0.25891 0.05 49179.5
0 4626 4 phononTS 0.00100905 3.88179 1.25698 -0.0170132 1257.96 0.00034743 1 0.0730958 -0.198458 0.05 38920.9
0 4646 4 phononTS 0.000935565 3.88502 4.65794 0.0297789 14013.7 0.00034743 1 0.0766491 -0.144078 0.05 91872.6
0 4646 8 phononTF 0.000371846 0.0766491 -0.144078 0.049998 91872.6 0.00034743 1 -0.0295974 -0.100194 0.05 92005.5
0 4653 3 phononTF 0.0014754 4.34292 1.71362 -0.00878474 230.622 0.00069486 1 -0.0175186 -0.211062 0.05 29165.8
0 4657 2 phononTS 0.00191186 4.9378 2.17564 0.0352019 1619.04 0.00034743 1 -0.0297698 -0.301188 0.05 8251.27
0 4697 3 phononTF 0.00132291 3.51407 2.80945 -0.0475549 14565.8 0.00034743 1 -0.057241 -0.262698 0.05 23011.8
0 4697 6 phononL 0.000797514 -0.057241 -0.262698 0.049998 23011.8 0.00034743 1 0.117454 -0.190231 0.05 23126.4
0 4697 15 phononL 0.0016728 1.48195 1.52726 -0.0397855 30579.1 0.00034743 1 -0.120292 -0.191691 0.05 40900
0 4704 3 phononTS 0.00176874 4.13997 1.20192 0.0124476 2433.99 0.00034743 1 -0.0424688 -0.266191 0.05 15645.9
0 4773 2 phononTS 0.00178457 3.99379 1.66141 0.0459731 4960.92 0.00034743 1 -0.0656591 -0.198972 0.05 25288.6
0 4796 2 phononTS 0.00088606 3.11273 0.057274 0.049999 6596.78 0.00034743 1 0.041018 -0.270609 0.05 28082.3
0 4797 3 phononTF 0.00182066 4.19738 0.70341 0.013461 4269.43 0.00034743 1 -0.0544126 -0.282509 0.05 41856.6
0 4797 6 phononTS 0.00107705 -0.0544126 -0.282509 0.049999 41856.6 0.00034743 1 -0.0334747 -0.255892 0.05 41919.7
0 4799 2 phononL 0.000798082 3.85777 2.3482 0.0141293 8458.44 0.00034743 1 -0.0498872 -0.208437 0.05 41170.3
0 4806 2 phononL 0.00191043 4.76601 1.06064 -0.0401158 21153.1 0.00069486 1 -0.093116 -0.233721 0.05 27344.6
0 4856 3 phononTS 0.000778797 4.69494 0.0138019 0.049999 2743.55 0.00034743 1 0.100413 -0.199972 0.05 40281.2
0 4863 2 phononTS 0.00152152 3.13558 1.89401 0.0200664 2235.44 0.00069486 1 0.053771 -0.232309 0.05 24333.4
0 4888 3 phononTS 0.00192875 3.66119 1.34031 -0.0291196 881.273 0.00034743 1 0.0599499 -0.125078 0.05 23159.1
0 4888 5 phononTS 0.000866416 0.0599499 -0.125078 0.049999 23159.1 0.00034743 1 -0.106933 -0.182061 0.05 23261.1
0 4906 3 phononL 0.0022475 4.76464 3.70481 0.0439167 12460.7 0.00138972 1 0.0338487 -0.230573 0.05 51833.3
0 4942 3 phononTS 0.00125207 4.51827 2.95895 -0.01826 6902.08 0.00034743 1 -0.0429372 -0.0970338 0.05 42241.5
0 4962 3 phononTS 0.000616497 3.26407 0.0233374 0.049999 7072.26 0.00034743 1 -0.101267 -0.226685 0.05 71938
