Run ID,Event ID,Track ID,Particle Name,Start Energy [eV],Start X [mm],Start Y [mm],Start Z [mm],Start Time [ns],Energy Deposited [eV],Track Weight,End X [mm],End Y [mm],End Z [mm],Final Time [ns],Volume Name
0 50 5 phononTS 0.00236013 -3.55127 -3.98312 0.0491709 63300 0.00069486 1 0.0452358 -0.266066 0.05 83524.2
0 50 8 phononTS 0.000481459 0.0452358 -0.266066 0.049999 83524.2 0.00034743 1 -0.0459969 -0.178742 0.05 83620.2
0 82 5 phononTF 0.00121516 -1.91173 2.32157 -0.014074 74091.9 0.00034743 1 0.0430144 -0.219591 0.05 90435.4
0 88 2 phononTF 0.00229982 -1.07133 -3.93937 -0.0323968 21222.6 0.00034743 1 -0.0485608 -0.256588 0.05 79957.6
0 88 5 phononTS 0.000420842 -0.0485608 -0.256588 0.049999 79957.6 0.00034743 1 -0.0717304 -0.253335 0.05 80024.4
0 88 4 phononTF 0.00117858 -0.0485608 -0.256588 0.049999 79957.6 0.00034743 1 0.0652535 -0.234917 0.05 80794.5
0 107 2 phononTF 0.000905462 -4.13585 -3.43265 0.048423 12367.2 0.00034743 1 -0.0866193 -0.174189 0.05 31143.1
0 122 2 phononTF 0.00108096 -3.30465 -2.79031 -0.000854314 1301.57 0.00034743 1 0.0914071 -0.258846 0.05 105854
0 122 4 phononTF 0.000463935 0.0914071 -0.258846 0.049999 105854 0.00034743 1 0.11576 -0.226146 0.05 106786
0 140 2 phononTF 0.00115819 -2.34833 -1.31862 0.0352571 5114.53 0.00069486 1 0.0135433 -0.194692 0.05 11760.5
0 154 2 phononTS 0.00205497 -4.45146 -1.28073 -0.00427863 5687.96 0.00034743 1 -0.0689396 -0.252139 0.05 23326.2
0 154 5 phononTF 0.00165834 -0.0689396 -0.252139 0.049999 23326.2 0.00034743 1 -0.0694396 -0.245997 0.05 23383.3
0 226 3 phononTS 0.00292007 -2.27738 -0.928026 -0.0104705 6984.42 0.00069486 1 -0.0258501 -0.117956 0.05 19092.1
0 238 2 phononTS 0.00190367 -3.29726 -2.17701 -0.0127999 16.7363 0.00034743 1 -0.0626183 -0.162399 0.05 14078.7
0 255 3 phononTS 0.00236931 -1.67711 0.230344 -0.044316 9025.34 0.00034743 1 -0.0399062 -0.156846 0.05 11557.9
0 255 6 phononTF 0.00155703 -0.0399062 -0.156846 0.049999 11557.9 0.00034743 1 -0.0489657 -0.171892 0.05 11773.9
0 293 2 phononTS 0.00230869 -4.66112 -1.72967 0.0360741 3547.13 0.00034743 1 0.0270409 -0.125394 0.05 31850.3
0 304 5 phononTF 0.00149219 0.433129 -3.22923 0.000519381 27600.2 0.00034743 1 0.0748777 -0.140828 0.05 175602
0 337 1 phononTF 0.004 -3.25 -2.25 0 0 0.00104229 1 0.0610804 -0.221865 0.05 27595.8
0 345 2 phononTS 0.00270845 -3.34064 -2.03379 -0.0189396 7320.07 0.00069486 1 0.0384399 -0.102048 0.05 43680.9
0 365 3 phononTS 0.00187739 0.355927 -0.862976 0.0130174 6396.42 0.00034743 1 0.0793658 -0.242108 0.05 10230.5
0 365 4 phononTS 0.00127357 0.0793658 -0.242108 0.049999 10230.5 0.00034743 1 0.0454151 -0.271587 0.05 10372.5
0 390 2 phononTF 0.00174323 0.350803 2.7959 0.00134099 44090.5 0.00034743 1 -0.0357506 -0.211441 0.05 91387.6
0 390 4 phononTS 0.00118956 -0.0357506 -0.211441 0.049999 91387.6 0.00034743 1 -0.0632377 -0.196682 0.05 91447.2
0 390 11 phononTF 0.000413962 -0.0632377 -0.196682 0.049999 91447.2 0.00034743 1 0.0365486 -0.284446 0.05 91792.7
0 416 3 phononTS 0.00184701 -2.85699 -2.16968 0.00373289 1058.86 0.00104229 1 -0.0476554 -0.197872 0.05 12674.4
0 427 3 phononTF 0.00134555 -2.26267 -2.85485 0.0129047 1427.24 0.00069486 1 -0.115157 -0.21983 0.05 11865.2
0 442 2 phononTS 0.00192607 -3.40543 -1.76657 0.0312355 5023.08 0.00069486 1 -0.0796693 -0.146972 0.05 12294.4
0 465 2 phononTS 0.00183258 -3.28379 -2.23373 -0.0294778 15.8427 0.00034743 1 -0.0484256 -0.164492 0.05 18514.1
0 465 4 phononL 0.000982805 -0.0484256 -0.164492 0.049999 18514.1 0.00034743 1 -0.0128496 -0.191293 0.05 18832
0 499 5 phononL 0.000815564 -2.06359 -0.335013 -0.0139755 10528 0.00034743 1 -0.0461032 -0.149428 0.05 16390.5
0 522 3 phononTS 0.00285179 -2.0255 -2.14605 0.001609 1203.02 0.00138972 1 0.0490453 -0.231387 0.05 10780.3
0 522 9 phononTF 0.00061632 0.0490453 -0.231387 0.049999 10780.3 0.00034743 1 -0.024135 -0.220611 0.05 11858.7
0 549 4 phononTS 0.00256077 -2.53017 -4.4604 -0.0359858 13019 0.00034743 1 -0.0418068 -0.294789 0.05 37884.9
0 549 7 phononTF 0.000956023 -0.0418068 -0.294789 0.049998 37884.9 0.00034743 1 -0.0360675 -0.296769 0.05 38098.1
0 549 6 phononL 0.00102731 -0.0418068 -0.294789 0.049998 37884.9 0.00034743 1 0.02742 -0.211092 0.05 118297
0 555 5 phononTF 0.00108872 -0.580484 -0.852519 0.0446375 13632.4 0.00034743 1 0.0338488 -0.215465 0.05 14771.6
0 555 4 phononL 0.00162438 -0.580484 -0.852519 0.0446375 13632.4 0.00069486 1 0.0770095 -0.195306 0.05 16544.2
0 574 3 phononTF 0.00114959 -3.30391 -3.08793 0.0229568 1625.89 0.00034743 1 -0.0957453 -0.180505 0.05 32816.4
0 594 3 phononTF 0.00191759 -2.09983 -2.22029 -0.0283175 8086.73 0.00034743 1 -0.107821 -0.231616 0.05 13224.4
0 638 3 phononTS 0.00239492 -2.10437 -2.35714 0.0456669 2132.54 0.00104229 1 0.0916463 -0.267198 0.05 18136.2
0 639 2 phononL 0.00180556 -3.9268 -1.78823 0.0093249 760.511 0.00034743 1 -0.0436478 -0.251559 0.05 19952.2
0 665 2 phononTS 0.00212644 -4.35021 -3.85373 -0.0435495 22307.2 0.00034743 1 -0.11081 -0.206453 0.05 143699
0 665 5 phononTF 0.000790725 -0.11081 -0.206453 0.049999 143699 0.00069486 1 -0.094076 -0.208631 0.05 143827
0 671 3 phononL 0.00136838 -4.42821 -1.81094 0.0301092 1547.93 0.00069486 1 0.0495752 -0.260165 0.05 77338.4
0 678 3 phononTF 0.00277094 -3.0554 -2.29955 -0.0248874 589.355 0.00069486 1 -0.0592329 -0.216882 0.05 46793.7
0 697 2 phononTS 0.00240946 -2.3727 -3.25948 -0.0425556 7205.28 0.00069486 1 -0.0197018 -0.169534 0.05 14077.8
0 697 4 phononTF 0.000481569 -0.0197018 -0.169534 0.049998 14077.8 0.00034743 1 -0.0895398 -0.223669 0.05 14144.1
0 708 3 phononL 0.0013961 -3.13639 -2.2305 -0.00865658 37.6959 0.00034743 1 -0.102714 -0.251377 0.05 106489
0 752 2 phononTS 0.0015647 -3.88346 -2.64184 -0.0246962 6938.66 0.00034743 1 -0.0535708 -0.239139 0.05 12892.4
0 755 3 phononTS 0.00217796 -2.57168 -2.04458 -0.0441522 14333.6 0.00069486 1 0.103648 -0.230695 0.05 35981.6
0 804 2 phononL 0.00232551 -3.56923 -2.06376 -0.00401412 1068 0.00034743 1 -0.08901 -0.220853 0.05 43754.9
0 822 3 phononTS 0.00207152 -1.92758 -2.77492 0.0240132 4314.52 0.00069486 1 -0.0612602 -0.191297 0.05 37872
0 822 10 phononTF 0.000476951 -0.0612602 -0.191297 0.049999 37872 0.00034743 1 -0.0431015 -0.222654 0.05 38086.5
0 840 3 phononTF 0.00127225 -3.54803 -1.91239 -0.0421944 5773.75 0.00034743 1 -0.0583399 -0.241754 0.05 37639.5
0 840 5 phononTF 0.000784043 -0.0583399 -0.241754 0.049999 37639.5 0.00034743 1 -0.0835725 -0.159742 0.05 37736.4
0 848 2 phononTF 0.00152069 -2.12867 0.577043 0.0329429 6301.98 0.00034743 1 0.0653161 -0.126703 0.05 19683.1
0 864 4 phononTF 0.00126889 -2.82634 -2.79822 -0.0384896 605.451 0.00034743 1 -0.0597776 -0.219301 0.05 61838.4
0 864 8 phononTS 0.000654901 -0.0597776 -0.219301 0.049999 61838.4 0.00034743 1 0.0655619 -0.248172 0.05 62287.6
0 889 4 phononTF 0.00188168 -3.99747 0.676221 0.0387595 2121.93 0.00034743 1 -0.0346992 -0.185758 0.05 50563.1
0 889 6 phononTS 0.00125137 -0.0346992 -0.185758 0.049998 50563.1 0.00034743 1 0.0829764 -0.182732 0.05 51219.7
0 910 2 phononL 0.00141002 -2.49824 -3.30552 0.0195913 7256.25 0.00034743 1 -0.100874 -0.253962 0.05 18153.9
0 910 4 phononTS 0.000602467 -0.100874 -0.253962 0.049999 18153.9 0.00034743 1 -0.0284484 -0.238694 0.05 18262.2
0 969 5 phononTF 0.0018356 -3.58739 1.61551 -0.0342799 15618.8 0.00069486 1 -0.10236 -0.258995 0.05 30590.6
0 990 2 phononTF 0.00168894 -3.2607 -2.26542 -0.00730216 3.7517 0.00069486 1 0.0558384 -0.110568 0.05 14740.9
0 1003 5 phononTS 0.00137908 -2.59347 -3.13666 -0.0183878 97814.3 0.00034743 1 0.0324605 -0.127878 0.05 117992
0 1007 4 phononTS 0.00103409 -3.87688 -1.00123 0.0386298 7326.21 0.00034743 1 0.0893571 -0.263371 0.05 27718.2
0 1011 3 phononTF 0.00267224 -4.34054 -1.17813 -0.00644299 18642.9 0.00034743 1 0.077497 -0.146595 0.05 57428.4
0 1011 4 phononTS 0.00228868 0.077497 -0.146595 0.049999 57428.4 0.00034743 1 -0.0269604 -0.157218 0.05 57511.5
0 1087 3 phononTF 0.00227615 -2.51379 -2.35465 0.00558457 1922.98 0.00069486 1 -0.0259728 -0.261505 0.05 26030.6
0 1112 3 phononTS 0.00135283 -3.63959 -1.60491 0.0210225 11032.3 0.00069486 1 0.0757444 -0.26737 0.05 130307
0 1131 5 phononTF 0.00136084 -0.600127 -2.16908 0.0488334 14665.2 0.00034743 1 0.0547371 -0.244355 0.05 94667.1
0 1138 4 phononL 0.00195329 -4.15654 -4.04867 0.044238 17025.6 0.00034743 1 -0.10738 -0.192154 0.05 58084
0 1138 9 phononTS 0.000591653 -0.10738 -0.192154 0.049999 58084 0.00034743 1 -0.0878396 -0.193708 0.05 58142.6
0 1138 6 phononTF 0.00046735 -0.10738 -0.192154 0.049999 58084 0.00034743 1 -0.0427858 -0.243217 0.05 61067.3
0 1149 5 phononTS 0.000703739 -3.795 -3.30455 -0.0362352 11476.1 0.00034743 1 0.0722889 -0.112821 0.05 16705.9
0 1157 2 phononTS 0.00118086 -2.94929 -2.38975 0.0186763 129.423 0.00034743 1 0.0487043 -0.186065 0.05 31888.1
0 1197 3 phononTS 0.00209067 -0.833511 -2.96309 0.0305231 17470.5 0.00034743 1 -0.0480398 -0.294894 0.05 36655.8
0 1197 6 phononL 0.000473226 -0.0480398 -0.294894 0.049999 36655.8 0.00034743 1 0.0599018 -0.128485 0.05 36840.7
0 1198 3 phononTS 0.000813881 -3.43464 -2.29529 0.0207962 704.021 0.00034743 1 0.0772875 -0.224288 0.05 73626.2
0 1247 2 phononTF 0.00166253 -4.23878 -2.26401 -0.0174283 18003.1 0.00034743 1 -0.0751393 -0.156492 0.05 22187.8
0 1247 5 phononTS 0.000547651 -0.0751393 -0.156492 0.049999 22187.8 0.00034743 1 -0.0996591 -0.188392 0.05 22342.2
0 1265 2 phononTS 0.00233445 -3.5898 -0.246636 0.024886 4215.54 0.00104229 1 -0.0300596 -0.115652 0.05 32066.7
0 1278 2 phononL 0.00272103 -3.05015 -2.09727 0.0472185 182.199 0.00034743 1 0.025734 -0.170546 0.05 21266.6
0 1280 5 phononTS 0.00103739 -4.15565 -2.36738 0.042652 9544.14 0.00034743 1 -0.0316088 -0.194647 0.05 59471.2
0 1306 3 phononTS 0.00197346 -3.03862 -2.25244 0.0134854 1528.95 0.00104229 1 0.0190493 -0.219636 0.05 12096.6
0 1331 2 phononTF 0.0017882 -3.29277 -2.35822 0.00165726 1399.39 0.00034743 1 0.0881493 -0.18348 0.05 7468.5
0 1388 2 phononL 0.00282388 -2.5697 -2.30377 -0.0398028 4555.54 0.00034743 1 -0.091122 -0.214658 0.05 16105.9
0 1388 4 phononL 0.000751759 -0.091122 -0.214658 0.049998 16105.9 0.00034743 1 0.0290088 -0.110728 0.05 16283.1
0 1437 2 phononTF 0.00221905 -3.08474 -2.17139 -0.0307179 3714.76 0.00034743 1 0.0670446 -0.248533 0.05 10282.5
0 1437 6 phononTS 0.00155506 0.0670446 -0.248533 0.049999 10282.5 0.00034743 1 0.0450367 -0.0972004 0.05 10734.2
0 1439 3 phononTS 0.0020025 -3.41655 -0.932433 0.0317712 2103.73 0.00069486 1 0.0578718 -0.210198 0.05 43751.6
0 1470 4 phononTS 0.00159513 -1.59493 -4.26339 -0.0252823 31031 0.00034743 1 -0.041959 -0.23482 0.05 57052.8
0 1470 6 phononTS 0.000929895 -0.041959 -0.23482 0.049998 57052.8 0.00034743 1 -0.057392 -0.20631 0.05 57127.4
0 1490 5 phononTF 0.00109375 -4.26627 2.92281 0.0143823 45929.6 0.00034743 1 0.0977847 -0.193728 0.05 71106.5
0 1490 8 phononL 0.000482184 0.0977847 -0.193728 0.049999 71106.5 0.00034743 1 -0.0849979 -0.204483 0.05 71168.8
0 1531 2 phononTF 0.00172971 -3.62291 -1.42244 -0.0308679 1946.85 0.00069486 1 -0.0217347 -0.216781 0.05 6933.23
0 1533 2 phononL 0.00138478 -3.21144 -2.07442 -0.0117848 11188.4 0.00034743 1 0.103657 -0.162351 0.05 72675.6
0 1556 2 phononTS 0.000804695 -3.1468 -3.76844 0.0303653 11255.7 0.00034743 1 0.0153927 -0.186929 0.05 49680.8
0 1610 2 phononTF 0.00145016 -3.2529 -1.46368 -0.000560162 2233.41 0.00034743 1 -0.0221485 -0.172231 0.05 50774.3
0 1637 5 phononTS 0.00202078 -2.00389 -4.11279 -0.0380794 11269.2 0.00034743 1 -0.0567536 -0.207217 0.05 25148.3
0 1637 9 phononTS 0.000961019 -0.0567536 -0.207217 0.049999 25148.3 0.00034743 1 0.115335 -0.185931 0.05 25376
0 1651 3 phononL 0.00188129 -1.34011 -0.881255 -0.0217824 20320.8 0.00034743 1 -0.0519274 -0.170026 0.05 21112.5
0 1653 3 phononTF 0.00293472 -3.57202 -1.38379 -0.0121818 2952.36 0.00034743 1 -0.0348411 -0.302393 0.05 26144.9
0 1653 4 phononTS 0.000392997 -0.0348411 -0.302393 0.049998 26144.9 0.00034743 1 -0.039657 -0.28649 0.05 26210.7
0 1684 2 phononTS 0.00192724 -2.76782 -1.95236 0.0155866 473.661 0.00069486 1 0.0452447 -0.176003 0.05 14182.8
0 1687 2 phononTS 0.00178974 -3.17486 -1.42723 -0.00495966 22148.2 0.00069486 1 0.0635653 -0.275498 0.05 76430.1
0 1687 5 phononL 0.000354644 0.0635653 -0.275498 0.049999 76430.1 0.00034743 1 -0.0537512 -0.219833 0.05 78832.5
0 1703 3 phononTS 0.00306412 -3.73647 -1.71223 -0.025521 2001.45 0.00034743 1 0.0747699 -0.251737 0.05 34545.5
0 1730 5 phononTF 0.000797996 3.19844 -4.40071 0.0157743 26094.6 0.00034743 1 -0.0551247 -0.187596 0.05 47381.1
0 1847 2 phononTS 0.00202923 -4.60132 -3.51103 0.00690226 2466.02 0.00034743 1 -0.0113639 -0.208908 0.05 25256.3
0 1847 5 phononTF 0.000367173 -0.0113639 -0.208908 0.049999 25256.3 0.00034743 1 0.0329141 -0.189378 0.05 25316.1
0 1847 4 phononL 0.00110558 -0.0113639 -0.208908 0.049999 25256.3 0.00034743 1 -0.0352187 -0.130481 0.05 26150.3
0 1847 13 phononTS 0.000430497 -0.0352187 -0.130481 0.049999 26150.3 0.00034743 1 0.0753185 -0.285765 0.05 26638.8
0 1860 2 phononTS 0.00123838 -2.89851 -2.31505 -0.00394589 2003.39 0.00034743 1 0.0911332 -0.196494 0.05 50621.6
0 1877 3 phononTF 0.00281264 -3.60547 -2.26933 -0.00936029 929.653 0.00069486 1 0.0238597 -0.120794 0.05 26769.7
0 1891 2 phononTS 0.0014253 -4.65895 -2.312 -0.0390212 9370.95 0.00069486 1 0.0695085 -0.146776 0.05 16860.3
0 1918 2 phononL 0.00232757 -1.05129 -3.20055 -0.0109674 10382.6 0.00034743 1 -0.0321974 -0.122019 0.05 33806.8
0 1937 5 phononTS 0.00162805 -3.18763 -1.99862 -0.0345383 25587.3 0.00069486 1 0.0547867 -0.189498 0.05 56845.1
0 1937 4 phononTF 0.00103626 -3.18763 -1.99862 -0.0345383 25587.3 0.00034743 1 -0.090702 -0.151858 0.05 54250.4
0 1962 3 phononTS 0.00147832 -2.23534 -1.81807 -0.0477122 3844.85 0.00034743 1 -0.0176202 -0.223672 0.05 33585
0 1973 3 phononTF 0.00269506 -2.97648 -2.11397 0.0459926 331.44 0.00034743 1 0.0259302 -0.264614 0.05 35988.2
0 1990 2 phononTS 0.00147839 -3.19398 -2.6353 0.0231938 9121.76 0.00069486 1 -0.0317844 -0.26086 0.05 23358.1
0 2009 2 phononTS 0.00246682 -4.3775 -3.58006 -0.0245157 8688.93 0.00104229 1 -0.0811192 -0.177332 0.05 43399.7
0 2049 3 phononTS 0.00211866 -2.91897 -1.82998 -0.0138918 5103.43 0.00069486 1 -0.0951334 -0.270207 0.05 17588.7
0 2053 5 phononTF 0.00127363 0.750057 -4.06678 0.0314711 52467.8 0.00069486 1 0.0685123 -0.210369 0.05 113974
0 2094 2 phononTS 0.00184904 -3.94918 -1.03146 0.0172897 6508.33 0.00069486 1 -0.0533897 -0.264089 0.05 13401.6
0 2103 2 phononTF 0.000923828 -3.25436 -2.42708 0.0284134 1539.86 0.00034743 1 -0.0261127 -0.121572 0.05 43192.9
0 2120 2 phononTS 0.0025524 -3.7058 -1.9685 0.0327065 9837.37 0.00034743 1 0.0310458 -0.203992 0.05 19866.3
0 2120 7 phononTF 0.000418827 0.0310458 -0.203992 0.049999 19866.3 0.00034743 1 -0.0172044 -0.17891 0.05 19932.7
0 2120 6 phononTF 0.000562186 0.0310458 -0.203992 0.049999 19866.3 0.00034743 1 -0.0360105 -0.095062 0.05 20018.2
0 2150 2 phononTF 0.00143099 -3.14612 -1.52406 0.0466822 2062.58 0.00034743 1 0.0516519 -0.190625 0.05 27789.3
0 2169 2 phononTS 0.00185184 -2.19308 -2.51301 -0.00968073 13570 0.00034743 1 -0.0273909 -0.215219 0.05 82379.9
0 2203 3 phononTF 0.00210469 -3.1008 -1.77444 -0.0196719 2214.09 0.00069486 1 -0.0943654 -0.20012 0.05 38704.8
0 2241 3 phononTF 0.00163191 -3.01706 -1.59563 0.0442945 1746.35 0.00104229 1 -0.0342321 -0.167437 0.05 5379.92
0 2247 2 phononL 0.00236554 -2.50077 -2.32946 -0.0475196 935.976 0.00104229 1 0.0633388 -0.148868 0.05 13861.3
0 2265 3 phononTS 0.00193313 -2.37513 -1.0815 -0.0196347 2378.59 0.00069486 1 0.0523429 -0.171394 0.05 9213.44
0 2265 4 phononL 0.000384942 0.0523429 -0.171394 0.049999 9213.44 0.00034743 1 0.106488 -0.207481 0.05 9267.08
0 2310 4 phononTF 0.00113771 -3.43091 -1.93636 -0.0235149 12762.2 0.00034743 1 0.035604 -0.28712 0.05 60154.2
0 2311 3 phononTF 0.00198681 -2.51106 -3.43663 -0.0026822 5301.39 0.00034743 1 -0.0747783 -0.261957 0.05 18279.9
0 2311 5 phononTF 0.000948747 -0.0747783 -0.261957 0.049999 18279.9 0.00034743 1 0.0563671 -0.117444 0.05 18431.3
0 2321 5 phononTS 0.000955977 -4.32127 2.59403 0.0358005 22793.2 0.00034743 1 -0.0662176 -0.125693 0.05 42749.4
0 2321 8 phononTS 0.000487765 -0.0662176 -0.125693 0.049998 42749.4 0.00034743 1 -0.110193 -0.155339 0.05 42958.2
0 2323 3 phononTS 0.0024532 -3.46407 -2.06533 -0.0105924 1264.98 0.00034743 1 0.0502574 -0.105412 0.05 17188.9
0 2352 3 phononTS 0.00273553 -3.40519 -2.01542 0.00318765 725.899 0.00034743 1 -0.117574 -0.204252 0.05 15387.8
0 2360 3 phononTF 0.00217516 -3.05116 -2.21431 0.0393246 41.5469 0.00034743 1 0.0530103 -0.252733 0.05 14000.3
0 2372 5 phononL 0.00127927 1.14351 -4.80858 0.0424815 16605.5 0.00034743 1 0.0416375 -0.248105 0.05 18353.3
0 2378 3 phononTS 0.00181302 -3.40597 -2.18716 0.0268401 160.106 0.00034743 1 -0.0807766 -0.21485 0.05 19074.1
0 2409 2 phononTF 0.00223298 -1.81639 -0.608538 0.0351935 4853.06 0.00069486 1 -0.054489 -0.220308 0.05 13849.5
0 2444 3 phononTF 0.00225941 -3.86695 -1.17575 -0.047662 2851.41 0.00034743 1 -0.076151 -0.188619 0.05 67969.4
0 2444 4 phononL 0.00170794 -0.076151 -0.188619 0.049999 67969.4 0.00034743 1 -0.0991499 -0.218253 0.05 68018.2
0 2444 9 phononTF 0.00052325 -0.0991499 -0.218253 0.049999 68018.2 0.00034743 1 0.027495 -0.220632 0.05 68085.9
0 2470 5 phononTS 0.000968437 -2.37942 -4.95737 0.0259686 12964.6 0.00034743 1 -0.0142388 -0.182769 0.05 171075
0 2480 4 phononTS 0.000732788 -1.79029 4.26763 0.0201245 40665.4 0.00034743 1 -0.0512536 -0.217546 0.05 64884.6
0 2501 2 phononTS 0.0013074 -2.17113 -1.92182 -0.011225 3286.46 0.00034743 1 0.0717872 -0.279921 0.05 68916
0 2506 3 phononTF 0.000980692 -3.32858 -2.22218 -0.0353095 20.7972 0.00034743 1 0.0821561 -0.236368 0.05 91783.5
0 2539 3 phononTS 0.00270486 -2.79805 -2.27765 0.025939 2173.82 0.00138972 1 0.0187542 -0.170321 0.05 23127.8
0 2600 3 phononL 0.00248522 -3.85285 -0.783101 0.022055 9024.44 0.00104229 1 -0.0711449 -0.140525 0.05 52381.7
0 2611 2 phononL 0.00285048 -2.78795 -1.2123 -0.0189862 7022.44 0.00069486 1 -0.0248753 -0.13359 0.05 32133.2
0 2611 4 phononTF 0.000649935 -0.0248753 -0.13359 0.049999 32133.2 0.00034743 1 -0.0303418 -0.23102 0.05 32269.5
0 2629 5 phononTS 0.00185814 4.71409 0.709274 0.0254362 35036.7 0.00069486 1 0.0913094 -0.130208 0.05 39431.9
0 2629 9 phononTF 0.00102396 0.0913094 -0.130208 0.049999 39431.9 0.00034743 1 -0.0823375 -0.250859 0.05 42846.7
0 2638 3 phononTS 0.00225834 -3.45432 -0.382131 0.0203642 3709.39 0.00034743 1 0.050833 -0.104086 0.05 9932.29
0 2638 4 phononTF 0.00141398 0.050833 -0.104086 0.049999 9932.29 0.00034743 1 -0.0210496 -0.159402 0.05 10278
0 2638 9 phononTF 0.00089772 -0.0210496 -0.159402 0.049999 10278 0.00034743 1 -0.0334511 -0.162977 0.05 10342.7
0 2639 3 phononTS 0.00207181 -2.8794 -2.93409 -0.00143809 2379.26 0.00069486 1 -0.076815 -0.229911 0.05 62367.6
0 2730 2 phononTS 0.0015295 -2.99843 -2.54706 0.0493497 4934.57 0.00069486 1 0.0829604 -0.279532 0.05 17625.5
0 2730 6 phononTF 0.000760587 0.0829604 -0.279532 0.049999 17625.5 0.00034743 1 0.0777077 -0.17869 0.05 17780.8
0 2765 3 phononTS 0.00127118 -3.21729 -3.13255 -0.0132362 1590.03 0.00069486 1 -0.0490654 -0.271671 0.05 40598.5
0 2855 2 phononTS 0.00158739 -3.25102 -2.24909 -0.00146167 0.369604 0.00034743 1 0.0549757 -0.151266 0.05 13011.8
0 2884 5 phononTF 0.00124566 0.374855 -0.372873 0.025634 42925.3 0.00034743 1 0.0558727 -0.229869 0.05 44760.3
0 2937 2 phononL 0.00191695 -3.1152 -2.0883 0.0440952 5540.59 0.00069486 1 0.100674 -0.25765 0.05 18288.2
0 2954 7 phononTS 0.00108598 2.12051 -4.92915 0.0167125 30054.1 0.00034743 1 0.0902794 -0.253745 0.05 36486.5
0 2967 2 phononTS 0.00177046 -3.49561 -2.99329 0.00482624 11057.7 0.00069486 1 0.0431496 -0.191449 0.05 22632.9
0 3004 2 phononTF 0.00230588 0.0897036 -1.83836 0.039375 23154.3 0.00034743 1 -0.0187123 -0.186426 0.05 26443.7
0 3016 2 phononTS 0.0017244 -2.83868 -2.78621 0.0393399 2482.41 0.00034743 1 0.0636052 -0.206831 0.05 22626.6
0 3017 2 phononTF 0.00205181 -3.27725 -2.33466 -0.0447853 2176.18 0.00034743 1 -0.0159772 -0.185537 0.05 104760
0 3035 2 phononTS 0.00198178 -3.48762 -2.00128 0.0425263 64.7467 0.00069486 1 -0.0905575 -0.228485 0.05 6268.34
0 3057 5 phononTS 0.00143147 -3.50765 -1.08948 0.023593 40925.6 0.00034743 1 0.027398 -0.246425 0.05 95573.4
0 3103 3 phononL 0.00289994 -2.31164 -1.61875 -0.0223653 5025.8 0.00069486 1 0.0249811 -0.260368 0.05 12611
0 3103 11 phononTS 0.000365355 0.0249811 -0.260368 0.049999 12611 0.00034743 1 -0.0369037 -0.179515 0.05 12688.8
0 3105 3 phononTS 0.00252557 -3.17948 -2.13011 0.0411563 2760.85 0.00069486 1 0.028343 -0.244864 0.05 60621.7
0 3145 3 phononL 0.00183606 -3.37255 -2.61439 -0.0310612 1984.07 0.00034743 1 -0.0891274 -0.178269 0.05 8782.93
0 3249 2 phononTS 0.00149911 -4.78641 -2.9318 -0.0391432 3039.36 0.00069486 1 0.111944 -0.167833 0.05 103881
0 3325 2 phononTF 0.00218576 -3.27286 -2.61335 -0.00100715 5541.91 0.00069486 1 0.0646992 -0.262991 0.05 102656
0 3332 3 phononTS 0.00244006 -2.74901 -1.51485 0.0275123 3905.97 0.00138972 1 0.106254 -0.213976 0.05 11749.1
0 3413 2 phononTS 0.00149904 -2.8527 -3.26449 -0.0193504 6102.64 0.00034743 1 0.0735307 -0.186303 0.05 8288.63
0 3417 3 phononTF 0.00219677 -2.03526 -1.64657 -0.0150726 9248.21 0.00034743 1 -0.105792 -0.149322 0.05 13804.7
0 3471 7 phononTF 0.000958074 -1.55591 -0.312967 -0.0159304 52270.9 0.00034743 1 -0.0420028 -0.108486 0.05 60061.9
0 3527 5 phononTS 0.000792785 -1.94228 0.481162 0.00880762 83240.2 0.00034743 1 0.0393136 -0.289427 0.05 177773
0 3534 3 phononTF 0.00234387 -0.666486 -4.49854 0.00604018 11651.2 0.00034743 1 -0.0400802 -0.290346 0.05 18186.8
0 3561 3 phononTS 0.00224293 -4.06024 -3.12284 0.042863 9665.97 0.00034743 1 -0.07561 -0.138358 0.05 33369.5
0 3624 4 phononTF 0.00131028 3.63805 -2.35497 -0.0378163 13694.9 0.00034743 1 -0.0929506 -0.149326 0.05 32359.3
0 3631 3 phononTF 0.000852949 -3.32117 0.0788904 0.049999 3462.36 0.00034743 1 -0.102215 -0.209833 0.05 59506
0 3636 3 phononTF 0.00192028 -2.64168 -2.69321 -0.0400984 1169.38 0.00034743 1 -0.107401 -0.163864 0.05 18144.2
0 3636 4 phononTF 0.000779599 -0.107401 -0.163864 0.049999 18144.2 0.00034743 1 -0.0492036 -0.135274 0.05 18212.3
0 3709 4 phononTS 0.000907057 -3.72661 0.527316 0.0291479 58980.9 0.00034743 1 -0.0948777 -0.21879 0.05 211095
0 3721 2 phononTF 0.00263222 -3.16989 -1.40079 0.038526 993.569 0.00069486 1 0.031629 -0.279519 0.05 29275.2
0 3742 5 phononTS 0.000976806 1.91449 -1.63934 -0.0288245 66592.3 0.00069486 1 0.0601223 -0.184035 0.05 102769
0 3761 2 phononTF 0.00126132 -3.49983 -3.07364 0.0433643 2373.53 0.00034743 1 -0.0923629 -0.181042 0.05 23776.3
0 3773 3 phononTS 0.00241627 -3.33333 -2.59065 0.0158999 5023.55 0.00034743 1 0.0952923 -0.158512 0.05 22828.7
0 3789 1 phononTF 0.004 -3.25 -2.25 0 0 0.00034743 1 -0.0419047 -0.199581 0.05 8560.94
0 3810 3 phononTF 0.00171167 -3.51193 -1.35469 -0.0317578 8842.8 0.00069486 1 -0.016932 -0.23192 0.05 15027.5
0 3842 4 phononTF 0.000651867 -1.32097 -4.32951 -0.0184873 7542.19 0.00034743 1 -0.0271742 -0.273057 0.05 19261.5
0 3861 3 phononTF 0.00187098 -3.56747 -2.19468 0.0192041 15153.2 0.00034743 1 0.025088 -0.136207 0.05 37592.9
0 3880 2 phononTS 0.00217222 -3.38504 -2.23015 -0.00559403 282.791 0.00069486 1 0.0388673 -0.26209 0.05 10230.5
0 3880 4 phononTF 0.000489022 0.0388673 -0.26209 0.049999 10230.5 0.00034743 1 0.0329118 -0.28239 0.05 10287.8
0 3905 3 phononL 0.00144426 -3.47651 -2.27007 -0.0184691 243.045 0.00034743 1 0.0746145 -0.149204 0.05 10426.6
0 3905 12 phononTF 0.00104268 -0.753257 -1.34633 -0.0239216 97151.3 0.00069486 1 -0.0488888 -0.138597 0.05 106646
0 3932 3 phononTS 0.0014753 -0.815073 -2.99622 -0.013314 14162.4 0.00034743 1 0.0254601 -0.211276 0.05 23252.4
0 3938 3 phononTS 0.00148818 -2.44868 -2.50592 -0.0376308 1703.25 0.00069486 1 0.0415558 -0.184809 0.05 69710.8
0 3943 3 phononTF 0.0029831 -2.36388 -2.2723 0.00133409 1726.97 0.00069486 1 0.0892303 -0.253176 0.05 14764.9
0 3943 4 phononTF 0.00134767 0.0892303 -0.253176 0.049999 14764.9 0.00034743 1 0.0887096 -0.186362 0.05 14824.6
0 3952 2 phononTS 0.00192889 0.703886 -2.05065 -0.0265145 21811.2 0.00034743 1 0.0419754 -0.107079 0.05 23507.1
0 4011 2 phononTS 0.00176154 -3.24394 -0.972144 0.0220087 717.99 0.00034743 1 0.096657 -0.167098 0.05 72026.1
0 4038 6 phononTS 0.000424946 -4.6324 0.0123449 0.049999 7355.27 0.00034743 1 -0.0447165 -0.233496 0.05 40933.8
0 4043 3 phononTS 0.00188741 -4.04861 -3.40207 0.015677 18409.3 0.00069486 1 0.0818517 -0.243117 0.05 65677.8
0 4102 3 phononTS 0.00150304 -2.89991 -1.69207 -0.0298237 1521.66 0.00034743 1 0.0723722 -0.21026 0.05 61714.6
0 4104 2 phononL 0.00159467 -3.06962 -2.77659 0.0150476 4102.12 0.00034743 1 -0.071358 -0.261354 0.05 7635.92
0 4106 2 phononTS 0.002706 -3.24862 -2.25218 1.70966e-05 0.493584 0.00138972 1 -0.0677167 -0.183996 0.05 15180.3
0 4201 3 phononTF 0.00271698 -4.20306 -3.00899 0.0359946 4186 0.00069486 1 0.0397699 -0.283117 0.05 26368.4
0 4216 5 phononTS 0.00102047 0.0856473 0.614771 -0.0116527 16898.5 0.00034743 1 -0.0967661 -0.177102 0.05 21220.6
0 4235 3 phononTS 0.00198695 -2.24995 -2.99294 0.00711019 1368.95 0.00034743 1 -0.0262091 -0.111915 0.05 63683.3
0 4235 8 phononTS 0.00087476 -0.0262091 -0.111915 0.049999 63683.3 0.00034743 1 0.0853149 -0.181981 0.05 63989.1
0 4252 2 phononTS 0.000705744 -3.16938 -2.75833 0.0067222 1458.02 0.00034743 1 0.088118 -0.224522 0.05 34757.8
0 4320 3 phononTS 0.00147362 -2.01525 -1.0967 -0.0366063 12700.1 0.00069486 1 -0.0193055 -0.163024 0.05 17752.6
0 4383 3 phononTF 0.00222159 -2.82784 -2.51457 -0.0376101 4216.3 0.00069486 1 0.108064 -0.166392 0.05 6923.53
0 4400 3 phononTS 0.00179854 -2.96183 -1.11901 -0.0347883 4694.38 0.00069486 1 -0.106751 -0.158898 0.05 38586.5
0 4431 4 phononTF 0.0011992 -3.01184 -2.38335 0.0104278 1063.66 0.00034743 1 -0.116827 -0.216289 0.05 33696.2
0 4435 2 phononTF 0.00194326 -3.48569 -2.53841 -0.04227 77.2768 0.00034743 1 0.0833692 -0.25172 0.05 46786.2
0 4435 6 phononTS 0.00128887 0.0833692 -0.25172 0.049999 46786.2 0.00034743 1 0.0841103 -0.244671 0.05 46883.9
0 4435 11 phononTF 0.00059245 0.0841103 -0.244671 0.049999 46883.9 0.00034743 1 0.0544792 -0.204312 0.05 47015.5
0 4461 3 phononTF 0.00186363 -4.31655 -2.52577 0.0135301 4808.37 0.00069486 1 0.0818017 -0.190617 0.05 88009.7
0 4485 6 phononTS 0.000813481 -4.01616 4.88854 0.0130611 95709.8 0.00034743 1 0.0306481 -0.0941433 0.05 201772
0 4514 4 phononTF 0.00133671 0.19084 2.90799 -0.0326556 31044.3 0.00034743 1 -0.0298529 -0.292168 0.05 134431
0 4567 3 phononTF 0.00214191 -3.90038 -2.15617 -0.0219588 1763.09 0.00104229 1 0.105743 -0.227237 0.05 21243.1
0 4583 7 phononTF 0.00165817 3.48192 0.0945218 -0.000871109 60013.1 0.00069486 1 -0.109355 -0.203029 0.05 64411.3
0 4620 3 phononTF 0.00225729 -3.01538 -2.75567 0.0341228 2769.9 0.00034743 1 0.0896257 -0.269469 0.05 12839.1
0 4632 3 phononTF 0.00193856 -1.96361 -3.01211 -0.00475427 11058.9 0.00034743 1 0.0541035 -0.164055 0.05 65059.7
0 4688 5 phononTS 0.00190365 1.66709 0.414111 -0.0175384 12427.8 0.00034743 1 0.0977792 -0.13602 0.05 15003.8
0 4716 3 phononL 0.0016085 -4.45575 -4.57056 0.0387976 9428 0.00069486 1 -0.054551 -0.148208 0.05 25335.7
0 4732 3 phononTS 0.00235962 -1.15526 0.305446 -0.0467348 8950.53 0.00104229 1 0.0600971 -0.217596 0.05 10309.1
0 4750 2 phononTS 0.00130362 -2.80595 -2.55102 0.0425847 758.079 0.00034743 1 0.11968 -0.194296 0.05 58755.3
0 4756 2 phononL 0.000747308 -3.48726 -2.15675 -0.0162139 628.709 0.00034743 1 0.0502917 -0.191307 0.05 42415.9
0 4766 2 phononTS 0.00198162 -3.36976 -2.30326 0.00281444 1428.53 0.00104229 1 -0.0310744 -0.210511 0.05 57654.6
0 4768 2 phononTS 0.00115422 -3.97619 -2.07303 -0.0215281 3234.63 0.00034743 1 -0.0635046 -0.278462 0.05 32067
0 4791 5 phononTS 0.00110354 -3.21129 -2.31094 -0.0349717 2867.08 0.00069486 1 0.0421745 -0.25623 0.05 20892.6
0 4798 2 phononTF 0.00240095 -2.57052 -1.83632 0.0343697 10864.6 0.00069486 1 -0.0358676 -0.105751 0.05 15674.3
0 4811 3 phononTF 0.00175489 -3.32374 -2.78724 0.0188516 954.537 0.00104229 1 -0.094499 -0.212194 0.05 10459.3
0 4816 3 phononTF 0.00190842 -2.67981 -2.16772 0.0365734 14515.1 0.00034743 1 0.0312475 -0.157503 0.05 45560.5
0 4842 3 phononTF 0.00226809 -2.29234 -1.93106 -0.0263718 7192.81 0.00104229 1 -0.0604711 -0.105998 0.05 16553.6
0 4845 5 phononTS 0.00154856 -1.50693 3.73271 0.026182 45819.5 0.00034743 1 -0.065349 -0.110953 0.05 80317
0 4912 2 phononL 0.00153025 -3.35051 -2.12024 -0.0441365 335.751 0.00034743 1 0.0368039 -0.24257 0.05 43967.8
0 4915 3 phononTF 0.0017931 -3.36613 -1.72474 0.0496786 1518.79 0.00069486 1 -0.0714543 -0.273076 0.05 83666.9
0 4973 2 phononTS 0.000503251 -0.768112 -2.92219 -0.016267 9286.57 0.00034743 1 0.0799153 -0.262059 0.05 35071.3
0 4983 2 phononTS 0.00203092 -3.19933 -1.96704 -0.0181737 773.332 0.00034743 1 -0.0686421 -0.203004 0.05 10993.7
