Run ID,Event ID,Track ID,Particle Name,Start Energy [eV],Start X [mm],Start Y [mm],Start Z [mm],Start Time [ns],Energy Deposited [eV],Track Weight,End X [mm],End Y [mm],End Z [mm],Final Time [ns],Volume Name
0 27 3 phononL 0.000944816 1.36837 -4.27818 -0.00210174 4630.92 0.00034743 1 -0.0695877 -0.187808 0.05 10728.5
0 40 2 phononTF 0.00270454 3.94081 -0.956293 0.046334 23434.4 0.00104229 1 0.037978 -0.122945 0.05 39834.7
0 80 1 phononL 0.004 0.25 -3.75 0 0 0.00104229 1 -0.032612 -0.195293 0.05 18428.9
0 118 3 phononTF 0.00207819 0.650328 -2.91998 -0.0296811 5799.62 0.00034743 1 0.108979 -0.232523 0.05 18310.2
0 118 4 phononTS 0.000483242 0.108979 -0.232523 0.049999 18310.2 0.00034743 1 -0.039878 -0.282455 0.05 46390
0 120 5 phononL 0.0023203 0.0195191 -3.4403 0.00147774 18484.6 0.00034743 1 -0.0559698 -0.272024 0.05 26548.2
0 127 3 phononL 0.00224465 -0.379911 -3.58823 -0.00585645 4111.66 0.00034743 1 0.0650874 -0.134585 0.05 65617
0 146 2 phononTF 0.00231203 0.743908 -4.38694 -0.0127328 1373.62 0.00104229 1 0.090378 -0.151962 0.05 10358.2
0 152 2 phononTS 0.00212487 1.61784 -3.53297 -0.0384563 1134.45 0.00034743 1 0.0227604 -0.211016 0.05 51158.1
0 174 3 phononL 0.00255076 0.15719 -3.68552 0.000109386 38.4896 0.00069486 1 0.0907505 -0.267192 0.05 48610.6
0 176 3 phononTS 0.00194449 0.754483 -3.61248 -0.0259753 5724.33 0.00034743 1 -0.0718995 -0.237146 0.05 7932.84
0 190 2 phononL 0.00163002 0.0130611 -0.952999 0.0378639 24230 0.00034743 1 -0.108651 -0.245059 0.05 25923.3
0 245 5 phononTS 0.0014148 -1.9623 -4.39303 0.0137672 8710.05 0.00034743 1 0.0124734 -0.197144 0.05 15426.5
0 258 2 phononTS 0.00135422 0.343917 -3.7316 0.0353857 35.3189 0.00034743 1 0.0936342 -0.212137 0.05 20005.5
0 307 2 phononTS 0.00227902 -0.201495 -4.1496 -0.0254825 12542.3 0.00034743 1 0.0563408 -0.119028 0.05 67286.2
0 319 2 phononTS 0.00195028 -0.962818 -3.65929 -0.0145714 7571.21 0.00104229 1 -0.0874398 -0.257393 0.05 12059.2
0 415 2 phononTF 0.00180024 0.141586 -3.51737 0.0361925 2610.3 0.00034743 1 0.0815186 -0.150196 0.05 5911.72
0 432 3 phononTS 0.00267009 -3.34609 -3.81355 -0.032959 14979.1 0.00034743 1 -0.0339856 -0.233714 0.05 52680.2
0 479 3 phononTF 0.00192967 0.237288 -3.71517 0.0233946 8.23934 0.00104229 1 0.0734901 -0.2632 0.05 34935.4
0 479 2 phononTS 0.00207033 0.237288 -3.71517 0.0233946 8.23934 0.00034743 1 0.0589486 -0.152443 0.05 75154.6
0 479 22 phononTF 0.00100416 0.0589486 -0.152443 0.049999 75154.6 0.00069486 1 -0.0904639 -0.182544 0.05 75237.5
0 502 1 phononTF 0.004 0.25 -3.75 0 0 0.00069486 1 0.0934153 -0.176734 0.05 15444.9
0 502 8 phononTF 0.000783165 0.0934153 -0.176734 0.049999 15444.9 0.00034743 1 0.0736258 -0.195688 0.05 15551.9
0 509 3 phononTF 0.00191124 0.864665 -4.74254 -0.000323067 10301.9 0.00034743 1 -0.0891428 -0.187198 0.05 40720
0 560 5 phononTF 0.00134709 4.76351 -0.0759487 0.0126924 42676.3 0.00034743 1 0.076242 -0.223254 0.05 83432.4
0 563 3 phononTS 0.0015948 0.252374 -3.61193 0.00552048 1571.78 0.00034743 1 0.0559318 -0.26041 0.05 21709.7
0 589 6 phononTF 0.000919078 0.721997 -4.81041 -0.0422682 32245.4 0.00034743 1 -0.0528107 -0.150084 0.05 61820.4
0 641 2 phononL 0.00164777 0.455664 -3.64009 0.0309599 77.6926 0.00034743 1 0.102505 -0.169713 0.05 7286.39
0 641 6 phononL 0.000520896 0.102505 -0.169713 0.049998 7286.39 0.00034743 1 -0.0431126 -0.222256 0.05 7336.97
0 660 2 phononTS 0.00108022 0.157921 -4.14439 0.0357822 3059.31 0.00034743 1 0.0476579 -0.268031 0.05 88832.9
0 667 2 phononTS 0.00289555 -0.67942 -1.68328 0.0226161 16611.3 0.00034743 1 0.0596838 -0.153508 0.05 26137
0 691 5 phononTF 0.00122885 -2.65131 -0.0109077 0.0238468 25218.6 0.00069486 1 0.114982 -0.21061 0.05 41733.6
0 753 2 phononL 0.00167905 0.0557455 -4.88482 0.0180303 1607.11 0.00034743 1 -0.0284354 -0.176837 0.05 21480
0 766 3 phononTS 0.00285533 1.70146 -4.42893 0.0141806 4276.31 0.00104229 1 -0.0525919 -0.137055 0.05 10199.9
0 769 5 phononL 0.000860141 -4.48389 -2.94019 -0.0381249 13258.6 0.00034743 1 -0.0765304 -0.156587 0.05 62709.3
0 777 2 phononTS 0.00224638 0.827384 -4.52469 -0.0115474 12303.1 0.00104229 1 0.0774226 -0.258056 0.05 31083.7
0 818 3 phononTF 0.00214776 0.959988 -3.43233 -0.0403882 797.37 0.00034743 1 0.0334501 -0.237896 0.05 8455.74
0 867 4 phononTF 0.00129435 2.91123 -3.54413 -0.022882 52161.1 0.00069486 1 -0.0579331 -0.271671 0.05 72638.7
0 885 2 phononTS 0.00246381 0.967447 -0.676678 -0.0436236 13746.8 0.00069486 1 -0.0420064 -0.273794 0.05 18998.9
0 910 3 phononTF 0.00255677 0.391495 -3.40122 -0.0293028 976.374 0.00069486 1 0.0669963 -0.264335 0.05 9110.03
0 921 5 phononTS 0.00122178 1.07221 -1.97547 -0.0433596 37459 0.00034743 1 0.0556879 -0.251426 0.05 47446.8
0 924 3 phononTF 0.00278097 0.115765 -3.85707 -0.0132967 32.4141 0.00034743 1 -0.0692003 -0.291947 0.05 9642.54
0 924 4 phononTS 0.00115351 -0.0692003 -0.291947 0.049999 9642.54 0.00034743 1 -0.0608611 -0.288825 0.05 9698.82
0 924 10 phononTS 0.000568888 -0.0608611 -0.288825 0.049999 9698.82 0.00034743 1 -0.0555438 -0.287507 0.05 9756.27
0 959 2 phononL 0.00171071 -0.179257 -3.7111 0.00879368 1853.34 0.00069486 1 0.0445036 -0.242458 0.05 21565.6
0 959 8 phononTS 0.000381975 0.0445036 -0.242458 0.049999 21565.6 0.00034743 1 -0.0823991 -0.21678 0.05 21652.1
0 969 2 phononTF 0.00141002 1.00176 -4.80552 0.0195913 7256.25 0.00069486 1 0.0788107 -0.269105 0.05 35580.8
0 982 4 phononTF 0.00126346 0.344775 -3.51271 -0.0268065 38539.6 0.00034743 1 0.0556863 -0.245453 0.05 43439.3
0 1009 2 phononTS 0.00230573 0.76464 -4.61222 -0.030876 2459.84 0.00069486 1 0.0441108 -0.151438 0.05 8094.79
0 1014 4 phononTF 0.00068123 4.98896 0.505405 -0.0422339 99859.5 0.00034743 1 -0.109226 -0.19248 0.05 116921
0 1026 5 phononTF 0.00216254 -0.101215 -1.68656 -0.036911 9746.9 0.00034743 1 -0.103171 -0.228714 0.05 18912.1
0 1027 3 phononL 0.00220535 0.404534 -3.66605 0.00323521 3233.19 0.00104229 1 0.109298 -0.180854 0.05 35566.1
0 1031 3 phononTS 0.00153146 0.534047 -4.86693 -0.0479867 5284.58 0.00069486 1 0.0427999 -0.195052 0.05 35196.6
0 1031 4 phononTS 0.000422445 0.0427999 -0.195052 0.049999 35196.6 0.00034743 1 0.0201409 -0.174273 0.05 35326.7
0 1040 2 phononTS 0.00224422 -2.5323 -2.80854 0.0452125 12815.1 0.00104229 1 0.0418111 -0.145215 0.05 17621.6
0 1065 3 phononTS 0.00194831 2.5196 -4.83178 -0.0402297 9093.52 0.00034743 1 -0.0737239 -0.277029 0.05 91130.6
0 1077 2 phononTF 0.00186107 0.338617 -1.10648 0.0387164 6596.62 0.00034743 1 0.0923491 -0.25071 0.05 8684.95
0 1085 5 phononL 0.00181108 -2.42814 -2.9503 0.0118001 13584.4 0.00104229 1 -0.077923 -0.150298 0.05 20168.6
0 1085 4 phononTS 0.00196993 -2.42814 -2.9503 0.0118001 13584.4 0.00034743 1 -0.0869921 -0.133936 0.05 63460
0 1131 4 phononTS 0.000892119 -2.06193 -4.86768 0.0279314 9524.43 0.00034743 1 0.0857753 -0.254749 0.05 46236.2
0 1160 3 phononTS 0.00144272 0.601185 -3.2824 -0.0267275 386.033 0.00034743 1 -0.0723174 -0.193057 0.05 5267.07
0 1179 4 phononTF 0.00124173 0.511823 -3.74905 -0.038293 13058.5 0.00034743 1 0.0756959 -0.172352 0.05 24124.4
0 1187 2 phononTS 0.00294575 0.159779 -3.53593 -0.00377875 120.426 0.00104229 1 -0.0532359 -0.178628 0.05 10717.3
0 1234 3 phononTS 0.00189738 -0.456802 -3.15877 0.0405845 1747.7 0.00069486 1 -0.0273038 -0.294447 0.05 10199.6
0 1283 2 phononTF 0.00112547 0.258193 -3.75393 -0.0109692 2.66305 0.00069486 1 0.0307787 -0.230428 0.05 7326.81
0 1285 5 phononL 0.00136042 -0.118082 -4.97759 0.0489014 22626.6 0.00069486 1 0.0731491 -0.285581 0.05 73613.9
0 1303 2 phononTF 0.00178204 -1.13048 -3.30383 0.037413 6960.12 0.00034743 1 -0.0840125 -0.200702 0.05 92955.3
0 1317 3 phononTS 0.00201031 0.155901 -3.73323 -0.0267651 38.4981 0.00034743 1 0.0594109 -0.206092 0.05 5346.37
0 1335 2 phononTF 0.00118315 0.332029 -4.84566 -0.0484174 9739.9 0.00034743 1 0.0616925 -0.110794 0.05 25583.6
0 1335 5 phononTF 0.000757001 0.0616925 -0.110794 0.049999 25583.6 0.00034743 1 -0.06662 -0.24075 0.05 25674.7
0 1338 2 phononL 0.00183325 0.281524 -3.7567 0.0381256 9.362 0.00034743 1 0.0730057 -0.185561 0.05 19471.7
0 1347 3 phononTF 0.00203777 1.35915 -3.9474 -0.00171261 3702.31 0.00104229 1 -0.0320309 -0.270705 0.05 40432.9
0 1450 3 phononL 0.00119681 1.04474 -2.53405 0.0398287 5393.69 0.00034743 1 0.0526905 -0.165575 0.05 53694.8
0 1456 2 phononTS 0.00165044 2.92896 -3.91283 0.0176533 5646.28 0.00034743 1 0.0955216 -0.188216 0.05 25370.8
0 1459 3 phononTS 0.00195035 0.158392 -2.70625 0.000612527 11319.4 0.00034743 1 -0.0693912 -0.153814 0.05 14779.3
0 1513 4 phononTS 0.000538038 -2.80334 -1.66815 0.0303427 27128 0.00034743 1 0.0360163 -0.248687 0.05 32547.1
0 1544 3 phononTS 0.00258827 0.759769 -3.52043 0.0265064 1478.53 0.00069486 1 -0.0759315 -0.208103 0.05 15647.2
0 1551 3 phononTS 0.0026667 0.0187254 -4.61153 -0.0309234 7810.85 0.00069486 1 0.0675956 -0.127071 0.05 39075.6
0 1551 5 phononTF 0.000927887 0.0675956 -0.127071 0.049999 39075.6 0.00034743 1 0.0256725 -0.202982 0.05 53556.5
0 1551 4 phononTF 0.000864756 0.0675956 -0.127071 0.049999 39075.6 0.00034743 1 0.100247 -0.161461 0.05 39199.7
0 1569 5 phononTS 0.00183254 0.154546 -2.44176 0.0491694 26187.1 0.00034743 1 0.0510285 -0.121641 0.05 56210.3
0 1591 3 phononTF 0.00133643 0.156484 -3.58977 -0.0441716 164.062 0.00034743 1 0.092351 -0.225101 0.05 33014
0 1599 5 phononTS 0.00156646 2.49841 -4.36681 -0.03753 12593.7 0.00069486 1 0.0846957 -0.214331 0.05 46704.9
0 1627 3 phononTS 0.00206056 0.540632 -3.8645 0.0180542 5679.44 0.00034743 1 -0.111312 -0.17334 0.05 13773.3
0 1627 4 phononTF 0.000365234 -0.111312 -0.17334 0.049999 13773.3 0.00034743 1 -0.104639 -0.166038 0.05 13836.2
0 1637 2 phononTS 0.00154281 2.30246 -3.83659 -0.00995317 4124.9 0.00069486 1 -0.0945749 -0.215593 0.05 22417.7
0 1637 4 phononTS 0.000423288 -0.0945749 -0.215593 0.049999 22417.7 0.00034743 1 0.0340787 -0.288972 0.05 22574.8
0 1649 3 phononTF 0.00191555 2.7544 -4.11717 -0.0219119 14156.8 0.00034743 1 0.0973179 -0.210288 0.05 38377.1
0 1649 6 phononL 0.000683878 0.0973179 -0.210288 0.049999 38377.1 0.00034743 1 -0.0563758 -0.146013 0.05 38539.5
0 1654 2 phononTF 0.00165796 -0.42263 -3.48284 0.00485647 1663.6 0.00034743 1 -0.105257 -0.198217 0.05 37687.6
0 1674 3 phononTS 0.0018976 1.62908 -3.29163 0.0363546 2956.41 0.00034743 1 0.0442959 -0.161579 0.05 30170.1
0 1680 2 phononTS 0.00131159 0.123115 -3.84106 -0.0130625 3599.95 0.00034743 1 0.0614168 -0.168998 0.05 139314
0 1682 4 phononTS 0.000984493 -0.0533811 -4.99217 0.0336342 3677.99 0.00034743 1 0.0499982 -0.165882 0.05 37811
0 1688 4 phononTF 0.00144835 0.179838 -3.18378 -0.0352613 18992.6 0.00034743 1 0.0710544 -0.235657 0.05 21498
0 1771 2 phononTS 0.00199922 -0.710583 -4.93046 0.0220499 6853.5 0.00069486 1 0.100339 -0.226503 0.05 26034
0 1782 3 phononL 0.00156748 -0.375712 -3.37726 0.00713639 2376.09 0.00069486 1 -0.0316391 -0.189355 0.05 54686.1
0 1824 4 phononTS 0.001057 0.0567805 -0.390712 -0.0127996 37255.8 0.00034743 1 0.0120436 -0.194249 0.05 37879.9
0 1839 2 phononTS 0.00273814 1.00506 -3.04123 0.0169325 1743.14 0.00034743 1 0.058368 -0.175987 0.05 34461.4
0 1839 4 phononTF 0.000848735 0.058368 -0.175987 0.049999 34461.4 0.00034743 1 -0.0565981 -0.284225 0.05 34747.1
0 1845 4 phononTF 0.00076159 1.13145 -0.877831 -0.0236664 7308.77 0.00034743 1 -0.0138172 -0.174583 0.05 64310.8
0 1956 3 phononL 0.00164476 1.06764 -3.44448 0.034827 1559.23 0.00034743 1 0.0374021 -0.144353 0.05 40123.4
0 1960 3 phononTS 0.00149559 0.944507 -3.30538 -0.00809547 13228.8 0.00034743 1 0.0641321 -0.19002 0.05 21528.1
0 1963 1 phononTS 0.004 0.25 -3.75 0 0 0.00104229 1 -0.0375178 -0.113794 0.05 13652.9
0 1968 2 phononTS 0.00208484 -0.337975 -4.72637 0.00590845 6190.64 0.00069486 1 0.0739303 -0.122008 0.05 33396.7
0 1976 3 phononTF 0.00224162 -0.8483 -2.48642 0.000270388 6604.04 0.00034743 1 0.0901527 -0.16838 0.05 35052.4
0 2002 2 phononTS 0.000635064 0.655045 -4.22877 -0.0238846 942.202 0.00034743 1 0.0398298 -0.133369 0.05 21583.6
0 2083 2 phononL 0.00120628 0.594913 -3.80735 -0.00373771 2659.79 0.00069486 1 -0.0816307 -0.216778 0.05 42699
0 2162 5 phononTS 0.0015108 0.936225 -0.0999415 0.0100125 28920.9 0.00069486 1 -0.0107022 -0.211191 0.05 30520.7
0 2162 2 phononTS 0.0016729 1.35867 -1.95609 -0.046548 13605.1 0.00034743 1 0.0980404 -0.16221 0.05 23802.5
0 2162 14 phononTS 0.000581473 0.0980404 -0.16221 0.049999 23802.5 0.00034743 1 0.0650422 -0.118203 0.05 23868.6
0 2183 3 phononL 0.00202611 0.286692 -4.56918 0.0108784 12729.2 0.00034743 1 0.0850914 -0.221275 0.05 29511.5
0 2185 3 phononL 0.00200948 0.644901 -4.20639 0.00123005 1408.17 0.00034743 1 0.0703249 -0.202069 0.05 48113.1
0 2185 5 phononTS 0.000415939 0.0703249 -0.202069 0.049999 48113.1 0.00034743 1 0.0729683 -0.195435 0.05 48177.9
0 2187 2 phononTS 0.000971871 -0.262698 -3.67618 -0.0121988 483.883 0.00034743 1 0.0693339 -0.215938 0.05 57581.9
0 2189 4 phononTF 0.00145936 4.8623 -4.11737 0.0275171 32160.6 0.00034743 1 0.0279019 -0.113319 0.05 69367.3
0 2190 2 phononTS 0.00200343 0.0625529 -3.24318 -0.012158 3410.16 0.00034743 1 -0.115042 -0.216606 0.05 5946.63
0 2194 3 phononL 0.00164376 -0.189612 -1.75559 -6.98328e-05 10610.5 0.00069486 1 0.0600103 -0.252868 0.05 14607.6
0 2194 16 phononTF 0.00048466 -2.40094 2.70742 -0.00327285 26734.8 0.00034743 1 0.0737471 -0.2789 0.05 107239
0 2204 3 phononTS 0.000872307 -0.351128 -2.01485 0.000386755 11311.1 0.00034743 1 0.0980954 -0.207717 0.05 13727.4
0 2263 4 phononTF 0.000720766 -0.739215 -1.67168 0.0456803 47202.1 0.00034743 1 -0.0479309 -0.110623 0.05 52724.4
0 2278 2 phononTS 0.00163325 0.948539 -3.02172 -0.00870644 14065.7 0.00034743 1 0.0807718 -0.262758 0.05 38236.7
0 2278 5 phononL 0.000609772 0.0807718 -0.262758 0.049999 38236.7 0.00034743 1 0.0721367 -0.178937 0.05 38632.5
0 2297 2 phononTS 0.00245924 0.243799 -3.73927 0.0113366 3.09159 0.00034743 1 -0.054204 -0.242061 0.05 32341.8
0 2340 3 phononTF 0.00242723 0.0580641 -2.57746 -0.0345004 24722.9 0.00034743 1 -0.0939287 -0.23368 0.05 35319.7
0 2340 4 phononTF 0.00163578 -0.0939287 -0.23368 0.049999 35319.7 0.00069486 1 -0.0910285 -0.267655 0.05 35389.6
0 2352 5 phononTS 0.00104124 -0.907061 -3.27401 0.0364185 36920.8 0.00034743 1 0.0555516 -0.286801 0.05 40124.5
0 2358 5 phononTF 0.00101901 0.590509 -0.13377 0.0346783 24497 0.00034743 1 0.11321 -0.208255 0.05 25419.9
0 2358 7 phononTS 0.000439575 0.11321 -0.208255 0.049998 25419.9 0.00034743 1 0.0419823 -0.143505 0.05 25493
0 2365 3 phononTS 0.00263729 0.517595 -4.21076 -0.0194006 8089.21 0.00069486 1 -0.100597 -0.21076 0.05 22280.7
0 2371 3 phononL 0.00236403 0.668288 -1.66181 -0.017822 20720.8 0.00104229 1 -0.017944 -0.191213 0.05 74837.5
0 2386 2 phononTF 0.00163959 -0.30819 -3.52324 -0.0215272 235.023 0.00034743 1 0.0449992 -0.233674 0.05 117885
0 2390 3 phononTS 0.00171004 0.719026 -4.41294 0.0365516 1475.19 0.00034743 1 0.0388099 -0.20394 0.05 11113.1
0 2406 2 phononTF 0.00244618 1.37386 -3.89061 -0.0245068 6176.82 0.00069486 1 -0.082125 -0.13992 0.05 64990.3
0 2449 3 phononTS 0.00172681 -0.0886292 -3.50126 -0.0379968 2669.28 0.00069486 1 -0.0377859 -0.159571 0.05 34751.4
0 2449 4 phononTS 0.000590907 -0.0377859 -0.159571 0.049999 34751.4 0.00034743 1 0.075465 -0.277976 0.05 34845.5
0 2471 4 phononL 0.000907704 -0.415125 -4.2587 -0.0381326 1606.88 0.00034743 1 -0.034241 -0.268881 0.05 28038.6
0 2477 5 phononTF 0.0011606 -0.00879793 -3.07931 -0.0200813 9249.52 0.00069486 1 -0.0629442 -0.267633 0.05 11085.8
0 2519 6 phononTF 0.000866634 1.99007 -4.41272 -0.0233406 31896.2 0.00034743 1 -0.0784026 -0.265925 0.05 49775.9
0 2532 3 phononTS 0.0019756 0.0768468 -3.84455 0.0310133 1532.59 0.00034743 1 -0.0986359 -0.256901 0.05 82528.1
0 2532 4 phononTS 0.000699781 -0.0986359 -0.256901 0.049999 82528.1 0.00034743 1 -0.0804478 -0.231183 0.05 82593.7
0 2533 2 phononTS 0.00176062 0.369674 -3.67859 0.0265131 62.9283 0.00034743 1 0.0901356 -0.264836 0.05 11615.7
0 2548 2 phononTS 0.00217454 -0.0773994 -3.65535 -0.0468811 101.265 0.00034743 1 0.0553738 -0.224026 0.05 9523.78
0 2560 3 phononTS 0.00123975 -0.201138 -2.97212 -0.0440101 6944.46 0.00069486 1 -0.0438509 -0.112344 0.05 22042.5
0 2562 2 phononTF 0.00204389 -0.395312 -1.71383 0.0433813 13450.8 0.00069486 1 0.0383451 -0.0983488 0.05 16780.6
0 2562 5 phononTF 0.000695187 0.0383451 -0.0983488 0.049999 16780.6 0.00034743 1 0.0646215 -0.245937 0.05 17057.7
0 2569 4 phononTS 0.000930655 -0.137647 -4.61191 -0.021689 4234.43 0.00034743 1 0.0767152 -0.205163 0.05 9885.71
0 2569 7 phononTF 0.000566094 0.0767152 -0.205163 0.049999 9885.71 0.00034743 1 0.059211 -0.182705 0.05 10645.6
0 2570 2 phononTF 0.00286705 0.873585 -3.47342 0.00934988 3589.62 0.00034743 1 -0.104184 -0.161365 0.05 39719.7
0 2570 4 phononTS 0.0022613 -0.104184 -0.161365 0.049999 39719.7 0.00034743 1 0.109497 -0.222892 0.05 59166
0 2584 3 phononL 0.00187827 -0.367214 -3.74955 0.0349813 829.391 0.00034743 1 0.0647533 -0.27681 0.05 35022.1
0 2586 4 phononTS 0.000999104 0.00833446 -4.40941 0.0207856 11634.2 0.00034743 1 -0.0515442 -0.0988956 0.05 18352.3
0 2607 5 phononTF 0.00117602 -2.47889 -0.974464 -0.0425447 59153.7 0.00069486 1 -0.0297746 -0.256173 0.05 101699
0 2629 4 phononTS 0.000765619 -2.52631 -3.97796 0.00724422 16166.1 0.00034743 1 -0.0654468 -0.250179 0.05 101103
0 2641 2 phononL 0.00178041 2.11327 -4.98875 0.0171005 25605 0.00034743 1 -0.0322311 -0.127058 0.05 124090
0 2645 5 phononTF 0.00158216 -1.76692 -4.56794 -0.0348497 8212.54 0.00069486 1 -0.0748693 -0.1403 0.05 39387.3
0 2687 2 phononTS 0.00284093 2.70007 -3.43455 0.0451026 3722.94 0.00069486 1 0.0235054 -0.268783 0.05 18351.5
0 2711 3 phononTS 0.00234998 1.35092 -2.10411 -0.0258607 5051.77 0.00034743 1 0.0665239 -0.13622 0.05 27401.7
0 2732 3 phononTS 0.00205501 0.971918 -4.74903 0.0384652 2731.86 0.00034743 1 0.0722031 -0.176776 0.05 49579.6
0 2732 5 phononTF 0.00096373 0.0722031 -0.176776 0.049999 49579.6 0.00034743 1 -0.051101 -0.153198 0.05 49767.2
0 2746 2 phononTS 0.0019611 0.195983 -3.65507 0.0379719 855.556 0.00034743 1 -0.1137 -0.234914 0.05 6384.41
0 2746 5 phononL 0.000723497 -0.1137 -0.234914 0.049999 6384.41 0.00034743 1 0.0827813 -0.18919 0.05 21325.2
0 2754 5 phononTF 0.00227636 -2.63068 0.412203 0.0459634 16450.8 0.00104229 1 0.0434043 -0.284118 0.05 19072.7
0 2767 2 phononTF 0.00204974 1.01587 -3.92078 -0.0191087 4566.24 0.00069486 1 0.0952423 -0.218377 0.05 14460.5
0 2818 3 phononL 0.0015192 -0.697594 -3.27747 0.0342604 13517.5 0.00034743 1 0.0741224 -0.177901 0.05 16509.4
0 2820 2 phononTF 0.000659984 1.13585 0.0859202 0.049999 18324.3 0.00034743 1 0.115301 -0.192625 0.05 20690
0 2831 2 phononTS 0.00162392 2.36401 -3.25982 0.0171132 12018 0.00034743 1 -0.0255957 -0.180575 0.05 32680
0 2831 8 phononTS 0.000911386 -0.0255957 -0.180575 0.049999 32680 0.00069486 1 -0.0534226 -0.217656 0.05 32744.4
0 2832 5 phononTF 0.000959789 0.579935 -2.58904 0.00392446 9291.51 0.00034743 1 0.0311716 -0.223586 0.05 59554.1
0 2884 4 phononTF 0.00104869 2.89476 -4.41203 -0.00317224 11687.8 0.00034743 1 0.107116 -0.161577 0.05 84270.5
0 2900 4 phononTS 0.00150548 0.471973 2.76433 0.00509615 19668.7 0.00034743 1 0.0224901 -0.160196 0.05 52626.2
0 2928 3 phononTS 0.00193928 2.92666 -3.64942 0.0272808 18314.8 0.00034743 1 -0.108677 -0.161211 0.05 36066.2
0 2935 2 phononL 0.00128178 -1.74521 -4.56796 -0.0454968 3861.79 0.00069486 1 -0.0931254 -0.180928 0.05 18864.3
0 2949 2 phononL 0.00209078 -2.35797 -3.28518 0.0444003 15917.2 0.00034743 1 0.0597765 -0.161513 0.05 39258.4
0 2949 5 phononTS 0.00067987 0.0597765 -0.161513 0.049999 39258.4 0.00034743 1 0.0769353 -0.241364 0.05 39734.7
0 2949 4 phononL 0.000383188 0.0597765 -0.161513 0.049999 39258.4 0.00034743 1 -0.0977785 -0.226088 0.05 68112.4
0 3031 3 phononTF 0.00172898 1.31864 -4.63559 0.0115555 3818.22 0.00034743 1 0.0649609 -0.182639 0.05 11555.1
0 3043 2 phononL 0.00103874 0.2503 -3.7499 -0.00038853 0.0939431 0.00034743 1 -0.0953956 -0.160249 0.05 6877.07
0 3054 2 phononTS 0.00178764 0.731887 -4.92506 -0.0453317 12637.6 0.00069486 1 -0.111439 -0.195783 0.05 36773
0 3062 3 phononTF 0.00211052 1.389 -1.64343 0.0421512 10596.5 0.00034743 1 0.0524626 -0.30055 0.05 32612.6
0 3062 2 phononTF 0.00188948 1.389 -1.64343 0.0421512 10596.5 0.00034743 1 0.0497734 -0.249545 0.05 44185.2
0 3099 3 phononTS 0.00238806 0.45682 -3.87109 0.0219767 9696.71 0.00034743 1 0.109478 -0.200525 0.05 22993.5
0 3099 5 phononTF 0.000722286 0.109478 -0.200525 0.049999 22993.5 0.00034743 1 0.0334531 -0.0929921 0.05 23217
0 3099 4 phononTS 0.00100503 0.109478 -0.200525 0.049999 22993.5 0.00034743 1 -0.0459159 -0.179845 0.05 23170.2
0 3144 3 phononTS 0.00188432 -0.228713 -1.87516 -0.0479497 3419.96 0.00034743 1 0.109814 -0.219563 0.05 11061.5
0 3159 2 phononTS 0.00159133 -0.0504464 -4.20964 0.0169208 1240.47 0.00034743 1 -0.109648 -0.165777 0.05 39266.3
0 3191 2 phononTF 0.0019143 -0.610233 -3.86305 0.0390457 2333.04 0.00069486 1 -0.0208023 -0.251986 0.05 41859.3
0 3279 2 phononTS 0.00215123 -0.0782626 -4.11061 0.0245934 3521.34 0.00069486 1 0.0349745 -0.202355 0.05 17863.9
0 3287 3 phononTF 0.00129892 0.187909 -3.97273 -0.0428254 5454.12 0.00034743 1 -0.0701413 -0.192426 0.05 13933.2
0 3301 3 phononTF 0.00239746 0.602256 -3.60432 -0.0234508 1297.98 0.00104229 1 -0.0278849 -0.191192 0.05 5236.81
0 3301 6 phononTS 0.000695798 -0.0278849 -0.191192 0.049999 5236.81 0.00034743 1 -0.0479866 -0.244821 0.05 5322.07
0 3330 2 phononTS 0.00167805 0.254728 -3.7642 0.0120742 3.58107 0.00034743 1 0.0917728 -0.225822 0.05 12410.6
0 3337 1 phononTF 0.004 0.25 -3.75 0 0 0.00069486 1 -0.0249472 -0.186563 0.05 18994.5
0 3337 7 phononTF 0.000414935 -0.0249472 -0.186563 0.049999 18994.5 0.00034743 1 -0.023445 -0.237715 0.05 19066.4
0 3337 5 phononTS 0.000523431 -0.0249472 -0.186563 0.049999 18994.5 0.00034743 1 0.06452 -0.139617 0.05 19095.6
0 3363 2 phononTS 0.00106067 0.670254 -2.79793 -0.0211717 1645.62 0.00034743 1 0.0884262 -0.146414 0.05 35532
0 3372 2 phononTS 0.00159806 0.909672 -3.67303 -0.0195604 18390.6 0.00034743 1 0.0938584 -0.260503 0.05 80708.1
0 3414 3 phononTF 0.00165753 0.477588 -3.77351 -0.0348654 22802.2 0.00034743 1 -0.0287043 -0.230427 0.05 48897.1
0 3438 2 phononTS 0.00179599 -0.222356 -4.71744 0.00154003 14359.1 0.00034743 1 0.0324705 -0.198063 0.05 34671.9
0 3439 2 phononTF 0.0021365 0.927781 -3.45739 -0.0499723 19769.1 0.00034743 1 0.117034 -0.195401 0.05 46641
0 3439 6 phononTF 0.00135631 0.117034 -0.195401 0.049999 46641 0.00069486 1 0.0365532 -0.276981 0.05 46810.6
0 3442 3 phononTS 0.00271045 0.685834 -3.19398 -0.0424848 12574.9 0.00069486 1 0.0584917 -0.122164 0.05 21186.1
0 3442 4 phononTS 0.00108746 0.0584917 -0.122164 0.049999 21186.1 0.00034743 1 0.0539535 -0.132078 0.05 21244.8
0 3454 2 phononTS 0.00116335 -0.210496 -4.02244 0.0349947 5423.01 0.00034743 1 -0.0584296 -0.11147 0.05 51264.4
0 3464 2 phononL 0.00249603 0.779843 -3.4481 -0.0038982 3350.1 0.00034743 1 0.0476114 -0.245378 0.05 27305.9
0 3468 3 phononTS 0.00185816 -0.757908 -2.39488 -0.0425122 2301.34 0.00034743 1 -0.0393395 -0.299255 0.05 35996.6
0 3468 4 phononTS 0.00133038 -0.0393395 -0.299255 0.049999 35996.6 0.00034743 1 -0.0472565 -0.19609 0.05 36080.8
0 3502 2 phononTS 0.00282742 -1.05094 -0.86162 -0.0498641 18287.6 0.00138972 1 0.0700867 -0.139114 0.05 32471.2
0 3565 3 phononTF 0.00163033 0.270418 -3.73155 0.0419888 9.55172 0.00034743 1 -0.0166665 -0.241378 0.05 70401.1
0 3565 6 phononTS 0.00107308 -0.0166665 -0.241378 0.049999 70401.1 0.00034743 1 -0.0405125 -0.238264 0.05 70458.6
0 3566 4 phononTF 0.00102429 -0.864069 -1.73156 -0.024012 42241.2 0.00034743 1 -0.0880605 -0.161009 0.05 67271.4
0 3578 3 phononTF 0.00134367 0.388784 -3.33966 0.0426753 168.369 0.00069486 1 0.0943338 -0.25156 0.05 70464.9
0 3580 4 phononTS 0.00118299 3.91635 -2.62732 -0.0298452 59811.3 0.00034743 1 0.0823106 -0.265581 0.05 94456.1
0 3584 2 phononTF 0.00171802 -0.114881 -3.80394 -0.0401012 1237.01 0.00069486 1 0.0986463 -0.264989 0.05 38371.1
0 3636 3 phononTS 0.00224836 -0.138893 -4.82206 -0.0489125 10099.9 0.00034743 1 0.0434088 -0.16875 0.05 18738.1
0 3690 3 phononTS 0.00135224 -0.0971713 -4.49349 0.0472681 2889.56 0.00034743 1 -0.0379798 -0.143769 0.05 93636.6
0 3718 2 phononTF 0.00241838 -0.865172 -3.94899 0.0163702 6325.55 0.00034743 1 -0.0342231 -0.274609 0.05 18693.2
0 3724 5 phononTS 0.000743603 4.1072 -3.08186 -0.00598171 12153.5 0.00034743 1 0.0676774 -0.212345 0.05 21178.1
0 3725 3 phononL 0.00195886 0.956088 -3.63118 -0.0262043 6101.02 0.00034743 1 -0.0497248 -0.108372 0.05 16809.8
0 3744 3 phononTS 0.00160763 0.71772 -3.51558 -0.0415242 1884.54 0.00104229 1 -0.0771605 -0.128224 0.05 30716.6
0 3779 2 phononTF 0.00270777 -0.787441 -4.78203 0.0157434 2944.77 0.00034743 1 -0.0367969 -0.13131 0.05 42045.9
0 3782 2 phononTF 0.00189145 0.780308 -4.65171 -0.00319518 1561.35 0.00034743 1 -0.0727673 -0.233021 0.05 42828.1
0 3806 5 phononTF 0.00154766 1.11868 -1.78412 0.0269858 20211.2 0.00034743 1 0.0927775 -0.255022 0.05 30302.2
0 3813 2 phononTF 0.002522 2.16536 -2.79516 -0.0178345 12524.7 0.00034743 1 -0.0615267 -0.130518 0.05 34810.6
0 3847 3 phononTF 0.00214446 0.301087 -3.23386 -0.00164374 722.973 0.00034743 1 0.0119591 -0.208654 0.05 15271.6
0 3847 5 phononTF 0.000816204 0.0119591 -0.208654 0.049999 15271.6 0.00034743 1 0.0805643 -0.186213 0.05 15333.5
0 3858 2 phononL 0.00209682 1.23396 -4.75919 0.0353281 4073.41 0.00069486 1 -0.0290519 -0.295838 0.05 62542.2
0 3858 8 phononTS 0.00114332 -0.0290519 -0.295838 0.049999 62542.2 0.00034743 1 0.022869 -0.230518 0.05 62611.8
0 3859 5 phononTS 0.00101981 -2.58917 -2.65077 0.0330228 13079.4 0.00034743 1 0.037288 -0.2681 0.05 139775
0 3910 3 phononTS 0.0023267 3.34662 -2.85036 0.00947366 32294 0.00034743 1 0.0962152 -0.197408 0.05 44381.5
0 3944 2 phononTF 0.00249416 0.280342 -3.68986 -0.0027084 58.0223 0.00069486 1 0.0571473 -0.148876 0.05 2563.66
0 3991 2 phononL 0.00208047 -0.417549 -1.8486 0.0315783 9228.16 0.00034743 1 0.0875931 -0.186087 0.05 163233
0 3991 5 phononTF 0.00115505 0.0875931 -0.186087 0.049999 163233 0.00069486 1 0.114265 -0.172201 0.05 163291
0 3991 4 phononTS 0.000408021 0.0875931 -0.186087 0.049999 163233 0.00034743 1 0.09117 -0.194874 0.05 163291
0 4043 2 phononTF 0.000846164 -0.726861 -3.98067 0.0426102 2479.96 0.00034743 1 -0.113187 -0.190991 0.05 38035.3
0 4091 3 phononTS 0.00198587 4.34864 -3.9458 -0.03303 14226.8 0.00034743 1 -0.103457 -0.232046 0.05 22352.2
0 4091 8 phononTS 0.000383108 -0.103457 -0.232046 0.049999 22352.2 0.00034743 1 -0.101144 -0.241168 0.05 22408.5
0 4092 2 phononTS 0.00152558 0.575874 -3.67739 -0.0384916 16395.1 0.00034743 1 0.0204261 -0.241682 0.05 32400.8
0 4094 3 phononTF 0.00194667 0.528407 -2.11283 0.027223 1768.97 0.00034743 1 0.0923384 -0.138898 0.05 39863.7
0 4104 3 phononTS 0.00176454 -1.038 -4.58399 -0.028049 11319.4 0.00069486 1 -0.0541492 -0.234316 0.05 20909.2
0 4116 3 phononTF 0.00124469 2.84802 -2.91403 0.0383226 6610.46 0.00034743 1 0.0928491 -0.156277 0.05 13726.2
0 4116 5 phononTS 0.000730437 0.0928491 -0.156277 0.049999 13726.2 0.00034743 1 0.0520948 -0.298604 0.05 14125.2
0 4120 3 phononTS 0.00126113 2.24543 -3.53586 0.00367482 12310.8 0.00069486 1 0.0335408 -0.108958 0.05 107654
0 4148 2 phononTF 0.00144174 0.5807 -4.51993 0.0452076 801.109 0.00034743 1 -0.0729742 -0.139955 0.05 4193.26
0 4152 3 phononTF 0.00211847 -0.361587 -3.44418 -0.0150759 1228.75 0.00069486 1 -0.0935243 -0.231762 0.05 26490.2
0 4152 2 phononTS 0.00188153 -0.361587 -3.44418 -0.0150759 1228.75 0.00069486 1 -0.0290205 -0.148108 0.05 16587.7
0 4190 3 phononTF 0.00156133 0.256713 -3.76922 0.00322682 4.0914 0.00034743 1 -0.102302 -0.140604 0.05 4976.28
0 4190 4 phononTS 0.000407839 -0.102302 -0.140604 0.049999 4976.28 0.00034743 1 -0.0988245 -0.146494 0.05 5034.02
0 4218 3 phononTF 0.00234514 -3.59184 -3.52649 0.0317315 19625 0.00034743 1 0.0696023 -0.13788 0.05 28942.5
0 4237 3 phononTS 0.00148546 0.282572 -4.2555 0.00452366 5773.18 0.00034743 1 -0.0589884 -0.168214 0.05 11372.4
0 4306 3 phononTS 0.00183165 0.175743 -3.79589 0.00304903 46.9325 0.00034743 1 -0.0612093 -0.266224 0.05 26178
0 4368 3 phononTS 0.00137908 0.35255 -3.83613 0.0466368 1732.59 0.00034743 1 -0.0435803 -0.138458 0.05 27736.7
0 4368 4 phononTS 0.000426898 -0.0435803 -0.138458 0.049999 27736.7 0.00034743 1 0.056312 -0.27105 0.05 27832.7
0 4409 3 phononTS 0.00232477 1.52094 -2.25903 -0.0218888 14353.9 0.00034743 1 0.0969799 -0.143174 0.05 43718.8
0 4409 7 phononTF 0.000709472 0.0969799 -0.143174 0.049999 43718.8 0.00034743 1 0.111209 -0.172687 0.05 43882.2
0 4456 3 phononTS 0.00283318 1.60362 -2.88341 0.0142991 9232.99 0.00104229 1 0.0294378 -0.15068 0.05 32215.1
0 4458 3 phononTF 0.00225389 0.227824 -3.77481 -0.0202589 7.10508 0.00104229 1 0.0700859 -0.124336 0.05 8644.08
0 4465 3 phononTS 0.00192382 -0.371242 -3.29383 -0.0218521 3957.22 0.00034743 1 -0.0892148 -0.253195 0.05 41004.8
0 4494 4 phononTF 0.00097272 0.741465 -4.09777 0.04027 5346.54 0.00034743 1 0.0547693 -0.230455 0.05 36036.4
0 4509 3 phononTS 0.00202643 0.624384 -3.6084 -0.0492327 1337.93 0.00034743 1 -0.0681382 -0.277712 0.05 84660.6
0 4518 3 phononTS 0.00215105 -1.18607 -4.55928 0.0150424 20835.7 0.00034743 1 -0.0903978 -0.195693 0.05 49855.1
0 4518 6 phononTS 0.000668712 -0.0903978 -0.195693 0.049999 49855.1 0.00034743 1 -0.111719 -0.216322 0.05 49917.4
0 4530 5 phononTF 0.00168135 1.90425 -1.94062 -0.00807657 37912.2 0.00034743 1 -0.0167277 -0.228874 0.05 73684
0 4530 7 phononTF 0.000858699 -0.0167277 -0.228874 0.049999 73684 0.00034743 1 -0.0671155 -0.110283 0.05 74062.9
0 4562 3 phononTF 0.0025224 0.249928 -3.2045 -0.0360261 4990.14 0.00104229 1 0.0344961 -0.167158 0.05 18443.6
0 4567 2 phononTF 0.00189559 0.888525 -1.10187 0.0155911 18917.4 0.00034743 1 0.0246791 -0.236206 0.05 98474.3
0 4585 3 phononTF 0.00183822 -0.0493301 -4.17345 -0.0289301 4254.83 0.00034743 1 0.115236 -0.182888 0.05 15586.2
0 4587 3 phononTF 0.00138438 1.90325 -4.24885 -0.0299644 3060.08 0.00034743 1 -0.0639332 -0.211494 0.05 15294.8
0 4592 2 phononL 0.00203689 0.703092 -2.82371 0.0219481 6788.33 0.00034743 1 0.0200581 -0.243876 0.05 32496.4
0 4627 5 phononTF 0.00194491 2.05528 -4.49531 0.0378724 8922.93 0.00034743 1 -0.065405 -0.155112 0.05 25780.7
0 4652 3 phononTS 0.00234219 -0.807253 -3.70224 -0.014411 4081.28 0.00034743 1 0.074721 -0.245331 0.05 29675.8
0 4657 2 phononL 0.00237607 0.444968 -2.42788 0.0393539 4737.73 0.00034743 1 0.0576694 -0.222054 0.05 21442.9
0 4657 4 phononTS 0.000981807 0.0576694 -0.222054 0.049999 21442.9 0.00034743 1 -0.0247947 -0.191618 0.05 21966.7
0 4657 9 phononTS 0.000406874 -0.0247947 -0.191618 0.049999 21966.7 0.00034743 1 -0.0745204 -0.204506 0.05 22033.7
0 4662 3 phononTS 0.00210491 2.03776 -1.75489 -0.00463842 6696.03 0.00034743 1 0.0830492 -0.231403 0.05 20931.3
0 4688 2 phononTS 0.00171182 1.62909 -4.9022 0.0214208 2804.29 0.00034743 1 0.0531397 -0.14543 0.05 54570.1
0 4688 4 phononTS 0.000451022 0.0531397 -0.14543 0.049999 54570.1 0.00034743 1 0.118494 -0.219469 0.05 54851.2
0 4695 5 phononTS 0.00139614 1.41499 -0.0950011 0.0355206 29280.6 0.00034743 1 -0.0452366 -0.229147 0.05 34217.2
0 4695 4 phononTS 0.00127874 1.41499 -0.0950011 0.0355206 29280.6 0.00034743 1 0.0216041 -0.184827 0.05 73575.2
0 4704 3 phononTS 0.00144247 -0.259991 -3.82172 0.0470614 400.103 0.00034743 1 -0.070798 -0.12379 0.05 96813.8
0 4727 3 phononTF 0.00287537 0.133556 -3.71698 -0.046006 156.438 0.00069486 1 0.0500953 -0.137385 0.05 11344.6
0 4747 4 phononTF 0.000898087 -1.49599 -1.87213 -0.0475566 38919.6 0.00034743 1 -0.0493846 -0.166821 0.05 46095.6
0 4764 7 phononL 0.00122797 4.25244 4.55974 -0.0361458 59863.1 0.00034743 1 0.0401724 -0.131795 0.05 88992
0 4764 6 phononTS 0.000469053 4.25244 4.55974 -0.0361458 59863.1 0.00034743 1 0.060821 -0.132383 0.05 92652.1
0 4777 3 phononTF 0.00130653 -0.475586 -2.47274 -0.035746 3142.94 0.00034743 1 0.023165 -0.188873 0.05 4461.57
0 4790 5 phononTS 0.000929702 0.715966 -0.20224 0.0276704 10748 0.00034743 1 -0.0441717 -0.207151 0.05 94824.5
0 4854 4 phononL 0.00149858 -3.89844 -4.46554 0.03463 133263 0.00034743 1 0.024619 -0.267268 0.05 155410
0 4854 6 phononTF 0.000990143 0.024619 -0.267268 0.049998 155410 0.00034743 1 0.0348286 -0.18059 0.05 155475
0 4861 2 phononTF 0.0011814 0.176596 -3.2839 0.0329299 910.511 0.00034743 1 0.0667621 -0.154448 0.05 15129.3
0 4861 4 phononTS 0.000373629 0.0667621 -0.154448 0.049999 15129.3 0.00034743 1 0.080813 -0.19937 0.05 15194.9
0 4865 2 phononTS 0.00190587 0.660899 -4.93899 -0.0228335 3392.56 0.00034743 1 -0.0488463 -0.155668 0.05 15158
0 4898 5 phononTS 0.00120242 0.333785 -2.23125 -0.0364222 13361.6 0.00069486 1 -0.0473154 -0.167209 0.05 14469.1
0 4903 3 phononTS 0.0023497 -0.0643918 -2.16034 0.0324518 6218.23 0.00034743 1 0.0275976 -0.202473 0.05 22149.6
0 4927 3 phononTS 0.00239758 0.521687 -3.28852 0.0197789 4101.21 0.00104229 1 -0.0424342 -0.301248 0.05 36105.1
0 4927 12 phononL 0.000483806 -0.0424342 -0.301248 0.049999 36105.1 0.00034743 1 -0.0815087 -0.270565 0.05 37604
0 4930 3 phononTS 0.00154963 1.6147 -4.10645 0.00561462 7075.38 0.00069486 1 0.0509632 -0.208361 0.05 35412.9
0 4941 2 phononTS 0.00253759 0.21018 -4.04259 0.0158078 921.702 0.00104229 1 0.0803333 -0.247171 0.05 11991.1
0 4961 3 phononTF 0.00199877 0.889827 -3.61306 0.00434672 389.914 0.00034743 1 -0.113661 -0.189692 0.05 24443.9
