Run ID,Event ID,Track ID,Particle Name,Start Energy [eV],Start X [mm],Start Y [mm],Start Z [mm],Start Time [ns],Energy Deposited [eV],Track Weight,End X [mm],End Y [mm],End Z [mm],Final Time [ns],Volume Name
0 2 3 phononTS 0.00253999 -0.483362 -1.7711 -0.0373223 5281.91 0.00069486 1 -0.0934655 -0.183912 0.05 9012.56
0 9 3 phononTS 0.0021458 -1.55017 -0.794526 -0.0124145 7833.07 0.00034743 1 0.0875203 -0.128805 0.05 25825.1
0 33 5 phononTF 0.00179844 0.131142 -1.56108 0.00286199 6060.86 0.00034743 1 0.0471093 -0.285264 0.05 9067.53
0 33 6 phononL 0.000362937 0.0471093 -0.285264 0.049999 9067.53 0.00034743 1 0.0413933 -0.279428 0.05 10748.5
0 47 3 phononL 0.00259894 -1.63103 -1.78613 -0.00643062 24.9982 0.00069486 1 0.05638 -0.171549 0.05 7834.49
0 47 2 phononTF 0.00140106 -1.63103 -1.78613 -0.00643062 24.9982 0.00034743 1 0.0341265 -0.237989 0.05 5943.22
0 66 2 phononL 0.00160029 -2.99393 -1.57664 0.0410364 5773.7 0.00069486 1 -0.0500176 -0.228125 0.05 76343.7
0 86 4 phononTS 0.00107434 4.25775 -0.429808 0.00205598 47702 0.00034743 1 0.0639448 -0.207309 0.05 56464.6
0 116 2 phononTF 0.00261029 -1.16326 -1.41807 0.0154349 3437.98 0.00104229 1 -0.0542511 -0.220368 0.05 4411.22
0 116 7 phononL 0.000475265 -0.0542511 -0.220368 0.049999 4411.22 0.00034743 1 -0.0538057 -0.212479 0.05 5166.71
0 148 5 phononTS 0.00126905 0.542243 2.03149 0.00691455 23250 0.00034743 1 -0.0537488 -0.140182 0.05 25115.8
0 148 8 phononTS 0.000452581 -0.0537488 -0.140182 0.049999 25115.8 0.00034743 1 0.0197624 -0.225091 0.05 25194.1
0 180 2 phononTS 0.000951975 -0.892782 -2.35137 0.0387097 2817.07 0.00034743 1 0.0937303 -0.166502 0.05 36192
0 194 2 phononTS 0.00225175 2.11871 -1.99151 0.0322942 12837.6 0.00034743 1 0.0614066 -0.241252 0.05 33024.1
0 199 3 phononTS 0.00292007 -0.777376 -0.428026 -0.0104705 6984.42 0.00104229 1 -0.0965066 -0.226941 0.05 8109.42
0 201 3 phononTF 0.00205192 -0.654628 -0.917873 0.0311657 13222.4 0.00034743 1 0.0769232 -0.282148 0.05 58943.2
0 250 2 phononTF 0.00147385 -1.74931 -1.74914 -0.000742941 0.24289 0.00034743 1 0.0158047 -0.165573 0.05 3933.06
0 272 5 phononTF 0.00122619 0.923979 -0.984166 0.0265427 7791.63 0.00034743 1 0.0891841 -0.235408 0.05 8340.41
0 272 7 phononTS 0.00036842 0.0891841 -0.235408 0.049999 8340.41 0.00034743 1 0.06965 -0.250228 0.05 8403.65
0 280 5 phononTF 0.00122459 -3.55555 -4.95662 -0.0247868 34003.6 0.00034743 1 0.0797681 -0.157951 0.05 65281.7
0 311 2 phononTF 0.00222757 -1.86354 -1.51385 0.0122312 5823.11 0.00034743 1 0.045422 -0.109217 0.05 31763.9
0 311 10 phononTS 0.000505863 0.045422 -0.109217 0.049999 31763.9 0.00034743 1 0.0604184 -0.112265 0.05 31824.3
0 322 2 phononTF 0.00210883 -1.21264 -1.53572 0.0382872 3467.73 0.00069486 1 -0.0960037 -0.143773 0.05 11806.5
0 339 3 phononTS 0.00291153 -1.6043 -1.55967 0.0300894 2066.32 0.00104229 1 0.0169778 -0.241546 0.05 2876.51
0 363 3 phononTF 0.00163317 -1.86638 -1.39684 -0.0434812 6038.3 0.00069486 1 0.0732636 -0.234811 0.05 6886.09
0 389 4 phononTS 0.00116306 -0.232277 -2.42597 -0.0160839 7269.48 0.00034743 1 0.067679 -0.160446 0.05 9406.45
0 401 5 phononTS 0.00112522 1.7559 -2.2253 -0.0198449 35878.5 0.00069486 1 0.098931 -0.239102 0.05 74087
0 429 5 phononTS 0.000700047 -0.230587 0.0814089 0.049999 6980.45 0.00034743 1 -0.0322542 -0.190625 0.05 43612.2
0 454 2 phononTF 0.00221625 -1.58969 -0.949831 -0.0135447 5168.66 0.00104229 1 0.0848977 -0.246136 0.05 34881.6
0 454 7 phononTF 0.000447687 0.0848977 -0.246136 0.049999 34881.6 0.00034743 1 -0.0558043 -0.196713 0.05 34960.7
0 456 4 phononL 0.000644213 0.511972 0.0664651 0.049999 6028.79 0.00034743 1 0.114251 -0.232474 0.05 35084.3
0 472 3 phononTF 0.00251014 -2.80727 -2.90138 0.0495194 2906.65 0.00034743 1 -0.0296309 -0.12851 0.05 35541.7
0 555 3 phononTF 0.00128714 -2.31546 -1.08476 0.0016418 1891.71 0.00034743 1 -0.109588 -0.206096 0.05 11858.5
0 566 3 phononTF 0.00227838 -1.08669 -1.28892 0.0161331 2054.61 0.00034743 1 -0.0910848 -0.254135 0.05 4445.99
0 566 5 phononTF 0.000996653 -0.0910848 -0.254135 0.049999 4445.99 0.00034743 1 0.0681565 -0.225099 0.05 4615.06
0 580 2 phononTF 0.0021705 -1.57549 -1.09075 -0.021797 2787.59 0.00069486 1 -0.0581159 -0.159296 0.05 7195
0 605 3 phononL 0.0014907 -0.563607 0.820037 0.0469048 8356.64 0.00034743 1 -0.0468633 -0.249764 0.05 52014.9
0 605 4 phononTF 0.000770611 -0.0468633 -0.249764 0.049998 52014.9 0.00034743 1 0.0483948 -0.231365 0.05 52080.6
0 605 11 phononTF 0.000409294 0.0483948 -0.231365 0.049998 52080.6 0.00034743 1 -0.0288839 -0.121802 0.05 52465.3
0 626 2 phononTF 0.00162067 -2.07175 -1.9293 -0.0455189 4563.05 0.00034743 1 0.0334847 -0.155623 0.05 29072.7
0 632 2 phononTS 0.00222605 -1.79987 -1.85947 -0.00356981 648.291 0.00034743 1 -0.0523078 -0.229195 0.05 27896.5
0 635 2 phononTS 0.0024625 -1.6728 -1.95385 -0.018781 427.186 0.00104229 1 0.0608456 -0.106945 0.05 90260.8
0 635 8 phononTS 0.000664204 0.0608456 -0.106945 0.049999 90260.8 0.00034743 1 -0.030487 -0.191155 0.05 90349.1
0 646 3 phononTS 0.00247116 -2.00502 -2.5539 0.01957 2111.19 0.00069486 1 -0.108817 -0.225645 0.05 6991.18
0 646 5 phononTS 0.000446011 -0.108817 -0.225645 0.049999 6991.18 0.00034743 1 0.00347503 -0.199418 0.05 13637.9
0 653 3 phononTF 0.0016813 -1.52294 -1.42558 -0.0131686 671.485 0.00034743 1 -0.0452374 -0.123362 0.05 2714.93
0 653 4 phononTS 0.0009174 -0.0452374 -0.123362 0.049999 2714.93 0.00034743 1 0.0469198 -0.110782 0.05 2952.89
0 653 12 phononL 0.000364986 0.0469198 -0.110782 0.049999 2952.89 0.00034743 1 -0.0462162 -0.113368 0.05 4437.35
0 658 2 phononTS 0.00168025 1.42907 -4.8275 -0.0474466 19723.3 0.00034743 1 -0.075357 -0.154792 0.05 78386.3
0 659 5 phononTS 0.00110392 0.131798 -4.33822 -0.0195665 51803.3 0.00034743 1 -0.043872 -0.249403 0.05 96958.2
0 659 6 phononL 0.000599466 -0.043872 -0.249403 0.049999 96958.2 0.00034743 1 -0.0507082 -0.284351 0.05 97076.9
0 682 5 phononTS 0.00165789 -1.58681 -2.46968 -0.0051959 9308.08 0.00034743 1 -0.0913565 -0.244508 0.05 23333.8
0 682 6 phononTS 0.00048134 -0.0913565 -0.244508 0.049999 23333.8 0.00034743 1 -0.100722 -0.160986 0.05 23879.8
0 688 3 phononL 0.00249261 -1.5209 -3.88422 0.00137305 4076.01 0.00069486 1 -0.0791885 -0.282016 0.05 8302.2
0 700 3 phononTF 0.00263524 -1.28724 -1.31576 0.034748 13197.8 0.00104229 1 -0.0971946 -0.251647 0.05 20070
0 708 1 phononTF 0.004 -1.75 -1.75 0 0 0.00034743 1 -0.090177 -0.266867 0.05 4019.32
0 715 1 phononL 0.004 -1.75 -1.75 0 0 0.00034743 1 -0.0343879 -0.209792 0.05 4253.61
0 715 3 phononL 0.00293181 -0.0343879 -0.209792 0.049999 4253.61 0.00034743 1 -0.0252613 -0.180993 0.05 4263.65
0 720 3 phononTS 0.00239827 -1.78317 -1.74521 -0.0389108 2084.78 0.00034743 1 -0.0505978 -0.208701 0.05 4871.77
0 764 4 phononTS 0.000560815 4.4696 3.87981 -0.0259825 66274.7 0.00034743 1 -0.0470086 -0.100336 0.05 93472.8
0 768 2 phononTS 0.00136143 -1.82884 -1.91985 0.0490136 2299.53 0.00069486 1 0.0329682 -0.0931754 0.05 32678.9
0 801 3 phononTF 0.00207152 -0.427581 -2.27492 0.0240132 4314.52 0.00034743 1 0.0505027 -0.0995841 0.05 12385
0 801 7 phononTS 0.000367333 0.0505027 -0.0995841 0.049999 12385 0.00034743 1 0.0473439 -0.268453 0.05 12621
0 825 4 phononTS 0.000392909 3.25437 4.12909 -0.0198116 34316.1 0.00034743 1 -0.0307598 -0.120358 0.05 87435.4
0 837 4 phononL 0.00154705 -2.7796 -4.62098 0.0273286 22449.2 0.00034743 1 -0.0859006 -0.128637 0.05 108532
0 837 7 phononL 0.00104832 -0.0859006 -0.128637 0.049999 108532 0.00034743 1 -0.117623 -0.193589 0.05 108703
0 870 4 phononTS 0.00118649 2.22998 -3.71138 0.0154407 22974.2 0.00034743 1 -0.110532 -0.171509 0.05 49476.3
0 878 3 phononTF 0.00226377 -1.60357 -0.672293 -0.0329351 11410.2 0.00069486 1 -0.0462628 -0.1225 0.05 13441
0 892 3 phononTF 0.00226343 -1.74953 -1.93883 -0.0318007 7656.62 0.00104229 1 -0.027615 -0.154087 0.05 12476.4
0 965 2 phononTF 0.00167141 -1.73791 -1.9233 0.0383703 3300.93 0.00069486 1 0.0298633 -0.149156 0.05 21533
0 965 4 phononTF 0.000660299 0.0298633 -0.149156 0.049999 21533 0.00034743 1 0.0443738 -0.265778 0.05 21685.9
0 973 2 phononTS 0.00129376 1.7542 -1.45534 -0.00204382 12878.3 0.00034743 1 -0.0571788 -0.277363 0.05 48710.6
0 992 2 phononTS 0.000731186 -2.23 -1.68773 0.011393 497.623 0.00034743 1 -0.0262975 -0.190916 0.05 46362.9
0 1009 3 phononTS 0.00249718 -1.85038 -0.699123 0.0126747 2070.26 0.00034743 1 0.0396574 -0.100097 0.05 4635.62
0 1009 4 phononTF 0.000567704 0.0396574 -0.100097 0.049999 4635.62 0.00034743 1 0.0708399 -0.184202 0.05 4963.14
0 1021 2 phononTS 0.00194532 -1.90523 -1.48001 -0.0109138 1430.05 0.00034743 1 0.116285 -0.185307 0.05 6686.51
0 1028 3 phononTS 0.001812 -2.97963 -2.22901 -0.0461522 16085 0.00034743 1 -0.0763605 -0.194426 0.05 50556.7
0 1028 5 phononTF 0.00137061 -0.0763605 -0.194426 0.049999 50556.7 0.00069486 1 -0.0723452 -0.27625 0.05 50624.3
0 1031 2 phononTF 0.00160995 -0.796717 -0.791466 -0.0428155 4143.24 0.00034743 1 0.0560203 -0.186253 0.05 8957.12
0 1031 5 phononTF 0.000514179 0.0560203 -0.186253 0.049999 8957.12 0.00034743 1 0.0701871 -0.163648 0.05 9019.17
0 1040 3 phononTF 0.0026331 -1.95627 -2.03987 0.0448949 2243.23 0.00034743 1 -0.05312 -0.142211 0.05 27729
0 1057 4 phononL 0.00157299 -1.63596 -0.398925 -0.00661372 5229.55 0.00034743 1 0.0691929 -0.206621 0.05 10177.1
0 1057 6 phononL 0.000618422 0.0691929 -0.206621 0.049999 10177.1 0.00034743 1 -0.0957574 -0.210544 0.05 10372.8
0 1065 3 phononL 0.00237967 -1.36242 -1.76667 0.034563 880.559 0.00034743 1 0.0509419 -0.145146 0.05 92104.1
0 1065 6 phononTS 0.000421629 0.0509419 -0.145146 0.049999 92104.1 0.00034743 1 0.0516635 -0.115814 0.05 92164.5
0 1100 3 phononTS 0.00206849 -1.9791 -1.83356 0.0396041 1010.16 0.00034743 1 -0.102865 -0.180483 0.05 9573.87
0 1110 4 phononTS 0.000925091 -2.02592 -1.96989 0.0425819 5421.67 0.00034743 1 0.0485451 -0.179467 0.05 14386.6
0 1112 3 phononTS 0.00162975 -1.76505 -1.91724 -0.0318024 2070.79 0.00034743 1 0.054714 -0.133752 0.05 12474.2
0 1115 3 phononTS 0.00190262 -0.313847 -1.96946 -0.0415259 8594.92 0.00069486 1 -0.0729166 -0.262342 0.05 118972
0 1120 3 phononTS 0.00147624 -1.37091 -0.288508 0.023115 10166.6 0.00034743 1 0.0317646 -0.129187 0.05 10627.7
0 1149 3 phononTS 0.00139649 -2.67921 -2.53467 0.00686569 4347.82 0.00034743 1 0.0206007 -0.231483 0.05 13352.7
0 1166 3 phononTF 0.00234846 -1.51258 -1.46657 -0.0408739 9843.17 0.00034743 1 0.0429289 -0.188062 0.05 11428.4
0 1201 3 phononTF 0.00131404 -2.86428 -1.91789 -0.0399984 5230.89 0.00034743 1 0.05401 -0.130897 0.05 55482.6
0 1215 3 phononTF 0.00199454 -0.571753 -1.43875 -0.0416693 2694.92 0.00034743 1 -0.0952196 -0.198542 0.05 3684.12
0 1215 5 phononTS 0.00116188 -0.0952196 -0.198542 0.049999 3684.12 0.00069486 1 -0.107581 -0.211464 0.05 3855.25
0 1239 3 phononL 0.00227915 -1.96231 -1.25032 -0.0482498 455.367 0.00069486 1 -0.0736469 -0.236258 0.05 29463.5
0 1276 2 phononTS 0.00188513 -2.22041 -2.28929 -0.0253869 4219.23 0.00034743 1 -0.0658196 -0.294121 0.05 18813.8
0 1304 3 phononTF 0.0025337 -1.71655 -1.45833 0.0400555 5427.85 0.00104229 1 -0.0695099 -0.279273 0.05 16129.5
0 1309 2 phononTF 0.00252621 -1.12823 -1.63468 0.0346262 899.102 0.00034743 1 -0.0427512 -0.254542 0.05 1766.1
0 1320 2 phononL 0.00110442 -1.34789 -1.70349 -0.00465466 7357.23 0.00069486 1 -0.113639 -0.19688 0.05 32362.5
0 1322 5 phononTS 0.00065777 -2.73476 -2.41776 0.0365719 9268 0.00034743 1 -0.095739 -0.233328 0.05 76979.9
0 1336 2 phononTS 0.00203681 -1.67059 -1.68657 0.0435082 79.2923 0.00034743 1 0.0299355 -0.105628 0.05 18955.3
0 1336 5 phononL 0.000620687 0.0299355 -0.105628 0.049999 18955.3 0.00034743 1 0.0322123 -0.095664 0.05 19007
0 1352 3 phononTS 0.00239147 -2.01662 -3.49724 -0.0485993 2261.77 0.00034743 1 -0.0353984 -0.248584 0.05 10646.4
0 1389 3 phononTS 0.00175918 -2.48619 -2.11791 0.00900096 662.622 0.00104229 1 0.0599535 -0.226103 0.05 53037.2
0 1414 2 phononL 0.00225587 -0.775 -1.28379 0.0141696 21474.1 0.00034743 1 -0.0903242 -0.255967 0.05 50126.5
0 1428 3 phononTF 0.00244255 -1.6712 -1.7091 -0.0392394 21.011 0.00069486 1 -0.0904154 -0.215585 0.05 11800.3
0 1472 2 phononL 0.0025304 -2.38975 -1.63469 -0.0365921 8462.32 0.00034743 1 0.0959984 -0.158924 0.05 45424.5
0 1488 5 phononL 0.000657108 -0.570502 0.00659616 0.049999 10712.3 0.00034743 1 -0.0608266 -0.197829 0.05 11087.9
0 1534 4 phononTS 0.00121478 -0.990684 -2.01157 -0.0227737 36847.7 0.00034743 1 0.0568809 -0.124049 0.05 51016.5
0 1543 3 phononTF 0.001599 -1.76358 -1.74042 0.0346278 15.0145 0.00034743 1 0.0932001 -0.250374 0.05 54777.4
0 1544 2 phononTS 0.00293039 -2.25593 -1.60403 0.0384785 6489.6 0.00138972 1 0.0664128 -0.201859 0.05 21647.8
0 1544 4 phononTF 0.000482646 0.0664128 -0.201859 0.049999 21647.8 0.00034743 1 -0.0976693 -0.256735 0.05 23590.6
0 1624 3 phononTS 0.00173079 -0.699115 -1.86182 -0.0389745 2560.11 0.00034743 1 -0.0779939 -0.136884 0.05 20420.7
0 1633 5 phononTF 0.00162059 -4.61678 -3.59978 0.0110317 23746 0.00034743 1 0.0276719 -0.298515 0.05 33231.1
0 1679 2 phononTS 0.00269733 -0.68012 -2.42462 0.00700997 1762.45 0.00034743 1 0.0598507 -0.253937 0.05 4323.33
0 1711 2 phononTS 0.0021856 -2.4988 -2.35129 -0.00259628 10149.5 0.00069486 1 -0.0555716 -0.165716 0.05 25440.1
0 1738 5 phononL 0.00126535 0.760539 -0.145564 0.0252188 72410.6 0.00034743 1 0.108716 -0.175002 0.05 79531
0 1738 6 phononTF 0.000914992 0.108716 -0.175002 0.049999 79531 0.00034743 1 -0.0607025 -0.292479 0.05 79627.2
0 1770 3 phononTS 0.00238956 -1.85025 -1.45668 0.00640252 1773.29 0.00034743 1 0.0267436 -0.190474 0.05 12011.1
0 1770 5 phononTF 0.000958641 0.0267436 -0.190474 0.049999 12011.1 0.00069486 1 -0.0620097 -0.279303 0.05 12620.9
0 1794 2 phononTS 0.00194574 -3.12609 -1.26966 0.033756 7511.24 0.00034743 1 0.0895885 -0.168089 0.05 42332.5
0 1810 2 phononTF 0.00232757 0.448706 -2.70055 -0.0109674 10382.6 0.00034743 1 -0.112083 -0.196361 0.05 39040.7
0 1865 2 phononTS 0.00186745 -1.58794 -1.50705 -0.000584308 7382.35 0.00034743 1 0.0503654 -0.243017 0.05 19997.8
0 1865 4 phononTF 0.00101398 0.0503654 -0.243017 0.049999 19997.8 0.00034743 1 -0.0509135 -0.237141 0.05 20061.8
0 1868 3 phononTS 0.00271417 -1.22483 -2.40315 0.0118751 3292.98 0.00034743 1 0.0278264 -0.284181 0.05 28917.6
0 1894 2 phononTS 0.0019097 -3.13409 -2.04008 -0.0397531 11091.1 0.00069486 1 0.0756131 -0.259084 0.05 45370.5
0 1919 2 phononTF 0.0016554 -2.67121 -1.52823 0.0244021 4298.46 0.00034743 1 0.109685 -0.243775 0.05 10631.6
0 1920 2 phononL 0.00264195 -1.79317 -1.84202 0.0371128 36.0441 0.00034743 1 0.015641 -0.193474 0.05 14152.2
0 1920 5 phononTF 0.00171982 0.015641 -0.193474 0.049999 14152.2 0.00104229 1 0.0177665 -0.16596 0.05 14217.8
0 1938 2 phononTS 0.00167274 -1.35571 -1.84766 0.00614868 555.468 0.00069486 1 -0.0173713 -0.171121 0.05 4642.09
0 1951 2 phononTF 0.00181565 -2.1071 -1.85576 0.00754706 713.57 0.00034743 1 0.0924191 -0.264247 0.05 3223.33
0 1972 3 phononTF 0.00147194 -1.15351 -0.727265 0.0454612 3096.37 0.00034743 1 -0.0273175 -0.176357 0.05 24690.8
0 1972 5 phononTF 0.000639396 -0.0273175 -0.176357 0.049999 24690.8 0.00034743 1 0.014123 -0.215154 0.05 24754.1
0 2065 3 phononL 0.00195422 -1.51297 -1.40455 0.0299002 79.8518 0.00069486 1 0.0851048 -0.128587 0.05 26558.9
0 2067 3 phononL 0.00170207 -0.0445959 -1.2754 -0.0216132 13994.4 0.00034743 1 -0.058669 -0.196849 0.05 17283.8
0 2073 3 phononTF 0.00144521 -1.20996 -2.11265 -0.00567665 2193.21 0.00069486 1 0.03342 -0.102737 0.05 39410.5
0 2074 3 phononTF 0.00278409 -1.55368 -1.39708 -0.0205897 1664.57 0.00034743 1 0.0242561 -0.20205 0.05 10203.3
0 2074 4 phononTF 0.002014 0.0242561 -0.20205 0.049999 10203.3 0.00069486 1 0.0880891 -0.132039 0.05 12460.7
0 2074 10 phononTS 0.00101723 0.0880891 -0.132039 0.049999 12460.7 0.00034743 1 0.0445628 -0.221998 0.05 20973.7
0 2081 1 phononTS 0.004 -1.75 -1.75 0 0 0.00069486 1 0.094076 -0.177755 0.05 8222.65
0 2081 4 phononTS 0.00211447 0.094076 -0.177755 0.049999 8222.65 0.00034743 1 0.0879294 -0.174428 0.05 8287.47
0 2089 2 phononTF 0.0019278 -2.21792 -1.98428 -0.0322539 7407.71 0.00034743 1 0.0513015 -0.104543 0.05 34953.1
0 2089 5 phononTF 0.00146508 0.0513015 -0.104543 0.049999 34953.1 0.00069486 1 0.0457521 -0.146241 0.05 35040.6
0 2108 2 phononTS 0.00177018 -1.73994 -1.64506 0.039921 27.0575 0.00104229 1 -0.0321982 -0.271334 0.05 5220.48
0 2233 5 phononTF 0.00127559 -2.20624 -0.392306 0.0242453 4651.71 0.00034743 1 0.111607 -0.199338 0.05 32944
0 2233 6 phononTS 0.000404494 0.111607 -0.199338 0.049998 32944 0.00034743 1 0.0679877 -0.259501 0.05 143511
0 2234 3 phononTS 0.00284607 -1.53843 -0.730953 0.0343563 4104.31 0.00104229 1 -0.064547 -0.147551 0.05 8960.84
0 2234 4 phononTS 0.00052131 -0.064547 -0.147551 0.049999 8960.84 0.00034743 1 0.0225288 -0.270315 0.05 9908.25
0 2246 4 phononTF 0.00105207 2.63755 -4.52022 0.0487372 17755.8 0.00034743 1 -0.0239003 -0.125047 0.05 49427.6
0 2289 2 phononTF 0.0014915 0.00206713 -2.12276 0.0294138 4253.99 0.00069486 1 0.040309 -0.213479 0.05 59201
0 2306 2 phononTS 0.00209225 -2.47007 -2.41664 0.0158444 14828 0.00034743 1 0.103156 -0.16601 0.05 79966.7
0 2306 4 phononTF 0.00109915 0.103156 -0.16601 0.049999 79966.7 0.00034743 1 0.109394 -0.246224 0.05 80033.1
0 2310 2 phononTF 0.00227424 -2.57305 -2.58066 0.0321176 2276.44 0.00069486 1 0.0145842 -0.200363 0.05 9420.01
0 2329 2 phononTF 0.00142756 -0.520268 -2.00561 -0.0364089 5853.04 0.00034743 1 0.0223034 -0.249718 0.05 8732.49
0 2332 3 phononTF 0.00177535 0.460613 -2.23447 0.0434682 10825.9 0.00104229 1 -0.0429838 -0.247454 0.05 11625.6
0 2338 2 phononTF 0.00157741 -0.334276 -0.686252 0.00289795 2218.13 0.00034743 1 0.0247324 -0.272321 0.05 2409.01
0 2350 2 phononTS 0.00169637 -1.90804 -0.732027 -0.0308648 2994.16 0.00034743 1 0.0604677 -0.237136 0.05 8723.12
0 2381 2 phononTF 0.00226208 -1.71013 -1.78534 0.0361862 33.3459 0.00104229 1 0.0976437 -0.240907 0.05 3746.27
0 2381 13 phononTF 0.000718901 0.0976437 -0.240907 0.049999 3746.27 0.00034743 1 -0.0641357 -0.271407 0.05 3822.28
0 2397 4 phononTF 0.000964226 -1.58429 0.0249637 0.0160685 12198.2 0.00034743 1 -0.0844818 -0.247606 0.05 13689.3
0 2400 3 phononTS 0.00253947 -1.13514 -2.26835 -0.0348733 1051.72 0.00069486 1 -0.0977253 -0.166054 0.05 38022.9
0 2410 3 phononTS 0.00354428 0.00867024 -0.931822 0.0278852 5678.27 0.00069486 1 -0.0605223 -0.211928 0.05 10067.6
0 2444 2 phononTF 0.00209819 -1.84394 -0.84895 0.00401275 3609.58 0.00034743 1 -0.0955022 -0.138679 0.05 22531.5
0 2453 4 phononTS 0.00126497 4.92055 0.754042 0.0469335 102173 0.00034743 1 -0.114792 -0.226162 0.05 217676
0 2466 3 phononTS 0.00189116 -1.58743 -1.69912 0.0448667 16388.3 0.00034743 1 -0.0538019 -0.229725 0.05 41499
0 2476 3 phononTS 0.00252642 -1.88839 -2.33986 0.0304266 1608.01 0.00104229 1 0.0637471 -0.121393 0.05 6130.9
0 2476 4 phononTS 0.00037917 0.0637471 -0.121393 0.049999 6130.9 0.00034743 1 -0.0961993 -0.198141 0.05 6232.57
0 2504 1 phononTF 0.004 -1.75 -1.75 0 0 0.00069486 1 -0.00985803 -0.194181 0.05 3334.09
0 2510 2 phononTS 0.00166076 -1.87708 -1.3977 -0.0143397 74.683 0.00034743 1 -0.109193 -0.174307 0.05 55163.8
0 2522 5 phononTF 0.000784355 3.28633 0.871808 0.032945 18234.7 0.00034743 1 -0.0876597 -0.191475 0.05 20450.9
0 2539 3 phononTS 0.00199585 -1.75301 -1.74316 -0.0049988 1.67393 0.00069486 1 0.0531003 -0.15151 0.05 32969.6
0 2539 5 phononL 0.000603748 0.0531003 -0.15151 0.049999 32969.6 0.00034743 1 0.0650221 -0.283247 0.05 33218.7
0 2541 5 phononTS 0.00152722 -2.2904 -1.07256 0.0278195 19920.2 0.00069486 1 -0.0402014 -0.162669 0.05 40934.6
0 2561 5 phononTF 0.00136512 1.92447 0.520339 0.0383293 30663.2 0.00034743 1 -0.0601389 -0.180669 0.05 59620.7
0 2566 3 phononTF 0.0023073 0.130603 -0.421166 -0.00177997 5736.01 0.00069486 1 0.106811 -0.239412 0.05 5985.11
0 2569 7 phononL 0.00138992 2.7571 -0.423668 -0.0217194 13919 0.00034743 1 0.0356018 -0.2734 0.05 36375.1
0 2588 2 phononTF 0.00103015 -1.82088 -1.26302 0.0365048 1041.83 0.00069486 1 0.0462471 -0.186628 0.05 42555.7
0 2589 3 phononL 0.00202425 -1.93484 -2.23391 -0.00707629 1775.06 0.00069486 1 -0.0217599 -0.215594 0.05 7797.63
0 2610 2 phononL 0.00245947 -1.09898 -1.23896 -0.0309885 11852.7 0.00104229 1 0.044491 -0.145803 0.05 19649
0 2625 1 phononTS 0.004 -1.75 -1.75 0 0 0.00069486 1 -0.0411556 -0.199818 0.05 4215.67
0 2625 3 phononTF 0.000688388 -0.0411556 -0.199818 0.049998 4215.67 0.00034743 1 -0.0426599 -0.133126 0.05 4279.35
0 2625 2 phononTS 0.0019804 -0.0411556 -0.199818 0.049998 4215.67 0.00069486 1 -0.0562379 -0.146815 0.05 4283.48
0 2625 22 phononTF 0.000374485 -0.0562379 -0.146815 0.049998 4283.48 0.00034743 1 0.0571646 -0.159022 0.05 4362.94
0 2631 4 phononTS 0.00114713 -3.80945 -1.09426 -0.0201165 19521.9 0.00069486 1 -0.0597174 -0.167812 0.05 49318.7
0 2695 2 phononL 0.00230829 -1.76604 -2.17901 -0.0390731 1259.09 0.00104229 1 -0.0735722 -0.244917 0.05 20208.9
0 2728 2 phononTS 0.00212528 -3.40776 -3.11559 -0.0229596 6255.42 0.00069486 1 -0.0751913 -0.256524 0.05 31012.2
0 2747 4 phononTS 0.00103127 1.36431 -4.78623 -0.0425533 19345.8 0.00034743 1 -0.0437123 -0.227191 0.05 43689.7
0 2838 3 phononTF 0.00211518 -0.98805 -1.9506 0.0458138 8953 0.00069486 1 -0.0881138 -0.22701 0.05 11973.6
0 2855 3 phononTF 0.0013341 -1.04027 -0.361423 -0.0243312 7187.39 0.00034743 1 -0.109136 -0.196537 0.05 8473.34
0 2865 3 phononTF 0.00161701 -1.66084 -0.210665 -0.0417099 3981.84 0.00034743 1 0.0117057 -0.207644 0.05 27055
0 2874 2 phononTF 0.00146637 -2.13296 -1.56906 0.00102086 1032.49 0.00034743 1 -0.0553501 -0.275253 0.05 35638
0 2888 3 phononTS 0.0019809 -1.77641 -1.03631 -0.045908 2790.97 0.00069486 1 0.0927066 -0.171147 0.05 13923.6
0 2888 2 phononTF 0.0020191 -1.77641 -1.03631 -0.045908 2790.97 0.00138972 1 -0.0322238 -0.165477 0.05 28489.2
0 2890 3 phononTS 0.0022697 -3.0871 -2.95238 0.0298513 13032.7 0.00034743 1 0.090044 -0.149108 0.05 26216.9
0 2898 3 phononL 0.00209344 -2.32087 -2.06546 -0.0143197 5215.94 0.00069486 1 -0.102067 -0.196055 0.05 13288
0 2898 8 phononL 0.000606491 -0.102067 -0.196055 0.049999 13288 0.00034743 1 0.0808036 -0.168865 0.05 28189.1
0 2917 2 phononTF 0.00108287 -1.71823 -1.77474 0.0351599 9.77909 0.00034743 1 -0.0790208 -0.208863 0.05 6965.26
0 2938 3 phononL 0.00144305 -1.55694 -1.11257 0.0491748 3062.11 0.00069486 1 0.0363519 -0.303244 0.05 22916.4
0 2950 2 phononL 0.0019877 -1.63261 -0.941714 0.0297528 1016.44 0.00069486 1 0.0212308 -0.225841 0.05 6572.71
0 2956 2 phononTF 0.00256077 -1.68224 -1.9902 0.00536867 1781.19 0.00069486 1 -0.0401402 -0.206494 0.05 7937.77
0 2956 7 phononTS 0.000935187 -0.0401402 -0.206494 0.049999 7937.77 0.00034743 1 -0.049226 -0.219114 0.05 7999.43
0 2956 4 phononL 0.000374107 -0.0401402 -0.206494 0.049999 7937.77 0.00034743 1 -0.0751656 -0.2727 0.05 9237.9
0 3036 3 phononL 0.00147916 -2.00727 -3.75655 -0.0368602 9160.01 0.00034743 1 -0.0762884 -0.229149 0.05 21386.4
0 3054 3 phononTS 0.00176587 -1.05217 -0.76167 0.00823963 7555.03 0.00034743 1 0.0723258 -0.205418 0.05 9071.67
0 3054 5 phononTF 0.000923021 0.0723258 -0.205418 0.049999 9071.67 0.00034743 1 -0.0646768 -0.20117 0.05 9283.52
0 3054 12 phononTS 0.000475855 -0.0646768 -0.20117 0.049999 9283.52 0.00034743 1 -0.0905709 -0.223704 0.05 9343.67
0 3080 3 phononL 0.00192129 -2.30675 -2.28379 0.0291007 2916.7 0.00069486 1 -0.0514635 -0.10064 0.05 23246.8
0 3080 4 phononL 0.000845263 -0.0514635 -0.10064 0.049999 23246.8 0.00034743 1 0.0175305 -0.158207 0.05 34304.8
0 3095 3 phononTS 0.00274801 -3.44275 -1.45312 0.0153875 11051.4 0.00034743 1 -0.0602461 -0.119284 0.05 23820.1
0 3095 5 phononTS 0.00157557 -0.0602461 -0.119284 0.049999 23820.1 0.00034743 1 -0.0578586 -0.106568 0.05 23879
0 3095 9 phononTS 0.000564621 -0.0578586 -0.106568 0.049999 23879 0.00034743 1 -0.0762577 -0.232568 0.05 23972.4
0 3117 3 phononTS 0.00203999 -1.9638 -2.18247 -0.0110717 757.099 0.00034743 1 -0.095828 -0.165237 0.05 6656.7
0 3130 1 phononTS 0.004 -1.75 -1.75 0 0 0.00069486 1 -0.109801 -0.207772 0.05 9015.63
0 3131 2 phononTF 0.00221723 -1.7779 -1.81334 -0.0164872 305.444 0.00034743 1 0.06679 -0.245259 0.05 7853.22
0 3141 3 phononTS 0.00265249 -1.74132 -1.76322 0.0466775 1767.39 0.00034743 1 0.104874 -0.211778 0.05 6089.72
0 3145 1 phononTS 0.004 -1.75 -1.75 0 0 0.00138972 1 -0.0528103 -0.213278 0.05 4560.72
0 3157 2 phononTS 0.00159806 -1.09033 -1.67303 -0.0195604 18390.6 0.00034743 1 0.0682748 -0.285436 0.05 21949.4
0 3160 2 phononTS 0.00167276 -0.0477494 -1.04579 -0.0450333 6663.79 0.00069486 1 -0.0673866 -0.236229 0.05 8175.07
0 3164 2 phononTS 0.00260581 -1.19778 -1.76449 -0.0207707 2347.62 0.00069486 1 -0.104253 -0.194491 0.05 8736.22
0 3164 12 phononTS 0.000510131 -0.104253 -0.194491 0.049999 8736.22 0.00034743 1 -0.108388 -0.212006 0.05 8794.31
0 3183 5 phononTS 0.000565284 -1.73877 0.0696474 0.049999 11127.9 0.00034743 1 -0.0858466 -0.247273 0.05 11665
0 3188 4 phononTS 0.000382145 -0.726556 0.09474 0.049999 6779.9 0.00034743 1 -0.044956 -0.275082 0.05 7990.66
0 3192 2 phononL 0.0028204 -1.77818 -1.78037 0.0393927 10.4785 0.00069486 1 -0.0485518 -0.147588 0.05 21537
0 3192 4 phononTS 0.00137758 -0.0485518 -0.147588 0.049999 21537 0.00034743 1 -0.103971 -0.150946 0.05 21604.8
0 3192 18 phononTS 0.000490759 -0.103971 -0.150946 0.049999 21604.8 0.00034743 1 -0.0794982 -0.182652 0.05 21666.6
0 3204 2 phononTF 0.00219854 -1.80511 -0.0653925 -0.0422206 15964.2 0.00069486 1 0.0848178 -0.216828 0.05 27346.9
0 3214 2 phononTS 0.00110841 -1.33525 -2.76996 0.00741672 1985.71 0.00034743 1 -0.0890504 -0.260936 0.05 16065.6
0 3228 3 phononTF 0.0025836 -0.426317 -0.160278 0.0294026 9425.29 0.00034743 1 -0.0878744 -0.1442 0.05 31066.4
0 3245 3 phononTF 0.00108667 -1.59133 -2.2908 0.00575214 3160.12 0.00034743 1 0.0985655 -0.150586 0.05 6618.37
0 3249 3 phononTS 0.00290524 -1.62689 -1.69978 -0.0385933 1488.99 0.00069486 1 0.0324842 -0.253631 0.05 8772.91
0 3264 2 phononTS 0.00184677 -1.76767 -0.707898 0.0109674 1993.56 0.00069486 1 0.0983251 -0.163107 0.05 8747.64
0 3264 9 phononTS 0.000364054 0.0983251 -0.163107 0.049999 8747.64 0.00034743 1 0.0570101 -0.133484 0.05 8951.31
0 3275 5 phononTS 0.000617577 -0.991282 -0.0070104 0.049999 11120.3 0.00034743 1 0.0584945 -0.217106 0.05 48101.7
0 3281 4 phononTF 0.00122654 -1.16933 -1.80597 0.0256844 6284.31 0.00034743 1 0.0466662 -0.15649 0.05 24235.4
0 3291 2 phononTF 0.00148954 -0.678686 -0.392309 0.0148775 10660.9 0.00069486 1 -0.0369077 -0.264689 0.05 21515.8
0 3293 3 phononTF 0.00236568 -1.77463 -1.58698 -0.00704285 163.026 0.00034743 1 0.0105057 -0.205153 0.05 72231.4
0 3304 2 phononTS 0.000560121 -2.64915 -1.85561 0.0174114 2271.01 0.00034743 1 0.0798332 -0.156042 0.05 123435
0 3308 1 phononTS 0.004 -1.75 -1.75 0 0 0.00069486 1 0.0743003 -0.141567 0.05 12036.7
0 3314 2 phononL 0.000897159 -1.64269 -1.2037 -0.00719799 1338.16 0.00034743 1 -0.0621373 -0.235065 0.05 46295.1
0 3314 7 phononTS 0.000367861 -0.0621373 -0.235065 0.049998 46295.1 0.00034743 1 0.0468065 -0.104956 0.05 46389.3
0 3341 2 phononTF 0.00270862 -0.759157 -1.42446 -0.0116667 2281.33 0.00138972 1 0.0725092 -0.18779 0.05 5186.38
0 3352 2 phononTS 0.00238892 -1.67123 -1.54067 0.0156591 403.084 0.00034743 1 -0.0964609 -0.254632 0.05 8158.23
0 3410 3 phononTF 0.00277811 -1.32483 -1.91838 0.0255078 577.833 0.00034743 1 -0.066662 -0.27996 0.05 7706.09
0 3410 5 phononTS 0.0005303 -0.066662 -0.27996 0.049999 7706.09 0.00034743 1 -0.0510632 -0.265453 0.05 7766.76
0 3419 3 phononTF 0.00290509 -0.4415 -1.69708 -0.00756341 6692.77 0.00034743 1 0.0977258 -0.265561 0.05 13773.2
0 3449 4 phononL 0.00106061 -2.50532 1.42165 -0.00767186 17276.2 0.00034743 1 -0.0827728 -0.261043 0.05 42143.6
0 3468 5 phononTF 0.000625848 -2.9686 4.04409 0.00401718 32643.1 0.00034743 1 0.0635679 -0.209688 0.05 72019.4
0 3523 5 phononTS 0.00241345 -0.58315 -3.00457 0.015654 14710.8 0.00034743 1 -0.0785037 -0.204713 0.05 26710.8
0 3523 2 phononTS 0.0010226 -1.78103 -1.75928 0.0464836 12.3561 0.00034743 1 0.0892163 -0.225933 0.05 1793.61
0 3532 5 phononTF 0.00161355 -1.33348 -0.541084 -0.00443084 5482.09 0.00069486 1 -0.0435239 -0.170908 0.05 15034
0 3587 3 phononL 0.00162737 -0.515744 -0.352575 0.0313984 8234.06 0.00034743 1 -0.0914713 -0.133637 0.05 8491.91
0 3587 6 phononTS 0.00108084 -0.0914713 -0.133637 0.049999 8491.91 0.00034743 1 -0.0774501 -0.158197 0.05 8585.29
0 3597 2 phononL 0.0024306 -1.56418 -1.20796 -0.0319084 935.921 0.00034743 1 -0.100318 -0.229993 0.05 8852.66
0 3612 3 phononTS 0.00309008 -1.76103 -2.49799 -0.0458579 10940 0.00034743 1 0.0360144 -0.163003 0.05 27113.4
0 3614 4 phononL 0.00236328 -2.20221 -1.31412 0.0146045 4857.88 0.00104229 1 -0.0781891 -0.15902 0.05 12219.1
0 3614 11 phononL 0.000469685 -0.0781891 -0.15902 0.049999 12219.1 0.00034743 1 -0.0484849 -0.143998 0.05 86785.5
0 3614 6 phononTF 0.000364544 -0.0781891 -0.15902 0.049999 12219.1 0.00034743 1 -0.0994916 -0.173841 0.05 12437.1
0 3650 7 phononTF 0.00113781 -2.61264 -2.32804 0.0244204 19860.1 0.00034743 1 0.0145638 -0.178563 0.05 30685.4
0 3657 4 phononTS 0.00102958 -2.70902 3.97547 -0.0225908 10553.7 0.00034743 1 0.038051 -0.227089 0.05 45428.9
0 3657 7 phononTS 0.000476754 0.038051 -0.227089 0.049999 45428.9 0.00034743 1 0.0498385 -0.237252 0.05 45485.5
0 3687 1 phononL 0.004 -1.75 -1.75 0 0 0.00034743 1 -0.0552523 -0.225886 0.05 2549.28
0 3687 5 phononTF 0.000631293 -0.0552523 -0.225886 0.049999 2549.28 0.00034743 1 -0.102357 -0.169709 0.05 2818.88
0 3693 2 phononTS 0.00132947 -1.2911 -0.385038 -0.016748 9461.32 0.00104229 1 -0.0605187 -0.270991 0.05 9860.5
0 3705 4 phononTF 0.0014261 -1.43158 0.383271 -0.0141559 21414.5 0.00034743 1 0.038747 -0.298537 0.05 89141.1
0 3722 3 phononTS 0.00252935 -3.32835 -1.54685 0.000510784 10523.4 0.00069486 1 -0.0387848 -0.157882 0.05 25039.8
0 3722 9 phononTS 0.00088095 -0.0387848 -0.157882 0.049999 25039.8 0.00034743 1 0.049328 -0.225343 0.05 25118.4
0 3725 2 phononTF 0.00145514 -1.38081 -1.35618 0.0462775 3025.69 0.00034743 1 -0.0541199 -0.270269 0.05 43231.5
0 3733 2 phononTS 0.00118035 -1.7388 -1.90165 -0.00117908 5025.9 0.00034743 1 -0.104807 -0.253574 0.05 11147.5
0 3756 2 phononTF 0.00186963 -1.56534 -2.84973 0.00801706 5301.1 0.00034743 1 -0.03019 -0.18873 0.05 7522.94
0 3756 4 phononL 0.000406355 -0.03019 -0.18873 0.049999 7522.94 0.00034743 1 0.0789888 -0.236204 0.05 8014.96
0 3766 2 phononTS 0.00193244 -0.429358 -2.61738 0.0461049 5100.53 0.00034743 1 0.0530505 -0.207307 0.05 24847.9
0 3770 2 phononTF 0.00131312 0.0961643 -4.69692 0.0310983 7578.14 0.00069486 1 0.0387313 -0.185976 0.05 14459.2
0 3770 9 phononL 0.000407547 0.0387313 -0.185976 0.049999 14459.2 0.00034743 1 -0.0446975 -0.127707 0.05 14554.5
0 3773 3 phononTF 0.00290026 -1.87129 -1.60624 -0.0284602 11290.6 0.00069486 1 -0.0970914 -0.171079 0.05 23678.5
0 3782 3 phononTS 0.00161893 -1.10755 -2.14963 -0.0275667 3726.76 0.00034743 1 -0.0422899 -0.216206 0.05 5715.78
0 3893 2 phononTS 0.00196345 -3.03038 -0.521999 0.0210094 6336.47 0.00034743 1 0.107336 -0.230804 0.05 14160.9
0 3893 4 phononTS 0.0011186 0.107336 -0.230804 0.049999 14160.9 0.00069486 1 0.0391713 -0.262711 0.05 14232.2
0 3900 4 phononTS 0.00123257 -3.00358 4.96528 -0.0231677 33332.7 0.00034743 1 0.0369206 -0.13153 0.05 59687.6
0 3901 3 phononTS 0.00233075 0.159826 -0.610798 0.00800734 14327 0.00069486 1 -0.0530222 -0.284824 0.05 14661.5
0 3902 3 phononTF 0.00231582 -1.19199 -2.52246 0.0120468 3249.05 0.00069486 1 0.0539393 -0.261081 0.05 5046.15
0 3950 3 phononTF 0.00213195 -1.75432 -1.06634 0.00467725 1781.43 0.00104229 1 0.0951239 -0.174178 0.05 4307.83
0 3960 3 phononTF 0.00199265 -1.08582 -2.25534 0.0272878 13063.3 0.00069486 1 0.086764 -0.203582 0.05 22821.7
0 3970 5 phononTF 0.00125422 -0.763976 4.89731 -0.0461549 26574.2 0.00069486 1 0.0729138 -0.270601 0.05 95988.1
0 3979 2 phononL 0.0023039 -1.85802 -1.79872 0.00978284 7724.65 0.00034743 1 0.0974491 -0.177452 0.05 14821.1
0 4046 2 phononTS 0.0028101 -2.10157 -1.15776 -0.0248653 8273.07 0.00069486 1 0.118585 -0.219227 0.05 11003.3
0 4049 2 phononTF 0.00234806 -1.71473 -0.906353 0.0347356 1801.87 0.00034743 1 0.0607379 -0.220168 0.05 24555.9
0 4049 6 phononTF 0.00181599 0.0607379 -0.220168 0.049999 24555.9 0.00034743 1 -0.0351266 -0.221001 0.05 24796.6
0 4083 4 phononTF 0.000949637 -0.492906 -1.31226 0.00655596 9362.09 0.00034743 1 -0.0592046 -0.110702 0.05 23980.4
0 4107 2 phononTF 0.00270127 -1.06136 -2.25296 -0.0200387 2980.89 0.00069486 1 -0.0190467 -0.203024 0.05 9139.98
0 4112 3 phononL 0.00275783 -1.49591 -0.141554 0.0136184 3958.05 0.00069486 1 0.071252 -0.131954 0.05 29994
0 4112 11 phononTS 0.000569794 0.071252 -0.131954 0.049999 29994 0.00034743 1 0.0819433 -0.244472 0.05 30079.9
0 4130 4 phononTF 0.000722747 -0.699319 0.0753099 0.049999 3667.82 0.00034743 1 -0.0626832 -0.138957 0.05 31833.2
0 4171 2 phononTS 0.000868845 -2.0322 0.0475625 0.049999 3765.34 0.00034743 1 0.0494947 -0.120208 0.05 5859.18
0 4188 1 phononTS 0.004 -1.75 -1.75 0 0 0.00069486 1 0.0216456 -0.157871 0.05 3704.87
0 4188 2 phononTS 0.00247574 0.0216456 -0.157871 0.049999 3704.87 0.00034743 1 0.0818001 -0.148326 0.05 4000.77
0 4193 7 phononTF 0.00109092 -0.289867 -1.00645 -0.0293578 14591.6 0.00069486 1 0.10122 -0.180203 0.05 19153.1
0 4203 2 phononTS 0.00174611 -1.77218 -1.77481 -0.0202589 7.10508 0.00034743 1 -0.0620697 -0.22534 0.05 29222.2
0 4203 5 phononL 0.000389069 -0.0620697 -0.22534 0.049999 29222.2 0.00034743 1 -0.0855761 -0.273124 0.05 29475.6
0 4255 3 phononTF 0.00224503 -1.20751 -1.72254 0.0471738 11085.6 0.00069486 1 0.0254025 -0.234707 0.05 41292.6
0 4280 2 phononTS 0.00117526 -1.21554 -1.0084 -0.016323 6453.83 0.00034743 1 0.0747795 -0.112791 0.05 136729
0 4287 3 phononTS 0.00188849 -0.689611 -1.26954 0.0102565 3060.35 0.00069486 1 -0.0984346 -0.208543 0.05 4033.7
0 4292 4 phononTS 0.000775033 -1.44559 -1.56755 -0.0496214 13130.4 0.00034743 1 0.113226 -0.179768 0.05 66694.4
0 4316 3 phononTF 0.0019718 -1.81373 -3.13305 -0.0282304 6178.88 0.00069486 1 -0.0930796 -0.172401 0.05 8520.78
0 4319 3 phononTS 0.00201912 -1.9909 -1.46111 0.0361933 5600.28 0.00104229 1 -0.0383916 -0.234582 0.05 82143.5
0 4332 2 phononTF 0.00112226 -2.01007 -0.394977 -0.0458582 2213.16 0.00034743 1 -0.0716513 -0.212353 0.05 7664.25
0 4341 3 phononTF 0.001341 -2.39204 -2.85708 0.00947509 3792.6 0.00034743 1 0.0361724 -0.0935268 0.05 11407.1
0 4348 3 phononTF 0.00208646 -1.1202 -0.283917 -0.006447 4138.25 0.00069486 1 -0.0172253 -0.163766 0.05 14450.6
0 4356 3 phononTF 0.00304101 -1.2285 -0.99931 0.013633 2004.88 0.00034743 1 -0.0340512 -0.131616 0.05 8431.22
0 4356 4 phononTF 0.00107437 -0.0340512 -0.131616 0.049999 8431.22 0.00034743 1 0.0328703 -0.103618 0.05 8516.32
0 4378 5 phononTS 0.000601389 -1.01588 0.024424 0.049999 4261.37 0.00034743 1 0.0934614 -0.198939 0.05 25968.3
0 4421 1 phononTS 0.004 -1.75 -1.75 0 0 0.00034743 1 -0.0309045 -0.161071 0.05 6225.26
0 4437 2 phononTS 0.00199097 -1.05277 -1.21105 -0.0245363 4316.02 0.00034743 1 0.0611384 -0.20818 0.05 17370.1
0 4437 5 phononTS 0.00114604 0.0611384 -0.20818 0.049999 17370.1 0.00034743 1 0.0228104 -0.142359 0.05 17437.7
0 4437 9 phononTS 0.000528386 0.0228104 -0.142359 0.049999 17437.7 0.00034743 1 -0.0326816 -0.102768 0.05 17505.5
0 4439 2 phononTS 0.00258857 -0.937953 -2.11666 0.00872077 3183.52 0.00034743 1 0.036843 -0.255984 0.05 5576.15
0 4439 5 phononTF 0.000849255 0.036843 -0.255984 0.049999 5576.15 0.00034743 1 -0.0311529 -0.249643 0.05 5646.21
0 4448 1 phononL 0.004 -1.75 -1.75 0 0 0.00034743 1 0.0453096 -0.220539 0.05 7589.64
0 4469 1 phononTF 0.004 -1.75 -1.75 0 0 0.00069486 1 -0.0739331 -0.255701 0.05 7026.43
0 4473 2 phononTS 0.00238721 -1.86626 -1.79097 -0.041574 86.9263 0.00069486 1 -0.023811 -0.209961 0.05 5615.64
0 4473 5 phononTF 0.000464365 -0.023811 -0.209961 0.049999 5615.64 0.00034743 1 -0.0150955 -0.214444 0.05 6221.84
0 4484 2 phononTS 0.00138577 -2.38391 -1.41925 -0.0151751 1236.58 0.00069486 1 -0.0292804 -0.256597 0.05 4764.9
0 4485 3 phononTF 0.00167063 -1.40427 -2.16232 -0.0144395 1158.21 0.00034743 1 0.0877135 -0.27457 0.05 6266.56
0 4485 4 phononTS 0.000514776 0.0877135 -0.27457 0.049999 6266.56 0.00034743 1 0.0187453 -0.174082 0.05 6470.59
0 4486 5 phononTF 0.00137372 -3.01298 -4.39067 0.0376339 16253.7 0.00034743 1 -0.0906908 -0.234208 0.05 27247.5
0 4486 6 phononTF 0.000996431 -0.0906908 -0.234208 0.049998 27247.5 0.00069486 1 0.0235593 -0.211895 0.05 27966.7
0 4501 3 phononL 0.00244278 -2.09955 -2.14752 -0.00980899 2289.73 0.00104229 1 -0.0841547 -0.131214 0.05 76614.6
0 4505 3 phononTF 0.00199339 -1.76515 -1.75962 0.0157497 4.38376 0.00034743 1 0.0308226 -0.265209 0.05 1257.49
0 4532 3 phononTS 0.00132291 -1.86652 -1.50769 -0.00845489 4975.47 0.00034743 1 0.0729534 -0.241758 0.05 18020.5
0 4537 5 phononTS 0.00176329 4.8591 -1.96264 0.0392161 54330 0.00034743 1 -0.110246 -0.205497 0.05 99706.7
0 4537 6 phononTS 0.000512493 -0.110246 -0.205497 0.049999 99706.7 0.00034743 1 -0.061158 -0.184507 0.05 100250
0 4558 3 phononTS 0.00296195 -1.80015 -1.01001 -0.0114306 534.323 0.00069486 1 -0.0691374 -0.242873 0.05 32892.1
0 4558 7 phononTF 0.000846576 -0.0691374 -0.242873 0.049999 32892.1 0.00034743 1 -0.0650768 -0.249606 0.05 33378.3
0 4568 2 phononTF 0.0024479 -1.60193 -1.21747 0.00617833 3107.63 0.00104229 1 -0.0521523 -0.228171 0.05 5045.48
0 4577 4 phononTF 0.000787827 -2.25805 -4.01995 0.0472199 33409.9 0.00034743 1 0.0786191 -0.211733 0.05 36819.4
0 4581 2 phononTS 0.00183514 -1.86159 -1.83278 0.0462494 27.5579 0.00034743 1 -0.0748613 -0.176723 0.05 4075.22
0 4601 2 phononTS 0.0024509 -0.991901 -1.57297 -0.0158246 4714.82 0.00034743 1 0.0460177 -0.0972954 0.05 25936.4
0 4601 6 phononTS 0.000596106 0.0460177 -0.0972954 0.049999 25936.4 0.00034743 1 0.0928216 -0.230748 0.05 26177.7
0 4620 2 phononL 0.00261543 -1.28691 -1.80156 -0.00332902 4479.63 0.00069486 1 0.0293902 -0.281707 0.05 23783.4
0 4656 2 phononL 0.0018473 -1.03205 -0.0260059 0.0211044 16368.6 0.00034743 1 0.0663765 -0.106485 0.05 18311.7
0 4666 3 phononTF 0.0024467 -0.987688 -1.78364 0.0383067 3843.16 0.00069486 1 -0.0163889 -0.195194 0.05 40074.4
0 4667 3 phononL 0.00286135 -0.560677 -0.745007 0.00192603 3484.98 0.00104229 1 -0.0722139 -0.291291 0.05 7122.21
0 4689 1 phononL 0.004 -1.75 -1.75 0 0 0.00069486 1 -0.0548493 -0.232794 0.05 3663.72
0 4705 3 phononTF 0.000870869 -0.832689 0.0363545 0.049999 20088.6 0.00069486 1 -0.0572646 -0.253156 0.05 32975.5
0 4751 5 phononTF 0.00190313 -1.62628 -1.91126 -0.0295505 46574 0.00034743 1 0.0159284 -0.212232 0.05 48790.1
0 4763 3 phononL 0.00159578 -1.73992 -1.77028 0.0183623 5.37943 0.00069486 1 0.0718829 -0.223255 0.05 12507.6
0 4763 7 phononTS 0.00043935 0.0718829 -0.223255 0.049999 12507.6 0.00034743 1 0.0841802 -0.21865 0.05 12574.4
0 4767 3 phononTS 0.00167523 0.879917 -3.31798 -0.0408493 5168.33 0.00034743 1 -0.0299047 -0.140356 0.05 14505
0 4770 2 phononTS 0.00162842 -3.09627 -0.64497 -0.0486541 19354.7 0.00034743 1 -0.0923701 -0.271002 0.05 40059
0 4806 3 phononTS 0.00335532 -1.42915 -1.59333 0.0145275 1772.05 0.00034743 1 -0.0412516 -0.253054 0.05 18969.7
0 4806 5 phononTS 0.0011639 -0.0412516 -0.253054 0.049999 18969.7 0.00069486 1 -0.104532 -0.223803 0.05 19158.4
0 4830 3 phononTS 0.00133509 -2.34976 -1.98513 0.0296183 2075.21 0.00034743 1 -0.0863406 -0.210875 0.05 17819.4
0 4830 2 phononTS 0.00266491 -2.34976 -1.98513 0.0296183 2075.21 0.00069486 1 0.0178707 -0.188066 0.05 40243.7
0 4853 5 phononTS 0.00133782 -1.15494 -1.0268 0.0021428 636.895 0.00069486 1 0.100581 -0.184382 0.05 3028.12
0 4859 4 phononTF 0.00137621 4.13444 0.563474 0.0188448 56465.7 0.00069486 1 -0.0686925 -0.267968 0.05 92027.7
0 4862 2 phononTS 0.00203781 -2.15991 -2.51192 -0.0318813 4385.33 0.00034743 1 -0.0771346 -0.237047 0.05 119757
0 4868 1 phononTF 0.004 -1.75 -1.75 0 0 0.00069486 1 -0.0620589 -0.197386 0.05 4157.23
0 4868 6 phononTS 0.00176027 -0.0620589 -0.197386 0.049999 4157.23 0.00069486 1 -0.0349933 -0.14373 0.05 4226.95
0 4868 19 phononTS 0.000513675 -0.0349933 -0.14373 0.049999 4226.95 0.00034743 1 0.0161159 -0.206551 0.05 4506.77
0 4868 3 phononTS 0.000596326 -0.0620589 -0.197386 0.049999 4157.23 0.00034743 1 -0.0735835 -0.25109 0.05 4478.77
0 4927 3 phononTF 0.00157751 -1.7083 -1.9161 -0.0300365 1507.35 0.00104229 1 -0.0674865 -0.124025 0.05 2369.37
0 4944 3 phononTF 0.00274288 -0.956871 -1.57613 0.0137729 1176.63 0.00104229 1 -0.0309699 -0.268132 0.05 22862.7
0 4948 5 phononTF 0.0018058 -1.50683 -2.11793 -0.0219083 6898.06 0.00034743 1 -0.0229559 -0.273472 0.05 11009.5
0 4948 4 phononTF 0.00109309 -1.50683 -2.11793 -0.0219083 6898.06 0.00069486 1 0.0695321 -0.196445 0.05 172234
0 4964 2 phononTS 0.00195934 -1.68481 -0.768072 0.0282545 2329.13 0.00069486 1 0.0677446 -0.257847 0.05 16489.5
0 4984 3 phononL 0.00263726 -2.21649 -1.27221 -0.0341336 7108.01 0.00034743 1 0.0504669 -0.215917 0.05 24033.4
0 4984 4 phononTS 0.000393001 0.0504669 -0.215917 0.049999 24033.4 0.00034743 1 0.0977691 -0.140485 0.05 24157.2
