Run ID,Event ID,Track ID,Particle Name,Start Energy [eV],Start X [mm],Start Y [mm],Start Z [mm],Start Time [ns],Energy Deposited [eV],Track Weight,End X [mm],End Y [mm],End Z [mm],Final Time [ns],Volume Name
0 23 2 phononTS 0.00210452 3.86402 1.85492 -0.0471832 3491.35 0.00069486 1 -0.0207632 -0.250694 0.05 18541.5
0 30 4 phononTS 0.000962494 3.12875 1.95894 0.0156016 5808.6 0.00034743 1 0.0245981 -0.222846 0.05 107559
0 66 2 phononTF 0.00225805 4.41798 3.29493 -0.0200009 758.257 0.00069486 1 -0.111781 -0.226409 0.05 18626.8
0 77 5 phononTF 0.00152021 1.43619 -0.245247 0.00721958 31393.2 0.00069486 1 0.0399827 -0.29437 0.05 74016
0 97 4 phononTS 0.000976319 3.55373 4.62954 0.0191703 10174.1 0.00034743 1 -0.0665364 -0.267534 0.05 41204.3
0 168 6 phononTS 0.000551547 3.37838 2.94171 -0.0248195 31163.4 0.00034743 1 -0.105882 -0.177664 0.05 62282.6
0 197 7 phononTF 0.000603537 -0.576574 1.77446 0.0269254 16798.2 0.00034743 1 0.065549 -0.270786 0.05 53075.8
0 197 15 phononTS 0.000497269 -4.59535 -1.76606 0.0433375 40099 0.00034743 1 -0.0742772 -0.156988 0.05 80588
0 264 4 phononL 0.000780782 -1.12041 3.42859 -0.00935466 22219.1 0.00034743 1 -0.0563724 -0.201169 0.05 217124
0 268 2 phononTS 0.00178326 3.67033 1.55621 0.0461758 11893.1 0.00034743 1 0.0540056 -0.290044 0.05 43855.3
0 275 3 phononTS 0.00204449 3.46357 2.1988 0.0481561 744.161 0.00069486 1 0.0155361 -0.188453 0.05 31967.5
0 295 2 phononTF 0.00176534 4.97326 2.16652 0.0106839 3891.38 0.00034743 1 -0.056563 -0.260181 0.05 100967
0 305 2 phononTS 0.0013742 4.7188 2.32869 0.0257404 1109.36 0.00034743 1 0.0363841 -0.179701 0.05 8359.68
0 307 2 phononTF 0.00211395 2.64696 0.93837 -0.0318906 12735.1 0.00069486 1 -0.116877 -0.175077 0.05 23124.8
0 319 3 phononTS 0.00186357 4.71814 1.44382 0.0471968 5849.28 0.00034743 1 0.0333015 -0.204413 0.05 30331.5
0 324 2 phononTF 0.00196547 4.91005 2.18439 0.0225127 1092.43 0.00034743 1 0.0293183 -0.260193 0.05 26591.4
0 349 3 phononTF 0.00180913 4.45113 2.57204 -0.0397753 1609.3 0.00034743 1 -0.115682 -0.230953 0.05 22551.2
0 349 4 phononTF 0.000988451 -0.115682 -0.230953 0.049999 22551.2 0.00034743 1 -0.0241234 -0.157226 0.05 23776.6
0 350 4 phononTF 0.000750682 0.838187 2.88429 -0.0448971 59599.5 0.00034743 1 0.0845776 -0.12192 0.05 73715.4
0 458 3 phononTF 0.00257384 4.32211 2.69987 0.0274052 6093.86 0.00104229 1 -0.0933998 -0.216872 0.05 23198
0 466 2 phononTF 0.00190636 2.6985 0.635272 -0.00272122 24319.3 0.00034743 1 -0.0243717 -0.142316 0.05 33144.4
0 484 2 phononTF 0.0015092 4.69673 3.26305 0.0210752 388.718 0.00034743 1 -0.0621098 -0.157764 0.05 26546
0 509 3 phononTS 0.00150856 4.95233 1.6124 -0.00206789 7555.64 0.00104229 1 0.106445 -0.236156 0.05 21997.5
0 536 2 phononTS 0.0023017 4.69244 2.87497 -0.00630334 2361.1 0.00034743 1 0.0837884 -0.262642 0.05 69073.1
0 549 3 phononTF 0.00265418 4.9542 3.15165 -0.0447086 930.92 0.00069486 1 0.0739315 -0.137306 0.05 29511.2
0 556 2 phononTS 0.000729061 3.9912 2.87407 -0.00470808 1973.79 0.00034743 1 0.044282 -0.155596 0.05 43450.7
0 577 3 phononTS 0.00224369 0.349026 3.14939 -0.0215933 16413.3 0.00034743 1 0.0811313 -0.278906 0.05 41746.6
0 585 2 phononTS 0.00275326 4.58359 2.0504 0.0372028 5914.35 0.00069486 1 -0.0623905 -0.176248 0.05 24226.2
0 585 8 phononL 0.000904801 -0.0623905 -0.176248 0.049999 24226.2 0.00069486 1 0.040212 -0.261872 0.05 44074
0 665 2 phononL 0.00240943 4.59057 2.43733 -0.0218779 5665.61 0.00069486 1 -0.0470769 -0.291515 0.05 20200
0 691 2 phononL 0.00215055 3.455 2.98045 0.0437876 2053.8 0.00069486 1 0.106332 -0.213754 0.05 12806.3
0 699 2 phononTS 0.00197715 1.81368 3.79511 -0.00448506 17768.5 0.00034743 1 -0.0457199 -0.238591 0.05 68581.6
0 707 2 phononL 0.00131952 1.77008 4.56577 -0.013003 22279.1 0.00034743 1 0.0298814 -0.298867 0.05 100201
0 707 7 phononL 0.000953107 0.0298814 -0.298867 0.049999 100201 0.00034743 1 -0.0395397 -0.292486 0.05 100615
0 720 2 phononTS 0.00213161 2.91488 1.99664 0.0276138 10475.9 0.00104229 1 0.0762346 -0.256432 0.05 35780.5
0 752 5 phononTF 0.000762068 0.502553 -4.99761 0.0483689 99758 0.00034743 1 -0.040107 -0.156595 0.05 145571
0 794 3 phononTS 0.00171167 4.51602 3.9402 0.0375593 9518.91 0.00069486 1 0.0380625 -0.113991 0.05 96747.7
0 801 2 phononTF 0.00212114 4.91968 4.63182 0.0288712 27768.1 0.00104229 1 0.109604 -0.177416 0.05 47610.9
0 801 7 phononTS 0.000355965 0.109604 -0.177416 0.049999 47610.9 0.00034743 1 0.0302215 -0.154972 0.05 47753
0 839 5 phononTS 0.000944097 -2.0165 3.51111 0.0212428 33824.3 0.00034743 1 -0.0762573 -0.114665 0.05 44798.5
0 850 2 phononTS 0.00170384 4.5239 4.88143 -0.0257443 10144.4 0.00069486 1 0.0173285 -0.176911 0.05 103113
0 850 8 phononTS 0.000534562 0.0173285 -0.176911 0.049999 103113 0.00034743 1 -0.0160838 -0.219588 0.05 103178
0 866 2 phononL 0.00162429 4.31313 3.85695 -0.0090373 5700.37 0.00034743 1 0.0598769 -0.238047 0.05 133688
0 866 4 phononTF 0.00116348 0.0598769 -0.238047 0.049999 133688 0.00034743 1 -0.0876021 -0.217948 0.05 133761
0 879 2 phononL 0.00188576 4.80759 2.79557 0.033186 18.8942 0.00069486 1 0.110426 -0.167799 0.05 8265.39
0 880 2 phononL 0.00181793 4.3903 1.85495 0.0238968 1743.78 0.00104229 1 0.0646937 -0.132462 0.05 10259.9
0 886 2 phononTF 0.00225468 4.17712 2.77965 -0.00857798 5465.79 0.00034743 1 -0.0239712 -0.268848 0.05 32088.1
0 899 5 phononTS 0.00108791 1.36658 1.43289 0.0166106 16550.6 0.00069486 1 -0.0399687 -0.164936 0.05 42029.4
0 987 2 phononTF 0.00133172 3.51098 0.00344977 0.00341919 7340.36 0.00034743 1 -0.0473165 -0.196105 0.05 58444.5
0 991 3 phononTS 0.00157951 3.2583 3.96448 0.0355927 14335.7 0.00069486 1 -0.0599429 -0.130653 0.05 110301
0 1056 3 phononTS 0.00270906 4.90708 3.63694 -0.0116229 5935.31 0.00069486 1 0.0836674 -0.121533 0.05 32546.5
0 1089 2 phononTF 0.00138379 4.78675 2.70941 0.0193303 10.7259 0.00034743 1 0.0291777 -0.232951 0.05 79356.7
0 1106 2 phononTS 0.00102793 4.83694 3.24701 0.0074636 1247.44 0.00069486 1 0.0682431 -0.290596 0.05 18354.9
0 1128 3 phononL 0.00169438 4.98017 2.03922 0.0412049 3285.57 0.00034743 1 0.093002 -0.216293 0.05 16619.2
0 1128 6 phononTF 0.00054638 0.093002 -0.216293 0.049999 16619.2 0.00034743 1 0.0892693 -0.152037 0.05 16684.5
0 1132 5 phononL 0.00172428 1.23799 3.69935 -0.0489667 28004.4 0.00069486 1 -0.0789485 -0.147118 0.05 39509.3
0 1132 8 phononL 0.000425256 -0.0789485 -0.147118 0.049999 39509.3 0.00034743 1 0.0469007 -0.1557 0.05 39787.7
0 1136 5 phononTS 0.00119255 4.16477 -2.67119 0.0128285 24663.5 0.00069486 1 -0.0978068 -0.238217 0.05 97411.8
0 1171 2 phononTS 0.00183261 4.90926 3.78801 0.0311217 9341.89 0.00069486 1 -0.0631434 -0.266271 0.05 26119.7
0 1221 5 phononL 0.00179144 -1.08863 2.76908 -0.0404269 49850.9 0.00034743 1 -0.030023 -0.225918 0.05 125392
0 1232 2 phononL 0.00141731 3.5242 2.14959 0.0427516 2800.66 0.00069486 1 0.0586702 -0.235817 0.05 28074.9
0 1235 4 phononTS 0.00131141 4.07309 -0.780932 -0.0460381 13568.6 0.00034743 1 -0.0864387 -0.156318 0.05 26077.1
0 1285 2 phononTF 0.0013345 4.82063 2.34452 0.0449182 3473.41 0.00034743 1 -0.02474 -0.220293 0.05 29880.9
0 1290 5 phononL 0.00159313 0.266084 3.24908 -0.0333247 45222.7 0.00069486 1 0.0459752 -0.228562 0.05 50181
0 1415 2 phononTS 0.00182708 4.4728 2.65948 -0.0323615 2079.43 0.00104229 1 -0.0784239 -0.203005 0.05 43256.1
0 1430 2 phononL 0.00284012 3.48186 4.1628 -0.00787757 6224.8 0.00034743 1 -0.0240368 -0.279207 0.05 29605.3
0 1430 5 phononTF 0.00159077 -0.0240368 -0.279207 0.049998 29605.3 0.00034743 1 -0.0291814 -0.160861 0.05 30427.9
0 1437 5 phononL 0.00139298 3.81334 3.41156 -0.000521541 6924.83 0.00069486 1 -0.0422267 -0.243983 0.05 88144.7
0 1482 2 phononTF 0.00149391 4.63667 2.40798 0.0410226 731.88 0.00034743 1 0.0516422 -0.234665 0.05 38112.8
0 1482 7 phononTF 0.000872266 0.0516422 -0.234665 0.049999 38112.8 0.00034743 1 0.0692525 -0.219995 0.05 38260.5
0 1482 13 phononL 0.000394528 0.0692525 -0.219995 0.049999 38260.5 0.00034743 1 0.0854498 -0.148484 0.05 40385.9
0 1486 3 phononTF 0.00138951 4.97791 3.02489 0.0013716 1840.69 0.00034743 1 -0.0910831 -0.238848 0.05 47716.6
0 1486 8 phononTS 0.000559077 -0.0910831 -0.238848 0.049999 47716.6 0.00034743 1 -0.0728174 -0.15959 0.05 47792
0 1532 4 phononTF 0.000751732 4.94077 -0.0394176 -0.0142316 21972.7 0.00034743 1 -0.0471254 -0.102032 0.05 137776
0 1567 2 phononTF 0.00204919 4.86106 2.78313 -0.00221343 74.1088 0.00069486 1 0.0357424 -0.261868 0.05 22898.4
0 1588 5 phononL 0.00152122 4.99357 2.04638 -0.0290161 1844.21 0.00034743 1 -0.103595 -0.242209 0.05 27050.1
0 1588 7 phononTF 0.000750722 -0.103595 -0.242209 0.049999 27050.1 0.00034743 1 0.0377457 -0.127274 0.05 27455.8
0 1593 2 phononTS 0.00224269 4.84688 1.61068 -0.0415403 2427.42 0.00069486 1 0.0582264 -0.215516 0.05 51092.6
0 1595 2 phononTF 0.00262516 4.75214 2.3897 0.0394913 1805.49 0.00034743 1 0.0642705 -0.244979 0.05 9489.36
0 1615 3 phononTS 0.00199187 3.81651 2.87915 0.0181909 3902.27 0.00069486 1 0.0530406 -0.192743 0.05 22485
0 1630 2 phononL 0.00214453 4.17102 1.56204 -0.0214067 5744.59 0.00034743 1 -0.0457669 -0.142245 0.05 25388.4
0 1655 3 phononTS 0.00221607 4.78968 2.71598 -0.0118295 1194.49 0.00069486 1 0.0622119 -0.114258 0.05 18825.4
0 1703 4 phononTS 0.00111441 4.96928 3.28221 0.0169802 8669.11 0.00034743 1 0.0348731 -0.169197 0.05 31277.2
0 1711 2 phononL 0.0022509 4.96802 3.15111 0.00337255 1188.53 0.00034743 1 -0.0228492 -0.131433 0.05 99853.7
0 1714 2 phononL 0.00182768 4.01337 3.17561 0.0297989 5115.3 0.00034743 1 -0.110772 -0.163249 0.05 66300.6
0 1745 2 phononTS 0.00126332 3.93119 3.61145 -0.0278427 9211.84 0.00034743 1 -0.0938392 -0.25834 0.05 36844.9
0 1779 5 phononTF 0.000896597 1.87737 -0.573413 -0.0311394 7741.8 0.00034743 1 -0.0565094 -0.247055 0.05 135792
0 1779 6 phononTS 0.000532965 -0.0565094 -0.247055 0.049999 135792 0.00034743 1 0.11728 -0.198847 0.05 137888
0 1823 4 phononTS 0.000630473 4.50471 1.71214 0.00270164 28423.5 0.00034743 1 0.0518434 -0.235779 0.05 49389.2
0 1839 3 phononL 0.0016171 4.36119 3.10987 0.0372522 6696.03 0.00034743 1 -0.0385641 -0.146478 0.05 34248.9
0 1870 2 phononTS 0.00110554 4.73419 2.80866 0.0308987 44.2261 0.00069486 1 -0.0887876 -0.142115 0.05 120581
0 1933 2 phononTS 0.00127923 4.65304 2.83627 0.0151746 14688.8 0.00069486 1 -0.0711738 -0.167286 0.05 56089.3
0 1970 2 phononTS 0.00189705 3.73139 -0.518457 0.016374 9320.93 0.00104229 1 -0.0440154 -0.209779 0.05 39428.3
0 1977 2 phononTF 0.00185513 4.86931 2.64089 0.0497058 34.436 0.00034743 1 -0.0348216 -0.279924 0.05 83864.7
0 1977 6 phononTS 0.00120805 -0.0348216 -0.279924 0.049999 83864.7 0.00034743 1 0.0243528 -0.242953 0.05 84554.6
0 2050 2 phononTF 0.00124955 4.17756 2.87387 0.0473868 3583.6 0.00034743 1 -0.0393156 -0.188729 0.05 37440.4
0 2058 2 phononL 0.00126472 4.19503 3.47818 0.0257054 10509.5 0.00069486 1 -0.0595431 -0.289071 0.05 39912.6
0 2093 2 phononTF 0.00156968 1.41148 1.10265 0.0496187 19192.3 0.00034743 1 0.0750485 -0.251137 0.05 30216.4
0 2142 3 phononTF 0.00204571 3.08169 1.85925 0.0262159 3040.35 0.00034743 1 -0.0327711 -0.192504 0.05 14388.7
0 2178 3 phononTF 0.00191057 4.94 1.70437 0.0188047 4858 0.00034743 1 -0.0600839 -0.22487 0.05 42780.7
0 2275 2 phononTS 0.00240095 3.35989 3.30904 -0.0404215 4569.1 0.00104229 1 -0.119624 -0.206233 0.05 12209.3
0 2280 2 phononTF 0.0018462 4.71376 3.38973 0.0250535 1540.29 0.00034743 1 -0.111279 -0.173459 0.05 19498
0 2284 5 phononL 0.00158802 3.89964 0.456134 0.0216101 15407.5 0.00034743 1 -0.0949562 -0.172775 0.05 95119.4
0 2311 3 phononTS 0.00160947 4.99477 3.09988 0.0487835 5648.97 0.00034743 1 -0.0386775 -0.101453 0.05 12773
0 2349 3 phononTF 0.00252619 4.60963 2.64226 0.0304721 1507.27 0.00069486 1 -0.0640153 -0.200788 0.05 10865
0 2349 4 phononTF 0.00122788 -0.0640153 -0.200788 0.049999 10865 0.00034743 1 0.0568059 -0.152417 0.05 11013.7
0 2370 3 phononTS 0.00223221 3.53441 2.87926 -0.00488257 4675.71 0.00069486 1 -0.0343983 -0.244023 0.05 26127
0 2384 2 phononL 0.00146211 4.67512 2.3594 0.0404166 4868.31 0.00069486 1 -0.0304217 -0.282669 0.05 38994.9
0 2446 5 phononTS 0.00153214 3.23077 0.587126 0.0405608 76275.9 0.00034743 1 -0.0900885 -0.161 0.05 125244
0 2451 2 phononTF 0.00198597 4.97028 2.38157 -0.0402775 3088.87 0.00069486 1 0.0858748 -0.155179 0.05 24451
0 2458 2 phononL 0.00228067 4.86675 3.90861 -0.00839567 804.528 0.00069486 1 0.0807659 -0.123344 0.05 21727.6
0 2512 3 phononTS 0.0016122 4.7206 2.72134 0.0316243 9.4385 0.00069486 1 -0.0515278 -0.188174 0.05 23081.6
0 2523 3 phononTS 0.00172199 4.43289 2.76998 0.0340307 753.677 0.00034743 1 -0.0443622 -0.302437 0.05 19717.7
0 2565 2 phononTS 0.00133787 4.96799 2.30018 -0.019874 962.993 0.00034743 1 0.0564713 -0.20843 0.05 33830.3
0 2577 2 phononTF 0.00084756 4.53557 2.65771 -0.0120027 1330.89 0.00034743 1 0.037551 -0.160872 0.05 94400.6
0 2600 2 phononTS 0.00187246 4.98226 3.90234 0.0443902 5128.53 0.00104229 1 -0.0222611 -0.130723 0.05 24392.9
0 2641 2 phononL 0.00151245 4.80391 2.18899 0.0114131 502.196 0.00034743 1 0.0757094 -0.200905 0.05 14250.1
0 2641 8 phononL 0.000840457 0.0757094 -0.200905 0.049999 14250.1 0.00034743 1 0.0478185 -0.179643 0.05 14693.7
0 2642 3 phononTS 0.00128611 4.69162 4.30917 0.0390404 3753.62 0.00034743 1 -0.0259282 -0.221958 0.05 56856.6
0 2668 5 phononTF 0.00179217 1.17698 3.24532 -0.0384416 14030 0.00034743 1 0.106324 -0.22199 0.05 35288.2
0 2676 2 phononTF 0.00113732 4.08603 3.17002 -0.0312946 10573.6 0.00069486 1 -0.0592362 -0.26235 0.05 16953.8
0 2702 4 phononTS 0.00118165 0.943226 1.56354 0.0323667 13129 0.00034743 1 0.0571138 -0.109034 0.05 14619.9
0 2702 6 phononTF 0.000615836 0.0571138 -0.109034 0.049999 14619.9 0.00034743 1 -0.0274887 -0.149928 0.05 14823.7
0 2704 2 phononTS 0.00109861 4.51291 2.85082 0.00573833 4861.64 0.00034743 1 0.0919021 -0.247598 0.05 30267.6
0 2726 3 phononTS 0.00291354 4.22123 2.16468 -0.0490612 4906.37 0.00104229 1 -0.0238788 -0.140069 0.05 36172.7
0 2726 8 phononL 0.000536792 -0.0238788 -0.140069 0.049999 36172.7 0.00034743 1 0.0280194 -0.186303 0.05 36768.2
0 2730 2 phononTF 0.00161743 4.68867 4.11199 0.0382123 5819.25 0.00069486 1 -0.0948229 -0.175302 0.05 44250.8
0 2746 3 phononTS 0.00244758 3.29317 3.756 -0.0092206 19470.9 0.00104229 1 0.109049 -0.163547 0.05 48253.2
0 2756 2 phononTS 0.00135903 3.98353 4.86185 0.0412479 18000.7 0.00034743 1 0.090154 -0.228028 0.05 22185.9
0 2819 2 phononL 0.0026626 4.93172 2.54269 0.0195382 733.819 0.00034743 1 -0.0760901 -0.23205 0.05 24760
0 2848 3 phononTF 0.0033871 4.96198 2.95216 0.0103247 421.634 0.00069486 1 0.0365038 -0.139202 0.05 37040.9
0 2848 4 phononTF 0.000805331 0.0365038 -0.139202 0.049999 37040.9 0.00034743 1 0.0852158 -0.245183 0.05 37365.9
0 2933 2 phononTS 0.00164371 3.30972 1.89533 -0.0170496 18523 0.00069486 1 -0.0455086 -0.261536 0.05 37810.6
0 2968 2 phononTF 0.00158957 4.84867 1.31031 -0.0190945 2911.23 0.00034743 1 -0.0337998 -0.269645 0.05 57655.3
0 2992 3 phononTS 0.00284653 4.91686 2.98185 0.0442531 98.0751 0.00034743 1 0.0458607 -0.290397 0.05 32881.7
0 2992 5 phononL 0.00230651 0.0458607 -0.290397 0.049999 32881.7 0.00034743 1 -0.0149468 -0.196744 0.05 33132.2
0 2998 5 phononTF 0.00114039 4.06853 3.45542 0.0293379 1452.05 0.00069486 1 0.11736 -0.222658 0.05 49354.1
0 3047 5 phononTS 0.000465843 3.52702 4.35735 -0.013757 15963.3 0.00034743 1 0.0520478 -0.18372 0.05 26740.5
0 3109 4 phononTS 0.00108599 3.49152 2.75073 0.0415004 550.182 0.00034743 1 0.0431516 -0.293983 0.05 110077
0 3129 2 phononTS 0.00192476 4.87487 2.73013 -0.0245627 3704.27 0.00034743 1 -0.0352565 -0.219642 0.05 28500.8
0 3146 2 phononTS 0.000793387 3.72724 1.75272 0.0418697 9435.19 0.00034743 1 -0.022779 -0.167301 0.05 31770.1
0 3160 2 phononL 0.00137572 4.29061 4.56441 0.000723635 10212.4 0.00034743 1 0.059643 -0.238917 0.05 23588.5
0 3160 10 phononTF 0.000570696 0.059643 -0.238917 0.049999 23588.5 0.00034743 1 0.0655649 -0.123966 0.05 23660.8
0 3167 5 phononTS 0.00120215 4.05539 2.49856 0.00135682 19940.7 0.00034743 1 -0.0243067 -0.131086 0.05 66492.7
0 3167 7 phononTS 0.000546963 -0.0243067 -0.131086 0.049999 66492.7 0.00034743 1 0.0343342 -0.20619 0.05 69209.5
0 3193 3 phononTS 0.00287862 3.01335 1.11254 0.0111908 13341.3 0.00034743 1 0.0701114 -0.277366 0.05 29114
0 3202 4 phononL 0.00152864 2.75205 -2.91519 -0.0207059 42443.5 0.00034743 1 -0.0422554 -0.145569 0.05 78209.1
0 3221 2 phononTS 0.00205753 3.25363 0.317685 0.0378509 5520.64 0.00069486 1 -0.0867563 -0.204065 0.05 24675.4
0 3221 4 phononTS 0.000423513 -0.0867563 -0.204065 0.049999 24675.4 0.00034743 1 -0.0599267 -0.226247 0.05 24738.8
0 3233 2 phononTF 0.000941267 4.81327 1.81742 -0.0468044 4234.61 0.00069486 1 0.0408178 -0.156546 0.05 41673
0 3253 2 phononTS 0.00224367 4.99203 4.6339 0.0419212 6652.08 0.00034743 1 0.0300753 -0.129845 0.05 33521.4
0 3253 4 phononTS 0.000856734 0.0300753 -0.129845 0.049999 33521.4 0.00034743 1 -0.0463081 -0.19595 0.05 33832.8
0 3263 3 phononTS 0.000702879 3.92532 0.0226145 0.049999 11968.1 0.00034743 1 0.0226103 -0.249065 0.05 16978.7
0 3299 3 phononTS 0.00206059 4.97972 3.33125 -0.0288608 8752.65 0.00104229 1 0.101784 -0.155506 0.05 24543
0 3301 3 phononTS 0.00151681 4.19323 2.91931 -0.023578 1637.98 0.00069486 1 -0.0759224 -0.267589 0.05 29011.8
0 3317 2 phononL 0.00134274 4.08696 3.44725 -0.0200769 3285.25 0.00034743 1 0.0345164 -0.142773 0.05 15257.4
0 3352 2 phononL 0.00100478 4.2193 3.44658 0.0224142 4522.97 0.00034743 1 -0.030185 -0.242403 0.05 39427.6
0 3435 2 phononTS 0.00206406 4.10191 3.20645 -0.0326026 3631.87 0.00104229 1 0.0231666 -0.141454 0.05 35031.9
0 3493 5 phononL 0.00203321 -0.0767254 0.19109 0.045726 21670.4 0.00138972 1 0.0196466 -0.164351 0.05 22271.4
0 3510 4 phononTF 0.001421 3.98379 2.97146 -0.00192841 3526.55 0.00069486 1 -0.0607851 -0.265423 0.05 72469.7
0 3517 3 phononTS 0.00142411 3.96766 2.50835 -0.0137354 9339.47 0.00034743 1 -0.0915719 -0.204067 0.05 27786.3
0 3525 3 phononTF 0.00139773 4.86166 2.6327 -0.0147248 1892.02 0.00104229 1 -0.0209383 -0.162561 0.05 47281.1
0 3537 3 phononL 0.00228198 4.38512 2.69606 -0.0401012 1237.01 0.00034743 1 -0.0644226 -0.12629 0.05 16405.6
0 3653 3 phononTF 0.00266967 4.60678 2.92387 -0.0251421 1981.05 0.00034743 1 -0.111227 -0.178873 0.05 49837.2
0 3664 2 phononTS 0.0015109 4.94693 3.8718 0.031714 5030.88 0.00104229 1 0.0280382 -0.210806 0.05 60859.2
0 3705 2 phononTS 0.00155282 2.85469 3.2561 -0.0391349 24421.5 0.00034743 1 -0.0307193 -0.236409 0.05 32199
0 3705 5 phononL 0.000478595 -0.0307193 -0.236409 0.049999 32199 0.00034743 1 -0.0852841 -0.177339 0.05 32255.9
0 3724 5 phononL 0.00168252 -0.221701 1.45298 -0.0442333 21113 0.00034743 1 -0.0626651 -0.178561 0.05 26311.6
0 3731 2 phononL 0.0013521 4.88293 2.45474 -0.0168103 364.409 0.00069486 1 0.0811353 -0.12253 0.05 9187.51
0 3809 2 phononTS 0.00236994 4.35299 3.47096 0.0408884 7051.62 0.00034743 1 -0.0186306 -0.24653 0.05 58103
0 3819 2 phononTF 0.00156089 4.97944 3.79293 -0.0487453 5249.52 0.00034743 1 -0.0354341 -0.114162 0.05 38994.5
0 3819 5 phononTF 0.000793592 -0.0354341 -0.114162 0.049999 38994.5 0.00034743 1 -0.0593452 -0.147178 0.05 39126.8
0 3843 2 phononTS 0.00247485 4.85646 2.86215 0.00222983 39.2298 0.00069486 1 0.0653975 -0.292173 0.05 12786.9
0 3861 3 phononTS 0.00194015 3.10761 0.95272 -0.0274189 12554.3 0.00034743 1 -0.0478305 -0.253675 0.05 15593.3
0 3880 2 phononTS 0.00210581 4.45405 3.1462 -0.0241538 3375.89 0.00034743 1 -0.0675175 -0.135816 0.05 11939.5
0 3880 4 phononL 0.00111888 -0.0675175 -0.135816 0.049999 11939.5 0.00034743 1 -0.0548697 -0.2559 0.05 12100.1
0 3892 3 phononTF 0.00212493 4.51299 4.46607 -0.00610479 1730.66 0.00034743 1 -0.0593969 -0.219131 0.05 13510.1
0 3912 3 phononTS 0.00137544 4.3821 3.66523 0.0152435 11557.1 0.00034743 1 0.11721 -0.225378 0.05 57975.1
0 3916 3 phononL 0.00209505 4.68818 2.85187 0.0326164 90.8821 0.00034743 1 -0.0617028 -0.228168 0.05 53784.9
0 3916 4 phononL 0.00139986 -0.0617028 -0.228168 0.049999 53784.9 0.00034743 1 -0.0675607 -0.185097 0.05 54221.3
0 3924 4 phononTF 0.00173894 4.40458 4.67956 -0.0186853 18477.7 0.00034743 1 -0.0283343 -0.160551 0.05 141319
0 3944 2 phononTF 0.00232319 4.21924 2.63901 -0.0317836 3602.91 0.00069486 1 0.114612 -0.173705 0.05 38818.9
0 3966 5 phononTF 0.000751442 -1.69629 -2.88737 -0.0339195 25307.8 0.00034743 1 -0.042907 -0.217953 0.05 29690.8
0 3985 5 phononTF 0.00104917 0.735852 4.20315 -0.0145409 8604.06 0.00034743 1 -0.0627826 -0.243853 0.05 31227.4
0 3992 2 phononTF 0.00175484 4.42351 2.35569 -0.027789 3460.69 0.00034743 1 0.0486811 -0.261855 0.05 18078.4
0 3992 5 phononTS 0.00038735 0.0486811 -0.261855 0.049999 18078.4 0.00034743 1 0.0990063 -0.174028 0.05 18345.3
0 3998 2 phononTF 0.00171564 4.62099 1.10036 0.0386021 6195.81 0.00034743 1 0.0485604 -0.290816 0.05 84196.2
0 4032 2 phononTS 0.000862968 4.81383 2.69073 -0.0437979 44.8451 0.00034743 1 -0.110003 -0.183858 0.05 66539.7
0 4039 3 phononTF 0.00220978 4.41056 2.95284 -0.0419082 2346.29 0.00034743 1 -0.0731643 -0.226407 0.05 12006
0 4091 5 phononTS 0.00155602 4.3132 0.344786 -0.0141495 26525.7 0.00034743 1 -0.0930053 -0.173994 0.05 37915.6
0 4139 3 phononTS 0.00199297 4.75664 2.7453 0.00806925 2.10933 0.00034743 1 0.017216 -0.230429 0.05 10588.9
0 4139 4 phononTF 0.00129649 0.017216 -0.230429 0.049999 10588.9 0.00034743 1 -0.114882 -0.183701 0.05 11598.9
0 4139 2 phononTS 0.00200703 4.75664 2.7453 0.00806925 2.10933 0.00034743 1 -0.0423774 -0.21474 0.05 27688.4
0 4139 15 phononTS 0.000846967 -0.0423774 -0.21474 0.049999 27688.4 0.00034743 1 -0.024764 -0.175791 0.05 27755.1
0 4178 3 phononTF 0.00208744 4.77978 2.45783 0.0190288 3406.86 0.00069486 1 -0.0647968 -0.272853 0.05 55345.6
0 4180 3 phononTF 0.00236807 4.61324 2.06189 -0.00318992 3696.55 0.00104229 1 0.0318542 -0.164495 0.05 22364
0 4230 5 phononTS 0.00132843 4.62858 2.47648 0.0230443 363.232 0.00034743 1 -0.0718664 -0.260788 0.05 42423.8
0 4282 4 phononTS 0.000998822 -0.0100163 4.62391 -0.0396195 22209.7 0.00069486 1 0.0632179 -0.113797 0.05 28384.7
0 4358 3 phononTS 0.00157788 4.52916 3.14359 -0.00172353 7102.16 0.00034743 1 -0.0393134 -0.234798 0.05 20827.1
0 4358 5 phononTS 0.00067446 -0.0393134 -0.234798 0.049999 20827.1 0.00034743 1 -0.0614093 -0.251526 0.05 35797.5
0 4358 4 phononTS 0.00044458 -0.0393134 -0.234798 0.049999 20827.1 0.00034743 1 -0.0346665 -0.146787 0.05 21419.3
0 4419 4 phononTS 0.00191323 0.301111 -4.2839 0.00669488 66430.5 0.00034743 1 -0.103654 -0.203324 0.05 113314
0 4419 8 phononL 0.00154065 -0.103654 -0.203324 0.049999 113314 0.00034743 1 -0.0912533 -0.154454 0.05 113545
0 4419 11 phononTF 0.00091281 -0.0912533 -0.154454 0.049999 113545 0.00034743 1 0.0413071 -0.189301 0.05 113681
0 4423 3 phononTS 0.00246147 4.96272 4.543 0.00720217 19509.1 0.00034743 1 0.0715856 -0.241254 0.05 31837.3
0 4423 4 phononTF 0.000733787 0.0715856 -0.241254 0.049999 31837.3 0.00034743 1 0.0644932 -0.222159 0.05 31898.2
0 4443 3 phononTS 0.00211028 4.06538 2.9489 -0.0101083 3486.29 0.00034743 1 0.0605655 -0.140633 0.05 29582.4
0 4470 3 phononTF 0.000962529 4.86836 4.24306 0.0222144 6384.13 0.00034743 1 -0.109174 -0.175869 0.05 102857
0 4487 2 phononTF 0.000998775 4.90006 3.86963 -0.0397821 17017.8 0.00034743 1 0.0408579 -0.183997 0.05 75696.6
0 4521 5 phononTS 0.00206761 -0.706916 1.41792 0.0017123 24862.3 0.00069486 1 0.0554588 -0.16049 0.05 31793.6
0 4521 11 phononL 0.000494303 0.0554588 -0.16049 0.049999 31793.6 0.00034743 1 -0.0691154 -0.173576 0.05 31849.7
0 4521 8 phononTS 0.000401156 0.0554588 -0.16049 0.049999 31793.6 0.00034743 1 0.0556699 -0.183875 0.05 31852
0 4523 5 phononTS 0.00203112 4.11554 1.84104 -0.011563 41131.8 0.00069486 1 0.0175763 -0.185736 0.05 85487.5
0 4548 4 phononTF 0.000989388 0.593863 0.545584 0.023414 14535.9 0.00034743 1 -0.0832554 -0.246147 0.05 55195.3
0 4585 3 phononTS 0.00184962 4.93958 1.78071 0.00753702 2480.57 0.00034743 1 -0.0246195 -0.28216 0.05 20084.9
0 4585 4 phononL 0.00093665 -0.0246195 -0.28216 0.049999 20084.9 0.00034743 1 -0.070542 -0.240422 0.05 20234.6
0 4595 4 phononTS 0.00121455 -0.71467 -0.275722 0.0470846 14805.7 0.00034743 1 0.0745718 -0.264727 0.05 15235.7
0 4642 2 phononTF 0.00155419 4.83105 3.89423 -0.0332032 4725.36 0.00034743 1 0.0658561 -0.122566 0.05 47400.7
0 4642 4 phononTS 0.00100673 0.0658561 -0.122566 0.049999 47400.7 0.00034743 1 -0.0983081 -0.156979 0.05 48196.5
0 4642 9 phononTF 0.000462539 -0.0983081 -0.156979 0.049999 48196.5 0.00034743 1 -0.0503977 -0.177611 0.05 48336.7
0 4668 2 phononTF 0.000768327 4.0876 2.90378 0.032815 599.062 0.00034743 1 -0.0663359 -0.122974 0.05 26517.1
0 4670 2 phononTS 0.0025751 4.36869 2.73552 0.00790133 769.054 0.00138972 1 0.0544445 -0.172672 0.05 55955.3
0 4676 5 phononTF 0.000423467 4.90339 0.0989885 0.049999 15459.8 0.00034743 1 -0.0422226 -0.136784 0.05 186642
0 4699 3 phononTF 0.00228208 4.8328 2.67325 -0.0300939 21.6874 0.00034743 1 0.0611242 -0.19762 0.05 17175
0 4703 2 phononTS 0.00115422 4.02381 2.92697 -0.0215281 3234.63 0.00069486 1 -0.0861007 -0.172046 0.05 32512.6
0 4707 5 phononL 0.00142857 3.07659 0.247845 -0.0455703 27291.2 0.00034743 1 0.0285687 -0.132353 0.05 34143
0 4707 8 phononL 0.000581806 0.0285687 -0.132353 0.049999 34143 0.00034743 1 0.0802919 -0.201384 0.05 34422.1
0 4720 5 phononTS 0.00170473 2.8442 2.64009 -0.0271623 31284.6 0.00034743 1 -0.0415096 -0.246489 0.05 68015
0 4720 8 phononTS 0.000553085 -0.0415096 -0.246489 0.049999 68015 0.00034743 1 0.0590843 -0.12318 0.05 68107.8
0 4766 5 phononTS 0.00161034 -1.25969 1.92985 -0.0175316 28324 0.00034743 1 0.109111 -0.199893 0.05 34872.3
0 4767 2 phononTF 0.00118619 3.98348 1.87876 0.0498347 3923.14 0.00034743 1 -0.045035 -0.114196 0.05 9297.55
0 4767 5 phononTF 0.000780001 -0.045035 -0.114196 0.049999 9297.55 0.00034743 1 -0.0627176 -0.180172 0.05 9360.2
0 4802 4 phononTS 0.00155161 4.40271 -1.23478 -0.0178089 8454.27 0.00034743 1 -0.0472823 -0.242969 0.05 54805.4
0 4816 2 phononTS 0.00158519 1.67401 4.20126 0.00145779 14581.8 0.00069486 1 0.0352732 -0.114681 0.05 28984.4
0 4828 3 phononTF 0.00150279 4.39641 2.26479 0.0494985 4330.94 0.00034743 1 -0.0331399 -0.252717 0.05 40914.6
0 4835 2 phononTF 0.00131817 4.45799 3.61948 0.0458856 4670.72 0.00069486 1 -0.0508007 -0.172944 0.05 70720.7
0 4860 4 phononTF 0.00168634 -1.0631 3.36111 0.00155458 55729.6 0.00034743 1 0.0472236 -0.184967 0.05 70736.5
0 4929 3 phononTF 0.00177747 4.80122 2.75551 0.0019332 2211.61 0.00034743 1 -0.0256299 -0.219561 0.05 9635.34
0 4935 4 phononTF 0.00088786 3.98189 3.69268 -0.0218932 18824.8 0.00034743 1 -0.0845269 -0.17911 0.05 66295.3
0 4967 3 phononTS 0.00145209 4.53073 3.37402 0.00432355 593.825 0.00034743 1 -0.0916726 -0.190152 0.05 24480.7
0 4968 2 phononTS 0.00138457 4.71764 0.28388 -0.0255301 8568.91 0.00034743 1 0.0155116 -0.23219 0.05 25149.3
0 4968 5 phononTF 0.000825333 0.0155116 -0.23219 0.049999 25149.3 0.00069486 1 0.0932811 -0.244573 0.05 25213.3
