Run ID,Event ID,Track ID,Particle Name,Start Energy [eV],Start X [mm],Start Y [mm],Start Z [mm],Start Time [ns],Energy Deposited [eV],Track Weight,End X [mm],End Y [mm],End Z [mm],Final Time [ns],Volume Name
0 37 4 phononTF 0.00068192 4.9348 3.86562 -0.0413423 5412.08 0.00034743 1 -0.0472128 -0.171134 0.05 50516.5
0 54 2 phononTS 0.00270415 4.24732 1.64834 -0.00556177 3844.73 0.00104229 1 -0.0714643 -0.240322 0.05 15570.5
0 76 2 phononTF 0.0015655 3.76381 2.85092 -0.0469081 2366.43 0.00069486 1 -0.0447506 -0.27277 0.05 55992.1
0 80 3 phononTS 0.00245264 4.8059 3.10948 0.021406 2703.66 0.00069486 1 0.0930075 -0.148336 0.05 33450.4
0 143 3 phononL 0.0021756 4.6582 3.42902 0.00459926 3088.78 0.00069486 1 0.0607988 -0.123551 0.05 10093
0 150 3 phononTF 0.00160185 4.47383 2.91773 0.0321583 976.139 0.00069486 1 -0.0166378 -0.174741 0.05 12575.9
0 152 3 phononTS 0.000961101 4.48471 3.5574 0.0122364 2028.12 0.00069486 1 0.0371816 -0.199765 0.05 15633.6
0 154 3 phononTF 0.0019908 4.61055 3.08288 -0.0149323 1243.27 0.00069486 1 0.097381 -0.133735 0.05 32325
0 169 3 phononTF 0.00161121 3.70333 3.57712 0.02238 3137.44 0.00034743 1 0.0238505 -0.154299 0.05 27755.6
0 187 5 phononTF 0.0015697 -0.508795 3.10363 0.024494 39683 0.00034743 1 -0.0303559 -0.166517 0.05 63655.9
0 187 8 phononL 0.000914826 -0.0303559 -0.166517 0.049999 63655.9 0.00034743 1 -0.0857421 -0.155429 0.05 66757.3
0 193 5 phononTF 0.00131709 2.74744 3.42466 0.00194324 28259.4 0.00034743 1 -0.0431495 -0.298814 0.05 35333.2
0 193 2 phononL 0.00120738 4.39277 3.01432 -0.00402148 2129.55 0.00069486 1 0.0871631 -0.147948 0.05 124460
0 209 2 phononTS 0.0014545 4.45077 2.79558 0.0424638 8317.95 0.00034743 1 -0.0292074 -0.15636 0.05 38281.4
0 211 2 phononTS 0.00298492 4.1412 3.09499 -0.026223 11346.9 0.00069486 1 0.0401411 -0.212651 0.05 21761.3
0 214 2 phononTS 0.00169322 3.41731 2.6312 -0.0294396 8211.59 0.00034743 1 -0.0971147 -0.256418 0.05 15901.6
0 214 5 phononTF 0.000654654 -0.0971147 -0.256418 0.049998 15901.6 0.00034743 1 -0.046867 -0.161365 0.05 16044.7
0 247 2 phononTF 0.00221786 4.74796 1.5893 0.0164883 4855 0.00034743 1 0.0391496 -0.297249 0.05 33045
0 253 5 phononTS 0.00153318 2.41574 0.878637 -0.00670552 15179.4 0.00104229 1 0.0131005 -0.203887 0.05 80676.8
0 268 3 phononTS 0.00248023 4.94285 3.95154 0.0191552 3788.93 0.00069486 1 0.0564791 -0.106107 0.05 22470.6
0 268 8 phononTF 0.000513304 0.0564791 -0.106107 0.049999 22470.6 0.00034743 1 0.0661181 -0.282806 0.05 22547
0 276 3 phononTF 0.00237616 4.89667 3.01448 -0.0492219 439.623 0.00138972 1 0.0358642 -0.164945 0.05 4482.8
0 295 3 phononTF 0.00192523 4.64448 3.59691 -0.047745 516.85 0.00034743 1 0.0670674 -0.134006 0.05 5614.76
0 313 3 phononTF 0.00136586 4.56153 3.27555 0.0345759 1477.69 0.00034743 1 -0.0806612 -0.164568 0.05 67164.7
0 325 2 phononTF 0.00193136 4.95786 1.95284 -0.0307515 5169.39 0.00034743 1 0.0251713 -0.133736 0.05 24845.1
0 357 4 phononTF 0.000429135 0.745695 4.60138 -0.0140517 22499 0.00034743 1 -0.0983956 -0.210171 0.05 164832
0 378 2 phononL 0.0023085 4.58161 4.12356 0.0173437 5532.78 0.00069486 1 -0.0415641 -0.224597 0.05 14637.4
0 411 2 phononTS 0.00219723 4.54709 3.9188 0.00158604 967.417 0.00034743 1 0.0291029 -0.186071 0.05 47816.5
0 411 4 phononTF 0.00174087 0.0291029 -0.186071 0.049999 47816.5 0.00034743 1 -0.0859164 -0.22423 0.05 48291.5
0 411 8 phononTS 0.000936926 -0.0859164 -0.22423 0.049999 48291.5 0.00034743 1 -0.0997975 -0.20397 0.05 48364.3
0 413 2 phononTS 0.0018079 4.97914 3.47978 0.0121439 822.237 0.00034743 1 0.0299357 -0.196888 0.05 41870.4
0 413 4 phononTS 0.000844834 0.0299357 -0.196888 0.049999 41870.4 0.00034743 1 0.0485443 -0.164513 0.05 41933.9
0 437 2 phononTS 0.00190636 2.6985 1.13527 -0.00272122 24319.3 0.00069486 1 0.0622784 -0.240991 0.05 39124.1
0 463 3 phononTS 0.00251014 3.69273 2.09862 0.0495194 2906.65 0.00034743 1 0.0759164 -0.122822 0.05 18675.9
0 494 4 phononTF 0.00156014 -0.201394 2.34513 -0.0458023 34789.3 0.00034743 1 -0.0619538 -0.208544 0.05 148218
0 496 2 phononTF 0.00160878 4.557 3.32976 0.0296071 1085.97 0.00069486 1 -0.112922 -0.23009 0.05 54378.5
0 528 3 phononTF 0.00241002 4.70914 3.22513 0.0358527 10.978 0.00034743 1 0.0620787 -0.199606 0.05 81432
0 555 3 phononTF 0.00184871 4.96864 3.07638 -0.0323064 4787.33 0.00034743 1 0.0751998 -0.262683 0.05 18603.4
0 555 4 phononTF 0.000976206 0.0751998 -0.262683 0.049999 18603.4 0.00034743 1 0.0940879 -0.231683 0.05 18746.4
0 564 3 phononTS 0.00201187 4.60575 3.52796 -0.00460733 1239.84 0.00069486 1 0.0688835 -0.201784 0.05 35701.2
0 564 8 phononTS 0.000656386 0.0688835 -0.201784 0.049999 35701.2 0.00034743 1 0.0803732 -0.211501 0.05 35757.3
0 570 3 phononTS 0.00119942 3.02799 2.24369 0.0141662 4608.41 0.00069486 1 0.0390401 -0.22029 0.05 19394.9
0 571 2 phononTF 0.00120518 3.46528 3.17967 -0.0232038 1297 0.00034743 1 0.0861761 -0.273659 0.05 18779.5
0 670 2 phononTS 0.000663687 4.83553 4.26754 0.0188103 14953.5 0.00034743 1 0.0597277 -0.25072 0.05 99595.8
0 693 3 phononL 0.0019469 4.96805 0.95412 -0.0173447 16827.5 0.00034743 1 -0.0319598 -0.247652 0.05 33861.9
0 759 3 phononTF 0.00264802 4.38441 3.03304 0.0147536 13355.6 0.00069486 1 -0.0666799 -0.217514 0.05 31115.9
0 759 5 phononTS 0.0006501 -0.0666799 -0.217514 0.049998 31115.9 0.00034743 1 -0.0962997 -0.264383 0.05 31184.1
0 807 2 phononTF 0.00153277 4.86585 3.15993 0.0330022 28.1695 0.00034743 1 0.0396746 -0.115238 0.05 5959.24
0 821 3 phononL 0.00111582 4.83338 3.80269 0.0474697 26142.7 0.00034743 1 -0.0139289 -0.218836 0.05 91270.5
0 821 4 phononTS 0.000663181 -0.0139289 -0.218836 0.049998 91270.5 0.00034743 1 -0.0650427 -0.19726 0.05 91341.4
0 827 3 phononTF 0.00205671 4.93675 2.33058 0.00108886 2244.64 0.00034743 1 0.112346 -0.223203 0.05 29390.3
0 829 3 phononTF 0.00283946 4.88865 2.33577 0.0145812 2536.68 0.00034743 1 0.0223333 -0.23753 0.05 17797.1
0 861 2 phononTF 0.00281098 4.80813 2.52494 -0.00650308 3148.34 0.00034743 1 -0.0622406 -0.273693 0.05 29797.8
0 870 3 phononTF 0.00212014 3.13364 3.61106 -0.0258565 15770.9 0.00069486 1 -0.0505593 -0.153455 0.05 77586
0 881 3 phononTS 0.00266422 4.56386 0.552892 0.0100878 3795.95 0.00104229 1 -0.078389 -0.273655 0.05 20701.6
0 881 2 phononTF 0.00133578 4.56386 0.552892 0.0100878 3795.95 0.00034743 1 0.0549113 -0.203385 0.05 34535.1
0 944 2 phononTS 0.00198452 4.60307 3.42133 0.0159402 49.8815 0.00034743 1 0.0904859 -0.236161 0.05 30123.7
0 963 2 phononTS 0.00201972 4.95664 3.31223 -0.0107959 1873.09 0.00069486 1 -0.0830495 -0.280304 0.05 66154.1
0 1105 2 phononL 0.00275919 3.22178 2.56661 0.0430095 7834.73 0.00069486 1 -0.046347 -0.100243 0.05 28268.7
0 1141 5 phononTS 0.000736165 1.40824 1.65021 -0.036358 48352.4 0.00034743 1 -0.0893459 -0.211377 0.05 130556
0 1211 5 phononTS 0.00156238 -3.21304 -1.847 -0.0213857 30307.7 0.00069486 1 -0.0251944 -0.140296 0.05 35275.1
0 1295 3 phononL 0.00209455 4.44451 3.67053 -0.00559912 1992.95 0.00034743 1 -0.0368067 -0.115121 0.05 22078.3
0 1326 5 phononTF 0.0016559 3.98575 2.94572 0.0180837 6411.66 0.00034743 1 -0.0646452 -0.263312 0.05 18586.9
0 1351 5 phononL 0.00116806 0.566606 0.229216 -0.0303216 21556.9 0.00069486 1 0.0812425 -0.269949 0.05 22304.9
0 1371 3 phononL 0.00173493 3.98743 3.50419 0.0209137 1765.74 0.00069486 1 -0.118651 -0.179806 0.05 48034.4
0 1445 5 phononTF 0.00132664 3.63719 4.23866 0.0245397 23290.2 0.00034743 1 -0.110537 -0.161468 0.05 60270
0 1445 6 phononL 0.000607733 -0.110537 -0.161468 0.049999 60270 0.00034743 1 0.0869025 -0.231344 0.05 61086
0 1450 2 phononTS 0.00164277 2.23007 2.02433 0.0101708 19249.3 0.00034743 1 -0.0398064 -0.26638 0.05 22224.4
0 1450 6 phononTS 0.00107614 -0.0398064 -0.26638 0.049999 22224.4 0.00034743 1 -0.0290185 -0.261045 0.05 22282
0 1462 3 phononL 0.00190061 1.92468 3.8463 -0.0492839 9234.21 0.00104229 1 -0.0399416 -0.0984018 0.05 56748
0 1498 2 phononTS 0.00191535 4.73868 3.26025 0.0157736 3896.52 0.00034743 1 0.0413457 -0.170626 0.05 51818.9
0 1498 4 phononL 0.00104409 0.0413457 -0.170626 0.049999 51818.9 0.00034743 1 0.0726157 -0.154286 0.05 51882.2
0 1554 3 phononTS 0.00285569 4.69097 3.30149 0.0456741 16.5581 0.00034743 1 0.0481886 -0.143801 0.05 22464.5
0 1554 4 phononTS 0.00204389 0.0481886 -0.143801 0.049999 22464.5 0.00104229 1 -0.0256377 -0.18095 0.05 22615.2
0 1555 3 phononTS 0.00229586 4.65996 2.91758 0.0246619 4966.29 0.00069486 1 0.0478899 -0.158974 0.05 23281.3
0 1618 3 phononTF 0.00168972 4.95224 3.93922 -0.00355109 11998.8 0.00069486 1 -0.0882383 -0.226983 0.05 29752.4
0 1631 5 phononTS 0.00109219 4.47903 1.46903 -0.0222053 9104.22 0.00034743 1 0.081597 -0.173725 0.05 28412
0 1631 7 phononTF 0.000539614 0.081597 -0.173725 0.049999 28412 0.00034743 1 0.0897244 -0.15237 0.05 28481.9
0 1705 4 phononTF 0.00160113 4.92283 1.65093 -0.00699418 1107.73 0.00069486 1 -0.0989731 -0.181412 0.05 12434.9
0 1736 5 phononTF 0.00111393 -1.10703 1.51398 0.0192191 41407 0.00034743 1 0.0233882 -0.246402 0.05 93202.3
0 1758 2 phononL 0.00142963 4.56887 3.25123 0.0375645 47.1655 0.00034743 1 -0.0584057 -0.137582 0.05 15895
0 1763 4 phononTS 0.00164918 1.72543 4.21738 0.0108937 16914.8 0.00034743 1 -0.0336483 -0.18633 0.05 29996.7
0 1763 2 phononTS 0.00097213 2.5344 3.09789 -0.0437357 8116.14 0.00034743 1 -0.041385 -0.181496 0.05 22974.7
0 1806 3 phononTS 0.00206382 4.79297 2.00241 0.0459521 6224.33 0.00104229 1 0.0736796 -0.148323 0.05 37984.2
0 1806 2 phononL 0.00193618 4.79297 2.00241 0.0459521 6224.33 0.00034743 1 -0.058381 -0.192065 0.05 14100.9
0 1812 2 phononTS 0.00129967 4.92252 3.41142 -0.0145379 241.06 0.00034743 1 0.0645347 -0.269653 0.05 97504.2
0 1815 2 phononTF 0.00245936 4.57661 3.25762 0.00596195 170.677 0.00069486 1 -0.0515577 -0.178622 0.05 49997.6
0 1825 3 phononTF 0.00150092 4.01862 3.01047 -0.0136811 2020.88 0.00034743 1 0.104179 -0.181763 0.05 14145.1
0 1826 3 phononTS 0.00152517 2.79238 4.32718 0.00650344 6805.72 0.00034743 1 -0.0665858 -0.129101 0.05 17171.5
0 1870 4 phononTS 0.000584578 1.91298 -2.12701 -0.00739588 40579.9 0.00034743 1 0.0696781 -0.123257 0.05 103828
0 1941 2 phononTF 0.00243529 4.55333 3.18548 -0.0495748 8358.85 0.00069486 1 0.0354407 -0.17807 0.05 22172.2
0 1957 3 phononL 0.00198215 4.58856 2.86247 -0.0278943 9421.63 0.00034743 1 -0.0385021 -0.207951 0.05 14937.1
0 1970 3 phononTF 0.00187288 4.29588 2.89699 -0.0352903 789.572 0.00034743 1 0.0591457 -0.119515 0.05 8175.56
0 1992 3 phononL 0.00136331 4.13231 2.67291 0.015825 6223.23 0.00034743 1 0.115552 -0.172044 0.05 24665.3
0 1992 4 phononTF 0.000577146 0.115552 -0.172044 0.049999 24665.3 0.00034743 1 0.0705242 -0.171575 0.05 24734.6
0 2016 4 phononTF 0.000770257 1.19446 -4.24341 -0.00244633 38824.3 0.00034743 1 0.0580296 -0.296856 0.05 62958.7
0 2017 2 phononTF 0.00175301 4.8031 3.24215 0.0420311 16.3958 0.00034743 1 -0.0575263 -0.298348 0.05 17033.9
0 2046 5 phononTS 0.00117683 -4.86518 -4.76104 0.00199589 23897.6 0.00034743 1 -0.0285948 -0.112989 0.05 53956.1
0 2100 3 phononTS 0.00273145 4.61679 4.34491 0.0492218 9729.54 0.00069486 1 -0.0910148 -0.170353 0.05 40051.6
0 2100 13 phononTF 0.000471639 -0.0910148 -0.170353 0.049999 40051.6 0.00034743 1 -0.0657195 -0.173634 0.05 40121.3
0 2132 4 phononTS 0.00127983 1.41212 2.76664 -0.00179413 67343.8 0.00069486 1 0.0290316 -0.15938 0.05 97559.9
0 2230 2 phononTS 0.00138197 4.74606 3.43617 -0.0234872 6094.39 0.00069486 1 -0.0234474 -0.229267 0.05 65140.2
0 2255 3 phononTF 0.00243006 4.89231 0.807 0.0239671 4265.66 0.00034743 1 -0.037482 -0.26779 0.05 39386.5
0 2274 3 phononTF 0.00215566 4.22246 2.51164 -0.0192854 1138.11 0.00104229 1 -0.0553627 -0.196531 0.05 16505.5
0 2282 5 phononTF 0.00206986 3.26502 1.20606 -0.010927 6575.76 0.00034743 1 -0.0511938 -0.136532 0.05 17632.8
0 2282 6 phononTS 0.00145913 -0.0511938 -0.136532 0.049998 17632.8 0.00034743 1 -0.0524662 -0.213921 0.05 17705.8
0 2282 13 phononTF 0.00038065 -0.0524662 -0.213921 0.049999 17705.8 0.00034743 1 0.0565944 -0.161688 0.05 18223.7
0 2300 3 phononTS 0.00125867 4.77512 3.82936 -0.0398797 4088.34 0.00034743 1 0.0980723 -0.238824 0.05 14042.9
0 2315 3 phononL 0.00172946 3.21084 2.27658 0.0248246 4313.1 0.00104229 1 -0.0336307 -0.129352 0.05 10346.7
0 2331 3 phononL 0.00183358 4.41327 2.70086 -0.0286187 971.37 0.00104229 1 -0.07435 -0.12881 0.05 6365.31
0 2348 3 phononTF 0.00213818 4.85014 3.10527 -0.0422955 538.297 0.00034743 1 0.0653985 -0.106217 0.05 11247.2
0 2348 4 phononTF 0.00121293 0.0653985 -0.106217 0.049999 11247.2 0.00034743 1 0.0855129 -0.202897 0.05 11313.7
0 2359 4 phononTF 0.00141495 0.684546 2.30054 -0.0243359 9061.67 0.00069486 1 -0.0933684 -0.26952 0.05 46508.2
0 2359 2 phononTS 0.000792987 3.98927 4.52807 0.0164735 2684.24 0.00034743 1 0.0383212 -0.0960501 0.05 82990
0 2362 3 phononTF 0.00107534 4.82894 2.57359 -0.0176766 1714.47 0.00034743 1 -0.0527879 -0.105715 0.05 12601.1
0 2374 3 phononTF 0.00177464 4.68262 4.10307 0.049538 3962.93 0.00104229 1 -0.083181 -0.272685 0.05 32979.5
0 2393 2 phononTF 0.00147962 4.0188 3.92407 0.0215033 4364.15 0.00034743 1 -0.0527253 -0.104052 0.05 79238.6
0 2393 6 phononTS 0.000410295 -0.0527253 -0.104052 0.049999 79238.6 0.00034743 1 0.0619317 -0.275965 0.05 98489.8
0 2447 2 phononTF 0.000972947 4.66283 2.72579 -0.0429794 11150.7 0.00034743 1 -0.0562145 -0.183939 0.05 22057.9
0 2447 6 phononTS 0.000382963 -0.0562145 -0.183939 0.049999 22057.9 0.00034743 1 -0.0369708 -0.234958 0.05 22273.7
0 2509 4 phononTS 0.00156174 -0.303388 -0.101987 0.0292343 37777 0.00069486 1 -0.0603412 -0.244721 0.05 39532.5
0 2520 2 phononTS 0.00162385 4.91573 3.41617 -0.0059642 468.534 0.00034743 1 -0.11445 -0.233984 0.05 96438.2
0 2522 4 phononL 0.00060274 4.2031 3.33169 0.0436211 23044.6 0.00034743 1 0.0820959 -0.235406 0.05 59207.4
0 2577 2 phononTF 0.000741803 4.88867 0.0514854 0.049999 8126.66 0.00034743 1 -0.0529938 -0.282548 0.05 52016.1
0 2581 2 phononTF 0.00176964 4.60762 2.51001 0.0330525 3989.83 0.00069486 1 0.0508768 -0.25373 0.05 34442.3
0 2617 3 phononTS 0.00170471 3.33441 4.63365 -0.0106825 10790.6 0.00069486 1 0.063657 -0.295317 0.05 16775.4
0 2654 2 phononL 0.0011261 4.43188 3.08347 0.00558844 6523.87 0.00034743 1 0.0895782 -0.130626 0.05 58027.4
0 2659 2 phononTS 0.00201551 4.40326 2.65007 0.0304401 15967.1 0.00069486 1 -0.0518554 -0.170034 0.05 45997.9
0 2660 2 phononTF 0.00188344 4.97244 3.30466 0.0229085 863.064 0.00069486 1 0.0163895 -0.185579 0.05 31860.9
0 2692 2 phononL 0.00232809 2.60729 2.51336 0.0144153 8204.26 0.00034743 1 0.046415 -0.183287 0.05 66490.9
0 2692 4 phononTF 0.000706173 0.046415 -0.183287 0.049999 66490.9 0.00034743 1 -0.0385746 -0.182737 0.05 66580.2
0 2694 2 phononTF 0.00225869 3.71375 2.50913 -0.0395602 38328.3 0.00069486 1 0.0663939 -0.111322 0.05 55698.5
0 2704 2 phononTS 0.00235818 3.90517 3.24141 -0.0390201 3669.87 0.00034743 1 -0.0927867 -0.160538 0.05 21862.4
0 2706 4 phononTS 0.000390803 2.23894 2.9405 -0.00360734 9818.74 0.00034743 1 -0.0327067 -0.18033 0.05 35042.6
0 2714 4 phononL 0.00110412 0.919166 0.990406 -0.0471114 35944.1 0.00034743 1 -0.0250808 -0.265153 0.05 112365
0 2714 8 phononTS 0.000646693 -0.0250808 -0.265153 0.049999 112365 0.00034743 1 -0.0245844 -0.18956 0.05 112440
0 2735 3 phononTS 0.00237138 3.19002 4.62484 0.0162577 3633.06 0.00034743 1 -0.101863 -0.239993 0.05 24948.2
0 2757 4 phononTF 0.00135989 4.86388 3.71164 0.0351088 27456 0.00069486 1 0.0815571 -0.176134 0.05 52617.5
0 2778 3 phononTS 0.00179269 4.87724 3.2549 -0.0011822 123.4 0.00069486 1 -0.0841828 -0.244993 0.05 91923.1
0 2808 2 phononTF 0.00235349 4.61261 3.25399 0.0404456 602.924 0.00034743 1 0.0417706 -0.139265 0.05 26570.1
0 2837 5 phononTS 0.0011424 -0.313078 1.04248 -0.00805172 24616.4 0.00034743 1 0.06328 -0.279717 0.05 59497.7
0 2838 2 phononL 0.0019462 2.29132 2.71696 0.0137391 22270 0.00069486 1 0.10975 -0.209805 0.05 50506
0 2897 3 phononTS 0.00150089 4.00899 2.63276 -0.00164996 8295.96 0.00069486 1 -0.0624285 -0.19726 0.05 73300.7
0 2897 10 phononTS 0.000442693 -0.0624285 -0.19726 0.049999 73300.7 0.00034743 1 0.0232876 -0.194127 0.05 87439.3
0 2945 4 phononTF 0.000736505 -2.69654 -4.85266 0.0136487 63671.1 0.00034743 1 0.0663415 -0.209347 0.05 75158.8
0 2946 4 phononTS 0.00177496 4.93035 4.76394 -0.0062792 39565.6 0.00034743 1 -0.105283 -0.156697 0.05 64783.3
0 2946 9 phononTF 0.000440879 -0.105283 -0.156697 0.049999 64783.3 0.00034743 1 0.0525191 -0.282908 0.05 66054.7
0 2964 3 phononTF 0.00276461 4.34518 3.85388 -0.028352 2740.89 0.00104229 1 -0.0885169 -0.248015 0.05 38810.5
0 2990 3 phononL 0.00194519 4.31917 2.29644 0.0033309 6393.98 0.00034743 1 -0.109589 -0.186392 0.05 53235.3
0 2990 4 phononTS 0.00133968 -0.109589 -0.186392 0.049999 53235.3 0.00069486 1 0.0864999 -0.147668 0.05 54013.9
0 3011 5 phononTF 0.00126329 1.98271 0.482315 -0.0299229 77318.2 0.00069486 1 0.0224068 -0.171714 0.05 128325
0 3033 3 phononTF 0.00142443 4.81504 3.3797 -0.014402 9163.11 0.00034743 1 -0.0201218 -0.21694 0.05 11606.9
0 3083 3 phononTF 0.00232235 4.72946 2.94937 0.0238914 916.085 0.00104229 1 0.111323 -0.224626 0.05 19579.1
0 3083 5 phononL 0.000734017 0.111323 -0.224626 0.049999 19579.1 0.00034743 1 -0.109107 -0.229712 0.05 19894.9
0 3086 2 phononL 0.000845076 3.34237 3.25896 0.0394018 2151.13 0.00034743 1 -0.0351223 -0.10664 0.05 6753.22
0 3107 2 phononTF 0.00212872 4.61589 4.37388 -0.0168668 852.838 0.00069486 1 0.0756722 -0.249328 0.05 22391.6
0 3107 4 phononL 0.000530463 0.0756722 -0.249328 0.049999 22391.6 0.00034743 1 0.0528272 -0.187595 0.05 22556.5
0 3138 2 phononTS 0.00167506 4.94948 2.56538 -0.024473 7551.68 0.00034743 1 -0.0267597 -0.182203 0.05 26330
0 3157 2 phononTF 0.00190829 4.69084 3.27202 0.0134487 50.0961 0.00104229 1 -0.0630812 -0.16598 0.05 20531.4
0 3201 2 phononL 0.00110006 3.32872 1.91329 0.0259534 26376.4 0.00034743 1 0.0278551 -0.191635 0.05 40426.1
0 3244 4 phononTS 0.001107 -1.64261 -2.68637 -0.0195308 57815.9 0.00034743 1 -0.038832 -0.100345 0.05 91808.8
0 3244 6 phononTS 0.000431407 -0.038832 -0.100345 0.049999 91808.8 0.00034743 1 -0.0292059 -0.254216 0.05 93208.3
0 3269 3 phononTS 0.00244733 4.75023 3.24996 0.00037895 0.0855949 0.00069486 1 -0.0334305 -0.2997 0.05 42890
0 3292 2 phononTS 0.00223327 4.85489 1.76687 0.0385175 8291.14 0.00069486 1 -0.0311762 -0.111881 0.05 27512.3
0 3292 8 phononL 0.000626047 -0.0311762 -0.111881 0.049999 27512.3 0.00034743 1 -0.0745532 -0.149419 0.05 27908.9
0 3315 3 phononTS 0.00284494 4.82744 3.24268 -0.027347 16.421 0.00034743 1 0.0838946 -0.132389 0.05 15185.6
0 3349 4 phononTF 0.00133264 4.97991 -1.11673 -0.0384145 4685.72 0.00034743 1 0.0976081 -0.174597 0.05 45727.6
0 3362 2 phononTF 0.00186962 4.77708 3.66374 0.0251899 5650.56 0.00069486 1 0.024788 -0.183717 0.05 74468.3
0 3362 7 phononTF 0.0008575 0.024788 -0.183717 0.049998 74468.3 0.00069486 1 -0.0135972 -0.181818 0.05 74616.7
0 3383 2 phononTF 0.00181815 4.50056 3.39621 -0.0080417 1156.73 0.00034743 1 0.0244233 -0.214414 0.05 63515.8
0 3412 4 phononTS 0.000784408 -4.36803 -2.54203 -0.0302986 38721 0.00034743 1 0.0293169 -0.201034 0.05 136727
0 3416 2 phononTS 0.00206657 4.26663 1.95656 0.00521333 7308.9 0.00034743 1 -0.0335624 -0.199087 0.05 12870.7
0 3416 7 phononTS 0.000418349 -0.0335624 -0.199087 0.049999 12870.7 0.00034743 1 0.108639 -0.247109 0.05 13037.2
0 3416 4 phononTS 0.00125039 -0.0335624 -0.199087 0.049999 12870.7 0.00034743 1 -0.0376683 -0.194245 0.05 12927.7
0 3451 2 phononTF 0.00129166 4.8506 4.22989 -0.0314814 12086.7 0.00034743 1 -0.113661 -0.186544 0.05 64424.4
0 3455 2 phononTF 0.00233885 4.13991 4.51195 -0.021959 9361.55 0.00069486 1 -0.0842341 -0.237567 0.05 19984.2
0 3455 6 phononTF 0.00106594 -0.0842341 -0.237567 0.049999 19984.2 0.00069486 1 0.0255655 -0.240439 0.05 20050.8
0 3465 6 phononL 0.000866263 -0.579833 3.97663 0.042508 62442.6 0.00069486 1 0.0647728 -0.286127 0.05 99962.9
0 3472 2 phononTS 0.00235942 4.51862 2.42019 0.0346094 468.002 0.00069486 1 -0.107021 -0.155449 0.05 21647.4
0 3484 4 phononTS 0.0014174 4.87247 3.8797 0.0320117 24034.9 0.00034743 1 0.0825428 -0.207458 0.05 39386.8
0 3491 2 phononTS 0.00206792 4.19127 0.765061 0.0388869 9440.67 0.00034743 1 -0.0595928 -0.258447 0.05 49963.9
0 3521 5 phononTF 0.00136091 1.78275 1.5021 -0.0263766 33911.5 0.00034743 1 -0.0475856 -0.161708 0.05 56138.6
0 3523 3 phononTF 0.00237007 3.2434 4.15893 -0.0172832 6514.25 0.00034743 1 -0.0853025 -0.255999 0.05 31982.2
0 3532 2 phononTS 0.00196318 4.07045 3.88768 -0.0295722 3794.96 0.00034743 1 0.065283 -0.13625 0.05 63238.5
0 3532 5 phononTF 0.00156188 0.065283 -0.13625 0.049999 63238.5 0.00104229 1 0.0411489 -0.212697 0.05 63312.9
0 3541 2 phononTF 0.00237504 4.24494 2.64788 0.0242102 6264.95 0.00034743 1 -0.114628 -0.2065 0.05 26614.3
0 3547 3 phononTS 0.00189706 4.701 3.20026 -0.0368931 14.4319 0.00069486 1 0.0773855 -0.26044 0.05 38853.2
0 3547 4 phononTF 0.000863825 0.0773855 -0.26044 0.049999 38853.2 0.00034743 1 -0.0402856 -0.184822 0.05 39005.4
0 3552 5 phononTS 0.00117186 2.14915 0.433169 -0.0363247 9874.15 0.00034743 1 -0.0631137 -0.204238 0.05 81741.8
0 3559 5 phononTS 0.0016944 4.82027 3.81004 0.0226814 13527 0.00034743 1 -0.0325836 -0.142929 0.05 20771.7
0 3564 5 phononTF 0.00164828 -3.05916 2.47728 0.0455052 54104.1 0.00034743 1 0.0449303 -0.188939 0.05 114141
0 3590 3 phononL 0.00196746 3.87103 2.08962 -0.0295956 12697.2 0.00069486 1 0.0277081 -0.287731 0.05 75046.1
0 3605 2 phononTF 0.00135803 4.23524 2.60588 -0.0106345 3571.31 0.00104229 1 -0.0511469 -0.118281 0.05 67230.1
0 3613 4 phononTS 0.0012911 2.0703 0.0778816 -0.00557095 26563.2 0.00034743 1 -0.0482463 -0.190452 0.05 59273.8
0 3620 3 phononTS 0.00183171 2.89217 2.93802 0.0276408 18484.4 0.00034743 1 -0.0592764 -0.273554 0.05 22218.8
0 3620 4 phononTS 0.00121144 -0.0592764 -0.273554 0.049999 22218.8 0.00034743 1 -0.0727287 -0.27726 0.05 22275.2
0 3649 2 phononTS 0.0022985 4.68325 3.46693 -0.044931 238.342 0.00104229 1 -0.046974 -0.100256 0.05 32646.9
0 3739 5 phononTS 0.00136526 2.45714 4.99653 -0.0355979 23308.2 0.00069486 1 -0.0346712 -0.275769 0.05 33656.3
0 3823 3 phononL 0.00134627 3.72514 0.194521 0.0292303 19515.3 0.00034743 1 0.0470098 -0.271877 0.05 34325.5
0 3901 3 phononTS 0.00153319 4.71692 0.748986 -0.027085 6369.29 0.00034743 1 0.0603189 -0.11903 0.05 25752.5
0 3916 5 phononTS 0.00150525 4.23543 1.04118 -0.0272392 17500.4 0.00069486 1 0.0851946 -0.137506 0.05 25819.1
0 3930 4 phononTF 0.00149004 1.84125 1.4046 -0.0423282 16768.4 0.00069486 1 0.0391505 -0.208895 0.05 43953.9
0 3974 2 phononL 0.00252238 4.91404 2.88871 0.0155221 2403.58 0.00034743 1 0.0695179 -0.274734 0.05 13858
0 3974 5 phononL 0.000409729 0.0695179 -0.274734 0.049998 13858 0.00034743 1 0.0680357 -0.167192 0.05 14326
0 3974 4 phononTS 0.00127323 0.0695179 -0.274734 0.049998 13858 0.00034743 1 -0.110671 -0.173686 0.05 14018.7
0 3984 2 phononTF 0.00191954 4.82268 3.20931 -0.00418426 28.2509 0.00069486 1 -0.0602596 -0.10637 0.05 44739.7
0 3991 3 phononL 0.00204102 4.93112 2.25134 0.0340198 7428.51 0.00104229 1 -0.0438554 -0.280626 0.05 71080.4
0 3991 2 phononL 0.00195898 4.93112 2.25134 0.0340198 7428.51 0.00034743 1 -0.0248122 -0.221037 0.05 52730.5
0 4062 3 phononTF 0.00150472 4.04644 2.28995 0.00717343 18989.3 0.00034743 1 -0.0441112 -0.197912 0.05 64430
0 4062 6 phononTF 0.000671065 -0.0441112 -0.197912 0.049999 64430 0.00034743 1 -0.0412539 -0.170445 0.05 64505.5
0 4131 4 phononTS 0.00139795 4.17029 2.66101 0.0359449 19450.4 0.00069486 1 0.035834 -0.13127 0.05 30795.2
0 4134 4 phononTF 0.00107447 1.10198 -2.46786 -0.0302002 48797.6 0.00034743 1 0.0336244 -0.210103 0.05 59793
0 4202 5 phononTF 0.000690716 4.62285 1.34749 0.00566391 24070 0.00034743 1 0.0372624 -0.126712 0.05 104035
0 4207 3 phononL 0.00249408 4.57032 4.18577 0.0445103 6237.04 0.00034743 1 -0.100763 -0.17417 0.05 23458.4
0 4215 2 phononTS 0.00244261 4.91191 2.87616 0.00789182 9036.48 0.00104229 1 0.0538039 -0.161442 0.05 42971.2
0 4225 3 phononTF 0.00157068 4.43093 1.80657 0.0219947 9327.27 0.00034743 1 0.0874683 -0.249767 0.05 21015.9
0 4235 2 phononTF 0.000648433 4.36593 4.38658 0.0207769 10768.3 0.00034743 1 -0.0797423 -0.206211 0.05 18804.5
0 4252 2 phononL 0.00184854 4.66824 3.38073 -0.0253664 987.461 0.00069486 1 0.0315929 -0.274451 0.05 27147
0 4252 8 phononTF 0.000658788 0.0315929 -0.274451 0.049999 27147 0.00034743 1 0.059336 -0.247413 0.05 64150
0 4323 3 phononTS 0.00165793 4.99807 3.48382 -0.0376076 1265.75 0.00069486 1 0.0160027 -0.187593 0.05 13948.5
0 4326 3 phononTS 0.00173418 4.71984 4.84074 -0.00458419 2018.21 0.00034743 1 0.050665 -0.195946 0.05 9421.77
0 4368 3 phononTS 0.00143531 4.9688 3.36668 0.0409673 3879.21 0.00069486 1 0.0438371 -0.159249 0.05 52851.2
0 4446 2 phononTS 0.00211746 4.79196 3.29288 0.0408998 13.2187 0.00034743 1 0.0783372 -0.23847 0.05 30829.5
0 4446 5 phononTS 0.00118235 0.0783372 -0.23847 0.049999 30829.5 0.00034743 1 0.0895805 -0.213636 0.05 31013.7
0 4488 2 phononTS 0.00244397 3.97143 4.39241 0.0153263 3863.02 0.00069486 1 -0.0724364 -0.28269 0.05 37929.3
0 4496 3 phononTS 0.00316513 4.9219 3.59517 -0.0470568 1854.55 0.00104229 1 0.0624344 -0.144111 0.05 43166.8
0 4497 3 phononTS 0.00194779 2.76781 3.81848 -0.0199599 3566.64 0.00034743 1 0.0482773 -0.115563 0.05 18233.5
0 4530 5 phononTF 0.000982668 1.59308 3.1678 0.0309976 23383.6 0.00034743 1 -0.0585072 -0.254663 0.05 52748.1
0 4577 3 phononTS 0.00133381 4.2442 3.10387 -0.0153243 2130.37 0.00034743 1 0.0262844 -0.185407 0.05 86669.7
0 4584 2 phononTF 0.00243615 4.71971 2.62743 -0.0112849 3524.1 0.00069486 1 0.0598278 -0.115612 0.05 27842.7
0 4598 2 phononL 0.00151096 1.84187 1.92726 0.0209858 22230.7 0.00104229 1 -0.0947458 -0.264331 0.05 71296
0 4620 3 phononTS 0.0012424 2.23843 3.84228 -0.018354 11708.9 0.00069486 1 -0.0193764 -0.238248 0.05 84312.2
0 4647 3 phononTF 0.00180924 4.27915 3.93023 0.0338883 1522.14 0.00069486 1 -0.0981984 -0.234172 0.05 82466.6
0 4656 2 phononTF 0.00200317 4.89101 3.0977 -0.0257345 3916.65 0.00034743 1 -0.0927697 -0.235906 0.05 74081.1
0 4662 3 phononTS 0.0028039 2.24578 2.76324 0.0413239 26567.8 0.00034743 1 -0.0384137 -0.19731 0.05 40863.6
0 4662 7 phononTS 0.0013204 -0.0384137 -0.19731 0.049999 40863.6 0.00034743 1 -0.0696431 -0.208374 0.05 41050.5
0 4662 11 phononTF 0.000955448 -0.0696431 -0.208374 0.049999 41050.5 0.00034743 1 -0.052934 -0.205167 0.05 42044.5
0 4692 2 phononTS 0.00130912 2.90248 4.60903 -0.0089235 4127.63 0.00034743 1 0.0484486 -0.156474 0.05 32286.1
0 4692 5 phononTS 0.000446718 0.0484486 -0.156474 0.049998 32286.1 0.00034743 1 0.0921696 -0.204911 0.05 32355.8
0 4717 5 phononTS 0.00123132 2.36905 3.65719 -0.0279952 12694.3 0.00034743 1 -0.101199 -0.256312 0.05 100816
0 4747 4 phononTS 0.000914383 0.782166 4.11916 0.0177392 14562.8 0.00034743 1 0.0357184 -0.294924 0.05 50089.4
0 4753 4 phononTS 0.000768276 -3.85199 -0.117365 -0.00244511 26523.1 0.00034743 1 0.0686759 -0.118683 0.05 59430.5
0 4754 3 phononTS 0.00229486 4.53099 2.85903 0.0144041 2985.22 0.00069486 1 -0.110009 -0.185538 0.05 30154.1
0 4754 8 phononL 0.00089696 -0.110009 -0.185538 0.049999 30154.1 0.00034743 1 -0.107421 -0.155871 0.05 30342.7
0 4754 17 phononTF 0.000515572 -0.107421 -0.155871 0.049999 30342.7 0.00034743 1 0.0869664 -0.232386 0.05 31398.8
0 4758 3 phononL 0.00230699 1.96235 1.09084 0.0499844 17004.3 0.00034743 1 0.0487992 -0.200672 0.05 25963.9
0 4758 5 phononTF 0.000987213 0.0487992 -0.200672 0.049999 25963.9 0.00034743 1 -0.0249415 -0.20713 0.05 26038
0 4779 5 phononTS 0.000959387 1.52188 4.89515 -0.00800252 3589.65 0.00034743 1 0.0661611 -0.246386 0.05 11640.3
0 4782 2 phononTS 0.00158846 3.08274 3.44491 0.0148031 2372.11 0.00034743 1 0.0885997 -0.218838 0.05 41788.8
0 4790 2 phononTF 0.00185476 4.3394 4.73862 0.0420423 18583.5 0.00104229 1 -0.0908085 -0.244318 0.05 64448.8
0 4849 3 phononTF 0.00207268 3.07195 2.85457 0.0346956 11196.2 0.00034743 1 0.0860701 -0.247418 0.05 58135.1
0 4929 2 phononTS 0.00194744 3.87019 3.21621 0.00337895 17684.4 0.00034743 1 0.0807966 -0.185383 0.05 48314.2
0 4931 4 phononL 0.000929262 4.60134 3.12123 -0.0110849 47063.3 0.00034743 1 -0.0283915 -0.188549 0.05 63691.4
0 4952 3 phononTS 0.00159578 4.76008 3.22972 0.0183623 5.37943 0.00034743 1 0.0554618 -0.2744 0.05 14042.3
0 4952 4 phononTF 0.00109137 0.0554618 -0.2744 0.049998 14042.3 0.00034743 1 0.0628122 -0.275686 0.05 14116.3
0 4956 3 phononTS 0.00134162 4.6545 4.50053 -0.0389351 3512.4 0.00034743 1 0.0199052 -0.154948 0.05 30293.1
0 4956 4 phononTS 0.000355566 0.0199052 -0.154948 0.049999 30293.1 0.00034743 1 -0.0691306 -0.113139 0.05 30872.3
