Run ID,Event ID,Track ID,Particle Name,Start Energy [eV],Start X [mm],Start Y [mm],Start Z [mm],Start Time [ns],Energy Deposited [eV],Track Weight,End X [mm],End Y [mm],End Z [mm],Final Time [ns],Volume Name
0 7 3 phononTS 0.00187171 -3.85567 -3.73385 -0.00797368 2536.65 0.00069486 1 0.109499 -0.199334 0.05 46476.6
0 12 3 phononTF 0.00187962 -3.75173 -2.4534 -0.0120264 1444.94 0.00069486 1 -0.0728444 -0.25338 0.05 29545
0 12 4 phononTF 0.000660788 -0.0728444 -0.25338 0.049999 29545 0.00034743 1 -0.0502465 -0.139695 0.05 29993.3
0 59 2 phononTF 0.00108563 -4.15325 -3.52917 0.0458589 2549.65 0.00034743 1 0.105421 -0.148721 0.05 49418.7
0 65 2 phononTF 0.0016003 -4.27783 -3.01019 -0.0482066 1747.18 0.00069486 1 -0.0758373 -0.152615 0.05 86722.5
0 67 3 phononTS 0.00174195 -4.30671 -1.20625 -0.0161458 9812.78 0.00034743 1 -0.0515114 -0.233063 0.05 44288.6
0 67 4 phononTF 0.000737185 -0.0515114 -0.233063 0.049998 44288.6 0.00034743 1 -0.0665808 -0.236419 0.05 44576.3
0 88 4 phononTS 0.00153731 3.07441 -3.32175 -0.0212755 31648.4 0.00034743 1 0.0596774 -0.184028 0.05 39836
0 104 3 phononTF 0.00175061 -3.56301 -3.60007 -0.0305304 3509.76 0.00104229 1 -0.0296681 -0.165992 0.05 39392.7
0 113 2 phononTS 0.00165108 -4.02323 -3.48945 0.0390917 5299.19 0.00034743 1 -0.0390789 -0.270747 0.05 28706.6
0 113 6 phononTF 0.000930915 -0.0390789 -0.270747 0.049999 28706.6 0.00034743 1 -0.0844149 -0.124051 0.05 28981.7
0 116 3 phononTS 0.0018432 -4.6277 -2.80534 0.0454551 3434.15 0.00034743 1 0.0298211 -0.146938 0.05 49574.4
0 141 5 phononTS 0.00155417 -2.72365 4.97934 0.0367188 30315.9 0.00034743 1 -0.0139514 -0.228656 0.05 78613.1
0 149 5 phononL 0.000985104 -1.53919 -2.35141 -0.0428109 11229.3 0.00034743 1 -0.0292682 -0.244533 0.05 61811.5
0 156 2 phononTS 0.00233795 -4.86807 -2.24906 0.0167018 2280.12 0.00034743 1 -0.0413085 -0.280133 0.05 50615.5
0 156 5 phononTS 0.00161662 -0.0413085 -0.280133 0.049999 50615.5 0.00069486 1 0.102915 -0.184662 0.05 253065
0 158 4 phononTS 0.000972408 -4.90058 -3.71042 -0.0372685 7262.02 0.00034743 1 -0.0909124 -0.262615 0.05 26639.1
0 168 2 phononTF 0.00132377 -4.75666 -2.76055 0.0468447 14116.7 0.00034743 1 -0.0567728 -0.16206 0.05 88309.9
0 177 2 phononTS 0.00271906 -4.07198 -1.19029 0.0495023 7113.39 0.00104229 1 -0.105524 -0.141488 0.05 25822.9
0 233 2 phononTF 0.00183892 0.408919 -4.67402 -0.027096 10448.7 0.00034743 1 -0.0132711 -0.180609 0.05 114455
0 268 2 phononTF 0.00131708 -3.91818 -2.68165 -0.00413693 787.235 0.00069486 1 0.0656384 -0.188228 0.05 8211.64
0 270 2 phononTF 0.00209036 -4.67418 -4.81202 0.0198525 9139.03 0.00069486 1 0.11791 -0.179075 0.05 35890
0 361 4 phononTS 0.000737897 -4.92915 -4.515 0.0290857 15527.2 0.00034743 1 -0.0540048 -0.265325 0.05 59843.6
0 361 7 phononTS 0.00038616 -0.0540048 -0.265325 0.049999 59843.6 0.00034743 1 -0.0367242 -0.22385 0.05 60542.2
0 408 4 phononL 0.00114727 -3.43479 -2.15332 0.0378241 12710.7 0.00034743 1 0.0160898 -0.18495 0.05 35868.2
0 408 6 phononTF 0.00042267 0.0160898 -0.18495 0.049998 35868.2 0.00034743 1 0.0822378 -0.254529 0.05 35936.4
0 428 4 phononL 0.00124263 -4.54364 -2.84257 -0.0188802 7648.03 0.00069486 1 -0.028608 -0.187782 0.05 106582
0 438 2 phononTF 0.00196846 -4.53663 -2.77417 -0.00714304 5489.36 0.00034743 1 0.0601202 -0.103411 0.05 64606.9
0 458 3 phononTS 0.00172885 -2.51639 -3.17703 -0.0328287 2517.66 0.00034743 1 0.0964562 -0.220941 0.05 36626.9
0 512 3 phononTS 0.00275456 -4.07924 -3.23485 0.0449127 17744.2 0.00104229 1 0.0708373 -0.191379 0.05 38691.5
0 574 3 phononTS 0.00203896 -2.1552 -2.11798 -0.0122791 5039.21 0.00034743 1 -0.0759583 -0.21982 0.05 91801
0 602 2 phononTF 0.00153012 -4.62415 -3.35197 0.00132001 4682.73 0.00034743 1 0.0762373 -0.276378 0.05 31752.9
0 604 3 phononL 0.00123515 -3.85252 -1.79374 -0.0396405 13101 0.00034743 1 -0.0469473 -0.185675 0.05 34528.6
0 615 2 phononTS 0.00239229 -3.87744 -3.64228 0.0275764 6232.36 0.00034743 1 -0.0856166 -0.24803 0.05 44755.2
0 615 4 phononTF 0.00132627 -0.0856166 -0.24803 0.049999 44755.2 0.00104229 1 -0.0484776 -0.212802 0.05 44815
0 620 2 phononTS 0.00190774 -4.32312 -3.29156 -0.0214152 23.1685 0.00034743 1 0.0836408 -0.139475 0.05 10826.5
0 637 3 phononTS 0.00146179 -4.75371 -2.62272 0.0426873 13413.4 0.00034743 1 0.0438502 -0.210549 0.05 168501
0 683 3 phononTS 0.00114139 -4.55344 -4.10606 0.0330629 6185.41 0.00069486 1 0.0652662 -0.285849 0.05 32504.5
0 700 4 phononL 0.00109536 -4.6914 -3.90977 -0.0177878 1055.76 0.00034743 1 0.0301065 -0.21213 0.05 40312.1
0 729 3 phononTS 0.00122371 -2.70746 -2.07532 -0.0138477 7029.39 0.00034743 1 -0.0584395 -0.152578 0.05 102752
0 729 5 phononTS 0.000424105 -0.0584395 -0.152578 0.049999 102752 0.00034743 1 -0.0585708 -0.15337 0.05 102808
0 736 2 phononTS 0.00206712 -4.19382 -3.17445 -0.00813882 4779.15 0.00034743 1 0.0779306 -0.209198 0.05 70660.5
0 742 2 phononTF 0.00228168 -3.48412 -3.41878 -0.0170316 9207.24 0.00034743 1 0.105746 -0.187706 0.05 56657.8
0 742 4 phononL 0.000498174 0.105746 -0.187706 0.049999 56657.8 0.00034743 1 -0.0965907 -0.211701 0.05 92458.5
0 786 2 phononTF 0.00134665 -4.44437 -2.57259 -0.00993827 3280.24 0.00034743 1 -0.0440403 -0.255228 0.05 32466.3
0 848 2 phononTS 0.00156409 -4.85019 -2.27287 0.0309943 4223.36 0.00069486 1 0.0121665 -0.2158 0.05 50329.6
0 866 4 phononTF 0.00197991 -2.53555 -1.35679 0.0465546 7061.94 0.00034743 1 0.0851892 -0.158343 0.05 14646.6
0 870 4 phononTS 0.000844304 4.09269 -4.98646 0.0483965 34737.4 0.00034743 1 -0.0969036 -0.177764 0.05 49432.6
0 874 2 phononTS 0.00143298 -4.62172 -1.28038 -0.0284967 4676.99 0.00034743 1 0.0298987 -0.237864 0.05 67624.1
0 914 5 phononTS 0.00168719 -2.25352 -2.74815 -0.048278 24158.4 0.00034743 1 0.0100762 -0.203864 0.05 33357.3
0 921 5 phononTS 0.000656095 -1.07633 0.167517 -0.0365258 20938.6 0.00034743 1 -0.0355454 -0.179812 0.05 22045.5
0 962 3 phononL 0.001879 -4.65353 -2.84466 -0.0178409 1031.71 0.00034743 1 0.0567081 -0.206638 0.05 12797.3
0 989 3 phononTS 0.00277474 -3.84721 -2.51669 -0.0418248 1789.88 0.00069486 1 -0.0392647 -0.109549 0.05 26543.6
0 1116 4 phononTF 0.00156299 -4.19599 1.58772 0.0431718 26745.2 0.00069486 1 -0.0578546 -0.222271 0.05 72597.4
0 1158 3 phononTS 0.0018269 -4.05563 -2.85169 -0.000473781 6696.64 0.00034743 1 0.0782368 -0.163013 0.05 36103.3
0 1161 3 phononL 0.00212335 -4.47223 -3.36907 -0.00307909 258.449 0.00069486 1 0.0769419 -0.168309 0.05 24266.6
0 1176 4 phononTS 0.00181709 -1.32025 0.413602 0.0464757 32302.7 0.00034743 1 0.0325214 -0.155917 0.05 42333.1
0 1187 3 phononTF 0.0024913 -4.24689 -3.4422 0.0190505 109.732 0.00034743 1 0.0717265 -0.12928 0.05 76691.9
0 1205 3 phononTF 0.00251818 -4.81832 -4.01668 0.0440687 2601.01 0.00069486 1 -0.116892 -0.204238 0.05 20820.7
0 1249 5 phononTF 0.000947942 -4.98927 -2.52364 -0.043234 13430.1 0.00034743 1 0.0450304 -0.248757 0.05 29747.5
0 1251 3 phononTF 0.00244046 -4.52318 -4.17052 0.015607 13020.8 0.00034743 1 0.0211592 -0.203893 0.05 97367.7
0 1251 5 phononTS 0.000609015 0.0211592 -0.203893 0.049999 97367.7 0.00034743 1 0.114167 -0.222655 0.05 97594.3
0 1251 4 phononL 0.00107554 0.0211592 -0.203893 0.049999 97367.7 0.00034743 1 0.0348408 -0.291167 0.05 97472.2
0 1280 2 phononTS 0.000495795 -4.52003 -1.74569 0.00149918 1997.18 0.00034743 1 -0.0442571 -0.17303 0.05 127389
0 1285 2 phononTF 0.0015052 -2.64254 -2.12576 0.0130822 4101.97 0.00069486 1 0.0687601 -0.254736 0.05 27501.1
0 1337 2 phononL 0.00242008 -3.34836 -2.4208 -0.0136324 5793.24 0.00034743 1 0.0394293 -0.29697 0.05 18049.1
0 1410 2 phononTF 0.00206348 -4.62566 -4.22692 -0.0371164 15323.7 0.00104229 1 -0.0750012 -0.120723 0.05 56730.9
0 1413 3 phononTS 0.00270725 -2.70036 -3.74283 0.0360117 12064.7 0.00034743 1 0.0679302 -0.269464 0.05 21891.7
0 1416 3 phononTS 0.00255526 -4.81432 -2.60883 0.027878 2516.67 0.00069486 1 -0.045631 -0.150821 0.05 41337.3
0 1422 3 phononL 0.002234 -4.97167 -3.12192 0.00293894 2192.01 0.00104229 1 -0.0875447 -0.150029 0.05 10973.5
0 1422 5 phononTF 0.000366831 -0.0875447 -0.150029 0.049998 10973.5 0.00034743 1 -0.0426578 -0.174012 0.05 11244.5
0 1428 2 phononTF 0.00234179 -3.87195 -3.8433 0.0438653 11161.9 0.00034743 1 0.0305691 -0.274133 0.05 39489.6
0 1428 6 phononL 0.00160754 0.0305691 -0.274133 0.049999 39489.6 0.00069486 1 0.105816 -0.194859 0.05 39540
0 1488 4 phononL 0.00111743 -2.79939 -1.9944 -0.0260374 13122.2 0.00069486 1 -0.0702497 -0.156273 0.05 49570.6
0 1530 2 phononTS 0.00138743 -4.7766 -3.22995 0.0474083 861.893 0.00034743 1 0.0474352 -0.285467 0.05 31315.9
0 1545 2 phononTS 0.00159114 -4.43436 -2.78155 0.00358051 906.642 0.00034743 1 -0.0472806 -0.188179 0.05 6288.19
0 1591 3 phononTS 0.00176439 -3.93871 -3.22735 -0.00240156 865.44 0.00104229 1 -0.0770689 -0.118354 0.05 32307.7
0 1595 2 phononTS 0.000977442 -3.09446 -3.90394 -0.00199913 4783.7 0.00034743 1 0.0717457 -0.141728 0.05 47975.9
0 1595 9 phononTS 0.000584919 0.0717457 -0.141728 0.049998 47975.9 0.00034743 1 0.0655829 -0.119926 0.05 48037.7
0 1606 3 phononL 0.00201444 -3.34577 -3.04665 -0.00996 2096.65 0.00104229 1 -0.0801843 -0.11857 0.05 16599.6
0 1624 3 phononTF 0.00216588 -3.93583 -3.19488 -0.0192594 988.376 0.00104229 1 0.0499574 -0.112056 0.05 30786.5
0 1624 8 phononTS 0.000843775 0.0499574 -0.112056 0.049999 30786.5 0.00034743 1 -0.061392 -0.121826 0.05 31076
0 1653 9 phononTS 0.000856546 1.9275 0.174671 -0.017596 44331.8 0.00034743 1 -0.0482893 -0.255723 0.05 59797.4
0 1674 3 phononL 0.00244352 -4.58165 -2.98868 0.0257649 3840.63 0.00034743 1 -0.0467688 -0.301373 0.05 11774.5
0 1674 4 phononL 0.00151752 -0.0467688 -0.301373 0.049999 11774.5 0.00034743 1 0.0523872 -0.126844 0.05 12192.3
0 1674 10 phononTF 0.000588477 0.0523872 -0.126844 0.049999 12192.3 0.00034743 1 -0.0402282 -0.109428 0.05 12342.5
0 1770 4 phononL 0.00121782 -4.10236 -2.76974 -0.0341911 13817.3 0.00034743 1 -0.0560653 -0.243341 0.05 30518.4
0 1818 3 phononTS 0.00141381 -4.0516 -3.25674 0.0347735 84.4886 0.00034743 1 0.0835391 -0.141114 0.05 24109.2
0 1908 2 phononTS 0.00121844 -3.23904 -2.37253 -0.0458201 1905.81 0.00034743 1 -0.0159027 -0.181208 0.05 19409.3
0 1921 4 phononTS 0.00091254 3.50285 3.01897 0.0442396 29635.9 0.00034743 1 -0.0283875 -0.141456 0.05 40148.2
0 1921 6 phononTF 0.000380462 -0.0283875 -0.141456 0.049998 40148.2 0.00034743 1 -0.0427075 -0.139662 0.05 65899.5
0 1961 3 phononTF 0.00114533 -4.29666 -3.05466 -0.0281079 533.386 0.00034743 1 0.0657654 -0.225134 0.05 7116.05
0 1970 5 phononTF 0.00126552 -3.35895 -3.04186 0.0494253 12731.3 0.00034743 1 -0.102895 -0.216613 0.05 90311.7
0 1977 3 phononTF 0.00199257 -4.00417 -2.82475 -0.0207433 7037.81 0.00034743 1 0.0318343 -0.244197 0.05 84332.5
0 2021 5 phononTS 0.00127768 -1.53163 -1.95611 -0.0436341 28414.6 0.00034743 1 -0.0749335 -0.195869 0.05 35848.1
0 2050 3 phononTS 0.00232287 -3.33453 -3.16845 0.00618828 8656.38 0.00034743 1 0.016079 -0.182221 0.05 21704.2
0 2064 5 phononL 0.00163382 -4.27958 -3.28716 -0.0316287 7542.63 0.00069486 1 0.0387079 -0.182106 0.05 31680
0 2100 2 phononTF 0.0019776 -2.80983 -3.27046 0.0397271 3512.74 0.00034743 1 0.063725 -0.163043 0.05 49533
0 2115 2 phononTF 0.00233131 -3.80195 -3.29505 0.0233184 362.396 0.00069486 1 -0.0676533 -0.243868 0.05 24506
0 2123 2 phononTS 0.00145243 -4.00614 -4.02804 0.0497794 11806.5 0.00069486 1 -0.0283513 -0.161191 0.05 25338
0 2179 2 phononTS 0.00114141 -4.34413 -0.646653 0.0487106 8807.84 0.00034743 1 0.113583 -0.177993 0.05 16431.7
0 2186 3 phononL 0.00167034 -4.47323 -2.75897 0.0189696 10547.9 0.00034743 1 -0.111827 -0.2124 0.05 19354.4
0 2191 5 phononTS 0.00193521 -4.45328 -3.233 0.0291892 10990.1 0.00034743 1 -0.0951979 -0.233701 0.05 18290.1
0 2191 6 phononTF 0.000432282 -0.0951979 -0.233701 0.049999 18290.1 0.00034743 1 -0.0833564 -0.274601 0.05 29266.9
0 2197 5 phononTF 0.00134958 -4.91485 -3.39257 0.042378 4821.91 0.00069486 1 -0.0991073 -0.154424 0.05 17612.2
0 2205 3 phononTF 0.00260413 -4.23044 -3.21223 -0.0475252 85.9372 0.00034743 1 0.0865829 -0.271133 0.05 26028.1
0 2234 3 phononTF 0.00223717 -4.11994 -3.24388 -0.047658 1353.04 0.00034743 1 0.059102 -0.204821 0.05 44473.4
0 2283 2 phononTF 0.00197764 -4.49524 -2.85333 -0.0379401 1904.64 0.00034743 1 -0.0283738 -0.244914 0.05 50865.8
0 2312 3 phononTF 0.00222097 -3.52235 -4.46775 -0.022235 2144.1 0.00034743 1 -0.0475321 -0.17107 0.05 38168.5
0 2372 2 phononTF 0.00251405 -4.43592 -3.71624 -0.000282302 2852.65 0.00034743 1 0.106054 -0.22905 0.05 40081.2
0 2375 2 phononTF 0.000398978 -3.91578 0.421193 -0.0322689 11562.4 0.00034743 1 0.0882962 -0.193451 0.05 31769.6
0 2383 3 phononTF 0.00203561 -2.93209 -1.17232 0.00852394 4967.22 0.00069486 1 0.081594 -0.275105 0.05 18777.1
0 2416 2 phononTF 0.00144867 -3.91372 -3.71792 -0.00220048 4127.55 0.00069486 1 -0.0442654 -0.1336 0.05 78408.1
0 2463 2 phononL 0.00240411 -4.17432 -3.2929 -0.0211276 41.9526 0.00034743 1 0.0264442 -0.120318 0.05 80462.4
0 2463 5 phononTS 0.000963359 0.0264442 -0.120318 0.049999 80462.4 0.00034743 1 -0.0501258 -0.218973 0.05 80560.4
0 2474 3 phononTF 0.00210515 -3.78616 -3.79456 -0.00321159 7247.79 0.00034743 1 -0.0712595 -0.109472 0.05 63511
0 2501 3 phononTS 0.00245633 -4.12621 -3.29942 0.0144422 1393.41 0.00034743 1 -0.119304 -0.20361 0.05 17479.9
0 2544 3 phononTS 0.00163134 -4.00516 -3.37286 0.013674 877.27 0.00069486 1 -0.0595473 -0.179205 0.05 12306.1
0 2555 5 phononTS 0.000868907 -1.47033 2.61409 -0.0369513 107217 0.00034743 1 -0.0215661 -0.219984 0.05 181285
0 2563 3 phononTS 0.00205826 -4.33493 -4.54182 0.0136709 4573.85 0.00034743 1 0.0447844 -0.284352 0.05 42136
0 2575 2 phononTS 0.00252085 -4.60944 -3.38311 -0.040762 6367.91 0.00104229 1 0.0284268 -0.289423 0.05 20009.1
0 2583 5 phononTS 0.00237191 -3.87377 -4.00282 0.020694 13264.3 0.00104229 1 0.0230208 -0.173017 0.05 33006.2
0 2586 2 phononL 0.00100909 -3.40869 -2.13082 0.0286651 4117.09 0.00069486 1 0.100308 -0.239139 0.05 67843.4
0 2597 2 phononTS 0.00145576 -4.58716 -3.48869 0.00467402 3629.46 0.00034743 1 -0.109866 -0.168745 0.05 58595.8
0 2628 3 phononL 0.00249644 -3.71024 -3.33307 -0.0238791 507.9 0.00069486 1 -0.0563232 -0.164862 0.05 26444.6
0 2628 4 phononL 0.0010505 -0.0563232 -0.164862 0.049998 26444.6 0.00034743 1 -0.0993405 -0.196314 0.05 26506.8
0 2660 3 phononTF 0.00198652 -4.29766 -2.3496 0.00558393 19428.3 0.00069486 1 0.0183278 -0.207081 0.05 48948.8
0 2681 4 phononTS 0.00143344 -4.48638 4.77779 -0.000370331 58598.7 0.00034743 1 0.0711944 -0.200381 0.05 93931.2
0 2682 7 phononTF 0.000787541 -2.55651 0.926764 -0.0434898 21374.3 0.00034743 1 0.0968684 -0.225234 0.05 29639.6
0 2702 2 phononL 0.0023653 -4.14822 -1.27505 -0.0391753 8591.36 0.00034743 1 -0.056492 -0.230813 0.05 23341.3
0 2702 4 phononTF 0.00122567 -0.056492 -0.230813 0.049998 23341.3 0.00034743 1 -0.0342219 -0.296423 0.05 23405.9
0 2714 5 phononTS 0.00191768 -3.30514 -2.87559 0.0248662 3967.04 0.00034743 1 0.0936551 -0.262716 0.05 20714.8
0 2741 2 phononTS 0.000851039 -4.25596 -1.73463 -0.0225611 20926.3 0.00034743 1 0.0971618 -0.232914 0.05 33717
0 2750 3 phononTS 0.001874 -3.24805 -2.29694 -0.0443376 12811.1 0.00034743 1 0.0258671 -0.179951 0.05 22197.1
0 2786 3 phononTF 0.00186851 -2.09325 -3.92527 0.0381311 20094.8 0.00034743 1 0.108121 -0.1511 0.05 38459.8
0 2875 3 phononTS 0.0020931 -4.99005 -3.52275 0.0456366 2779.01 0.00034743 1 -0.0702509 -0.120518 0.05 84957
0 2877 2 phononTF 0.00163126 -4.44886 -3.31227 0.0431382 1119.84 0.00104229 1 0.0122241 -0.184632 0.05 62894.7
0 2927 2 phononTS 0.00240741 -4.46775 -3.27941 0.048643 2503.9 0.00069486 1 -0.116372 -0.197461 0.05 10596.7
0 2933 2 phononTS 0.0015621 -4.24123 -3.22447 0.0160531 92.2957 0.00069486 1 -0.065327 -0.174661 0.05 46285.3
0 2933 4 phononL 0.000415501 -0.065327 -0.174661 0.049999 46285.3 0.00034743 1 -0.0367211 -0.16465 0.05 53448.8
0 2942 4 phononTS 0.000974266 -2.81894 0.0682134 -0.00207193 10624.5 0.00034743 1 -0.0218058 -0.188918 0.05 64066.6
0 2950 4 phononL 0.00191243 -4.3454 -4.09917 0.0295089 10964.2 0.00034743 1 -0.0611678 -0.174935 0.05 50662.8
0 2951 2 phononL 0.00139083 -4.079 -3.84349 0.0168812 2779.55 0.00034743 1 -0.113982 -0.209843 0.05 66028.1
0 2965 4 phononTF 0.00193263 -2.58759 -2.65911 0.0321382 40694.4 0.00069486 1 0.0919306 -0.170543 0.05 66304.3
0 3005 2 phononTS 0.00149868 -3.88989 -2.98525 0.019963 693.621 0.00034743 1 0.0419752 -0.10676 0.05 11409
0 3027 3 phononTF 0.00179538 -3.23292 -4.70696 -0.0207041 7479.63 0.00034743 1 0.0480069 -0.286665 0.05 34619
0 3050 3 phononL 0.00182294 -3.98944 -1.00193 0.0281615 13751.8 0.00034743 1 0.0247689 -0.255725 0.05 27835.5
0 3066 4 phononTF 0.00102275 -3.96781 1.109 0.029392 30238.6 0.00034743 1 -0.0322444 -0.291374 0.05 39678.3
0 3072 6 phononTS 0.000445986 -0.973617 -0.407955 -0.0242745 115353 0.00034743 1 -0.083541 -0.123327 0.05 117866
0 3162 3 phononTS 0.00121886 -3.69641 -2.22636 0.0420644 7040.89 0.00034743 1 0.0749184 -0.273639 0.05 45849.4
0 3183 5 phononL 0.002056 1.39552 -4.47495 -0.0448716 61220.3 0.00034743 1 -0.0174713 -0.243293 0.05 134595
0 3183 11 phononTS 0.00036449 -0.0174713 -0.243293 0.049999 134595 0.00034743 1 -0.0952715 -0.181531 0.05 134671
0 3199 3 phononTF 0.00234988 -3.26804 -4.44688 -0.0369516 6126.83 0.00069486 1 -0.0442143 -0.251623 0.05 18920.7
0 3207 7 phononTS 0.00114173 -2.29557 -1.15463 0.00520334 43732.8 0.00034743 1 -0.0655437 -0.290811 0.05 45832.9
0 3226 3 phononTS 0.00175272 -4.25268 -3.30161 -0.0306478 57.6749 0.00034743 1 -0.0763961 -0.276715 0.05 49941.2
0 3226 7 phononTS 0.000592747 -0.0763961 -0.276715 0.049999 49941.2 0.00034743 1 -0.0243569 -0.160998 0.05 50093.7
0 3226 4 phononTF 0.000765727 -0.0763961 -0.276715 0.049999 49941.2 0.00034743 1 0.0939361 -0.181922 0.05 50034.7
0 3263 4 phononTS 0.00178476 -0.675933 -2.54084 0.0030691 11330.2 0.00034743 1 -0.0187406 -0.185346 0.05 16660.6
0 3331 2 phononTS 0.00167777 -3.87639 -1.2355 0.00760002 4638.07 0.00069486 1 0.0246471 -0.281688 0.05 57818.5
0 3348 2 phononL 0.00238445 -3.9271 -2.83479 -0.042183 527.662 0.00069486 1 -0.013436 -0.177085 0.05 8398.6
0 3397 5 phononTF 0.0014835 -4.26682 -3.28957 0.000508393 9503.61 0.00034743 1 0.0986224 -0.259872 0.05 44661.5
0 3426 5 phononTF 0.00160337 -3.36199 -3.61289 -0.0393335 1578.33 0.00069486 1 0.0573748 -0.124093 0.05 24414.3
0 3550 2 phononL 0.00183658 -4.4912 -3.3108 -0.000361806 10671.5 0.00034743 1 -0.0280083 -0.13752 0.05 36367.1
0 3550 6 phononTF 0.0013332 -0.0280083 -0.13752 0.049999 36367.1 0.00034743 1 -0.0399005 -0.241182 0.05 36964.7
0 3553 2 phononTS 0.00218595 -4.32858 -3.82253 -0.0262882 2420.74 0.00069486 1 0.0416092 -0.199771 0.05 16573.3
0 3562 3 phononTF 0.00214154 -0.955877 -4.73316 -0.0306395 21691.3 0.00069486 1 -0.0886117 -0.257925 0.05 48766.7
0 3563 4 phononTS 0.000950639 4.60752 -1.42147 -0.0255269 48393.2 0.00069486 1 -0.0740957 -0.187696 0.05 68198.7
0 3569 4 phononL 0.000847225 -3.7457 -4.34382 -0.0282277 28768.9 0.00034743 1 0.0775251 -0.234947 0.05 55390.8
0 3609 5 phononTF 0.00133089 -4.8363 -1.20179 -0.0111286 15417.5 0.00069486 1 -0.110007 -0.195381 0.05 61176.2
0 3626 5 phononL 0.0014919 -0.236464 -0.771327 -0.0496292 15132.6 0.00069486 1 0.0472943 -0.167504 0.05 15449.7
0 3643 2 phononTS 0.00177525 -3.96284 -2.89672 -0.0251683 13869.5 0.00034743 1 0.0331557 -0.232388 0.05 59067.2
0 3676 2 phononTF 0.00106328 -4.24152 -4.77249 -0.0087629 22398.3 0.00034743 1 0.0363189 -0.213717 0.05 47841.3
0 3676 6 phononTS 0.00050426 0.0363189 -0.213717 0.049999 47841.3 0.00034743 1 -0.0686912 -0.195139 0.05 47923.9
0 3680 5 phononTF 0.000993688 0.714114 -3.74854 -0.0322217 31864.3 0.00069486 1 -0.070735 -0.173352 0.05 75758.4
0 3704 2 phononTS 0.00139749 -4.48749 -3.26204 -0.0143018 121.777 0.00069486 1 0.109096 -0.222342 0.05 6645.05
0 3711 2 phononTS 0.00165196 -3.40423 -3.76949 0.00438227 3997.01 0.00069486 1 -0.0838396 -0.192064 0.05 147688
0 3713 2 phononTF 0.00275841 -4.16186 -3.20485 0.0339485 49.2293 0.00034743 1 -0.0876063 -0.186265 0.05 6164.45
0 3713 5 phononTS 0.00191394 -0.0876063 -0.186265 0.049999 6164.45 0.00034743 1 -0.026385 -0.221339 0.05 6233.65
0 3718 2 phononTF 0.00202741 -3.82861 -3.02943 -0.019737 569.032 0.00034743 1 -0.100692 -0.24274 0.05 9222.59
0 3726 3 phononTS 0.00275189 -4.19597 -2.35192 -0.0280894 7759.53 0.00069486 1 -0.0747323 -0.184807 0.05 45499.6
0 3730 2 phononTS 0.00191308 -4.61366 -3.82225 0.0421864 3759.97 0.00104229 1 -0.0826277 -0.136091 0.05 17142.2
0 3752 3 phononTF 0.00223404 -4.98899 -3.08129 0.0227806 1979.98 0.00034743 1 0.0362749 -0.123352 0.05 19676.5
0 3752 5 phononTS 0.000656054 0.0362749 -0.123352 0.049999 19676.5 0.00034743 1 0.0344688 -0.123065 0.05 19734.1
0 3752 4 phononTF 0.000676293 0.0362749 -0.123352 0.049999 19676.5 0.00034743 1 -0.0450916 -0.123895 0.05 19737.9
0 3764 3 phononL 0.00195004 -2.61269 -1.33069 -0.0362884 11652.1 0.00069486 1 -0.0713657 -0.227516 0.05 88028.4
0 3787 7 phononTS 0.000913989 -2.10294 -0.51579 -0.00534162 27848.6 0.00034743 1 -0.0543831 -0.153924 0.05 57780.3
0 3827 5 phononL 0.00173849 0.0824772 -1.11223 -0.0445256 24284.7 0.00069486 1 -0.0617757 -0.149172 0.05 24880.6
0 3945 3 phononL 0.00151052 -3.97526 -2.85502 -0.0200035 416.346 0.00034743 1 0.025267 -0.243921 0.05 85344.2
0 3945 2 phononL 0.00248948 -3.97526 -2.85502 -0.0200035 416.346 0.00034743 1 0.0912461 -0.149948 0.05 23529.6
0 3966 3 phononTS 0.00149685 -4.34436 -2.73778 -0.0392413 7971.71 0.00069486 1 0.0373563 -0.232138 0.05 81027.3
0 4125 4 phononTF 0.000791759 -3.28895 -3.14063 -0.026744 18411.9 0.00069486 1 0.0393891 -0.133509 0.05 37568.4
0 4133 2 phononTF 0.000824432 -4.2918 -3.03656 -0.0403746 3021.84 0.00034743 1 0.0526913 -0.211116 0.05 61911.7
0 4148 2 phononTS 0.00145238 -2.67093 -2.49512 -0.0048941 10477.3 0.00069486 1 -0.0313531 -0.278874 0.05 51398.7
0 4168 4 phononTS 0.0013302 -2.07802 -0.782868 -0.0466665 68198 0.00034743 1 0.0948139 -0.133453 0.05 109150
0 4175 3 phononL 0.00237851 -4.02475 -3.88812 0.0386367 2998.69 0.00069486 1 -0.0870851 -0.198683 0.05 18149
0 4178 2 phononTS 0.00135459 -4.76738 -1.28512 0.0118995 3798.31 0.00069486 1 0.0954238 -0.16793 0.05 29380.4
0 4179 2 phononTS 0.00248807 1.56178 -1.13071 0.0279626 18819.1 0.00069486 1 -0.0913075 -0.262819 0.05 59942.9
0 4179 8 phononTS 0.000374676 -0.0913075 -0.262819 0.049999 59942.9 0.00034743 1 -0.058852 -0.27821 0.05 60005.1
0 4182 5 phononTF 0.00186529 -3.7207 -4.98873 0.0424468 6043.62 0.00104229 1 -0.0309965 -0.270417 0.05 28591.6
0 4202 3 phononTS 0.00135481 -3.25946 -3.98321 0.0148122 21577.7 0.00034743 1 0.0463987 -0.137332 0.05 29723.7
0 4210 4 phononTS 0.000613081 -1.767 -2.13768 0.0394592 24280.2 0.00034743 1 0.0803781 -0.189236 0.05 64367.2
0 4229 5 phononTF 0.00108644 1.80134 -1.12745 -0.0476651 10834.5 0.00034743 1 -0.0526016 -0.139608 0.05 21840.2
0 4253 3 phononTS 0.00172991 -4.14142 -3.47072 -0.0200926 456.473 0.00034743 1 0.0571043 -0.295453 0.05 14620.9
0 4281 2 phononTS 0.00135139 -4.39942 -0.866461 0.000461876 6014.77 0.00034743 1 0.0117818 -0.213829 0.05 31647
0 4283 5 phononL 0.00150862 -0.556606 0.141646 -0.00441268 17104.9 0.00069486 1 0.0260662 -0.164224 0.05 17687.3
0 4338 2 phononTF 0.00109114 -3.57051 -3.88856 -0.00803367 13931 0.00034743 1 -0.0849131 -0.214194 0.05 24228.4
0 4364 3 phononTS 0.00274784 -4.57088 -3.31144 -0.00159746 2024.1 0.00069486 1 -0.0459405 -0.266872 0.05 57492.9
0 4364 9 phononL 0.000822982 -0.0459405 -0.266872 0.049999 57492.9 0.00034743 1 -0.050907 -0.145334 0.05 57785.2
0 4416 3 phononTF 0.00205924 -4.47792 -2.28934 -0.0480012 6606.34 0.00069486 1 -0.0589723 -0.159978 0.05 12393.2
0 4417 3 phononTS 0.00189234 -3.55292 -3.14082 -0.0196257 988.661 0.00069486 1 -0.0898052 -0.24941 0.05 12820.6
0 4476 2 phononTS 0.00156237 -4.08016 -3.63897 -0.0181173 867.038 0.00069486 1 0.0160967 -0.202644 0.05 13704.9
0 4502 2 phononTS 0.00162876 -3.32339 -1.5726 -0.0331306 27736.8 0.00034743 1 0.0658076 -0.291951 0.05 78528
0 4505 3 phononTS 0.0011479 -3.90178 -2.50692 -0.014659 6317.07 0.00069486 1 -0.0539009 -0.129913 0.05 30225.9
0 4602 2 phononTS 0.00198088 -4.4909 -2.96111 0.0361933 5600.28 0.00104229 1 -0.0381644 -0.237669 0.05 16339.5
0 4602 11 phononTS 0.000387504 -0.0381644 -0.237669 0.049999 16339.5 0.00034743 1 -0.0769119 -0.249592 0.05 16514.6
0 4615 2 phononL 0.00128409 -4.00189 -3.04431 -0.0417994 1855.02 0.00034743 1 0.110491 -0.208227 0.05 33791.1
0 4624 3 phononTS 0.00210972 -3.75442 -4.01228 0.0138779 8056.59 0.00034743 1 0.0258427 -0.200993 0.05 18966.4
0 4634 3 phononTS 0.00111153 -3.37416 -3.73731 0.0253474 3628.62 0.00034743 1 -0.053097 -0.18612 0.05 32244.6
0 4664 2 phononTS 0.0015629 -4.65372 -2.96842 -0.0348105 2380.38 0.00069486 1 0.0377532 -0.145074 0.05 10968.2
0 4774 2 phononTF 0.00220981 -4.22643 -3.19421 0.0295115 52.1766 0.00034743 1 0.0319018 -0.107362 0.05 42870.8
0 4799 3 phononTS 0.00166977 -3.87181 -4.89402 0.0459897 12297.2 0.00034743 1 -0.0857154 -0.124492 0.05 28315.4
0 4852 4 phononTF 0.00115218 -3.52313 -4.82728 0.01254 19561.5 0.00034743 1 0.0467175 -0.163732 0.05 52825.9
0 4990 3 phononTF 0.00136832 -4.43384 -3.56545 0.0236997 3870.21 0.00034743 1 -0.0259083 -0.273054 0.05 30924
