Run ID,Event ID,Track ID,Particle Name,Start Energy [eV],Start X [mm],Start Y [mm],Start Z [mm],Start Time [ns],Energy Deposited [eV],Track Weight,End X [mm],End Y [mm],End Z [mm],Final Time [ns],Volume Name
0 36 3 phononTS 0.00257822 0.892654 3.3628 -0.0329859 2008.66 0.00034743 1 0.0836729 -0.209215 0.05 19253.2
0 36 4 phononTF 0.00193462 0.0836729 -0.209215 0.049999 19253.2 0.00069486 1 0.0482832 -0.174574 0.05 19782.5
0 129 2 phononTF 0.00248613 0.0113362 4.0821 -0.0355553 14813.2 0.00104229 1 -0.0682915 -0.186644 0.05 33157.2
0 170 3 phononTS 0.00187187 2.08721 2.15813 -0.00364286 21181.1 0.00034743 1 -0.0770373 -0.196683 0.05 53729.5
0 170 5 phononTF 0.000376845 -0.0770373 -0.196683 0.049999 53729.5 0.00034743 1 -0.0895383 -0.248251 0.05 54214.8
0 226 5 phononTS 0.00170283 -0.113035 2.68867 -0.0271586 9219.68 0.00034743 1 -0.0629171 -0.294626 0.05 30926.4
0 228 2 phononTF 0.0024539 0.731771 3.80634 0.00542704 1314.05 0.00069486 1 0.0901191 -0.233386 0.05 11208
0 228 9 phononTS 0.00124957 0.0901191 -0.233386 0.049998 11208 0.00069486 1 0.104202 -0.171142 0.05 11401.7
0 281 3 phononTF 0.00253252 -0.0667195 3.6932 0.00323657 5997.49 0.00034743 1 0.0813067 -0.116741 0.05 32878.9
0 281 5 phononTS 0.000370533 0.0813067 -0.116741 0.049999 32878.9 0.00034743 1 -0.105617 -0.254469 0.05 75922.8
0 323 2 phononTS 0.00261731 0.109051 2.35154 -0.0220835 8067.55 0.00069486 1 -0.103599 -0.242867 0.05 17014.2
0 323 7 phononL 0.000391327 -0.103599 -0.242867 0.049999 17014.2 0.00034743 1 -0.0846195 -0.248783 0.05 18618.2
0 351 2 phononTS 0.00151159 1.86 3.27 -0.0449974 1431.05 0.00034743 1 -0.086271 -0.196472 0.05 59792
0 367 3 phononTS 0.00241082 -1.09391 3.93768 -0.0119486 10474.9 0.00034743 1 0.0267255 -0.11889 0.05 25058.8
0 440 2 phononTS 0.000604363 2.22906 3.64311 -0.00668568 8356.03 0.00034743 1 -0.0902282 -0.250849 0.05 82698.5
0 446 5 phononTF 0.00163961 0.990607 3.99131 0.0304241 1645.04 0.00069486 1 0.0676662 -0.211803 0.05 32299.1
0 492 3 phononTS 0.00218534 1.34508 3.7592 -0.0494713 185.317 0.00034743 1 -0.0243442 -0.137207 0.05 32176.3
0 512 3 phononTS 0.000993337 0.554625 4.11091 -0.0169907 3883.04 0.00034743 1 -0.0567732 -0.106859 0.05 109359
0 527 3 phononTS 0.00270121 1.94333 2.47578 -0.00458317 9884.23 0.00034743 1 -0.0566931 -0.196745 0.05 55239.6
0 527 6 phononTF 0.00177917 -0.0566931 -0.196745 0.049998 55239.6 0.00034743 1 -0.0757378 -0.26188 0.05 55366.6
0 540 2 phononTS 0.00164589 0.812191 2.86611 0.0191967 6504.57 0.00034743 1 0.0726824 -0.156391 0.05 39671.6
0 540 4 phononTS 0.00081129 0.0726824 -0.156391 0.049998 39671.6 0.00034743 1 0.0783625 -0.179397 0.05 39731.4
0 622 3 phononTF 0.00254116 0.691131 3.58331 -0.00357447 11650.2 0.00034743 1 -0.059185 -0.236349 0.05 37173.2
0 622 6 phononTF 0.000512693 -0.059185 -0.236349 0.049999 37173.2 0.00034743 1 -0.0636213 -0.197801 0.05 37529.8
0 622 4 phononTS 0.000764051 -0.059185 -0.236349 0.049999 37173.2 0.00034743 1 -0.111076 -0.220191 0.05 37240.5
0 644 3 phononTS 0.00224169 -0.415187 2.07612 0.013814 9751.36 0.00034743 1 0.0778773 -0.218501 0.05 16553.3
0 644 5 phononTS 0.000446683 0.0778773 -0.218501 0.049999 16553.3 0.00034743 1 0.112891 -0.198498 0.05 16615.9
0 644 4 phononTF 0.000718128 0.0778773 -0.218501 0.049999 16553.3 0.00034743 1 -0.0231798 -0.178161 0.05 16676
0 655 3 phononTF 0.00248952 0.770487 2.24639 -0.0335536 5949.81 0.00034743 1 -0.0777718 -0.204565 0.05 9761.02
0 655 2 phononTF 0.00151048 0.770487 2.24639 -0.0335536 5949.81 0.00034743 1 -0.0671481 -0.288048 0.05 18540.4
0 655 11 phononTF 0.00065318 -0.0671481 -0.288048 0.049999 18540.4 0.00034743 1 -0.0622264 -0.136166 0.05 18612.4
0 695 5 phononTS 0.00184709 -0.610443 1.91389 -0.0182807 17229.8 0.00034743 1 0.0463009 -0.269555 0.05 35163.8
0 699 2 phononTS 0.00192587 2.2615 3.06867 0.00298957 2408.45 0.00104229 1 0.0341288 -0.147581 0.05 47363.7
0 716 3 phononTS 0.00139091 3.83403 4.03756 0.0098242 12209.4 0.00069486 1 0.0827037 -0.264775 0.05 94468.9
0 716 4 phononTF 0.000498649 0.0827037 -0.264775 0.049999 94468.9 0.00034743 1 0.0795362 -0.262754 0.05 94544.8
0 743 2 phononTS 0.00189636 0.195637 3.98777 0.0164173 6917.77 0.00069486 1 -0.0689777 -0.236984 0.05 15977.3
0 776 2 phononTS 0.0017209 1.48323 3.40253 0.0105944 301.01 0.00069486 1 0.0176632 -0.154605 0.05 19656.9
0 777 4 phononTF 0.00102808 3.28268 3.53277 -0.0201565 20170.8 0.00034743 1 0.105267 -0.209359 0.05 105455
0 788 4 phononTS 0.00137619 -4.20056 -0.0309699 -0.0340003 83130.8 0.00034743 1 -0.0454738 -0.144298 0.05 129230
0 788 7 phononTS 0.00061518 -0.0454738 -0.144298 0.049999 129230 0.00034743 1 -0.103621 -0.177362 0.05 129301
0 802 5 phononTS 0.00143494 -1.38094 4.78912 0.00895032 28030.3 0.00034743 1 -0.0976428 -0.157363 0.05 53145.4
0 802 6 phononTF 0.000820027 -0.0976428 -0.157363 0.049998 53145.4 0.00034743 1 0.0121983 -0.204496 0.05 53290.4
0 803 4 phononTS 0.000940872 0.181461 -1.37791 -0.0423195 103456 0.00034743 1 -0.0277259 -0.253183 0.05 149535
0 820 3 phononL 0.00192524 1.35805 4.06826 -0.0338995 1593.45 0.00034743 1 0.0950583 -0.231609 0.05 14772.7
0 843 5 phononL 0.000844092 0.973154 1.16056 0.0316504 48445.4 0.00069486 1 0.0604237 -0.207519 0.05 201909
0 870 3 phononTS 0.0018687 -0.639876 0.801217 0.0179695 14034.5 0.00034743 1 0.0685 -0.110624 0.05 20872.2
0 879 2 phononTF 0.00245428 1.05148 3.78091 -0.00441187 1873.15 0.00034743 1 0.0767729 -0.228738 0.05 13505.2
0 949 2 phononTF 0.00144403 -1.48696 2.39569 -0.00888959 19037.3 0.00069486 1 0.100689 -0.255104 0.05 64845.2
0 1005 2 phononTS 0.00222391 0.183004 1.57041 -0.0101441 9283.12 0.00034743 1 0.0179968 -0.246391 0.05 31594.3
0 1005 6 phononTS 0.000416421 0.0179968 -0.246391 0.049999 31594.3 0.00034743 1 0.10804 -0.17915 0.05 31751
0 1005 4 phononTF 0.00071966 0.0179968 -0.246391 0.049999 31594.3 0.00034743 1 -0.0977262 -0.245904 0.05 31659.3
0 1039 5 phononTF 0.00132395 0.0614566 -0.207856 0.00793509 12242.4 0.00034743 1 -0.0370726 -0.189697 0.05 12274.3
0 1053 3 phononTF 0.00151093 -0.073091 2.07519 0.0398576 9077.7 0.00034743 1 -0.0580485 -0.27662 0.05 109840
0 1063 3 phononTS 0.00138134 1.70171 3.45832 0.0408596 697.565 0.00034743 1 0.0558709 -0.189972 0.05 38989.7
0 1078 4 phononL 0.00178795 0.0100122 3.2557 -0.0202861 5797.85 0.00034743 1 -0.0452603 -0.268182 0.05 49737
0 1080 3 phononTS 0.00275916 2.89283 2.75895 -0.0479401 12617.8 0.00069486 1 -0.0803138 -0.251994 0.05 41711.4
0 1088 2 phononTF 0.00182234 1.37765 3.02098 -0.0383125 3118.05 0.00034743 1 -0.0915019 -0.254319 0.05 25474.2
0 1092 2 phononTF 0.00137421 0.839763 3.54458 -0.0275809 1071.37 0.00034743 1 0.0825772 -0.142058 0.05 41956
0 1099 3 phononTS 0.0027706 1.95352 3.00966 0.0259249 1898.47 0.00069486 1 0.0726129 -0.260144 0.05 32520.5
0 1099 4 phononTS 0.00162408 0.0726129 -0.260144 0.049999 32520.5 0.00034743 1 0.056948 -0.238765 0.05 45292.3
0 1112 3 phononL 0.00194897 1.75902 4.37271 0.0085991 5014.96 0.00104229 1 -0.0218457 -0.197105 0.05 43495.6
0 1149 2 phononTS 0.00200772 1.19772 4.78196 0.0458367 8887.22 0.00034743 1 0.109617 -0.200961 0.05 22002
0 1151 2 phononTF 0.00273362 1.5644 3.43129 0.0499554 952.141 0.00138972 1 -0.0201728 -0.149574 0.05 43410.7
0 1154 2 phononTS 0.00234314 1.9881 1.84093 0.0283851 9743.65 0.00034743 1 -0.0704334 -0.155504 0.05 66753.3
0 1189 2 phononL 0.00155928 1.76792 3.50087 0.0294367 4392.19 0.00034743 1 0.035415 -0.238427 0.05 55071.7
0 1189 7 phononTS 0.00110715 0.035415 -0.238427 0.049998 55071.7 0.00034743 1 -0.0108183 -0.195204 0.05 55138.9
0 1219 4 phononTS 0.00149398 0.748792 3.95058 0.0327367 1886.23 0.00034743 1 -0.0337071 -0.230163 0.05 10738.5
0 1219 6 phononTS 0.000731733 -0.0337071 -0.230163 0.049999 10738.5 0.00034743 1 -0.0298248 -0.215832 0.05 10801.4
0 1235 3 phononTS 0.00170362 1.39189 4.53931 -0.0223179 6202.05 0.00034743 1 0.106799 -0.159886 0.05 24829.4
0 1238 2 phononTF 0.00207853 -0.287672 0.548009 0.0471789 11001.5 0.00034743 1 0.0426382 -0.298545 0.05 14438.7
0 1241 3 phononTS 0.00280375 4.29518 4.52714 -0.0224978 7669.81 0.00069486 1 -0.057525 -0.149141 0.05 26008.9
0 1241 4 phononTS 0.000873721 -0.057525 -0.149141 0.049999 26008.9 0.00034743 1 0.0357049 -0.104739 0.05 26264.3
0 1242 3 phononTS 0.00179367 -0.0392703 2.12152 0.00210589 5837.86 0.00034743 1 -0.070513 -0.192932 0.05 7776.77
0 1246 3 phononTS 0.00299297 1.38076 4.31012 -0.0115313 3322.22 0.00104229 1 0.0710334 -0.25193 0.05 20589.2
0 1246 5 phononTS 0.000567209 0.0710334 -0.25193 0.049999 20589.2 0.00034743 1 -0.0711322 -0.225539 0.05 21148.8
0 1258 7 phononTF 0.000783036 4.15188 4.44839 -0.0340705 17843.2 0.00034743 1 0.0403397 -0.210571 0.05 65639.3
0 1258 6 phononL 0.00063404 4.15188 4.44839 -0.0340705 17843.2 0.00034743 1 0.0906552 -0.238151 0.05 105048
0 1369 3 phononTS 0.00153275 0.0172843 3.88331 -0.0171742 6085.3 0.00034743 1 0.0817026 -0.190074 0.05 83432.5
0 1378 3 phononTS 0.00233244 1.663 3.59174 0.0462819 1180.96 0.00034743 1 -0.0716239 -0.284812 0.05 11695.3
0 1378 4 phononTF 0.00161678 -0.0716239 -0.284812 0.049999 11695.3 0.00034743 1 -0.107647 -0.170556 0.05 11979
0 1412 3 phononTS 0.00130609 1.15896 4.10614 -0.0269831 1263.99 0.00034743 1 0.10126 -0.261663 0.05 22043.9
0 1412 12 phononTS 0.00171446 1.09038 0.69915 -0.00915724 19732 0.00034743 1 0.0714935 -0.142095 0.05 24363.3
0 1474 5 phononTS 0.000806857 2.28472 3.7398 -0.036885 10443.7 0.00034743 1 0.0342135 -0.184895 0.05 95350.7
0 1529 3 phononTF 0.00248681 1.50944 3.91019 -0.019062 1428.19 0.00104229 1 -0.0617743 -0.159991 0.05 24739.2
0 1551 5 phononL 0.00193818 0.369542 4.18982 0.0183374 12183.2 0.00034743 1 0.0665804 -0.106903 0.05 13467.2
0 1562 4 phononL 0.00118507 3.07372 2.23167 -0.0241676 84195.9 0.00034743 1 -0.0295773 -0.294098 0.05 114301
0 1573 3 phononTF 0.00225096 2.6211 4.44504 -0.000382178 12776.8 0.00034743 1 0.0242654 -0.273348 0.05 60209.7
0 1606 3 phononTF 0.0016319 1.46034 3.46431 0.0109104 5696.67 0.00069486 1 0.078479 -0.168399 0.05 44436
0 1631 2 phononTF 0.00138121 1.4822 3.79911 0.00172694 3127.94 0.00034743 1 0.112968 -0.202071 0.05 28604.1
0 1631 4 phononTS 0.000750175 0.112968 -0.202071 0.049999 28604.1 0.00034743 1 0.0552069 -0.193027 0.05 29209.6
0 1659 4 phononTS 0.000808217 4.26729 2.71428 0.00263579 12152.2 0.00034743 1 -0.101684 -0.235231 0.05 27429.5
0 1659 8 phononTS 0.000433624 -0.101684 -0.235231 0.049998 27429.5 0.00034743 1 0.0103222 -0.202667 0.05 27710.6
0 1695 2 phononTS 0.00158686 0.8566 3.99945 0.00890897 712.167 0.00034743 1 -0.07329 -0.189346 0.05 19273.3
0 1698 2 phononTF 0.00203195 -0.0923976 4.74923 0.0238759 13004.7 0.00034743 1 0.0859105 -0.125782 0.05 86361.2
0 1718 5 phononTF 0.00098985 2.30548 1.82882 -0.0188882 37610.8 0.00034743 1 -0.0924335 -0.196445 0.05 143558
0 1730 3 phononTF 0.00225111 3.71792 1.12604 -0.00557371 16496.2 0.00069486 1 0.0400448 -0.10992 0.05 67573.5
0 1738 3 phononTS 0.00271005 0.618734 2.9658 -0.0109889 1795.82 0.00069486 1 -0.0203972 -0.213817 0.05 31431.6
0 1738 5 phononTF 0.00108163 -0.0203972 -0.213817 0.049999 31431.6 0.00034743 1 -0.09827 -0.19239 0.05 31813.9
0 1760 4 phononL 0.0012323 4.34354 2.16761 -0.0272334 61381.9 0.00034743 1 0.058704 -0.187027 0.05 80027.6
0 1760 8 phononTF 0.00040611 0.058704 -0.187027 0.049999 80027.6 0.00034743 1 0.0479627 -0.234407 0.05 80585.4
0 1804 2 phononTS 0.0022244 2.8096 1.99178 0.0467562 15822.9 0.00069486 1 0.069557 -0.168662 0.05 19762.7
0 1806 3 phononTS 0.00166413 0.124212 3.57374 0.00371077 3034.07 0.00069486 1 0.0167496 -0.15722 0.05 65219.8
0 1806 5 phononTF 0.000927795 0.0167496 -0.15722 0.049999 65219.8 0.00034743 1 0.0775216 -0.239671 0.05 65291.1
0 1816 3 phononTF 0.00192123 2.9283 4.4536 -0.0288127 11059.5 0.00069486 1 0.112191 -0.204274 0.05 26361.6
0 1851 4 phononTF 0.00194908 -1.35666 2.19505 0.0156125 24461.4 0.00034743 1 0.0405774 -0.219542 0.05 29081.7
0 1867 3 phononL 0.00203031 3.1847 2.91987 0.0377301 19148.3 0.00034743 1 0.0694299 -0.198649 0.05 23211.8
0 1890 5 phononTS 0.000849073 1.6326 1.22606 0.0170326 12113.3 0.00034743 1 0.112329 -0.207899 0.05 62706.8
0 1890 8 phononTS 0.000381787 0.112329 -0.207899 0.049999 62706.8 0.00034743 1 -0.0525341 -0.128906 0.05 62886.8
0 1932 5 phononTF 0.00215731 -0.897527 0.247663 -0.00866487 16243 0.00034743 1 -0.0352579 -0.299994 0.05 16896.4
0 1980 2 phononTS 0.00192173 1.40269 3.28239 0.0332264 2798.06 0.00069486 1 -0.0891668 -0.180085 0.05 20995.6
0 1980 5 phononL 0.000729635 -0.0891668 -0.180085 0.049999 20995.6 0.00034743 1 0.0359083 -0.113276 0.05 21114.2
0 1982 2 phononTS 0.00165241 1.20851 3.74919 0.0293111 9.64527 0.00034743 1 -0.0214428 -0.230302 0.05 49876.8
0 1982 4 phononTF 0.000628579 -0.0214428 -0.230302 0.049999 49876.8 0.00034743 1 -0.0607935 -0.134036 0.05 49946.3
0 1998 3 phononTS 0.00228731 1.75678 3.72737 0.0402314 10019.7 0.00069486 1 0.0845766 -0.266023 0.05 73162.7
0 1998 5 phononTS 0.000553914 0.0845766 -0.266023 0.049999 73162.7 0.00034743 1 -0.0685341 -0.292344 0.05 73343.9
0 2000 2 phononTS 0.00218522 2.76913 4.10005 0.0473314 3192.74 0.00104229 1 0.117244 -0.18695 0.05 18454.8
0 2009 3 phononTF 0.00202017 2.52638 2.9069 -0.0124338 3498.76 0.00034743 1 0.0808847 -0.276525 0.05 13014
0 2025 2 phononL 0.00101791 0.309864 3.66426 -0.024402 1256.49 0.00034743 1 -0.103374 -0.196733 0.05 72863.2
0 2102 2 phononTF 0.0014626 2.86654 2.89156 0.0180258 25671.2 0.00034743 1 0.0334512 -0.261229 0.05 35362.4
0 2102 6 phononTS 0.00086556 0.0334512 -0.261229 0.049999 35362.4 0.00034743 1 0.0597425 -0.296689 0.05 35425.1
0 2112 5 phononTS 0.00121821 3.79981 1.13692 0.0182929 31211.6 0.00069486 1 -0.0728373 -0.249956 0.05 96678
0 2167 3 phononTF 0.00254075 1.97921 4.41057 0.0346414 2312.6 0.00034743 1 0.0479962 -0.120999 0.05 12032.1
0 2294 2 phononL 0.001497 0.406745 3.58473 -0.040509 1607.04 0.00034743 1 -0.0233262 -0.225324 0.05 17302.3
0 2294 6 phononTF 0.000731436 -0.0233262 -0.225324 0.049999 17302.3 0.00034743 1 0.100596 -0.257376 0.05 17433.3
0 2298 2 phononTS 0.00264133 1.70113 3.66956 0.0239336 1839.58 0.00034743 1 -0.0391499 -0.18312 0.05 128255
0 2298 6 phononTF 0.000418108 -0.0391499 -0.18312 0.049999 128255 0.00034743 1 -0.0598151 -0.106117 0.05 128317
0 2298 5 phononTS 0.000544259 -0.0391499 -0.18312 0.049999 128255 0.00034743 1 -0.0267565 -0.119778 0.05 128726
0 2321 3 phononTF 0.0028239 1.41026 3.98114 -0.0190121 62.3677 0.00104229 1 0.0203851 -0.165164 0.05 22048.5
0 2375 2 phononTS 0.00221239 1.54842 4.58671 0.0172196 6417.79 0.00034743 1 0.0195474 -0.244183 0.05 33268.3
0 2375 4 phononTS 0.000568216 0.0195474 -0.244183 0.049999 33268.3 0.00034743 1 0.027317 -0.283811 0.05 33555.8
0 2379 3 phononTF 0.00256899 1.08053 3.89265 -0.02133 1844.09 0.00104229 1 0.0693621 -0.116854 0.05 26432.1
0 2428 2 phononTS 0.00187689 1.38479 3.78041 0.006861 6939.55 0.00034743 1 -0.0942733 -0.166702 0.05 33929.3
0 2439 5 phononTF 0.000720556 4.06106 4.42694 0.0141 20115.8 0.00034743 1 0.0932121 -0.136119 0.05 73975.2
0 2440 2 phononTS 0.00279947 -0.422803 3.30905 -0.0242288 12416.4 0.00034743 1 0.033384 -0.155541 0.05 31362.6
0 2440 5 phononTS 0.00114688 0.033384 -0.155541 0.049999 31362.6 0.00034743 1 0.0841901 -0.198688 0.05 31931.2
0 2440 15 phononTF 0.00036881 0.0841901 -0.198688 0.049999 31931.2 0.00034743 1 0.022549 -0.257996 0.05 31998.3
0 2440 4 phononTS 0.000451315 0.033384 -0.155541 0.049999 31362.6 0.00034743 1 0.102776 -0.219394 0.05 31439.8
0 2448 4 phononTF 0.00113568 2.62817 1.60095 -0.0357959 16410.3 0.00034743 1 0.0252393 -0.2039 0.05 29047.4
0 2462 2 phononL 0.00179277 1.94351 4.59569 -0.0469454 4132.37 0.00034743 1 -0.042391 -0.239843 0.05 59139.2
0 2475 3 phononTF 0.00211666 0.929506 4.10411 0.0241374 9972.45 0.00104229 1 -0.078817 -0.252011 0.05 38409.9
0 2549 3 phononL 0.00136188 1.30417 4.25815 -0.00823535 12645.1 0.00034743 1 0.0257764 -0.258463 0.05 18128.4
0 2561 2 phononL 0.00137839 0.99356 3.52591 -0.0219119 113.905 0.00069486 1 0.0966855 -0.263071 0.05 7506.1
0 2572 3 phononL 0.00160955 1.25142 3.75434 0.00561774 1.35793 0.00034743 1 -0.0500594 -0.186029 0.05 16353.7
0 2583 2 phononTS 0.00271529 -0.462397 0.020822 0.0096849 13627.9 0.00104229 1 0.0389577 -0.176858 0.05 20071.8
0 2583 4 phononTF 0.00106282 0.0389577 -0.176858 0.049999 20071.8 0.00034743 1 -0.101652 -0.180806 0.05 20157.9
0 2588 3 phononTF 0.00250341 -0.0371956 1.86045 0.0355482 5157.98 0.00034743 1 0.114323 -0.178171 0.05 9140.77
0 2588 7 phononTF 0.000790967 0.114323 -0.178171 0.049999 9140.77 0.00034743 1 0.0307367 -0.125083 0.05 15955.8
0 2588 4 phononL 0.00107659 0.114323 -0.178171 0.049999 9140.77 0.00069486 1 0.117479 -0.182786 0.05 10113.5
0 2599 3 phononTS 0.00192288 0.870173 3.43635 0.00728179 3009.59 0.00034743 1 -0.0867661 -0.233635 0.05 68946.2
0 2599 2 phononTF 0.00207712 0.870173 3.43635 0.00728179 3009.59 0.00069486 1 0.0209545 -0.190491 0.05 31912.5
0 2640 2 phononTS 0.00172647 1.15901 3.6927 -0.0328252 21.2157 0.00034743 1 -0.0317748 -0.160665 0.05 11543.8
0 2664 7 phononTS 0.000622157 0.695939 0.0513727 0.0230785 78967 0.00034743 1 -0.040196 -0.10136 0.05 102301
0 2681 2 phononTS 0.00175129 1.1759 3.65996 -0.0375646 53.7064 0.00034743 1 -0.0350376 -0.108794 0.05 7153.08
0 2681 5 phononTS 0.00130998 -0.0350376 -0.108794 0.049999 7153.08 0.00034743 1 -0.0730326 -0.17192 0.05 7223.98
0 2736 3 phononL 0.00100886 1.87286 3.22582 -0.0327747 3659.49 0.00034743 1 -0.103524 -0.17901 0.05 11886.2
0 2781 3 phononTS 0.00175175 1.89727 3.53426 -0.0290113 435.761 0.00069486 1 0.0492809 -0.259741 0.05 33231.9
0 2781 8 phononTS 0.000505322 0.0492809 -0.259741 0.049999 33231.9 0.00034743 1 0.0516141 -0.10048 0.05 33754.1
0 2787 4 phononTS 0.000426931 -3.53212 -2.20932 0.00406949 91410.9 0.00034743 1 -0.081755 -0.183052 0.05 132893
0 2790 7 phononTS 0.00146856 4.16465 1.07622 0.000994556 27533.3 0.00069486 1 0.053536 -0.103392 0.05 54989.9
0 2808 5 phononTF 0.00208677 0.796914 4.66135 0.0086399 22181.6 0.00034743 1 0.0138179 -0.176595 0.05 71871.5
0 2840 5 phononL 0.00115364 1.81065 2.94351 -0.000943337 31183.6 0.00069486 1 0.0523153 -0.124767 0.05 52510.2
0 2864 3 phononTS 0.0024788 1.81915 3.95598 0.0137377 998.226 0.00104229 1 0.058263 -0.103184 0.05 70571.5
0 2864 13 phononTF 0.000438355 0.058263 -0.103184 0.049999 70571.5 0.00034743 1 0.0218237 -0.145333 0.05 70632.2
0 2864 6 phononTS 0.000404883 0.058263 -0.103184 0.049999 70571.5 0.00034743 1 0.0417998 -0.119306 0.05 70879.7
0 2908 5 phononL 0.00165389 3.86697 4.30391 0.044044 22481 0.00069486 1 0.0419136 -0.240131 0.05 34885.6
0 2920 2 phononTF 0.00143857 -2.75697 4.01588 -0.0345661 13340.7 0.00034743 1 -0.0621183 -0.137144 0.05 24782.7
0 2920 5 phononTF 0.000592622 -0.0621183 -0.137144 0.049999 24782.7 0.00034743 1 -0.0368788 -0.178084 0.05 24855.4
0 2941 2 phononTF 0.00176575 0.214541 3.78822 0.0308648 700.906 0.00069486 1 -0.0269242 -0.188672 0.05 13671.9
0 2941 9 phononTS 0.000470598 -0.0269242 -0.188672 0.049999 13671.9 0.00034743 1 -0.103671 -0.186994 0.05 14533.4
0 2942 2 phononTF 0.00269103 1.23897 3.74674 -0.0117007 20.3861 0.00069486 1 0.0511513 -0.239972 0.05 33130.8
0 2994 3 phononTF 0.0019314 1.12429 3.44514 0.0421066 612.251 0.00069486 1 0.118859 -0.21579 0.05 41518.9
0 2994 8 phononTF 0.000499293 0.118859 -0.21579 0.049999 41518.9 0.00034743 1 -0.0810457 -0.230587 0.05 45584.4
0 3001 3 phononTS 0.00217552 1.18116 3.68387 -0.0223629 778.992 0.00069486 1 0.0275972 -0.271971 0.05 41088.8
0 3073 3 phononTS 0.00184557 1.70148 3.73922 0.00994854 961.532 0.00034743 1 -0.0457435 -0.293687 0.05 15588.1
0 3073 6 phononTF 0.000484473 -0.0457435 -0.293687 0.049999 15588.1 0.00034743 1 -0.0607512 -0.228053 0.05 16113.8
0 3103 4 phononTF 0.00145149 0.632624 4.10064 -0.0114499 932.244 0.00069486 1 -0.048718 -0.181817 0.05 11987.4
0 3103 12 phononL 0.000415023 -0.048718 -0.181817 0.049999 11987.4 0.00034743 1 -0.119255 -0.201548 0.05 12103.7
0 3116 2 phononTF 0.00255047 1.50819 4.17505 -0.0341341 688.88 0.00034743 1 -0.0704179 -0.204681 0.05 31246.5
0 3116 4 phononTS 0.000555862 -0.0704179 -0.204681 0.049999 31246.5 0.00034743 1 -0.08404 -0.205186 0.05 31304.1
0 3134 2 phononTF 0.00259548 0.57172 3.35047 -0.000132353 6091.42 0.00034743 1 -0.031833 -0.28096 0.05 28835.1
0 3170 2 phononTF 0.00202058 1.60351 2.46606 -0.0154968 8581.18 0.00104229 1 0.030066 -0.183983 0.05 26304.2
0 3185 5 phononL 0.00133949 1.18135 3.2589 -0.0324841 35719.5 0.00034743 1 -0.0229452 -0.212757 0.05 82876.2
0 3199 3 phononTS 0.00219937 1.52474 4.6955 0.00744064 5170.89 0.00138972 1 -0.0486423 -0.107729 0.05 34343
0 3217 5 phononTF 0.00155433 3.70851 3.68927 0.0455064 42587.5 0.00104229 1 -0.0214301 -0.135492 0.05 52214.8
0 3243 3 phononTS 0.00280244 0.20045 3.12235 -0.0272352 4206.1 0.00034743 1 0.0340232 -0.249059 0.05 59393.8
0 3243 7 phononTS 0.00118396 0.0340232 -0.249059 0.049999 59393.8 0.00069486 1 -0.0333589 -0.269752 0.05 59519.8
0 3243 6 phononL 0.00119994 0.0340232 -0.249059 0.049999 59393.8 0.00069486 1 -0.0776489 -0.121729 0.05 160501
0 3254 2 phononTS 0.00167883 2.39718 3.48816 -0.00552509 1710.92 0.00069486 1 -0.0860371 -0.278037 0.05 11016.5
0 3325 3 phononTS 0.0022389 0.797931 3.09823 -0.0320971 10776.7 0.00069486 1 0.020628 -0.13738 0.05 20953.9
0 3353 2 phononL 0.00195564 0.803201 3.13915 0.00213653 1135.13 0.00104229 1 -0.0324843 -0.293752 0.05 13449.6
0 3357 4 phononL 0.00148337 1.94749 4.14391 -0.0278962 16376.3 0.00034743 1 -0.088465 -0.272603 0.05 33500.3
0 3388 3 phononTS 0.00181043 0.644671 3.2153 -0.0435041 1246.16 0.00034743 1 0.0708795 -0.284727 0.05 47380.4
0 3432 4 phononTS 0.0010747 0.820949 0.927181 0.0452617 16553.6 0.00034743 1 0.077595 -0.24244 0.05 49280.6
0 3432 7 phononTS 0.000559168 0.077595 -0.24244 0.049999 49280.6 0.00034743 1 0.0753984 -0.118428 0.05 49975.3
0 3450 2 phononTF 0.00231612 2.63635 0.680255 -0.0221591 14557.7 0.00069486 1 -0.0687864 -0.256607 0.05 51696.1
0 3450 4 phononTF 0.000618162 -0.0687864 -0.256607 0.049999 51696.1 0.00034743 1 -0.0741343 -0.268829 0.05 51766.8
0 3481 4 phononTF 0.000610601 -1.57879 2.6419 -0.0018095 32831.9 0.00034743 1 0.033649 -0.220141 0.05 40074.9
0 3502 3 phononTS 0.00180897 0.526962 4.47004 0.00676156 2002.74 0.00034743 1 0.0954066 -0.268105 0.05 17273.2
0 3511 4 phononTS 0.00115818 -0.18553 -1.40931 -0.0370223 15785.8 0.00069486 1 -0.0452248 -0.0998868 0.05 16744.5
0 3545 2 phononL 0.00122178 1.00827 3.95992 -0.0330125 2411.78 0.00034743 1 -0.0303665 -0.238118 0.05 13597
0 3545 6 phononTS 0.000747136 -0.0303665 -0.238118 0.049999 13597 0.00034743 1 -0.0976166 -0.141389 0.05 13921.7
0 3561 4 phononTS 0.00139999 1.58058 4.76578 -0.0230529 4069.08 0.00034743 1 0.0730064 -0.157091 0.05 31402.1
0 3566 2 phononTS 0.00151719 1.18972 3.88211 -0.0311394 53.5518 0.00034743 1 -0.0789926 -0.123092 0.05 4921.04
0 3573 3 phononL 0.00161129 0.896272 4.77388 0.0433012 3554.23 0.00069486 1 -0.109355 -0.200469 0.05 40910.6
0 3575 2 phononTS 0.00190467 1.20128 3.93591 0.00921243 3524.88 0.00069486 1 -0.0326387 -0.179614 0.05 109054
0 3593 3 phononTS 0.00123552 1.24003 3.79305 0.0412282 11.2705 0.00069486 1 -0.0291407 -0.196597 0.05 21032.4
0 3629 2 phononTS 0.0027414 -0.701401 4.38106 0.0126385 24760.9 0.00104229 1 0.0304084 -0.293376 0.05 80054.5
0 3629 8 phononL 0.000993465 0.0304084 -0.293376 0.049999 80054.5 0.00034743 1 0.0812426 -0.139257 0.05 80171.4
0 3649 4 phononTS 0.000677645 -0.111483 1.10603 0.0342602 156776 0.00034743 1 0.0540556 -0.164793 0.05 226203
0 3658 2 phononL 0.00142553 0.604422 3.33366 0.0450843 11346.7 0.00069486 1 0.0484664 -0.257748 0.05 16165.5
0 3724 2 phononTF 0.00173723 1.75175 2.61947 -0.00491703 9277.19 0.00034743 1 0.050079 -0.108534 0.05 38692.4
0 3724 5 phononL 0.000509512 0.050079 -0.108534 0.049999 38692.4 0.00034743 1 0.0818117 -0.187021 0.05 38739
0 3747 3 phononTS 0.00163348 0.833694 3.64434 0.0134052 7115.14 0.00069486 1 -0.0353136 -0.211145 0.05 23151
0 3842 3 phononTF 0.00138586 1.09189 3.72033 0.049439 122.383 0.00034743 1 -0.0975589 -0.142763 0.05 4627.04
0 3855 5 phononTS 0.000872782 0.353455 4.20286 0.00135909 2751.88 0.00034743 1 0.0947538 -0.152883 0.05 66590.3
0 3872 2 phononL 0.00207868 2.51484 4.31448 -0.0300975 8598.37 0.00104229 1 -0.104098 -0.252349 0.05 18656.5
0 3878 5 phononTF 0.00118055 4.75245 2.44673 0.0380078 13870 0.00034743 1 0.0586367 -0.271565 0.05 33781.9
0 3905 2 phononTS 0.00132949 1.17346 4.3369 -0.0334353 2597.3 0.00034743 1 -0.040375 -0.104613 0.05 29671.7
0 3911 3 phononTS 0.00199583 1.57254 4.06688 -0.035732 2626.23 0.00034743 1 0.092684 -0.163353 0.05 51106.9
0 3946 4 phononTF 0.00142403 -0.51119 2.34267 -0.00301151 8117.06 0.00034743 1 0.0379363 -0.126508 0.05 118400
0 3948 3 phononTF 0.00233736 0.268897 4.89864 -0.0229902 4405.18 0.00034743 1 -0.0989412 -0.147015 0.05 20454.5
0 3958 4 phononTS 0.000923373 3.14851 2.26671 0.0114179 54079.9 0.00034743 1 0.0280772 -0.275984 0.05 63409.5
0 3968 2 phononTF 0.00118035 1.2612 3.59835 -0.00117908 5025.9 0.00034743 1 -0.113996 -0.220657 0.05 22911.1
0 4002 2 phononTF 0.00120472 0.990608 4.6647 -0.00627017 679.805 0.00034743 1 0.119187 -0.213607 0.05 9400.44
0 4090 3 phononTS 0.0024546 2.99006 3.95278 -0.0302963 4174.59 0.00034743 1 0.0463083 -0.150756 0.05 127891
0 4109 3 phononL 0.00156778 2.79694 2.66067 0.0432864 2190.08 0.00034743 1 0.10943 -0.214517 0.05 14141.2
0 4121 4 phononTS 0.00160931 0.918199 3.74089 0.0364686 8663.58 0.00034743 1 0.0721797 -0.166954 0.05 54927.1
0 4126 2 phononL 0.00183947 1.23678 3.94141 -0.0340557 169.147 0.00069486 1 -0.0880088 -0.266965 0.05 16237.5
0 4126 7 phononTS 0.00069847 -0.0880088 -0.266965 0.049999 16237.5 0.00034743 1 -0.0828889 -0.261105 0.05 16296
0 4126 4 phononTS 0.000396937 -0.0880088 -0.266965 0.049999 16237.5 0.00034743 1 0.108625 -0.170933 0.05 16348.3
0 4130 2 phononTS 0.00193712 0.645554 3.26227 0.00619794 3253.8 0.00034743 1 0.0742106 -0.233717 0.05 16758.7
0 4130 4 phononTF 0.0013181 0.0742106 -0.233717 0.049998 16758.7 0.00034743 1 0.109662 -0.17371 0.05 17576.9
0 4139 3 phononTS 0.00230146 1.2049 3.6663 0.00100578 18.4456 0.00104229 1 -0.0255547 -0.240584 0.05 1746.84
0 4145 7 phononTS 0.00115686 -0.526123 -3.01583 0.0360017 68630.2 0.00034743 1 -0.0862159 -0.220905 0.05 76510.1
0 4166 3 phononTS 0.00237852 1.16718 3.38895 0.0143456 503.452 0.00034743 1 0.0320992 -0.106816 0.05 53566.9
0 4166 5 phononTS 0.00100719 0.0320992 -0.106816 0.049999 53566.9 0.00034743 1 0.028679 -0.16198 0.05 53637.1
0 4167 6 phononTF 0.000676883 3.8629 0.549918 -0.00904938 55556.8 0.00034743 1 0.0817555 -0.212885 0.05 72268.6
0 4168 2 phononL 0.00169029 1.1534 3.85223 -0.0123531 95.3774 0.00034743 1 0.104782 -0.198496 0.05 7753.57
0 4193 3 phononL 0.00138211 -0.000874867 3.45998 -0.0125529 5368.53 0.00034743 1 -0.0215392 -0.212173 0.05 9804.44
0 4230 3 phononTS 0.00209853 1.12117 1.43622 0.025753 7080.76 0.00034743 1 0.0746074 -0.146993 0.05 29892.7
0 4280 2 phononTS 0.000465438 2.02175 4.37195 -0.00367336 2258.25 0.00034743 1 0.0441771 -0.103058 0.05 21651.4
0 4350 5 phononTF 0.00181042 -1.45676 3.95408 -0.00677546 2740.18 0.00034743 1 -0.0622678 -0.161178 0.05 66878.7
0 4362 2 phononTS 0.00256017 1.71556 3.69073 0.00999803 1314.27 0.00104229 1 -0.039955 -0.196709 0.05 96341
0 4364 3 phononL 0.00176243 2.73191 1.41717 -0.00714173 33999.3 0.00034743 1 -0.0599763 -0.232311 0.05 42676.9
0 4370 5 phononL 0.00204178 2.38291 4.36247 -0.0245538 6760.78 0.00034743 1 -0.0628039 -0.121628 0.05 13300.8
0 4370 7 phononTS 0.000941322 -0.0628039 -0.121628 0.049999 13300.8 0.00034743 1 -0.0365545 -0.202304 0.05 13441
0 4413 3 phononTS 0.000776363 1.32156 4.6177 -0.0344089 1406.92 0.00034743 1 -0.100069 -0.215766 0.05 11308.9
0 4430 2 phononL 0.00183794 1.43847 2.58113 0.0322482 10214.8 0.00069486 1 -0.0750957 -0.179679 0.05 15638.5
0 4435 2 phononTF 0.00203769 0.985551 4.07207 -0.0170328 1361.64 0.00069486 1 0.0522733 -0.134494 0.05 54735.7
0 4468 3 phononL 0.00242958 1.29342 3.01371 0.025689 5947.12 0.00069486 1 -0.0428625 -0.171088 0.05 41615.1
0 4526 3 phononTF 0.00184851 1.46881 3.4056 -0.0155788 628.145 0.00069486 1 0.0869375 -0.261159 0.05 15116.4
0 4529 3 phononL 0.00158734 0.512407 4.53312 0.027465 9231.49 0.00034743 1 -0.0498989 -0.278046 0.05 25411.5
0 4551 3 phononTS 0.00248547 2.06972 2.35663 -0.0135416 4142.95 0.00034743 1 -0.0460099 -0.178655 0.05 18961.3
0 4633 3 phononTS 0.00159011 1.76595 3.98834 0.0113207 2737.78 0.00069486 1 -0.0685125 -0.183649 0.05 32684
0 4661 2 phononTF 0.00217437 1.55139 3.9055 0.0341019 922.706 0.00034743 1 -0.0263231 -0.207216 0.05 16875.1
0 4661 7 phononTS 0.000351376 -0.0263231 -0.207216 0.049999 16875.1 0.00034743 1 -0.0570813 -0.277156 0.05 18145.6
0 4671 3 phononTS 0.00261813 2.85992 4.69541 -0.0287474 5570.45 0.00104229 1 -0.0971351 -0.25756 0.05 32235.9
0 4671 7 phononTF 0.000440965 -0.0971351 -0.25756 0.049999 32235.9 0.00034743 1 0.0635998 -0.249976 0.05 32556.1
0 4686 5 phononTS 0.00169912 1.10055 2.45859 0.0306315 13729.5 0.00034743 1 0.0373397 -0.260644 0.05 45814.4
0 4686 8 phononTS 0.00041498 0.0373397 -0.260644 0.049999 45814.4 0.00034743 1 -0.0139034 -0.170857 0.05 50154.1
0 4689 3 phononL 0.00301444 0.248723 2.25327 -0.0175299 7876.88 0.00034743 1 0.104766 -0.207291 0.05 19209.5
0 4715 3 phononTF 0.00153609 1.09992 2.94349 -0.0149011 16467 0.00069486 1 -0.0286383 -0.210591 0.05 19624
0 4715 8 phononTS 0.000522302 -0.0286383 -0.210591 0.049999 19624 0.00034743 1 0.0791331 -0.173503 0.05 19843.7
0 4721 4 phononTS 0.00176876 2.05616 -3.26495 -0.0406667 26285.1 0.00034743 1 -0.0542876 -0.249785 0.05 66379.3
0 4734 3 phononTF 0.00263503 0.997199 3.8032 0.0233503 3487.94 0.00069486 1 0.0354878 -0.196247 0.05 22130.9
0 4740 2 phononTF 0.00192956 1.9653 3.62647 0.0180312 7373.43 0.00104229 1 -0.0813021 -0.262827 0.05 23263.1
0 4771 2 phononTS 0.0025102 1.26385 3.53621 0.0317578 942.712 0.00069486 1 0.0165066 -0.230794 0.05 19126.8
0 4779 2 phononTS 0.00158408 1.80015 1.62557 -0.0281589 7605.02 0.00069486 1 0.0505478 -0.150361 0.05 22185.9
0 4814 2 phononTS 0.00205512 0.158499 4.1957 -0.0091653 6122.65 0.00069486 1 0.0729264 -0.150659 0.05 20340.9
0 4814 9 phononTS 0.000492879 0.0729264 -0.150659 0.049999 20340.9 0.00034743 1 0.0696156 -0.147272 0.05 20399.5
0 4821 2 phononTS 0.00219088 2.70974 3.35575 -0.000165436 2101.35 0.00034743 1 -0.0587756 -0.134143 0.05 100528
0 4821 5 phononTF 0.000437362 -0.0587756 -0.134143 0.049999 100528 0.00034743 1 0.0516455 -0.165274 0.05 100832
0 4853 2 phononTS 0.00191013 2.069 1.28202 -0.0300362 5071.52 0.00034743 1 0.0800325 -0.179059 0.05 32389.4
0 4888 4 phononTF 0.000931285 1.78094 3.25236 -0.0221607 11300.5 0.00034743 1 -0.0277576 -0.184411 0.05 86622.5
0 4936 2 phononTF 0.00184122 1.92514 3.87738 -0.0433254 1376.3 0.00104229 1 -0.0914541 -0.232953 0.05 45140
0 4951 5 phononTS 0.000827923 -4.00826 1.20815 -0.0230889 22577.8 0.00069486 1 -0.087234 -0.244976 0.05 33284.1
0 4963 3 phononTS 0.00187451 -0.133392 1.62715 -0.048423 11788.6 0.00069486 1 0.072376 -0.119947 0.05 67542.2
0 4968 2 phononTS 0.00192645 0.71357 3.89487 -0.0177023 3675.22 0.00104229 1 -0.0417135 -0.278215 0.05 17766.3
0 4984 2 phononTF 0.000997622 1.28256 3.76181 0.0381629 9.60524 0.00034743 1 -0.0543797 -0.292935 0.05 7561.67
