Run ID,Event ID,Track ID,Particle Name,Start Energy [eV],Start X [mm],Start Y [mm],Start Z [mm],Start Time [ns],Energy Deposited [eV],Track Weight,End X [mm],End Y [mm],End Z [mm],Final Time [ns],Volume Name
0 17 5 phononTF 0.00177402 -3.27194 -1.55058 -0.0331119 6241.07 0.00034743 1 0.0484238 -0.103541 0.05 14641.1
0 19 3 phononTF 0.00157407 -2.34187 0.301198 0.0302109 2339.77 0.00034743 1 -0.027878 -0.103224 0.05 24066.7
0 45 4 phononTS 0.000415365 -2.13076 0.0514981 0.049999 207.779 0.00034743 1 0.107189 -0.205465 0.05 25732.6
0 55 3 phononTF 0.00270964 -3.26036 0.569039 0.0031055 14852.1 0.00069486 1 -0.0875557 -0.142341 0.05 24566.6
0 55 9 phononL 0.000476138 -0.0875557 -0.142341 0.049999 24566.6 0.00034743 1 -0.0721676 -0.198861 0.05 25952.7
0 85 4 phononTS 0.000917592 -2.30231 0.0305794 0.049999 623 0.00034743 1 0.0678371 -0.291416 0.05 76967.9
0 86 5 phononTS 0.000450686 -2.21402 0.0117004 0.049999 328.658 0.00034743 1 -0.0356728 -0.179327 0.05 47291.6
0 118 4 phononL 0.00120946 4.85602 -2.51979 0.0498348 53545.4 0.00034743 1 -0.0878853 -0.224923 0.05 114475
0 209 5 phononTS 0.000499965 -1.45477 0.0395288 0.049999 1280.6 0.00034743 1 0.0577692 -0.275519 0.05 22490.4
0 221 3 phononTF 0.000887107 -2.55557 0.0699825 0.049999 2184.65 0.00034743 1 -0.096942 -0.212963 0.05 82801.2
0 221 5 phononTF 0.000447178 -0.096942 -0.212963 0.049999 82801.2 0.00034743 1 -0.070472 -0.252891 0.05 82860.7
0 249 2 phononTS 0.000863648 -1.69059 0.752372 -0.0411744 450.849 0.00069486 1 0.114929 -0.20223 0.05 1492.97
0 271 3 phononTS 0.00192321 -2.35575 0.234798 -0.0394655 1359.56 0.00069486 1 0.0466558 -0.220679 0.05 34348.4
0 278 3 phononTS 0.00229768 -1.98424 1.05539 0.0205531 2798.27 0.00034743 1 -0.0702926 -0.163762 0.05 29560.9
0 333 2 phononTF 0.00179913 -2.05077 0.473451 0.00305529 1207.34 0.00034743 1 -0.0720912 -0.26488 0.05 12033.6
0 333 7 phononL 0.000545016 -0.0720912 -0.26488 0.049998 12033.6 0.00034743 1 -0.0568603 -0.18647 0.05 12588.7
0 340 3 phononTS 0.00243518 -2.28847 -0.586236 -0.0421336 1534.7 0.00069486 1 0.051936 -0.269871 0.05 46320.5
0 378 3 phononTS 0.00186167 -1.60814 -0.0912487 0.0322151 3706.3 0.00069486 1 -0.0787987 -0.285647 0.05 53399.1
0 410 1 phononL 0.004 -2.25 0.25 0 0 0.00034743 1 0.0859883 -0.125346 0.05 2902.26
0 447 3 phononTS 0.000419112 -2.39169 0.0670469 0.049999 603.619 0.00034743 1 0.114423 -0.170421 0.05 26676.3
0 486 2 phononTS 0.00230602 -1.90998 0.472102 0.00838832 628.229 0.00034743 1 -0.0999216 -0.226709 0.05 13241.1
0 486 5 phononTF 0.00146432 -0.0999216 -0.226709 0.049999 13241.1 0.00034743 1 -0.120009 -0.207673 0.05 13388.5
0 486 4 phononTF 0.000460072 -0.0999216 -0.226709 0.049999 13241.1 0.00034743 1 -0.058337 -0.237165 0.05 13380.3
0 491 3 phononTS 0.0023233 -4.26693 2.08153 0.0253917 4365.14 0.00034743 1 -0.0866563 -0.224248 0.05 29889.2
0 505 2 phononTS 0.00223901 -0.7126 1.28626 -0.0331297 8041.55 0.00034743 1 0.0361029 -0.214799 0.05 28439.9
0 505 4 phononL 0.000570463 0.0361029 -0.214799 0.049998 28439.9 0.00034743 1 0.0307584 -0.108184 0.05 29825.3
0 509 5 phononTS 0.000557963 -2.17959 0.0447223 0.049999 268.456 0.00034743 1 -0.0371842 -0.181147 0.05 14358.5
0 534 3 phononTS 0.00269969 -2.29319 0.188314 0.00428501 14.3235 0.00034743 1 -0.0456954 -0.11297 0.05 54040.3
0 541 4 phononTS 0.000797309 -2.14011 0.0862769 0.049999 1092.82 0.00034743 1 -0.0466533 -0.221973 0.05 63417
0 554 5 phononTS 0.000699923 -2.05617 0.00276734 0.049999 59.7566 0.00034743 1 -0.0321927 -0.200214 0.05 1591.32
0 555 4 phononTS 0.000429337 -3.12636 0.0126484 0.049999 3792.67 0.00034743 1 -0.0532678 -0.203466 0.05 5232.11
0 591 2 phononL 0.00301389 -1.66385 0.507038 -0.00763298 588.871 0.00104229 1 -0.0165914 -0.198993 0.05 18030.8
0 610 5 phononTF 0.00136534 0.418652 -3.09742 0.0354126 9430.05 0.00069486 1 0.0794051 -0.227621 0.05 17492.6
0 631 4 phononTF 0.000642218 -2.66214 0.100943 0.049999 1604.13 0.00034743 1 0.104027 -0.217738 0.05 128101
0 668 2 phononTS 0.00216406 -2.85698 0.454289 -0.0367393 443.955 0.00069486 1 -0.0464504 -0.18581 0.05 1788.3
0 686 5 phononTS 0.00108571 0.394251 0.477806 0.0406457 2969.05 0.00034743 1 0.0888182 -0.128876 0.05 35927
0 686 7 phononL 0.000557756 0.0888182 -0.128876 0.049999 35927 0.00034743 1 -0.036323 -0.165838 0.05 36626.1
0 699 2 phononTS 0.0025811 -2.59597 0.526846 0.0247796 399.021 0.00034743 1 -0.0998354 -0.210322 0.05 6615.2
0 711 2 phononTS 0.00221781 -2.02554 0.13649 -0.0212616 2820.83 0.00034743 1 -0.0915948 -0.229507 0.05 30576.3
0 711 4 phononTF 0.000722393 -0.0915948 -0.229507 0.049999 30576.3 0.00034743 1 -0.0306652 -0.203472 0.05 30662.6
0 730 3 phononTF 0.000491263 -0.995582 0.0809802 0.049999 10343.3 0.00034743 1 0.0822736 -0.173568 0.05 12769.9
0 800 3 phononTS 0.0015269 -2.26815 0.252051 0.0311779 6.96223 0.00034743 1 -0.0136438 -0.190236 0.05 55428.1
0 800 4 phononTS 0.000801727 -0.0136438 -0.190236 0.049999 55428.1 0.00034743 1 -0.0548279 -0.220934 0.05 55493.6
0 817 3 phononL 0.00195875 -2.54147 -0.747644 -0.047644 1821.59 0.00034743 1 -0.0864685 -0.2012 0.05 51315.2
0 817 4 phononL 0.00149996 -0.0864685 -0.2012 0.049999 51315.2 0.00069486 1 0.0208455 -0.234086 0.05 51384.6
0 820 3 phononL 0.0020253 -1.63453 0.901034 -0.036228 1744.21 0.00034743 1 0.0244293 -0.125192 0.05 45427.2
0 820 5 phononTF 0.00040379 0.0244293 -0.125192 0.049999 45427.2 0.00034743 1 0.0356359 -0.2863 0.05 45501.5
0 837 2 phononTF 0.00280663 -2.63972 0.97185 -0.0331602 3333.16 0.00069486 1 -0.0387934 -0.184094 0.05 32703.2
0 862 2 phononL 0.00222603 -1.64881 1.755 0.0154652 3841.41 0.00034743 1 -0.0504851 -0.158625 0.05 18808.7
0 862 4 phononL 0.00165488 -0.0504851 -0.158625 0.049999 18808.7 0.00034743 1 0.0176629 -0.244712 0.05 19456.2
0 873 3 phononTF 0.00208415 -2.59582 0.242568 -0.033163 316.401 0.00069486 1 0.114336 -0.176506 0.05 50540.1
0 873 4 phononTF 0.000973617 0.114336 -0.176506 0.049999 50540.1 0.00034743 1 -0.0597984 -0.160721 0.05 50881.7
0 873 12 phononTF 0.000438425 -0.0597984 -0.160721 0.049999 50881.7 0.00034743 1 0.0803931 -0.147603 0.05 50973.3
0 882 2 phononL 0.00138211 0.513624 2.10214 -0.0124347 4487.25 0.00069486 1 -0.0536342 -0.250907 0.05 21287.1
0 906 4 phononTS 0.000884517 -2.23459 0.088717 0.049999 367.378 0.00034743 1 0.0232078 -0.246041 0.05 25587.1
0 915 3 phononTS 0.000676309 -2.52055 0.0925615 0.049998 669.348 0.00034743 1 -0.0876973 -0.124506 0.05 6299.51
0 935 1 phononTS 0.004 -2.25 0.25 0 0 0.00138972 1 -0.0608084 -0.13974 0.05 7268.19
0 935 9 phononTF 0.000979908 -0.0608084 -0.13974 0.049999 7268.19 0.00034743 1 -0.0859737 -0.182826 0.05 7434.98
0 953 5 phononTS 0.00187866 -0.923031 -4.72712 -0.0292218 32980 0.00069486 1 0.0592415 -0.202252 0.05 69786.1
0 977 2 phononTS 0.000490321 -2.25875 0.0826583 0.049999 240.481 0.00034743 1 0.0299457 -0.299817 0.05 8948.41
0 989 4 phononTS 0.000899485 -2.07287 0.0852862 0.049999 485.028 0.00034743 1 -0.0698508 -0.271921 0.05 3528.92
0 989 5 phononTS 0.000379804 -0.0698508 -0.271921 0.049999 3528.92 0.00034743 1 -0.0621825 -0.123977 0.05 29428.3
0 1029 3 phononTF 0.0023649 0.428419 -0.0561932 -0.0233495 5694.08 0.00069486 1 -0.0544412 -0.229267 0.05 8752.93
0 1101 3 phononTS 0.00245625 -0.911816 0.813735 0.0142688 8515 0.00069486 1 0.0434974 -0.17548 0.05 31407.2
0 1101 5 phononTS 0.00047624 0.0434974 -0.17548 0.049998 31407.2 0.00034743 1 0.0434321 -0.136976 0.05 31468.6
0 1107 2 phononTF 0.00246647 -3.60783 -0.250091 -0.0225168 2516.37 0.00069486 1 0.0298005 -0.176581 0.05 13553.6
0 1107 7 phononTS 0.000683073 0.0298005 -0.176581 0.049999 13553.6 0.00034743 1 0.0606452 -0.253982 0.05 166673
0 1142 3 phononL 0.00183205 -2.28306 0.783578 0.0283593 2881.95 0.00034743 1 0.0658768 -0.173882 0.05 15031.4
0 1143 4 phononL 0.000795873 -2.09824 0.101934 0.049999 601.32 0.00034743 1 0.0381947 -0.233408 0.05 9651.68
0 1152 3 phononTS 0.00182237 -2.018 0.453301 -0.0131631 655.103 0.00069486 1 0.0773984 -0.203014 0.05 42896.5
0 1154 2 phononTS 0.0030289 -2.54278 -2.02566 -0.0124795 21699.4 0.00069486 1 -0.020588 -0.14657 0.05 60899.2
0 1154 8 phononTS 0.00086454 -0.020588 -0.14657 0.049999 60899.2 0.00034743 1 -0.0617511 -0.147976 0.05 61293.6
0 1157 2 phononTF 0.000432767 -2.51772 0.0604011 0.049999 117.788 0.00034743 1 0.0880326 -0.144671 0.05 26158.5
0 1166 3 phononTF 0.000858875 -1.30569 0.0326006 0.049999 2028.89 0.00034743 1 0.0685584 -0.165803 0.05 15983.5
0 1223 2 phononTF 0.00183615 -2.49879 2.82357 -0.0153298 11596.7 0.00034743 1 0.0287339 -0.114639 0.05 27886.7
0 1230 3 phononTS 0.00222375 -2.20092 0.150321 -0.0146636 31.4248 0.00034743 1 -0.0562612 -0.134744 0.05 2270.71
0 1231 4 phononTS 0.000848863 -2.31971 0.0444338 0.049999 1301.31 0.00034743 1 0.0596636 -0.139185 0.05 5453.82
0 1243 3 phononTF 0.00249603 -2.34252 0.208132 -0.0264978 29.7197 0.00069486 1 0.0449258 -0.291785 0.05 14122
0 1243 8 phononTS 0.00138552 0.0449258 -0.291785 0.049998 14122 0.00104229 1 -0.0859175 -0.258768 0.05 14212.6
0 1273 2 phononL 0.000389163 -2.41635 0.070755 0.049999 1290.35 0.00034743 1 0.0660447 -0.269604 0.05 3930.46
0 1386 2 phononTF 0.0025004 -2.35128 0.15602 -0.00963182 25.9218 0.00069486 1 0.108207 -0.244348 0.05 32557.5
0 1386 4 phononTS 0.00126121 0.108207 -0.244348 0.049999 32557.5 0.00034743 1 0.046775 -0.238944 0.05 32628.8
0 1397 3 phononL 0.000797114 -2.32515 0.104894 0.049999 732.226 0.00034743 1 -0.0279604 -0.103956 0.05 113536
0 1403 3 phononTF 0.00280663 -1.67638 -0.740656 0.0359328 3356.81 0.00034743 1 -0.0791955 -0.196956 0.05 6160.37
0 1403 4 phononTS 0.00048046 -0.0791955 -0.196956 0.049999 6160.37 0.00034743 1 0.0246443 -0.253765 0.05 6980.64
0 1435 3 phononTF 0.000416698 -1.15273 0.0868604 0.049999 2192.23 0.00034743 1 -0.0899012 -0.137006 0.05 13725.9
0 1488 2 phononTS 0.000631874 -2.32939 0.0500568 0.049999 162.963 0.00034743 1 -0.0870963 -0.209336 0.05 22045.8
0 1506 2 phononL 0.00200788 -2.37465 0.609584 -0.0306657 614.457 0.00034743 1 -0.0715126 -0.114988 0.05 47632.4
0 1506 5 phononTS 0.000888282 -0.0715126 -0.114988 0.049998 47632.4 0.00034743 1 -0.0856009 -0.209045 0.05 47799.6
0 1525 4 phononTS 0.00167559 0.794729 -0.313823 0.0306212 5260.47 0.00034743 1 0.0847234 -0.232778 0.05 9900.36
0 1525 7 phononTS 0.000392587 0.0847234 -0.232778 0.049999 9900.36 0.00034743 1 0.112651 -0.174642 0.05 9974.77
0 1526 2 phononL 0.00154675 -2.2532 0.183941 0.0247787 41.3506 0.00069486 1 -0.0744629 -0.28066 0.05 6676.67
0 1589 2 phononTS 0.00208415 -2.19402 0.0715981 -0.0272479 110.199 0.00069486 1 0.0268688 -0.105428 0.05 2053.97
0 1628 4 phononTS 0.000808082 -4.57162 2.07828 -0.0256245 4805.42 0.00034743 1 0.070276 -0.170009 0.05 83006.9
0 1662 2 phononTF 0.00184085 -2.57181 0.270037 -0.0143843 791.546 0.00034743 1 0.0824196 -0.265512 0.05 88086.9
0 1709 3 phononTS 0.00271548 -0.352833 0.683365 0.0227214 4326.39 0.00069486 1 -0.0657174 -0.197225 0.05 5359.41
0 1709 7 phononTS 0.000350523 -0.0657174 -0.197225 0.049999 5359.41 0.00034743 1 -0.104612 -0.169994 0.05 5825.94
0 1720 3 phononTF 0.000471124 -2.26738 0.074124 0.049999 181.236 0.00034743 1 -0.0281419 -0.276271 0.05 57053.6
0 1756 4 phononTF 0.000605197 -2.25208 0.0589851 0.049999 117.205 0.00034743 1 -0.0659229 -0.10926 0.05 19499.4
0 1766 3 phononL 0.000802232 -2.11237 0.0807964 0.049999 111.104 0.00034743 1 0.0564549 -0.158907 0.05 4890.49
0 1767 2 phononTS 0.000800971 -1.93116 0.544582 -0.00405384 1081.38 0.00034743 1 0.0528545 -0.169335 0.05 19277.8
0 1771 3 phononTS 0.00190714 -2.44245 -0.144137 0.0412528 3856.06 0.00034743 1 0.0864051 -0.217481 0.05 20321.5
0 1813 6 phononTS 0.000388732 -3.22093 -1.19542 -0.0103573 112687 0.00034743 1 -0.0857177 -0.251798 0.05 187216
0 1827 2 phononL 0.00235579 -2.23215 0.24611 0.0269694 6.60913 0.00034743 1 0.0278596 -0.125875 0.05 11413.5
0 1827 5 phononTF 0.000683301 0.0278596 -0.125875 0.049999 11413.5 0.00034743 1 0.0772713 -0.280743 0.05 11557.4
0 1842 3 phononTS 0.000359717 -2.26211 0.0488014 0.049999 92.7841 0.00034743 1 -0.0815676 -0.248016 0.05 17693.7
0 1848 4 phononTS 0.00160349 -1.39606 2.00953 -0.0150343 44623.4 0.00034743 1 -0.115721 -0.169262 0.05 62854.4
0 1908 3 phononTF 0.00267067 -0.81527 0.477802 0.00868805 3605.6 0.00034743 1 -0.0551183 -0.15227 0.05 4768.13
0 1908 6 phononTS 0.0014227 -0.0551183 -0.15227 0.049999 4768.13 0.00034743 1 -0.0265281 -0.137972 0.05 4833.52
0 1984 5 phononTS 0.00141649 -4.14574 0.815321 0.0225676 1437.97 0.00034743 1 0.0565915 -0.145095 0.05 8066.34
0 2010 3 phononL 0.00180659 -2.4046 0.476569 -0.0250508 340.182 0.00034743 1 -0.0417318 -0.222134 0.05 11418.3
0 2010 2 phononTS 0.00219341 -2.4046 0.476569 -0.0250508 340.182 0.00104229 1 -0.119513 -0.188861 0.05 11133.6
0 2068 3 phononTS 0.00199642 -1.87504 1.34133 -0.00487014 2268.5 0.00104229 1 0.0618055 -0.245063 0.05 37998.4
0 2106 2 phononTF 0.000860557 -2.70999 0.00856361 0.049999 788.374 0.00034743 1 0.0276512 -0.152377 0.05 62802.4
0 2118 2 phononL 0.00162345 -0.413123 1.21745 -0.0269887 11036.2 0.00069486 1 0.0867215 -0.199553 0.05 52353.6
0 2118 4 phononTF 0.000560555 0.0867215 -0.199553 0.049999 52353.6 0.00034743 1 0.104876 -0.197968 0.05 52413.9
0 2125 5 phononTF 0.00147178 1.39108 1.235 0.0284989 46974 0.00034743 1 -0.101658 -0.235841 0.05 83560.1
0 2125 8 phononTS 0.000902315 -0.101658 -0.235841 0.049998 83560.1 0.00034743 1 -0.0672185 -0.231437 0.05 83664.1
0 2131 3 phononTF 0.00218651 -2.29776 0.220285 0.0146984 11.0196 0.00034743 1 0.0823548 -0.179678 0.05 50220.6
0 2131 6 phononTF 0.000546025 0.0823548 -0.179678 0.049999 50220.6 0.00034743 1 0.0360577 -0.161373 0.05 50279.6
0 2146 3 phononTS 0.00263197 -1.97713 0.861433 0.0173797 1165.32 0.00069486 1 0.0575576 -0.226648 0.05 9291.89
0 2146 4 phononTF 0.000416031 0.0575576 -0.226648 0.049999 9291.89 0.00034743 1 0.0404426 -0.289391 0.05 9678.58
0 2163 3 phononTF 0.000818353 -1.51181 0.0896157 0.049999 1972.13 0.00034743 1 0.0734452 -0.179489 0.05 35948.6
0 2168 3 phononTF 0.000538326 -2.20655 0.071787 0.049999 125.642 0.00034743 1 -0.0458425 -0.269378 0.05 64440.6
0 2222 2 phononL 0.00168208 0.269419 3.00852 -0.0120708 12225.8 0.00069486 1 0.0597644 -0.164313 0.05 19986.2
0 2259 5 phononTS 0.000610403 -2.29185 0.0577729 0.049999 1292.27 0.00034743 1 -0.0849043 -0.25096 0.05 56657.3
0 2284 4 phononTS 0.000857975 -2.29945 0.0468315 0.049999 891.381 0.00034743 1 -0.106509 -0.247793 0.05 4258.66
0 2301 3 phononTF 0.0015117 -2.28847 0.0426445 -0.0317529 44.6824 0.00069486 1 -0.057715 -0.130403 0.05 13999.1
0 2301 2 phononTS 0.0024883 -2.28847 0.0426445 -0.0317529 44.6824 0.00034743 1 -0.105698 -0.198793 0.05 3619.75
0 2301 15 phononTS 0.000415727 -0.105698 -0.198793 0.049999 3619.75 0.00034743 1 0.0627546 -0.263986 0.05 5078.16
0 2375 4 phononTF 0.000807424 4.12554 3.87741 -0.0270754 87567.2 0.00034743 1 0.0527554 -0.230393 0.05 110123
0 2375 6 phononTS 0.000385639 0.0527554 -0.230393 0.049999 110123 0.00034743 1 0.0879804 -0.179461 0.05 111141
0 2397 2 phononTS 0.0026659 -1.54027 1.63858 -0.0243312 7187.39 0.00069486 1 0.0985908 -0.213727 0.05 9529.5
0 2447 2 phononTS 0.0021579 -1.77618 0.0873058 0.0148989 2226.55 0.00069486 1 -0.0393141 -0.212617 0.05 3492.48
0 2504 2 phononTF 0.00193181 -2.15419 -0.123349 0.0396076 249.649 0.00104229 1 0.0388935 -0.217737 0.05 3835.5
0 2519 4 phononTS 0.000705008 -2.21884 0.0542727 0.049999 96.676 0.00034743 1 0.0625488 -0.225454 0.05 21093.9
0 2546 3 phononTS 0.000728593 -1.91501 0.0211401 0.049999 1185.52 0.00034743 1 -0.0337678 -0.105586 0.05 3594.4
0 2558 3 phononTF 0.00267251 -3.34124 0.461017 0.00427422 1796.91 0.00069486 1 0.0490019 -0.301412 0.05 26904.1
0 2563 4 phononTF 0.00164373 -3.44281 -0.869254 -0.00742448 5035.32 0.00069486 1 0.0417325 -0.279696 0.05 47896.8
0 2564 2 phononTS 0.00156974 -3.07387 0.225982 -0.0495787 4221.78 0.00069486 1 0.0551175 -0.146199 0.05 108563
0 2579 2 phononTF 0.00239008 -1.63906 -0.773629 -0.0223966 1134.16 0.00069486 1 0.0568904 -0.147083 0.05 80519.9
0 2579 8 phononTF 0.000652484 0.0568904 -0.147083 0.049999 80519.9 0.00034743 1 0.0566794 -0.297486 0.05 80591.7
0 2611 3 phononTS 0.00185345 -3.32963 1.12592 -0.0211705 2669.91 0.00034743 1 0.0752241 -0.191259 0.05 95503.6
0 2611 5 phononTF 0.00109848 0.0752241 -0.191259 0.049999 95503.6 0.00034743 1 0.057195 -0.165028 0.05 95925
0 2611 9 phononL 0.000677961 0.057195 -0.165028 0.049999 95925 0.00034743 1 -0.0886105 -0.268388 0.05 97165.5
0 2616 6 phononTF 0.000841136 -2.45888 -1.16139 -0.000844676 4439.23 0.00034743 1 -0.0925774 -0.173494 0.05 50820.3
0 2632 2 phononTS 0.00217666 -2.46999 0.464319 -0.037887 501.633 0.00104229 1 -0.0548093 -0.215719 0.05 21958
0 2682 4 phononL 0.00102581 -0.443673 -1.24365 0.00323046 3203.89 0.00034743 1 -0.0220585 -0.162576 0.05 20304.7
0 2685 2 phononTF 0.0018475 -3.12944 0.437345 0.0367011 3086.9 0.00034743 1 0.0436071 -0.185194 0.05 32793.5
0 2708 4 phononTS 0.000505146 -2.32057 0.0789047 0.049999 1283.93 0.00034743 1 0.0419572 -0.120382 0.05 17299
0 2711 4 phononTF 0.000781317 -2.42879 -0.315264 -0.0396 10421.5 0.00034743 1 -0.023883 -0.171203 0.05 36005.9
0 2716 3 phononTS 0.000784988 -2.00387 0.0525519 0.049999 77.4777 0.00034743 1 -0.0364657 -0.158664 0.05 9845.61
0 2740 3 phononTS 0.0015117 -2.00865 0.171935 -0.00786048 195.862 0.00069486 1 -0.0634071 -0.176932 0.05 2515.17
0 2753 5 phononTS 0.000415321 -2.91092 0.00238227 0.049999 561.393 0.00034743 1 0.0344313 -0.100611 0.05 13379.9
0 2793 3 phononTS 0.00240723 -2.35819 0.313758 0.00103947 33.5584 0.00104229 1 0.0618033 -0.147938 0.05 23862.3
0 2799 3 phononL 0.00264165 -1.90831 1.55286 0.0279881 8849.01 0.00069486 1 0.0732434 -0.2282 0.05 13501.3
0 2822 3 phononTS 0.00139033 -2.25006 0.249912 -8.16359e-05 0.0243579 0.00069486 1 -0.0216522 -0.261185 0.05 1998.49
0 2824 2 phononTS 0.00208119 -3.19882 0.409458 -0.012148 640.682 0.00069486 1 -0.0739872 -0.279972 0.05 7509.62
0 2837 3 phononTS 0.00202269 -3.17011 1.60834 -0.00119089 4826.53 0.00034743 1 -0.0915406 -0.229998 0.05 31101.6
0 2853 3 phononTS 0.000757052 -2.31464 0.0776428 0.049998 199.496 0.00034743 1 -0.0719368 -0.269358 0.05 4950.24
0 2859 6 phononTF 0.000510978 -2.18789 0.0863197 0.049999 446.893 0.00034743 1 0.0766258 -0.178412 0.05 75017.3
0 2874 3 phononTS 0.00187579 -3.23275 0.40512 -0.0347362 817.643 0.00069486 1 -0.0941849 -0.241706 0.05 27731.3
0 2895 2 phononTS 0.00144737 -1.9622 -0.354368 -0.0433086 1439.43 0.00034743 1 -0.105228 -0.153595 0.05 2522.49
0 2895 4 phononTF 0.000855571 -0.105228 -0.153595 0.049999 2522.49 0.00034743 1 -0.111762 -0.234991 0.05 4093.07
0 2899 2 phononL 0.00297369 -2.42679 0.288578 -0.0335478 2474.04 0.00069486 1 -0.0521878 -0.173553 0.05 25420.8
0 2928 2 phononTF 0.00223857 -1.47872 0.571249 0.0303613 2744.13 0.00034743 1 -0.0639296 -0.16152 0.05 30383.9
0 2941 4 phononTS 0.000558174 1.00276 4.83825 -0.00231286 45516 0.00034743 1 -0.0340128 -0.295578 0.05 54384
0 2953 2 phononTF 0.00146692 -2.04112 -0.351456 0.0457889 810.607 0.00034743 1 0.0522806 -0.167277 0.05 44241.6
0 2959 2 phononTF 0.00170303 -2.77842 -0.205204 0.0391964 1422.86 0.00034743 1 -0.0356313 -0.11606 0.05 58753.8
0 2998 4 phononTF 0.000491629 -2.38292 0.098922 0.049999 1094.43 0.00034743 1 -0.0981179 -0.145718 0.05 37105.1
0 3004 4 phononTF 0.00143969 -3.34891 0.502396 0.00831013 21678.8 0.00034743 1 0.0316133 -0.102168 0.05 31389.7
0 3006 2 phononTS 0.00253187 -0.846475 2.57695 0.0131333 9871.33 0.00104229 1 0.0541018 -0.157731 0.05 15509.6
0 3015 2 phononTS 0.00236539 -1.54057 0.128999 0.0344587 2450.47 0.00104229 1 -0.0719677 -0.141126 0.05 4839.43
0 3015 6 phononTS 0.000359158 -0.0719677 -0.141126 0.049999 4839.43 0.00034743 1 -0.0961253 -0.1356 0.05 4903.23
0 3058 4 phononL 0.000735432 -2.40667 2.16182 0.0389037 25420 0.00034743 1 0.0510246 -0.11736 0.05 57041.4
0 3076 2 phononTS 0.00215132 -3.52075 1.05154 -0.0231289 5923.8 0.00034743 1 0.0731313 -0.271828 0.05 12924.6
0 3090 3 phononL 0.0029006 -1.9097 -0.395168 -0.0458592 5057.68 0.00034743 1 -0.0655004 -0.211076 0.05 10283.5
0 3114 2 phononTF 0.00225673 -2.16809 0.202956 0.016287 33.6783 0.00069486 1 -0.0895331 -0.196979 0.05 5909.21
0 3114 5 phononTF 0.00144931 -0.0895331 -0.196979 0.049999 5909.21 0.00034743 1 -0.0817183 -0.205266 0.05 5970.83
0 3116 2 phononTF 0.00246912 -2.3561 0.0922661 -0.0163146 297.776 0.00069486 1 -0.090029 -0.223213 0.05 17227.3
0 3126 3 phononL 0.00303921 -0.32348 -0.734305 -0.0494006 6731.22 0.00034743 1 -0.0979223 -0.137743 0.05 7041.28
0 3136 3 phononL 0.00185582 -1.12334 -1.30816 -0.0470905 3561.66 0.00034743 1 -0.0552077 -0.192562 0.05 5323.84
0 3136 4 phononTF 0.000520594 -0.0552077 -0.192562 0.049998 5323.84 0.00034743 1 -0.0440394 -0.162937 0.05 5538.08
0 3148 2 phononTF 0.000931458 -3.09655 2.85739 0.0108086 16505.1 0.00034743 1 -0.0609094 -0.198488 0.05 118829
0 3175 2 phononTS 0.00133192 -2.13949 0.277839 0.0288446 386.306 0.00069486 1 0.0883268 -0.270329 0.05 5621.09
0 3175 9 phononL 0.00042171 0.0883268 -0.270329 0.049999 5621.09 0.00034743 1 0.0100704 -0.203709 0.05 5718.41
0 3192 5 phononTF 0.00109653 4.6521 3.79789 -0.0291047 64409.5 0.00034743 1 -0.0669288 -0.230535 0.05 82656.8
0 3192 6 phononTF 0.000353511 -0.0669288 -0.230535 0.049999 82656.8 0.00034743 1 -0.0544024 -0.229507 0.05 82717.3
0 3221 3 phononTS 0.00243631 -2.04736 0.301808 -0.048141 603.035 0.00069486 1 0.086482 -0.182354 0.05 2952.19
0 3221 5 phononTS 0.000667838 0.086482 -0.182354 0.049998 2952.19 0.00034743 1 -0.068489 -0.216481 0.05 3046.06
0 3233 5 phononL 0.00108045 -3.06058 1.0996 0.0368226 51718.6 0.00034743 1 0.0497553 -0.241639 0.05 56879.1
0 3243 3 phononL 0.00207406 -2.61711 1.07044 0.0401476 6161.44 0.00069486 1 -0.0294571 -0.151905 0.05 44397.5
0 3286 3 phononTS 0.00179232 -2.48739 -0.999397 0.0323059 3776.83 0.00069486 1 -0.0610503 -0.150194 0.05 36572.2
0 3300 3 phononTF 0.0029752 -1.6594 0.136916 -0.000700403 343.208 0.00069486 1 -0.0453007 -0.155124 0.05 3527.82
0 3340 3 phononTS 0.000778964 -2.30625 0.105713 0.049998 158.191 0.00034743 1 0.0254423 -0.264623 0.05 183654
0 3355 2 phononTF 0.0016838 -2.25985 0.251122 0.0422889 14.6115 0.00034743 1 -0.0451003 -0.17491 0.05 11629.8
0 3359 2 phononTF 0.00054437 -2.24539 0.0506717 0.049999 167.176 0.00034743 1 0.018441 -0.197131 0.05 145911
0 3387 3 phononTF 0.00222361 -1.62657 0.514714 -0.00375035 606.811 0.00069486 1 -0.0905326 -0.232059 0.05 9087.9
0 3432 3 phononL 0.00228372 -2.08656 0.453795 0.0442006 1125.2 0.00069486 1 0.0702937 -0.141131 0.05 22696.1
0 3432 7 phononL 0.00133522 0.0702937 -0.141131 0.049999 22696.1 0.00034743 1 -0.0531089 -0.193743 0.05 22759.7
0 3453 3 phononTF 0.00213554 -2.0323 0.600249 -0.0391078 3425.01 0.00069486 1 0.0230564 -0.188881 0.05 34744.6
0 3488 3 phononTF 0.00181459 -2.61981 0.249569 -0.0243453 1334.97 0.00034743 1 -0.0903116 -0.167506 0.05 84761.3
0 3490 2 phononTS 0.00256471 -2.95819 0.980438 0.00560208 6067.27 0.00034743 1 0.0607133 -0.12739 0.05 75433.9
0 3522 3 phononTF 0.000832019 -1.86272 0.0558876 0.049998 1912.97 0.00034743 1 0.097927 -0.20499 0.05 17391.3
0 3562 4 phononTF 0.00240881 -0.351236 1.58155 0.039574 9307.54 0.00034743 1 -0.088402 -0.193153 0.05 16030.1
0 3562 7 phononL 0.00151253 -0.088402 -0.193153 0.049998 16030.1 0.00034743 1 -0.103155 -0.168952 0.05 39515.8
0 3562 6 phononTS 0.000424633 -0.088402 -0.193153 0.049998 16030.1 0.00034743 1 -0.108996 -0.16098 0.05 16101.5
0 3637 5 phononL 0.000517246 -2.23573 0.0585935 0.049999 1040.43 0.00034743 1 -0.0603852 -0.261685 0.05 4767.23
0 3720 3 phononTF 0.00233458 -2.08767 0.992144 -0.00556099 9800 0.00104229 1 0.0658988 -0.155378 0.05 43852.2
0 3736 4 phononTS 0.000845513 -2.34077 0.0524219 0.049999 253.065 0.00034743 1 0.084371 -0.263073 0.05 30683.9
0 3800 2 phononTS 0.000677054 -2.71568 0.000137937 0.049999 320.528 0.00034743 1 -0.0362908 -0.23317 0.05 39026.2
0 3809 3 phononTS 0.0018019 -2.30037 0.470778 -0.00411041 269.513 0.00034743 1 -0.0438314 -0.228785 0.05 7750.56
0 3809 5 phononTS 0.0013859 -0.0438314 -0.228785 0.049999 7750.56 0.00034743 1 -0.0691746 -0.265026 0.05 7917.97
0 3923 3 phononTF 0.000885115 -1.94132 0.103926 0.049999 1415.3 0.00034743 1 -0.027237 -0.21316 0.05 18957.5
0 3948 1 phononTS 0.004 -2.25 0.25 0 0 0.00173715 1 0.0814029 -0.152654 0.05 3599.55
0 3957 3 phononTF 0.0029206 -1.76064 0.33556 -0.0462112 1327.63 0.00069486 1 -0.0497353 -0.103361 0.05 10588
0 3989 3 phononTF 0.00117266 -1.76771 0.412195 0.0361909 11734.3 0.00034743 1 -0.0357439 -0.211923 0.05 21030.1
0 4005 3 phononTS 0.00193861 -2.26387 0.322692 -0.0316495 15.757 0.00034743 1 0.0299461 -0.155172 0.05 12760.9
0 4018 5 phononTS 0.00114634 -0.805719 -0.0546998 0.0357557 15083.9 0.00069486 1 -0.06667 -0.117631 0.05 26930
0 4070 3 phononTS 0.000441988 -2.32752 0.0331848 0.049999 714.028 0.00034743 1 -0.0469912 -0.117782 0.05 4711.99
0 4101 1 phononTF 0.004 -2.25 0.25 0 0 0.00069486 1 -0.0933722 -0.147964 0.05 5473.3
0 4102 2 phononTF 0.00166938 -1.70245 1.98766 -0.0155197 10166.6 0.00069486 1 0.0659324 -0.154249 0.05 16899.7
0 4154 5 phononTS 0.00163387 -0.838304 -0.968343 -0.0435376 3319.04 0.00034743 1 -0.023824 -0.251572 0.05 12210.9
0 4154 8 phononTF 0.00111298 -0.023824 -0.251572 0.049999 12210.9 0.00034743 1 -0.0696306 -0.282331 0.05 12484.6
0 4178 3 phononTF 0.0022957 -2.28699 0.884672 0.00937716 734.227 0.00034743 1 0.0763115 -0.130436 0.05 24700.6
0 4185 5 phononTS 0.00139018 -2.75094 4.6614 0.0182378 19331.7 0.00069486 1 0.0312893 -0.191272 0.05 41968.7
0 4210 2 phononL 0.00178923 -2.47659 1.5432 -0.0116057 1767.29 0.00034743 1 0.013638 -0.206929 0.05 21378.4
0 4305 3 phononTF 0.00276576 -0.207866 0.690439 0.0446752 8247.64 0.00034743 1 0.112213 -0.240112 0.05 13996.5
0 4305 6 phononTF 0.00127274 0.112213 -0.240112 0.049999 13996.5 0.00034743 1 0.115636 -0.196562 0.05 14060
0 4314 5 phononTS 0.00156615 -2.24181 -0.286649 0.0337181 21684.1 0.00034743 1 -0.0758436 -0.228187 0.05 24707
0 4337 2 phononTS 0.00258901 -2.06826 0.231503 0.0451029 1394.58 0.00104229 1 0.049533 -0.264575 0.05 11515.7
0 4358 4 phononTF 0.000507012 -1.22691 0.0151712 0.049999 975.241 0.00034743 1 0.0311237 -0.246673 0.05 2220.46
0 4386 6 phononTS 0.000469197 -2.90672 -0.00170326 0.049999 1753.37 0.00034743 1 -0.0937071 -0.222922 0.05 83907.1
0 4396 2 phononTS 0.000486545 -3.00052 0.088843 0.049999 3483.24 0.00034743 1 0.0926195 -0.203246 0.05 15102.3
0 4411 5 phononTS 0.00154776 0.942284 1.47597 -0.00815753 56595.5 0.00034743 1 -0.116075 -0.173245 0.05 89474.8
0 4416 2 phononTF 0.00211597 -1.76992 1.26806 -0.0265408 8377.84 0.00104229 1 0.0392732 -0.141177 0.05 23895.2
0 4428 2 phononTS 0.0028191 -2.18309 0.193838 -0.0155521 16.5975 0.00069486 1 -0.0893063 -0.151692 0.05 4120.7
0 4439 2 phononTF 0.00123954 -2.26129 0.265184 0.0205944 29.4906 0.00034743 1 0.0937507 -0.189396 0.05 66899.3
0 4484 2 phononTS 0.00230512 -2.653 0.430291 0.0446003 1078.36 0.00069486 1 -0.0595976 -0.250804 0.05 3755.95
0 4497 2 phononL 0.00204387 -1.31132 0.781434 0.0111989 1268.34 0.00069486 1 -0.097645 -0.224885 0.05 6163.39
0 4531 2 phononTS 0.0016592 -2.96473 0.517448 -0.0124512 1204.52 0.00034743 1 -0.0761269 -0.273155 0.05 11302.9
0 4531 7 phononTF 0.000762169 -0.0761269 -0.273155 0.049999 11302.9 0.00034743 1 0.0558935 -0.164859 0.05 11498.4
0 4541 2 phononTS 0.00229542 -1.88523 1.08873 -0.00414098 4476.98 0.00069486 1 -0.0946868 -0.168579 0.05 22457.3
0 4576 3 phononL 0.000702385 -2.05737 0.0837314 0.049999 563.787 0.00034743 1 -0.0813524 -0.279888 0.05 26766.1
0 4597 3 phononTS 0.00160321 -2.41039 0.767176 -0.0421856 5458.89 0.00034743 1 -0.0358724 -0.288159 0.05 25026.6
0 4601 2 phononTS 0.000547331 -2.01251 0.337959 0.0226717 123.492 0.00034743 1 -0.0839147 -0.272005 0.05 11925.7
0 4659 3 phononTS 0.00188852 -2.47003 0.343965 -0.0132694 171.734 0.00034743 1 0.0271306 -0.111215 0.05 39301.2
0 4659 2 phononTF 0.00211148 -2.47003 0.343965 -0.0132694 171.734 0.00034743 1 -0.0172082 -0.225361 0.05 2832.35
0 4682 5 phononTF 0.0015861 0.173 0.116311 0.0355767 19522.1 0.00034743 1 -0.0351385 -0.0991529 0.05 19897.7
0 4690 4 phononTS 0.00113863 1.11798 0.814167 -0.0302143 12842.3 0.00034743 1 0.0683572 -0.180839 0.05 54095.7
0 4690 7 phononL 0.000754549 0.0683572 -0.180839 0.049999 54095.7 0.00034743 1 0.0964444 -0.210911 0.05 54837.5
0 4729 5 phononL 0.0015864 -4.38056 2.50999 0.0140005 21985.1 0.00104229 1 0.0962324 -0.162062 0.05 34393.8
0 4733 2 phononTS 0.00163812 -1.66956 0.702927 -0.0155313 1823.51 0.00034743 1 -0.0839575 -0.139303 0.05 5772.94
0 4876 5 phononL 0.00174224 -1.05413 0.928689 0.0404401 11280.4 0.00034743 1 -0.0677595 -0.286914 0.05 17336.7
0 4977 2 phononL 0.00117012 -1.1339 2.6967 0.0409871 5579.42 0.00069486 1 0.106509 -0.194824 0.05 53853
0 4991 3 phononTF 0.000562488 -2.25155 0.0844006 0.049999 1734.34 0.00034743 1 0.0396899 -0.151088 0.05 152013
