Run ID,Event ID,Track ID,Particle Name,Start Energy [eV],Start X [mm],Start Y [mm],Start Z [mm],Start Time [ns],Energy Deposited [eV],Track Weight,End X [mm],End Y [mm],End Z [mm],Final Time [ns],Volume Name
0 31 2 phononTS 0.00102145 4.71495 -4.54246 -0.0217615 619.547 0.00034743 1 0.112095 -0.194058 0.05 19691.8
0 55 4 phononTS 0.00121039 4.74859 -4.1726 0.00599248 12113.6 0.00034743 1 0.0633604 -0.17021 0.05 19000.9
0 65 3 phononTF 0.00163674 4.63767 -3.73428 0.0386661 6928.64 0.00034743 1 0.0350148 -0.15908 0.05 15478.8
0 75 5 phononTF 0.000903993 3.45354 -4.92051 0.0140624 16313 0.00034743 1 -0.0769545 -0.177995 0.05 25095.2
0 106 3 phononL 0.00166604 4.88997 -4.40588 0.0108114 11643.5 0.00034743 1 -0.0689088 -0.213509 0.05 129874
0 114 7 phononTF 0.00103543 2.83985 3.48434 0.0372439 44138.5 0.00034743 1 -0.0792551 -0.239073 0.05 206681
0 119 5 phononL 0.00136012 3.74078 -4.05718 0.0269205 2430.75 0.00034743 1 -0.0213988 -0.169289 0.05 23388.7
0 147 2 phononTS 0.00112124 4.24872 -3.55919 0.0448588 4875.62 0.00034743 1 -0.0913083 -0.249625 0.05 132335
0 159 3 phononTF 0.00200659 4.39045 -4.80008 -0.0332502 2259.59 0.00034743 1 -0.106895 -0.239641 0.05 17831.4
0 165 5 phononTS 0.00207677 4.71751 -3.55714 -0.00407386 26054.1 0.00034743 1 -0.0629434 -0.194483 0.05 38945.9
0 172 5 phononTF 0.00151934 3.86763 -4.80081 0.0354514 7773.91 0.00069486 1 0.0579991 -0.123286 0.05 15395.3
0 185 4 phononTS 0.00182895 -0.0443677 0.714832 0.021757 30013.4 0.00069486 1 0.117312 -0.177407 0.05 31121.3
0 192 3 phononTF 0.00167945 4.66225 -4.91914 -0.0361053 1073.35 0.00069486 1 -0.0821055 -0.183158 0.05 12891.7
0 240 3 phononTS 0.000827542 4.39428 -4.68108 0.0302288 1859.06 0.00034743 1 0.0864011 -0.143055 0.05 39388.2
0 242 4 phononTS 0.00099662 -4.34736 3.68041 -0.0129186 72712.6 0.00034743 1 -0.0478346 -0.1386 0.05 81979.9
0 269 7 phononL 0.000983835 -2.92592 -2.21637 0.0350121 23635.4 0.00034743 1 0.0261399 -0.249768 0.05 41000.2
0 275 2 phononTS 0.0014954 4.98348 -4.01931 0.048898 2966.56 0.00034743 1 -0.0212754 -0.180635 0.05 22810.2
0 282 2 phononTS 0.00164321 4.50697 -4.59916 -0.0206639 19929.1 0.00034743 1 0.0894813 -0.177331 0.05 38710.4
0 341 3 phononTF 0.00188954 4.33058 -4.14359 0.0225201 3031.41 0.00034743 1 -0.0663556 -0.177279 0.05 32640.9
0 370 3 phononTS 0.00234955 4.65215 -4.23901 0.0155214 3897.37 0.00069486 1 -0.0369622 -0.30011 0.05 33799.3
0 431 3 phononL 0.00186787 4.97757 -4.92366 -0.0127029 445.27 0.00034743 1 0.0834778 -0.196864 0.05 22933.2
0 431 4 phononTS 0.00141998 0.0834778 -0.196864 0.049999 22933.2 0.00034743 1 0.0374897 -0.24337 0.05 23001.9
0 447 2 phononTS 0.00163804 3.08526 -3.65912 -0.00993345 7217.14 0.00069486 1 -0.0497889 -0.29099 0.05 58498.7
0 473 2 phononL 0.0016118 4.26197 -4.77927 0.0335202 1619.06 0.00069486 1 0.0380121 -0.106953 0.05 12181.2
0 509 3 phononTF 0.00209882 4.5043 -3.66017 0.0145217 8577.17 0.00069486 1 -0.0634246 -0.170494 0.05 48913.5
0 544 3 phononTS 0.00211839 4.69273 -4.15781 0.0331452 1666.35 0.00069486 1 -0.0609824 -0.227639 0.05 60257.7
0 544 5 phononTS 0.000408156 -0.0609824 -0.227639 0.049999 60257.7 0.00034743 1 -0.0885731 -0.214376 0.05 60322.8
0 544 4 phononTF 0.000355907 -0.0609824 -0.227639 0.049999 60257.7 0.00034743 1 -0.075086 -0.231007 0.05 60490.6
0 552 3 phononTF 0.00347543 4.85533 -4.00161 0.0195928 2674.54 0.00034743 1 0.0800449 -0.217343 0.05 33741.4
0 552 6 phononTF 0.000535476 0.0800449 -0.217343 0.049999 33741.4 0.00034743 1 -0.0242037 -0.252884 0.05 33856.1
0 552 5 phononTF 0.00125197 0.0800449 -0.217343 0.049999 33741.4 0.00034743 1 -0.0606013 -0.129094 0.05 33920.5
0 560 3 phononTS 0.00246193 4.57628 -4.98699 -0.0103756 10648 0.00034743 1 -0.043271 -0.288286 0.05 23342.9
0 606 4 phononTF 0.00131944 3.83217 -3.7881 -0.0348174 32093.5 0.00034743 1 0.0328555 -0.204617 0.05 77297.9
0 632 2 phononTS 0.00244397 4.95546 -4.50915 -0.00140816 314.748 0.00034743 1 0.0730723 -0.261226 0.05 27080.5
0 642 3 phononL 0.00176532 4.46785 -1.8906 -0.00263398 8750.92 0.00034743 1 0.0951857 -0.219935 0.05 30412
0 652 2 phononTS 0.00108432 4.67329 -4.64442 -0.0214012 2906.21 0.00034743 1 -0.0500452 -0.204404 0.05 48777.3
0 652 5 phononTF 0.000359016 -0.0500452 -0.204404 0.049999 48777.3 0.00034743 1 -0.0630358 -0.106156 0.05 49743.5
0 655 2 phononTS 0.00195219 4.75741 -4.78525 0.0161992 25.4928 0.00069486 1 -0.0258474 -0.166661 0.05 77810.1
0 688 3 phononTS 0.00209538 4.58697 -3.97714 0.0345013 3000.48 0.00069486 1 0.0803365 -0.131462 0.05 28531
0 688 4 phononL 0.000754104 0.0803365 -0.131462 0.049999 28531 0.00034743 1 -0.076125 -0.239164 0.05 28648.9
0 724 4 phononL 0.00136867 1.76065 -3.32119 -0.0292001 4528.71 0.00069486 1 -0.0379439 -0.209067 0.05 48066.2
0 729 3 phononTS 0.00226324 4.58244 -2.50095 0.0230095 10343 0.00104229 1 -0.0504535 -0.227131 0.05 15846.6
0 778 4 phononTS 0.00067435 0.983538 -2.64155 0.0498583 32178.7 0.00034743 1 0.0552981 -0.252777 0.05 47446.3
0 803 3 phononL 0.00143834 4.38591 -3.81456 0.0188947 19539.1 0.00034743 1 -0.0444596 -0.127903 0.05 43775.3
0 803 4 phononTF 0.000396422 -0.0444596 -0.127903 0.049998 43775.3 0.00034743 1 -0.0414584 -0.192395 0.05 43837.1
0 826 3 phononTS 0.00255318 4.99874 -4.87375 0.0295604 533.41 0.00069486 1 0.0682576 -0.210131 0.05 13294.3
0 841 2 phononTS 0.00222831 4.89239 -3.99737 -0.0209808 1652.82 0.00069486 1 -0.0126394 -0.223193 0.05 10621.8
0 854 3 phononTS 0.00247456 3.42936 -4.09171 -0.0192032 9434.63 0.00034743 1 -0.033387 -0.136308 0.05 23279.4
0 854 8 phononTF 0.000536745 -0.033387 -0.136308 0.049999 23279.4 0.00034743 1 0.0929678 -0.26537 0.05 23887.6
0 867 2 phononTS 0.00123117 4.90088 -4.18192 -0.0371015 933.215 0.00069486 1 -0.0217474 -0.197447 0.05 52340.7
0 999 2 phononTS 0.00196415 4.51348 -4.06544 0.0382531 1863.43 0.00069486 1 0.0399516 -0.102497 0.05 135869
0 1022 2 phononTF 0.00183359 3.88788 -2.57318 -0.0178068 13029.9 0.00034743 1 -0.0840236 -0.193644 0.05 23995.2
0 1022 4 phononTF 0.0011629 -0.0840236 -0.193644 0.049999 23995.2 0.00034743 1 0.0588457 -0.116369 0.05 24174.5
0 1027 4 phononTF 0.00144043 4.96149 -2.02122 0.0244745 6780.68 0.00069486 1 -0.0814314 -0.195167 0.05 26638.6
0 1059 5 phononL 0.00178366 0.1243 -0.0329143 0.0181378 28682.1 0.00069486 1 -0.0704106 -0.145157 0.05 28861.5
0 1073 3 phononTS 0.00237772 3.74067 -4.49702 -0.0234048 7823.3 0.00069486 1 -0.0371356 -0.162454 0.05 50562.9
0 1086 2 phononTS 0.00187297 4.81129 -4.73586 -0.0183661 29.9117 0.00034743 1 -0.110741 -0.198102 0.05 73817.9
0 1115 3 phononL 0.00161631 4.90696 -4.78446 -0.000673555 1914 0.00069486 1 0.0229455 -0.140656 0.05 49337.4
0 1172 4 phononL 0.00187474 4.85585 -3.81737 0.0241077 6229.62 0.00069486 1 0.0463427 -0.258942 0.05 23177.8
0 1214 2 phononTF 0.00186436 4.9962 -4.07977 0.0447862 8020.37 0.00034743 1 -0.0749767 -0.279281 0.05 54490.1
0 1214 4 phononL 0.00113866 -0.0749767 -0.279281 0.049999 54490.1 0.00034743 1 0.0722018 -0.235182 0.05 67392.7
0 1223 5 phononTF 0.000701338 2.5323 -2.67322 -0.0197447 8830.35 0.00034743 1 0.0194336 -0.229998 0.05 132698
0 1255 4 phononL 0.0012347 1.83576 -0.41195 -0.0178293 40063.1 0.00034743 1 0.0376702 -0.297503 0.05 66409.7
0 1255 6 phononTS 0.000861908 0.0376702 -0.297503 0.049998 66409.7 0.00034743 1 0.0624692 -0.179001 0.05 86891.2
0 1277 3 phononTF 0.00206947 4.2722 -3.08114 0.025132 9313.91 0.00069486 1 -0.0182301 -0.208537 0.05 24149.3
0 1313 5 phononTS 0.00137696 3.25256 -1.37265 -0.0262988 15893.4 0.00034743 1 0.0406952 -0.224005 0.05 68665.4
0 1384 3 phononTF 0.0013522 4.13439 -3.63257 0.0166557 7229.29 0.00034743 1 -0.0342833 -0.146112 0.05 32488.6
0 1427 2 phononTF 0.00162266 4.84305 -4.28387 -0.0148764 2737.57 0.00069486 1 0.0360001 -0.219058 0.05 29859.1
0 1442 5 phononTS 0.00108439 2.46641 -4.50274 -0.0118883 9401.6 0.00034743 1 -0.0929747 -0.232911 0.05 29579.6
0 1449 4 phononTF 0.00134486 -4.7907 2.2738 0.0364691 69013.9 0.00069486 1 -0.0571399 -0.172876 0.05 82714.5
0 1453 4 phononTS 0.00184523 3.2708 -4.95289 0.0271455 10597.8 0.00069486 1 -0.114483 -0.219953 0.05 20263.7
0 1457 3 phononTF 0.00174884 4.55484 -4.63831 0.027081 1822.93 0.00034743 1 0.0778579 -0.115173 0.05 78631
0 1484 5 phononTS 0.00111427 -0.274518 -2.914 -0.0314985 11534.5 0.00034743 1 0.0738684 -0.234596 0.05 22764.3
0 1486 2 phononTF 0.00143803 3.93335 -4.97179 -0.00455646 6002.43 0.00034743 1 0.0958317 -0.182148 0.05 83470.7
0 1516 3 phononTF 0.00200134 4.43522 -4.42807 0.0109292 12174.9 0.00034743 1 -0.0647931 -0.174776 0.05 147624
0 1516 4 phononTF 0.000807365 -0.0647931 -0.174776 0.049999 147624 0.00034743 1 -0.0490737 -0.278346 0.05 147691
0 1538 2 phononTS 0.00152573 4.24988 -4.84902 0.0255789 4398.94 0.00034743 1 -0.11287 -0.15992 0.05 19146.4
0 1562 2 phononTF 0.00216509 4.63448 -4.7744 -0.00646043 1981.49 0.00034743 1 0.116453 -0.211885 0.05 80727.6
0 1566 3 phononTF 0.00170805 4.97489 -3.88818 -0.0319186 12646.6 0.00034743 1 -0.0138277 -0.204468 0.05 33830.8
0 1566 5 phononTS 0.000473061 -0.0138277 -0.204468 0.049999 33830.8 0.00034743 1 0.0497922 -0.167151 0.05 33898.7
0 1579 5 phononTS 0.00146027 1.57268 -2.47394 0.0242004 58313.1 0.00069486 1 -0.0592309 -0.246382 0.05 84584.1
0 1582 2 phononTF 0.000521496 4.89483 -4.5704 0.0209432 1797.09 0.00034743 1 -0.0307533 -0.120323 0.05 61441.1
0 1592 3 phononTF 0.00225726 2.33052 -3.97775 8.17507e-05 8203.65 0.00034743 1 -0.0752419 -0.197048 0.05 45391.9
0 1633 3 phononTS 0.00186834 4.79705 -3.79414 -0.0384418 9487.42 0.00034743 1 0.0688314 -0.232993 0.05 29040.2
0 1636 2 phononTF 0.00140139 4.79285 -4.93178 0.00177373 410.151 0.00069486 1 0.0448385 -0.270744 0.05 79057.5
0 1665 3 phononTF 0.00162932 4.25723 -4.27601 -0.0239019 4363 0.00069486 1 -0.0558445 -0.162756 0.05 10876.5
0 1665 4 phononTF 0.000389618 -0.0558445 -0.162756 0.049999 10876.5 0.00034743 1 -0.0394117 -0.164332 0.05 10938.2
0 1676 5 phononTF 0.00114272 2.28325 -4.88919 -0.0403168 18980.1 0.00034743 1 0.0741561 -0.257943 0.05 48676
0 1691 5 phononTF 0.00190294 1.22257 -3.08104 0.0427588 16002.5 0.00104229 1 -0.0309079 -0.131517 0.05 59372.6
0 1711 3 phononTS 0.00131354 4.43707 -4.74643 -0.00629913 1186.26 0.00034743 1 -0.084907 -0.187383 0.05 18546.8
0 1754 4 phononTS 0.00099881 1.84344 -0.398292 0.00247397 25018.2 0.00034743 1 0.0500875 -0.120212 0.05 26245.5
0 1767 3 phononTF 0.00252329 4.71925 -4.2838 0.0255759 2611.03 0.00034743 1 0.0932826 -0.140915 0.05 22077.6
0 1767 5 phononL 0.00130194 0.0932826 -0.140915 0.049999 22077.6 0.00034743 1 0.0491535 -0.138469 0.05 22129.7
0 1767 10 phononTS 0.000485229 0.0491535 -0.138469 0.049999 22129.7 0.00034743 1 0.0452391 -0.166309 0.05 22195
0 1790 3 phononTF 0.00132719 4.84123 -4.6471 0.0122237 36.2583 0.00034743 1 0.0701825 -0.220149 0.05 5394.56
0 1809 5 phononTS 0.00141084 -0.518579 3.28836 0.00347686 20342 0.00034743 1 0.0173214 -0.235337 0.05 25525.3
0 1809 9 phononTS 0.000374689 0.0173214 -0.235337 0.049999 25525.3 0.00034743 1 0.0548726 -0.198329 0.05 25588.4
0 1819 2 phononTS 0.000816578 3.63625 -4.69014 0.0399749 8088.76 0.00034743 1 0.109758 -0.230074 0.05 44206.6
0 1828 4 phononTF 0.00101447 2.21944 -3.49624 0.0304686 29183.7 0.00034743 1 -0.0860844 -0.138114 0.05 53002.7
0 1861 3 phononL 0.00314567 3.81777 -3.70735 0.0268571 3585.31 0.00034743 1 -0.0545249 -0.256387 0.05 39227.2
0 1861 4 phononTF 0.00184068 -0.0545249 -0.256387 0.049999 39227.2 0.00104229 1 0.111242 -0.204412 0.05 39380
0 1870 3 phononTF 0.000913941 4.85255 -4.93872 -0.0142129 473.413 0.00034743 1 -0.0211663 -0.205443 0.05 19490.3
0 1951 5 phononTS 0.00110184 2.54625 -0.0102338 0.0327221 14805.7 0.00034743 1 -0.0231996 -0.176481 0.05 39657.3
0 1968 2 phononTS 0.00252276 4.99896 -4.73027 0.00434626 1081.43 0.00034743 1 -0.0740575 -0.222922 0.05 18030.8
0 1988 2 phononTF 0.00136365 4.72193 -4.78585 -0.00649311 8.64681 0.00069486 1 0.104144 -0.149087 0.05 12039.3
0 1998 3 phononTF 0.00208815 4.41857 -4.54325 -0.00960983 3754.91 0.00034743 1 0.0209023 -0.21542 0.05 55852
0 2001 3 phononTS 0.00221726 4.10969 -4.30027 0.00165657 5742.84 0.00069486 1 -0.0926637 -0.253058 0.05 11919.6
0 2008 3 phononTS 0.00185675 4.71303 -4.54496 0.0162342 1301.36 0.00069486 1 -0.0847771 -0.27428 0.05 25801.2
0 2008 4 phononTF 0.000372594 -0.0847771 -0.27428 0.049999 25801.2 0.00034743 1 -0.114704 -0.232954 0.05 25864.3
0 2019 2 phononTS 0.00199132 4.49196 -3.86812 0.0200634 3173.18 0.00069486 1 -0.0714407 -0.196842 0.05 41851.8
0 2019 9 phononTF 0.000517173 -0.0714407 -0.196842 0.049999 41851.8 0.00034743 1 -0.0337281 -0.236981 0.05 41972.9
0 2039 5 phononTF 0.000767626 -2.4216 2.16274 0.0397169 32633.4 0.00034743 1 -0.0960537 -0.180062 0.05 52712
0 2121 5 phononTS 0.00145399 1.15443 -3.34929 -0.0483564 20314.9 0.00069486 1 0.0739434 -0.151627 0.05 66950.6
0 2198 3 phononTF 0.00201293 4.86482 -4.04831 -0.0110358 4929.81 0.00069486 1 -0.0450926 -0.225642 0.05 19596.9
0 2209 2 phononTS 0.00185116 3.88339 -1.69443 -0.0189274 6842.18 0.00069486 1 -0.0825899 -0.138263 0.05 31786.1
0 2256 3 phononTF 0.00207372 3.91006 -2.69141 0.0150548 18807.8 0.00069486 1 -0.0359225 -0.139928 0.05 54991.3
0 2256 9 phononL 0.00103202 -0.0359225 -0.139928 0.049999 54991.3 0.00034743 1 -0.099158 -0.168365 0.05 55214
0 2261 2 phononL 0.00174784 4.76067 -3.92381 0.00755226 6055.73 0.00034743 1 0.0203658 -0.218769 0.05 128570
0 2286 4 phononTF 0.00104626 3.09962 -4.44722 -0.0197102 29375.3 0.00034743 1 -0.0500747 -0.15504 0.05 56082.1
0 2355 3 phononTS 0.00152027 4.77967 -4.50664 -0.00455195 2030.72 0.00034743 1 -0.07643 -0.122712 0.05 8271.47
0 2360 5 phononL 0.00166718 3.08444 -2.15676 -0.0285849 14603.3 0.00034743 1 -0.0367101 -0.145388 0.05 50857.4
0 2360 6 phononL 0.00112699 -0.0367101 -0.145388 0.049999 50857.4 0.00034743 1 -0.0674428 -0.290289 0.05 52160.6
0 2393 2 phononTS 0.0022911 1.0528 -3.76562 0.0220824 22429.4 0.00104229 1 0.110744 -0.194099 0.05 43408.4
0 2416 2 phononTS 0.00263777 3.55575 -4.73836 -0.00836188 3755.23 0.00069486 1 0.0563933 -0.196471 0.05 33786
0 2439 2 phononTS 0.00211026 4.50597 -4.49848 0.0254686 1929.66 0.00104229 1 0.0403053 -0.291653 0.05 54771.2
0 2447 2 phononTF 0.00193649 4.44371 -4.09591 0.0338117 4228.17 0.00034743 1 0.0929932 -0.219924 0.05 21587.9
0 2473 2 phononTS 0.00238158 3.81108 -2.88155 0.00463709 5900.24 0.00069486 1 0.0914192 -0.225659 0.05 17443.3
0 2490 2 phononTF 0.00099162 4.54662 -3.64627 0.0211149 3555.5 0.00069486 1 0.0269728 -0.178439 0.05 26871.4
0 2519 3 phononL 0.00182326 4.93058 -4.29687 -0.0107677 456.631 0.00069486 1 0.105295 -0.193661 0.05 6519.26
0 2519 7 phononTF 0.000425341 0.105295 -0.193661 0.049999 6519.26 0.00034743 1 0.0822759 -0.240964 0.05 6589.16
0 2540 7 phononTS 0.0013683 1.49726 -3.09676 0.0168025 11118.5 0.00104229 1 -0.0767448 -0.174729 0.05 125015
0 2546 4 phononL 0.00105354 2.96145 -3.63822 -0.00694544 62845.2 0.00069486 1 -0.0307651 -0.143073 0.05 101346
0 2547 4 phononTS 0.00147099 0.536778 -4.62986 0.0211044 27761.4 0.00034743 1 0.0936965 -0.156185 0.05 134533
0 2555 3 phononTF 0.00182404 4.45656 -3.64124 -0.0360143 4098.31 0.00069486 1 0.0891616 -0.257137 0.05 22342.2
0 2581 2 phononTS 0.00210607 3.78408 -3.37614 0.0436117 4950.29 0.00069486 1 0.0894122 -0.268636 0.05 44998.4
0 2593 2 phononTF 0.000930402 4.9707 -4.94648 -0.0230881 1211.97 0.00034743 1 -0.0305396 -0.209859 0.05 50368.4
0 2664 4 phononTS 0.00105702 4.4427 -4.67063 7.69731e-05 21310.3 0.00034743 1 0.069844 -0.166234 0.05 109930
0 2667 3 phononTF 0.00211981 4.91039 -4.77115 0.0179501 477.883 0.00034743 1 0.0972963 -0.152213 0.05 18655.5
0 2683 3 phononL 0.00211599 4.59991 -3.79215 0.0365412 3536.19 0.00034743 1 0.0246986 -0.121343 0.05 23773.9
0 2683 6 phononTS 0.00147554 0.0246986 -0.121343 0.049999 23773.9 0.00034743 1 0.029227 -0.158006 0.05 23836.6
0 2692 2 phononTS 0.00157925 4.50936 -3.77168 -0.0143385 2164.41 0.00069486 1 -0.0699527 -0.189888 0.05 21338.3
0 2705 3 phononTF 0.00187042 4.70506 -4.78756 0.0476196 2112.97 0.00034743 1 -0.0314707 -0.229183 0.05 14775.5
0 2725 5 phononTF 0.000794549 -3.88027 2.96769 0.0386672 81091 0.00034743 1 0.0677209 -0.176602 0.05 88772.6
0 2764 7 phononTS 0.00137696 0.775143 4.69691 0.0158928 38898.1 0.00034743 1 -0.106616 -0.198287 0.05 45628.9
0 2764 11 phononTF 0.000378182 -0.106616 -0.198287 0.049999 45628.9 0.00034743 1 -0.106932 -0.197525 0.05 45686.4
0 2800 3 phononTF 0.00208674 3.85309 -4.87407 -0.028916 3470.07 0.00034743 1 0.105161 -0.16987 0.05 8787.7
0 2800 4 phononTF 0.00104134 0.105161 -0.16987 0.049999 8787.7 0.00034743 1 0.0463288 -0.183268 0.05 8873.56
0 2800 10 phononTS 0.000389691 0.0463288 -0.183268 0.049999 8873.56 0.00034743 1 0.0831644 -0.191781 0.05 9029.18
0 2834 4 phononTS 0.000948886 -4.03102 1.37318 0.0337122 61924.4 0.00034743 1 -0.0799319 -0.210692 0.05 109776
0 2865 5 phononTF 0.0013019 -0.545392 -0.709578 0.0283162 48167.9 0.00034743 1 -0.0583778 -0.2122 0.05 48507.1
0 2897 2 phononL 0.00225568 4.64512 -4.51425 -0.0300762 7856.69 0.00069486 1 -0.11161 -0.183837 0.05 47602.8
0 2897 4 phononTS 0.000370211 -0.11161 -0.183837 0.049999 47602.8 0.00034743 1 -0.079638 -0.208819 0.05 47960
0 2913 4 phononTF 0.000866817 0.664809 -4.36976 0.0108332 38779.6 0.00034743 1 0.101007 -0.182345 0.05 42708.1
0 2925 2 phononTS 0.00190351 4.17961 -4.73211 -0.0337643 2591.5 0.00034743 1 0.0729484 -0.225109 0.05 10559.8
0 2930 3 phononTS 0.00163054 3.94523 -3.93075 -0.0179099 24904 0.00034743 1 -0.0719283 -0.127077 0.05 38745.5
0 2958 4 phononTS 0.00118708 -0.267585 -2.99892 0.0180024 62126 0.00069486 1 -0.0500209 -0.208385 0.05 72082
0 3018 2 phononTS 0.0013705 4.90571 -4.85257 -0.0485413 781.091 0.00034743 1 0.0977047 -0.247803 0.05 27201.7
0 3029 5 phononL 0.00182537 3.2721 -3.73289 -0.0154081 27694.1 0.00034743 1 -0.0441734 -0.128788 0.05 79153.7
0 3048 2 phononTF 0.00162337 3.31491 -3.70795 -0.0330239 6060.9 0.00069486 1 0.0543193 -0.149673 0.05 69369
0 3102 5 phononTF 0.00134717 4.05995 0.460766 0.00774924 15271.5 0.00034743 1 -0.0273133 -0.152116 0.05 20286.7
0 3140 4 phononTF 0.000349795 -0.652604 0.513668 -0.0236326 70879.8 0.00034743 1 -0.0440326 -0.129719 0.05 90660.2
0 3151 4 phononTS 0.000608931 4.91513 -2.62884 -0.0335631 17854.6 0.00034743 1 0.0934764 -0.144922 0.05 42808.2
0 3154 3 phononTF 0.00200718 4.87396 -4.00107 0.0395292 5789.22 0.00034743 1 0.0658213 -0.150694 0.05 17671.8
0 3175 3 phononTS 0.00180153 4.25681 -2.99284 -0.0158673 5681.34 0.00034743 1 0.118271 -0.190418 0.05 61801.4
0 3196 4 phononTF 0.000713287 2.66488 -4.29892 -0.0337659 6816.95 0.00034743 1 -0.0729577 -0.133171 0.05 29403.2
0 3197 3 phononL 0.00247273 4.59784 -4.4974 0.016427 340.734 0.00034743 1 0.0824779 -0.255432 0.05 12587.7
0 3225 4 phononTS 0.00112656 4.55158 -4.82989 -0.0418681 9393.2 0.00069486 1 0.0257537 -0.26504 0.05 23842.5
0 3314 4 phononTF 0.000983721 4.97908 -3.75076 0.0299451 9311.78 0.00034743 1 0.0582761 -0.127759 0.05 24463.3
0 3327 2 phononTF 0.00175991 4.36787 -3.8173 -0.0156689 13616 0.00034743 1 -0.0527269 -0.103771 0.05 26503.9
0 3345 2 phononTS 0.0024411 4.12105 -3.8197 0.00192731 3262.18 0.00034743 1 0.0156865 -0.166533 0.05 43309.2
0 3346 3 phononL 0.0018216 3.90936 -3.76866 -0.022901 1918.31 0.00069486 1 -0.0940829 -0.192364 0.05 48726.3
0 3346 8 phononTF 0.000382523 -0.0940829 -0.192364 0.049999 48726.3 0.00034743 1 -0.109223 -0.243865 0.05 49064.2
0 3376 4 phononTS 0.00169362 4.79002 -2.52791 0.0291304 19904.2 0.00069486 1 -0.0267513 -0.144143 0.05 32251.2
0 3408 3 phononTS 0.001912 4.35333 -4.69134 0.0350572 15068.7 0.00034743 1 -0.0692938 -0.116608 0.05 64076.6
0 3423 2 phononL 0.00143232 4.68944 -1.97531 0.037113 14373.4 0.00069486 1 0.119221 -0.205387 0.05 102100
0 3537 5 phononTF 0.00141009 1.10337 -2.51944 -0.0402875 14087.3 0.00034743 1 -0.0489254 -0.131975 0.05 23552.9
0 3568 3 phononTS 0.00216753 4.85516 -3.20837 0.0439542 14978.8 0.00034743 1 -0.0622185 -0.263297 0.05 44568.2
0 3573 4 phononTS 0.0015279 4.35728 -4.65236 0.0466006 8927.59 0.00034743 1 0.0576578 -0.103529 0.05 56367.4
0 3576 5 phononTS 0.00139174 1.63865 -4.46905 -0.0402245 42230.2 0.00034743 1 0.029464 -0.176836 0.05 55928.3
0 3673 3 phononTF 0.00101448 4.7822 -2.97029 0.0275893 6298.81 0.00034743 1 -0.0265291 -0.177863 0.05 56851.5
0 3682 3 phononTS 0.0029845 4.80619 -4.76655 -0.0470143 3144.11 0.00069486 1 -0.0317631 -0.203212 0.05 56018.3
0 3682 4 phononTF 0.000691533 -0.0317631 -0.203212 0.049999 56018.3 0.00034743 1 -0.0465873 -0.155622 0.05 56140.6
0 3683 5 phononTF 0.000805164 4.95603 4.55408 -0.0448933 41936.9 0.00034743 1 0.0240992 -0.271337 0.05 58902.1
0 3692 3 phononTS 0.00194671 4.67523 -4.71853 -0.0222577 16.3563 0.00104229 1 0.0820745 -0.20193 0.05 32268.2
0 3695 2 phononTS 0.00178232 4.48351 -4.80648 0.0155067 4261.85 0.00069486 1 -0.0930795 -0.14342 0.05 23232.8
0 3699 3 phononTS 0.00165832 4.94605 -4.62972 0.0499388 321.143 0.00034743 1 0.049894 -0.241126 0.05 14455.8
0 3778 5 phononTF 0.000897816 4.00466 -1.96364 0.00760526 10553.6 0.00069486 1 0.0567702 -0.159178 0.05 101196
0 3907 5 phononTF 0.001295 0.655677 -3.33557 -0.00564377 5118.81 0.00034743 1 0.020772 -0.203638 0.05 129407
0 3919 5 phononTF 0.0017465 3.07056 -4.15573 -0.02504 10374.1 0.00034743 1 0.0485665 -0.144707 0.05 45937.5
0 3927 2 phononTS 0.00102359 3.1499 -4.46181 0.0483529 3003.32 0.00034743 1 0.070061 -0.186117 0.05 46527.4
0 3995 3 phononTS 0.00232312 4.79285 -4.29143 0.0278178 6312.56 0.00104229 1 -0.0438996 -0.209662 0.05 28501.3
0 4017 2 phononTS 0.00180266 3.2828 -4.3639 -0.041139 5896.98 0.00034743 1 -0.0507565 -0.126101 0.05 45418.9
0 4017 4 phononL 0.00115113 -0.0507565 -0.126101 0.049999 45418.9 0.00034743 1 0.06291 -0.225303 0.05 48999.4
0 4023 3 phononTS 0.00108328 4.87413 -4.99721 -0.0465405 119.087 0.00034743 1 -0.0500175 -0.217173 0.05 33601.6
0 4060 3 phononTF 0.0021963 2.45952 -4.81692 -0.0365069 14495.1 0.00069486 1 0.0871558 -0.173393 0.05 32108.7
0 4060 5 phononTF 0.000724746 0.0871558 -0.173393 0.049999 32108.7 0.00069486 1 0.0745575 -0.253908 0.05 32268.5
0 4063 2 phononTS 0.00222 3.92861 -1.09859 0.0482251 13936.7 0.00069486 1 -0.0452552 -0.111159 0.05 24618.9
0 4063 4 phononTF 0.000754571 -0.0452552 -0.111159 0.049998 24618.9 0.00034743 1 0.0554737 -0.191681 0.05 24705.7
0 4065 2 phononTF 0.00208562 4.49116 -4.83267 -0.0400884 54.7814 0.00069486 1 0.0294817 -0.110316 0.05 20545.5
0 4084 2 phononTF 0.00148085 4.27556 -4.63764 -0.0151115 2625.84 0.00034743 1 -0.0672585 -0.204189 0.05 77042.7
0 4096 5 phononTS 0.00179901 3.55055 -3.78533 -0.0158544 3186.12 0.00034743 1 -0.0440371 -0.11526 0.05 13937.6
0 4096 6 phononTF 0.00109047 -0.0440371 -0.11526 0.049999 13937.6 0.00034743 1 -0.0171048 -0.18004 0.05 19211.7
0 4174 2 phononTF 0.00109795 4.72336 -4.56478 0.00713986 2801.45 0.00034743 1 0.0950959 -0.236039 0.05 32059.7
0 4182 3 phononTF 0.00166607 4.32302 -4.4615 0.0290614 2373.36 0.00034743 1 0.0604804 -0.239557 0.05 9303.24
0 4182 6 phononTF 0.000463767 0.0604804 -0.239557 0.049999 9303.24 0.00034743 1 0.111936 -0.229418 0.05 10071.9
0 4207 2 phononTF 0.0006115 4.30504 -4.39991 0.0129465 12504 0.00034743 1 -0.0288532 -0.247548 0.05 14218.9
0 4225 2 phononTS 0.00176921 4.12764 -4.80208 -0.0332438 652.377 0.00069486 1 -0.0680076 -0.116512 0.05 11458.3
0 4225 4 phononTS 0.000521224 -0.0680076 -0.116512 0.049999 11458.3 0.00034743 1 -0.0433738 -0.163365 0.05 11526
0 4345 2 phononTS 0.00273552 3.73979 -4.64233 -0.0115236 7184.92 0.00034743 1 -0.0847844 -0.234192 0.05 31098
0 4345 5 phononTF 0.000852859 -0.0847844 -0.234192 0.049999 31098 0.00034743 1 -0.0254972 -0.230471 0.05 31162.9
0 4345 4 phononL 0.000530266 -0.0847844 -0.234192 0.049999 31098 0.00034743 1 -0.095796 -0.228274 0.05 31802.1
0 4351 3 phononL 0.00192813 4.14857 -4.71659 -0.0277378 2352.64 0.00034743 1 0.064983 -0.145888 0.05 36380.8
0 4364 5 phononTS 0.00121759 4.69047 -4.7126 -0.00730833 11812 0.00069486 1 0.110855 -0.168263 0.05 31328.7
0 4430 3 phononTF 0.00218422 4.04777 -4.24717 -0.00594538 8716.27 0.00069486 1 -0.0296663 -0.24914 0.05 31651
0 4431 2 phononTF 0.001631 3.28862 -1.99987 0.00358428 14173.9 0.00034743 1 0.0415543 -0.162051 0.05 58180.2
0 4431 6 phononTS 0.00039485 0.0415543 -0.162051 0.049999 58180.2 0.00034743 1 0.078226 -0.140022 0.05 60250.7
0 4452 2 phononTS 0.000501969 1.89719 -4.31983 0.0425604 13519.5 0.00034743 1 0.0827218 -0.15512 0.05 49550.8
0 4462 2 phononTS 0.00215649 2.73008 -2.9709 0.0432982 9575.35 0.00034743 1 -0.089995 -0.220383 0.05 16408.4
0 4504 2 phononTS 0.00147803 2.74527 -4.88206 -0.0177806 20158.9 0.00034743 1 0.0279085 -0.243535 0.05 36958.4
0 4512 4 phononTS 0.0013216 1.2892 -2.33365 0.00979171 43709.2 0.00069486 1 -0.0819985 -0.182354 0.05 49005
0 4542 3 phononTS 0.00220554 4.90989 -4.82507 0.0405801 2451.46 0.00069486 1 0.114182 -0.213654 0.05 11122.2
0 4567 3 phononTS 0.00187117 4.28471 -4.08756 -0.0480479 6156.21 0.00034743 1 0.0589018 -0.29096 0.05 22917.6
0 4589 4 phononL 0.00158028 3.82679 -3.79151 -0.00806131 20743.5 0.00034743 1 0.0805881 -0.118579 0.05 53497.5
0 4607 2 phononTS 0.00197464 4.09608 -4.92247 0.0095801 1954.67 0.00034743 1 -0.111359 -0.172553 0.05 15282.3
0 4623 2 phononL 0.00221615 4.64867 -4.30246 -0.0368296 3027.79 0.00069486 1 0.0549251 -0.152532 0.05 9446.06
0 4725 3 phononTS 0.00183253 3.92008 -4.75013 -0.040925 721.316 0.00034743 1 -0.0837353 -0.235304 0.05 55636.1
0 4725 4 phononL 0.000958423 -0.0837353 -0.235304 0.049999 55636.1 0.00034743 1 -0.0890446 -0.194034 0.05 55871.1
0 4871 2 phononTF 0.00159501 3.75201 -4.10258 0.0195299 6705.85 0.00034743 1 -0.0847969 -0.125052 0.05 81027.7
0 4907 4 phononTF 0.0011955 1.60984 1.3045 0.0311288 66846.2 0.00034743 1 0.0506651 -0.183956 0.05 84029.8
0 4914 4 phononL 0.000962943 -0.870466 3.16017 -0.00578532 35854.6 0.00069486 1 0.0330075 -0.137891 0.05 69491.8
0 4918 2 phononL 0.00183538 4.41437 -4.48199 -0.0460084 5587.69 0.00069486 1 0.0476675 -0.112455 0.05 23459.9
0 4933 5 phononTS 0.000957268 3.78398 -2.06994 0.00870071 33576.3 0.00034743 1 0.0242531 -0.212065 0.05 69414.2
0 4958 3 phononTF 0.00231932 3.93156 -4.98546 0.0198731 4280.04 0.00034743 1 0.02951 -0.189906 0.05 42559.3
0 4964 3 phononTF 0.00262655 4.89363 -4.90944 0.0350228 219.448 0.00069486 1 -0.0948914 -0.179328 0.05 31644.3
0 4969 5 phononTS 0.000950665 1.84805 -4.74503 0.0271114 50466.8 0.00034743 1 -0.0503646 -0.293127 0.05 72018.5
0 4994 2 phononTF 0.0014806 4.64403 -3.08858 -0.0399319 3161.33 0.00034743 1 -0.0618994 -0.124168 0.05 155862
0 4998 3 phononTF 0.00228204 3.55052 -4.99785 0.0284698 1563.28 0.00034743 1 0.0892184 -0.213188 0.05 14214.8
