Run ID,Event ID,Track ID,Particle Name,Start Energy [eV],Start X [mm],Start Y [mm],Start Z [mm],Start Time [ns],Energy Deposited [eV],Track Weight,End X [mm],End Y [mm],End Z [mm],Final Time [ns],Volume Name
0 0 2 phononL 0.0028882 1.25854 0.757999 -0.0108091 2.9159 0.00034743 1 0.0528623 -0.132573 0.05 7621.61
0 24 3 phononTS 0.00172505 0.278704 0.387633 -0.0287854 7215.85 0.00069486 1 -0.112084 -0.205458 0.05 23404.2
0 24 9 phononTF 0.000661696 -0.112084 -0.205458 0.049999 23404.2 0.00034743 1 -0.0550112 -0.219095 0.05 23554
0 27 3 phononL 0.00258083 0.073168 0.111516 -0.0189665 2945.26 0.00069486 1 -0.0346987 -0.212071 0.05 3378.54
0 36 2 phononL 0.00213191 0.722213 2.63826 0.0136753 11819.4 0.00034743 1 0.072232 -0.234037 0.05 26747.3
0 36 7 phononTS 0.000774747 0.072232 -0.234037 0.049999 26747.3 0.00034743 1 -0.031231 -0.298339 0.05 26977.4
0 44 4 phononTF 0.000616542 0.255821 0.0772666 0.049999 9756.79 0.00034743 1 -0.0467378 -0.291195 0.05 25884.2
0 49 3 phononTF 0.00183592 0.11177 2.76374 0.0248977 13333.2 0.00034743 1 0.0830054 -0.175955 0.05 37157
0 49 6 phononTS 0.000966368 0.0830054 -0.175955 0.049998 37157 0.00069486 1 0.117884 -0.179574 0.05 37218.8
0 56 4 phononTS 0.000773662 -3.20849 3.83006 -0.0466451 34156.3 0.00034743 1 -0.0514123 -0.214091 0.05 127007
0 62 4 phononTS 0.00152541 1.99405 1.36143 -0.00734782 1620.17 0.00034743 1 0.0628541 -0.275601 0.05 9722.76
0 68 3 phononTF 0.00186695 -0.464173 1.48224 -0.031584 4859.79 0.00034743 1 0.0707133 -0.287849 0.05 8123.57
0 68 5 phononTS 0.00110507 0.0707133 -0.287849 0.049999 8123.57 0.00034743 1 -0.0991575 -0.223455 0.05 8834.11
0 69 3 phononTS 0.00120535 1.34692 0.572388 0.0454303 1835.09 0.00069486 1 0.0637789 -0.220359 0.05 9234.42
0 88 3 phononTF 0.0028149 0.964375 1.18198 -0.0274641 2816.86 0.00034743 1 0.0895426 -0.128532 0.05 11140.3
0 88 5 phononTS 0.000702229 0.0895426 -0.128532 0.049999 11140.3 0.00034743 1 -0.0908973 -0.222249 0.05 11536.3
0 117 5 phononTF 0.00249604 -0.0102677 -4.22969 -0.0416538 30592.2 0.00034743 1 -0.0753916 -0.261861 0.05 64636
0 122 2 phononTF 0.00239815 0.97383 0.417728 0.0321583 976.139 0.00069486 1 -0.105638 -0.243735 0.05 3338.96
0 124 3 phononTF 0.0029247 1.50251 0.676611 -0.00662886 1543.09 0.00034743 1 0.0909424 -0.249888 0.05 4909.49
0 132 2 phononTF 0.00285117 1.07216 0.329884 -0.00862504 2160.03 0.00069486 1 -0.0746072 -0.134231 0.05 20997.5
0 139 2 phononTF 0.00249773 1.23503 0.751213 -0.0085087 3.33168 0.00069486 1 0.0598025 -0.293832 0.05 923.543
0 139 7 phononTF 0.000631877 0.0598025 -0.293832 0.049998 923.543 0.00034743 1 0.0745459 -0.189617 0.05 1136.93
0 147 3 phononTF 0.000659951 1.25296 0.0974082 0.049999 3606.72 0.00034743 1 0.104731 -0.177525 0.05 14081.2
0 156 3 phononTS 0.00119339 -0.0571878 1.09208 -0.00649584 8779.75 0.00034743 1 -0.0520993 -0.273575 0.05 50908.8
0 160 5 phononTS 0.000519597 2.06696 0.0717905 0.049999 1797.86 0.00034743 1 -0.110571 -0.223303 0.05 51909.1
0 183 2 phononTF 0.00174649 0.310466 2.27505 -0.00112898 6221.99 0.00034743 1 0.0918344 -0.15708 0.05 44252.3
0 184 3 phononL 0.00208221 0.953395 0.978599 -0.0405871 2702.17 0.00104229 1 -0.0193542 -0.185078 0.05 4583.66
0 197 2 phononTF 0.00275175 0.0706671 0.130927 -0.0310305 4728.23 0.00034743 1 -0.0703399 -0.242883 0.05 16354.2
0 197 4 phononTS 0.00129155 -0.0703399 -0.242883 0.049998 16354.2 0.00069486 1 0.0298579 -0.129102 0.05 16448.8
0 201 5 phononTS 0.000445663 0.226022 0.0618682 0.049999 1635.59 0.00034743 1 0.0239243 -0.140193 0.05 3082.38
0 233 2 phononTF 0.00213373 0.573317 1.4967 0.0280362 1428.52 0.00104229 1 0.08383 -0.127971 0.05 2211.51
0 244 3 phononTS 0.000776155 2.28226 -0.00363062 0.049998 2638.27 0.00034743 1 0.0302001 -0.210248 0.05 34119.5
0 246 3 phononTF 0.00120162 0.831784 -0.266245 0.0161026 3911.06 0.00034743 1 0.0361439 -0.102204 0.05 4973.31
0 288 4 phononL 0.000715749 0.142272 0.00164445 0.049999 1143.66 0.00034743 1 -0.0277484 -0.280956 0.05 1468.96
0 296 3 phononTF 0.00208514 0.421071 0.788144 0.0247886 3416.81 0.00069486 1 0.0532529 -0.146345 0.05 7253.28
0 311 2 phononTS 0.00198972 1.3914 0.380363 0.0155317 2388.31 0.00104229 1 -0.0585669 -0.119042 0.05 5987.63
0 318 2 phononTF 0.00163173 2.39376 1.11309 0.0452729 11726.4 0.00069486 1 -0.0439287 -0.111171 0.05 50983.1
0 343 2 phononL 0.00173494 1.43976 0.690174 0.0407484 2270.02 0.00034743 1 0.051733 -0.299433 0.05 68937.2
0 357 1 phononTS 0.004 1.25 0.75 0 0 0.00069486 1 0.0778779 -0.26898 0.05 4175.14
0 386 5 phononTS 0.00127309 1.41957 4.69833 -0.00938554 17158.6 0.00034743 1 0.0759939 -0.190157 0.05 40019.8
0 386 7 phononTS 0.000483737 0.0759939 -0.190157 0.049998 40019.8 0.00034743 1 -0.0518884 -0.169392 0.05 40192.6
0 393 1 phononTF 0.004 1.25 0.75 0 0 0.00034743 1 -0.0332831 -0.294697 0.05 6985.76
0 397 2 phononL 0.000739191 1.56009 0.0256253 0.049999 1923.44 0.00034743 1 0.0435095 -0.23492 0.05 13275.9
0 399 2 phononTF 0.000440324 0.554378 0.101079 0.049999 2591.5 0.00034743 1 0.0436249 -0.181167 0.05 4148.33
0 404 5 phononTS 0.00158996 0.874057 4.62503 0.00637301 19268.1 0.00104229 1 -0.10465 -0.20197 0.05 25990.7
0 413 2 phononTS 0.00101695 -0.488575 1.54519 0.0426898 3969.45 0.00034743 1 0.0873238 -0.190139 0.05 12576.9
0 415 3 phononL 0.00154385 1.6118 1.11411 -0.0491716 1644.67 0.00069486 1 -0.0660617 -0.19043 0.05 25314.9
0 461 3 phononTF 0.00139121 0.421638 1.28993 -0.0394388 819.264 0.00034743 1 -0.026136 -0.121809 0.05 17427.9
0 471 3 phononL 0.00208214 0.224709 0.796912 -0.0393245 965.185 0.00069486 1 -0.0328419 -0.125416 0.05 5021.85
0 508 3 phononTF 0.00210312 1.22377 0.784884 -0.00423586 43.5296 0.00104229 1 0.106535 -0.152839 0.05 81317.3
0 535 7 phononTF 0.00155695 -0.374204 0.962166 -0.012389 20781.2 0.00034743 1 -0.0537988 -0.119389 0.05 36019
0 535 9 phononTS 0.000651544 -0.0537988 -0.119389 0.049999 36019 0.00034743 1 -0.104114 -0.208499 0.05 36199.7
0 555 2 phononTF 0.00232009 2.70764 -0.0440902 0.00716583 25618.6 0.00034743 1 0.0468705 -0.155676 0.05 36793.5
0 569 4 phononTS 0.000352996 1.22469 0.0742489 0.049999 3357.59 0.00034743 1 0.0801822 -0.181104 0.05 5637.74
0 597 2 phononL 0.00113886 1.84917 0.597396 0.0293405 3177.13 0.00034743 1 0.0756216 -0.264738 0.05 6925.97
0 653 2 phononTF 0.00267612 3.57889 1.98897 0.00578972 8423.65 0.00069486 1 -0.0940726 -0.265468 0.05 25896.9
0 690 7 phononTS 0.00127829 0.439827 4.27453 -0.0329527 61126.7 0.00034743 1 0.0673677 -0.273204 0.05 98610
0 697 3 phononTS 0.000777953 0.811765 0.0749923 0.049999 1744.71 0.00034743 1 -0.0443755 -0.246963 0.05 6845.26
0 734 3 phononTS 0.0022587 1.26965 0.727468 0.0123919 5.96032 0.00069486 1 -0.0888743 -0.189035 0.05 15558.3
0 734 4 phononTF 0.00128876 -0.0888743 -0.189035 0.049999 15558.3 0.00034743 1 -0.0552461 -0.206699 0.05 16271.3
0 761 3 phononL 0.00217501 1.16864 0.540222 -0.00935368 1917.92 0.00034743 1 -0.0711495 -0.216673 0.05 24501.1
0 763 5 phononTF 0.0011995 3.62846 3.12935 0.00234385 11684.7 0.00034743 1 -0.0182947 -0.243226 0.05 48024.5
0 780 1 phononTF 0.004 1.25 0.75 0 0 0.00069486 1 0.0479899 -0.113774 0.05 16405.8
0 782 2 phononTS 0.00300714 1.08647 0.641501 -0.0448756 276.807 0.00069486 1 0.0571902 -0.141139 0.05 6717.5
0 782 11 phononTS 0.000523709 0.0571902 -0.141139 0.049999 6717.5 0.00034743 1 -0.0730078 -0.284567 0.05 12016.9
0 784 2 phononTS 0.000519424 1.25956 0.0472507 0.049999 3739.53 0.00034743 1 0.0975514 -0.177717 0.05 4535.38
0 803 3 phononTF 0.002393 1.16781 0.941364 -0.00486564 468.22 0.00034743 1 0.0782107 -0.206793 0.05 8456.43
0 818 2 phononL 0.000905376 0.923399 0.00695301 0.049999 805.728 0.00034743 1 0.0427921 -0.11542 0.05 1915.26
0 851 4 phononL 0.00111674 3.57608 0.832206 -0.00250069 22739.8 0.00034743 1 -0.0631592 -0.232272 0.05 122857
0 858 2 phononL 0.000613844 1.5193 0.103303 0.049999 1460.77 0.00034743 1 0.0895048 -0.23814 0.05 3621.01
0 865 2 phononTF 0.00210525 0.89244 1.20017 0.00583102 2515.58 0.00104229 1 0.0614851 -0.18065 0.05 41626.7
0 907 4 phononTS 0.00116494 1.50605 -0.925668 -0.0200815 18710 0.00034743 1 -0.10137 -0.22828 0.05 21059.3
0 908 2 phononTF 0.00151373 1.29885 0.803922 0.0430151 15.4208 0.00034743 1 -0.0166389 -0.198997 0.05 81244.9
0 949 3 phononTF 0.00218782 1.18691 0.712906 0.0171582 14.3384 0.00069486 1 0.0715247 -0.20255 0.05 16290.3
0 952 5 phononTF 0.00227854 2.21933 1.51413 0.0115601 3332.59 0.00034743 1 -0.0371698 -0.127589 0.05 16148.1
0 952 7 phononTS 0.00166859 -0.0371698 -0.127589 0.049999 16148.1 0.00069486 1 -0.0783828 -0.254842 0.05 17531.9
0 957 5 phononTF 0.000442377 1.00439 0.0437554 0.049999 1221.73 0.00034743 1 -0.0799823 -0.173909 0.05 18994.3
0 970 2 phononTF 0.00124394 1.23664 0.470251 0.034722 199.749 0.00069486 1 0.0596328 -0.296887 0.05 1342.84
0 972 4 phononTS 0.00182947 0.292916 -4.86145 -0.0448077 40537 0.00034743 1 0.0330583 -0.126465 0.05 49007.5
0 972 7 phononTS 0.000543803 0.0330583 -0.126465 0.049999 49007.5 0.00034743 1 -0.0381247 -0.214155 0.05 49409.7
0 995 2 phononTF 0.00113101 1.22197 0.729071 -0.00865105 791.127 0.00034743 1 0.115608 -0.219438 0.05 9583.27
0 1040 3 phononTS 0.000608602 0.168043 0.0375276 0.049999 5683.16 0.00034743 1 0.0771688 -0.215045 0.05 5973
0 1045 2 phononL 0.00136304 -0.32636 2.39852 -0.0342353 3858.23 0.00034743 1 -0.0406366 -0.135138 0.05 35559.8
0 1051 2 phononTS 0.00216579 1.19033 0.706786 -0.000567838 159.23 0.00034743 1 -0.0492147 -0.113085 0.05 3802.28
0 1051 5 phononTF 0.000846444 -0.0492147 -0.113085 0.049998 3802.28 0.00034743 1 0.0517076 -0.201634 0.05 3879.4
0 1054 3 phononTS 0.00182798 0.249181 1.52833 -0.0243651 1222.61 0.00034743 1 -0.0219524 -0.153367 0.05 102898
0 1061 1 phononTS 0.004 1.25 0.75 0 0 0.00034743 1 -0.0460358 -0.0975853 0.05 7216.7
0 1077 1 phononTS 0.004 1.25 0.75 0 0 0.00104229 1 -0.0531499 -0.138291 0.05 3496.81
0 1077 6 phononTS 0.00192436 -0.0531499 -0.138291 0.049999 3496.81 0.00069486 1 -0.0397366 -0.257101 0.05 3674.46
0 1077 17 phononTF 0.000548126 -0.0397366 -0.257101 0.049999 3674.46 0.00034743 1 -0.0447581 -0.257295 0.05 3734.95
0 1102 2 phononTF 0.000936553 1.41473 2.0764 -0.0456757 4475.45 0.00034743 1 -0.0645957 -0.184695 0.05 16565.8
0 1106 2 phononTS 0.00209753 2.83271 -0.456941 -0.00112403 3402.37 0.00069486 1 0.0359964 -0.257605 0.05 18641.5
0 1111 2 phononTF 0.00219558 0.153375 -0.299548 -0.0256625 4392.89 0.00069486 1 0.0882979 -0.200328 0.05 6025.89
0 1136 2 phononTF 0.00208363 0.82687 0.896951 -0.0382641 5915.87 0.00104229 1 0.108205 -0.241355 0.05 35512.2
0 1143 2 phononL 0.00257971 1.32934 1.7496 0.0453443 14842.2 0.00069486 1 -0.0547059 -0.2179 0.05 27312
0 1187 2 phononTF 0.0018936 -0.476444 1.11753 0.0232569 1768.78 0.00034743 1 -0.0904346 -0.165543 0.05 15760.1
0 1207 3 phononTF 0.00208238 1.5548 1.1808 -0.0248865 311.657 0.00034743 1 -0.0350533 -0.278219 0.05 3307.31
0 1258 2 phononTS 0.00176039 0.99016 -0.335694 -0.0492635 3519.35 0.00069486 1 -0.0425687 -0.266503 0.05 3813.55
0 1294 4 phononTS 0.000553379 -0.40647 3.9563 -0.0443136 24728.7 0.00034743 1 -0.109557 -0.223472 0.05 44258.8
0 1297 5 phononTF 0.00113975 0.801225 0.0475043 -0.0197875 846.723 0.00034743 1 -0.0740305 -0.167629 0.05 17689.5
0 1316 3 phononTS 0.00269442 0.961749 1.35128 -0.0199092 4701 0.00034743 1 -0.102329 -0.188538 0.05 8927.15
0 1320 4 phononL 0.000843423 2.94431 1.54601 0.0288244 16850.1 0.00034743 1 -0.0340643 -0.13281 0.05 25448.5
0 1331 2 phononTF 0.000500048 1.15509 -0.110967 -0.0118036 755.994 0.00034743 1 0.0527008 -0.254962 0.05 2793.79
0 1345 4 phononL 0.00127892 1.5966 4.20712 0.0330942 16519.1 0.00034743 1 -0.0238943 -0.227341 0.05 45771.8
0 1349 2 phononTF 0.000850352 1.34926 0.0966655 0.049999 1365.7 0.00034743 1 -0.0451877 -0.138185 0.05 2771.61
0 1352 2 phononTF 0.00198927 1.0347 0.773909 0.000556687 495.301 0.00034743 1 -0.0910285 -0.183104 0.05 33311.4
0 1364 2 phononTF 0.00270207 0.607784 -0.136766 0.0183668 2092.21 0.00034743 1 0.0739498 -0.228376 0.05 18959.6
0 1364 4 phononTF 0.0021817 0.0739498 -0.228376 0.049999 18959.6 0.00034743 1 0.0484562 -0.194904 0.05 19100.8
0 1371 4 phononTS 0.000762249 0.267707 0.0970996 0.049999 7003.58 0.00034743 1 0.0658369 -0.174189 0.05 7830.6
0 1481 4 phononTS 0.00103592 -1.43708 2.19712 0.0448698 16843.8 0.00034743 1 -0.0199376 -0.186023 0.05 117577
0 1498 4 phononTS 0.000347532 1.82555 0.0238247 0.049999 2952.16 0.00034743 1 -0.0355262 -0.141019 0.05 20650.8
0 1506 2 phononL 0.00189531 0.350484 2.06625 -0.00454076 4172.04 0.00034743 1 -0.110557 -0.241484 0.05 17786.4
0 1511 2 phononTF 0.00230319 1.77136 0.936189 -0.0208553 417.804 0.00069486 1 -0.0713186 -0.132061 0.05 4144.71
0 1511 7 phononTS 0.000487907 -0.0713186 -0.132061 0.049999 4144.71 0.00034743 1 0.10334 -0.173278 0.05 4408.95
0 1513 2 phononTF 0.00202035 0.44241 3.53306 0.0266833 13962.3 0.00034743 1 -0.0506188 -0.234451 0.05 69252.3
0 1541 3 phononL 0.00270033 1.42252 0.911418 -0.0145379 241.06 0.00034743 1 0.0630722 -0.271116 0.05 4553.56
0 1558 1 phononTS 0.004 1.25 0.75 0 0 0.00034743 1 0.080802 -0.200188 0.05 2522.89
0 1558 2 phononTF 0.00312119 0.080802 -0.200188 0.049999 2522.89 0.00104229 1 0.0614302 -0.103599 0.05 2631.71
0 1558 9 phononTS 0.000389253 0.0614302 -0.103599 0.049999 2631.71 0.00034743 1 0.110381 -0.194811 0.05 2710.97
0 1561 3 phononTS 0.00204804 1.25233 0.771047 0.00774971 4.47814 0.00034743 1 0.0554749 -0.282217 0.05 6338.61
0 1561 5 phononTS 0.000674847 0.0554749 -0.282217 0.049999 6338.61 0.00034743 1 0.0715522 -0.265484 0.05 6401.87
0 1570 3 phononL 0.00260963 1.0308 0.683394 0.0263982 2673.22 0.00034743 1 0.0666717 -0.184808 0.05 32673
0 1584 5 phononL 0.000566855 1.19002 0.0563865 0.049999 1273.22 0.00034743 1 -0.0364502 -0.304268 0.05 4760.39
0 1590 5 phononL 0.000349936 0.648107 0.052291 0.049999 2574.81 0.00034743 1 0.0525126 -0.268115 0.05 6675.29
0 1596 2 phononL 0.0019674 1.51335 0.402659 0.029891 2797.77 0.00069486 1 -0.0922604 -0.229861 0.05 120642
0 1610 1 phononTS 0.004 1.25 0.75 0 0 0.00104229 1 -0.0676121 -0.264263 0.05 5094.34
0 1627 2 phononTS 0.00215467 0.883946 0.270136 -0.0129229 4097.35 0.00034743 1 -0.0906886 -0.196717 0.05 4480.45
0 1627 4 phononTS 0.00142198 -0.0906886 -0.196717 0.049998 4480.45 0.00034743 1 0.0630216 -0.126881 0.05 4942.39
0 1633 2 phononTF 0.00253057 1.25566 0.695852 0.0291358 195.024 0.00034743 1 0.0923342 -0.193788 0.05 1905.52
0 1633 4 phononTS 0.00188486 0.0923342 -0.193788 0.049999 1905.52 0.00034743 1 0.0510246 -0.115492 0.05 2745.94
0 1666 3 phononTS 0.0021536 1.40313 1.79138 0.000679374 3487.36 0.00069486 1 -0.078511 -0.117145 0.05 8731.56
0 1675 2 phononTS 0.00147605 1.15542 0.447467 -0.0277131 1635.43 0.00069486 1 0.115727 -0.203488 0.05 2731.88
0 1680 2 phononTF 0.00277059 0.395192 -0.205879 -0.00425206 3059.88 0.00069486 1 0.0915413 -0.147788 0.05 6004.49
0 1681 3 phononTF 0.00164687 1.18003 1.09211 0.0154785 3563.52 0.00034743 1 0.0144584 -0.200007 0.05 38547.2
0 1694 3 phononL 0.000692074 0.467709 0.0894691 0.049999 2309.23 0.00034743 1 0.0249566 -0.171654 0.05 3088.22
0 1704 5 phononTS 0.00116173 -3.85754 -4.56295 0.0333531 20147.8 0.00034743 1 -0.0509197 -0.142079 0.05 37418.6
0 1713 2 phononTF 0.00255234 1.50575 0.248575 0.0447891 2684.08 0.00104229 1 0.0770439 -0.27549 0.05 5530.74
0 1718 3 phononTF 0.00234762 1.26159 0.619992 0.00143027 40.3404 0.00034743 1 0.077157 -0.113163 0.05 2848.97
0 1721 3 phononTS 0.00046785 0.609309 -0.000835245 0.049999 937 0.00034743 1 -0.0518545 -0.111028 0.05 2115.03
0 1733 2 phononTS 0.00120628 1.59491 0.69265 -0.00373771 2659.79 0.00034743 1 -0.0406777 -0.269803 0.05 71786.7
0 1733 10 phononTS 0.000348059 -0.0406777 -0.269803 0.049999 71786.7 0.00034743 1 0.0327461 -0.0997164 0.05 72114.1
0 1780 2 phononTS 0.00269734 2.3102 0.249197 -0.0285364 9927.25 0.00034743 1 0.098526 -0.172319 0.05 13420
0 1781 2 phononTS 0.00238789 0.702625 1.60678 -0.00728809 2793.26 0.00069486 1 -0.0664346 -0.14057 0.05 6043.93
0 1791 1 phononL 0.004 1.25 0.75 0 0 0.00104229 1 0.0489673 -0.132867 0.05 3246.85
0 1794 3 phononTS 0.000791323 1.39136 0.0474187 0.049999 1441.83 0.00034743 1 -0.108878 -0.22572 0.05 4710.55
0 1802 1 phononTF 0.004 1.25 0.75 0 0 0.00138972 1 0.0958693 -0.226781 0.05 2954.75
0 1833 2 phononTS 0.000792217 0.668464 0.806806 -0.0441528 360.894 0.00034743 1 -0.0635473 -0.162257 0.05 29722.4
0 1851 2 phononTS 0.00218394 1.29102 0.759295 0.0302638 9.75806 0.00034743 1 -0.0837707 -0.208034 0.05 5328.15
0 1873 2 phononTF 0.000986326 1.14608 0.633422 -0.0189645 4377.36 0.00034743 1 0.040086 -0.223512 0.05 36901.4
0 1887 3 phononTS 0.00242628 1.14192 0.717845 0.0389653 35.0943 0.00104229 1 -0.0380235 -0.179907 0.05 26454.1
0 1892 3 phononL 0.00180331 2.26032 1.26554 -0.0132448 1684.69 0.00104229 1 0.0691719 -0.174939 0.05 5771.09
0 1894 3 phononTS 0.0027204 1.47807 0.540603 -0.0465978 5090.62 0.00034743 1 0.107166 -0.252565 0.05 6230.58
0 1894 5 phononTF 0.00131924 0.107166 -0.252565 0.049999 6230.58 0.00034743 1 0.095724 -0.226392 0.05 6923.55
0 1894 4 phononTF 0.000999362 0.107166 -0.252565 0.049999 6230.58 0.00034743 1 -0.0462282 -0.219743 0.05 6475.84
0 1904 2 phononTF 0.00129419 0.528206 2.23161 0.0110393 4678.19 0.00034743 1 0.0703996 -0.2291 0.05 32033.9
0 1941 3 phononTS 0.00196409 0.48503 1.11711 -0.0402509 3218.21 0.00034743 1 0.0969742 -0.21765 0.05 26055.6
0 1943 2 phononTS 0.0016811 -2.8169 2.42268 -0.00325261 8401.89 0.00069486 1 -0.114963 -0.181019 0.05 54728.8
0 1948 3 phononTS 0.00156361 0.587592 1.49787 0.0466029 1927.17 0.00034743 1 -0.053771 -0.238714 0.05 10738.6
0 1964 5 phononTF 0.00130339 1.03968 -2.56407 0.00154344 24963.7 0.00034743 1 0.0388622 -0.240488 0.05 32609.2
0 1964 6 phononTF 0.000537399 0.0388622 -0.240488 0.049999 32609.2 0.00034743 1 0.0955761 -0.225257 0.05 32669.3
0 1984 3 phononTS 0.00254585 1.98674 0.714137 -0.0492196 883.271 0.00069486 1 0.0700907 -0.166827 0.05 2905.23
0 1992 4 phononTS 0.00127025 -1.44833 -0.843894 -0.0143185 12965.5 0.00034743 1 0.0176938 -0.172824 0.05 43411
0 1996 1 phononTF 0.004 1.25 0.75 0 0 0.00104229 1 0.0695253 -0.17476 0.05 4034.32
0 1998 2 phononL 0.0015468 1.03593 0.934674 -0.0105924 1264.98 0.00034743 1 0.0880522 -0.247859 0.05 7213.28
0 2001 3 phononTF 0.00320701 0.489269 2.02807 0.0164735 2684.24 0.00069486 1 0.0230692 -0.131645 0.05 4417.66
0 2005 3 phononTF 0.00151156 1.02596 -0.192296 -0.0184134 6513.79 0.00034743 1 -0.0600029 -0.288828 0.05 34618.5
0 2006 3 phononTS 0.00168123 0.896673 1.80683 0.0239377 3277.09 0.00034743 1 0.0626868 -0.248622 0.05 44188.5
0 2017 2 phononL 0.00176122 0.969355 0.984312 -0.0367334 8687 0.00034743 1 0.0726989 -0.256231 0.05 9988.05
0 2050 4 phononTF 0.00120898 3.99517 4.41235 -0.00768016 10337.1 0.00034743 1 0.0922215 -0.202522 0.05 109160
0 2050 8 phononTF 0.000590555 0.0922215 -0.202522 0.049999 109160 0.00034743 1 0.0906103 -0.261523 0.05 118933
0 2080 5 phononTS 0.00139826 3.64408 4.80462 -0.0233645 7525.29 0.00069486 1 0.0782259 -0.210953 0.05 36052
0 2089 3 phononTS 0.00273847 1.20132 0.841748 -0.0318327 23.4846 0.00069486 1 -0.0931893 -0.151777 0.05 2490.59
0 2089 4 phononTF 0.000692399 -0.0931893 -0.151777 0.049999 2490.59 0.00034743 1 0.0462439 -0.204268 0.05 2569.6
0 2094 2 phononTF 0.00182085 1.22346 0.688909 0.0323137 18.8385 0.00034743 1 0.104096 -0.250812 0.05 7995.35
0 2110 2 phononTS 0.00250829 1.96765 0.776802 -0.00498266 1789.94 0.00104229 1 -0.0749031 -0.247879 0.05 74028.2
0 2117 3 phononTS 0.00269644 1.36407 0.884071 -0.0397846 50.327 0.00034743 1 0.0660024 -0.200196 0.05 22052.4
0 2121 5 phononTF 0.00152489 -4.81168 1.83685 0.0383605 23058.1 0.00034743 1 0.115447 -0.210822 0.05 24590.3
0 2121 6 phononL 0.000585863 0.115447 -0.210822 0.049999 24590.3 0.00034743 1 0.0602418 -0.286562 0.05 24690.9
0 2145 2 phononTS 0.00134715 1.10338 0.496873 -0.0317585 691.091 0.00034743 1 -0.093654 -0.183621 0.05 4456.87
0 2180 3 phononTS 0.00221835 0.904889 1.62165 0.0318911 4670.64 0.00034743 1 -0.0400681 -0.137597 0.05 56600
0 2182 3 phononTS 0.00292709 1.05328 0.910203 -0.0295301 339.009 0.00069486 1 -0.0940853 -0.165561 0.05 6555.88
0 2192 3 phononTS 0.0029142 1.43648 0.952421 0.0457842 2479.62 0.00138972 1 -0.106242 -0.177806 0.05 7516.37
0 2208 3 phononTF 0.00254421 1.30195 0.816072 0.0440378 46.6852 0.00104229 1 -0.0265478 -0.123235 0.05 7775.66
0 2216 1 phononTF 0.004 1.25 0.75 0 0 0.00034743 1 -0.0782466 -0.263184 0.05 2202.63
0 2224 3 phononTF 0.0023204 0.379997 2.39361 -0.0323244 24655.9 0.00034743 1 -0.0508125 -0.280694 0.05 92736.2
0 2228 4 phononL 0.00201726 -3.13034 1.65629 0.0133477 100529 0.00069486 1 -0.1002 -0.238811 0.05 139529
0 2241 2 phononTS 0.00118833 0.91967 1.60825 0.031917 3180.49 0.00069486 1 -0.0972951 -0.18193 0.05 52744.8
0 2247 4 phononL 0.000457536 1.02115 0.0185602 0.049999 986.829 0.00034743 1 0.0695672 -0.131779 0.05 1732.74
0 2256 3 phononTF 0.00202437 0.377553 2.65826 0.0287731 9774.29 0.00069486 1 -0.0515224 -0.26732 0.05 11429.9
0 2260 3 phononTS 0.00272808 1.31007 0.719272 0.0246728 301.427 0.00069486 1 -0.033655 -0.282966 0.05 8244.38
0 2286 5 phononTS 0.00117779 -2.10713 -0.350279 0.0372294 24881.3 0.00069486 1 -0.0377073 -0.227448 0.05 50509.7
0 2331 2 phononTF 0.00149276 1.07244 1.64645 -0.0273674 1826.34 0.00069486 1 -0.0717245 -0.136935 0.05 29005.8
0 2334 2 phononTF 0.00178734 0.974538 1.23268 -0.0450241 521.857 0.00034743 1 0.0487636 -0.270978 0.05 4140.78
0 2334 7 phononTS 0.0004558 0.0487636 -0.270978 0.049999 4140.78 0.00034743 1 0.0736491 -0.204332 0.05 4553.05
0 2334 4 phononL 0.000838612 0.0487636 -0.270978 0.049999 4140.78 0.00034743 1 0.0848676 -0.184493 0.05 20211.4
0 2365 2 phononTS 0.000944967 1.13017 0.733029 -0.00646438 136.704 0.00034743 1 -0.0302575 -0.28459 0.05 2530.05
0 2389 2 phononTF 0.00277487 0.468512 0.832883 0.0194334 5013.87 0.00034743 1 -0.0981307 -0.228317 0.05 11570
0 2411 2 phononL 0.00150113 -0.447828 1.01216 0.00314149 4924.53 0.00069486 1 -0.0660472 -0.205114 0.05 15098
0 2506 5 phononL 0.00155408 3.76869 -0.109438 0.0323758 35670.9 0.00069486 1 0.0643149 -0.243063 0.05 52612.1
0 2518 2 phononL 0.00213499 0.532464 0.886097 -0.048133 1694.3 0.00034743 1 0.0904159 -0.168918 0.05 8606.69
0 2533 2 phononTS 0.00251942 1.84271 0.235641 0.00701931 2146.67 0.00034743 1 0.0598217 -0.262692 0.05 9223.51
0 2533 4 phononL 0.0015634 0.0598217 -0.262692 0.049999 9223.51 0.00034743 1 0.0345802 -0.270775 0.05 9994.12
0 2549 2 phononTF 0.00148905 0.457019 0.747818 0.0350878 1021.61 0.00034743 1 0.0781911 -0.143749 0.05 2321.02
0 2562 2 phononTF 0.000787041 0.0325988 -0.00174253 0.049999 3039.33 0.00034743 1 0.119653 -0.210747 0.05 3443.35
0 2568 2 phononTF 0.00181777 0.840849 -0.787903 0.025479 5931.83 0.00069486 1 -0.0316738 -0.286758 0.05 29510.3
0 2568 6 phononTF 0.000934632 -0.0316738 -0.286758 0.049999 29510.3 0.00034743 1 0.0326365 -0.156357 0.05 36230.9
0 2569 3 phononTS 0.00264353 1.30335 0.489708 -0.0375397 220.615 0.00069486 1 -0.104019 -0.206229 0.05 14713.7
0 2570 2 phononL 0.00289847 0.627378 1.10472 0.00639117 819.306 0.00034743 1 0.0711961 -0.232838 0.05 24955.4
0 2570 5 phononTS 0.00148859 0.0711961 -0.232838 0.049999 24955.4 0.00034743 1 0.100197 -0.21778 0.05 25222.1
0 2574 2 phononTF 0.00211203 1.12743 1.69122 -0.012021 2978.17 0.00069486 1 -0.0499434 -0.215466 0.05 5461.24
0 2579 2 phononTF 0.000412226 1.92916 0.0516828 0.049999 2147.78 0.00034743 1 0.110105 -0.225111 0.05 69522.1
0 2596 2 phononTS 0.00153811 0.587698 4.20088 -0.00324322 6973.53 0.00034743 1 -0.0519939 -0.259584 0.05 45234.7
0 2642 2 phononTF 0.00197991 1.54414 0.336562 -0.041982 438.878 0.00034743 1 -0.0321134 -0.204874 0.05 6856.96
0 2651 3 phononTS 0.00228822 0.817135 0.866216 -0.0467086 423.604 0.00069486 1 0.0380923 -0.203381 0.05 60291.9
0 2655 3 phononTF 0.00298114 3.30365 0.971254 0.0231649 5584.02 0.00069486 1 0.0231127 -0.13274 0.05 21171.4
0 2672 3 phononTF 0.00234775 1.12628 0.892527 -0.0485917 4869.94 0.00034743 1 0.109191 -0.225361 0.05 32875.5
0 2672 4 phononTF 0.000847485 0.109191 -0.225361 0.049999 32875.5 0.00034743 1 -0.076529 -0.269562 0.05 33125
0 2678 5 phononTS 0.00170006 -2.64643 4.33288 -0.000786511 20465 0.00034743 1 -0.0448001 -0.133352 0.05 50399.8
0 2678 6 phononL 0.000510708 -0.0448001 -0.133352 0.049999 50399.8 0.00034743 1 0.0682643 -0.138927 0.05 57884
0 2699 3 phononL 0.000874341 0.935132 0.0787379 0.049999 3892.76 0.00034743 1 0.0478071 -0.239575 0.05 6603.34
0 2699 5 phononL 0.000411863 0.0478071 -0.239575 0.049999 6603.34 0.00034743 1 -0.0236299 -0.252435 0.05 6652.7
0 2704 2 phononTF 0.00085757 1.44114 0.0975995 0.049999 2635.53 0.00034743 1 0.0578523 -0.19578 0.05 4959.5
0 2755 3 phononTS 0.00210798 1.56807 1.47746 0.00720552 2402.56 0.00069486 1 0.0576103 -0.146292 0.05 32042.9
0 2775 3 phononL 0.00251286 0.673402 1.07883 0.02929 465.832 0.00034743 1 0.0620501 -0.144434 0.05 30772.4
0 2775 4 phononTF 0.00145642 0.0620501 -0.144434 0.049999 30772.4 0.00034743 1 0.0402582 -0.271573 0.05 30905.7
0 2775 11 phononTS 0.000753999 0.0402582 -0.271573 0.049999 30905.7 0.00034743 1 0.0361657 -0.245272 0.05 30965.5
0 2786 2 phononTS 0.00197793 0.636288 -0.30963 0.00373741 2029.84 0.00104229 1 -0.102793 -0.15079 0.05 3359.57
0 2804 4 phononTF 0.000593581 -1.73607 -0.0645774 0.00478647 65400.9 0.00034743 1 -0.0519289 -0.230585 0.05 67293.8
0 2874 3 phononTS 0.00252225 1.3729 0.402786 0.0339594 140.488 0.00104229 1 0.0372596 -0.107208 0.05 7424.72
0 2874 5 phononL 0.000962214 0.0372596 -0.107208 0.049999 7424.72 0.00034743 1 0.0369968 -0.167685 0.05 8888.44
0 2894 3 phononL 0.0021525 0.370562 0.937345 0.0367011 3086.9 0.00104229 1 0.101281 -0.240727 0.05 15304.7
0 2918 2 phononTF 0.000969541 1.3909 0.787872 -0.00544687 1788.62 0.00034743 1 0.0692802 -0.142034 0.05 16905.9
0 2925 3 phononTF 0.00158264 1.55834 1.16616 0.0251106 1318.06 0.00069486 1 0.109584 -0.164136 0.05 16095.8
0 2929 5 phononL 0.000618946 -0.601083 0.100617 0.049999 10984.6 0.00034743 1 -0.0889703 -0.219083 0.05 11123.3
0 2947 3 phononTS 0.000521289 0.680537 0.0749511 0.049999 3024.55 0.00034743 1 0.0328563 -0.183977 0.05 3426.35
0 2971 3 phononL 0.00157118 0.993975 0.00821029 0.0276509 4030.94 0.00034743 1 -0.080215 -0.19464 0.05 31963.8
0 3005 1 phononTS 0.004 1.25 0.75 0 0 0.00069486 1 -0.041328 -0.258373 0.05 2592.44
0 3029 3 phononTF 0.00200197 1.40345 0.852878 0.0191534 817.683 0.00069486 1 0.101241 -0.197056 0.05 4511.08
0 3037 3 phononTS 0.002137 1.25395 0.766953 0.0266217 6.07071 0.00034743 1 -0.0681591 -0.145241 0.05 3035.69
0 3047 4 phononTF 0.00106774 1.37653 2.14871 0.0247883 4901.54 0.00034743 1 -0.0321991 -0.135814 0.05 52072.8
0 3067 2 phononTF 0.00249477 1.04857 -0.351115 0.016815 1763.72 0.00069486 1 -0.0348161 -0.29637 0.05 2308.5
0 3082 3 phononTS 0.00182601 1.80526 2.65048 -0.0224567 3414.57 0.00034743 1 -0.0166106 -0.221497 0.05 54347.7
0 3082 4 phononTF 0.00064189 -0.0166106 -0.221497 0.049999 54347.7 0.00034743 1 0.0674892 -0.127023 0.05 54424.9
0 3105 3 phononTS 0.00247168 0.388312 0.946197 -0.00476615 1008.84 0.00069486 1 0.0219083 -0.269524 0.05 4349.7
0 3105 9 phononTS 0.000818915 0.0219083 -0.269524 0.049999 4349.7 0.00034743 1 0.0388356 -0.250168 0.05 4409.39
0 3121 3 phononTS 0.000528553 0.714407 0.0859398 0.049999 1955.61 0.00034743 1 0.0548588 -0.198324 0.05 2483.85
0 3132 3 phononTS 0.00187464 2.20823 0.913018 0.0102367 10057.6 0.00034743 1 -0.0366182 -0.269977 0.05 12010.3
0 3132 4 phononTF 0.00106706 -0.0366182 -0.269977 0.049999 12010.3 0.00034743 1 0.059613 -0.135815 0.05 12560
0 3132 12 phononTS 0.000517431 0.059613 -0.135815 0.049999 12560 0.00034743 1 -0.0454249 -0.288185 0.05 12769.4
0 3133 5 phononL 0.00164132 0.483478 0.937736 0.0260748 5311.16 0.00069486 1 -0.0148044 -0.179804 0.05 8736.1
0 3172 3 phononTF 0.00270105 1.30102 0.82196 -0.0246586 1394.55 0.00034743 1 -0.0388193 -0.215708 0.05 4059.29
0 3174 3 phononTF 0.00270574 1.338 0.833108 0.0284322 401.27 0.00034743 1 0.115887 -0.167447 0.05 2749.16
0 3196 2 phononTF 0.00161562 1.30283 0.61472 0.0312608 29.1787 0.00034743 1 -0.110286 -0.158331 0.05 42617.4
0 3205 3 phononTF 0.00185389 4.39418 1.72251 0.0320173 19465.2 0.00034743 1 0.0286394 -0.106952 0.05 68778.2
0 3205 6 phononTF 0.00118462 0.0286394 -0.106952 0.049998 68778.2 0.00034743 1 -0.0580872 -0.184926 0.05 73810.8
0 3216 1 phononTF 0.004 1.25 0.75 0 0 0.00069486 1 -0.035398 -0.277751 0.05 4516.42
0 3234 4 phononL 0.0010467 -0.00773871 0.646172 0.00772189 20063.5 0.00069486 1 -0.0344197 -0.128085 0.05 35175.7
0 3244 3 phononTF 0.00205691 1.67417 3.04081 0.0220475 24290.9 0.00069486 1 0.104016 -0.142691 0.05 43564.1
0 3266 2 phononL 0.000595252 1.3427 0.0218236 0.049999 4029.97 0.00034743 1 0.0194818 -0.225917 0.05 19457.2
0 3320 3 phononTS 0.00224067 1.33812 0.228698 -0.0370788 3236.61 0.00069486 1 -0.0768116 -0.170776 0.05 22344.3
0 3356 2 phononL 0.00217209 0.566765 -0.0575425 0.0449007 434.543 0.00069486 1 -0.0623372 -0.119239 0.05 1214.57
0 3374 4 phononTS 0.000834594 0.882721 -0.00417825 0.049999 5428.37 0.00034743 1 -0.0223407 -0.217785 0.05 10084.6
0 3396 2 phononTF 0.00148431 2.13898 0.42676 0.00100059 677.791 0.00069486 1 0.0539141 -0.256997 0.05 2387.58
0 3401 2 phononTF 0.00135872 2.81048 1.62778 -0.00172707 11495.5 0.00034743 1 0.0698034 -0.192311 0.05 19657.3
0 3419 3 phononTS 0.000518502 2.38175 0.103515 0.049999 4072.02 0.00034743 1 0.045754 -0.186124 0.05 39901.9
0 3429 2 phononTS 0.00158109 0.643571 -0.0982049 0.0287592 4338.52 0.00069486 1 0.0432756 -0.0962273 0.05 44406.8
0 3429 4 phononL 0.000602033 0.0432756 -0.0962273 0.049999 44406.8 0.00034743 1 0.0741496 -0.218916 0.05 48822.8
0 3449 1 phononTS 0.004 1.25 0.75 0 0 0.00034743 1 -0.0311567 -0.136603 0.05 4727.89
0 3449 3 phononTS 0.000813305 -0.0311567 -0.136603 0.049999 4727.89 0.00034743 1 0.0637871 -0.179739 0.05 4867.3
0 3450 4 phononL 0.00161487 1.80893 -0.837244 0.0435408 24008.4 0.00034743 1 0.0676585 -0.262878 0.05 91130.4
0 3466 3 phononTF 0.00207406 0.882887 1.57044 0.0401476 6161.44 0.00069486 1 -0.0422495 -0.153023 0.05 48495.6
0 3469 2 phononTS 0.000919865 1.49595 0.824157 0.0403882 338.706 0.00034743 1 0.00109615 -0.200475 0.05 110191
0 3470 3 phononL 0.00265708 0.626225 -0.416829 -0.0160084 10450.2 0.00034743 1 0.101281 -0.251675 0.05 19547
0 3470 5 phononTS 0.00125533 0.101281 -0.251675 0.049999 19547 0.00034743 1 0.0371925 -0.156557 0.05 19645.2
0 3494 2 phononTF 0.00174122 1.61219 0.923448 -0.0070271 269.02 0.00104229 1 0.0677511 -0.172592 0.05 23536.8
0 3529 5 phononTS 0.000996538 -3.37575 1.0158 -0.0307516 19306.8 0.00034743 1 0.0468283 -0.225821 0.05 31008.4
0 3546 4 phononTS 0.000594987 0.438742 0.00998861 0.049999 4091.96 0.00034743 1 0.0397214 -0.233732 0.05 4695.97
0 3557 3 phononTS 0.00194546 0.827782 0.445923 0.0322514 566.683 0.00069486 1 0.0631393 -0.202691 0.05 1382.33
0 3573 3 phononTF 0.0019388 1.24574 0.829979 0.024709 438.21 0.00069486 1 -0.0971906 -0.267654 0.05 11655.6
0 3573 4 phononTS 0.00101152 -0.0971906 -0.267654 0.049998 11655.6 0.00069486 1 -0.0607252 -0.151441 0.05 12244.2
0 3582 3 phononTS 0.00262342 1.27776 0.628442 -0.0241468 1994.19 0.00138972 1 0.0769056 -0.152478 0.05 42581.2
0 3598 2 phononL 0.00166798 0.459819 2.06172 -0.0286487 12508.9 0.00069486 1 0.0680961 -0.26213 0.05 16991.7
0 3618 3 phononTF 0.00267794 1.52323 0.810812 -0.000817234 1519.49 0.00069486 1 0.03886 -0.245129 0.05 6123.38
0 3621 3 phononTS 0.00171877 2.07247 0.33614 -0.0283466 1541.27 0.00034743 1 -0.0196427 -0.255732 0.05 4379.32
0 3621 7 phononL 0.000421194 -0.0196427 -0.255732 0.049999 4379.32 0.00034743 1 -0.112274 -0.234378 0.05 4437.84
0 3637 5 phononTF 0.00188944 1.33492 3.63571 0.043607 13754.4 0.00069486 1 -0.0527675 -0.147711 0.05 31733.2
0 3656 4 phononL 0.000858455 0.955032 0.0331078 0.049999 2971.52 0.00034743 1 -0.0406333 -0.120218 0.05 17908.5
0 3663 3 phononL 0.00200005 0.353355 0.750623 -0.0458661 2740.36 0.00069486 1 -0.101108 -0.23486 0.05 8069.82
0 3664 3 phononTS 0.00079666 1.21981 0.0672455 0.049999 8826.52 0.00034743 1 0.0724079 -0.174539 0.05 71655.1
0 3669 3 phononL 0.00228298 1.26511 0.36277 -0.0051042 876.125 0.00104229 1 -0.0331133 -0.254256 0.05 41458.7
0 3676 2 phononTS 0.00256017 1.71556 0.690727 0.00999803 1314.27 0.00069486 1 -0.0621203 -0.248827 0.05 32068.2
0 3676 7 phononTF 0.000452241 -0.0621203 -0.248827 0.049999 32068.2 0.00034743 1 -0.0559346 -0.166096 0.05 32284.3
0 3685 3 phononL 0.00224889 0.125608 1.5236 0.0364498 7967.59 0.00034743 1 0.0599795 -0.246628 0.05 33965.7
0 3685 4 phononTF 0.00111292 0.0599795 -0.246628 0.049999 33965.7 0.00069486 1 -0.0956037 -0.258467 0.05 34826.4
0 3702 2 phononL 0.00131586 1.36891 1.00396 0.0211157 125.756 0.00034743 1 -0.0549833 -0.295911 0.05 32440.6
0 3706 2 phononTS 0.00183703 1.28489 1.9788 -0.0398907 10636.8 0.00034743 1 -0.0525646 -0.149493 0.05 12282.5
0 3710 3 phononTF 0.00175471 1.25014 0.54647 -0.0293196 606.568 0.00034743 1 0.024813 -0.165361 0.05 35107.7
0 3710 4 phononTF 0.000879695 0.024813 -0.165361 0.049998 35107.7 0.00034743 1 0.0497191 -0.186174 0.05 35331.3
0 3715 3 phononTS 0.00245461 0.500031 0.0125615 -0.0133475 8813.44 0.00034743 1 0.0430364 -0.234459 0.05 9265.11
0 3717 2 phononTS 0.0028624 0.902335 0.711517 0.0210227 748.896 0.00034743 1 -0.0710249 -0.273574 0.05 2866.92
0 3734 5 phononTS 0.0014894 2.93927 -1.815 -0.000582433 10415.8 0.00034743 1 -0.0583657 -0.26645 0.05 16136.4
0 3806 5 phononL 0.00169123 2.66821 -0.423175 -0.0346098 14698.4 0.00034743 1 -0.0455121 -0.233842 0.05 19169.2
0 3806 6 phononTS 0.000746306 -0.0455121 -0.233842 0.049999 19169.2 0.00034743 1 -0.0984213 -0.253233 0.05 19304.8
0 3810 3 phononTF 0.0016973 1.34308 0.772458 0.023536 67.0103 0.00069486 1 0.0230742 -0.239134 0.05 73878
0 3810 9 phononTS 0.000449374 0.0230742 -0.239134 0.049999 73878 0.00034743 1 -0.097705 -0.147188 0.05 74026
0 3825 3 phononL 0.00233107 0.982011 1.89983 -0.0215317 5121.13 0.00034743 1 -0.0382469 -0.298243 0.05 18811.6
0 3825 4 phononL 0.00113816 -0.0382469 -0.298243 0.049999 18811.6 0.00034743 1 -0.0245825 -0.244136 0.05 18868.8
0 3825 14 phononL 0.000494444 -0.0245825 -0.244136 0.049999 18868.8 0.00034743 1 -0.045815 -0.25405 0.05 18916.4
0 3831 4 phononTF 0.000965972 3.43839 -1.81465 0.0395193 18508.6 0.00034743 1 -0.0945247 -0.231737 0.05 29054.2
0 3864 2 phononTS 0.000847537 0.603771 -0.00147611 0.049998 2263.71 0.00034743 1 -0.0296681 -0.0928633 0.05 5238.21
0 3864 6 phononL 0.000409824 -0.0296681 -0.0928633 0.049998 5238.21 0.00034743 1 0.0947981 -0.196339 0.05 5541.94
0 3873 4 phononTF 0.000650637 4.64446 -2.58387 0.0442973 15546.8 0.00034743 1 -0.0552738 -0.110839 0.05 49778
0 3892 2 phononTS 0.00131227 1.75661 0.69015 0.00565122 1141.82 0.00034743 1 0.0814984 -0.236518 0.05 3349.8
0 3913 5 phononTS 0.000849308 -0.0415012 4.11496 -0.0389558 12562.5 0.00034743 1 0.0737308 -0.267276 0.05 47975.7
0 3962 3 phononTS 0.00300968 2.3159 2.49 -0.0259561 17292.8 0.00069486 1 -0.0458659 -0.112949 0.05 52144.2
0 3962 2 phononTS 0.000990322 2.3159 2.49 -0.0259561 17292.8 0.00034743 1 -0.0635465 -0.118458 0.05 40779.3
0 3965 3 phononTS 0.00197268 1.23051 -0.318583 -0.0261015 996.063 0.00104229 1 0.0181962 -0.153069 0.05 25976.7
0 3969 2 phononTF 0.0023077 1.32664 0.839309 -0.0255361 52.3153 0.00104229 1 0.0628579 -0.199317 0.05 18863.7
0 3970 1 phononTF 0.004 1.25 0.75 0 0 0.00034743 1 0.0971717 -0.160637 0.05 7010.93
0 3970 7 phononTS 0.000836089 0.0971717 -0.160637 0.049999 7010.93 0.00034743 1 -0.0376091 -0.107015 0.05 7101.37
0 3970 6 phononTF 0.00171641 0.0971717 -0.160637 0.049999 7010.93 0.00034743 1 -0.0195988 -0.219193 0.05 7164.41
0 3970 18 phononTS 0.000362923 -0.0195988 -0.219193 0.049999 7164.41 0.00034743 1 -0.0518315 -0.190458 0.05 7246.35
0 3975 7 phononTF 0.00143932 2.17218 -0.364257 0.0341047 10302.2 0.00069486 1 -0.0740931 -0.263247 0.05 56690.6
0 3993 2 phononTF 0.00131669 0.995034 1.34177 -0.0446022 2241.47 0.00034743 1 0.0284341 -0.263245 0.05 8040.78
0 3993 8 phononTF 0.000545318 0.0284341 -0.263245 0.049999 8040.78 0.00034743 1 -0.0578541 -0.285724 0.05 8113.62
0 3995 1 phononTF 0.004 1.25 0.75 0 0 0.00034743 1 0.0764718 -0.223242 0.05 4518.49
0 3995 3 phononTS 0.00235253 0.0764718 -0.223242 0.049999 4518.49 0.00104229 1 0.069288 -0.235253 0.05 4575.51
0 3996 2 phononTS 0.00236144 1.46244 1.10508 -0.0290956 652.625 0.00138972 1 0.0502434 -0.126196 0.05 62075.5
0 4000 3 phononTS 0.00117907 1.40115 1.09345 0.0318622 2712.29 0.00034743 1 0.0625293 -0.274293 0.05 39892.5
0 4126 3 phononL 0.000647615 2.41062 0.0224037 0.049999 1838.59 0.00034743 1 0.0720908 -0.167925 0.05 24549.7
0 4153 2 phononTS 0.00263306 0.546699 -0.269033 -0.0313659 1418.07 0.00034743 1 -0.0272834 -0.232666 0.05 6930.03
0 4153 5 phononTF 0.00157636 -0.0272834 -0.232666 0.049999 6930.03 0.00034743 1 -0.0504902 -0.25024 0.05 7825.5
0 4160 2 phononL 0.00254781 0.929883 0.795202 0.0389534 1835.57 0.00034743 1 0.0422563 -0.286215 0.05 34969.2
0 4184 3 phononTF 0.00196675 1.23382 0.744326 -0.0398098 8.54683 0.00034743 1 -0.0285509 -0.200756 0.05 22973.8
0 4190 3 phononL 0.000918352 1.00063 0.098295 0.049999 1243.07 0.00069486 1 -0.0719505 -0.280614 0.05 12984.4
0 4209 2 phononTF 0.00210964 0.0806891 0.259513 -0.0173744 2004.85 0.00034743 1 -0.0272429 -0.273141 0.05 3366.02
0 4209 5 phononTF 0.000355344 -0.0272429 -0.273141 0.049999 3366.02 0.00034743 1 -0.0490223 -0.241896 0.05 3509.71
0 4222 2 phononTS 0.00268078 0.848711 -0.0897812 0.0355286 3144.41 0.00034743 1 -0.0268057 -0.293633 0.05 8816.57
0 4253 5 phononTS 0.000760724 -1.3656 -1.17068 -0.0247002 7488.22 0.00034743 1 0.102677 -0.155079 0.05 181779
0 4279 2 phononTS 0.00167278 2.13283 1.09043 -0.0204253 2218.96 0.00034743 1 0.0662789 -0.189898 0.05 6687.59
0 4279 6 phononL 0.00119214 0.0662789 -0.189898 0.049999 6687.59 0.00069486 1 0.0800519 -0.252366 0.05 7005.77
0 4294 2 phononL 0.00228355 1.36586 1.64996 -0.00121739 5302.61 0.00034743 1 -0.0644915 -0.235483 0.05 15350.8
0 4332 2 phononTS 0.0023923 1.31966 0.727455 -0.0107331 29.6104 0.00034743 1 0.0450335 -0.188507 0.05 35751.6
0 4343 4 phononL 0.00129219 0.88004 0.229472 0.0481945 2325.89 0.00034743 1 -0.0901785 -0.169724 0.05 21870.6
0 4343 6 phononTF 0.000585959 -0.0901785 -0.169724 0.049999 21870.6 0.00034743 1 0.0906166 -0.273328 0.05 22688.3
0 4348 2 phononTF 0.00256035 1.2779 0.767243 -0.0162371 74.1462 0.00069486 1 -0.0305536 -0.116462 0.05 8589.8
0 4371 2 phononTS 0.00267137 1.30885 0.645615 -0.0383083 767.654 0.00034743 1 -0.0292406 -0.178519 0.05 8322.2
0 4378 3 phononL 0.00180721 0.688789 0.800527 0.0187161 2623.11 0.00034743 1 0.0194066 -0.249136 0.05 47879.9
0 4387 1 phononTS 0.004 1.25 0.75 0 0 0.00138972 1 0.0840001 -0.26863 0.05 9123.42
0 4392 3 phononTF 0.000854642 1.50836 0.0689173 0.049999 783.284 0.00034743 1 -0.0686532 -0.162778 0.05 44958.8
0 4393 3 phononTF 0.00230039 1.34323 0.401756 0.0340278 395.372 0.00034743 1 -0.0442505 -0.182238 0.05 9409.25
0 4417 5 phononTS 0.00107052 1.63417 0.308247 0.0218487 4269.48 0.00069486 1 -0.0238085 -0.216046 0.05 68671.6
0 4418 4 phononTF 0.00170267 0.974199 2.52899 -0.0151225 39185.1 0.00069486 1 -0.0249848 -0.138668 0.05 43791.4
0 4418 6 phononTS 0.000518291 -0.0249848 -0.138668 0.049998 43791.4 0.00034743 1 -0.0151199 -0.170301 0.05 43852.8
0 4424 3 phononL 0.00147488 0.816952 0.548884 -0.037057 1756 0.00069486 1 -0.104612 -0.17335 0.05 111774
0 4486 5 phononTS 0.00178924 0.819288 0.250297 0.00999721 745.88 0.00069486 1 -0.0878525 -0.250901 0.05 27443.6
0 4505 3 phononTS 0.00168917 2.31913 0.963506 0.00799742 6918.15 0.00069486 1 -0.095827 -0.16825 0.05 12512.8
0 4516 2 phononTS 0.000587229 0.338738 0.0578932 0.049999 2081.73 0.00034743 1 0.0534835 -0.125114 0.05 13026.4
0 4519 2 phononTS 0.00128825 0.460002 0.363956 -0.00347678 2400.24 0.00069486 1 -0.0255325 -0.119275 0.05 49835.5
0 4529 2 phononTS 0.00197346 1.52554 0.424259 -0.0132838 306.5 0.00034743 1 0.0315834 -0.262117 0.05 26686.8
0 4543 5 phononTS 0.00122833 0.828233 1.33893 -0.00477566 16598.4 0.00034743 1 -0.059428 -0.201375 0.05 67128.9
0 4562 2 phononTF 0.00199741 1.25711 0.924092 0.0322349 1007.16 0.00034743 1 -0.0748748 -0.178684 0.05 1753.51
0 4584 3 phononTS 0.00306069 0.64448 1.24242 -0.0121262 6142.95 0.00069486 1 -0.0646791 -0.137082 0.05 10833.1
0 4595 3 phononL 0.00303316 -0.664808 0.553023 0.0150854 5489.53 0.00069486 1 -0.0975245 -0.213534 0.05 8781.72
0 4607 3 phononTF 0.00259363 2.1582 -1.18741 -0.0134643 8830.79 0.00069486 1 0.0586282 -0.128062 0.05 31545.9
0 4607 8 phononTS 0.000631729 0.0586282 -0.128062 0.049999 31545.9 0.00034743 1 0.0356051 -0.202821 0.05 31618.9
0 4617 3 phononTF 0.00226606 1.00275 0.59913 -0.0396602 662.148 0.00069486 1 0.115393 -0.202744 0.05 1994.55
0 4619 5 phononTF 0.000585302 0.955613 -0.00983689 0.049999 1981.31 0.00034743 1 -0.0384317 -0.212854 0.05 52440
0 4623 1 phononTF 0.004 1.25 0.75 0 0 0.00173715 1 -0.0477347 -0.106187 0.05 2564.88
0 4632 3 phononL 0.00219643 0.427987 1.68479 0.0063561 7353.38 0.00138972 1 -0.0601584 -0.256342 0.05 21780.1
0 4694 3 phononTS 0.000758526 1.04422 0.0195633 0.049999 714.412 0.00034743 1 0.0819851 -0.189355 0.05 1469
0 4704 5 phononTF 0.00106711 3.54274 4.57746 -0.0152272 32638.4 0.00034743 1 -0.0370053 -0.200293 0.05 59645.1
0 4704 7 phononL 0.000382911 -0.0370053 -0.200293 0.049999 59645.1 0.00034743 1 -0.0411873 -0.154092 0.05 59758.1
0 4707 2 phononTS 0.00159671 2.14933 0.0466317 -0.0360631 624.347 0.00069486 1 0.0786226 -0.260078 0.05 8659.48
0 4770 2 phononL 0.000548268 1.8602 0.633432 -0.0169868 2443.96 0.00034743 1 -0.0241726 -0.126309 0.05 31898.7
0 4787 5 phononTS 0.000621674 1.00284 0.035538 0.049999 749.924 0.00034743 1 0.0823962 -0.179186 0.05 1914.49
0 4818 3 phononTF 0.00153599 0.501419 0.372425 -0.0489921 2021.39 0.00069486 1 0.0788861 -0.24528 0.05 3941.97
0 4825 2 phononTF 0.00218735 0.523917 -0.243841 -0.0232712 6883.27 0.00034743 1 0.0663088 -0.170715 0.05 7042.64
0 4839 5 phononL 0.00169113 1.37953 0.76247 -0.0471006 3810.12 0.00034743 1 -0.0641684 -0.286992 0.05 9104.96
0 4865 3 phononTS 0.00234564 1.28818 0.766452 0.0370255 339.848 0.00138972 1 0.0249725 -0.279317 0.05 22715.8
0 4893 2 phononTF 0.00211148 1.02997 0.843965 -0.0132694 171.734 0.00034743 1 0.0622429 -0.178029 0.05 4781.66
0 4893 6 phononTF 0.000397548 0.0622429 -0.178029 0.049999 4781.66 0.00034743 1 0.0434792 -0.157447 0.05 5973.17
0 4906 3 phononTS 0.00282736 0.922002 0.505456 0.0156111 573.932 0.00069486 1 -0.0723203 -0.231199 0.05 3548.7
0 4906 5 phononTS 0.000993234 -0.0723203 -0.231199 0.049999 3548.7 0.00034743 1 -0.0558689 -0.217428 0.05 3610.76
