Run ID,Event ID,Track ID,Particle Name,Start Energy [eV],Start X [mm],Start Y [mm],Start Z [mm],Start Time [ns],Energy Deposited [eV],Track Weight,End X [mm],End Y [mm],End Z [mm],Final Time [ns],Volume Name
0 3 1 phononL 0.004 -1.75 -1.25 0 0 0.00104229 1 0.0528598 -0.163631 0.05 6247.98
0 4 6 phononTF 0.000953747 -1.70682 -1.88368 0.0140173 3265.02 0.00034743 1 -0.0335 -0.168925 0.05 87650.5
0 5 5 phononTF 0.00114524 0.535229 -0.859151 -0.0470662 6646.3 0.00034743 1 0.107054 -0.223007 0.05 85044
0 31 3 phononTF 0.0022438 -1.26801 -2.16643 -0.019419 8479.01 0.00104229 1 -0.0876539 -0.239121 0.05 38835.6
0 48 4 phononTS 0.00101203 -2.58109 4.31225 -0.047837 38910.8 0.00034743 1 0.104483 -0.174487 0.05 71553
0 60 4 phononTS 0.00101188 3.85291 -1.18512 0.0205996 84352.5 0.00069486 1 0.0627545 -0.179632 0.05 103287
0 131 3 phononL 0.00245311 -2.37634 -1.52613 0.0284627 2784.86 0.00034743 1 -0.0265735 -0.132417 0.05 17596.3
0 138 3 phononTS 0.00249086 -1.34114 -0.871866 0.0487198 6618.53 0.00034743 1 -0.0420085 -0.168663 0.05 13001.9
0 138 4 phononTS 0.000967143 -0.0420085 -0.168663 0.049998 13001.9 0.00034743 1 0.096249 -0.208216 0.05 13095.8
0 152 4 phononTF 0.000792221 -4.45724 -0.933068 0.0193595 26568.2 0.00034743 1 -0.0461243 -0.114745 0.05 39894.2
0 156 3 phononL 0.00144159 -2.5021 -0.664028 0.0297496 1160.92 0.00034743 1 -0.113244 -0.196463 0.05 49657.3
0 156 4 phononTF 0.000523229 -0.113244 -0.196463 0.049999 49657.3 0.00034743 1 0.0239456 -0.206119 0.05 49902.3
0 201 2 phononTF 0.00255767 -0.555006 -0.160614 -0.0191467 4773.47 0.00034743 1 -0.0714821 -0.216869 0.05 12663.8
0 237 2 phononTF 0.0026123 -1.72402 -1.21064 0.0298847 10.2594 0.00069486 1 -0.105593 -0.1534 0.05 6841.75
0 237 9 phononTS 0.000412829 -0.105593 -0.1534 0.049999 6841.75 0.00034743 1 -0.0995829 -0.148121 0.05 6898.3
0 241 7 phononTS 0.00102436 -3.06249 -1.97595 0.00628572 15187.5 0.00069486 1 0.0640084 -0.121571 0.05 36420.9
0 251 3 phononTF 0.00282661 -1.77047 -1.96701 0.0125302 10839.5 0.00034743 1 -0.0581944 -0.217624 0.05 19927.6
0 272 2 phononTF 0.00215523 -1.76273 -1.45336 0.0223137 959.268 0.00069486 1 0.0858659 -0.127156 0.05 29756
0 280 3 phononTS 0.00224859 -0.874737 -1.14247 -0.025288 6586.23 0.00034743 1 -0.0822031 -0.117718 0.05 12721.7
0 280 7 phononTS 0.000466608 -0.0822031 -0.117718 0.049999 12721.7 0.00034743 1 0.084367 -0.200564 0.05 13141
0 280 5 phononTF 0.000632954 -0.0822031 -0.117718 0.049999 12721.7 0.00034743 1 -0.0702086 -0.114716 0.05 12807
0 288 2 phononTF 0.00304188 -2.09933 -1.30905 -0.0116297 626.315 0.00138972 1 0.032576 -0.280584 0.05 21533.7
0 290 2 phononTF 0.00217088 -1.51661 -1.66367 -0.010941 252.864 0.00104229 1 0.0406795 -0.170065 0.05 39126
0 290 4 phononTS 0.00091791 0.0406795 -0.170065 0.049999 39126 0.00034743 1 0.0417532 -0.165082 0.05 39184.1
0 293 3 phononTS 0.00217694 0.831161 -0.101842 -0.0025563 17080.6 0.00034743 1 -0.0949565 -0.140942 0.05 81740
0 295 3 phononTF 0.00268652 0.0108245 -0.498583 -0.0385705 9462.16 0.00104229 1 0.0410952 -0.286547 0.05 20192.4
0 297 1 phononTF 0.004 -1.75 -1.25 0 0 0.00069486 1 0.0629472 -0.257835 0.05 7470.1
0 376 2 phononL 0.00172142 -3.16505 -2.31445 0.0289074 19909.3 0.00034743 1 0.0392378 -0.11123 0.05 121076
0 376 7 phononTS 0.000665167 0.0392378 -0.11123 0.049999 121076 0.00034743 1 0.064551 -0.132958 0.05 121139
0 379 2 phononTF 0.00215269 -1.84216 -1.38315 -0.0206359 53.9292 0.00034743 1 -0.0584563 -0.117793 0.05 5438.2
0 400 3 phononL 0.000652341 -1.63606 0.0578403 0.049999 10465.9 0.00034743 1 -0.05204 -0.210935 0.05 17374.9
0 402 3 phononTS 0.00107963 -0.0962132 -0.684361 -0.0303658 3264.68 0.00034743 1 -0.0682434 -0.133638 0.05 8822.57
0 406 5 phononL 0.0010583 0.191109 -0.083502 0.0439303 39016.8 0.00034743 1 0.0714592 -0.220726 0.05 40859.3
0 406 4 phononTS 0.000960315 0.191109 -0.083502 0.0439303 39016.8 0.00034743 1 -0.0473615 -0.127924 0.05 45481.7
0 406 10 phononTF 0.00050399 -0.0473615 -0.127924 0.049999 45481.7 0.00034743 1 -0.034725 -0.254443 0.05 47170.9
0 437 5 phononTF 0.00125268 -2.79906 -4.2968 0.0198217 14081.4 0.00034743 1 0.0595906 -0.283481 0.05 25202.1
0 455 5 phononTF 0.0014779 -1.35443 1.76524 -0.00522591 13753.7 0.00069486 1 0.0666444 -0.179321 0.05 82386.6
0 477 2 phononTS 0.00229863 -2.32695 -0.816965 0.0167399 2563.32 0.00034743 1 0.0904822 -0.164981 0.05 20512.8
0 483 2 phononTS 0.00206046 -1.64826 -1.18567 0.00328545 852.818 0.00069486 1 -0.060858 -0.233621 0.05 17926.8
0 485 2 phononTF 0.00213227 -1.82678 -1.09511 0.0383955 624.301 0.00069486 1 -0.0214871 -0.194625 0.05 16934.9
0 490 2 phononL 0.00195952 -3.52181 -2.24885 0.0020824 5227.19 0.00034743 1 0.0377677 -0.13802 0.05 15616.2
0 491 3 phononL 0.00230528 -1.81019 -1.2608 -0.0456647 16.1617 0.00069486 1 0.0338881 -0.215062 0.05 14258.1
0 491 2 phononTS 0.00169472 -1.81019 -1.2608 -0.0456647 16.1617 0.00069486 1 -0.015016 -0.166651 0.05 3479.35
0 518 2 phononTF 0.00234693 -0.511131 -0.151926 0.0479972 7564.69 0.00069486 1 -0.0619021 -0.236955 0.05 8020.76
0 527 2 phononTS 0.000396991 -1.19097 0.0431585 0.049999 6635.47 0.00034743 1 -0.0994967 -0.213285 0.05 61905.8
0 545 5 phononTS 0.00194773 -2.86489 -1.08731 -0.0263774 3858.31 0.00034743 1 0.0379346 -0.256718 0.05 16003.5
0 553 2 phononTS 0.00225166 -1.78894 -1.06738 -0.0219184 2993.67 0.00034743 1 -0.0191996 -0.197219 0.05 46377.3
0 553 8 phononTS 0.000592172 -0.0191996 -0.197219 0.049999 46377.3 0.00034743 1 -0.0414123 -0.14211 0.05 46743.1
0 574 3 phononL 0.000504174 -2.00817 0.0542493 0.049999 2466.05 0.00034743 1 0.0715333 -0.136149 0.05 9518.77
0 576 3 phononTF 0.00297085 -2.44906 -0.999203 0.0107169 6760.08 0.00034743 1 0.0661612 -0.245175 0.05 8860.68
0 579 2 phononTS 0.00197526 -1.69025 -1.34021 0.0401306 124.659 0.00069486 1 0.0911118 -0.153005 0.05 75788.5
0 584 1 phononTS 0.004 -1.75 -1.25 0 0 0.00104229 1 0.0869689 -0.233266 0.05 8283.14
0 584 14 phononTS 0.000358758 0.0869689 -0.233266 0.049999 8283.14 0.00034743 1 0.0272031 -0.193288 0.05 8465.27
0 584 8 phononTS 0.000514038 0.0869689 -0.233266 0.049999 8283.14 0.00034743 1 0.0814289 -0.183935 0.05 8691.09
0 588 3 phononL 0.0013997 -1.63305 -0.952224 -0.033751 7038.8 0.00069486 1 0.104674 -0.15551 0.05 8602.29
0 591 5 phononL 0.00145439 2.35593 1.09063 0.0348741 49299.9 0.00069486 1 0.0422984 -0.257972 0.05 54074.6
0 596 3 phononL 0.00200876 0.439578 -0.287121 -0.0210248 5843.1 0.00104229 1 0.068613 -0.141286 0.05 41325.5
0 653 1 phononTF 0.004 -1.75 -1.25 0 0 0.00104229 1 -0.0792788 -0.173866 0.05 3102.61
0 667 3 phononTF 0.0022791 -1.51677 -1.59747 0.0105944 301.01 0.00034743 1 0.0862373 -0.266761 0.05 19446.8
0 677 3 phononTS 0.00183061 -3.08485 -1.54399 0.0230718 6156.08 0.00034743 1 0.0787123 -0.232687 0.05 24615.4
0 681 1 phononTS 0.004 -1.75 -1.25 0 0 0.00104229 1 0.095032 -0.206714 0.05 3159.22
0 681 4 phononTS 0.000577755 0.095032 -0.206714 0.049999 3159.22 0.00034743 1 0.020917 -0.254548 0.05 3294.54
0 685 1 phononTS 0.004 -1.75 -1.25 0 0 0.00069486 1 -0.0356773 -0.26782 0.05 2918.29
0 694 2 phononTF 0.00235706 -0.204919 -1.05192 -0.00788595 3848.93 0.00034743 1 0.107909 -0.153747 0.05 4497.63
0 721 3 phononTS 0.00249739 -1.0705 -0.975913 0.0161914 2410.09 0.00034743 1 0.0182192 -0.156821 0.05 10072
0 725 1 phononTS 0.004 -1.75 -1.25 0 0 0.00138972 1 -0.0529815 -0.143274 0.05 15790.3
0 731 3 phononTS 0.00274209 -1.51279 -1.3794 -0.0283204 1618.23 0.00034743 1 0.0681067 -0.292376 0.05 7507.48
0 776 3 phononTS 0.00207621 1.06484 -1.5431 0.00907356 9639.38 0.00069486 1 -0.0349545 -0.305371 0.05 33718.2
0 805 1 phononL 0.004 -1.75 -1.25 0 0 0.00034743 1 -0.0344994 -0.254008 0.05 11980.1
0 805 4 phononTF 0.000480519 -0.0344994 -0.254008 0.049999 11980.1 0.00034743 1 0.0808098 -0.224561 0.05 41308.9
0 825 3 phononTS 0.00188803 -1.86858 -1.71884 -0.0234975 2220.15 0.00034743 1 -0.0967123 -0.264355 0.05 17310.4
0 882 2 phononTS 0.00141538 -2.35758 -0.155557 0.0120518 5420.67 0.00034743 1 -0.047237 -0.271007 0.05 8503.88
0 918 3 phononTF 0.00202558 -1.94526 -1.03082 -0.0149516 1340.25 0.00069486 1 -0.0723188 -0.279226 0.05 10009.9
0 920 3 phononTS 0.0023901 -0.6889 -1.73654 0.0116939 5275.77 0.00034743 1 0.0453015 -0.10863 0.05 9868.55
0 923 1 phononTS 0.004 -1.75 -1.25 0 0 0.00069486 1 -0.0506016 -0.163353 0.05 2156.19
0 923 2 phononL 0.00128897 -0.0506016 -0.163353 0.049999 2156.19 0.00034743 1 -0.047851 -0.122432 0.05 2208.09
0 942 5 phononTF 0.00121624 4.38716 0.0238934 0.0395577 27622.2 0.00034743 1 -0.0595833 -0.132718 0.05 175869
0 942 2 phononL 0.00193586 -1.92218 -1.1319 -0.00278069 2706.82 0.00034743 1 -0.0570636 -0.111971 0.05 25772.8
0 942 13 phononTF 0.00109766 -0.0570636 -0.111971 0.049999 25772.8 0.00069486 1 0.100606 -0.179851 0.05 44483.8
0 943 3 phononTF 0.00266266 -1.91676 -1.81684 0.00485709 1123.79 0.00034743 1 -0.0467637 -0.164946 0.05 19336
0 943 5 phononTS 0.000660861 -0.0467637 -0.164946 0.049999 19336 0.00034743 1 -0.0283177 -0.239827 0.05 19629
0 944 3 phononTS 0.00241082 -1.27722 -1.2883 0.00312811 2610.45 0.00104229 1 -0.0693147 -0.153292 0.05 43733.9
0 944 8 phononTS 0.000624019 -0.0693147 -0.153292 0.049999 43733.9 0.00034743 1 -0.0604529 -0.147241 0.05 43792.7
0 946 4 phononTS 0.00109394 -1.02254 -1.06746 0.0234186 25178.5 0.00034743 1 -0.0928529 -0.27118 0.05 45302.3
0 949 2 phononL 0.00124917 -2.51161 -1.61232 0.0485654 5480.67 0.00034743 1 -0.0392304 -0.10537 0.05 16116.3
0 970 2 phononTS 0.00172385 -1.01379 -1.35465 0.00558457 1922.98 0.00069486 1 -0.0955699 -0.172064 0.05 14081.6
0 990 4 phononTS 0.00142062 -0.299384 2.43664 -0.041318 62677.1 0.00069486 1 -0.019482 -0.182508 0.05 79437.5
0 990 6 phononTF 0.000452734 -0.019482 -0.182508 0.049999 79437.5 0.00034743 1 0.0436469 -0.26206 0.05 81889.4
0 1028 2 phononL 0.00281489 -1.61455 -2.4691 -0.015737 9535.54 0.00138972 1 -0.0667468 -0.259141 0.05 17762.1
0 1057 2 phononTS 0.00231491 -2.22132 -3.8194 -0.0310089 16204.3 0.00104229 1 -0.0989284 -0.160961 0.05 47186.5
0 1064 2 phononTS 0.00165154 -1.51258 -0.966566 -0.0408739 9843.17 0.00034743 1 -0.0697247 -0.174817 0.05 42454
0 1084 1 phononL 0.004 -1.75 -1.25 0 0 0.00173715 1 -0.0410883 -0.129817 0.05 12943.9
0 1087 2 phononTF 0.00256847 -1.45922 -1.44066 -0.0108569 554.406 0.00104229 1 0.0189603 -0.210155 0.05 13226.9
0 1087 13 phononTS 0.000372647 0.0189603 -0.210155 0.049999 13226.9 0.00034743 1 0.0342555 -0.13969 0.05 13500.8
0 1104 2 phononTS 0.00136066 -2.57111 -1.22837 0.0468809 2819.06 0.00069486 1 0.0914226 -0.264006 0.05 10152.4
0 1110 2 phononTF 0.00260661 -2.06542 -0.500988 0.0398033 1788.84 0.00034743 1 -0.0333231 -0.0979198 0.05 7123.47
0 1140 2 phononTS 0.00148521 1.415 -1.29708 0.022837 13361.5 0.00034743 1 -0.080654 -0.219836 0.05 33572.8
0 1140 8 phononTS 0.000358345 -0.080654 -0.219836 0.049999 33572.8 0.00034743 1 0.115459 -0.18396 0.05 33727.3
0 1159 3 phononTF 0.00159697 -1.63528 -1.06449 -0.048043 357.243 0.00034743 1 0.102048 -0.210765 0.05 3710.92
0 1159 4 phononTS 0.00119483 0.102048 -0.210765 0.049999 3710.92 0.00069486 1 0.0965017 -0.20416 0.05 3771.59
0 1189 5 phononTS 0.00123273 -1.19581 -0.703309 -0.0450027 13956.8 0.00104229 1 0.104245 -0.255195 0.05 91101.4
0 1191 5 phononTS 0.0024868 -1.99817 1.56398 0.0378116 40170.6 0.00034743 1 -0.0740929 -0.285476 0.05 56314
0 1215 2 phononTS 0.000485382 -0.476734 0.0875207 0.049999 5241.25 0.00034743 1 -0.106848 -0.191137 0.05 6321.18
0 1252 4 phononL 0.00129519 -4.18354 -0.46067 0.0148322 29830.6 0.00034743 1 -0.0596281 -0.219076 0.05 41431.6
0 1265 3 phononL 0.00182739 -1.85125 -1.14418 -0.0308378 3584.89 0.00069486 1 -0.104782 -0.245775 0.05 6107.63
0 1266 3 phononTF 0.00240824 -1.51983 -0.950352 0.0275135 621.365 0.00034743 1 0.0539375 -0.218086 0.05 14702.6
0 1266 4 phononTS 0.0014317 0.0539375 -0.218086 0.049999 14702.6 0.00034743 1 0.0796117 -0.157844 0.05 14911.4
0 1269 1 phononTS 0.004 -1.75 -1.25 0 0 0.00069486 1 -0.097007 -0.234578 0.05 13796.4
0 1304 3 phononTS 0.00203532 -2.54188 -0.973885 0.00527936 3626.54 0.00034743 1 -0.0779275 -0.169583 0.05 8388.95
0 1315 3 phononTS 0.00158985 -1.78344 -1.17352 0.0405012 50.7291 0.00104229 1 0.0657968 -0.156588 0.05 1798.05
0 1322 3 phononTS 0.00198049 -1.38562 -1.92401 0.0123846 5533.63 0.00069486 1 0.0217516 -0.190783 0.05 51151
0 1322 9 phononTF 0.000626365 0.0217516 -0.190783 0.049999 51151 0.00034743 1 -0.0375581 -0.164423 0.05 51213.3
0 1333 3 phononTS 0.00267708 -2.69676 -0.662416 -0.0149038 2612.77 0.00069486 1 -0.051356 -0.268746 0.05 14007.2
0 1333 7 phononTS 0.000768601 -0.051356 -0.268746 0.049999 14007.2 0.00034743 1 -0.0986818 -0.186544 0.05 14083.8
0 1365 2 phononL 0.00229415 -1.33351 -1.58666 0.0379444 2853.34 0.00034743 1 0.0540133 -0.176061 0.05 9400.85
0 1374 1 phononTF 0.004 -1.75 -1.25 0 0 0.00208458 1 -0.0695032 -0.261222 0.05 6615.07
0 1385 2 phononTS 0.00219932 -0.556141 -2.19456 0.0169497 10912.8 0.00069486 1 0.0653995 -0.138172 0.05 163867
0 1385 9 phononTF 0.000628086 0.0653995 -0.138172 0.049999 163867 0.00034743 1 0.0614028 -0.183971 0.05 163934
0 1389 3 phononTS 0.0012483 -1.65524 -0.425045 -0.00717256 3918.89 0.00034743 1 0.0679425 -0.229311 0.05 23248.6
0 1389 4 phononL 0.000566623 0.0679425 -0.229311 0.049999 23248.6 0.00034743 1 -0.0846129 -0.257484 0.05 28032.8
0 1398 3 phononTF 0.00191944 -0.360706 -0.133262 0.0118821 9822.04 0.00034743 1 0.0567951 -0.255387 0.05 15563.1
0 1407 3 phononL 0.0027797 -2.60024 -1.40542 -0.0467059 937.189 0.00034743 1 0.0464327 -0.119959 0.05 7731.54
0 1407 9 phononTS 0.000393607 0.0464327 -0.119959 0.049999 7731.54 0.00034743 1 0.108504 -0.170958 0.05 7802.37
0 1414 3 phononTS 0.00155067 -1.89343 -1.6401 -0.0141151 1549.68 0.00034743 1 0.0272073 -0.111713 0.05 40683.5
0 1414 4 phononTF 0.000685132 0.0272073 -0.111713 0.049998 40683.5 0.00034743 1 0.0534889 -0.219236 0.05 40754
0 1422 2 phononTF 0.00197024 0.357229 -1.71003 -0.0426875 8410.68 0.00069486 1 -0.077178 -0.251783 0.05 34776.3
0 1442 3 phononL 0.00200928 -1.67069 -1.2725 0.0311592 34.2788 0.00069486 1 0.0627533 -0.115732 0.05 30960.7
0 1472 5 phononTS 0.00138205 -0.464424 -3.94996 -0.0473308 15205.4 0.00069486 1 -0.0424913 -0.101664 0.05 60031.9
0 1511 3 phononL 0.00287729 -3.30481 -0.807893 0.0303965 11236.8 0.00034743 1 0.0451937 -0.269485 0.05 18210.6
0 1511 5 phononTS 0.00224784 0.0451937 -0.269485 0.049999 18210.6 0.00069486 1 0.0507855 -0.267569 0.05 18226.7
0 1511 18 phononL 0.000687078 0.0507855 -0.267569 0.049999 18226.7 0.00034743 1 0.0465639 -0.140827 0.05 18277.4
0 1511 16 phononL 0.000625182 0.0507855 -0.267569 0.049999 18226.7 0.00034743 1 0.111488 -0.203705 0.05 19178.4
0 1512 3 phononTF 0.00186315 -1.74777 -0.982469 -0.0369506 6422.2 0.00034743 1 -0.0900373 -0.268968 0.05 55135.3
0 1546 5 phononTS 0.000982463 0.85602 -3.85206 -0.0497487 30027.3 0.00034743 1 -0.0985544 -0.137955 0.05 61908.9
0 1546 4 phononTS 0.00226213 0.85602 -3.85206 -0.0497487 30027.3 0.00069486 1 -0.0274562 -0.134035 0.05 49047.7
0 1551 3 phononL 0.00254579 -0.724574 -0.198636 -0.0182557 7135.54 0.00069486 1 -0.0402928 -0.249521 0.05 14489.3
0 1592 3 phononTF 0.00203694 -1.57842 -0.985197 -0.0100426 272.374 0.00034743 1 -0.0571536 -0.257557 0.05 25465
0 1592 7 phononTS 0.000629318 -0.0571536 -0.257557 0.049999 25465 0.00034743 1 0.0338433 -0.264484 0.05 65140.3
0 1599 3 phononTS 0.00233797 -0.559698 -0.794175 -0.0229245 12045.8 0.00034743 1 0.0240527 -0.182097 0.05 15252.3
0 1599 5 phononTS 0.000996045 0.0240527 -0.182097 0.049999 15252.3 0.00034743 1 0.0496012 -0.199633 0.05 15822.4
0 1611 2 phononTF 0.000681725 -3.20568 -1.1888 0.0402985 5289.49 0.00034743 1 0.0744694 -0.175345 0.05 40133.9
0 1627 3 phononTF 0.00152633 -1.84702 -1.26567 0.00262703 1826.74 0.00069486 1 0.0626722 -0.202959 0.05 6135.1
0 1643 2 phononTS 0.00142852 -1.71408 -1.08307 -0.0332339 2831.42 0.00069486 1 0.0541646 -0.18004 0.05 9718.7
0 1648 2 phononTF 0.00191246 -1.76861 -1.22937 -0.00180963 5.21478 0.00069486 1 -0.0383723 -0.266059 0.05 1605.88
0 1683 2 phononL 0.00157977 -0.659696 -0.963055 -0.00756871 4585.32 0.00034743 1 0.0564118 -0.250439 0.05 8597.34
0 1689 1 phononTS 0.004 -1.75 -1.25 0 0 0.00069486 1 -0.0839635 -0.27281 0.05 22003.4
0 1747 3 phononTF 0.00224263 -0.927296 -1.21803 0.043274 1929.89 0.00034743 1 0.0876793 -0.231911 0.05 5525.95
0 1747 6 phononTF 0.000955738 0.0876793 -0.231911 0.049999 5525.95 0.00034743 1 0.035604 -0.302198 0.05 6139.86
0 1751 2 phononL 0.00140312 -1.14518 0.686185 -0.0185407 5094.74 0.00069486 1 -0.0702354 -0.224205 0.05 29441.3
0 1826 5 phononTF 0.000855034 -1.88616 -2.66267 -0.0497682 3713.67 0.00034743 1 -0.102296 -0.162533 0.05 6270.91
0 1831 4 phononTS 0.00178807 -3.42766 0.0642965 0.0437266 11216.6 0.00138972 1 0.0864006 -0.186283 0.05 17291.7
0 1858 4 phononTS 0.00060345 -1.67665 0.0297757 0.049999 1275.59 0.00034743 1 -0.0684003 -0.238166 0.05 2551.01
0 1896 4 phononTF 0.000901616 -1.65809 0.0385741 0.049999 6767.51 0.00034743 1 -0.066227 -0.245694 0.05 82549.7
0 1951 3 phononTS 0.000755053 0.0456708 0.105222 0.049999 8389.57 0.00034743 1 0.0547692 -0.217129 0.05 8805.58
0 1957 2 phononTF 0.00298407 -1.88757 -0.869395 0.0269102 3264.56 0.00034743 1 -0.114984 -0.168236 0.05 20685.8
0 1984 3 phononTS 0.00316708 -1.74686 -1.08711 -0.0258027 2128.6 0.00069486 1 0.0602817 -0.181798 0.05 5069.74
0 1986 3 phononTS 0.00229273 -1.24212 -3.92383 -0.00734437 11499.1 0.00069486 1 -0.0220695 -0.254502 0.05 15219.3
0 1986 4 phononTS 0.000550063 -0.0220695 -0.254502 0.049999 15219.3 0.00034743 1 0.0709498 -0.188675 0.05 15313.4
0 1994 2 phononTS 0.00241124 -0.399781 -2.91965 -0.0455868 8646.09 0.00034743 1 0.0277963 -0.177161 0.05 18024.4
0 2020 2 phononTS 0.00250611 -1.43465 -4.63268 -0.0107575 35710 0.00034743 1 -0.0332344 -0.239273 0.05 47532.3
0 2023 5 phononTS 0.000945918 -1.38293 1.93271 0.0228401 55056.5 0.00034743 1 0.0883604 -0.179652 0.05 120952
0 2023 6 phononTS 0.000517514 0.0883604 -0.179652 0.049999 120952 0.00034743 1 0.118353 -0.191422 0.05 130303
0 2029 3 phononTS 0.00177923 -1.66002 -1.06023 0.026405 2031.81 0.00069486 1 -0.0261041 -0.246014 0.05 38543.6
0 2054 2 phononTF 0.00152376 -1.78978 -1.20856 -0.0272724 385.615 0.00034743 1 -0.0386103 -0.200945 0.05 14642.2
0 2054 4 phononTF 0.000806336 -0.0386103 -0.200945 0.049999 14642.2 0.00034743 1 -0.0907218 -0.264467 0.05 16529.2
0 2063 3 phononTF 0.00167344 -0.868691 -0.12698 0.0461831 11603.6 0.00034743 1 0.0427392 -0.116474 0.05 25538
0 2064 2 phononTF 0.000489247 -1.18499 -0.000989109 0.049999 2142.21 0.00034743 1 0.0555009 -0.109546 0.05 5968.64
0 2067 2 phononTS 0.00243424 -0.756872 -0.8412 -0.0444437 8903.06 0.00069486 1 0.043599 -0.19141 0.05 10715.3
0 2096 2 phononTF 0.00263225 0.573128 -1.12881 0.00185284 6255.51 0.00069486 1 -0.0796701 -0.206691 0.05 7652.83
0 2110 2 phononTS 0.00255795 -1.78209 -1.27041 -0.0249282 2761.77 0.00034743 1 0.0314957 -0.142421 0.05 9517.31
0 2142 6 phononTS 0.000946285 -1.71031 -0.000814971 0.00974209 64882.1 0.00034743 1 0.0324921 -0.278194 0.05 67911.5
0 2144 2 phononL 0.00221194 -1.16518 -1.47716 0.0279307 7417.34 0.00034743 1 -0.0179163 -0.176142 0.05 13713.2
0 2162 1 phononTF 0.004 -1.75 -1.25 0 0 0.00069486 1 -0.0949432 -0.203089 0.05 10303.9
0 2162 5 phononTS 0.000415797 -0.0949432 -0.203089 0.049999 10303.9 0.00034743 1 -0.0367252 -0.116062 0.05 10743.8
0 2190 2 phononL 0.00240152 -1.77365 -1.35497 0.0208463 71.4816 0.00034743 1 0.0946521 -0.200942 0.05 8363.69
0 2199 3 phononTF 0.00291252 -2.09719 -1.19276 0.00809374 569.299 0.00034743 1 -0.0334442 -0.239664 0.05 7789.15
0 2201 3 phononTF 0.0018386 -1.57085 -1.31753 -0.0191734 1709.48 0.00069486 1 -0.0220875 -0.230234 0.05 22501.8
0 2201 9 phononTS 0.000629768 -0.0220875 -0.230234 0.049999 22501.8 0.00034743 1 0.0115434 -0.210893 0.05 233707
0 2202 2 phononTF 0.00251355 -1.31354 -1.139 0.041447 9477.02 0.00104229 1 0.045724 -0.224181 0.05 26358.2
0 2210 2 phononL 0.00252051 -1.60439 -0.902682 0.0213729 166.788 0.00104229 1 0.0948848 -0.257259 0.05 88474.3
0 2216 4 phononTS 0.00111163 -1.54017 0.078081 -0.0127191 36755.6 0.00034743 1 -0.11088 -0.223002 0.05 59346.6
0 2217 2 phononTF 0.00126929 -1.53504 -1.71633 0.00552637 723.831 0.00034743 1 -0.0744977 -0.20193 0.05 120937
0 2223 2 phononL 0.00187858 -2.29091 -0.863865 -0.0393881 885.114 0.00034743 1 0.099976 -0.165428 0.05 18327.1
0 2230 2 phononL 0.000936774 -1.71329 -1.25709 0.0248119 8.51049 0.00034743 1 0.115531 -0.171364 0.05 44585.5
0 2260 5 phononTS 0.00154565 -2.99481 -1.16287 0.0379789 6969.85 0.00034743 1 0.0966697 -0.211248 0.05 20350.3
0 2266 3 phononL 0.00269787 -1.83493 -1.50144 0.0358882 722.853 0.00069486 1 0.0500268 -0.121463 0.05 4771.15
0 2266 5 phononTS 0.000973406 0.0500268 -0.121463 0.049998 4771.15 0.00034743 1 -0.0236527 -0.140244 0.05 4843.5
0 2266 2 phononTS 0.00130213 -1.83493 -1.50144 0.0358882 722.853 0.00069486 1 0.0505773 -0.112466 0.05 11444.6
0 2299 2 phononTS 0.00233163 -0.7857 -1.60358 -0.0242655 3427.67 0.00034743 1 -0.0664015 -0.285374 0.05 13282.5
0 2299 4 phononTS 0.00108174 -0.0664015 -0.285374 0.049999 13282.5 0.00034743 1 -0.0568607 -0.255267 0.05 13346.2
0 2305 3 phononTF 0.00160779 -1.7403 -1.23151 -0.00784765 84.9371 0.00034743 1 0.0693776 -0.256737 0.05 830.669
0 2305 4 phononTF 0.000427214 0.0693776 -0.256737 0.049999 830.669 0.00034743 1 -0.0175466 -0.212668 0.05 898.923
0 2328 2 phononTF 0.00151032 -0.725409 -1.69026 0.0108198 10049.3 0.00034743 1 0.0831165 -0.156583 0.05 35788.8
0 2328 8 phononTS 0.000563616 0.0831165 -0.156583 0.049999 35788.8 0.00034743 1 0.0569514 -0.170282 0.05 35849.3
0 2350 3 phononTF 0.00251262 -1.24398 -1.33633 -0.0267502 260.412 0.00034743 1 0.0943158 -0.266078 0.05 26976.1
0 2350 5 phononTF 0.000546778 0.0943158 -0.266078 0.049999 26976.1 0.00034743 1 -0.0216154 -0.264344 0.05 27060.8
0 2362 4 phononTS 0.000386566 -1.47942 0.0462452 0.049999 3251.24 0.00034743 1 -0.0727393 -0.168102 0.05 4997.87
0 2376 2 phononL 0.00166623 -1.27336 -1.38577 0.0191622 9545.28 0.00104229 1 -0.0453603 -0.124756 0.05 24530.4
0 2392 4 phononTS 0.00173071 0.0995905 0.549028 0.0106606 7749.33 0.00034743 1 0.0451914 -0.287456 0.05 19853.5
0 2392 7 phononL 0.00137957 0.0451914 -0.287456 0.049999 19853.5 0.00034743 1 -0.0953386 -0.244914 0.05 20685.2
0 2392 9 phononTS 0.000905405 -0.0953386 -0.244914 0.049999 20685.2 0.00034743 1 -0.0687937 -0.271311 0.05 20745.8
0 2396 3 phononTF 0.00179898 -2.55177 -1.22887 -0.0475871 10095.8 0.00069486 1 0.02442 -0.247309 0.05 25598.9
0 2410 2 phononTS 0.00233343 -2.02787 -1.91093 0.0473456 713.487 0.00069486 1 -0.0638719 -0.224809 0.05 2534.01
0 2411 5 phononTS 0.00121133 -0.361154 -0.73917 0.0201681 5539.98 0.00069486 1 0.0533704 -0.204552 0.05 85427.2
0 2462 5 phononTS 0.00091963 -1.86841 -1.69054 -0.0069019 5492.59 0.00069486 1 0.0809899 -0.132014 0.05 31026.2
0 2467 2 phononTS 0.00278345 -0.487183 -1.54939 0.033174 2394.18 0.00069486 1 -0.0673349 -0.269078 0.05 6167.09
0 2472 2 phononTS 0.00110853 -1.94321 -0.921097 0.0345488 2967.38 0.00034743 1 -0.054952 -0.219449 0.05 47096.3
0 2480 3 phononTF 0.00198135 -0.634851 -0.266964 -0.0486127 2758.88 0.00069486 1 -0.100204 -0.180544 0.05 3513.11
0 2480 4 phononTF 0.000374205 -0.100204 -0.180544 0.049999 3513.11 0.00034743 1 0.0635778 -0.277024 0.05 3876.93
0 2480 2 phononL 0.00201865 -0.634851 -0.266964 -0.0486127 2758.88 0.00034743 1 -0.019774 -0.161413 0.05 8360.92
0 2510 5 phononL 0.000789942 -2.71678 1.11914 -0.00122528 8188.43 0.00069486 1 0.0865822 -0.21659 0.05 17514.5
0 2516 1 phononTF 0.004 -1.75 -1.25 0 0 0.00034743 1 -0.0230381 -0.193703 0.05 2630.09
0 2535 2 phononTF 0.00117331 -1.71354 -1.65472 -0.0168264 2103.99 0.00034743 1 0.0257601 -0.284504 0.05 37876.3
0 2573 3 phononTS 0.00171622 -1.62804 -0.624613 0.0164035 3372.03 0.00034743 1 -0.0943277 -0.192845 0.05 6198.04
0 2595 2 phononTS 0.00213406 -1.66256 -1.45635 -0.00935464 2664 0.00034743 1 -0.0579737 -0.15229 0.05 7907.35
0 2604 2 phononTS 0.00212796 -0.840482 -0.508567 0.00259264 3833.91 0.00034743 1 0.101045 -0.164781 0.05 4964.06
0 2608 2 phononTS 0.00244351 -1.51544 -1.65509 -0.0174782 779.687 0.00069486 1 -0.0437059 -0.233223 0.05 2576.59
0 2623 2 phononTF 0.00220462 -3.40644 -4.57562 0.0449849 7760.28 0.00034743 1 -0.0217017 -0.249067 0.05 25017.9
0 2623 4 phononTF 0.000604387 -0.0217017 -0.249067 0.049998 25017.9 0.00034743 1 -0.0964604 -0.265104 0.05 25110.8
0 2631 2 phononTF 0.00169147 -2.11884 -2.00068 -0.00468677 2109.75 0.00069486 1 0.031505 -0.107343 0.05 11688.9
0 2642 2 phononL 0.00219472 -0.953097 0.753612 -0.00085905 7444.74 0.00104229 1 0.091574 -0.183656 0.05 8630.85
0 2672 5 phononTF 0.00181084 2.22116 -1.35443 0.0246707 22535.6 0.00034743 1 -0.02782 -0.213431 0.05 92126.4
0 2673 2 phononTS 0.000697787 -0.887627 0.0088563 0.049999 17585.4 0.00034743 1 0.109726 -0.159387 0.05 27796.2
0 2676 3 phononTF 0.0017493 -1.81307 -1.31875 0.00930071 840.777 0.00069486 1 0.0554453 -0.14693 0.05 4533.73
0 2712 2 phononTS 0.00206109 -3.17857 -1.36537 0.00460167 4717.88 0.00069486 1 -0.0981526 -0.24939 0.05 36035.8
0 2714 5 phononTS 0.0015417 -2.15133 0.298955 0.0334864 13794 0.00069486 1 -0.070148 -0.28469 0.05 59970
0 2724 2 phononTS 0.00256077 -1.68224 -1.4902 0.00536867 1781.19 0.00069486 1 0.0319701 -0.2881 0.05 9726.89
0 2724 5 phononTS 0.000939745 0.0319701 -0.2881 0.049999 9726.89 0.00034743 1 -0.0836851 -0.237353 0.05 9995.63
0 2731 3 phononTS 0.00308804 -1.62267 -0.47809 -0.0379771 3772.72 0.00034743 1 -0.0454704 -0.286955 0.05 6572.14
0 2734 3 phononTF 0.00288349 -0.722104 -0.684457 -0.00195495 17358.8 0.00069486 1 0.0294466 -0.294558 0.05 18000.1
0 2734 10 phononTF 0.000668231 0.0294466 -0.294558 0.049999 18000.1 0.00034743 1 -0.0359438 -0.107598 0.05 18526.3
0 2743 2 phononTF 0.00180419 -2.72919 -0.586702 -0.0294836 3398.18 0.00034743 1 -0.0910098 -0.144322 0.05 5336.72
0 2764 2 phononTS 0.00255363 -1.61719 -1.27851 -0.0302199 84.5208 0.00034743 1 -0.0204332 -0.146392 0.05 22668
0 2799 3 phononL 0.00234126 -2.50521 -1.7444 -0.0159401 1920.35 0.00104229 1 0.101442 -0.226303 0.05 19173.5
0 2802 2 phononTS 0.000750338 -1.96324 -0.6094 -0.0462674 436.502 0.00034743 1 -0.072476 -0.198093 0.05 31753.4
0 2890 4 phononTS 0.000593989 -0.849713 0.105372 0.049999 9470.83 0.00034743 1 -0.0333316 -0.138207 0.05 26810.6
0 2922 2 phononTF 0.002322 -1.76341 -1.10637 -0.049441 3875.4 0.00034743 1 0.0864587 -0.269445 0.05 13139.8
0 2922 5 phononTF 0.00122999 0.0864587 -0.269445 0.049999 13139.8 0.00069486 1 -0.0799925 -0.181181 0.05 13231.7
0 2953 2 phononTF 0.00180296 -2.24023 -1.59071 -0.0107469 4131.78 0.00034743 1 -0.0969337 -0.217214 0.05 6784.76
0 2973 3 phononTS 0.00258383 -1.58906 -1.04251 -0.0119624 240.287 0.00034743 1 0.0417673 -0.288813 0.05 16281
0 2973 4 phononL 0.000445133 0.0417673 -0.288813 0.049999 16281 0.00034743 1 -0.0280647 -0.148835 0.05 16328.8
0 2975 7 phononTF 0.000914343 4.24082 -2.43826 0.0416363 34851.8 0.00034743 1 0.0980281 -0.149273 0.05 57070.7
0 2986 3 phononTF 0.00199015 -1.7582 -1.24326 0.0134083 3.19806 0.00034743 1 -0.0398678 -0.160864 0.05 11103
0 2986 4 phononTS 0.00132001 -0.0398678 -0.160864 0.049998 11103 0.00034743 1 -0.0735 -0.18143 0.05 11212.6
0 3064 3 phononTF 0.00120493 -0.0789101 -2.56824 0.00376404 5916.52 0.00069486 1 -0.059965 -0.181646 0.05 76057.3
0 3069 2 phononTS 0.00180626 -1.00314 -1.09848 -0.0128816 5817.62 0.00104229 1 0.0717091 -0.233548 0.05 38685.1
0 3083 2 phononL 0.000631456 -2.04128 0.068008 0.049999 1982.4 0.00034743 1 -0.0562655 -0.12942 0.05 11356.8
0 3097 3 phononL 0.00218996 0.671652 -0.961903 -0.00569622 6739.08 0.00069486 1 -0.0463034 -0.115156 0.05 23872.5
0 3097 2 phononL 0.00181004 0.671652 -0.961903 -0.00569622 6739.08 0.00069486 1 -0.070172 -0.117466 0.05 8649.81
0 3113 2 phononTF 0.000569223 -0.905425 0.064305 0.049999 1843.82 0.00034743 1 0.0573696 -0.264315 0.05 31294.9
0 3143 2 phononTF 0.0020226 -1.9656 -2.32712 -0.0333406 1704.25 0.00034743 1 0.0633181 -0.119996 0.05 14514.4
0 3148 2 phononTF 0.00201162 -0.55702 -0.383437 0.0321615 3965.89 0.00034743 1 0.0511952 -0.143379 0.05 9163.77
0 3148 4 phononL 0.000575811 0.0511952 -0.143379 0.049998 9163.77 0.00034743 1 -0.101868 -0.197986 0.05 9274.32
0 3159 3 phononTS 0.00232902 -1.77098 -1.53458 0.0168335 135.812 0.00034743 1 0.0619918 -0.148393 0.05 6457.19
0 3159 7 phononTS 0.000349002 0.0619918 -0.148393 0.049999 6457.19 0.00034743 1 0.0348864 -0.201739 0.05 6772.71
0 3164 1 phononTS 0.004 -1.75 -1.25 0 0 0.00173715 1 0.0393484 -0.217222 0.05 3803.57
0 3181 5 phononTF 0.000520408 -4.67134 0.0881684 0.049999 31488.7 0.00034743 1 -0.0636539 -0.230096 0.05 49288.1
0 3202 5 phononTS 0.000980411 -2.96522 -0.992859 -0.0334961 7893.57 0.00069486 1 -0.0921076 -0.225578 0.05 13581.4
0 3203 3 phononL 0.00180875 -1.56951 -1.20927 -0.0493156 393.72 0.00034743 1 -0.0998867 -0.255708 0.05 18518.7
0 3214 3 phononTF 0.00151282 -2.84875 -2.34609 -0.0236497 9214.26 0.00034743 1 -0.0740555 -0.192202 0.05 39515
0 3231 2 phononTS 0.0020263 2.4998 -3.18255 -0.0237181 23618.2 0.00034743 1 0.0563583 -0.217786 0.05 86852.6
0 3241 2 phononTS 0.00148934 -0.678343 -1.73743 -0.00040803 3921.75 0.00034743 1 0.0326127 -0.282436 0.05 40231.9
0 3285 2 phononL 0.0013378 -1.85883 -2.57849 -0.0170501 7692.58 0.00034743 1 -0.0249209 -0.256402 0.05 41798.1
0 3301 1 phononTS 0.004 -1.75 -1.25 0 0 0.00069486 1 -0.109357 -0.158741 0.05 9117.84
0 3315 2 phononTF 0.00183644 -0.787958 -3.10009 -0.00835606 5380.97 0.00034743 1 0.0588528 -0.214828 0.05 7351.72
0 3315 4 phononTS 0.000537684 0.0588528 -0.214828 0.049999 7351.72 0.00034743 1 0.00612136 -0.200174 0.05 7631.13
0 3316 3 phononTF 0.00282409 -2.71819 -0.392232 -0.0200782 9297.54 0.00069486 1 -0.0715908 -0.236439 0.05 14301
0 3316 9 phononTS 0.000767679 -0.0715908 -0.236439 0.049999 14301 0.00034743 1 -0.0515515 -0.213431 0.05 14360.5
0 3337 5 phononTF 0.000615684 -0.961819 0.0140217 0.049999 8627.07 0.00034743 1 -0.109043 -0.157805 0.05 19257.4
0 3402 3 phononTS 0.00222212 -1.01386 -1.32152 0.00962493 3677.77 0.00034743 1 0.0232324 -0.175487 0.05 8696.52
0 3417 1 phononL 0.004 -1.75 -1.25 0 0 0.00173715 1 0.0382442 -0.185159 0.05 4873.61
0 3422 5 phononL 0.000840375 -3.09866 4.45287 -0.0302616 21134.9 0.00034743 1 -0.0429274 -0.109436 0.05 29183.8
0 3422 2 phononTS 0.00176147 -1.79497 -1.24724 0.00298552 9.25971 0.00034743 1 -0.0356331 -0.202009 0.05 13293.3
0 3431 2 phononTS 0.000671376 -1.46771 -0.3873 0.0454848 3095.83 0.00034743 1 0.113828 -0.183771 0.05 25249.4
0 3434 5 phononTF 0.000955777 0.905159 -0.454315 -0.0374241 19492.1 0.00034743 1 -0.0531187 -0.299716 0.05 23847.1
0 3455 3 phononTS 0.00120711 -3.32985 -1.77112 -0.0135374 5877.71 0.00034743 1 -0.102452 -0.169113 0.05 91044.2
0 3478 1 phononTF 0.004 -1.75 -1.25 0 0 0.00069486 1 0.0927624 -0.238589 0.05 6361.84
0 3478 6 phononTS 0.00081406 0.0927624 -0.238589 0.049999 6361.84 0.00034743 1 -0.0424593 -0.118405 0.05 6461.15
0 3485 3 phononTF 0.00184199 -1.9038 -0.712024 0.0284356 602.271 0.00034743 1 0.0213784 -0.244921 0.05 30941.3
0 3485 4 phononL 0.0010442 0.0213784 -0.244921 0.049999 30941.3 0.00034743 1 -0.0941897 -0.237413 0.05 31818.3
0 3490 5 phononTS 0.00165359 4.89406 3.5574 -0.00311137 92769 0.00034743 1 0.0661149 -0.282545 0.05 136072
0 3501 2 phononTS 0.00186087 -1.78286 -1.29351 -0.00897802 10.4007 0.00069486 1 -0.0885816 -0.256741 0.05 19546.7
0 3505 3 phononTS 0.00170871 -2.50281 -1.64278 -0.0111879 1064.47 0.00034743 1 0.0398564 -0.186909 0.05 16656.7
0 3509 3 phononTS 0.00239474 -0.809677 -1.09079 -0.0313281 6219.9 0.00034743 1 -0.0394339 -0.164945 0.05 20905
0 3509 6 phononTS 0.000724735 -0.0394339 -0.164945 0.049999 20905 0.00034743 1 0.100791 -0.256553 0.05 21010.3
0 3509 4 phononTS 0.00127315 -0.0394339 -0.164945 0.049999 20905 0.00034743 1 -0.0605471 -0.163957 0.05 21044.5
0 3509 16 phononL 0.000879712 -0.0605471 -0.163957 0.049999 21044.5 0.00034743 1 0.09281 -0.249541 0.05 21097.3
0 3537 2 phononTS 0.00191992 -1.40807 -2.29676 0.00676629 3213.03 0.00069486 1 0.0358752 -0.241729 0.05 36987.6
0 3544 2 phononTS 0.00218689 -2.58349 -1.05487 -0.00696097 3339.2 0.00069486 1 0.103629 -0.218915 0.05 37777.7
0 3558 1 phononTF 0.004 -1.75 -1.25 0 0 0.00034743 1 -0.0456241 -0.164381 0.05 7108.22
0 3558 3 phononTF 0.000994446 -0.0456241 -0.164381 0.049999 7108.22 0.00034743 1 -0.0498874 -0.26869 0.05 7245.64
0 3558 7 phononTS 0.000469743 -0.0498874 -0.26869 0.049999 7245.64 0.00034743 1 0.0643397 -0.131965 0.05 7543.06
0 3564 3 phononTF 0.00251543 -1.22096 -0.316513 -0.00850231 6888.35 0.00069486 1 0.076 -0.191785 0.05 10631.5
0 3564 10 phononTF 0.00070018 0.076 -0.191785 0.049999 10631.5 0.00034743 1 0.116279 -0.194539 0.05 10689.7
0 3571 3 phononTS 0.00228436 -1.14221 -3.41473 -0.0279033 6985.6 0.00034743 1 -0.0918909 -0.25994 0.05 55102.1
0 3572 2 phononL 0.00148445 -0.388078 -2.10577 -0.037114 4471.29 0.00069486 1 0.0183011 -0.153407 0.05 68857.2
0 3584 4 phononTF 0.00182547 -1.41642 -1.17761 0.0309972 1067.24 0.00034743 1 -0.0798294 -0.130063 0.05 3877.09
0 3608 2 phononTS 0.00209786 -2.40693 -1.76192 -0.0220907 3719.48 0.00034743 1 -0.0848237 -0.12458 0.05 45928.6
0 3637 3 phononTS 0.002115 -1.46073 -2.67583 0.0375926 1369.56 0.00069486 1 0.088406 -0.245745 0.05 3905.9
0 3641 2 phononTF 0.00245919 -2.46002 -0.478833 0.0117162 1867.91 0.00138972 1 -0.0215504 -0.18767 0.05 19873.9
0 3646 3 phononTF 0.00243544 -4.00425 -1.64993 0.00991176 9676.65 0.00069486 1 0.100207 -0.217489 0.05 39772.1
0 3669 2 phononTS 0.00228522 -0.676736 -0.427792 0.0342012 5464.9 0.00034743 1 0.0219172 -0.195281 0.05 31804.8
0 3678 3 phononTF 0.00185384 -1.08215 -0.406529 0.0285479 2935.4 0.00104229 1 0.0196068 -0.21867 0.05 5694.37
0 3681 4 phononTS 0.000745552 1.82393 0.118045 0.0135712 10107.7 0.00034743 1 0.0486632 -0.26847 0.05 31418.6
0 3696 3 phononL 0.00276378 -1.19667 -0.999574 -0.041265 5096.11 0.00069486 1 -0.084159 -0.167082 0.05 8266.88
0 3696 5 phononTF 0.00060469 -0.084159 -0.167082 0.049999 8266.88 0.00034743 1 -0.0318347 -0.145751 0.05 8329.4
0 3698 3 phononL 0.0029752 -1.1594 -1.36308 -0.000700403 343.208 0.00034743 1 0.0346592 -0.241098 0.05 10156.6
0 3729 1 phononL 0.004 -1.75 -1.25 0 0 0.00138972 1 -0.100906 -0.161817 0.05 9431.45
0 3753 3 phononTS 0.00240559 -1.40425 -1.13595 0.00674259 1498.71 0.00034743 1 -0.1021 -0.181171 0.05 15792.1
0 3753 5 phononTF 0.000566181 -0.1021 -0.181171 0.049999 15792.1 0.00034743 1 -0.0462814 -0.102299 0.05 15925
0 3757 2 phononL 0.00254201 -0.786807 -1.81853 -0.0266834 2560.5 0.00138972 1 -0.0491517 -0.170892 0.05 7462.49
0 3757 7 phononTF 0.000448262 -0.0491517 -0.170892 0.049999 7462.49 0.00034743 1 -0.0699516 -0.208318 0.05 7523.39
0 3786 2 phononTS 0.0020408 -0.507817 -0.700772 0.0281776 2645.86 0.00069486 1 0.0670624 -0.225569 0.05 4463.64
0 3814 3 phononL 0.00298968 -1.94796 -0.117032 -0.000359633 752.317 0.00034743 1 -0.0927779 -0.13767 0.05 6990.54
0 3814 4 phononTF 0.0020539 -0.0927779 -0.13767 0.049999 6990.54 0.00104229 1 -0.0912708 -0.21398 0.05 7116.94
0 3818 2 phononTS 0.00126134 -2.54948 -0.939113 -0.00714525 539.547 0.00034743 1 -0.0936443 -0.173733 0.05 4141.57
0 3820 2 phononTS 0.0027583 -2.84924 -1.06393 -0.0445497 13551 0.00034743 1 0.0515896 -0.278175 0.05 21953.3
0 3820 5 phononTS 0.000656811 0.0515896 -0.278175 0.049999 21953.3 0.00034743 1 -0.0878011 -0.186307 0.05 22049.5
0 3820 4 phononTF 0.00129251 0.0515896 -0.278175 0.049999 21953.3 0.00034743 1 0.0544191 -0.178452 0.05 23977.7
0 3827 3 phononTS 0.00205057 -1.6647 -1.30572 -0.0257641 5940.77 0.00069486 1 0.0198212 -0.168362 0.05 13713.7
0 3827 7 phononTF 0.000725673 0.0198212 -0.168362 0.049999 13713.7 0.00034743 1 -0.0274342 -0.182916 0.05 13773.9
0 3856 2 phononTS 0.00228922 -1.03854 -0.0783358 0.00668216 8149.16 0.00069486 1 0.105716 -0.191253 0.05 11594.1
0 3861 2 phononTF 0.00265574 -2.53009 -0.62584 -0.025459 4877.56 0.00138972 1 -0.045905 -0.279708 0.05 10839.4
0 3866 4 phononTF 0.000527199 -4.19769 -1.16834 0.0341051 22569.7 0.00034743 1 0.0793843 -0.174106 0.05 43375.2
0 3871 2 phononTS 0.0014142 -4.32684 -0.968567 0.00414966 8379.81 0.00034743 1 0.0203997 -0.236766 0.05 82599.3
0 3896 3 phononTF 0.00238896 -2.10134 -1.87281 0.036758 581.166 0.00104229 1 -0.0780336 -0.152518 0.05 2205.49
0 3896 7 phononTS 0.000387928 -0.0780336 -0.152518 0.049999 2205.49 0.00034743 1 -0.102994 -0.235778 0.05 2285.49
0 3908 3 phononTF 0.00262695 -1.85114 -1.29838 -0.0168387 7122.51 0.00104229 1 0.0396303 -0.111262 0.05 12205.8
0 3916 2 phononTF 0.00181192 -1.80313 -1.93984 0.0451181 925.995 0.00034743 1 -0.0236919 -0.238219 0.05 16137.8
0 3917 2 phononL 0.00171798 -0.567591 0.135745 0.0441287 9934.13 0.00069486 1 -0.108085 -0.230402 0.05 10346.9
0 3927 3 phononTF 0.00183242 -1.70379 -1.19958 -0.0457065 14.9811 0.00034743 1 -0.101453 -0.213653 0.05 1201.31
0 3927 5 phononL 0.00090904 -0.101453 -0.213653 0.049999 1201.31 0.00034743 1 -0.0263726 -0.18218 0.05 1322.98
0 3927 2 phononTS 0.00216758 -1.70379 -1.19958 -0.0457065 14.9811 0.00034743 1 -0.0818718 -0.118808 0.05 32940.9
0 3927 17 phononTF 0.000698939 -0.0818718 -0.118808 0.049999 32940.9 0.00034743 1 0.022888 -0.198249 0.05 33017.9
0 3938 3 phononTS 0.00198485 -0.549385 -0.407222 -0.0230302 3633.71 0.00034743 1 0.112003 -0.213451 0.05 14873.6
0 3938 2 phononL 0.00201515 -0.549385 -0.407222 -0.0230302 3633.71 0.00034743 1 0.0657036 -0.287981 0.05 10974.2
0 3971 2 phononL 0.00234799 -0.246214 -0.929715 -0.00126003 3809.98 0.00069486 1 0.0568225 -0.140076 0.05 6053.79
0 3984 4 phononTF 0.00122748 -2.48858 2.62916 0.0063737 55616.7 0.00069486 1 -0.0445173 -0.101968 0.05 129632
0 3985 2 phononTF 0.0024096 -1.75624 -1.07739 -0.000470026 1136.2 0.00034743 1 0.0374917 -0.154845 0.05 16194.5
0 3985 5 phononTS 0.00168691 0.0374917 -0.154845 0.049999 16194.5 0.00034743 1 0.0487211 -0.28755 0.05 21366.6
0 4001 1 phononTS 0.004 -1.75 -1.25 0 0 0.00138972 1 0.0283238 -0.253005 0.05 5833.2
0 4002 3 phononTS 0.00182836 -1.06455 -2.829 -0.0287389 10021.9 0.00034743 1 0.0732244 -0.223731 0.05 14901.5
0 4011 2 phononTS 0.00208407 -1.72628 -1.82759 0.0159007 2001.84 0.00069486 1 -0.023788 -0.201504 0.05 7284.01
0 4017 5 phononTS 0.00139183 -1.6426 -0.37911 -0.0450524 2306.41 0.00069486 1 0.0436285 -0.244094 0.05 18239
0 4022 2 phononTF 0.00153565 -2.05043 -1.29732 0.0228254 595.714 0.00034743 1 -0.0614082 -0.148459 0.05 11787.7
0 4022 5 phononTF 0.000776602 -0.0614082 -0.148459 0.049999 11787.7 0.00034743 1 -0.0842474 -0.141121 0.05 11851.1
0 4037 2 phononTS 0.00176942 -0.54396 -0.868653 0.0253029 1904.25 0.00034743 1 -0.0380697 -0.189607 0.05 2645.46
0 4041 3 phononTS 0.00178213 -1.55891 -1.78208 0.00561988 817.211 0.00034743 1 -0.0509337 -0.273244 0.05 63622
0 4041 6 phononTS 0.00134455 -0.0509337 -0.273244 0.049999 63622 0.00034743 1 -0.0313866 -0.269071 0.05 64562.8
0 4055 2 phononTS 0.00193701 -1.65725 -1.55666 -0.0345485 993.568 0.00104229 1 0.0440808 -0.257362 0.05 5890.5
0 4055 12 phononTF 0.000662608 0.0440808 -0.257362 0.049999 5890.5 0.00034743 1 0.0486273 -0.177613 0.05 6386.2
0 4057 3 phononTS 0.00194705 -2.52228 -2.17791 0.0443789 6566.55 0.00069486 1 -0.0703417 -0.143525 0.05 21550.9
0 4096 4 phononTF 0.000864625 -1.70238 0.0459129 0.049999 3421.15 0.00034743 1 -0.0680223 -0.19135 0.05 14174.3
0 4126 3 phononTS 0.00193922 -2.33275 -1.7787 -0.035596 6626.92 0.00069486 1 -0.0322215 -0.110598 0.05 18027.1
0 4137 3 phononL 0.00155237 -2.94526 -4.39906 0.0102601 9806.04 0.00034743 1 -0.0383515 -0.134802 0.05 60517.2
0 4137 7 phononTS 0.000359978 -0.0383515 -0.134802 0.049998 60517.2 0.00034743 1 -0.0665124 -0.148351 0.05 60582.7
0 4137 5 phononTS 0.000759742 -0.0383515 -0.134802 0.049998 60517.2 0.00034743 1 -0.04282 -0.142722 0.05 60576.2
0 4139 3 phononTS 0.00138715 -0.888085 -0.931268 -0.0294531 1314.42 0.00034743 1 -0.0868466 -0.13457 0.05 12114.7
0 4159 3 phononTF 0.00227935 -1.02827 -0.435715 0.00596456 4326.23 0.00069486 1 0.0297584 -0.272067 0.05 6165.9
0 4173 3 phononTF 0.00201838 -1.86976 -1.30326 0.00281444 1428.53 0.00034743 1 0.0834215 -0.14656 0.05 23476.4
0 4173 4 phononTF 0.00112347 0.0834215 -0.14656 0.049999 23476.4 0.00069486 1 -0.0261208 -0.14647 0.05 23627.1
0 4191 3 phononTF 0.000818454 -0.2828 0.0214573 0.049999 7174.35 0.00034743 1 -0.0277832 -0.219516 0.05 21716.8
0 4210 2 phononTS 0.00174552 -3.58119 0.113985 -0.0478997 6003.1 0.00069486 1 -0.037974 -0.140073 0.05 49439.3
0 4227 3 phononTS 0.00178474 -1.37482 -1.00391 -0.00388705 2900.23 0.00104229 1 0.0126922 -0.193824 0.05 8658.04
0 4231 3 phononL 0.00249121 -0.653088 -0.993303 0.0367837 5179.02 0.00034743 1 0.0390026 -0.252794 0.05 17805.4
0 4231 4 phononTF 0.00171341 0.0390026 -0.252794 0.049998 17805.4 0.00069486 1 0.0429489 -0.292617 0.05 17819.6
0 4237 3 phononTF 0.00155231 -3.4833 -1.63419 0.0480642 6127.14 0.00034743 1 0.0693644 -0.252861 0.05 20381.8
0 4249 3 phononTS 0.00268241 -1.6449 -0.66668 -0.0400737 2903.25 0.00034743 1 -0.0640571 -0.274783 0.05 6825.29
0 4249 4 phononL 0.00188633 -0.0640571 -0.274783 0.049998 6825.29 0.00069486 1 0.101321 -0.190496 0.05 6876.89
0 4323 3 phononTS 0.00293668 -2.54105 -0.72433 -0.0161377 6028.86 0.00034743 1 -0.0459752 -0.149784 0.05 11773.9
0 4325 2 phononL 0.00152577 -1.44587 -0.404683 0.0114553 7482.24 0.00034743 1 -0.0398913 -0.193994 0.05 89464
0 4325 4 phononTF 0.000516877 -0.0398913 -0.193994 0.049999 89464 0.00034743 1 0.0376105 -0.262858 0.05 89806.6
0 4337 2 phononTF 0.00256413 -0.830713 -0.604716 0.0221453 8839.41 0.00069486 1 -0.108368 -0.20326 0.05 10765.9
0 4339 3 phononL 0.00138544 -1.8448 -1.31475 0.0371493 102.966 0.00034743 1 0.0464783 -0.103124 0.05 20066.4
0 4363 2 phononTF 0.0025608 -0.29064 -1.29238 0.0333447 7064.87 0.00034743 1 0.0419168 -0.10671 0.05 10849.5
0 4363 5 phononTS 0.000880312 0.0419168 -0.10671 0.049999 10849.5 0.00034743 1 -0.0158815 -0.20727 0.05 155364
0 4363 4 phononTF 0.00100738 0.0419168 -0.10671 0.049999 10849.5 0.00034743 1 0.0496347 -0.163568 0.05 11006.2
0 4374 3 phononTF 0.00246515 -0.421906 -0.983172 0.0167411 5856.95 0.00069486 1 0.0430741 -0.252965 0.05 6694.01
0 4410 5 phononTF 0.00120917 -3.42996 -0.671393 -0.000687082 5788.87 0.00034743 1 -0.114204 -0.229744 0.05 15945.6
0 4421 3 phononTF 0.000648834 0.340559 0.00200326 0.049999 5727.68 0.00034743 1 -0.0374977 -0.297328 0.05 11232.9
0 4428 2 phononTS 0.00279095 -2.54563 -0.594881 0.0327177 2875.73 0.00104229 1 -0.0376015 -0.291406 0.05 6518.26
0 4477 2 phononTF 0.00191998 -1.13948 -1.37659 0.0430732 7023.84 0.00104229 1 -0.049709 -0.178423 0.05 8014.25
0 4535 4 phononTS 0.000983947 1.92537 4.24163 0.0439134 35886.9 0.00069486 1 -0.0877442 -0.171372 0.05 67670.9
0 4541 2 phononTS 0.00220651 -1.81153 -0.510488 0.00568093 2141.24 0.00034743 1 0.0186818 -0.199564 0.05 23994.5
0 4566 5 phononTF 0.00132957 -1.72376 -0.77219 0.0453675 3588.92 0.00034743 1 0.0926476 -0.238336 0.05 26655.7
0 4582 2 phononTF 0.00193395 -2.35443 -1.55654 -0.0027603 2343.64 0.00069486 1 0.0572149 -0.192934 0.05 13503.7
0 4593 2 phononL 0.00156156 -1.44963 -1.35574 -0.0458853 1181.39 0.00034743 1 0.0160971 -0.234546 0.05 18020.1
0 4593 6 phononTF 0.000660646 0.0160971 -0.234546 0.049999 18020.1 0.00034743 1 0.0149642 -0.191683 0.05 18078.6
0 4608 3 phononTS 0.00265271 -2.10561 -1.37636 -0.0279498 5790.59 0.00069486 1 -0.0326247 -0.168877 0.05 27932.5
0 4608 9 phononTS 0.000857492 -0.0326247 -0.168877 0.049999 27932.5 0.00034743 1 -0.093248 -0.161213 0.05 28001.3
0 4611 3 phononTF 0.00176586 -1.94154 -1.03374 0.0443519 1350.57 0.00069486 1 -0.0913935 -0.232639 0.05 45732.4
0 4641 3 phononTS 0.0020503 -0.15741 -3.39237 0.0312659 7461.82 0.00069486 1 -0.082998 -0.253966 0.05 32569.5
0 4646 5 phononTS 0.000726506 -2.41495 0.080932 0.049999 43957.5 0.00034743 1 -0.0922215 -0.167252 0.05 45649.7
0 4666 2 phononL 0.00208756 -1.82037 -1.75428 -0.0301556 3435.64 0.00034743 1 0.0548652 -0.225394 0.05 15072.1
0 4669 2 phononTS 0.00263608 -2.01769 -1.47905 0.0395637 205.305 0.00069486 1 0.0529748 -0.263467 0.05 3548.1
0 4672 3 phononL 0.00297309 -1.73615 -1.26664 0.0199765 5.39562 0.00034743 1 -0.0713947 -0.186985 0.05 6088.77
0 4672 5 phononTF 0.000732936 -0.0713947 -0.186985 0.049999 6088.77 0.00034743 1 -0.0156406 -0.210646 0.05 6346.61
0 4677 2 phononL 0.00243036 -1.96878 -1.49157 -0.0462189 2228.45 0.00069486 1 -0.0850294 -0.164707 0.05 11897.9
0 4711 2 phononL 0.00183921 -1.25695 -1.36965 0.0344594 8329.48 0.00138972 1 0.051668 -0.244225 0.05 37814.6
0 4721 2 phononTF 0.00128449 -1.70769 -1.63984 -0.0306084 8308.51 0.00034743 1 -0.0337607 -0.196946 0.05 35766.7
0 4738 3 phononTF 0.00195013 -1.72037 -1.09791 -0.0202247 914.031 0.00034743 1 -0.0371685 -0.156018 0.05 38417.8
0 4751 3 phononTS 0.00261361 -0.658353 0.304953 0.0345875 21166.6 0.00069486 1 -0.103049 -0.204641 0.05 22874.6
0 4751 7 phononTF 0.000484471 -0.103049 -0.204641 0.049999 22874.6 0.00034743 1 -0.107351 -0.204394 0.05 22974.6
0 4773 2 phononTS 0.00159332 -1.67304 0.225677 0.0121815 5699.01 0.00034743 1 -0.0954735 -0.139968 0.05 26943.5
0 4803 3 phononTS 0.0018495 -1.98428 -0.958381 0.0171099 1587.7 0.00034743 1 0.0586883 -0.152278 0.05 13655.3
0 4827 2 phononTS 0.00160727 -1.34673 -3.52077 0.0184804 14296.7 0.00069486 1 -0.0381605 -0.233306 0.05 36596.3
0 4829 1 phononTS 0.004 -1.75 -1.25 0 0 0.00034743 1 0.0268755 -0.229125 0.05 4912.48
0 4829 4 phononTS 0.00137552 0.0268755 -0.229125 0.049999 4912.48 0.00069486 1 -0.023022 -0.236829 0.05 5165.1
0 4851 2 phononTS 0.00234672 -2.03007 -1.5234 0.0171052 17393.6 0.00034743 1 -0.0944966 -0.201144 0.05 82010.9
0 4865 3 phononL 0.00230881 -1.94046 -1.11821 -0.00995829 809.537 0.00104229 1 -0.0533197 -0.0993189 0.05 33394.9
0 4872 3 phononTF 0.00129974 -2.14694 -1.16688 -0.042271 246.864 0.00034743 1 -0.0708997 -0.137283 0.05 111860
0 4893 3 phononTS 0.00264496 -0.529199 -1.02773 -0.0297553 5847.97 0.00104229 1 -0.0826318 -0.131603 0.05 6903.22
0 4902 3 phononTS 0.00138304 -2.02334 -1.01112 -0.0362583 1554.81 0.00034743 1 0.0477812 -0.171639 0.05 7177.59
0 4905 1 phononL 0.004 -1.75 -1.25 0 0 0.00138972 1 0.0485746 -0.125444 0.05 5088.39
0 4910 4 phononTS 0.000995363 1.4355 -0.570214 -0.0385015 11662.4 0.00034743 1 0.058182 -0.28212 0.05 96588.4
0 4910 8 phononTF 0.000531609 0.058182 -0.28212 0.049999 96588.4 0.00034743 1 0.113173 -0.166253 0.05 96774.7
0 4935 3 phononTF 0.0017383 -1.82337 -1.21204 0.0263993 33.6101 0.00069486 1 -0.0206431 -0.261333 0.05 31990.5
0 4935 7 phononTF 0.000482001 -0.0206431 -0.261333 0.049998 31990.5 0.00034743 1 0.0530906 -0.152676 0.05 32067.1
0 4967 3 phononL 0.00169488 -2.153 -1.06971 0.0446003 1078.36 0.00034743 1 -0.0161953 -0.177954 0.05 26770.6
0 4988 3 phononTS 0.00240329 -0.85067 -1.95337 -0.0360631 624.347 0.00034743 1 -0.030408 -0.0946265 0.05 44686.5
0 4989 2 phononTS 0.0020124 -1.2519 -1.18505 0.0277485 7681.13 0.00034743 1 -0.0816046 -0.138222 0.05 116565
