Run ID,Event ID,Track ID,Particle Name,Start Energy [eV],Start X [mm],Start Y [mm],Start Z [mm],Start Time [ns],Energy Deposited [eV],Track Weight,End X [mm],End Y [mm],End Z [mm],Final Time [ns],Volume Name
0 7 3 phononTF 0.00204666 -2.43805 -2.23258 0.0353686 5600.89 0.00104229 1 -0.0763367 -0.237305 0.05 11813.4
0 18 2 phononTS 0.00273988 -2.13053 -0.860948 0.032379 17486.1 0.00104229 1 -0.0160013 -0.214893 0.05 30158.8
0 18 8 phononTF 0.000718538 -0.0160013 -0.214893 0.049999 30158.8 0.00034743 1 -0.0648264 -0.146025 0.05 30225
0 23 2 phononL 0.00172163 -2.67106 -2.18676 -0.0263967 14398.7 0.00034743 1 -0.108624 -0.224147 0.05 108341
0 23 6 phononTS 0.000369459 -0.108624 -0.224147 0.049999 108341 0.00034743 1 -0.053982 -0.25805 0.05 108556
0 63 4 phononTS 0.000866377 1.8932 -0.368144 0.0386907 46527.3 0.00034743 1 -0.0787233 -0.273518 0.05 47731
0 96 6 phononTS 0.00035249 -0.213429 0.0729092 0.049999 12769.4 0.00034743 1 -0.0982922 -0.207655 0.05 12897
0 99 3 phononTS 0.00228757 -2.86734 -2.82219 0.0233883 3745.1 0.00069486 1 0.0335711 -0.226947 0.05 12927.4
0 99 5 phononTF 0.00058043 0.0335711 -0.226947 0.049999 12927.4 0.00034743 1 0.0417368 -0.25217 0.05 12999.5
0 113 2 phononTS 0.000994851 -2.02766 -2.41878 -0.00480638 3154.59 0.00034743 1 -0.0212451 -0.159302 0.05 71123.1
0 152 3 phononTF 0.00249086 -1.84114 -2.37187 0.0487198 6618.53 0.00034743 1 -0.05761 -0.1302 0.05 18858.8
0 152 6 phononTS 0.000920562 -0.05761 -0.1302 0.049999 18858.8 0.00034743 1 0.0199455 -0.203073 0.05 18940.6
0 152 4 phononTS 0.00102607 -0.05761 -0.1302 0.049999 18858.8 0.00034743 1 -0.0307682 -0.182899 0.05 19071.3
0 163 4 phononTS 0.000559412 -4.00946 2.87242 -0.0255994 67524 0.00034743 1 0.0858895 -0.249253 0.05 176933
0 166 2 phononTS 0.00209781 -2.08424 -3.72459 0.0442535 14222.6 0.00069486 1 0.0788265 -0.28146 0.05 92296.9
0 174 2 phononTF 0.00177852 -1.1327 -3.05921 0.00629397 6269.42 0.00034743 1 0.0633926 -0.252095 0.05 11305.8
0 174 4 phononTS 0.0008268 0.0633926 -0.252095 0.049999 11305.8 0.00034743 1 0.0774237 -0.267816 0.05 11363.3
0 177 3 phononTS 0.0017242 -0.821215 -2.26719 0.0388904 7230.65 0.00034743 1 0.0671312 -0.254973 0.05 23264
0 189 2 phononTF 0.00130461 -2.33788 -2.53566 -0.0409602 2902.15 0.00034743 1 -0.0350909 -0.241526 0.05 77752.7
0 252 3 phononTS 0.00236931 -1.63662 -1.3871 -0.0257472 2286.32 0.00138972 1 -0.114999 -0.169051 0.05 7505.68
0 275 2 phononTF 0.00224642 -1.65655 -2.20702 -0.0186069 12251.8 0.00104229 1 0.0596266 -0.170762 0.05 18775.9
0 275 4 phononTF 0.000640958 0.0596266 -0.170762 0.049999 18775.9 0.00034743 1 0.0255429 -0.145304 0.05 19740.8
0 312 1 phononTF 0.004 -2.25 -2.75 0 0 0.00138972 1 -0.107345 -0.182059 0.05 20953.2
0 312 2 phononTF 0.000487454 -0.107345 -0.182059 0.049999 20953.2 0.00034743 1 0.0408168 -0.192808 0.05 21058.9
0 313 3 phononTF 0.00206762 -0.319331 -1.3779 0.0401165 6034.78 0.00034743 1 -0.0333046 -0.13743 0.05 8081.97
0 313 4 phononTS 0.000466976 -0.0333046 -0.13743 0.049999 8081.97 0.00034743 1 0.105705 -0.178615 0.05 8214.21
0 316 5 phononL 0.00217887 2.72074 -4.96527 -0.0239844 90075.1 0.00069486 1 -0.0452681 -0.111117 0.05 96879.8
0 366 3 phononTS 0.00227263 -0.810126 -2.10743 0.0421078 2569.22 0.00034743 1 -0.0949618 -0.160255 0.05 47065.3
0 366 6 phononTS 0.00158328 -0.0949618 -0.160255 0.049999 47065.3 0.00034743 1 -0.0971553 -0.158132 0.05 47122.4
0 387 5 phononTS 0.00165617 -0.037497 -2.29824 -0.0487524 32079.2 0.00034743 1 -0.00309473 -0.200047 0.05 58204.8
0 435 4 phononTF 0.000947716 -3.10015 -1.33973 -0.0444997 16393.4 0.00034743 1 -0.0689475 -0.185253 0.05 38142
0 439 2 phononL 0.0022543 -3.73373 -3.13133 0.0413371 29936.5 0.00104229 1 -0.11808 -0.224391 0.05 39618.4
0 439 8 phononL 0.000468886 -0.11808 -0.224391 0.049999 39618.4 0.00034743 1 0.0567803 -0.192513 0.05 39670
0 494 3 phononTS 0.00298305 -2.33034 -2.49345 0.0467897 815.811 0.00034743 1 -0.0713832 -0.11701 0.05 29783.5
0 494 5 phononTF 0.00043795 -0.0713832 -0.11701 0.049999 29783.5 0.00034743 1 -0.0446454 -0.132842 0.05 29921.9
0 502 2 phononTF 0.00158573 -2.00966 -2.60409 0.0324234 297.723 0.00069486 1 0.0788974 -0.117813 0.05 30279.3
0 515 2 phononTS 0.00230767 -2.40501 -3.26747 0.0271385 8836.15 0.00104229 1 0.0416062 -0.192225 0.05 24257.6
0 538 2 phononL 0.00141456 0.380639 -3.48175 -0.00467009 23404 0.00069486 1 -0.0988195 -0.244524 0.05 111174
0 583 1 phononTF 0.004 -2.25 -2.75 0 0 0.00069486 1 -0.100077 -0.164642 0.05 6834.07
0 638 2 phononL 0.00198159 -2.19519 -2.04963 -0.000594091 2806.08 0.00069486 1 -0.0601251 -0.234982 0.05 12983.2
0 654 2 phononTF 0.00218279 -1.72419 -2.41462 0.038209 697.652 0.00069486 1 0.0564566 -0.134882 0.05 51890
0 664 2 phononL 0.00173017 -1.77859 -3.90505 0.0414426 14101.1 0.00034743 1 -0.0474414 -0.242311 0.05 36440.4
0 671 3 phononL 0.00186585 -1.4366 -2.31678 -0.0427172 2948.24 0.00069486 1 0.040565 -0.14656 0.05 11236.2
0 671 8 phononTS 0.000722362 0.040565 -0.14656 0.049998 11236.2 0.00034743 1 -0.0158237 -0.184362 0.05 11304.4
0 678 4 phononTS 0.000573172 -3.94976 -0.00326445 0.049999 16847.8 0.00034743 1 -0.0667297 -0.138398 0.05 82293.2
0 679 2 phononTF 0.00214249 -3.37937 -2.91731 -0.00477341 5452.39 0.00069486 1 0.0405395 -0.284812 0.05 19460
0 684 2 phononTS 0.00218545 -4.69411 -1.43017 0.00640415 17109.5 0.00034743 1 0.0305452 -0.232063 0.05 42875.7
0 687 2 phononTS 0.00240805 -2.36815 -2.24664 -0.0074773 9306.8 0.00069486 1 0.0866522 -0.160073 0.05 13777.2
0 724 2 phononTF 0.00254587 -0.863889 -1.69624 0.039128 4085.43 0.00069486 1 0.0523214 -0.163599 0.05 16522.6
0 754 2 phononTS 0.000596017 -3.32694 0.00738117 0.049999 8307.92 0.00034743 1 0.113164 -0.197674 0.05 72779.1
0 776 3 phononTS 0.00187567 -3.26122 -1.40317 -0.0148 10322.7 0.00069486 1 -0.0927704 -0.130948 0.05 47560.6
0 809 4 phononTS 0.000618584 -4.09216 -2.9874 0.00600508 2226.8 0.00034743 1 -0.0688215 -0.119004 0.05 12776.5
0 811 2 phononTS 0.00196829 -3.62013 -3.35678 -0.0409898 11445.1 0.00069486 1 0.0365105 -0.115288 0.05 27668.5
0 846 3 phononTF 0.00175471 -1.44436 -2.89554 -0.00492233 16811 0.00034743 1 -0.0670918 -0.138806 0.05 23117
0 859 3 phononTS 0.00107277 -2.19589 -2.71101 -0.0474973 14.9732 0.00034743 1 0.0968566 -0.194525 0.05 54449.2
0 859 5 phononTS 0.000675203 0.0968566 -0.194525 0.049999 54449.2 0.00034743 1 0.0524328 -0.168523 0.05 54571.1
0 884 2 phononTS 0.00202278 -2.42101 -2.01327 0.0208339 4351.63 0.00034743 1 -0.0300432 -0.232946 0.05 42385.7
0 893 2 phononL 0.00180246 -2.41373 -1.91635 0.0325988 6207.91 0.00034743 1 -0.0984499 -0.147865 0.05 24497.5
0 946 2 phononTS 0.00217006 -0.198911 -1.98792 -0.022241 6825.48 0.00034743 1 0.0913882 -0.128206 0.05 28384
0 978 2 phononTS 0.00145846 -2.77122 -2.69175 -0.00427768 3171.91 0.00069486 1 -0.0863157 -0.173724 0.05 18170
0 1009 3 phononTS 0.00157522 -2.00673 -1.76067 -0.0342817 1285.67 0.00034743 1 0.0890788 -0.249199 0.05 68062.1
0 1012 3 phononTS 0.00244081 -2.60507 -2.29932 0.0444248 207.958 0.00034743 1 -0.0317934 -0.187949 0.05 4989.44
0 1012 5 phononTS 0.00165903 -0.0317934 -0.187949 0.049999 4989.44 0.00034743 1 -0.0688056 -0.180619 0.05 5056.37
0 1012 11 phononTS 0.00106621 -0.0688056 -0.180619 0.049999 5056.37 0.00034743 1 -0.0705253 -0.213651 0.05 5120.81
0 1042 3 phononL 0.00205468 -2.40523 -2.48001 -0.0109138 1430.05 0.00069486 1 -0.0729923 -0.122765 0.05 100010
0 1045 4 phononTF 0.00112293 -1.84583 -4.80515 0.0102344 21536.6 0.00034743 1 0.025422 -0.170405 0.05 46477.6
0 1080 2 phononL 0.000412991 0.769196 0.0682638 0.049999 7230.72 0.00034743 1 -0.089417 -0.153562 0.05 7513.27
0 1142 4 phononL 0.00159822 -1.2535 -2.36488 -0.040949 11104.1 0.00034743 1 0.0594432 -0.144384 0.05 44193.4
0 1142 9 phononL 0.000364191 0.0594432 -0.144384 0.049998 44193.4 0.00034743 1 0.0455872 -0.099493 0.05 44240.7
0 1147 4 phononL 0.000765791 -2.94165 -4.56961 0.0398491 19966.8 0.00034743 1 0.037296 -0.247018 0.05 39749.6
0 1165 2 phononTS 0.00112239 -2.29624 -2.73295 0.0268779 37.6256 0.00034743 1 0.080969 -0.15214 0.05 64566.4
0 1174 5 phononTF 0.00155278 0.375979 -2.59257 0.00721464 9996.7 0.00034743 1 -0.0570727 -0.145651 0.05 40807.3
0 1174 10 phononTF 0.000452977 -0.0570727 -0.145651 0.049998 40807.3 0.00034743 1 -0.0298778 -0.211393 0.05 40875.3
0 1213 2 phononL 0.00114208 -1.92043 -1.15509 0.0243163 8152.21 0.00034743 1 -0.0545061 -0.180363 0.05 42152.4
0 1216 2 phononTS 0.00217841 -0.52869 -2.40285 -0.00354512 8958.51 0.00034743 1 0.0548319 -0.236871 0.05 56154.7
0 1219 2 phononL 0.0024053 -1.85573 -2.35715 -0.0102309 15360.2 0.00034743 1 -0.0534133 -0.143689 0.05 19066.2
0 1219 6 phononTS 0.000356656 -0.0534133 -0.143689 0.049999 19066.2 0.00034743 1 -0.0353507 -0.278943 0.05 19151.7
0 1219 4 phononL 0.00108696 -0.0534133 -0.143689 0.049999 19066.2 0.00034743 1 0.0487435 -0.240307 0.05 19121.6
0 1227 3 phononTF 0.00184572 -1.35641 -4.68955 -8.12216e-05 6521.11 0.00034743 1 0.0188933 -0.201109 0.05 120136
0 1228 3 phononL 0.00179367 -3.53927 -4.37848 0.00210589 5837.86 0.00069486 1 0.0175041 -0.213492 0.05 17135.9
0 1259 2 phononTF 0.00176267 -1.77173 -2.4941 -0.00898695 6260.58 0.00069486 1 -0.0871842 -0.242158 0.05 20558.9
0 1259 8 phononTF 0.000997561 -0.0871842 -0.242158 0.049999 20558.9 0.00034743 1 -0.0919444 -0.258983 0.05 20701.7
0 1266 3 phononL 0.00182295 -2.73361 -2.76676 0.0069626 1290.9 0.00069486 1 -0.10737 -0.211948 0.05 50044.3
0 1333 2 phononTS 0.00139988 -2.6924 -2.21317 0.0231427 8710.84 0.00069486 1 -0.0752522 -0.257341 0.05 10221.6
0 1337 5 phononTS 0.00187373 -0.00413775 -2.27934 -0.0342174 8860.62 0.00034743 1 -0.0487416 -0.251963 0.05 42940.2
0 1347 2 phononTS 0.00246725 -3.48272 -2.61669 -0.0171742 6085.3 0.00138972 1 0.113295 -0.230075 0.05 37438.1
0 1373 7 phononL 0.00110064 -0.507742 0.356175 0.0306302 58071.6 0.00034743 1 -0.105568 -0.204709 0.05 59269.9
0 1373 10 phononTF 0.000361296 -0.105568 -0.204709 0.049999 59269.9 0.00034743 1 -0.0529819 -0.29159 0.05 59338.7
0 1383 3 phononTS 0.00183762 -2.49379 -2.97641 0.0385866 464.584 0.00069486 1 -0.0302414 -0.125086 0.05 4975.99
0 1408 4 phononTS 0.00114993 4.09058 0.375043 -0.044909 13072.2 0.00069486 1 -0.0225638 -0.130769 0.05 24545.2
0 1412 1 phononTF 0.004 -2.25 -2.75 0 0 0.00104229 1 0.0717745 -0.131621 0.05 6657.57
0 1418 3 phononTS 0.00172681 -1.53731 -0.826775 -0.0232084 4268.01 0.00034743 1 0.0423371 -0.219147 0.05 14629.4
0 1441 5 phononL 0.00102238 0.600428 -3.57545 0.0172778 37257.5 0.00034743 1 0.0847184 -0.194064 0.05 63676.1
0 1441 2 phononTS 0.00105676 -0.736971 -4.63418 0.0372714 19354.1 0.00034743 1 0.0943309 -0.174521 0.05 47254.1
0 1444 5 phononTS 0.00167152 -1.39776 -2.85558 0.0386042 27047 0.00069486 1 0.0443614 -0.278428 0.05 39390.4
0 1481 3 phononTF 0.0027874 -3.17935 -2.91588 0.0458553 2790.47 0.00069486 1 -0.0379754 -0.249741 0.05 8437.27
0 1483 4 phononTF 0.0013049 -4.41948 2.51472 -0.0379132 18886.3 0.00069486 1 -0.0438197 -0.175721 0.05 71297.4
0 1490 5 phononTS 0.00175221 -2.3 -4.36926 0.0145127 16678.1 0.00069486 1 -0.0296098 -0.226272 0.05 71270.5
0 1539 3 phononTF 0.0023535 -3.44314 -4.42018 0.00890167 6384.95 0.00069486 1 0.0171408 -0.210691 0.05 59431.8
0 1539 4 phononTS 0.000650883 0.0171408 -0.210691 0.049999 59431.8 0.00034743 1 0.0547317 -0.200939 0.05 59498.5
0 1539 2 phononTS 0.0016465 -3.44314 -4.42018 0.00890167 6384.95 0.00034743 1 0.0155988 -0.222807 0.05 18948.7
0 1545 2 phononTS 0.00143381 -1.17531 -2.05973 0.0369363 4032.24 0.00034743 1 -0.0310628 -0.110274 0.05 33794.8
0 1548 5 phononTF 0.00090607 0.2703 -0.135632 -0.00858689 7138.2 0.00034743 1 0.0425406 -0.115755 0.05 7440.14
0 1553 2 phononTS 0.00136232 -2.24179 -2.94597 0.027949 49.6429 0.00034743 1 -0.0266268 -0.158858 0.05 50334.9
0 1641 4 phononTF 0.00135984 -3.59126 -4.53081 -0.03969 24417 0.00034743 1 -0.0498586 -0.11659 0.05 81024.3
0 1641 2 phononTF 0.00146544 -2.1861 -2.85219 -0.0370183 27.5463 0.00034743 1 0.0859131 -0.27854 0.05 21942.4
0 1671 4 phononTF 0.00110607 3.32053 0.447017 0.0479615 34831.9 0.00034743 1 -0.0210892 -0.140483 0.05 67667
0 1702 5 phononTF 0.00163846 -1.24307 -2.25717 0.014054 5162.35 0.00034743 1 -0.0539757 -0.251939 0.05 25860
0 1702 7 phononTS 0.000386249 -0.0539757 -0.251939 0.049999 25860 0.00034743 1 0.0299058 -0.211328 0.05 26479.2
0 1718 3 phononTF 0.00261721 -2.15425 -1.98506 0.0488965 882.076 0.00034743 1 0.109592 -0.247047 0.05 17505.6
0 1718 5 phononTS 0.000647594 0.109592 -0.247047 0.049999 17505.6 0.00034743 1 0.0539687 -0.147232 0.05 17586.1
0 1718 4 phononTS 0.00119111 0.109592 -0.247047 0.049999 17505.6 0.00034743 1 0.0823632 -0.273713 0.05 17568.4
0 1757 3 phononL 0.00142715 -2.24259 -2.73905 0.0118099 3.25191 0.00069486 1 -0.0869661 -0.214864 0.05 42450.6
0 1773 2 phononTF 0.00175745 -2.84392 -1.81303 -0.0170283 8472.2 0.00069486 1 0.0738612 -0.239626 0.05 70789.7
0 1852 3 phononTF 0.00230044 -1.94992 -2.49066 -0.0170703 1898.52 0.00069486 1 0.042844 -0.159089 0.05 15097.3
0 1852 8 phononTF 0.000540902 0.042844 -0.159089 0.049999 15097.3 0.00034743 1 0.0398644 -0.188363 0.05 15217
0 1874 3 phononTS 0.00228142 -2.38863 -2.57324 0.0224746 1040.57 0.00104229 1 -0.0390736 -0.121005 0.05 8740.3
0 1874 7 phononTF 0.000625234 -0.0390736 -0.121005 0.049999 8740.3 0.00034743 1 -0.0808072 -0.262848 0.05 8883.67
0 1905 5 phononL 0.00112168 -0.803308 0.0887869 -0.0320783 12326.2 0.00069486 1 0.0768204 -0.22796 0.05 16432.8
0 1905 4 phononTS 0.00132808 -0.803308 0.0887869 -0.0320783 12326.2 0.00034743 1 0.0844656 -0.160716 0.05 13437.2
0 1905 15 phononTF 0.000625136 0.0844656 -0.160716 0.049999 13437.2 0.00034743 1 -0.0943082 -0.196473 0.05 13577.8
0 1921 5 phononL 0.00209747 -0.86883 -4.78107 -0.0228245 42009.8 0.00138972 1 -0.0783453 -0.261985 0.05 48312.9
0 1933 4 phononTS 0.00128724 -2.44253 -1.6316 -0.0200736 4960.35 0.00034743 1 -0.0619188 -0.103354 0.05 20604.9
0 1933 6 phononTS 0.000579362 -0.0619188 -0.103354 0.049999 20604.9 0.00034743 1 -0.051177 -0.108359 0.05 20661.7
0 1938 3 phononL 0.0025606 -1.04011 -1.47079 0.00708406 6142.1 0.00069486 1 0.0282495 -0.253498 0.05 18250.8
0 1959 3 phononL 0.00218618 -2.81379 -2.47823 -0.0253166 3040.46 0.00034743 1 0.034673 -0.211202 0.05 37774
0 1959 8 phononL 0.000507822 0.034673 -0.211202 0.049998 37774 0.00034743 1 0.0527811 -0.265478 0.05 37876.8
0 1959 5 phononTF 0.000814022 0.034673 -0.211202 0.049998 37774 0.00034743 1 -0.0166884 -0.217173 0.05 37909.5
0 1960 2 phononL 0.00225789 -2.18291 -2.6928 0.0117272 97.2056 0.00034743 1 0.0493106 -0.117965 0.05 49505.4
0 1962 2 phononTF 0.000717539 -2.26062 -2.89813 -0.0266946 55.778 0.00034743 1 0.0933647 -0.172132 0.05 9168.58
0 1965 3 phononTS 0.00247018 -2.50861 -2.9829 0.0243814 922.831 0.00069486 1 -0.02512 -0.17731 0.05 32082
0 1973 2 phononTS 0.00159422 -2.27603 -2.62586 -0.030999 26.1512 0.00034743 1 -0.0454601 -0.108748 0.05 15397.3
0 2004 2 phononTF 0.00218379 -4.14641 -2.99256 0.0268856 11517.3 0.00034743 1 0.0694408 -0.257859 0.05 65011.7
0 2004 4 phononTS 0.000702673 0.0694408 -0.257859 0.049999 65011.7 0.00034743 1 0.0500443 -0.266327 0.05 66032
0 2027 2 phononTF 0.00245136 -2.42018 -3.35161 -0.0401781 957.855 0.00104229 1 0.0438921 -0.286057 0.05 25256.1
0 2043 2 phononTF 0.00143262 -2.08195 -2.92684 -0.010004 7872.27 0.00034743 1 0.0259777 -0.159811 0.05 18180.7
0 2055 4 phononTS 0.001035 -3.29308 -4.29192 -0.00799632 6071.6 0.00034743 1 -0.0167352 -0.163034 0.05 19804.3
0 2074 5 phononTF 0.000771603 -4.83434 -1.3529 0.0032658 19073.6 0.00034743 1 -0.0621659 -0.172703 0.05 99092.8
0 2091 5 phononTF 0.00106376 -2.17463 2.48892 0.0271145 41803.8 0.00034743 1 -0.0283891 -0.276843 0.05 51820
0 2091 6 phononL 0.000520748 -0.0283891 -0.276843 0.049999 51820 0.00034743 1 -0.110153 -0.220751 0.05 52248.1
0 2093 3 phononL 0.00172074 -2.40453 -2.53848 -0.00622015 320.033 0.00069486 1 -0.0823585 -0.256073 0.05 6328.23
0 2176 3 phononTS 0.00264211 -4.52934 -2.86114 0.0061536 22888.3 0.00034743 1 -0.061243 -0.244015 0.05 29645.1
0 2176 5 phononTF 0.00129104 -0.061243 -0.244015 0.049999 29645.1 0.00034743 1 -0.115471 -0.232537 0.05 29708.5
0 2180 3 phononL 0.00262373 -3.9709 -3.59175 -0.0242195 10988.2 0.00104229 1 0.0642581 -0.21597 0.05 31011.8
0 2183 3 phononTS 0.00217383 -3.482 -3.29934 0.0433472 1363.48 0.00034743 1 0.0769339 -0.113746 0.05 38133.4
0 2213 5 phononL 0.00133514 -0.205556 -1.94446 0.000665341 20609.3 0.00034743 1 -0.0967489 -0.205345 0.05 121271
0 2243 3 phononTF 0.00126296 -0.32476 -0.541448 0.015433 16797.9 0.00034743 1 -0.0517222 -0.174141 0.05 17490
0 2243 5 phononL 0.00048698 -0.0517222 -0.174141 0.049999 17490 0.00034743 1 -0.070052 -0.128846 0.05 17538.9
0 2296 5 phononTS 0.00192819 -0.274423 -2.58442 0.028962 3820.71 0.00034743 1 0.0270859 -0.235074 0.05 7236.07
0 2298 2 phononL 0.00214589 -2.34245 -4.06812 0.0377867 3903.9 0.00034743 1 0.0433934 -0.186343 0.05 18045
0 2298 8 phononTS 0.000364486 0.0433934 -0.186343 0.049999 18045 0.00034743 1 0.0726874 -0.2284 0.05 44453.3
0 2337 5 phononTS 0.00132091 -0.63589 -1.07502 0.0476976 54032.5 0.00034743 1 -0.0200983 -0.18872 0.05 73352.1
0 2357 4 phononTF 0.0016262 -3.24446 -3.66886 -0.0284817 41525.5 0.00069486 1 -0.0789014 -0.231694 0.05 63072.6
0 2415 4 phononTS 0.000914514 -3.50371 -2.26957 -0.0479352 75851.9 0.00034743 1 0.027827 -0.133583 0.05 106741
0 2427 2 phononTF 0.00173142 -1.9062 -1.72827 0.0138851 3471.61 0.00034743 1 0.0811987 -0.12225 0.05 22083.7
0 2454 2 phononTF 0.00180581 -2.40874 -1.52902 -0.0331466 2401.66 0.00069486 1 -0.073779 -0.202007 0.05 31862.4
0 2456 2 phononTS 0.00109094 -2.89464 -3.08776 0.0402191 643.476 0.00034743 1 -0.0402394 -0.119434 0.05 51416.8
0 2516 3 phononTS 0.00191489 0.22479 -1.54664 0.00783164 8232.15 0.00034743 1 -0.0868563 -0.207062 0.05 45060.6
0 2520 2 phononTF 0.00213206 -1.90373 -4.71697 0.0421825 3788.61 0.00034743 1 -0.0696251 -0.119249 0.05 30423.6
0 2520 6 phononTS 0.000349985 -0.0696251 -0.119249 0.049999 30423.6 0.00034743 1 -0.104562 -0.163643 0.05 30818.3
0 2524 4 phononTS 0.00108129 -4.85389 -4.82051 -0.0300386 21453.4 0.00034743 1 0.0782287 -0.232878 0.05 35566.9
0 2533 4 phononTS 0.00118184 0.632961 1.95424 0.0382457 65387.6 0.00069486 1 -0.0221869 -0.2403 0.05 67248.7
0 2565 3 phononTS 0.00234901 -2.69497 -2.90539 -0.00899467 2422.56 0.00034743 1 0.105933 -0.164502 0.05 69524.4
0 2569 2 phononL 0.00178491 -2.81444 -2.87236 -0.0446484 1387.62 0.00034743 1 -0.0271456 -0.250082 0.05 68533.5
0 2581 3 phononTF 0.00237655 -0.413123 -1.78255 -0.0269887 11036.2 0.00034743 1 0.046862 -0.180932 0.05 42741.3
0 2595 3 phononTF 0.00165099 -2.17252 -2.83724 -0.0131485 1439.51 0.00034743 1 0.0665129 -0.247311 0.05 42944.9
0 2618 3 phononTS 0.00265705 -1.95116 -4.69386 -0.0313188 9217.32 0.00034743 1 0.09605 -0.214061 0.05 22602.2
0 2642 3 phononL 0.00136686 -1.96246 -2.09639 -0.0320801 9122.31 0.00034743 1 0.0182454 -0.233851 0.05 23188.5
0 2642 7 phononL 0.000361459 0.0182454 -0.233851 0.049999 23188.5 0.00034743 1 -0.0273544 -0.178131 0.05 23286.3
0 2659 5 phononTS 0.00123406 -3.23082 -2.77906 0.0168402 4862.25 0.00034743 1 0.0351289 -0.160016 0.05 24765.8
0 2698 5 phononTS 0.00133516 -2.67259 0.0564123 0.025445 2692.45 0.00034743 1 -0.109298 -0.179111 0.05 46469.3
0 2716 5 phononTS 0.0017483 -0.99924 -1.52531 0.00857504 43962.6 0.00104229 1 0.0913117 -0.139105 0.05 47402
0 2731 2 phononTS 0.00231281 -0.787685 -1.95821 0.0368363 4285.11 0.00104229 1 -0.0296512 -0.224329 0.05 9156.82
0 2740 3 phononTS 0.00181354 -2.56167 -3.04777 -0.0448631 289.47 0.00034743 1 0.04028 -0.132019 0.05 78086
0 2744 2 phononTF 0.00234732 -3.57063 -3.44408 0.00667185 2858.3 0.00069486 1 -0.0977886 -0.224623 0.05 43908.6
0 2758 3 phononL 0.00213166 -1.5347 -2.81011 0.0345303 1177.85 0.00104229 1 0.0395376 -0.125141 0.05 21357.5
0 2764 2 phononTF 0.00139493 -2.49953 -2.73996 -0.0011374 7355.42 0.00069486 1 -0.0237111 -0.210229 0.05 13295.1
0 2806 5 phononL 0.00167486 -3.70958 -4.40388 0.0409759 6747.29 0.00069486 1 0.0858709 -0.235 0.05 129931
0 2817 1 phononTS 0.004 -2.25 -2.75 0 0 0.00034743 1 -0.098003 -0.190079 0.05 6272.99
0 2872 3 phononL 0.00288325 -3.39967 -2.88914 0.0346311 6054.22 0.00104229 1 -0.0375779 -0.299758 0.05 21871.3
0 2881 2 phononTS 0.00108324 -3.44785 -2.26297 -0.00897715 3569.95 0.00034743 1 -0.0670258 -0.218113 0.05 49594.7
0 2902 6 phononTS 0.000602574 2.47234 -4.85839 0.0278482 26299 0.00034743 1 -0.0997924 -0.205877 0.05 54522
0 2912 2 phononTS 0.00142881 -2.54888 -3.43042 -0.0293985 8579.23 0.00034743 1 0.0658479 -0.224667 0.05 37278.4
0 2915 5 phononTS 0.001795 -1.98326 -2.9294 -0.0436138 36161.8 0.00069486 1 0.0423737 -0.182716 0.05 52085.6
0 2933 3 phononTF 0.00143472 -2.37103 -2.32708 -0.0403001 399.056 0.00034743 1 0.0826789 -0.280533 0.05 1456.36
0 3009 2 phononTS 0.00150093 -0.946224 -2.20833 -0.0255505 5773.11 0.00034743 1 -0.0391508 -0.173694 0.05 37521.9
0 3009 7 phononTF 0.00102098 -0.0391508 -0.173694 0.049999 37521.9 0.00034743 1 -0.041315 -0.187776 0.05 37607.8
0 3034 2 phononTF 0.00117969 -2.05527 -2.84572 -0.0400195 212.618 0.00034743 1 -0.0846469 -0.226819 0.05 93459.4
0 3045 4 phononL 0.00159556 -0.565116 -4.45098 -0.0302668 9934.25 0.00034743 1 -0.0283893 -0.227835 0.05 17490.3
0 3046 3 phononL 0.00199634 -2.2614 -2.7953 -0.0104934 52.5679 0.00069486 1 0.0124101 -0.189323 0.05 2802.98
0 3046 4 phononL 0.000510574 0.0124101 -0.189323 0.049998 2802.98 0.00034743 1 -0.116759 -0.224285 0.05 13898.8
0 3049 5 phononTS 0.00101545 -3.47317 -4.49894 0.0485709 27010.9 0.00034743 1 0.104979 -0.220427 0.05 57697
0 3049 7 phononTF 0.000466584 0.104979 -0.220427 0.049998 57697 0.00034743 1 -0.0593831 -0.179873 0.05 57917.1
0 3056 3 phononL 0.00264627 -2.31098 -1.85736 0.0450439 4632.91 0.00069486 1 -0.0796326 -0.164862 0.05 15685.6
0 3152 3 phononTS 0.00183 -2.21526 -2.07724 0.00897614 1763.91 0.00069486 1 -0.048405 -0.252974 0.05 35843.8
0 3152 15 phononL 0.00106717 -3.89684 -1.35926 -0.039549 13771.3 0.00069486 1 -0.0395244 -0.302906 0.05 23183.3
0 3174 2 phononTS 0.00203312 -2.3571 -3.17634 0.00557982 369.991 0.00034743 1 0.0729645 -0.206123 0.05 27645
0 3188 5 phononTF 0.000845267 -0.790305 -2.95969 0.0344798 7275.77 0.00034743 1 -0.0297541 -0.122486 0.05 23943
0 3191 2 phononL 0.000861065 -0.112665 0.0617614 0.049999 8751.47 0.00069486 1 -0.0632015 -0.244783 0.05 14206
0 3192 2 phononTS 0.00134432 -1.01344 -1.60069 0.00446914 3734.82 0.00069486 1 0.11 -0.169197 0.05 10139.1
0 3203 5 phononTS 0.000969415 -1.35704 -1.19314 0.0168205 9633.5 0.00034743 1 0.0777607 -0.250238 0.05 59088
0 3207 2 phononTF 0.00145087 -1.95147 -2.92102 0.00755301 4697.8 0.00034743 1 0.0251904 -0.280896 0.05 77938
0 3207 4 phononTF 0.000912012 0.0251904 -0.280896 0.049998 77938 0.00034743 1 0.0267382 -0.166983 0.05 78004.1
0 3210 2 phononTS 0.000668083 -1.77766 -1.66631 -0.0448326 10919.2 0.00034743 1 0.053549 -0.0997005 0.05 74956.7
0 3228 2 phononTS 0.000476193 -1.86309 -2.37917 -0.0168304 16632.6 0.00034743 1 -0.100445 -0.166737 0.05 32085
0 3259 2 phononTS 0.00240154 -2.63231 -3.78189 -0.0492725 2224.24 0.00034743 1 -0.0381776 -0.27852 0.05 20063.2
0 3259 6 phononL 0.000784675 -0.0381776 -0.27852 0.049999 20063.2 0.00034743 1 0.0306029 -0.221668 0.05 20699.7
0 3293 3 phononTS 0.00311426 -1.3725 -3.49246 -0.0418322 4484.39 0.00069486 1 0.0574504 -0.170682 0.05 29826.5
0 3316 2 phononL 0.00122699 -1.97633 -2.2137 -0.0277348 3731.95 0.00034743 1 -0.0674252 -0.197335 0.05 7340.81
0 3346 5 phononL 0.00173522 -2.5365 -3.68302 0.0106544 11286.8 0.00034743 1 0.0294927 -0.182742 0.05 27416.8
0 3391 4 phononTF 0.00187559 -1.63317 -2.34102 0.0410632 8316.01 0.00034743 1 -0.0318428 -0.156148 0.05 15347.3
0 3402 2 phononTF 0.00169001 -2.24917 -2.74838 0.00119237 0.403963 0.00034743 1 0.064783 -0.130577 0.05 4939.7
0 3444 5 phononTS 0.00190656 -0.149429 -4.19453 -0.00593416 41098.2 0.00069486 1 0.0561412 -0.124558 0.05 48907
0 3444 6 phononTF 0.000779314 0.0561412 -0.124558 0.049998 48907 0.00034743 1 0.0542193 -0.12496 0.05 48981.8
0 3447 3 phononTF 0.0025035 -2.13319 -2.98372 0.0251153 2714.26 0.00069486 1 -0.0779454 -0.228923 0.05 17652.4
0 3468 7 phononTS 0.00147358 -1.02609 1.03054 -0.0011815 82663.5 0.00069486 1 -0.0305437 -0.125555 0.05 159221
0 3487 2 phononL 0.00190079 -2.0751 -2.79737 0.0274762 1203.55 0.00069486 1 0.0677138 -0.134323 0.05 36999.5
0 3487 5 phononL 0.00066449 0.0677138 -0.134323 0.049999 36999.5 0.00034743 1 0.0238699 -0.205788 0.05 38218.4
0 3489 2 phononTS 0.00260123 -2.73716 -3.67261 -0.00266733 11191.2 0.00034743 1 -0.10755 -0.20378 0.05 42379.4
0 3587 2 phononTS 0.00204988 -2.56938 -3.4792 -0.0403286 230.98 0.00069486 1 -0.0370546 -0.151163 0.05 29183.8
0 3608 5 phononTS 0.00185229 1.87369 -4.36291 -0.0169834 25563.4 0.00034743 1 -0.0127979 -0.176503 0.05 41271.3
0 3620 4 phononTF 0.00136214 -3.68318 -1.80893 -0.00723879 14557.2 0.00069486 1 -0.0784314 -0.200069 0.05 18107.4
0 3628 3 phononTS 0.00227073 -3.48566 -1.12032 -0.0126638 8287.73 0.00069486 1 -0.0363127 -0.202718 0.05 17878.7
0 3645 3 phononTS 0.00229848 -2.12942 -4.70721 -0.0128792 7701.35 0.00069486 1 -0.0520561 -0.170454 0.05 34289.9
0 3646 2 phononTS 0.00220476 -2.57343 -2.45954 0.027545 750.705 0.00069486 1 -0.119679 -0.202094 0.05 7219.3
0 3646 6 phononTF 0.000529326 -0.119679 -0.202094 0.049999 7219.3 0.00034743 1 0.0425531 -0.209244 0.05 7494.29
0 3654 2 phononTF 0.0016173 -2.08447 -1.92014 0.0105293 3645 0.00034743 1 0.0737945 -0.244483 0.05 64061.6
0 3654 4 phononTS 0.00098993 0.0737945 -0.244483 0.049999 64061.6 0.00069486 1 0.0244068 -0.274682 0.05 64129.7
0 3658 3 phononTS 0.0016464 -0.635128 -1.94203 -0.0412283 3676.39 0.00034743 1 0.0199709 -0.259278 0.05 80406.4
0 3696 2 phononTS 0.00124561 -2.28971 -2.71348 -0.0309349 1151.68 0.00034743 1 0.0211105 -0.17146 0.05 9577.02
0 3696 4 phononTS 0.000436014 0.0211105 -0.17146 0.049998 9577.02 0.00034743 1 -0.0907212 -0.134627 0.05 12524.8
0 3713 2 phononTF 0.00250305 -2.42121 -3.849 -0.0376833 13737 0.00069486 1 -0.071948 -0.155696 0.05 22491.8
0 3713 11 phononTS 0.000728734 -0.071948 -0.155696 0.049999 22491.8 0.00034743 1 0.067473 -0.256033 0.05 22643.7
0 3719 3 phononTF 0.00180417 -0.703856 -2.58309 -0.0196803 5439.87 0.00034743 1 -0.0462427 -0.189977 0.05 6504.15
0 3719 4 phononTS 0.000441319 -0.0462427 -0.189977 0.049999 6504.15 0.00034743 1 -0.0923538 -0.146426 0.05 6572.88
0 3732 4 phononTF 0.00167978 0.499991 -1.92406 -0.00131703 38275.2 0.00069486 1 0.0221233 -0.181475 0.05 44715.6
0 3737 3 phononTS 0.00192461 -0.55957 -1.31735 -0.0109645 4071.27 0.00034743 1 0.0386269 -0.262345 0.05 7469.11
0 3737 6 phononTS 0.000405454 0.0386269 -0.262345 0.049999 7469.11 0.00034743 1 0.0745289 -0.198577 0.05 7540.12
0 3754 3 phononTS 0.00261387 -2.37962 -1.89325 -0.0156363 1805.99 0.00069486 1 -0.0442609 -0.290728 0.05 4895.29
0 3777 1 phononL 0.004 -2.25 -2.75 0 0 0.00173715 1 0.0432619 -0.0988102 0.05 11089.2
0 3800 5 phononTF 0.00161362 -2.70293 -3.03982 0.0356435 6691.41 0.00069486 1 0.106517 -0.252157 0.05 35607
0 3802 3 phononTS 0.00263402 -2.63703 -2.29372 -0.0159279 2697.58 0.00104229 1 -0.0736269 -0.144646 0.05 8241.76
0 3802 7 phononTF 0.000783477 -0.0736269 -0.144646 0.049999 8241.76 0.00034743 1 0.0487837 -0.164034 0.05 8693.86
0 3823 3 phononTS 0.0018271 -1.86372 -1.92876 0.0352744 11153.9 0.00034743 1 0.0732213 -0.209816 0.05 107944
0 3823 8 phononTF 0.000778077 0.0732213 -0.209816 0.049999 107944 0.00034743 1 0.0375965 -0.255031 0.05 108005
0 3845 2 phononTS 0.00149245 -2.19946 -1.97368 0.0296754 1248.49 0.00069486 1 -0.0484783 -0.261892 0.05 20438.1
0 3851 3 phononTS 0.00170871 -1.9348 -2.90739 -0.00751769 3209.35 0.00069486 1 -0.040445 -0.298367 0.05 42340.9
0 3873 3 phononTS 0.00273802 -1.42506 -3.025 -0.0431303 4292.59 0.00069486 1 -0.0235267 -0.23357 0.05 37210
0 3894 3 phononL 0.00197118 -0.927635 -2.11983 0.0360125 4448.08 0.00069486 1 0.0747282 -0.267905 0.05 6475.52
0 3929 2 phononTS 0.00154759 -2.34251 -2.92246 0.0481179 792.697 0.00034743 1 -0.0267916 -0.198378 0.05 26793.7
0 3940 2 phononTS 0.0016705 -2.87247 -0.672395 0.0243968 12082.7 0.00034743 1 -0.0834366 -0.139542 0.05 19343.9
0 3946 3 phononL 0.00155771 -1.5068 -1.37269 -0.0216698 6035.48 0.00034743 1 0.0792251 -0.122657 0.05 11308.9
0 3946 4 phononL 0.000821591 0.0792251 -0.122657 0.049999 11308.9 0.00034743 1 0.0658567 -0.22078 0.05 11358.4
0 3948 3 phononL 0.0013657 -2.25214 -2.72946 0.0202334 5.4064 0.00034743 1 0.110714 -0.211219 0.05 6123.65
0 3957 2 phononTF 0.00128995 -2.18444 -2.71669 0.00741951 61.2242 0.00034743 1 -0.0702176 -0.220846 0.05 63684.5
0 3999 5 phononTS 0.00141309 3.89993 2.16785 0.0143419 130119 0.00034743 1 -0.0679899 -0.113164 0.05 133894
0 4007 2 phononTS 0.00210082 -4.93558 -2.42828 -0.00986438 19749.1 0.00034743 1 -0.0540098 -0.216241 0.05 30565.1
0 4007 8 phononL 0.000740208 -0.0540098 -0.216241 0.049999 30565.1 0.00034743 1 0.10476 -0.224805 0.05 30618.4
0 4007 4 phononL 0.000550623 -0.0540098 -0.216241 0.049999 30565.1 0.00034743 1 -0.1107 -0.199529 0.05 30683.8
0 4029 2 phononTS 0.00238274 -3.96058 -1.70204 0.0200079 6325.59 0.00034743 1 -0.0796093 -0.229351 0.05 17790.6
0 4029 4 phononTF 0.00121757 -0.0796093 -0.229351 0.049999 17790.6 0.00034743 1 -0.0564031 -0.189 0.05 18357.7
0 4029 12 phononTF 0.000371717 -0.0564031 -0.189 0.049999 18357.7 0.00034743 1 -0.094494 -0.266218 0.05 19250.1
0 4046 3 phononTS 0.00256367 -2.15107 -2.65548 0.0483049 322.37 0.00034743 1 0.0381563 -0.184336 0.05 15354.2
0 4046 5 phononTS 0.00144083 0.0381563 -0.184336 0.049999 15354.2 0.00034743 1 0.0372891 -0.184297 0.05 15412.4
0 4046 2 phononL 0.00143633 -2.15107 -2.65548 0.0483049 322.37 0.00034743 1 0.0206883 -0.16754 0.05 66534
0 4046 15 phononTS 0.000668856 0.0206883 -0.16754 0.049999 66534 0.00034743 1 -0.089071 -0.13267 0.05 66618
0 4060 4 phononTS 0.00218046 -3.26154 -3.94599 0.0162331 16319.7 0.00034743 1 -0.0505913 -0.245763 0.05 31206.9
0 4060 9 phononTF 0.000729685 -0.0505913 -0.245763 0.049999 31206.9 0.00034743 1 -0.0275247 -0.269768 0.05 32419.1
0 4063 1 phononTF 0.004 -2.25 -2.75 0 0 0.00069486 1 0.0487885 -0.300729 0.05 7479.95
0 4063 6 phononTF 0.000581296 0.0487885 -0.300729 0.049999 7479.95 0.00034743 1 -0.0237597 -0.169065 0.05 11326.4
0 4065 2 phononTF 0.00212933 -1.2512 -2.58292 -0.0324945 9004.27 0.00069486 1 -0.057614 -0.229148 0.05 84378.2
0 4065 5 phononTS 0.000377214 -0.057614 -0.229148 0.049999 84378.2 0.00034743 1 0.0833164 -0.274774 0.05 84991
0 4089 2 phononTS 0.00185827 -2.58348 -1.87353 0.0396986 6434.37 0.00034743 1 -0.0548998 -0.123989 0.05 9776.45
0 4089 6 phononTS 0.000465598 -0.0548998 -0.123989 0.049999 9776.45 0.00034743 1 0.0454111 -0.271629 0.05 10046.2
0 4106 2 phononTS 0.000940057 -1.93332 -2.66008 -0.00716217 125.622 0.00034743 1 0.0807117 -0.154179 0.05 17639.2
0 4106 5 phononL 0.00038234 0.0807117 -0.154179 0.049999 17639.2 0.00034743 1 -0.0440933 -0.101466 0.05 17724.4
0 4131 3 phononTS 0.0024885 -2.27264 -2.56819 0.0344204 412.854 0.00069486 1 -0.10158 -0.163962 0.05 2990.9
0 4131 10 phononTF 0.000785958 -0.10158 -0.163962 0.049999 2990.9 0.00034743 1 -0.0964203 -0.170956 0.05 3032.18
0 4131 6 phononTF 0.000389077 -0.10158 -0.163962 0.049999 2990.9 0.00034743 1 0.0910333 -0.259029 0.05 6566.75
0 4131 4 phononTS 0.000491673 -0.10158 -0.163962 0.049999 2990.9 0.00034743 1 -0.0643858 -0.222847 0.05 3061.24
0 4134 5 phononTS 0.00143306 -2.69375 0.0467517 0.0213271 21018 0.00034743 1 0.0475081 -0.302624 0.05 71989.4
0 4186 3 phononTS 0.00205057 -2.1647 -2.80572 -0.0257641 5940.77 0.00034743 1 -0.0631975 -0.117038 0.05 17408.2
0 4186 4 phononL 0.0010515 -0.0631975 -0.117038 0.049999 17408.2 0.00034743 1 -0.0771088 -0.164244 0.05 78673.6
0 4297 3 phononTS 0.00135829 -3.33671 -3.56735 -0.0347244 15884.6 0.00069486 1 0.0311352 -0.198163 0.05 57267
0 4322 2 phononTF 0.00149498 -1.7624 -2.71203 0.0263768 8781.17 0.00034743 1 0.0346887 -0.108874 0.05 10541.6
0 4338 3 phononTF 0.00253401 -2.57996 -2.76863 0.0255134 1318.17 0.00034743 1 0.024909 -0.162001 0.05 7615.63
0 4348 3 phononTS 0.00161673 -1.40942 -0.936817 0.00852014 3218.81 0.00069486 1 0.0670974 -0.220291 0.05 50219.9
0 4387 2 phononTS 0.00197357 -1.87562 -2.6084 -0.0492327 1337.93 0.00034743 1 0.0607301 -0.190786 0.05 44464.5
0 4387 4 phononL 0.00143976 0.0607301 -0.190786 0.049999 44464.5 0.00034743 1 0.0224895 -0.219191 0.05 44617.1
0 4454 3 phononTF 0.00204578 -1.28824 -1.6261 0.0386846 13298 0.00034743 1 0.0239986 -0.191283 0.05 15674.1
0 4462 2 phononTS 0.00172749 -2.37091 -2.48826 -0.0453715 1806.08 0.00034743 1 -0.073636 -0.172814 0.05 51574.1
0 4464 4 phononTS 0.00108523 0.266839 -0.257309 0.00289819 19472.1 0.00034743 1 0.0977019 -0.224502 0.05 19770
0 4464 6 phononTS 0.000431413 0.0977019 -0.224502 0.049999 19770 0.00034743 1 -0.0391726 -0.259382 0.05 19946.4
0 4475 3 phononTF 0.00219873 -4.45393 -0.001876 -0.0210294 19784 0.00034743 1 -0.0619045 -0.112502 0.05 32564.6
0 4512 4 phononL 0.00122067 -2.04454 -4.64189 -0.0277511 10913.1 0.00034743 1 0.0697278 -0.133427 0.05 51857.3
0 4572 3 phononL 0.00217646 -2.3123 -1.81421 0.000429319 927.292 0.00034743 1 0.0781444 -0.150871 0.05 12493.4
0 4589 2 phononTS 0.00308532 -1.17813 -1.7539 -0.0245815 4273.48 0.00069486 1 -0.0464364 -0.299706 0.05 9420.44
0 4593 3 phononTS 0.00148195 -0.431083 -1.28871 -0.0306219 5493.92 0.00034743 1 -0.0968393 -0.185297 0.05 41248.1
0 4597 5 phononL 0.00185191 -3.23423 -4.25605 0.0199183 3510.3 0.00104229 1 0.0343944 -0.143745 0.05 85736.1
0 4605 3 phononL 0.00201631 -2.3798 -2.2142 -0.0334789 2966.65 0.00069486 1 0.0745467 -0.233381 0.05 16711.4
0 4605 5 phononTF 0.0003585 0.0745467 -0.233381 0.049998 16711.4 0.00034743 1 0.105161 -0.230496 0.05 16772.8
0 4608 3 phononTS 0.00196371 -1.64262 -1.33798 -0.0368644 11111.7 0.00069486 1 0.02682 -0.151652 0.05 81204.1
0 4628 2 phononTF 0.00194924 -1.86798 -1.72538 0.0495471 1310.22 0.00034743 1 -0.0502275 -0.288277 0.05 28910.7
0 4638 3 phononL 0.00244278 -2.59955 -3.14752 -0.00980899 2289.73 0.00069486 1 0.014407 -0.213633 0.05 60676.2
0 4638 8 phononTF 0.00113312 0.014407 -0.213633 0.049999 60676.2 0.00034743 1 0.0335121 -0.227592 0.05 60737.8
0 4638 10 phononTS 0.00053578 0.0335121 -0.227592 0.049999 60737.8 0.00034743 1 -0.0607615 -0.153323 0.05 60814.2
0 4670 3 phononTF 0.0024092 -2.07328 -3.76344 0.00887029 1755.8 0.00104229 1 -0.0448466 -0.191514 0.05 30038.5
0 4670 11 phononTF 0.000394301 -0.0448466 -0.191514 0.049998 30038.5 0.00034743 1 -0.079648 -0.214049 0.05 30104
0 4687 3 phononTS 0.00159974 -2.56771 -2.90324 -0.0209635 2845.63 0.00034743 1 0.0478743 -0.256698 0.05 19538
0 4758 4 phononTS 0.000540134 -3.7581 -3.30112 -0.0340299 45284.8 0.00034743 1 0.109237 -0.15542 0.05 99408.2
0 4802 2 phononTS 0.00186234 -0.194646 -1.57401 -0.0182729 10178.2 0.00069486 1 -0.0345419 -0.177399 0.05 16722.2
0 4847 2 phononTS 0.00160804 -2.25401 -2.74787 -8.62485e-05 0.882338 0.00034743 1 -0.0253953 -0.131876 0.05 58060.2
0 4848 4 phononTF 0.00181121 -1.07789 -0.43663 0.0393239 25817.5 0.00034743 1 -0.0263428 -0.269115 0.05 26446.4
0 4848 7 phononTS 0.00041458 -0.0263428 -0.269115 0.049998 26446.4 0.00034743 1 -0.0444608 -0.231757 0.05 26607.7
0 4848 6 phononL 0.000702539 -0.0263428 -0.269115 0.049998 26446.4 0.00034743 1 0.0242918 -0.206205 0.05 26567.7
0 4906 3 phononTS 0.00197057 0.748759 -1.43598 -0.0450051 33749.7 0.00034743 1 -0.0214806 -0.146091 0.05 70867.1
0 4908 3 phononL 0.00162898 -2.48608 -2.92619 -0.0248793 3872.75 0.00034743 1 -0.0323206 -0.212282 0.05 35465.4
0 4944 3 phononTS 0.00166697 0.985763 -1.24723 -0.0140179 10860.1 0.00069486 1 -0.0403546 -0.173917 0.05 15538.7
0 4948 3 phononTF 0.00211783 -1.96214 -2.71083 -0.0349045 8718.3 0.00104229 1 0.114895 -0.173838 0.05 47387.3
0 4965 3 phononTF 0.00170745 0.613588 -3.75063 -0.0277771 12515.4 0.00034743 1 -0.0779365 -0.173627 0.05 25861.3
0 4971 4 phononTF 0.00098851 -1.78822 -4.98897 -0.0175455 22554.5 0.00034743 1 0.092406 -0.137994 0.05 28668.5
0 4983 3 phononTS 0.00198343 -2.62006 -2.53287 -0.0257247 6158.93 0.00069486 1 -0.039802 -0.156086 0.05 98814.3
0 4987 4 phononTS 0.0013995 -3.16005 4.36425 0.0283832 39919.8 0.00069486 1 -0.037216 -0.207072 0.05 48340.4
0 4993 2 phononTF 0.00119059 -1.22551 -3.79038 -0.0217734 4602.39 0.00069486 1 0.0443307 -0.276845 0.05 24561.5
0 4997 3 phononTS 0.00219795 -2.28272 -3.37429 -0.0449663 2933.94 0.00034743 1 0.0965773 -0.142177 0.05 68751.9
0 4997 6 phononTS 0.00051243 0.0965773 -0.142177 0.049999 68751.9 0.00034743 1 -0.0729711 -0.264709 0.05 68869.2
