Run ID,Event ID,Track ID,Particle Name,Start Energy [eV],Start X [mm],Start Y [mm],Start Z [mm],Start Time [ns],Energy Deposited [eV],Track Weight,End X [mm],End Y [mm],End Z [mm],Final Time [ns],Volume Name
0 6 3 phononTS 0.00155719 3.1766 4.11623 -0.0465905 9637.01 0.00034743 1 -0.0641591 -0.221076 0.05 74284.7
0 46 2 phononTF 0.0018158 -3.74201 2.28899 0.0113897 16452.9 0.00069486 1 0.0723001 -0.278128 0.05 44433.8
0 85 2 phononTS 0.0015913 1.05548 3.49997 0.00964509 749.553 0.00034743 1 0.100927 -0.162487 0.05 8978.57
0 85 4 phononTF 0.00108983 0.100927 -0.162487 0.049999 8978.57 0.00034743 1 -0.103971 -0.160134 0.05 9060.85
0 88 2 phononTS 0.00136917 0.742894 3.82071 0.0288834 15.1498 0.00069486 1 -0.0233898 -0.171627 0.05 48608.9
0 101 3 phononL 0.00209274 -0.385763 1.1491 0.00684985 9621.87 0.00138972 1 -0.0603517 -0.194912 0.05 38473
0 108 5 phononTF 0.000784329 1.65075 4.80208 -0.0357439 4529.16 0.00034743 1 -0.0223917 -0.24521 0.05 35656.6
0 154 3 phononTF 0.00201085 1.6994 3.95631 -0.00337608 4658.97 0.00034743 1 -0.0765721 -0.121956 0.05 22206.1
0 154 7 phononTS 0.000778542 -0.0765721 -0.121956 0.049999 22206.1 0.00034743 1 -0.0878057 -0.135522 0.05 22264.4
0 159 2 phononTS 0.00235476 -0.721603 2.65659 0.00258352 4465.44 0.00034743 1 0.0785048 -0.182126 0.05 61803.7
0 179 2 phononTS 0.00209195 1.99277 2.65954 0.0193942 2560.24 0.00034743 1 0.0285177 -0.151212 0.05 35186.3
0 179 6 phononTF 0.00156096 0.0285177 -0.151212 0.049999 35186.3 0.00034743 1 0.0441444 -0.150459 0.05 35245.3
0 217 3 phononTF 0.00128435 -1.18762 2.34957 -0.0278691 6143.05 0.00034743 1 0.113088 -0.179017 0.05 10258.8
0 290 4 phononTF 0.00154297 0.559059 0.336988 -0.0274388 39259.7 0.00069486 1 -0.0609546 -0.258779 0.05 40537.9
0 298 3 phononL 0.00256059 1.12699 2.37338 -0.0115208 4806.24 0.00069486 1 -0.0223626 -0.247925 0.05 24200.2
0 319 4 phononTF 0.00134237 1.05841 1.49408 0.0182456 14633.2 0.00069486 1 -0.0353104 -0.259245 0.05 17135.2
0 350 5 phononTS 0.00184312 0.808372 3.63482 0.0462172 35408.5 0.00034743 1 0.0560149 -0.27047 0.05 43400.2
0 396 2 phononTF 0.00221676 2.46452 3.83864 -0.00919765 4187.39 0.00069486 1 0.0326106 -0.156687 0.05 19237.4
0 396 4 phononTF 0.000595026 0.0326106 -0.156687 0.049999 19237.4 0.00034743 1 -0.0232214 -0.176436 0.05 19366
0 405 5 phononTF 0.00122373 -3.73563 4.45358 0.029883 8508.03 0.00034743 1 -0.108223 -0.157205 0.05 20717.2
0 405 7 phononTF 0.000445542 -0.108223 -0.157205 0.049999 20717.2 0.00034743 1 -0.0454628 -0.202585 0.05 20781.5
0 415 2 phononTS 0.00205031 -0.777108 2.90435 -0.0263882 5808.41 0.00034743 1 0.0977176 -0.256501 0.05 12304.9
0 478 2 phononL 0.00257987 -0.838725 3.76747 -0.0364636 13272.7 0.00069486 1 -0.104997 -0.154323 0.05 35183.1
0 478 4 phononL 0.000480369 -0.104997 -0.154323 0.049999 35183.1 0.00034743 1 0.0569863 -0.132578 0.05 35386.4
0 491 3 phononL 0.00198849 0.673498 1.77369 0.0151982 5311.75 0.00034743 1 0.104922 -0.247757 0.05 36394.9
0 498 2 phononTS 0.00127913 0.91407 3.67414 0.0387422 35.9347 0.00069486 1 -0.0258593 -0.143813 0.05 12673.1
0 498 5 phononL 0.00046333 -0.0258593 -0.143813 0.049999 12673.1 0.00034743 1 0.082178 -0.140515 0.05 13127.5
0 503 2 phononTS 0.000919148 0.682139 4.21813 0.00448746 10029.1 0.00034743 1 0.0371832 -0.286154 0.05 57215.5
0 504 2 phononTS 0.00251436 0.571307 1.32833 0.0332591 11833.7 0.00034743 1 0.0278319 -0.120967 0.05 43500.7
0 552 2 phononTS 0.0022107 1.17303 3.73835 -0.0407719 8126.1 0.00034743 1 0.106571 -0.190065 0.05 47270.1
0 552 4 phononTF 0.000914506 0.106571 -0.190065 0.049999 47270.1 0.00034743 1 0.0163416 -0.233287 0.05 47691.1
0 582 3 phononL 0.00193285 0.84484 3.74763 -0.0480013 55.2554 0.00034743 1 0.0831035 -0.233502 0.05 16431.4
0 582 4 phononTF 0.00100201 0.0831035 -0.233502 0.049999 16431.4 0.00034743 1 0.0464556 -0.201761 0.05 16491.1
0 588 2 phononTF 0.00117904 0.826378 3.48889 0.0207249 1139.35 0.00034743 1 -0.0881311 -0.197822 0.05 4228
0 588 6 phononTF 0.000705949 -0.0881311 -0.197822 0.049999 4228 0.00034743 1 -0.0363529 -0.215401 0.05 4296.18
0 609 5 phononTS 0.00124142 -3.86249 0.971122 -0.0346111 28046.4 0.00034743 1 0.0170464 -0.235513 0.05 74368.8
0 674 5 phononTS 0.00128313 1.71893 2.93301 0.0315102 15935.8 0.00034743 1 0.0769607 -0.270538 0.05 116017
0 691 4 phononTF 0.000887336 -4.3539 4.63694 -0.0369671 23210.7 0.00034743 1 -0.0820732 -0.251749 0.05 137760
0 757 2 phononTF 0.00162411 0.365786 3.63974 -0.0248592 2041.12 0.00034743 1 0.0150999 -0.207298 0.05 36220
0 774 2 phononTS 0.00166597 2.97307 4.00392 0.0235852 13358.6 0.00034743 1 0.0608206 -0.205394 0.05 24998.4
0 778 5 phononTS 0.000916235 3.84792 4.27039 -0.0354512 22148.4 0.00034743 1 -0.0347907 -0.222682 0.05 42445.4
0 779 3 phononL 0.00111365 1.05537 3.28139 0.0288982 751.469 0.00034743 1 0.0170497 -0.20948 0.05 103076
0 796 4 phononL 0.00148389 -1.7373 4.48712 0.0205128 4171.49 0.00069486 1 0.0272582 -0.216682 0.05 23013.2
0 827 5 phononTS 0.00160305 3.30529 3.61977 -0.0454929 10006.3 0.00069486 1 -0.0644848 -0.209265 0.05 18295.1
0 843 5 phononTS 0.00091661 0.975051 4.27614 -0.0332422 1789.51 0.00034743 1 -0.0734527 -0.124699 0.05 13177.1
0 855 3 phononTS 0.00187116 1.57767 3.64579 0.0397421 2197.33 0.00034743 1 0.0508916 -0.265331 0.05 58642.5
0 855 5 phononTF 0.000448092 0.0508916 -0.265331 0.049999 58642.5 0.00034743 1 0.0533926 -0.215674 0.05 58718.4
0 868 4 phononTF 0.000797482 -1.41899 4.34597 -0.01056 24011.1 0.00034743 1 0.0922815 -0.214561 0.05 34072.8
0 887 3 phononTF 0.00220052 1.92662 4.35961 -0.0457609 9092.92 0.00034743 1 -0.0435472 -0.180652 0.05 38354.8
0 887 5 phononTF 0.000809097 -0.0435472 -0.180652 0.049999 38354.8 0.00034743 1 -0.0568671 -0.25339 0.05 39538
0 903 3 phononTF 0.00185472 1.3213 3.6228 -0.0475127 6525.41 0.00069486 1 0.0630387 -0.189656 0.05 23584
0 914 2 phononTS 0.00216257 2.31973 4.26381 0.031834 21767.7 0.00034743 1 0.0248735 -0.186762 0.05 49900.4
0 916 2 phononTS 0.0022635 0.180564 3.90769 0.00575621 1065.27 0.00069486 1 -0.095281 -0.193333 0.05 26070.7
0 916 6 phononTF 0.000573932 -0.095281 -0.193333 0.049999 26070.7 0.00034743 1 -0.115209 -0.192836 0.05 26128.3
0 925 2 phononTS 0.00186057 0.162233 3.42399 0.0365601 410.676 0.00034743 1 0.0780053 -0.144088 0.05 5972.39
0 931 3 phononL 0.00227278 1.41796 4.44717 0.0468337 5245.99 0.00069486 1 0.0612054 -0.225614 0.05 34167.9
0 931 10 phononTF 0.000393284 0.0612054 -0.225614 0.049999 34167.9 0.00034743 1 0.0772565 -0.231059 0.05 34546.6
0 956 2 phononTF 0.00143748 1.37555 2.09719 -0.0418223 5199.29 0.00034743 1 -0.0517285 -0.213668 0.05 18033.3
0 983 5 phononL 0.00122031 4.90707 3.97522 -0.0130831 39448.6 0.00069486 1 -0.0255507 -0.196754 0.05 111656
0 991 3 phononTS 0.002028 0.377104 2.92819 0.0161817 2524.87 0.00104229 1 0.0562759 -0.170077 0.05 25039.8
0 1000 6 phononTF 0.000748167 3.20771 4.69945 0.0013287 21233.2 0.00034743 1 0.0184614 -0.201088 0.05 46634.5
0 1022 2 phononTS 0.00276501 1.64997 4.04485 -0.0126963 17644.9 0.00034743 1 0.0952947 -0.158806 0.05 79161.8
0 1022 4 phononTF 0.00182458 0.0952947 -0.158806 0.049998 79161.8 0.00034743 1 0.0788212 -0.167105 0.05 79435.4
0 1023 3 phononTF 0.00205468 0.59477 4.01999 -0.0109138 1430.05 0.00069486 1 -0.101796 -0.236492 0.05 50763.3
0 1047 2 phononL 0.00254128 0.82888 2.94278 0.0226997 5655.16 0.00069486 1 0.0602451 -0.112311 0.05 12794.2
0 1047 4 phononTF 0.00120693 0.0602451 -0.112311 0.049999 12794.2 0.00034743 1 -0.0159296 -0.233067 0.05 13171.3
0 1052 2 phononTS 0.00231499 1.16426 4.60466 0.0220716 5463.84 0.00034743 1 -0.117915 -0.199028 0.05 16650.4
0 1052 4 phononTF 0.00156477 -0.117915 -0.199028 0.049999 16650.4 0.00069486 1 0.0228898 -0.261174 0.05 16734.3
0 1135 3 phononL 0.00161624 0.873246 4.73471 0.00931445 5755.61 0.00034743 1 -0.0911188 -0.187807 0.05 86427.6
0 1135 6 phononTF 0.001023 -0.0911188 -0.187807 0.049999 86427.6 0.00034743 1 0.0381911 -0.204155 0.05 189047
0 1148 2 phononTS 0.00253416 1.21533 2.32845 0.0415091 5837.05 0.00069486 1 0.0507576 -0.279241 0.05 9320.91
0 1150 3 phononL 0.00215769 0.987748 4.48527 -0.0397365 906.501 0.00069486 1 0.0785233 -0.21485 0.05 24116
0 1177 3 phononTF 0.0014211 -0.739264 4.00866 0.0312047 4998.58 0.00034743 1 -0.0938712 -0.142962 0.05 62648.7
0 1180 2 phononTS 0.00224809 0.44982 4.32348 0.0353667 8027.48 0.00034743 1 0.0232943 -0.243632 0.05 59411.3
0 1180 7 phononTS 0.000575334 0.0232943 -0.243632 0.049999 59411.3 0.00034743 1 0.0548022 -0.200364 0.05 59555.4
0 1180 4 phononTF 0.000968776 0.0232943 -0.243632 0.049999 59411.3 0.00069486 1 -0.0640335 -0.16088 0.05 59486.4
0 1231 4 phononTF 0.0014258 1.26875 4.95284 0.0423047 1836.55 0.00034743 1 0.0340206 -0.230544 0.05 14655.3
0 1266 3 phononL 0.0022321 -0.385313 3.56233 -0.0017844 27547.4 0.00069486 1 0.116342 -0.216393 0.05 57726.8
0 1266 5 phononTS 0.000791731 0.116342 -0.216393 0.049999 57726.8 0.00034743 1 0.109198 -0.229834 0.05 57789.1
0 1308 3 phononTF 0.0024223 0.554759 3.10325 0.00467296 1885.61 0.00069486 1 -0.083457 -0.195202 0.05 33308.7
0 1308 5 phononL 0.000417729 -0.083457 -0.195202 0.049999 33308.7 0.00034743 1 -0.0775226 -0.216822 0.05 33361.4
0 1316 2 phononTF 0.00278332 0.141427 3.54767 0.0269783 1354.05 0.00104229 1 0.0977273 -0.164035 0.05 54467.5
0 1321 2 phononTF 0.000806119 0.39823 3.12353 0.0316154 2247.96 0.00034743 1 0.109773 -0.206508 0.05 58790
0 1324 3 phononTS 0.00188537 4.5142 4.76151 -0.042886 19916.9 0.00104229 1 0.0173479 -0.219632 0.05 41933.5
0 1336 3 phononTS 0.00207748 1.44357 3.58539 -0.0218673 1055.93 0.00034743 1 -0.0837114 -0.146351 0.05 41909.3
0 1338 2 phononTS 0.00154375 2.08818 4.31374 0.0142688 8515 0.00069486 1 0.116081 -0.186861 0.05 60606.4
0 1353 3 phononTS 0.00221263 0.643646 3.80765 -0.00598016 85.9575 0.00034743 1 0.0481055 -0.165168 0.05 27792.8
0 1374 2 phononTS 0.00187658 0.713248 3.58041 0.0251011 3254.13 0.00034743 1 0.0635949 -0.12052 0.05 35633.8
0 1410 2 phononTF 0.00199356 1.24815 3.35945 -0.0496075 9711.18 0.00034743 1 -0.0247022 -0.279166 0.05 35450.7
0 1415 3 phononTF 0.00189378 -0.0943317 1.48107 0.0394288 12295.1 0.00069486 1 0.0714781 -0.150477 0.05 17688.6
0 1415 15 phononTF 0.00113844 -0.239893 2.23742 -0.000214807 45116.3 0.00069486 1 -0.0312741 -0.145555 0.05 48304.5
0 1438 5 phononTS 0.00171276 1.99077 4.19059 0.030923 1074.6 0.00034743 1 0.0438984 -0.246746 0.05 8610.32
0 1442 3 phononTS 0.00223681 0.75569 3.77305 0.00806586 12.6276 0.00104229 1 -0.0582349 -0.238658 0.05 19560.8
0 1458 5 phononTF 0.00195654 2.41148 2.49356 -0.0312735 22376.5 0.00034743 1 0.0453036 -0.212267 0.05 102570
0 1458 6 phononTF 0.000753201 0.0453036 -0.212267 0.049999 102570 0.00034743 1 0.108174 -0.176356 0.05 103422
0 1459 4 phononTF 0.000642089 2.59688 -0.985539 -0.0436851 21768.7 0.00034743 1 -0.0518073 -0.167374 0.05 29313.7
0 1476 2 phononTS 0.00246648 1.75223 2.85139 0.0120825 6337.81 0.00104229 1 0.0942852 -0.196349 0.05 42473
0 1484 3 phononTF 0.00268421 0.727507 3.71623 -0.0151173 2589.68 0.00069486 1 0.112133 -0.214082 0.05 11329.5
0 1484 5 phononL 0.00044379 0.112133 -0.214082 0.049999 11329.5 0.00034743 1 0.0757267 -0.117669 0.05 11376
0 1573 3 phononTS 0.00271167 1.22923 3.12552 0.0283465 5731.64 0.00069486 1 -0.0311849 -0.254371 0.05 10689.3
0 1584 2 phononTS 0.00226175 0.681747 3.62115 0.0185829 775.413 0.00034743 1 -0.076776 -0.237512 0.05 10541.4
0 1585 2 phononTF 0.00180141 -1.77449 3.46223 0.0133969 3883.81 0.00104229 1 0.0633445 -0.209366 0.05 57286.9
0 1602 3 phononTF 0.002048 1.03823 3.77656 -0.00296554 1980.29 0.00034743 1 0.0869623 -0.220785 0.05 53191
0 1616 2 phononTS 0.00114509 0.846645 2.66578 -0.0385073 15901.2 0.00034743 1 0.111661 -0.176758 0.05 32494.4
0 1654 3 phononTF 0.00115348 -2.40481 3.08611 -0.0186899 19270.6 0.00069486 1 0.0582121 -0.150575 0.05 27354.3
0 1660 2 phononTF 0.00227366 -0.0385727 3.66238 0.0345297 2747.5 0.00069486 1 -0.0397442 -0.27949 0.05 21295.6
0 1660 8 phononTS 0.000524015 -0.0397442 -0.27949 0.049999 21295.6 0.00034743 1 -0.0463569 -0.281656 0.05 21354.6
0 1667 4 phononTF 0.0014695 2.97108 0.296771 0.0150601 13482 0.00069486 1 0.0969025 -0.254302 0.05 22670
0 1684 4 phononL 0.00154157 3.11664 4.65263 -0.01623 11929.9 0.00034743 1 -0.0821186 -0.166269 0.05 25491.5
0 1690 3 phononTS 0.00186388 0.26036 3.20162 -0.0486601 4758.21 0.00034743 1 -0.100825 -0.165893 0.05 36292.4
0 1708 5 phononL 0.000723259 0.810193 4.97313 -0.00955822 3356.06 0.00034743 1 -0.0288443 -0.211012 0.05 50499
0 1719 3 phononTF 0.00192687 0.6216 2.20462 -0.0019863 9746.12 0.00034743 1 0.0357886 -0.202146 0.05 16749
0 1725 3 phononL 0.00296497 1.51009 3.36685 -0.0338183 21446 0.00104229 1 -0.0206093 -0.20687 0.05 30377
0 1727 2 phononTS 0.0021516 0.0184063 4.68653 0.00578583 4882.83 0.00034743 1 -0.074464 -0.141379 0.05 15439.3
0 1785 2 phononL 0.00124989 1.50363 4.15555 -0.0234419 8751.25 0.00034743 1 0.062172 -0.253131 0.05 29686.3
0 1785 5 phononTS 0.000488942 0.062172 -0.253131 0.049999 29686.3 0.00034743 1 0.0798091 -0.25538 0.05 29745.7
0 1786 3 phononTS 0.00248261 0.198403 4.16506 -0.0131639 2677.03 0.00104229 1 -0.0253706 -0.259721 0.05 26267
0 1786 11 phononTS 0.000360862 -0.0253706 -0.259721 0.049999 26267 0.00034743 1 -0.0824202 -0.187876 0.05 26338.6
0 1797 5 phononTS 0.00107785 -4.78239 2.63229 0.04118 27520.4 0.00034743 1 -0.105553 -0.147293 0.05 31026.7
0 1823 2 phononTF 0.00191878 0.74341 3.75116 -0.00989011 2.27357 0.00034743 1 -0.0518929 -0.202674 0.05 78805.1
0 1823 4 phononL 0.00098845 -0.0518929 -0.202674 0.049999 78805.1 0.00034743 1 -0.0807479 -0.254041 0.05 79172.6
0 1834 5 phononTS 0.00161174 -0.6976 4.0768 0.013326 18273.3 0.00104229 1 -0.0795048 -0.276183 0.05 30774.1
0 1870 3 phononTF 0.00161004 0.498237 3.14783 0.00428354 1847.43 0.00034743 1 0.0947344 -0.253091 0.05 58422.7
0 1871 3 phononTF 0.000790959 0.2301 4.12038 -0.0267722 682.408 0.00034743 1 0.0255436 -0.142724 0.05 49172.8
0 1877 3 phononTS 0.00280665 1.94219 3.24783 0.0404183 3472.23 0.00034743 1 -0.084097 -0.247948 0.05 28076.4
0 1877 6 phononTF 0.00224987 -0.084097 -0.247948 0.049999 28076.4 0.00138972 1 -0.0656075 -0.116518 0.05 28453
0 1912 3 phononTS 0.00221897 -0.761807 3.31378 -0.0334939 4262.26 0.00034743 1 -0.0213177 -0.161611 0.05 30631.9
0 1912 5 phononTF 0.00175593 -0.0213177 -0.161611 0.049999 30631.9 0.00034743 1 0.0677479 -0.149999 0.05 30956.4
0 1959 2 phononTF 0.00135517 -3.13989 4.68792 -0.0428125 17758 0.00034743 1 -0.0610507 -0.227416 0.05 28362.8
0 1977 2 phononTS 0.00201961 1.2828 2.65088 0.0122381 3492.22 0.00069486 1 0.0543412 -0.270642 0.05 30976.9
0 2023 6 phononTS 0.000522426 1.11058 4.38271 -0.021721 19016.5 0.00034743 1 -0.046463 -0.252612 0.05 82930.1
0 2034 3 phononTF 0.0026441 0.254439 3.89076 0.0216049 6316.73 0.00138972 1 -0.0992766 -0.256976 0.05 15166.8
0 2078 5 phononTS 0.00160238 0.489271 2.2299 -0.0426749 27886 0.00034743 1 -0.0698992 -0.253494 0.05 56775
0 2084 4 phononTS 0.000709097 1.49462 4.22791 0.00702542 20391 0.00034743 1 0.0596501 -0.176071 0.05 42507.2
0 2087 2 phononTF 0.00169135 0.895673 4.21957 -0.0370916 371.295 0.00034743 1 -0.0868558 -0.205579 0.05 10325.3
0 2114 2 phononL 0.00204145 -1.41384 4.20871 0.0281326 25541.6 0.00034743 1 0.088796 -0.19074 0.05 34496.3
0 2119 2 phononTS 0.00195403 -0.23392 3.5538 0.0444008 3333.68 0.00034743 1 0.0294154 -0.253907 0.05 9071.85
0 2150 4 phononTF 0.00122399 -4.52456 2.1256 0.00578938 24256.7 0.00069486 1 0.0724375 -0.122043 0.05 129674
0 2191 3 phononTS 0.00270396 1.21243 4.25803 0.00859387 2533.42 0.00034743 1 0.0321386 -0.159873 0.05 25669.4
0 2193 3 phononTF 0.00210508 -0.199696 3.23012 0.0144122 3289.85 0.00034743 1 0.0170963 -0.168629 0.05 43471.6
0 2193 4 phononTF 0.00151465 0.0170963 -0.168629 0.049999 43471.6 0.00034743 1 -0.0211138 -0.165686 0.05 43545.9
0 2255 4 phononTS 0.00144732 -3.09473 3.38855 0.0468705 12037.2 0.00034743 1 0.0560681 -0.209209 0.05 100413
0 2258 2 phononTF 0.00191392 -0.492571 1.44394 0.0249608 11029.4 0.00034743 1 -0.107272 -0.190155 0.05 30263.5
0 2276 3 phononTF 0.00202711 0.780374 3.76912 0.00624738 6.94166 0.00034743 1 0.0980059 -0.135811 0.05 21851.7
0 2306 2 phononTS 0.00266914 1.17516 4.36968 0.0149501 143.022 0.00034743 1 0.0392055 -0.223284 0.05 76565.7
0 2306 5 phononTS 0.00162905 0.0392055 -0.223284 0.049999 76565.7 0.00034743 1 0.021939 -0.197581 0.05 76627.5
0 2307 2 phononTS 0.00146109 0.0640644 4.86607 0.0131693 3775.19 0.00069486 1 0.0667034 -0.244402 0.05 13590.6
0 2307 6 phononTF 0.000587066 0.0667034 -0.244402 0.049999 13590.6 0.00034743 1 0.0617182 -0.28337 0.05 13724
0 2319 3 phononTS 0.00186496 0.990403 3.99087 0.0370769 569.255 0.00069486 1 -0.0346678 -0.22785 0.05 29217
0 2344 3 phononTS 0.00229772 1.39057 3.17824 -0.0416454 8074.14 0.00034743 1 0.0892681 -0.126392 0.05 36964.3
0 2359 4 phononTS 0.000743258 -0.696861 -0.853303 0.0361213 11105.8 0.00034743 1 -0.0913854 -0.244907 0.05 12350.1
0 2370 5 phononL 0.0016699 1.59462 3.69188 -0.0199613 44607.6 0.00069486 1 -0.0949776 -0.185153 0.05 147949
0 2374 3 phononTS 0.00206233 0.377491 2.85814 0.0109464 2085.72 0.00104229 1 -0.0642798 -0.14491 0.05 12069.8
0 2388 4 phononL 0.0016408 -0.148004 3.68462 -0.00847136 5901.08 0.00034743 1 0.0492231 -0.140629 0.05 10546.3
0 2423 3 phononTF 0.0028519 0.61615 3.95452 0.0259803 217.081 0.00034743 1 0.0811773 -0.206781 0.05 14344.6
0 2423 5 phononTS 0.00175209 0.0811773 -0.206781 0.049999 14344.6 0.00069486 1 -0.031731 -0.279674 0.05 14597.6
0 2447 4 phononTS 0.00134105 4.72617 0.277314 -0.0461407 34531.4 0.00069486 1 0.070621 -0.241785 0.05 42769.8
0 2467 4 phononTF 0.00124758 0.995866 3.71806 -0.0447346 699.021 0.00034743 1 -0.0993215 -0.202046 0.05 5158.28
0 2501 3 phononTS 0.00250341 -0.537196 1.86045 0.0355482 5157.98 0.00034743 1 -0.110568 -0.175574 0.05 12644.3
0 2501 4 phononTF 0.00149893 -0.110568 -0.175574 0.049999 12644.3 0.00034743 1 -0.110345 -0.224992 0.05 12714.8
0 2514 3 phononTS 0.00160636 1.16215 4.73101 -0.0297493 3552.8 0.00069486 1 0.103896 -0.235327 0.05 13981.7
0 2521 4 phononTF 0.00129333 -1.62501 1.30576 0.0128225 10984.3 0.00034743 1 0.0211872 -0.243017 0.05 12459
0 2525 3 phononTS 0.00186967 0.788261 3.7098 -0.0227793 25.1984 0.00069486 1 -0.059323 -0.105351 0.05 22694.1
0 2536 5 phononTF 0.000948316 2.72273 2.26067 0.0347736 46015.2 0.00034743 1 0.101839 -0.165742 0.05 81038.5
0 2615 3 phononTS 0.0020634 -0.567266 4.45967 0.00422138 7235.32 0.00034743 1 -0.0176161 -0.16153 0.05 30122
0 2615 6 phononTF 0.00121252 -0.0176161 -0.16153 0.049999 30122 0.00069486 1 -0.113929 -0.174045 0.05 30190.7
0 2664 3 phononL 0.00100886 1.37286 3.22582 -0.0327747 3659.49 0.00034743 1 0.0673745 -0.146295 0.05 9872.22
0 2753 3 phononTF 0.00216309 0.678934 4.81484 -0.0101288 2386.07 0.00104229 1 0.0469234 -0.258231 0.05 20969.5
0 2763 3 phononTF 0.00215012 0.220354 4.16652 0.0389073 3526.77 0.00034743 1 -0.0415337 -0.264768 0.05 17933.7
0 2782 3 phononTF 0.0024457 0.69805 3.91473 -0.0218309 2806.33 0.00069486 1 0.070917 -0.276072 0.05 47447.5
0 2782 7 phononTS 0.000437804 0.070917 -0.276072 0.049999 47447.5 0.00034743 1 0.0753167 -0.269288 0.05 47504.5
0 2795 1 phononL 0.004 0.75 3.75 0 0 0.00069486 1 0.0600882 -0.206852 0.05 16617.8
0 2795 2 phononTS 0.00169818 0.0600882 -0.206852 0.049999 16617.8 0.00069486 1 0.0586759 -0.148851 0.05 17746.1
0 2802 3 phononL 0.00177349 0.604434 3.66106 -0.023999 2073.32 0.00069486 1 -0.0977666 -0.185757 0.05 12642.7
0 2810 3 phononTS 0.00240563 -0.0504696 4.1748 -0.0102842 6086.51 0.00069486 1 -0.0773305 -0.175955 0.05 24408.7
0 2810 7 phononTS 0.000362171 -0.0773305 -0.175955 0.049999 24408.7 0.00034743 1 0.0580614 -0.168565 0.05 24578.4
0 2810 4 phononTF 0.00109635 -0.0773305 -0.175955 0.049999 24408.7 0.00069486 1 -0.0507016 -0.176904 0.05 24504.1
0 2864 3 phononTF 0.00211724 0.598466 4.10689 0.0221802 103.375 0.00069486 1 0.020286 -0.186406 0.05 14558.3
0 2878 3 phononL 0.00177872 1.5751 2.61087 -0.0144531 5678.51 0.00034743 1 0.0723195 -0.246487 0.05 50752.5
0 2878 5 phononTS 0.000456589 0.0723195 -0.246487 0.049998 50752.5 0.00034743 1 -0.0229592 -0.168388 0.05 50831.4
0 2879 2 phononTS 0.000585139 1.63944 2.71212 -0.0115102 6492.82 0.00034743 1 -0.0385663 -0.140933 0.05 11081.5
0 2904 3 phononL 0.0018452 0.789457 3.44693 0.040663 1350.28 0.00034743 1 0.0753741 -0.164374 0.05 87399.8
0 2934 5 phononTF 0.00248232 0.989566 3.45682 -0.0209286 490.982 0.00104229 1 0.0826431 -0.266778 0.05 13398.6
0 2945 2 phononL 0.00230755 1.06524 4.58146 -0.027598 3639.4 0.00034743 1 -0.0190106 -0.239263 0.05 13567
0 2979 3 phononTS 0.00127121 0.913451 2.4367 -0.0452072 10978.7 0.00034743 1 -0.0338089 -0.204026 0.05 16019.5
0 2992 3 phononTF 0.00162214 0.581851 4.29263 -0.0294182 1048.92 0.00069486 1 0.110156 -0.198319 0.05 49749.4
0 3024 5 phononTF 0.00165029 -0.811327 3.76762 -0.0387908 10140.9 0.00069486 1 -0.0543837 -0.150503 0.05 25161.8
0 3046 4 phononL 0.000789099 -0.711487 2.69754 -0.00159231 29878.3 0.00034743 1 -0.0268702 -0.288349 0.05 86606.5
0 3067 3 phononTS 0.00193772 0.754546 3.70577 -0.0130609 21.4502 0.00034743 1 0.0308685 -0.108771 0.05 153307
0 3073 4 phononTF 0.000518763 4.56659 0.156941 -0.0301111 19108.1 0.00034743 1 -0.0327243 -0.214585 0.05 88815.7
0 3099 2 phononTS 0.00196593 2.21415 4.23366 -0.0388236 4027.21 0.00069486 1 0.034142 -0.255393 0.05 9576.97
0 3167 3 phononTS 0.00133093 0.77809 3.59584 -0.0176126 54.7982 0.00069486 1 0.0614889 -0.16657 0.05 73767.6
0 3253 2 phononTS 0.000980884 3.90581 3.6493 0.0223123 17553.8 0.00034743 1 -0.0387599 -0.270904 0.05 101628
0 3255 3 phononTS 0.00211061 0.721269 3.67037 0.0121451 16.9651 0.00034743 1 -0.0516856 -0.192134 0.05 86149.7
0 3255 4 phononTF 0.00139851 -0.0516856 -0.192134 0.049999 86149.7 0.00034743 1 -0.0364717 -0.158019 0.05 86416.5
0 3303 4 phononTF 0.000557825 3.31038 3.25815 0.0487211 104935 0.00034743 1 0.0882169 -0.223207 0.05 143405
0 3340 3 phononTS 0.00114723 1.41953 3.8743 -0.00637959 1915.3 0.00034743 1 -0.0992659 -0.205148 0.05 35376.3
0 3372 2 phononTF 0.00125148 0.723187 3.80488 0.00257273 1240.61 0.00069486 1 -0.0406627 -0.108385 0.05 24135.7
0 3383 4 phononTF 0.00132765 3.71261 2.43772 -0.0313408 11899.6 0.00034743 1 0.0334047 -0.281947 0.05 52317.6
0 3406 3 phononTS 0.00184326 1.61859 2.35935 0.0053366 3106.79 0.00034743 1 -0.0289564 -0.256064 0.05 11709.8
0 3406 11 phononTF 0.00125423 1.83812 -1.67834 0.0103841 27100.1 0.00034743 1 0.0306312 -0.278001 0.05 29483.3
0 3406 14 phononTS 0.000869426 0.0306312 -0.278001 0.049999 29483.3 0.00034743 1 0.0563026 -0.229076 0.05 30017.1
0 3414 2 phononTS 0.00135036 0.798819 4.45696 0.00552339 2294.7 0.00034743 1 -0.0469132 -0.102121 0.05 126148
0 3437 3 phononTF 0.00215945 0.17813 3.92934 0.0496901 352.455 0.00034743 1 -0.0735467 -0.27972 0.05 11602.8
0 3469 3 phononTS 0.00188997 -0.230966 4.82781 -0.00531692 15528.4 0.00069486 1 0.0474843 -0.236578 0.05 23044.2
0 3470 2 phononTF 0.00146084 0.265035 4.23931 -0.0142887 1387.37 0.00069486 1 0.087369 -0.266453 0.05 33191.6
0 3493 5 phononTS 0.00228254 1.53002 1.20961 0.0267246 38390.6 0.00034743 1 0.0872433 -0.260753 0.05 41400.4
0 3494 3 phononL 0.00260422 0.390591 3.90873 -0.0142532 46059.2 0.00069486 1 -0.0178275 -0.231977 0.05 61261.9
0 3494 5 phononTS 0.0011373 -0.0178275 -0.231977 0.049998 61261.9 0.00034743 1 -0.0354198 -0.207972 0.05 61323.9
0 3494 2 phononTS 0.00139578 0.390591 3.90873 -0.0142532 46059.2 0.00034743 1 -0.0421734 -0.109926 0.05 160562
0 3494 21 phononTS 0.000800872 -0.0421734 -0.109926 0.049999 160562 0.00069486 1 -0.0784166 -0.24263 0.05 160723
0 3497 2 phononTS 0.00171089 -0.131186 1.61873 -0.00230947 15430.7 0.00034743 1 -0.0666677 -0.135873 0.05 61900.9
0 3567 3 phononTF 0.00129248 2.17771 3.35911 -0.0358689 3337.72 0.00069486 1 -0.0917941 -0.204835 0.05 11157.9
0 3574 3 phononTS 0.0017748 1.48762 4.29849 -0.00890285 9943.28 0.00034743 1 0.0975764 -0.181395 0.05 32923.4
0 3586 5 phononTF 0.00103708 -2.60315 4.9873 -0.0177536 25524.3 0.00069486 1 0.0722161 -0.198486 0.05 33834.4
0 3590 2 phononTS 0.00232041 0.690274 3.14138 -0.03999 2120.6 0.00138972 1 -0.0821094 -0.181635 0.05 52764.5
0 3592 3 phononTS 0.00169774 1.64608 3.15266 0.0479718 2675.54 0.00034743 1 0.113158 -0.218306 0.05 72837
0 3596 3 phononTS 0.00260769 0.363475 4.44704 0.00463891 4809.23 0.00104229 1 -0.0836091 -0.16184 0.05 10011.5
0 3630 3 phononL 0.001515 0.203898 3.40395 -0.0200773 4078.58 0.00034743 1 0.0916699 -0.246131 0.05 86856.1
0 3631 2 phononL 0.00200069 0.803168 3.71435 -0.0226041 11673.1 0.00069486 1 0.0545884 -0.287307 0.05 36070.3
0 3659 2 phononTS 0.00195741 0.605778 4.14645 -0.0216483 2398.37 0.00069486 1 0.0611812 -0.106364 0.05 17189.6
0 3705 3 phononTS 0.00212943 -1.67661 0.964443 0.0470315 9222.45 0.00034743 1 -0.0785301 -0.269346 0.05 13663.5
0 3707 2 phononTS 0.00157914 0.528167 4.6972 0.0355616 4048.07 0.00034743 1 -0.0741734 -0.248993 0.05 14174.4
0 3713 3 phononTS 0.0018962 0.78599 3.08479 -0.0225552 1234.38 0.00034743 1 -0.0584278 -0.166714 0.05 6039.52
0 3768 3 phononTS 0.00242776 1.13163 3.53125 -0.0226387 2149.45 0.00034743 1 0.0536136 -0.154399 0.05 12881.2
0 3768 4 phononL 0.00135442 0.0536136 -0.154399 0.049999 12881.2 0.00034743 1 -0.114907 -0.164477 0.05 13088.8
0 3776 2 phononTS 0.00172058 1.56903 3.59409 0.0231933 2773.07 0.00034743 1 0.0482649 -0.17222 0.05 20451.9
0 3795 5 phononTF 0.00143615 4.493 3.13913 0.0270731 19756.6 0.00034743 1 0.0737205 -0.121601 0.05 96881.3
0 3817 2 phononTS 0.00175402 1.91709 3.33963 0.0085085 4996.48 0.00034743 1 0.102071 -0.167663 0.05 18795.5
0 3829 3 phononTF 0.00269292 1.47529 2.55747 -0.0151254 8557.93 0.00034743 1 -0.0689501 -0.2753 0.05 28713
0 3840 4 phononTF 0.00133677 3.88549 3.15141 -0.0123531 39894.5 0.00034743 1 -0.0465426 -0.161005 0.05 73349.5
0 3840 6 phononTF 0.000806739 -0.0465426 -0.161005 0.049999 73349.5 0.00034743 1 -0.0657527 -0.115145 0.05 73528.4
0 3840 2 phononL 0.0010994 1.0903 3.10483 -0.0458592 5057.68 0.00034743 1 0.0788525 -0.206091 0.05 9320.59
0 3879 3 phononTS 0.00115963 1.03057 3.65704 0.0426606 6316.69 0.00034743 1 -0.104966 -0.143724 0.05 17915.6
0 3932 4 phononTS 0.00234996 -0.721384 0.712611 0.0461415 37953.1 0.00104229 1 0.0352885 -0.120461 0.05 40244.1
0 3952 2 phononTF 0.000947738 1.70585 4.49245 -0.0441288 16227.6 0.00034743 1 0.0257069 -0.275038 0.05 30400.4
0 3970 3 phononTS 0.00149773 0.998875 4.2661 0.0239079 2634.63 0.00034743 1 -0.0884988 -0.25862 0.05 43809.7
0 3970 4 phononTS 0.000455703 -0.0884988 -0.25862 0.049999 43809.7 0.00034743 1 -0.0254402 -0.149815 0.05 44003.2
0 3984 2 phononTF 0.00170607 0.674338 3.89438 -0.0452656 1045.36 0.00034743 1 0.0393523 -0.168476 0.05 16258.4
0 4020 5 phononTS 0.00162549 1.74386 4.39034 -0.0407693 34802.3 0.00034743 1 -0.117578 -0.205014 0.05 97645.8
0 4051 5 phononTF 0.00185274 -0.0104491 3.10698 -0.0348331 24995.8 0.00069486 1 0.0422722 -0.186645 0.05 97537.2
0 4051 6 phononTF 0.0010518 0.0422722 -0.186645 0.049999 97537.2 0.00034743 1 0.0613561 -0.123627 0.05 97599.2
0 4062 2 phononTF 0.00196869 1.31064 3.54599 -0.0439458 5601.44 0.00069486 1 0.0650036 -0.149247 0.05 10334.6
0 4083 4 phononTS 0.00132777 1.79508 1.98607 0.0394578 3423.58 0.00034743 1 -0.0508411 -0.257093 0.05 6990.01
0 4122 2 phononTF 0.00237271 0.773075 1.10107 0.00521512 5542.82 0.00034743 1 0.0577522 -0.166816 0.05 7422.43
0 4125 3 phononTF 0.00214614 1.04211 3.79479 0.0458802 1042.11 0.00034743 1 -0.103618 -0.247124 0.05 11671.2
0 4125 7 phononTS 0.00067176 -0.103618 -0.247124 0.049999 11671.2 0.00034743 1 0.105061 -0.19447 0.05 74355.2
0 4128 3 phononL 0.0017732 -0.171248 3.68519 0.00225829 2057.34 0.00034743 1 -0.0351506 -0.0952688 0.05 4799.45
0 4144 2 phononTF 0.00246084 -0.584076 3.03042 -0.0290638 6439.35 0.00069486 1 0.113982 -0.172477 0.05 35378.4
0 4145 2 phononTF 0.00250511 0.84577 3.71035 0.0498094 1081.41 0.00069486 1 -0.0826852 -0.26864 0.05 6978.42
0 4145 9 phononTS 0.000645878 -0.0826852 -0.26864 0.049999 6978.42 0.00034743 1 -0.0693693 -0.286599 0.05 7037.55
0 4160 3 phononTS 0.00195037 0.738591 2.56966 0.0241014 1284.33 0.00034743 1 0.0429077 -0.104177 0.05 7667.47
0 4160 4 phononTS 0.00128764 0.0429077 -0.104177 0.049999 7667.47 0.00069486 1 0.0333352 -0.144967 0.05 7738.61
0 4169 2 phononTF 0.00200193 0.610119 4.1563 0.0338957 1849.05 0.00034743 1 0.0912329 -0.14585 0.05 20469.9
0 4197 2 phononTF 0.00168228 0.160712 4.63461 0.0201552 1881.96 0.00034743 1 -0.0791772 -0.138728 0.05 41438.8
0 4213 5 phononTF 0.00200498 -0.62044 4.72678 0.0305247 15759.7 0.00034743 1 0.0937605 -0.193501 0.05 121467
0 4221 2 phononTS 0.00145585 2.7282 2.71671 0.0425302 37044.7 0.00034743 1 -0.0708677 -0.256656 0.05 81873.4
0 4229 4 phononTF 0.000853422 0.6267 -0.179726 -0.0416511 74857.1 0.00034743 1 -0.0599961 -0.110056 0.05 92467.8
0 4306 3 phononTF 0.00239428 0.63583 3.43677 0.0245156 843.474 0.00034743 1 -0.0779636 -0.284087 0.05 38130.9
0 4306 5 phononTF 0.0017875 -0.0779636 -0.284087 0.049999 38130.9 0.00034743 1 -0.0359598 -0.225189 0.05 38262.3
0 4314 3 phononTF 0.00246659 0.708546 3.80805 -0.00731862 49.1382 0.00034743 1 0.0768559 -0.254009 0.05 8296.45
0 4314 5 phononTF 0.00163349 0.0768559 -0.254009 0.049999 8296.45 0.00034743 1 0.0260392 -0.237557 0.05 8355.75
0 4447 2 phononTS 0.00202195 -0.615816 2.51766 0.0225264 7862.53 0.00069486 1 0.0604017 -0.138731 0.05 14563.5
0 4451 2 phononTS 0.00103854 1.79228 4.1677 0.00680946 3621.58 0.00034743 1 0.0354792 -0.291536 0.05 20133
0 4451 5 phononTS 0.000668286 0.0354792 -0.291536 0.049999 20133 0.00034743 1 0.0474539 -0.212695 0.05 21362.1
0 4468 3 phononTF 0.00202643 1.12438 3.8916 -0.0492327 1337.93 0.00069486 1 -0.0192773 -0.167634 0.05 36053.2
0 4487 4 phononL 0.000758419 0.111296 0.0483621 0.049999 17445.5 0.00034743 1 -0.0450243 -0.13636 0.05 17504.1
0 4504 5 phononTS 0.0010218 4.15325 4.2618 0.0400091 48981.1 0.00034743 1 0.0613959 -0.173201 0.05 71613.3
0 4521 2 phononTF 0.00209039 -0.464629 2.68573 -0.012054 4930.84 0.00069486 1 0.0613183 -0.255798 0.05 98378.8
0 4527 3 phononTS 0.000823454 1.3486 2.68258 0.0368955 7626.58 0.00034743 1 -0.0280005 -0.105623 0.05 10160
0 4541 5 phononTS 0.00196084 3.00076 1.08112 0.0214806 10422.7 0.00034743 1 -0.11705 -0.207586 0.05 42975.2
0 4563 4 phononL 0.00129155 1.95317 2.00241 0.0361161 15801.9 0.00034743 1 0.041965 -0.246658 0.05 55474.6
0 4594 3 phononL 0.00181606 1.00338 4.61365 0.0174729 1695.13 0.00034743 1 -0.0576327 -0.165803 0.05 38717.4
0 4671 3 phononTS 0.00355786 0.265098 3.77893 0.0331795 2170.48 0.00069486 1 0.0703044 -0.115784 0.05 18788.5
0 4671 8 phononTS 0.000592769 0.0703044 -0.115784 0.049999 18788.5 0.00034743 1 0.0477579 -0.164342 0.05 18860
0 4703 2 phononTF 0.00187941 1.04989 3.4445 0.0352565 9633.02 0.00034743 1 0.0929823 -0.153768 0.05 49007.7
0 4703 4 phononTF 0.000577156 0.0929823 -0.153768 0.049999 49007.7 0.00034743 1 -0.102294 -0.187245 0.05 49099.4
0 4714 2 phononTF 0.00141843 1.92139 4.38403 0.0190001 3163.03 0.00034743 1 0.0936995 -0.246578 0.05 23609.3
0 4728 3 phononL 0.00207044 1.4653 3.62647 0.0180312 7373.43 0.00069486 1 0.0345298 -0.244814 0.05 25428.4
0 4732 2 phononL 0.0016015 1.02564 3.17056 -0.0341701 17424.8 0.00034743 1 0.0228711 -0.248399 0.05 46877.7
0 4765 3 phononTS 0.00211552 0.545137 3.78384 -0.0352711 677.408 0.00104229 1 -0.0396173 -0.266371 0.05 24464.8
0 4854 2 phononTF 0.00184064 1.79893 3.69012 -0.0114228 4798.7 0.00034743 1 -0.0247236 -0.205512 0.05 147361
0 4856 3 phononL 0.00237167 0.38107 3.41253 0.00970744 3328.1 0.00034743 1 0.0615967 -0.112155 0.05 13149.6
0 4911 2 phononTS 0.00214769 1.02166 1.26453 0.00811395 8699.48 0.00034743 1 0.0189385 -0.165768 0.05 11351.9
0 4911 5 phononTF 0.000773395 0.0189385 -0.165768 0.049998 11351.9 0.00034743 1 -0.0392304 -0.2856 0.05 11781.7
0 4939 3 phononTF 0.00250022 0.806602 4.0157 0.031095 240.272 0.00069486 1 0.0476832 -0.16941 0.05 38063.9
0 4943 3 phononTF 0.00161858 0.0475437 4.09476 -0.0386635 4429.6 0.00069486 1 -0.0626215 -0.148398 0.05 87005.3
0 4980 4 phononTS 0.00116782 0.46007 -0.0868722 0.0119862 17330.4 0.00069486 1 -0.0534918 -0.220424 0.05 17515
0 4989 2 phononTS 0.00173745 1.55332 3.06237 -0.0233924 10057.5 0.00104229 1 0.03157 -0.199092 0.05 67734.4
