Run ID,Event ID,Track ID,Particle Name,Start Energy [eV],Start X [mm],Start Y [mm],Start Z [mm],Start Time [ns],Energy Deposited [eV],Track Weight,End X [mm],End Y [mm],End Z [mm],Final Time [ns],Volume Name
0 22 2 phononTF 0.00140255 3.13722 4.97462 0.0188477 4098.65 0.00069486 1 0.0251323 -0.244648 0.05 66407.1
0 52 2 phononTF 0.00103451 2.71061 4.88535 0.0192464 7930.68 0.00034743 1 0.0451388 -0.116069 0.05 27742.6
0 70 3 phononTF 0.00202542 2.42866 4.07903 -0.043636 2647.4 0.00034743 1 -0.0470966 -0.119082 0.05 8660.71
0 124 2 phononTF 0.00144197 3.50331 3.99864 0.0369395 1248.65 0.00034743 1 -0.0945913 -0.250029 0.05 12293.9
0 124 7 phononTS 0.00056843 -0.0945913 -0.250029 0.049999 12293.9 0.00034743 1 -0.0163044 -0.225465 0.05 12466.4
0 128 4 phononTF 0.00113934 1.61585 1.75472 0.0217794 37264.3 0.00034743 1 -0.0205538 -0.233606 0.05 124715
0 128 6 phononTS 0.000651059 -0.0205538 -0.233606 0.049999 124715 0.00034743 1 0.0233414 -0.24864 0.05 124784
0 145 2 phononL 0.00270554 3.15124 3.98143 -0.0264659 192.355 0.00034743 1 0.0745013 -0.179768 0.05 24729.2
0 145 8 phononL 0.000669922 0.0745013 -0.179768 0.049999 24729.2 0.00034743 1 -0.0768018 -0.250248 0.05 25821.9
0 150 2 phononTS 0.00207035 2.52754 3.59802 0.0272325 2604.25 0.00034743 1 -0.0857507 -0.148094 0.05 14290.1
0 151 3 phononTF 0.00201085 4.1994 3.95631 -0.00337608 4658.97 0.00034743 1 -0.0280241 -0.247969 0.05 11939.5
0 151 4 phononTF 0.00148382 -0.0280241 -0.247969 0.049999 11939.5 0.00034743 1 0.0399945 -0.217451 0.05 12007.8
0 158 3 phononL 0.00290394 4.2463 4.2637 0.0245778 9868.14 0.00104229 1 -0.0622085 -0.126318 0.05 16334
0 158 10 phononTF 0.00116056 -0.0622085 -0.126318 0.049999 16334 0.00034743 1 -0.0220047 -0.232717 0.05 18640.3
0 270 2 phononTS 0.0014667 2.83627 3.56268 -0.0220889 2591.08 0.00034743 1 0.0667819 -0.250529 0.05 39645.3
0 274 5 phononTF 0.00219198 4.35431 3.34373 0.0485896 9898.08 0.00034743 1 0.0329831 -0.187794 0.05 25792
0 274 6 phononTS 0.00171917 0.0329831 -0.187794 0.049999 25792 0.00069486 1 0.0169733 -0.171492 0.05 25849.6
0 347 2 phononTF 0.00205533 3.25967 4.89159 -0.048376 2105.84 0.00034743 1 -0.093887 -0.245989 0.05 22626.2
0 356 2 phononTS 0.00127649 4.01272 2.51577 -0.011376 33497.6 0.00034743 1 -0.065966 -0.201845 0.05 53416
0 378 2 phononTS 0.00191695 4.13205 3.50881 -0.0459977 14842.9 0.00138972 1 0.0530199 -0.142276 0.05 59774.2
0 501 2 phononTS 0.00205207 3.43552 3.66719 0.0471971 1660.3 0.00069486 1 -0.0279831 -0.178966 0.05 6102.71
0 501 4 phononTS 0.000733934 -0.0279831 -0.178966 0.049999 6102.71 0.00034743 1 -0.06609 -0.214287 0.05 6170.96
0 505 5 phononTS 0.00054689 -0.0554968 -0.859848 0.0430316 47501.5 0.00034743 1 0.0734585 -0.234455 0.05 54468.9
0 558 2 phononTS 0.00238125 3.88373 4.39904 0.0406713 11403.5 0.00034743 1 -0.0743525 -0.27991 0.05 59807.5
0 558 5 phononL 0.00103922 -0.0743525 -0.27991 0.049999 59807.5 0.00034743 1 0.0755598 -0.17096 0.05 60709.6
0 562 4 phononTF 0.00160115 -3.53396 3.28788 0.0291563 26500.4 0.00034743 1 0.0490122 -0.101689 0.05 39891.5
0 575 2 phononTS 0.00170047 4.32198 3.97828 -0.00264527 8083.49 0.00034743 1 -0.0424827 -0.189491 0.05 88393
0 603 2 phononL 0.00208652 3.52155 3.31949 -0.0215033 1011.03 0.00034743 1 -0.0419617 -0.27011 0.05 6632.85
0 641 2 phononTF 0.00175831 1.58481 2.07612 0.013814 9751.36 0.00034743 1 0.0231039 -0.15964 0.05 99724.7
0 641 4 phononL 0.00102173 0.0231039 -0.15964 0.049999 99724.7 0.00034743 1 0.0351807 -0.122254 0.05 100201
0 658 4 phononTS 0.000660012 -3.82644 3.63681 0.0372968 42882.4 0.00034743 1 -0.0576165 -0.258468 0.05 85120.8
0 664 2 phononTS 0.00162461 2.82223 4.37533 0.0211127 824.173 0.00034743 1 0.0478478 -0.106786 0.05 42912.3
0 670 2 phononTS 0.0015551 4.10639 3.45987 0.0346331 2236.28 0.00034743 1 0.102108 -0.164152 0.05 78262.8
0 670 8 phononTS 0.000493412 0.102108 -0.164152 0.049999 78262.8 0.00034743 1 0.0609764 -0.134481 0.05 78329.9
0 743 2 phononTS 0.00167905 2.75377 3.30456 -0.0387208 1026.43 0.00034743 1 0.0893643 -0.226978 0.05 32895.6
0 761 3 phononTF 0.00111298 4.67485 3.71343 -0.036192 16037.3 0.00069486 1 0.0497971 -0.2188 0.05 39070.8
0 770 4 phononTS 0.00172858 -4.26002 -1.95271 0.0310873 72993.3 0.00034743 1 -0.116469 -0.218075 0.05 108614
0 788 2 phononTF 0.00153849 2.85446 3.11487 -0.0473154 5801.71 0.00034743 1 0.0889638 -0.148054 0.05 21832.7
0 788 5 phononTF 0.000672076 0.0889638 -0.148054 0.049999 21832.7 0.00034743 1 0.0573662 -0.228142 0.05 22493.8
0 810 2 phononL 0.00208951 2.59378 4.58831 0.0340045 1839.16 0.00069486 1 0.0785996 -0.288338 0.05 50140.5
0 824 4 phononTF 0.00139455 3.26973 4.0849 -0.0282398 1489.33 0.00034743 1 0.0293381 -0.126654 0.05 10153.5
0 844 2 phononTS 0.00187051 2.28308 3.91954 0.0280164 7600.53 0.00104229 1 -0.063473 -0.121914 0.05 32546.8
0 894 4 phononTS 0.00132477 1.97149 0.92683 0.0124682 17693.6 0.00034743 1 0.0674863 -0.17289 0.05 125226
0 894 2 phononTF 0.00142563 3.88597 3.30436 0.0252509 5698.78 0.00034743 1 -0.0738654 -0.168929 0.05 41074.1
0 921 3 phononL 0.00217605 3.27964 3.71334 0.0224295 41.027 0.00104229 1 -0.0245223 -0.135325 0.05 26570.7
0 955 2 phononL 0.00111154 3.67911 4.54913 -0.0476279 5667.47 0.00069486 1 0.102063 -0.228463 0.05 14479
0 997 2 phononTS 0.00225522 3.20251 3.80437 -0.0479286 59.7001 0.00034743 1 -0.0830788 -0.240704 0.05 7856.5
0 1062 2 phononTF 0.00169579 2.83181 3.87798 -0.000280993 4740.31 0.00034743 1 0.0730682 -0.24831 0.05 29884
0 1092 5 phononTS 0.00196047 3.43512 1.27733 -0.00582917 18395.5 0.00034743 1 -0.0711939 -0.267851 0.05 65361.4
0 1137 3 phononTF 0.00287854 3.83943 2.51834 0.0259758 27050.9 0.00034743 1 -0.0991143 -0.24046 0.05 55920.3
0 1142 2 phononL 0.00246929 2.56482 3.05699 -0.0296739 1684.16 0.00034743 1 -0.0458666 -0.139552 0.05 33311.3
0 1149 4 phononL 0.000808301 3.24075 3.66547 0.0179481 6640.32 0.00034743 1 -0.0756876 -0.191378 0.05 17423.3
0 1159 4 phononL 0.00137668 4.04825 4.65415 -0.0440198 6939.47 0.00034743 1 -0.0465113 -0.207986 0.05 40712.3
0 1159 8 phononTS 0.000525224 -0.0465113 -0.207986 0.049999 40712.3 0.00034743 1 -0.0510298 -0.220978 0.05 40772.1
0 1208 2 phononL 0.0014553 3.84014 3.04641 0.0320819 33941.8 0.00069486 1 -0.0478366 -0.207593 0.05 53919.9
0 1258 3 phononTF 0.00209323 3.65171 3.66382 0.0370666 418.538 0.00034743 1 -0.072642 -0.166249 0.05 105842
0 1273 2 phononTS 0.00244739 3.47599 2.1412 0.0268965 4786.56 0.00104229 1 0.109272 -0.204696 0.05 33916.6
0 1273 7 phononL 0.000718352 0.109272 -0.204696 0.049999 33916.6 0.00034743 1 -0.0362429 -0.217605 0.05 33967.6
0 1330 3 phononL 0.00239546 4.83468 3.59747 0.0015701 20831.1 0.00034743 1 0.0526991 -0.188175 0.05 35121.4
0 1370 2 phononTF 0.0030405 3.80206 2.38959 -0.0162282 4075.75 0.00069486 1 -0.114029 -0.235913 0.05 19401.5
0 1394 3 phononTF 0.00207748 3.94357 3.58539 -0.0218673 1055.93 0.00069486 1 0.0262962 -0.201221 0.05 47959.7
0 1428 2 phononTS 0.00189822 3.40895 4.53477 -0.00642243 7437.1 0.00069486 1 0.117365 -0.223662 0.05 11507.5
0 1454 3 phononL 0.00188356 -0.0938559 2.38387 0.0314025 10623.3 0.00034743 1 -0.0583598 -0.291356 0.05 17278.7
0 1477 3 phononTF 0.00221553 3.7206 3.62307 0.0204339 1071.34 0.00034743 1 -0.0818079 -0.182256 0.05 44100.4
0 1477 4 phononTS 0.00126656 -0.0818079 -0.182256 0.049999 44100.4 0.00034743 1 -0.061745 -0.240031 0.05 44169
0 1544 2 phononTF 0.00164262 3.47054 3.50721 -0.00355215 2305.57 0.00034743 1 0.0443546 -0.167443 0.05 25670.1
0 1566 2 phononTF 0.00272661 3.05391 2.90198 0.0328065 823.551 0.00104229 1 0.0888009 -0.217161 0.05 8484.34
0 1577 3 phononL 0.00248681 3.50944 3.91019 -0.019062 1428.19 0.00034743 1 0.0927972 -0.136655 0.05 30044.8
0 1585 5 phononL 0.0012522 2.85192 3.55605 0.0308377 1666.49 0.00069486 1 0.0817624 -0.24252 0.05 12441.5
0 1646 2 phononTF 0.00248712 3.34003 2.55073 0.0429274 2981.43 0.00034743 1 -0.0152075 -0.223669 0.05 35088.8
0 1664 4 phononTS 0.00106532 4.88968 3.12179 0.00955958 28212.4 0.00034743 1 0.042488 -0.153606 0.05 38946.5
0 1667 2 phononTF 0.00179451 2.82795 2.76469 -0.00702811 3664.98 0.00034743 1 -0.0802002 -0.156517 0.05 16292.5
0 1751 3 phononTF 0.00135805 4.49644 4.14393 -0.00211778 5204.21 0.00069486 1 0.0326371 -0.221195 0.05 71581.7
0 1757 5 phononTF 0.00144363 4.11938 4.98203 0.00194281 11722.1 0.00034743 1 -0.0376169 -0.299069 0.05 34390.1
0 1757 6 phononL 0.000837525 -0.0376169 -0.299069 0.049999 34390.1 0.00034743 1 -0.0419636 -0.22217 0.05 34636.2
0 1794 2 phononTS 0.00134849 2.35651 4.31745 0.0228474 1659.32 0.00034743 1 -0.0309259 -0.206949 0.05 18108.4
0 1847 4 phononTF 0.00130142 3.65966 3.40119 -0.0121315 4625.29 0.00034743 1 -0.0417255 -0.259447 0.05 49930
0 1860 3 phononTS 0.00122835 2.82085 4.71986 -0.00885712 2938.46 0.00034743 1 -0.0246043 -0.250635 0.05 41976.8
0 1864 2 phononTS 0.0016042 2.72348 3.71202 0.0356661 4841.74 0.00069486 1 0.0860644 -0.169115 0.05 37444.1
0 1884 3 phononTF 0.001632 2.11097 3.65673 -0.00911719 4114.83 0.00034743 1 -0.095126 -0.225646 0.05 23924.2
0 1925 2 phononTF 0.00152888 0.784872 4.92501 -0.00457229 27717.8 0.00069486 1 0.0429806 -0.135711 0.05 64863.1
0 1942 3 phononTS 0.00208122 3.24341 3.75116 -0.00989011 2.27357 0.00034743 1 -0.0163323 -0.206646 0.05 44674.3
0 1942 4 phononTS 0.000540858 -0.0163323 -0.206646 0.049999 44674.3 0.00034743 1 -0.038954 -0.187873 0.05 44743.5
0 1944 2 phononTS 0.00226589 3.4862 1.32445 0.0331231 31692.7 0.00069486 1 0.0524172 -0.17817 0.05 83094.6
0 1944 8 phononTS 0.000635551 0.0524172 -0.17817 0.049999 83094.6 0.00034743 1 -0.0760965 -0.152534 0.05 84250.2
0 2035 3 phononL 0.00299569 3.25376 3.76403 0.0198255 4.64754 0.00069486 1 -0.0319661 -0.272718 0.05 21207.6
0 2038 3 phononTF 0.00197004 1.72567 2.2652 0.0109173 6421.26 0.00069486 1 -0.10932 -0.164177 0.05 17659.1
0 2162 3 phononTS 0.002493 2.53154 3.2871 -0.0172907 2382.84 0.00034743 1 0.0557961 -0.230789 0.05 38930.9
0 2168 2 phononTF 0.00239826 2.68463 3.21532 0.0457111 1454.7 0.00034743 1 -0.0677174 -0.273387 0.05 15578.3
0 2168 5 phononL 0.00108109 -0.0677174 -0.273387 0.049999 15578.3 0.00034743 1 0.10757 -0.231119 0.05 19820.3
0 2189 2 phononTF 0.00198398 -0.195976 1.40357 -0.0454704 17238.3 0.00034743 1 0.0449489 -0.163238 0.05 49932.5
0 2189 7 phononTF 0.000371832 0.0449489 -0.163238 0.049999 49932.5 0.00034743 1 0.0482187 -0.148149 0.05 50570.9
0 2189 4 phononL 0.000600396 0.0449489 -0.163238 0.049999 49932.5 0.00034743 1 0.052744 -0.231237 0.05 50524.5
0 2203 3 phononTF 0.00173129 2.98855 3.92182 0.0261451 1633.37 0.00069486 1 -0.0992686 -0.180883 0.05 43271.6
0 2230 2 phononTS 0.000608965 2.81214 4.99552 -0.0252967 9705.31 0.00034743 1 -0.0395906 -0.270851 0.05 29764.5
0 2246 5 phononTS 0.00123146 -2.42333 0.848251 -0.0334459 20212.5 0.00034743 1 0.0343214 -0.106355 0.05 28130.2
0 2247 2 phononTF 0.00139563 3.22897 3.81066 -0.0288238 22.3396 0.00034743 1 -0.114484 -0.163769 0.05 31986.2
0 2281 2 phononTF 0.0020967 3.1419 4.84132 0.046498 813.446 0.00034743 1 0.0705552 -0.132992 0.05 21555.3
0 2297 4 phononTF 0.00163687 4.00734 4.35648 0.0162647 19994 0.00034743 1 0.0592001 -0.223835 0.05 39624.2
0 2297 6 phononTS 0.000783434 0.0592001 -0.223835 0.049999 39624.2 0.00034743 1 0.0815765 -0.177319 0.05 39686.9
0 2310 3 phononTF 0.00244798 2.7308 4.99612 0.0279129 3208.68 0.00069486 1 -0.0820293 -0.241613 0.05 21069.9
0 2310 11 phononTS 0.000440156 -0.0820293 -0.241613 0.049998 21069.9 0.00034743 1 0.0719776 -0.159341 0.05 21167.6
0 2310 10 phononTF 0.000762693 -0.0820293 -0.241613 0.049998 21069.9 0.00034743 1 -0.100955 -0.237538 0.05 21301.9
0 2316 2 phononTS 0.00233995 3.04608 3.7562 0.0125272 711.066 0.00034743 1 0.0760107 -0.151197 0.05 22308.9
0 2316 4 phononL 0.00143987 0.0760107 -0.151197 0.049999 22308.9 0.00034743 1 -0.0308219 -0.195693 0.05 22355.8
0 2316 12 phononTS 0.000734779 -0.0308219 -0.195693 0.049999 22355.8 0.00034743 1 -0.0270192 -0.120445 0.05 23216.1
0 2321 2 phononTS 0.00134173 1.19984 3.01787 0.0118346 5833.64 0.00034743 1 -0.0482921 -0.264605 0.05 22809.8
0 2328 2 phononTF 0.000994328 3.95739 4.8497 -0.0483342 12219.3 0.00034743 1 0.0690434 -0.203466 0.05 54351
0 2328 6 phononTF 0.000411845 0.0690434 -0.203466 0.049999 54351 0.00034743 1 0.0383112 -0.238912 0.05 83497.8
0 2345 2 phononTS 0.00136375 3.22882 3.80336 0.00843737 8145.54 0.00069486 1 -0.0698134 -0.219574 0.05 119789
0 2398 5 phononTS 0.00144456 4.84996 3.40205 0.0374288 3728.81 0.00034743 1 0.111724 -0.218548 0.05 53737.3
0 2398 6 phononL 0.0004779 0.111724 -0.218548 0.049999 53737.3 0.00034743 1 -0.0301279 -0.215139 0.05 55399.7
0 2411 3 phononTS 0.00255133 3.58628 3.28208 -0.00220048 4127.55 0.00069486 1 -0.043206 -0.236761 0.05 37042.6
0 2413 2 phononTF 0.00105442 3.02802 3.83246 -0.0077999 378.969 0.00034743 1 0.0475248 -0.224231 0.05 74110.8
0 2454 5 phononL 0.00189084 -0.384067 1.35717 -0.026042 20186.6 0.00069486 1 0.0452043 -0.176968 0.05 70590.6
0 2482 2 phononTS 0.00168271 3.26609 2.91884 -0.0419159 2858.98 0.00069486 1 -0.10346 -0.182404 0.05 21155.3
0 2482 5 phononL 0.000705808 -0.10346 -0.182404 0.049999 21155.3 0.00034743 1 -0.0776454 -0.130732 0.05 21586.3
0 2484 5 phononL 0.00177281 -0.335642 3.95583 0.0451646 18164.4 0.00069486 1 0.0407241 -0.128633 0.05 112198
0 2501 3 phononTS 0.00260347 3.55848 4.58694 -0.0437844 14129.2 0.00138972 1 -0.0346153 -0.147473 0.05 46972.9
0 2508 2 phononTS 0.00228625 3.25101 3.93291 -0.0285128 304.452 0.00069486 1 -0.0932615 -0.143638 0.05 45737
0 2508 4 phononL 0.000355297 -0.0932615 -0.143638 0.049999 45737 0.00034743 1 0.0556536 -0.202364 0.05 45909.5
0 2545 2 phononTF 0.00134715 3.10338 3.49687 -0.0317585 691.091 0.00069486 1 0.0946824 -0.217626 0.05 20772.6
0 2582 2 phononTS 0.00215179 2.45572 3.40789 -0.0234002 8431.29 0.00069486 1 0.0740208 -0.23617 0.05 47624
0 2582 7 phononTF 0.00038179 0.0740208 -0.23617 0.049999 47624 0.00034743 1 0.0501174 -0.255984 0.05 47681.8
0 2637 3 phononTF 0.00131825 3.97631 3.70583 0.00967982 5899.59 0.00034743 1 0.0609449 -0.213988 0.05 34118.1
0 2637 6 phononTS 0.00043689 0.0609449 -0.213988 0.049999 34118.1 0.00034743 1 0.115445 -0.205922 0.05 176332
0 2659 2 phononTS 0.00210175 3.28962 3.76553 -0.0464598 13.1961 0.00104229 1 0.0654212 -0.229874 0.05 34692.4
0 2692 2 phononTF 0.0021872 0.589997 2.11355 0.00321657 8121.72 0.00034743 1 -0.0584703 -0.235816 0.05 13218.3
0 2698 4 phononTS 0.00200168 0.543203 2.16216 -0.00357205 29831.8 0.00034743 1 0.0321709 -0.250765 0.05 46246.9
0 2713 2 phononTF 0.00229039 1.45653 2.25342 0.0306431 36984 0.00104229 1 0.0621108 -0.209917 0.05 55111.9
0 2713 14 phononTS 0.000541186 0.0621108 -0.209917 0.049999 55111.9 0.00034743 1 0.0269641 -0.240494 0.05 55178.7
0 2731 2 phononTS 0.00173206 3.48877 3.79091 -0.0388747 75.7034 0.00069486 1 0.0808641 -0.166897 0.05 5622.23
0 2765 3 phononTS 0.00191286 3.42585 4.8969 0.0358361 16815.6 0.00069486 1 0.027657 -0.18357 0.05 46301.6
0 2771 2 phononTS 0.0022331 3.10303 4.09764 0.0105374 2530.04 0.00034743 1 -0.0821082 -0.216459 0.05 25858.5
0 2782 2 phononTS 0.00242993 3.24886 3.85953 -0.000101337 56.172 0.00034743 1 -0.0781944 -0.275193 0.05 11043.1
0 2802 2 phononTS 0.00126075 3.78451 4.34833 0.0279094 4132.26 0.00034743 1 -0.0878288 -0.270723 0.05 23251.9
0 2813 2 phononTS 0.00251 3.71944 3.79444 0.0113981 4701.35 0.00069486 1 0.0304574 -0.147157 0.05 18223
0 2814 2 phononTF 0.00263166 4.4171 4.09438 -0.0106924 1219 0.00069486 1 0.0717703 -0.140876 0.05 42353.6
0 2814 4 phononTS 0.00118244 0.0717703 -0.140876 0.049999 42353.6 0.00034743 1 0.0266507 -0.146206 0.05 42418.6
0 2853 2 phononTS 0.00246035 3.26822 4.0837 0.0248037 184.684 0.00138972 1 -0.0561575 -0.184508 0.05 19498.1
0 2950 3 phononTS 0.00197468 3.74402 4.87762 -0.0280334 15317.8 0.00034743 1 0.0257473 -0.251623 0.05 102175
0 2950 4 phononTF 0.000467465 0.0257473 -0.251623 0.049999 102175 0.00034743 1 -0.0601402 -0.139085 0.05 188466
0 2955 9 phononL 0.000519914 1.8483 1.42909 0.0449551 32779.4 0.00034743 1 -0.0395028 -0.170569 0.05 67456.8
0 2981 3 phononTS 0.00205854 3.07389 4.57199 -0.0200653 8679.44 0.00034743 1 0.0668426 -0.255918 0.05 12673.5
0 3004 4 phononTS 0.000517285 2.90896 3.5147 0.0264684 4167.06 0.00034743 1 -0.043355 -0.163662 0.05 24674.2
0 3027 3 phononTS 0.00189702 3.37376 3.77106 -0.0122592 1197.99 0.00034743 1 0.106109 -0.175809 0.05 41294.8
0 3037 2 phononTS 0.00162876 2.50788 3.92944 -0.0311904 5384.6 0.00069486 1 0.109347 -0.184851 0.05 40241.2
0 3124 5 phononTS 0.00132092 1.10095 1.21241 -0.0181905 36050.8 0.00069486 1 -0.0234205 -0.15694 0.05 40078.4
0 3212 2 phononTF 0.00158593 2.68193 3.81891 -0.031845 3444.58 0.00034743 1 -0.0917771 -0.174793 0.05 18635.9
0 3212 4 phononTS 0.000879697 -0.0917771 -0.174793 0.049999 18635.9 0.00034743 1 -0.0450973 -0.176947 0.05 19313.9
0 3239 4 phononTF 0.000666478 2.58627 3.74924 0.0185941 24205.2 0.00034743 1 0.0362607 -0.196004 0.05 60160.8
0 3308 2 phononTF 0.0017269 3.5643 3.46319 -0.0311389 1018.72 0.00034743 1 0.0714014 -0.171224 0.05 14552.4
0 3315 3 phononL 0.00183328 3.79228 0.711965 -0.0255869 8408.99 0.00034743 1 -0.0348355 -0.136052 0.05 83771.1
0 3315 4 phononTS 0.00117363 -0.0348355 -0.136052 0.049999 83771.1 0.00034743 1 -0.0275353 -0.150587 0.05 83830.4
0 3315 9 phononTS 0.000694882 -0.0275353 -0.150587 0.049999 83830.4 0.00034743 1 -0.0275838 -0.177991 0.05 84486.3
0 3449 3 phononTF 0.00279189 2.36585 2.65745 -0.0472028 14855.2 0.00034743 1 -0.110506 -0.20432 0.05 32211.8
0 3472 2 phononL 0.00197684 4.09634 2.51545 0.0100751 2413.92 0.00034743 1 0.0904392 -0.14468 0.05 29956.8
0 3491 3 phononTF 0.00144829 3.20477 3.95838 0.0394733 448.528 0.00034743 1 0.0668702 -0.276613 0.05 23813.5
0 3506 3 phononTF 0.00196881 2.67467 3.26826 0.0145552 1515.51 0.00069486 1 -0.0437608 -0.184499 0.05 11590.1
0 3506 4 phononTF 0.000996581 -0.0437608 -0.184499 0.049998 11590.1 0.00034743 1 -0.0233443 -0.26389 0.05 11662.1
0 3581 2 phononTF 0.00182738 4.73815 1.80884 0.00597123 30774.8 0.00034743 1 0.0380364 -0.194107 0.05 34495.8
0 3667 2 phononTS 0.0017595 2.81127 4.07187 -0.0426107 8615.45 0.00069486 1 0.0672289 -0.178719 0.05 41804.4
0 3688 4 phononTF 0.000786983 4.08819 -1.17437 -0.0357643 13244.9 0.00034743 1 0.083774 -0.197799 0.05 74567.7
0 3694 3 phononL 0.00219574 1.66211 3.66379 -0.0311794 5826.83 0.00104229 1 -0.101238 -0.185614 0.05 30103.4
0 3716 3 phononL 0.00118908 3.30905 3.8283 -0.0432224 21.1122 0.00069486 1 -0.0659008 -0.148969 0.05 23910.1
0 3739 2 phononTS 0.00212603 3.19833 3.81097 -0.00977693 246.434 0.00069486 1 0.0628208 -0.150558 0.05 24078.9
0 3742 2 phononTS 0.000894087 1.85103 3.21702 0.0134209 6724.89 0.00034743 1 0.103622 -0.217586 0.05 129274
0 3743 2 phononTF 0.0017825 2.95223 3.73645 0.0276064 258.861 0.00104229 1 -0.0643539 -0.288646 0.05 14285.2
0 3833 2 phononL 0.00163055 4.56702 3.49375 0.0277712 5656.9 0.00034743 1 -0.0619789 -0.286359 0.05 28515.2
0 3839 2 phononTF 0.00210299 3.06863 3.68936 -0.00361667 334.58 0.00034743 1 0.0716784 -0.27475 0.05 57163.1
0 3862 5 phononTS 0.00152771 4.02498 3.3836 -0.0179018 1704.56 0.00034743 1 0.0346074 -0.176957 0.05 23335.2
0 3862 8 phononTS 0.00092067 0.0346074 -0.176957 0.049999 23335.2 0.00034743 1 -0.0441452 -0.288931 0.05 104979
0 3910 2 phononTS 0.00184574 1.34479 4.61534 -0.043694 14688.3 0.00034743 1 -0.0784326 -0.134649 0.05 48406.5
0 3928 2 phononTS 0.00100096 3.04989 3.3578 -0.00286817 1248.65 0.00034743 1 0.0596164 -0.129452 0.05 86662.1
0 3931 2 phononTF 0.00258507 4.64396 4.39099 -0.00566965 5929.37 0.00104229 1 0.014093 -0.18989 0.05 45582.2
0 3951 4 phononTS 0.00191578 4.94929 3.12601 -0.0118004 9343.47 0.00069486 1 0.0380037 -0.287365 0.05 34202.9
0 3951 10 phononTS 0.00043179 0.0380037 -0.287365 0.049998 34202.9 0.00034743 1 0.0393034 -0.299713 0.05 34261.5
0 3969 5 phononTS 0.00101936 4.66011 3.5477 0.016144 18312.8 0.00034743 1 0.088037 -0.241638 0.05 36617.5
0 3969 7 phononTS 0.000546711 0.088037 -0.241638 0.049999 36617.5 0.00034743 1 0.0964556 -0.150471 0.05 48237.2
0 3983 2 phononTF 0.00112075 2.68784 3.0677 -0.0369058 2994.37 0.00034743 1 0.0989073 -0.174031 0.05 15777
0 4004 4 phononTF 0.00104326 -0.0676534 -0.401459 -0.0327505 14715.3 0.00034743 1 -0.0549688 -0.244821 0.05 14808.9
0 4004 6 phononTS 0.000420008 -0.0549688 -0.244821 0.049999 14808.9 0.00034743 1 -0.037898 -0.247294 0.05 14867.8
0 4032 4 phononTF 0.000735422 2.55552 3.12312 -0.0172591 40405.6 0.00034743 1 -0.053034 -0.24385 0.05 160058
0 4038 2 phononTS 0.0019777 3.49513 3.01816 -0.00945937 2505.2 0.00034743 1 -0.044965 -0.260151 0.05 33438.1
0 4047 3 phononL 0.0026457 2.07648 3.74655 0.00888147 5174.63 0.00034743 1 -0.0353942 -0.113051 0.05 24294.6
0 4047 4 phononL 0.00065943 -0.0353942 -0.113051 0.049999 24294.6 0.00034743 1 0.0269936 -0.113267 0.05 24543
0 4072 2 phononTF 0.00221488 3.42516 4.63534 -0.0476966 6115.48 0.00069486 1 0.102576 -0.140573 0.05 40991.3
0 4078 2 phononL 0.00148457 3.77904 4.68349 -0.00850231 6888.35 0.00034743 1 -0.042666 -0.253657 0.05 62960.9
0 4089 2 phononL 0.0022635 2.90027 3.92143 0.0459754 9166.04 0.00034743 1 0.0746446 -0.191979 0.05 27761.4
0 4089 4 phononTS 0.00119348 0.0746446 -0.191979 0.049999 27761.4 0.00034743 1 0.0829646 -0.200045 0.05 27823
0 4129 3 phononTF 0.00190521 3.90142 2.8698 -0.0369142 36613.2 0.00034743 1 0.0581284 -0.255184 0.05 47672.9
0 4207 4 phononTS 0.0017791 3.01338 4.66567 0.0260891 7333.34 0.00034743 1 0.0761438 -0.179682 0.05 28201.7
0 4230 2 phononTF 0.00170057 3.50992 3.45218 0.0257919 1088.23 0.00034743 1 -0.0867631 -0.187628 0.05 43874.3
0 4230 6 phononTF 0.00107332 -0.0867631 -0.187628 0.049999 43874.3 0.00034743 1 -0.0879188 -0.223185 0.05 43935
0 4263 2 phononL 0.00133724 3.25639 3.74131 -0.020087 4.41799 0.00034743 1 -0.0425822 -0.135435 0.05 36866.3
0 4362 3 phononTF 0.00177576 3.42492 4.28288 -0.0176079 3039.67 0.00034743 1 0.107457 -0.154104 0.05 8511.82
0 4417 2 phononTF 0.00164798 4.13254 2.71652 -0.0402627 9461.59 0.00034743 1 0.0513702 -0.159202 0.05 33961.4
0 4427 2 phononTS 0.00131899 1.91958 2.83539 -0.0433271 5243.49 0.00034743 1 0.0454527 -0.253324 0.05 26484.2
0 4449 7 phononTS 0.00110672 1.44481 -4.25119 -0.00938977 96646.2 0.00034743 1 -0.0808381 -0.117807 0.05 139407
0 4507 2 phononTF 0.0013892 3.71655 4.09593 -0.0180187 8323.72 0.00034743 1 0.0679539 -0.155436 0.05 18288
0 4595 2 phononTF 0.00105076 3.29456 3.76706 0.00721386 24.5925 0.00069486 1 -0.106655 -0.17277 0.05 23173
0 4631 2 phononL 0.00215314 3.56274 2.25518 0.0441861 6540.12 0.00104229 1 0.0420565 -0.149698 0.05 15353.4
0 4647 2 phononTS 0.00180081 3.03747 4.44944 -0.00585197 2548.04 0.00034743 1 -0.0823702 -0.137406 0.05 6747.49
0 4647 4 phononTS 0.000998066 -0.0823702 -0.137406 0.049999 6747.49 0.00069486 1 -0.0908124 -0.207348 0.05 6818.24
0 4686 4 phononTF 0.000794313 1.57631 4.03805 0.0393855 7853.79 0.00034743 1 -0.04441 -0.0971524 0.05 46283.2
0 4688 3 phononTS 0.00203544 2.49015 4.98628 -0.00598894 4808.46 0.00069486 1 -0.112057 -0.164695 0.05 26697.1
0 4741 4 phononTS 0.000790141 2.24705 2.69365 -0.00766823 15400.5 0.00034743 1 -0.0623164 -0.123932 0.05 50298.5
0 4748 2 phononTF 0.00156423 3.2357 3.74853 0.0111553 3.42924 0.00069486 1 -0.0341433 -0.189073 0.05 8907.84
0 4864 5 phononTS 0.00172674 4.35616 3.60962 -0.0377861 1169.86 0.00034743 1 0.0815381 -0.246556 0.05 131717
0 4869 2 phononTS 0.00250457 3.52572 3.88494 0.00645548 411.103 0.00034743 1 0.0772757 -0.277015 0.05 52701.9
