Run ID,Event ID,Track ID,Particle Name,Start Energy [eV],Start X [mm],Start Y [mm],Start Z [mm],Start Time [ns],Energy Deposited [eV],Track Weight,End X [mm],End Y [mm],End Z [mm],Final Time [ns],Volume Name
0 18 3 phononTS 0.00201955 -0.902091 4.00812 0.036914 12008.7 0.00034743 1 -0.0881926 -0.160518 0.05 16542.8
0 18 4 phononTF 0.00124464 -0.0881926 -0.160518 0.049999 16542.8 0.00069486 1 0.0535136 -0.163739 0.05 16615.9
0 23 5 phononTF 0.000597568 -3.61695 0.919627 0.00942145 11042.8 0.00034743 1 -0.0793209 -0.179665 0.05 44819.6
0 34 3 phononTS 0.00255596 -3.2389 0.456435 -0.047792 6261.92 0.00034743 1 0.06661 -0.237117 0.05 25554.9
0 75 2 phononTF 0.00190726 -4.21415 -2.75295 0.0290193 7681.22 0.00034743 1 -0.0557517 -0.110805 0.05 19305.5
0 180 2 phononTS 0.00179722 -3.56891 1.40018 0.042057 1704.68 0.00034743 1 0.0470917 -0.275175 0.05 16665.5
0 180 5 phononTF 0.000580655 0.0470917 -0.275175 0.049999 16665.5 0.00034743 1 0.0412242 -0.105731 0.05 18854.8
0 244 4 phononTF 0.000764981 -3.63366 0.00322167 0.049999 154.503 0.00034743 1 0.0854592 -0.264206 0.05 65270.6
0 248 2 phononTS 0.00151062 -4.18498 0.482585 -0.0455889 661.118 0.00069486 1 0.0511814 -0.126607 0.05 5679.34
0 271 4 phononTF 0.000803408 -3.821 0.10267 0.049999 32.8682 0.00034743 1 -0.0526932 -0.126176 0.05 24575.3
0 271 6 phononTS 0.000383895 -0.0526932 -0.126176 0.049999 24575.3 0.00034743 1 -0.0759399 -0.200165 0.05 24691.2
0 309 2 phononTF 0.000534992 -3.30072 0.0223961 0.049999 4757.54 0.00034743 1 0.0738208 -0.246476 0.05 41586.2
0 325 2 phononTS 0.00231511 -3.4188 0.867279 -0.0470598 3093.64 0.00069486 1 -0.092509 -0.240181 0.05 18204.2
0 327 3 phononL 0.00166425 -4.52045 0.385201 -0.0398175 651.24 0.00034743 1 0.0429814 -0.293584 0.05 98512.7
0 332 2 phononTS 0.00220626 -3.79657 0.263585 -0.0143723 9.98219 0.00034743 1 -0.054472 -0.105204 0.05 2721.41
0 335 3 phononTS 0.00180475 -3.07164 1.45215 -0.0484244 3685.97 0.00104229 1 -0.085092 -0.2574 0.05 18878.3
0 376 3 phononTF 0.00158585 -4.18067 0.713934 0.0269866 1575.77 0.00069486 1 -0.0680596 -0.239866 0.05 16824.2
0 380 6 phononTS 0.00111381 -1.61287 -1.90315 -0.00312308 31196.9 0.00034743 1 0.0717477 -0.224413 0.05 33846.4
0 384 4 phononTF 0.00124443 -1.55164 1.34072 0.00303755 21900 0.00034743 1 0.0148654 -0.221961 0.05 28520.5
0 384 2 phononL 0.00177189 -3.30772 -2.50868 0.0188927 12335.1 0.00034743 1 -0.0531344 -0.181366 0.05 21914
0 430 3 phononTS 0.00180372 -3.95686 0.953766 0.00214722 990.53 0.00034743 1 0.0388231 -0.166654 0.05 84726.9
0 434 3 phononTS 0.00243459 -4.79823 0.951791 0.037077 1831.54 0.00034743 1 0.0383526 -0.153902 0.05 17160.9
0 434 5 phononTF 0.00159843 0.0383526 -0.153902 0.049999 17160.9 0.00034743 1 -0.0653626 -0.211628 0.05 17234.2
0 434 13 phononTS 0.000821304 -0.0653626 -0.211628 0.049999 17234.2 0.00034743 1 0.0926059 -0.243039 0.05 17332.2
0 442 2 phononTS 0.00207191 -3.95071 0.731598 -0.033618 1812.15 0.00034743 1 -0.0358568 -0.116766 0.05 21485.4
0 442 6 phononTF 0.000417114 -0.0358568 -0.116766 0.049999 21485.4 0.00034743 1 -0.0521248 -0.162781 0.05 21545.1
0 442 5 phononTF 0.000771606 -0.0358568 -0.116766 0.049999 21485.4 0.00034743 1 -0.0545322 -0.149709 0.05 21543.8
0 446 2 phononTS 0.000777061 -3.95219 0.0480233 0.049999 1140.65 0.00034743 1 -0.0269656 -0.188569 0.05 5819.27
0 472 3 phononTS 0.00177521 -3.70863 0.247794 0.0196828 309.842 0.00069486 1 -0.0521543 -0.224439 0.05 55539.3
0 478 5 phononTS 0.00165724 -1.05573 0.395604 -0.00858973 25082.1 0.00034743 1 0.111172 -0.22615 0.05 32344.7
0 502 5 phononTS 0.000445533 -1.65184 0.0635648 0.049999 2705.64 0.00034743 1 0.0893144 -0.149737 0.05 132758
0 606 3 phononL 0.00137497 -3.98038 0.503569 0.020402 125.507 0.00034743 1 -0.0303758 -0.304284 0.05 15750.7
0 606 2 phononL 0.00262503 -3.98038 0.503569 0.020402 125.507 0.00069486 1 0.0926623 -0.149841 0.05 65783
0 611 3 phononTF 0.000372288 -4.82287 0.0497822 0.049999 2014.99 0.00034743 1 -0.0575654 -0.196022 0.05 40474.1
0 695 4 phononTS 0.00192841 -4.11361 1.01192 0.0186071 29759.6 0.00034743 1 -0.102763 -0.187171 0.05 37050
0 698 5 phononTS 0.000418392 -4.07484 0.100801 0.049999 199.734 0.00034743 1 -0.120513 -0.206645 0.05 8945.52
0 737 3 phononTS 0.000424936 -3.43853 0.0883828 0.049998 2659.51 0.00034743 1 0.106465 -0.178641 0.05 14881.3
0 779 2 phononTS 0.000356332 -3.79631 0.00797775 0.049999 6643.7 0.00034743 1 -0.0655848 -0.137672 0.05 20241.3
0 868 3 phononTF 0.00177662 -3.87694 1.19723 0.0257494 3361.89 0.00034743 1 -0.0447023 -0.130136 0.05 5859.97
0 883 4 phononTF 0.00130862 1.8952 1.62367 0.0163842 104389 0.00034743 1 0.0460966 -0.105237 0.05 154435
0 890 3 phononL 0.00192499 -3.50895 -0.0378667 0.00956456 1722.45 0.00104229 1 -0.0698323 -0.179079 0.05 27136.6
0 936 3 phononL 0.002885 -3.56264 0.19332 0.0344339 361.875 0.00034743 1 -0.0674779 -0.15092 0.05 9807.28
0 939 3 phononTF 0.00230521 -3.92341 -0.300741 0.0328714 1203.55 0.00069486 1 -0.0240384 -0.135883 0.05 19082.2
0 953 5 phononTF 0.00111291 -0.325604 -2.28923 -0.0167419 37682.6 0.00034743 1 0.0881196 -0.225528 0.05 48428.3
0 972 3 phononTF 0.00162944 -2.98077 1.90139 -0.0170739 15500.6 0.00034743 1 0.0372469 -0.147973 0.05 61326.5
0 972 5 phononTF 0.000642395 0.0372469 -0.147973 0.049999 61326.5 0.00034743 1 0.0954577 -0.22571 0.05 61394.9
0 1022 4 phononTF 0.00119459 0.350096 0.291092 0.0286282 44367.7 0.00034743 1 -0.0888629 -0.165928 0.05 45584.9
0 1022 8 phononTS 0.000512913 -0.0888629 -0.165928 0.049999 45584.9 0.00034743 1 -0.0927588 -0.14278 0.05 45645.6
0 1029 5 phononTF 0.00041764 -3.04846 0.0749849 0.049999 1382.71 0.00034743 1 -0.0224237 -0.244832 0.05 149989
0 1049 4 phononTF 0.000957534 3.60318 -2.06644 -0.0243733 48293.6 0.00034743 1 0.0549414 -0.299596 0.05 106607
0 1058 4 phononTS 0.000960839 -1.8656 0.237622 0.0362013 8363.4 0.00034743 1 0.0684787 -0.260366 0.05 9357.84
0 1071 3 phononTF 0.000893886 -3.6845 0.101812 0.049999 5244.78 0.00034743 1 0.0669591 -0.248092 0.05 32622.2
0 1073 5 phononTF 0.00215352 0.827624 -1.90219 0.00335494 16508.7 0.00034743 1 0.0953352 -0.223084 0.05 58243.8
0 1084 5 phononTS 0.00122136 -4.09003 -4.75035 0.0351317 9527.01 0.00034743 1 -0.0325467 -0.187173 0.05 42081.5
0 1135 2 phononTS 0.000847537 -4.10091 0.0613764 0.049999 227.256 0.00034743 1 -0.0629501 -0.128898 0.05 22121.7
0 1140 2 phononTS 0.00144474 -4.85803 0.627528 0.00361904 2191.31 0.00104229 1 -0.0745807 -0.277729 0.05 16585.4
0 1151 2 phononTF 0.00216238 -3.99379 0.023591 0.0385866 464.584 0.00034743 1 0.0288263 -0.23792 0.05 10961.4
0 1151 5 phononTF 0.000478674 0.0288263 -0.23792 0.049999 10961.4 0.00034743 1 0.107447 -0.24374 0.05 11037.4
0 1151 4 phononTS 0.00113399 0.0288263 -0.23792 0.049999 10961.4 0.00034743 1 0.0773614 -0.139144 0.05 11251.7
0 1185 3 phononTS 0.00303927 -3.20002 1.00231 -0.0236976 1620.38 0.00069486 1 -0.0323388 -0.10701 0.05 9850.9
0 1186 5 phononTF 0.000382331 -3.9032 0.0493123 0.049998 464.94 0.00034743 1 -0.0521878 -0.199659 0.05 18273.4
0 1213 3 phononTF 0.00260577 -4.83839 0.673211 -0.0290449 3655.57 0.00069486 1 -0.0694578 -0.126406 0.05 21413.7
0 1247 5 phononTS 0.000874081 -2.17487 -2.69911 -0.0457497 16490.7 0.00034743 1 -0.0634236 -0.245353 0.05 27222
0 1295 4 phononTS 0.00154253 -0.200434 -0.49966 -0.0111563 71700 0.00034743 1 -0.0924374 -0.244379 0.05 72091.4
0 1340 3 phononTS 0.000511315 -3.58254 0.0868687 0.049999 1092.51 0.00034743 1 0.0770214 -0.12969 0.05 20945.7
0 1386 2 phononTS 0.000518599 -3.84068 0.0980068 0.049999 365.1 0.00034743 1 -0.0679892 -0.189617 0.05 15095.6
0 1391 4 phononTF 0.00135483 -0.927011 -0.563089 0.00801647 22192.4 0.00034743 1 0.0332427 -0.104334 0.05 23071.4
0 1391 6 phononL 0.000459764 0.0332427 -0.104334 0.049999 23071.4 0.00034743 1 0.0509508 -0.192079 0.05 26929.4
0 1409 5 phononTS 0.00115194 4.07153 -4.94042 -0.0368112 95334 0.00034743 1 -0.0918257 -0.22798 0.05 140130
0 1423 3 phononTS 0.00235394 -3.97879 0.201523 0.0015356 168.18 0.00034743 1 0.0592161 -0.196272 0.05 34918
0 1457 2 phononTS 0.00294441 -3.69039 0.739043 0.0214634 504.709 0.00034743 1 0.0609311 -0.175831 0.05 42161.2
0 1457 8 phononL 0.000638898 0.0609311 -0.175831 0.049999 42161.2 0.00034743 1 0.0675399 -0.133768 0.05 42264.7
0 1459 5 phononTF 0.000934768 -3.31665 0.716914 -0.0157689 5302.22 0.00034743 1 0.00205638 -0.201112 0.05 50516.8
0 1461 4 phononTS 0.00150422 -4.41254 -0.433525 0.00645611 1789.21 0.00034743 1 0.0425704 -0.16482 0.05 18753.7
0 1527 3 phononTF 0.00207032 -3.87942 -0.980128 -0.0471293 6353.5 0.00034743 1 -0.079942 -0.201397 0.05 23824.1
0 1587 2 phononTF 0.00146793 -3.57809 0.860824 0.0235964 2142.44 0.00069486 1 -0.0799386 -0.117842 0.05 8834.1
0 1592 5 phononL 0.00101002 -4.3234 -0.583223 -0.00768152 10781 0.00034743 1 -0.030565 -0.268468 0.05 146005
0 1660 4 phononTF 0.000804286 -3.2604 0.0199771 0.049999 11493.2 0.00034743 1 0.0191731 -0.195177 0.05 72190
0 1706 2 phononTS 0.000979189 -2.53531 -0.724185 0.0216743 3784.08 0.00034743 1 -0.0596111 -0.15009 0.05 83751
0 1706 4 phononL 0.000506953 -0.0596111 -0.15009 0.049999 83751 0.00034743 1 -0.0363052 -0.264821 0.05 83890.3
0 1708 2 phononTS 0.00229503 -3.6439 0.162053 0.0458166 674.078 0.00034743 1 0.0541585 -0.103026 0.05 11750.3
0 1709 3 phononTS 0.000828762 -4.0298 0.0117828 0.049999 286.31 0.00034743 1 0.0168818 -0.220231 0.05 28635.5
0 1733 4 phononTF 0.000839768 -3.36282 0.0715799 0.049999 627.731 0.00069486 1 -0.061141 -0.157834 0.05 21410.4
0 1746 4 phononTS 0.00145816 1.35726 0.993547 -0.00187455 18568.3 0.00034743 1 -0.0670269 -0.178917 0.05 32567.3
0 1847 2 phononTS 0.00059295 -4.07533 0.0417961 0.049999 717.616 0.00034743 1 -0.0886834 -0.247798 0.05 148617
0 1886 5 phononTF 0.000637922 -3.77998 0.045521 0.049999 271.779 0.00034743 1 0.05669 -0.228093 0.05 30716
0 1922 4 phononTS 0.00088575 -3.46407 0.0653684 0.049999 478.019 0.00034743 1 0.092523 -0.247906 0.05 107088
0 1938 2 phononTS 0.00138152 -3.7284 1.53147 0.0164518 1172.25 0.00034743 1 0.0460933 -0.231612 0.05 11685
0 1983 5 phononL 0.00119872 2.6847 1.82208 -0.00919375 17512.1 0.00069486 1 -0.0166446 -0.205235 0.05 48391.5
0 2034 3 phononTF 0.00180659 -3.9046 0.476569 -0.0250508 340.182 0.00034743 1 0.074265 -0.225084 0.05 12619.2
0 2045 2 phononTF 0.00174868 -4.00338 0.500769 -0.0400263 563.37 0.00034743 1 -0.0470764 -0.116293 0.05 22623.4
0 2045 5 phononTS 0.000398253 -0.0470764 -0.116293 0.049999 22623.4 0.00034743 1 0.0286375 -0.152341 0.05 22761
0 2060 4 phononTF 0.000424768 -3.38878 0.0592684 0.049999 1686.73 0.00034743 1 0.0859807 -0.218512 0.05 73260.4
0 2073 3 phononL 0.00152979 -3.85022 0.854006 -0.0139092 2053.74 0.00104229 1 0.100423 -0.207567 0.05 53171.9
0 2083 3 phononTS 0.00176972 -3.74832 0.248512 -0.000876236 0.444379 0.00034743 1 -0.0516178 -0.220018 0.05 8413.29
0 2142 3 phononTF 0.000577404 -4.04626 0.0984751 0.049999 1439.37 0.00034743 1 -0.0616949 -0.112307 0.05 26340.2
0 2148 2 phononTS 0.00169542 -3.06941 -0.398579 0.0088443 2365.39 0.00034743 1 0.0233045 -0.246512 0.05 16058
0 2175 2 phononTF 0.00216474 -3.82744 0.314281 -0.0276384 28.0505 0.00034743 1 -0.0969092 -0.13309 0.05 19443.2
0 2205 5 phononL 0.000517886 -4.73638 0.028987 0.049999 1973.53 0.00034743 1 0.0852991 -0.220094 0.05 32497.8
0 2237 2 phononTS 0.00162546 -4.85246 -0.585164 -0.0161296 6993.88 0.00034743 1 -0.0281513 -0.292963 0.05 19161.2
0 2245 2 phononTS 0.00189292 -3.77801 0.345425 0.0368036 20.7211 0.00069486 1 0.0612598 -0.133352 0.05 12389.8
0 2245 9 phononTF 0.000609704 0.0612598 -0.133352 0.049999 12389.8 0.00034743 1 0.0316409 -0.151604 0.05 12537
0 2301 7 phononTS 0.00129976 -3.58845 1.37914 -0.00980722 7916.03 0.00034743 1 -0.0773504 -0.13134 0.05 18432.6
0 2411 5 phononTS 0.00100568 -4.6405 -1.55607 -0.029885 31071.3 0.00034743 1 -0.0665011 -0.133094 0.05 56956.6
0 2429 2 phononTF 0.00103082 -4.86857 0.477697 -0.0283221 4402.81 0.00034743 1 -0.034849 -0.115779 0.05 18353.4
0 2444 3 phononTF 0.00264353 -3.69665 -0.0102918 -0.0375397 220.615 0.00138972 1 0.0369091 -0.273607 0.05 22427.8
0 2466 4 phononTS 0.000969199 -3.70246 3.61355 -0.0475187 15439.6 0.00034743 1 0.0948901 -0.150616 0.05 54433.3
0 2466 2 phononTS 0.0019423 -4.02955 0.736119 -0.0270676 767.542 0.00034743 1 0.0690715 -0.186278 0.05 12923.2
0 2561 2 phononTF 0.000409903 -3.95762 0.0611373 0.049999 173.34 0.00034743 1 0.10451 -0.196643 0.05 9855.75
0 2586 4 phononTS 0.000808326 -4.11041 -4.15239 0.0114533 19656.5 0.00034743 1 0.0680247 -0.183786 0.05 39284.6
0 2604 3 phononTS 0.00218286 -4.54598 -1.63473 0.037428 3794.88 0.00034743 1 -0.0729643 -0.216604 0.05 80791.1
0 2674 3 phononTF 0.000376788 -4.07511 0.0100521 0.049999 2396.47 0.00034743 1 0.0697224 -0.119796 0.05 35415.3
0 2710 2 phononTS 0.00158572 -3.80525 0.366877 -0.012669 59.805 0.00069486 1 -0.0412276 -0.302942 0.05 24877.6
0 2710 9 phononTS 0.000514495 -0.0412276 -0.302942 0.049999 24877.6 0.00034743 1 -0.0337052 -0.183549 0.05 24963.1
0 2767 2 phononTS 0.00197951 -3.76558 0.269778 0.0284986 7.05042 0.00104229 1 0.0710554 -0.112067 0.05 22557.2
0 2861 2 phononTF 0.000705788 -3.59903 0.0568454 0.049999 220.848 0.00034743 1 -0.0462512 -0.28041 0.05 117725
0 2874 2 phononL 0.00144091 -4.0127 0.955667 -0.0492702 1218.09 0.00034743 1 0.0253998 -0.175405 0.05 3312.96
0 2915 4 phononTS 0.000775403 -4.05269 0.0723202 0.049999 3258.6 0.00034743 1 -0.0638539 -0.207894 0.05 204139
0 2931 5 phononTF 0.000656254 -3.93671 0.0829041 0.049999 197.954 0.00034743 1 -0.0818719 -0.21742 0.05 52006.9
0 2937 2 phononL 0.000814505 -3.58648 0.037777 0.049999 308.456 0.00034743 1 0.0476587 -0.101015 0.05 7397.14
0 2956 2 phononTF 0.000902181 -3.60506 0.0622382 0.049999 186.993 0.00034743 1 0.0846102 -0.161929 0.05 26483.4
0 2975 3 phononTF 0.00203636 -3.73192 0.285027 0.0322765 9.39138 0.00069486 1 -0.0645063 -0.193831 0.05 2022.3
0 3035 3 phononTS 0.00277946 -3.09722 1.54711 0.0340805 9253.85 0.00104229 1 -0.0794066 -0.200574 0.05 14269.1
0 3035 8 phononTS 0.000534502 -0.0794066 -0.200574 0.049999 14269.1 0.00034743 1 -0.0754214 -0.207235 0.05 14325.6
0 3056 2 phononTS 0.000399173 -3.43574 0.0695157 0.049999 2138.48 0.00034743 1 0.0871296 -0.17555 0.05 29093
0 3066 5 phononL 0.00135952 -0.506989 0.810158 0.028431 37624 0.00069486 1 -0.089192 -0.245299 0.05 44386.9
0 3093 3 phononTF 0.00175081 -3.29327 -0.0320937 0.038947 2845.81 0.00104229 1 -0.0421491 -0.256183 0.05 12289
0 3114 2 phononTS 0.00272156 -3.64356 0.564358 0.0161826 281.288 0.00034743 1 -0.0128638 -0.208034 0.05 10285
0 3114 5 phononTS 0.00122181 -0.0128638 -0.208034 0.049999 10285 0.00069486 1 -0.0854419 -0.269929 0.05 10615.3
0 3130 2 phononL 0.00212398 -3.76414 0.26386 -0.013996 4.41354 0.00069486 1 0.0454144 -0.198636 0.05 2016.83
0 3166 5 phononTF 0.00161079 -4.38439 -0.433623 -0.0360636 20182.8 0.00034743 1 0.0399995 -0.117067 0.05 58279.9
0 3270 2 phononTF 0.00111105 -3.45663 0.392872 -0.00402223 411.34 0.00034743 1 -0.085095 -0.14301 0.05 3731.35
0 3277 2 phononTS 0.0012695 -2.83441 0.570438 -0.0407347 1526.77 0.00034743 1 0.0635149 -0.187087 0.05 55147
0 3305 4 phononTS 0.000795747 -3.29354 0.0530155 0.049999 669.033 0.00034743 1 0.116907 -0.172873 0.05 71674.9
0 3344 2 phononTS 0.00255877 -4.50023 0.830067 -0.0271468 7690.65 0.00104229 1 -0.0981914 -0.263115 0.05 9839.82
0 3345 3 phononTF 0.000422319 -4.05449 0.0745018 0.049999 1767.7 0.00034743 1 -0.117786 -0.19736 0.05 33334.1
0 3492 5 phononTS 0.000754894 -4.07477 0.0488167 0.049999 103.152 0.00069486 1 0.0799872 -0.183227 0.05 12775.8
0 3511 3 phononTS 0.00260664 -4.77071 -0.283514 0.0353382 2017.61 0.00034743 1 -0.0731089 -0.234451 0.05 23956.8
0 3511 5 phononTS 0.00152612 -0.0731089 -0.234451 0.049999 23956.8 0.00034743 1 0.0707396 -0.247108 0.05 24146.4
0 3535 5 phononTF 0.00181674 -4.36012 0.162273 0.00861058 4069.15 0.00034743 1 -0.041343 -0.204494 0.05 36800.1
0 3541 3 phononTS 0.00237952 -3.56022 1.6634 -0.0446899 8477.71 0.00034743 1 0.0738187 -0.232968 0.05 23473
0 3541 5 phononTF 0.00170206 0.0738187 -0.232968 0.049999 23473 0.00069486 1 0.0746506 -0.195586 0.05 23545.1
0 3541 10 phononTS 0.000459835 0.0746506 -0.195586 0.049999 23545.1 0.00034743 1 0.036857 -0.212624 0.05 23606.6
0 3604 3 phononL 0.00189915 -3.96462 -0.0362742 -0.0498909 351.272 0.00034743 1 0.0874596 -0.125787 0.05 8450.67
0 3617 2 phononTF 0.00248898 -4.82856 3.41296 -0.00465839 5788.8 0.00069486 1 0.059184 -0.248145 0.05 49228.3
0 3628 3 phononTS 0.00238985 -3.50586 0.673029 -0.0127283 5642.82 0.00069486 1 -0.0825582 -0.138642 0.05 19550.8
0 3637 3 phononTS 0.00208798 -3.49777 0.217437 0.0338137 1332.42 0.00069486 1 -0.0746438 -0.237404 0.05 19844.4
0 3638 3 phononTS 0.000841821 -3.33933 0.0718198 0.049999 627.452 0.00034743 1 -0.0229807 -0.129995 0.05 86773.9
0 3710 3 phononTF 0.000767609 -3.80516 0.0641663 0.049999 2014.42 0.00069486 1 0.0717645 -0.256668 0.05 21287.9
0 3779 2 phononTS 0.0015465 -4.23785 -1.26371 -0.0137402 4155.21 0.00104229 1 -0.0371142 -0.281436 0.05 80357.7
0 3790 2 phononL 0.00127026 -3.81424 0.815162 -0.0289449 688.579 0.00034743 1 0.115319 -0.228405 0.05 24121.5
0 3807 3 phononTF 0.00233164 -3.5363 0.874785 0.0487334 739.624 0.00104229 1 -0.0905726 -0.14366 0.05 33746.8
0 3838 4 phononL 0.00114061 -3.26606 0.546191 0.0257994 8001.88 0.00034743 1 -0.10464 -0.153811 0.05 37289.6
0 3847 2 phononTS 0.000838343 -4.13268 0.0349759 0.049999 5363.06 0.00034743 1 -0.0983113 -0.192556 0.05 41633.1
0 3847 7 phononTS 0.00045225 -0.0983113 -0.192556 0.049998 41633.1 0.00034743 1 -0.0804247 -0.208727 0.05 41692.9
0 3938 2 phononTF 0.00145638 -4.7649 1.14989 0.0280803 2749.44 0.00034743 1 0.077194 -0.160875 0.05 27283.7
0 3942 2 phononTF 0.00237975 -3.14545 0.508074 -0.0302727 11500 0.00069486 1 -0.060362 -0.192745 0.05 26635.5
0 3971 2 phononTF 0.000702862 -3.57566 0.086998 0.049999 178.511 0.00034743 1 0.0890707 -0.267442 0.05 56871.1
0 3990 3 phononTS 0.0024467 -2.98769 0.216356 0.0383067 3843.16 0.00104229 1 0.0355961 -0.210329 0.05 36057.5
0 4008 4 phononTS 0.000804743 -3.40059 4.15779 -0.00392967 16171.6 0.00034743 1 0.0593628 -0.29554 0.05 67959.2
0 4009 5 phononTS 0.000395544 -3.92601 0.0363433 0.049999 449.362 0.00034743 1 0.0732333 -0.184714 0.05 54894.9
0 4111 3 phononTS 0.00163896 -2.92281 -1.77559 0.0387014 21445.1 0.00034743 1 -0.0601147 -0.156022 0.05 43169.7
0 4136 5 phononL 0.00193969 -2.50726 0.69231 -0.0423555 14293 0.00069486 1 -0.0510613 -0.139714 0.05 39566.2
0 4161 3 phononTS 0.00124509 -3.83922 0.629231 0.0175284 633.473 0.00034743 1 0.0990651 -0.153828 0.05 130773
0 4201 4 phononL 0.000415299 -3.56821 0.01788 0.049999 204.003 0.00034743 1 -0.076056 -0.119919 0.05 56637.7
0 4210 2 phononTS 0.00192099 -3.77745 0.24548 -0.0430341 12.59 0.00034743 1 0.0278598 -0.154071 0.05 33897.9
0 4212 3 phononTS 0.00238908 -3.53489 0.302718 -0.0087519 1101.34 0.00069486 1 0.079255 -0.134522 0.05 5298.46
0 4212 4 phononL 0.00109903 0.079255 -0.134522 0.049999 5298.46 0.00034743 1 0.0377916 -0.137713 0.05 5344.12
0 4260 4 phononTS 0.000627116 -3.64298 0.0666332 0.049999 1104.09 0.00034743 1 -0.0727907 -0.236808 0.05 260515
0 4277 3 phononTS 0.00204212 -3.33565 1.748 -0.0245682 5157.73 0.00069486 1 -0.10563 -0.208376 0.05 14186.5
0 4292 3 phononTS 0.000785623 -3.80333 0.00771351 0.049999 257.192 0.00034743 1 -0.0683407 -0.231502 0.05 36322.4
0 4292 7 phononTF 0.000354558 -0.0683407 -0.231502 0.049999 36322.4 0.00034743 1 0.0480883 -0.10196 0.05 37072.5
0 4294 3 phononL 0.00256104 -4.31296 0.523152 -0.0306157 908.384 0.00069486 1 -0.0771906 -0.28091 0.05 10984.5
0 4317 5 phononL 0.00193622 4.71064 4.46239 -0.0251194 78395.3 0.00034743 1 0.0876222 -0.229552 0.05 102507
0 4372 3 phononL 0.00265651 -3.70436 -1.97376 0.0332321 3729.81 0.00069486 1 0.0790264 -0.239166 0.05 17598.1
0 4372 4 phononTF 0.0013326 0.0790264 -0.239166 0.049999 17598.1 0.00034743 1 -0.0388247 -0.153321 0.05 17881.5
0 4438 2 phononTS 0.00174662 -3.73383 -0.448227 0.0356227 2112.79 0.00034743 1 0.0367959 -0.236485 0.05 101013
0 4542 5 phononTS 0.00179007 -2.43655 -1.26476 -0.0485674 47392.2 0.00034743 1 0.055145 -0.101766 0.05 68151
0 4605 2 phononTF 0.00144969 -3.33943 0.473347 -0.0176659 558.391 0.00034743 1 0.0396817 -0.109812 0.05 133210
0 4605 7 phononTF 0.000500133 0.0396817 -0.109812 0.049999 133210 0.00034743 1 0.0994561 -0.157967 0.05 133275
0 4607 3 phononTS 0.00228494 -2.33602 0.148526 0.0488 1471.28 0.00069486 1 -0.093869 -0.170671 0.05 10684.8
0 4611 4 phononTF 0.000835089 -2.90247 0.0312872 0.049999 1577.74 0.00034743 1 -0.0533568 -0.133366 0.05 5118.82
0 4614 5 phononTS 0.000749936 -2.72724 0.0498112 0.049999 2897.65 0.00034743 1 0.0686144 -0.114218 0.05 28691.1
0 4620 2 phononL 0.00191136 -3.72863 0.14437 0.0424675 44.1481 0.00034743 1 -0.0157202 -0.22563 0.05 62806.5
0 4664 3 phononL 0.00243979 -3.58364 0.888262 -0.0155697 1074.85 0.00069486 1 -0.043873 -0.251149 0.05 34817.2
0 4664 8 phononL 0.000413621 -0.043873 -0.251149 0.049999 34817.2 0.00034743 1 -0.040388 -0.304452 0.05 35504.4
0 4691 2 phononTF 0.00131016 -4.42006 2.06604 -0.018026 5491.32 0.00034743 1 -0.110848 -0.179748 0.05 9378.85
0 4717 4 phononTS 0.000879875 -3.31928 0.0499777 0.049999 748.85 0.00034743 1 -0.0526389 -0.138438 0.05 30176.1
0 4721 2 phononTF 0.00228181 -3.39408 0.867359 0.0184411 1202.54 0.00034743 1 0.031429 -0.137728 0.05 9999.52
0 4731 5 phononL 0.000361293 -3.8573 0.000757757 0.049999 272.154 0.00034743 1 -0.1006 -0.210474 0.05 49980.4
0 4742 4 phononTF 0.00141317 -2.66174 -3.35172 0.0369354 19803.7 0.00069486 1 -0.0562876 -0.243335 0.05 27558.2
0 4743 2 phononTF 0.000658084 -3.02519 0.0415519 0.049999 2010.38 0.00034743 1 0.110028 -0.183504 0.05 3973.11
0 4744 3 phononTS 0.00157591 -4.33112 -0.309784 -0.0480932 3171.97 0.00034743 1 -0.113813 -0.166969 0.05 18775.2
0 4757 2 phononTF 0.0018864 -3.74136 -0.581749 -0.0357228 1407.62 0.00069486 1 0.044923 -0.263033 0.05 36218.6
0 4839 2 phononTS 0.000713471 -3.73127 0.0864162 0.049999 104.109 0.00034743 1 0.107821 -0.193384 0.05 2730
0 4848 4 phononTF 0.000358396 -3.90062 0.0440053 0.049999 1625.51 0.00034743 1 -0.0409588 -0.209054 0.05 10032.1
0 4874 2 phononL 0.0016767 -3.38586 0.245823 -0.0283418 183.277 0.00034743 1 -0.0408808 -0.166113 0.05 63287.8
0 4891 2 phononTS 0.00187757 -3.23579 -1.46276 -0.0354088 9342.82 0.00069486 1 -0.0301671 -0.22105 0.05 25595.6
0 4899 2 phononTS 0.00239803 -1.93564 0.4858 0.0027003 8545.02 0.00069486 1 0.0182263 -0.185459 0.05 47914
0 4929 5 phononTF 0.00113361 -3.88343 2.25993 0.00695045 51840.6 0.00034743 1 -0.086644 -0.129801 0.05 123987
0 4932 6 phononTS 0.000428815 -3.72493 0.0146206 0.049999 718.153 0.00034743 1 -0.0282783 -0.256513 0.05 3023.2
0 4954 6 phononTF 0.000539115 -3.59566 0.0603658 0.049999 782.445 0.00034743 1 0.0487181 -0.192718 0.05 18008
0 4964 2 phononTS 0.00194754 -3.60157 0.426854 0.0305843 184.552 0.00034743 1 -0.0947516 -0.152505 0.05 46611
0 4988 2 phononTS 0.00207783 -3.57902 0.283651 -0.01236 103.835 0.00034743 1 -0.0278787 -0.162477 0.05 23610.9
