Run ID,Event ID,Track ID,Particle Name,Start Energy [eV],Start X [mm],Start Y [mm],Start Z [mm],Start Time [ns],Energy Deposited [eV],Track Weight,End X [mm],End Y [mm],End Z [mm],Final Time [ns],Volume Name
0 34 3 phononTS 0.00163673 3.10689 -1.77304 -0.0438856 1271.68 0.00034743 1 0.0370185 -0.146713 0.05 10223.6
0 60 4 phononTS 0.000846586 1.67672 -1.41929 0.0333443 23120.9 0.00034743 1 0.0950055 -0.168853 0.05 32675.2
0 89 5 phononL 0.00189843 0.200177 -0.233036 0.0159927 9116.36 0.00034743 1 -0.104975 -0.234101 0.05 9218.29
0 89 4 phononTS 0.000482385 0.200177 -0.233036 0.0159927 9116.36 0.00034743 1 0.0774106 -0.193874 0.05 9353.12
0 168 3 phononTS 0.00217162 3.69984 -1.22342 0.0363082 3212.3 0.00069486 1 -0.0468769 -0.277748 0.05 41470.6
0 168 7 phononTS 0.000448182 -0.0468769 -0.277748 0.049999 41470.6 0.00034743 1 -0.0701392 -0.253335 0.05 41533.7
0 176 3 phononTS 0.00197644 4.32392 -0.654921 0.0258234 8281.18 0.00069486 1 0.0728796 -0.133752 0.05 22096.5
0 185 3 phononTS 0.00121784 2.88182 -2.15444 0.0306871 156.803 0.00034743 1 0.0858723 -0.218428 0.05 58139.3
0 185 4 phononTS 0.000350539 0.0858723 -0.218428 0.049999 58139.3 0.00034743 1 0.0116872 -0.217419 0.05 58643
0 194 3 phononTF 0.00090225 2.18636 -0.463967 -0.0492061 1878.63 0.00034743 1 0.0989791 -0.197757 0.05 143900
0 194 6 phononL 0.000361215 0.0989791 -0.197757 0.049999 143900 0.00034743 1 0.0307688 -0.207668 0.05 144189
0 199 3 phononTS 0.000446131 1.03855 0.0277727 0.049999 7023.93 0.00034743 1 0.0992615 -0.173241 0.05 9160.44
0 231 3 phononL 0.0023124 3.80975 -1.51108 0.0126373 6389.17 0.00034743 1 -0.102192 -0.166349 0.05 14464.3
0 232 5 phononTS 0.000888057 0.764751 -0.551096 0.0345218 34775.1 0.00034743 1 -0.0760947 -0.222212 0.05 36089.4
0 257 2 phononTF 0.0027654 2.51896 -2.04992 0.0462752 667.614 0.00104229 1 -0.0285141 -0.206414 0.05 39772.9
0 257 15 phononTS 0.000566579 -0.0285141 -0.206414 0.049998 39772.9 0.00034743 1 0.0542845 -0.141568 0.05 39982.3
0 266 2 phononTS 0.00126375 2.71546 -1.34248 0.000792404 2284.47 0.00034743 1 0.0653155 -0.250331 0.05 89397.1
0 268 2 phononTS 0.000624891 3.22178 -0.0521571 -0.00195494 5810.33 0.00034743 1 0.0285529 -0.242292 0.05 9490.61
0 277 2 phononTS 0.00256445 1.89853 -1.95871 0.0389152 14376.9 0.00104229 1 0.0775486 -0.179709 0.05 19126.1
0 285 5 phononL 0.00151131 3.05906 -0.0619805 -0.0443558 4169.45 0.00034743 1 0.0566152 -0.103629 0.05 8889.85
0 373 2 phononTS 0.0012098 1.98392 -0.607084 0.0210838 3749.54 0.00069486 1 0.0793285 -0.198954 0.05 12720.8
0 465 2 phononTS 0.00167368 1.83347 -4.44205 0.0232297 32258 0.00069486 1 -0.0209426 -0.205991 0.05 47932.8
0 465 4 phononTS 0.000636028 -0.0209426 -0.205991 0.049999 47932.8 0.00034743 1 0.0768338 -0.252418 0.05 48014.9
0 551 2 phononTS 0.000939658 2.55546 -1.57327 0.0180189 13505.1 0.00034743 1 0.0669714 -0.252094 0.05 29071.4
0 556 3 phononTF 0.00120487 0.699735 -2.3435 0.0281486 11249.2 0.00069486 1 0.0397356 -0.118953 0.05 27877.3
0 600 2 phononL 0.00122329 2.19176 -2.85995 0.0428745 2141.4 0.00034743 1 -0.0886288 -0.192549 0.05 46070
0 603 2 phononTF 0.00035448 1.52813 0.0132598 0.049999 16238.3 0.00034743 1 0.0517307 -0.0973144 0.05 43094.5
0 650 4 phononTF 0.000582813 4.19719 -4.56338 -0.0159974 11545.4 0.00034743 1 0.0521221 -0.284192 0.05 79891.2
0 676 5 phononTS 0.00191705 1.98663 -1.7147 0.0208691 5895.88 0.00069486 1 0.0673676 -0.130092 0.05 9206.23
0 701 4 phononTF 0.00115122 4.31071 1.39284 -0.0353198 39178.1 0.00034743 1 0.0815546 -0.124701 0.05 60663.2
0 724 3 phononTF 0.00184456 1.78125 -1.50575 -0.039456 3413.29 0.00069486 1 0.0392372 -0.098701 0.05 5797.22
0 737 5 phononTS 0.00123846 1.63027 1.6234 -0.0469253 22582.3 0.00034743 1 -0.0340634 -0.147383 0.05 73746.5
0 737 7 phononTF 0.000795189 -0.0340634 -0.147383 0.049999 73746.5 0.00034743 1 -0.079819 -0.280437 0.05 74544.6
0 777 2 phononL 0.00221367 1.51716 -2.34381 -0.028915 2120.75 0.00034743 1 -0.0250659 -0.136806 0.05 5194.74
0 777 6 phononTS 0.000403096 -0.0250659 -0.136806 0.049999 5194.74 0.00034743 1 0.0556144 -0.126448 0.05 5421.5
0 780 2 phononL 0.00178051 2.18559 -1.80936 0.0247518 9576.46 0.00069486 1 0.10438 -0.251346 0.05 17700.2
0 832 3 phononTS 0.00182596 2.31344 -2.29346 0.0184424 1639.75 0.00034743 1 0.0836632 -0.138032 0.05 60296.1
0 851 3 phononL 0.00194894 1.78844 -3.37109 -0.0154001 4583.13 0.00069486 1 -0.0906043 -0.197584 0.05 12451.6
0 853 5 phononTS 0.00127743 -1.16564 -1.01874 0.0268799 17112.9 0.00034743 1 0.114736 -0.177257 0.05 108012
0 865 3 phononTF 0.00133872 3.13543 -1.76456 -0.00434099 4861.85 0.00069486 1 -0.112104 -0.182837 0.05 81381.8
0 868 3 phononL 0.00253613 2.71373 -2.22552 -0.0433958 11.3492 0.00034743 1 -0.0557916 -0.267625 0.05 7367.91
0 877 4 phononTF 0.00169153 2.53374 -0.801117 -0.00237075 2003.97 0.00104229 1 -0.0946566 -0.243382 0.05 31318.9
0 906 2 phononL 0.00130506 3.80963 -1.52567 0.00521522 6977.61 0.00034743 1 0.0862514 -0.272051 0.05 17111.5
0 919 3 phononTS 0.00201858 3.31255 -2.5414 0.0226458 2999.69 0.00069486 1 -0.100458 -0.158702 0.05 16824.7
0 923 3 phononTS 0.00257629 2.57868 -0.592423 -0.00481389 11579.3 0.00034743 1 0.0622437 -0.209188 0.05 18334.5
0 1023 2 phononTF 0.00167141 2.76209 -2.4233 0.0383703 3300.93 0.00069486 1 -0.0914453 -0.201663 0.05 12163.9
0 1041 2 phononL 0.00186304 3.89968 -2.12407 0.00992067 1857.66 0.00069486 1 -0.0322051 -0.234459 0.05 29739.7
0 1070 4 phononTS 0.00111078 4.67043 -4.80055 -0.0436219 18274.7 0.00069486 1 0.0733662 -0.140483 0.05 29407.5
0 1083 2 phononTS 0.00261866 3.20171 -2.54168 0.0408596 697.565 0.00104229 1 0.0611512 -0.186619 0.05 3573.8
0 1087 4 phononTF 0.000984929 2.98528 2.54172 -0.0121434 8744.68 0.00069486 1 -0.110836 -0.195986 0.05 15434.3
0 1116 6 phononTF 0.000502123 -2.94707 1.30257 -0.0259614 63408 0.00034743 1 -0.104121 -0.166187 0.05 88616.5
0 1117 5 phononTS 0.00145563 0.15443 -3.91 0.037884 10578.2 0.00069486 1 -0.0295732 -0.142491 0.05 17503.5
0 1139 5 phononTS 0.000667943 2.05873 0.0909839 0.049998 12922.3 0.00034743 1 -0.0710129 -0.26096 0.05 194877
0 1142 3 phononTS 0.00133097 2.49823 -1.91604 0.0353839 684.006 0.00069486 1 -0.0533368 -0.174493 0.05 25623
0 1151 3 phononTF 0.002214 4.06209 -1.03578 0.00428864 4116.51 0.00034743 1 0.0644644 -0.244255 0.05 65699.2
0 1151 4 phononTS 0.00121899 0.0644644 -0.244255 0.049999 65699.2 0.00034743 1 -0.0429233 -0.306417 0.05 66285.2
0 1151 11 phononTS 0.000482184 -0.0429233 -0.306417 0.049999 66285.2 0.00034743 1 0.110503 -0.203978 0.05 121049
0 1188 3 phononL 0.00190321 -0.0381898 -0.678513 0.0238343 13807.4 0.00034743 1 0.0914194 -0.206368 0.05 13961.2
0 1196 2 phononTS 0.00252135 2.87232 -2.22574 0.0267237 25.6521 0.00069486 1 0.0677133 -0.133033 0.05 10400.8
0 1202 4 phononTF 0.00116342 4.89409 1.4526 0.018829 31487.1 0.00034743 1 -0.103379 -0.172195 0.05 62100.1
0 1205 2 phononTF 0.00155928 3.26792 -2.49913 0.0294367 4392.19 0.00034743 1 0.0611293 -0.197865 0.05 70000.1
0 1205 9 phononTS 0.00063868 0.0611293 -0.197865 0.049999 70000.1 0.00034743 1 -0.022632 -0.130787 0.05 70081
0 1210 2 phononTS 0.0023609 1.68105 -1.26285 -0.0419503 2364.38 0.00034743 1 -0.0748457 -0.11147 0.05 56868.4
0 1210 5 phononTS 0.00126314 -0.0748457 -0.11147 0.049999 56868.4 0.00069486 1 -0.0483883 -0.111949 0.05 56926.9
0 1223 2 phononTS 0.00188665 3.27842 -1.5973 0.0474147 2708.06 0.00034743 1 0.0484236 -0.199408 0.05 14507.9
0 1240 3 phononTS 0.00232994 1.72988 -3.13145 -0.0130248 3522.15 0.00104229 1 -0.064006 -0.261283 0.05 14556.4
0 1247 3 phononTS 0.00190942 2.52208 -0.747157 -0.00187925 9234.01 0.00034743 1 -0.0476647 -0.146959 0.05 19362.5
0 1274 4 phononTF 0.00180113 0.708674 -1.7686 0.0238933 23057 0.00069486 1 0.100861 -0.2481 0.05 26151.1
0 1319 2 phononTS 0.00229302 2.0862 -2.20912 0.0428795 5080.15 0.00069486 1 0.101032 -0.209573 0.05 11359.1
0 1392 2 phononTS 0.00219232 2.01588 -1.65162 -0.0197644 4764.31 0.00069486 1 0.039283 -0.181506 0.05 68852.8
0 1436 3 phononTS 0.00177031 2.98242 -1.98787 0.0156162 799.169 0.00069486 1 0.0217384 -0.157751 0.05 18539.6
0 1440 2 phononTF 0.00264717 2.16843 -3.12356 -0.0452721 6820.61 0.00104229 1 -0.0592243 -0.220042 0.05 15655
0 1459 2 phononTF 0.00182922 2.75216 -2.24744 0.00291606 0.811924 0.00034743 1 0.109849 -0.156162 0.05 27521
0 1529 4 phononTS 0.00132207 3.31175 -0.51804 0.0222852 27142.7 0.00034743 1 -0.100727 -0.241017 0.05 32312.3
0 1554 2 phononTF 0.00204426 3.66302 -1.73423 -0.0376358 1685.13 0.00104229 1 -0.0835239 -0.154947 0.05 7583.12
0 1560 2 phononTS 0.000902793 1.86458 -1.48055 0.0334509 8059.36 0.00034743 1 0.0110884 -0.193263 0.05 73922.4
0 1576 2 phononL 0.00164536 2.82069 -2.25425 -0.0173075 22.5666 0.00069486 1 -0.0222112 -0.133312 0.05 29980.6
0 1598 2 phononTF 0.00186421 2.73131 -2.31022 0.0405625 14.1376 0.00034743 1 0.0835566 -0.233279 0.05 27002.3
0 1602 2 phononTS 0.00198556 3.65423 -2.04665 -0.00996 2096.65 0.00034743 1 -0.0350385 -0.187466 0.05 55688.7
0 1602 5 phononTS 0.00128571 -0.0350385 -0.187466 0.049999 55688.7 0.00034743 1 -0.0624157 -0.197546 0.05 55750
0 1640 5 phononTS 0.00186162 0.0819054 -2.35083 -0.0200698 6904.84 0.00069486 1 0.0343196 -0.15446 0.05 76430.6
0 1657 3 phononTS 0.0025602 2.57665 -1.78715 0.0388349 1651.21 0.00034743 1 0.0544089 -0.154258 0.05 17853.8
0 1674 3 phononTF 0.00228089 2.71362 -1.99434 0.0301218 1082.19 0.00034743 1 -0.100245 -0.225451 0.05 18071
0 1691 5 phononTS 0.000381664 1.50116 0.0733478 0.049999 6021.37 0.00034743 1 0.023183 -0.192212 0.05 46762.6
0 1705 3 phononTS 0.00270957 3.7481 -2.32336 -0.0495327 12495.7 0.00069486 1 -0.042297 -0.195005 0.05 30049.3
0 1705 4 phononTF 0.0017062 -0.042297 -0.195005 0.049999 30049.3 0.00034743 1 -0.0565673 -0.290216 0.05 30116.2
0 1732 4 phononTS 0.000438481 2.17454 0.0595022 0.049999 4672.53 0.00034743 1 0.0782019 -0.197749 0.05 12085.2
0 1748 3 phononTS 0.0020653 3.42947 -1.86229 -0.0176831 3509.81 0.00069486 1 0.024612 -0.169082 0.05 30475.7
0 1749 5 phononL 0.000873332 -0.923615 -1.10446 -0.0484316 55020.1 0.00034743 1 -0.0884212 -0.138384 0.05 73360.3
0 1751 3 phononTS 0.00201271 3.63208 -3.43239 0.0413885 3011.4 0.00069486 1 0.0539431 -0.299313 0.05 32870.9
0 1782 2 phononTS 0.00206934 2.516 -2.60579 -0.0141794 3958.81 0.00104229 1 0.0297162 -0.242025 0.05 67397.8
0 1782 7 phononTS 0.000510018 0.0297162 -0.242025 0.049999 67397.8 0.00034743 1 0.0971503 -0.151314 0.05 67479.9
0 1783 5 phononTF 0.00203867 0.00966618 -1.74891 -0.0160629 30041.7 0.00069486 1 0.0375975 -0.185747 0.05 60698.5
0 1789 3 phononL 0.00269784 2.07053 -2.50706 0.00401791 2311.64 0.00034743 1 0.104853 -0.227294 0.05 15238.7
0 1817 2 phononTS 0.00225338 3.05154 -3.38123 0.0421886 3951.38 0.00104229 1 0.105954 -0.183649 0.05 10157.8
0 1817 7 phononTS 0.0003811 0.105954 -0.183649 0.049999 10157.8 0.00034743 1 0.0744956 -0.154763 0.05 10219.9
0 1830 3 phononL 0.00167492 2.30951 -1.60033 -0.0383656 1490.12 0.00069486 1 0.0993787 -0.149663 0.05 36627.4
0 1854 6 phononTF 0.000488679 4.01308 0.0418114 0.049999 20159.4 0.00034743 1 -0.0464036 -0.275671 0.05 24461
0 1863 2 phononTS 0.00197647 2.92623 -2.12385 0.00726306 322.954 0.00034743 1 -0.0722374 -0.288306 0.05 3097.26
0 1880 5 phononTS 0.0012268 -1.91345 -1.52277 -0.035269 144019 0.00069486 1 0.0787286 -0.141385 0.05 186313
0 1948 5 phononTF 0.00129089 1.60428 0.208874 0.0459926 29966 0.00069486 1 -0.0810208 -0.18127 0.05 46752.1
0 1977 2 phononTS 0.00300497 2.95616 -2.05747 0.011306 1242.6 0.00069486 1 -0.0613802 -0.198833 0.05 7473.95
0 2013 4 phononL 0.000948238 2.106 2.32035 -0.0278988 22759.3 0.00034743 1 0.0987222 -0.215558 0.05 58781.5
0 2016 5 phononTF 0.00126435 -1.57729 -0.903512 0.0205059 17279 0.00034743 1 -0.101993 -0.243399 0.05 22341.3
0 2022 2 phononTF 0.00230716 3.81371 -2.39462 0.0318321 3850.71 0.00069486 1 0.0244399 -0.16209 0.05 23970.8
0 2054 3 phononTS 0.00247664 3.49143 -1.74928 0.0266417 7738.47 0.00138972 1 0.0299356 -0.150566 0.05 50051.4
0 2077 2 phononTS 0.00159508 0.229057 -0.132569 0.0393572 23746.4 0.00104229 1 0.0477418 -0.120722 0.05 23923.1
0 2083 3 phononL 0.00215915 2.42819 -2.22996 -0.0143843 791.546 0.00034743 1 0.0509151 -0.301545 0.05 29252
0 2087 2 phononTF 0.00177788 3.02606 0.744434 0.0395593 9514.03 0.00104229 1 0.0775579 -0.145347 0.05 11340.3
0 2101 2 phononTS 0.00190594 3.79185 -4.87685 0.0402807 10214.6 0.00034743 1 0.080968 -0.199891 0.05 23592.8
0 2101 4 phononTF 0.000946907 0.080968 -0.199891 0.049999 23592.8 0.00069486 1 0.0279445 -0.28446 0.05 38280.6
0 2102 2 phononTF 0.00246901 2.53486 -3.03184 -0.0120351 2139.52 0.00104229 1 0.056682 -0.102098 0.05 55865.2
0 2104 3 phononTS 0.00141092 2.60821 -2.59653 -0.0327248 907.057 0.00034743 1 0.0384835 -0.124381 0.05 7922.84
0 2126 2 phononTF 0.00145643 2.27428 -2.12253 0.010116 785.539 0.00069486 1 0.0412873 -0.279504 0.05 40102.4
0 2144 2 phononTS 0.00180179 3.7735 -3.37686 0.028832 4185.71 0.00034743 1 0.062999 -0.295294 0.05 12933.4
0 2144 4 phononTS 0.00111655 0.062999 -0.295294 0.049999 12933.4 0.00034743 1 0.0520848 -0.227896 0.05 13462.7
0 2189 3 phononTS 0.00229609 2.65237 -1.90854 0.049204 1434.25 0.00034743 1 -0.056578 -0.181357 0.05 32863.6
0 2189 7 phononTS 0.000553417 -0.056578 -0.181357 0.049999 32863.6 0.00034743 1 -0.0237846 -0.198475 0.05 33024.6
0 2249 2 phononTS 0.00163069 3.26847 -3.00183 -0.0470987 2504.51 0.00069486 1 -0.0552454 -0.237216 0.05 21728
0 2256 2 phononTF 0.00205228 2.92854 -2.18192 0.0433374 1263.95 0.00069486 1 0.0902038 -0.272012 0.05 14127.5
0 2269 3 phononTF 0.00317411 2.70678 -2.253 -0.0413802 20.813 0.00069486 1 -0.0297059 -0.193264 0.05 7021.41
0 2269 2 phononTS 0.000825886 2.70678 -2.253 -0.0413802 20.813 0.00034743 1 0.0434421 -0.12242 0.05 80383.1
0 2277 3 phononTS 0.00172864 2.93471 -3.21035 -0.0482384 3332.24 0.00069486 1 0.0684195 -0.267834 0.05 36965.2
0 2291 6 phononTS 0.00115655 0.0960599 -3.64379 0.000638745 12618.4 0.00069486 1 0.0256455 -0.213611 0.05 37343.2
0 2296 3 phononTS 0.00218248 3.8332 -1.48727 -0.00395718 8492.28 0.00034743 1 -0.0605295 -0.266049 0.05 72932.8
0 2302 3 phononTF 0.00200263 3.27553 -2.87435 0.0390741 5791.94 0.00069486 1 0.011811 -0.191849 0.05 8352.82
0 2319 2 phononL 0.0019197 4.44718 -1.91809 -0.0100828 15369.1 0.00034743 1 -0.0542754 -0.267591 0.05 53763
0 2357 2 phononTS 0.001915 2.77996 -3.14545 -0.0374247 14664.5 0.00104229 1 -0.0324729 -0.275212 0.05 31130
0 2371 3 phononTS 0.00244984 4.76826 -1.17628 0.0359562 14351.3 0.00069486 1 0.0443115 -0.162433 0.05 62918.7
0 2371 4 phononTS 0.00073709 0.0443115 -0.162433 0.049999 62918.7 0.00034743 1 0.0309285 -0.201695 0.05 62983.4
0 2393 2 phononTF 0.00142969 2.76228 -2.2911 0.0478737 13.0377 0.00034743 1 -0.0839986 -0.249984 0.05 7128.08
0 2422 2 phononTS 0.00253296 3.5086 -3.51165 0.0373731 15891.2 0.00034743 1 0.107302 -0.250554 0.05 35031.5
0 2422 5 phononTF 0.0010059 0.107302 -0.250554 0.049999 35031.5 0.00034743 1 0.0577975 -0.210563 0.05 35093.7
0 2422 12 phononTF 0.000481561 0.0577975 -0.210563 0.049999 35093.7 0.00034743 1 0.101341 -0.210749 0.05 36413.1
0 2449 2 phononTF 0.00173142 3.0938 -1.22827 0.0138851 3471.61 0.00069486 1 -0.100453 -0.170239 0.05 6858.39
0 2454 5 phononTS 0.00112972 1.22243 -4.70978 -0.011508 14657.7 0.00069486 1 -0.0999459 -0.214807 0.05 20639.6
0 2454 4 phononTS 0.00103682 1.22243 -4.70978 -0.011508 14657.7 0.00034743 1 0.0967794 -0.191262 0.05 17176.4
0 2457 3 phononTS 0.00148055 1.72881 -1.60258 0.0436022 2675.78 0.00034743 1 -0.10625 -0.152692 0.05 35116.9
0 2479 3 phononTS 0.00207997 2.15435 -0.865494 0.0438627 2017.93 0.00034743 1 -0.046561 -0.140074 0.05 12213.7
0 2498 2 phononTF 0.00205023 3.13253 -0.951158 0.0158721 2120.47 0.00034743 1 0.0309411 -0.187353 0.05 10065.1
0 2505 3 phononL 0.00207255 3.16214 -0.627642 -0.00353642 22111.3 0.00034743 1 -0.0450304 -0.173001 0.05 40654.8
0 2509 2 phononTF 0.00222134 2.79949 -2.05664 0.0426861 1793.55 0.00034743 1 -0.0741225 -0.284216 0.05 8904.55
0 2509 5 phononTF 0.0014846 -0.0741225 -0.284216 0.049998 8904.55 0.00034743 1 0.0919904 -0.250086 0.05 86964.2
0 2520 3 phononTS 0.0028698 2.49748 -0.471008 -0.0146883 4783.75 0.00104229 1 -0.0988993 -0.14273 0.05 18390.8
0 2528 4 phononTF 0.00123817 2.14781 -2.26576 -0.0138468 4178.54 0.00034743 1 -0.0207578 -0.226188 0.05 44317.3
0 2528 7 phononTS 0.000882685 -0.0207578 -0.226188 0.049998 44317.3 0.00034743 1 -0.0204425 -0.223792 0.05 44373.4
0 2528 9 phononTS 0.000437718 -0.0204425 -0.223792 0.049998 44373.4 0.00034743 1 -0.107078 -0.178321 0.05 44462
0 2529 2 phononTF 0.00216168 3.70503 -2.76879 0.00792392 1762.18 0.00069486 1 0.0548859 -0.253798 0.05 100298
0 2543 5 phononTS 0.00128238 1.836 -4.83065 0.0291467 3655.22 0.00069486 1 -0.111171 -0.183516 0.05 19115.5
0 2553 2 phononTS 0.00148972 2.77253 -1.64039 0.0121491 8227.1 0.00034743 1 0.0610258 -0.225392 0.05 36810.3
0 2556 5 phononL 0.001473 1.41463 -4.01918 0.023823 16703.5 0.00034743 1 0.0929449 -0.147304 0.05 29449.7
0 2581 2 phononTS 0.00156217 2.9282 -3.44247 0.0257683 16442.1 0.00034743 1 0.0933396 -0.185405 0.05 27296.5
0 2581 5 phononTF 0.000628943 0.0933396 -0.185405 0.049999 27296.5 0.00034743 1 0.0915932 -0.167461 0.05 27469.8
0 2639 4 phononTS 0.00102115 1.10129 -0.808731 -0.00602398 16660.1 0.00034743 1 0.0323962 -0.247926 0.05 27293.1
0 2666 5 phononTF 0.00132934 -2.68897 -0.905358 0.0335788 39308.4 0.00104229 1 0.0769049 -0.189079 0.05 48637.7
0 2675 6 phononL 0.00127001 2.04805 -4.22167 0.0425691 45609.1 0.00069486 1 0.107106 -0.219526 0.05 146133
0 2722 3 phononTS 0.00211026 2.0334 -2.08331 0.0483319 1177.94 0.00034743 1 -0.0708963 -0.217079 0.05 11361.7
0 2771 2 phononTS 0.0024406 2.50981 -3.05685 0.0422549 3570.15 0.00069486 1 -0.0751721 -0.258153 0.05 65467.8
0 2771 4 phononTS 0.00105955 -0.0751721 -0.258153 0.049999 65467.8 0.00034743 1 -0.081882 -0.251131 0.05 65526.1
0 2774 2 phononTS 0.000809714 1.32267 -1.22442 0.0348664 13652.4 0.00034743 1 -0.0331555 -0.0998266 0.05 74118.7
0 2781 3 phononTS 0.00210462 2.78235 -0.929468 0.0309812 2373.79 0.00034743 1 0.104593 -0.185108 0.05 44157.4
0 2807 2 phononTS 0.00102404 2.19831 -3.78384 -0.0249872 2127.8 0.00034743 1 0.0892913 -0.142944 0.05 6402.34
0 2845 2 phononTS 0.00213844 2.11045 -2.4907 0.0453575 2415.44 0.00034743 1 0.058845 -0.155175 0.05 4778.01
0 2845 5 phononTS 0.00138003 0.058845 -0.155175 0.049999 4778.01 0.00069486 1 -0.0396629 -0.209207 0.05 4921.34
0 2887 3 phononTF 0.00148539 1.92854 -3.48033 0.0108171 5125.42 0.00034743 1 -0.0363983 -0.299332 0.05 45708.4
0 2956 3 phononTS 0.00306184 3.12521 -0.925414 0.0482353 2315.74 0.00138972 1 -0.114325 -0.229391 0.05 15580.3
0 2999 3 phononL 0.00191938 3.44773 -2.73232 -0.0169275 2505.84 0.00069486 1 0.0646124 -0.23999 0.05 11452.5
0 2999 2 phononL 0.00208062 3.44773 -2.73232 -0.0169275 2505.84 0.00069486 1 -0.067554 -0.276764 0.05 6793.88
0 3098 3 phononTS 0.00184385 1.82791 -2.42782 -0.0265872 4036.55 0.00069486 1 0.0829251 -0.236139 0.05 39226.9
0 3141 3 phononL 0.0023872 3.91844 0.228693 0.0100178 11750.2 0.00104229 1 -0.0230533 -0.180442 0.05 60804.5
0 3141 6 phononTS 0.000381924 -0.0230533 -0.180442 0.049999 60804.5 0.00034743 1 -0.0951779 -0.205449 0.05 60970.2
0 3154 3 phononL 0.00155131 3.49133 -1.32151 0.0100141 8224.52 0.00069486 1 0.0528927 -0.111309 0.05 65998.4
0 3170 3 phononTS 0.00150149 2.72194 -2.10293 0.0117436 390.397 0.00034743 1 -0.0764474 -0.286752 0.05 9999.48
0 3173 2 phononTF 0.00165606 2.93323 -2.81886 0.014793 3696.17 0.00034743 1 -0.0405476 -0.201824 0.05 25352.5
0 3217 2 phononTF 0.00147247 2.81805 -2.89022 0.0436989 5224.83 0.00034743 1 -0.0383028 -0.180001 0.05 98829.9
0 3217 4 phononTF 0.000880913 -0.0383028 -0.180001 0.049999 98829.9 0.00034743 1 -0.038191 -0.122699 0.05 214049
0 3223 4 phononTS 0.00115177 4.34492 -0.925371 0.0157495 30484.4 0.00034743 1 -0.0276316 -0.256946 0.05 139411
0 3259 3 phononL 0.00209078 1.38231 -0.23582 0.0377167 5679.73 0.00034743 1 0.0442404 -0.207588 0.05 29369.9
0 3345 3 phononTS 0.000989751 1.6971 -3.1042 0.0224192 14116.4 0.00034743 1 0.0448909 -0.141039 0.05 39132.5
0 3359 3 phononTF 0.000789837 2.9767 0.0661836 0.049999 3665.8 0.00034743 1 -0.0763106 -0.13676 0.05 11891
0 3370 6 phononTS 0.00144993 -3.05827 -4.91174 0.0221909 62330.7 0.00069486 1 0.0173296 -0.218787 0.05 70186.2
0 3379 2 phononTS 0.00129114 2.77805 -2.23271 0.0276083 103.288 0.00069486 1 -0.0448222 -0.278536 0.05 38518.5
0 3394 3 phononL 0.00278083 1.68791 -2.44624 -0.00271157 5693.66 0.00069486 1 0.110759 -0.21461 0.05 18861.3
0 3394 5 phononTS 0.000456015 0.110759 -0.21461 0.049999 18861.3 0.00034743 1 0.0805386 -0.229121 0.05 19058.1
0 3407 2 phononTS 0.00180855 2.90349 -1.61027 0.0403577 4180.49 0.00069486 1 -0.0623317 -0.170269 0.05 24477.8
0 3415 4 phononTS 0.000898354 -0.979633 0.903982 -0.0120815 15109.8 0.00034743 1 -0.0356245 -0.146905 0.05 21014.7
0 3417 2 phononTF 0.00193249 3.34556 -2.19916 -0.0435429 661.075 0.00069486 1 0.0577578 -0.272195 0.05 21424.1
0 3417 4 phononTF 0.000466847 0.0577578 -0.272195 0.049999 21424.1 0.00034743 1 -0.0436183 -0.277475 0.05 33625
0 3454 3 phononTS 0.00183235 1.03489 -1.72095 -0.02347 7669.44 0.00069486 1 0.0962806 -0.22869 0.05 15004.5
0 3454 2 phononTS 0.00216765 1.03489 -1.72095 -0.02347 7669.44 0.00034743 1 -0.0909317 -0.151772 0.05 15080.9
0 3478 3 phononTS 0.00207585 2.74718 -2.38273 -0.0450384 281.46 0.00034743 1 0.0482761 -0.11991 0.05 17838.6
0 3501 3 phononTS 0.00183781 2.32153 -1.83887 0.0230445 3941.95 0.00069486 1 0.0869764 -0.229648 0.05 10864.7
0 3501 4 phononL 0.000570401 0.0869764 -0.229648 0.049999 10864.7 0.00034743 1 0.108757 -0.180424 0.05 11314.1
0 3504 3 phononTS 0.00284995 2.91361 -2.10491 -0.0325991 2853.19 0.00034743 1 -0.0863478 -0.197728 0.05 25607.4
0 3504 5 phononTS 0.00181405 -0.0863478 -0.197728 0.049999 25607.4 0.00034743 1 -0.114413 -0.170969 0.05 25672.3
0 3539 2 phononL 0.00140895 2.33999 -3.0594 0.0326389 2213.68 0.00034743 1 0.0659021 -0.166936 0.05 8618.67
0 3555 5 phononTS 0.00085882 4.65643 -0.988841 0.00375964 18666 0.00034743 1 0.0938812 -0.171292 0.05 28320.9
0 3555 7 phononTS 0.000461994 0.0938812 -0.171292 0.049998 28320.9 0.00034743 1 0.105499 -0.200805 0.05 28385.7
0 3596 4 phononL 0.000839532 4.50797 0.469861 -0.040134 9248.23 0.00034743 1 0.0984621 -0.259411 0.05 14425.6
0 3606 3 phononTS 0.0017748 3.48762 -1.70151 -0.00890285 9943.28 0.00069486 1 0.0395529 -0.134325 0.05 71641.3
0 3622 2 phononTS 0.000846635 2.33068 -1.88794 0.000400597 4627.26 0.00034743 1 0.120616 -0.196281 0.05 64195.8
0 3645 3 phononL 0.0022175 2.45223 -2.26355 0.0276064 258.861 0.00069486 1 0.0824906 -0.218436 0.05 16187.8
0 3645 2 phononTS 0.0017825 2.45223 -2.26355 0.0276064 258.861 0.00069486 1 -0.0511095 -0.138213 0.05 45152.6
0 3645 18 phononTS 0.000866031 -0.0511095 -0.138213 0.049999 45152.6 0.00034743 1 -0.0356487 -0.135623 0.05 45209.7
0 3657 3 phononTS 0.00168371 2.71409 -2.57413 0.0368168 985.311 0.00104229 1 -0.0281467 -0.249136 0.05 82519.1
0 3660 2 phononTF 0.00190932 2.38097 -2.46996 0.0138014 149.395 0.00034743 1 -0.0282339 -0.250123 0.05 27147.5
0 3669 2 phononTF 0.00171962 3.1099 -2.25065 -0.0287011 8690.23 0.00034743 1 -0.0466293 -0.100711 0.05 29480.3
0 3752 3 phononTS 0.00220204 2.30113 -2.65007 -0.0334299 625.04 0.00034743 1 -0.0245152 -0.249765 0.05 18405.2
0 3772 2 phononTS 0.00304253 1.01917 -1.67815 0.0419701 8256.32 0.00034743 1 -0.0451639 -0.294558 0.05 9773.56
0 3778 2 phononTF 0.000742531 2.53326 -1.82182 0.0385489 1951.89 0.00034743 1 -0.0452716 -0.16978 0.05 78998.9
0 3814 3 phononTS 0.00212826 0.452038 -2.00345 0.00718577 7886.72 0.00069486 1 0.0335717 -0.268505 0.05 44721.4
0 3823 3 phononTS 0.00124816 0.445493 -2.77922 0.042767 9679.43 0.00069486 1 0.109032 -0.225521 0.05 67660.6
0 3836 2 phononTF 0.00132918 3.31401 -2.97778 0.0432326 3173.12 0.00034743 1 0.0747184 -0.21545 0.05 23270.7
0 3836 6 phononTF 0.000882432 0.0747184 -0.21545 0.049999 23270.7 0.00034743 1 0.0245639 -0.174836 0.05 23415.5
0 3898 3 phononTF 0.00200181 3.29394 -2.18708 -0.000275625 2897.88 0.00034743 1 0.0662093 -0.273622 0.05 22783.1
0 3931 2 phononTF 0.00213966 1.86548 -2.15857 0.0131344 10628.6 0.00069486 1 0.0447344 -0.177525 0.05 18259.2
0 3943 3 phononTS 0.00199454 2.83142 -2.04663 0.0412604 879.842 0.00034743 1 0.117296 -0.206518 0.05 12967.1
0 4017 3 phononTS 0.00256766 1.74444 -2.01982 0.0226589 1923.67 0.00069486 1 -0.0449913 -0.217026 0.05 18399.1
0 4031 2 phononTF 0.00072006 4.23543 -3.53853 0.00481446 5008.07 0.00034743 1 0.0510639 -0.287862 0.05 16146
0 4065 2 phononTF 0.001533 2.7322 -2.05926 -0.0359257 660.818 0.00104229 1 -0.0882613 -0.226516 0.05 16885.7
0 4100 3 phononL 0.00118245 2.79406 -2.18348 0.0105447 163.064 0.00034743 1 0.0484031 -0.264631 0.05 11380.8
0 4114 5 phononTF 0.00135749 0.523077 -2.99377 0.0184196 24699.5 0.00034743 1 -0.0372494 -0.227193 0.05 28369.6
0 4114 6 phononTF 0.000432122 -0.0372494 -0.227193 0.049999 28369.6 0.00034743 1 -0.0541295 -0.145416 0.05 29349.1
0 4119 2 phononTF 0.00209655 2.41105 -2.56793 -0.0486476 2156.68 0.00034743 1 0.0807989 -0.140025 0.05 39293.5
0 4123 4 phononTF 0.000888664 2.79329 0.29721 -0.012378 27512.5 0.00034743 1 -0.058823 -0.185592 0.05 37543.1
0 4133 2 phononTS 0.00177379 4.06116 -3.30014 0.00605658 2232.63 0.00034743 1 0.11652 -0.196289 0.05 94522.6
0 4133 5 phononL 0.000647467 0.11652 -0.196289 0.049999 94522.6 0.00034743 1 -0.0371522 -0.126043 0.05 99534.7
0 4152 1 phononTS 0.004 2.75 -2.25 0 0 0.00069486 1 0.0301157 -0.296495 0.05 12286
0 4152 5 phononTS 0.00236186 0.0301157 -0.296495 0.049999 12286 0.00034743 1 0.0322498 -0.270066 0.05 12318.1
0 4161 2 phononTS 0.00131576 2.88007 -1.36535 0.0121689 1935.79 0.00034743 1 0.0427818 -0.272097 0.05 12059.9
0 4161 6 phononTS 0.000698477 0.0427818 -0.272097 0.049999 12059.9 0.00034743 1 0.041667 -0.129453 0.05 12220.9
0 4163 7 phononL 0.00131488 0.821946 -0.546419 0.00724568 15197.7 0.00034743 1 0.0438876 -0.174266 0.05 15736.5
0 4170 3 phononTS 0.00117215 2.7477 -2.25162 -0.00198777 0.629918 0.00034743 1 -0.0937075 -0.202938 0.05 5374.14
0 4170 4 phononTS 0.000573988 -0.0937075 -0.202938 0.049999 5374.14 0.00034743 1 0.0812133 -0.235092 0.05 5979.57
0 4199 2 phononL 0.00189566 1.50234 -2.5564 0.0367548 11373.1 0.00034743 1 -0.0587919 -0.273592 0.05 98796.6
0 4199 5 phononTS 0.0007189 -0.0587919 -0.273592 0.049998 98796.6 0.00034743 1 -0.0759396 -0.236085 0.05 98858.6
0 4207 4 phononTS 0.00165962 3.17285 -2.35298 -0.0310455 2680.53 0.00034743 1 -0.0244361 -0.219315 0.05 37017.8
0 4225 2 phononL 0.00178693 2.74284 -2.26925 0.043765 86.9655 0.00034743 1 -0.0945584 -0.216439 0.05 8253.1
0 4316 3 phononTF 0.00237955 3.42807 -2.01049 0.0253743 1666.52 0.00069486 1 0.0759992 -0.177335 0.05 6526.91
0 4324 2 phononL 0.00172504 1.9205 -2.51739 -0.00429898 14812.5 0.00069486 1 -0.0899085 -0.269504 0.05 38687.6
0 4341 2 phononTS 0.00156433 3.12551 -0.858485 0.0280686 2414.49 0.00069486 1 0.0513546 -0.104068 0.05 12466.6
0 4401 3 phononTS 0.00265631 2.45449 -2.04736 0.0221843 1358.41 0.00104229 1 -0.0499227 -0.238624 0.05 12009.2
0 4416 3 phononL 0.00287982 2.87003 -2.3657 0.0301885 4715.54 0.00104229 1 0.0757739 -0.12456 0.05 22554.1
0 4464 2 phononTS 0.00180663 0.857399 -3.63826 0.0150019 9736.45 0.00034743 1 0.0214341 -0.263411 0.05 34226.8
0 4472 5 phononTF 0.00125463 -0.423107 -2.29605 -0.0499033 22261.3 0.00069486 1 -0.0617247 -0.283754 0.05 30115.4
0 4482 3 phononTS 0.00149047 1.74134 -1.19238 -0.031373 12787.4 0.00069486 1 0.110405 -0.21839 0.05 13833.5
0 4490 4 phononTS 0.00146052 0.823068 -0.795589 -0.0494381 39154.8 0.00034743 1 0.0820908 -0.210106 0.05 40027.1
0 4496 3 phononTF 0.00152802 2.36961 -1.89236 -0.00340345 8880.17 0.00069486 1 0.0325524 -0.159625 0.05 93545.7
0 4503 3 phononTS 0.00176533 2.4843 -2.57182 -0.0188565 2019.3 0.00034743 1 0.11863 -0.200238 0.05 18877.4
0 4503 5 phononTS 0.000952364 0.11863 -0.200238 0.049999 18877.4 0.00034743 1 0.0701073 -0.135489 0.05 20355.2
0 4510 4 phononTF 0.00200151 -1.50223 -0.180774 0.028257 21978.6 0.00034743 1 0.0367489 -0.170762 0.05 116347
0 4510 7 phononTS 0.000587823 0.0367489 -0.170762 0.049999 116347 0.00034743 1 -0.0429518 -0.113935 0.05 116967
0 4511 2 phononTS 0.00270743 2.72904 -3.10564 -0.0478659 779.909 0.00034743 1 -0.0603968 -0.274702 0.05 16277.2
0 4575 3 phononTF 0.00252218 2.36579 -0.505946 -0.0229752 2965.93 0.00069486 1 0.0453803 -0.227164 0.05 48413.4
0 4608 2 phononTS 0.00225868 3.95241 -0.735062 0.0415077 3008.96 0.00069486 1 -0.104374 -0.197919 0.05 19056.1
0 4639 3 phononTS 0.00170107 2.74767 -3.19521 0.0125777 310.538 0.00034743 1 0.092833 -0.199244 0.05 8410.31
0 4650 3 phononL 0.00195719 2.94206 -2.61672 -0.000371075 629.96 0.00034743 1 0.0474568 -0.23547 0.05 36665.6
0 4693 3 phononTS 0.00309708 1.99974 -2.77452 0.0431823 6349.28 0.00104229 1 -0.0393471 -0.168513 0.05 23975.4
0 4705 4 phononTS 0.000586403 -1.75978 -0.779315 -0.0367136 42031.8 0.00034743 1 0.0598614 -0.140669 0.05 71471
0 4711 2 phononTS 0.000820135 0.794948 -1.72963 0.00671593 5881.88 0.00034743 1 -0.0789275 -0.242275 0.05 26059.7
0 4718 2 phononL 0.00214141 0.544617 -4.94941 -9.74776e-05 5900.1 0.00034743 1 0.0909991 -0.162609 0.05 43609.2
0 4742 3 phononTF 0.00214046 4.04794 -4.63198 -0.0212336 11547.8 0.00034743 1 -0.0646183 -0.105224 0.05 45563.8
0 4747 2 phononTF 0.00227377 3.7957 -1.56172 0.00455393 4279.53 0.00138972 1 -0.0225491 -0.17747 0.05 84185.2
0 4748 3 phononTF 0.00192426 1.88211 -1.97887 0.00356238 3741.03 0.00034743 1 -0.0191606 -0.178277 0.05 6719.49
0 4748 4 phononTF 0.000775485 -0.0191606 -0.178277 0.049999 6719.49 0.00034743 1 -0.0798637 -0.136975 0.05 6782.72
0 4767 2 phononTS 0.00228552 2.91711 -1.2057 0.0144094 1237.44 0.00069486 1 -0.0642506 -0.220968 0.05 53415.3
0 4769 3 phononTS 0.00249697 2.96818 -1.67339 -0.00862469 621.497 0.00104229 1 0.0664428 -0.227205 0.05 28810.1
0 4789 2 phononTF 0.00158846 1.08274 -2.05509 0.0148031 2372.11 0.00034743 1 -0.0178254 -0.171351 0.05 67448.7
0 4796 3 phononTF 0.00247012 1.39822 -1.65143 0.030776 3566.61 0.00069486 1 -0.110576 -0.181302 0.05 16632.4
0 4796 8 phononTS 0.000990959 -0.110576 -0.181302 0.049998 16632.4 0.00034743 1 0.10655 -0.207797 0.05 18798.7
0 4798 2 phononTF 0.00150731 3.05492 -2.08565 -0.0277525 609.106 0.00069486 1 -0.0239374 -0.12231 0.05 41598.3
0 4798 7 phononL 0.000568395 -0.0239374 -0.12231 0.049999 41598.3 0.00034743 1 -0.0994166 -0.227879 0.05 42119
0 4815 2 phononL 0.00206005 3.4486 -2.77704 -0.0267513 1315.2 0.00069486 1 0.0884481 -0.196185 0.05 9353.67
0 4831 2 phononTS 0.00252646 3.07313 -1.13079 -0.0222655 3567.76 0.00104229 1 0.0459364 -0.232399 0.05 60153.9
0 4831 9 phononTF 0.000384138 0.0459364 -0.232399 0.049999 60153.9 0.00034743 1 0.0753123 -0.210289 0.05 60213.6
0 4847 3 phononTF 0.00203268 2.6765 -1.93332 0.038259 363.116 0.00034743 1 -0.0827361 -0.261355 0.05 18486.3
0 4899 2 phononTS 0.00237102 2.51392 -2.42619 -0.0248793 3872.75 0.00034743 1 0.032867 -0.188746 0.05 12812.9
0 4905 3 phononL 0.00251563 1.42813 -2.52581 -0.00224729 9806.24 0.00034743 1 -0.0595804 -0.231714 0.05 71918.6
0 4905 5 phononTF 0.00058069 -0.0595804 -0.231714 0.049999 71918.6 0.00034743 1 -0.0262532 -0.246945 0.05 71992.8
0 4905 4 phononTS 0.00110609 -0.0595804 -0.231714 0.049999 71918.6 0.00034743 1 0.045745 -0.13421 0.05 72007.1
0 4941 3 phononTS 0.00187082 2.67171 -2.00773 -0.00899202 830.142 0.00034743 1 -0.0817728 -0.262581 0.05 44310.4
0 4967 4 phononTS 0.000412324 0.127055 0.0896955 0.049999 15849.5 0.00034743 1 -0.0429231 -0.139805 0.05 16033.2
0 4972 2 phononTF 0.00184314 3.0411 -2.28058 0.030208 759.283 0.00069486 1 -0.0670042 -0.208379 0.05 111870
0 4998 3 phononTF 0.00159574 2.8297 -2.22013 -0.0313424 24.3254 0.00034743 1 0.0134928 -0.204253 0.05 5924.2
0 4998 4 phononTF 0.000369059 0.0134928 -0.204253 0.049999 5924.2 0.00034743 1 -0.0554852 -0.106689 0.05 6398.36
