Run ID,Event ID,Track ID,Particle Name,Start Energy [eV],Start X [mm],Start Y [mm],Start Z [mm],Start Time [ns],Energy Deposited [eV],Track Weight,End X [mm],End Y [mm],End Z [mm],Final Time [ns],Volume Name
0 38 3 phononL 0.00135057 0.674103 -3.12062 -0.00520455 6805.57 0.00034743 1 -0.0307396 -0.229187 0.05 45071
0 59 2 phononTS 0.00317447 0.39669 -4.49075 0.0484456 707.462 0.00104229 1 0.0428387 -0.296397 0.05 13436.2
0 136 2 phononTS 0.00179777 1.69064 -4.59298 0.0234945 8269.4 0.00104229 1 -0.100536 -0.139102 0.05 88040.1
0 168 3 phononTS 0.00102455 0.501949 -4.73135 -0.0354056 6273.23 0.00034743 1 0.0889537 -0.242987 0.05 58443.6
0 192 3 phononTF 0.00090225 0.186358 -2.96397 -0.0492061 1878.63 0.00034743 1 0.0626565 -0.144787 0.05 93018.8
0 192 4 phononTF 0.000478684 0.0626565 -0.144787 0.049999 93018.8 0.00034743 1 -0.083084 -0.209852 0.05 93169
0 196 3 phononL 0.0022663 0.772653 -4.42757 -0.0141269 508.828 0.00034743 1 0.0627912 -0.118008 0.05 3510.11
0 196 5 phononTS 0.00036927 0.0627912 -0.118008 0.049999 3510.11 0.00034743 1 -0.0417414 -0.139079 0.05 3592.72
0 275 5 phononTF 0.00184766 -1.11809 -1.93722 0.0482204 8113.27 0.00069486 1 0.0488631 -0.260916 0.05 27810.1
0 287 3 phononTF 0.00209938 1.2436 -3.76732 -0.00902226 2934.47 0.00034743 1 -0.083971 -0.242251 0.05 12946.8
0 316 4 phononL 0.00126295 2.21781 -3.58702 0.0342644 19080 0.00069486 1 0.0500426 -0.128241 0.05 40842.1
0 328 2 phononTS 0.00173484 0.753136 -2.77436 0.0213366 10767.8 0.00069486 1 0.0855303 -0.253187 0.05 16772
0 356 2 phononTS 0.00158417 3.34532 -1.62062 0.0399002 14777.6 0.00069486 1 0.01898 -0.233098 0.05 38290
0 362 3 phononL 0.00245858 1.04223 -4.25701 0.0232395 5610.87 0.00069486 1 -0.038882 -0.288471 0.05 57823.7
0 362 6 phononTS 0.000662004 -0.038882 -0.288471 0.049999 57823.7 0.00034743 1 -0.07132 -0.166529 0.05 57911
0 364 3 phononTF 0.00181657 0.598779 -4.58567 -0.00172809 372.139 0.00104229 1 -0.08641 -0.201967 0.05 54516.4
0 368 3 phononL 0.0021879 -0.880286 -3.60497 0.0103129 6085.03 0.00138972 1 -0.101345 -0.159298 0.05 69870.6
0 375 2 phononL 0.00131299 1.58684 -3.81019 -0.0133835 2626.55 0.00034743 1 -0.070207 -0.236581 0.05 28239.1
0 393 4 phononTS 0.000635846 0.689599 -3.62477 0.0256577 1502.82 0.00034743 1 0.0981473 -0.171012 0.05 67140.2
0 421 2 phononL 0.00206594 0.434148 -4.64011 0.0119854 1928.32 0.00069486 1 0.0624434 -0.234507 0.05 16946.8
0 451 3 phononTF 0.00168182 0.9045 -4.78113 -0.00724379 97.4037 0.00034743 1 -0.0580096 -0.259208 0.05 5234.11
0 501 3 phononTF 0.00219313 -0.172035 -0.311555 0.00527565 9234.05 0.00104229 1 0.0392198 -0.235701 0.05 9736.69
0 512 5 phononTF 0.00170426 0.949282 -4.41758 -0.0232913 1226.56 0.00034743 1 0.103552 -0.185703 0.05 19253.8
0 512 7 phononTF 0.00115113 0.103552 -0.185703 0.049999 19253.8 0.00034743 1 -0.033455 -0.147748 0.05 19331.6
0 537 3 phononTF 0.00170261 0.670446 -4.68545 0.0310486 120.596 0.00034743 1 0.0626523 -0.263814 0.05 4412.57
0 540 2 phononTS 0.00214237 -0.273758 -4.73264 -0.000586149 2199.22 0.00034743 1 0.0391884 -0.175715 0.05 10596
0 544 4 phononTS 0.00127003 1.76491 -2.94327 0.00302073 20730.8 0.00034743 1 0.052466 -0.114229 0.05 30950
0 550 4 phononTF 0.00130558 1.7173 -4.23585 -0.0220179 7741.8 0.00034743 1 -0.0840918 -0.164041 0.05 65118.8
0 648 4 phononTS 0.0023023 2.83146 -2.11087 0.000279564 10229.9 0.00034743 1 0.0130724 -0.190064 0.05 23492.1
0 658 3 phononTF 0.00143259 0.114274 -2.54473 0.0217768 7691.73 0.00104229 1 -0.0568839 -0.215184 0.05 11707.1
0 690 3 phononL 0.00182154 -0.378277 -4.04124 -0.0433037 12531.3 0.00069486 1 -0.0180706 -0.215299 0.05 38486.9
0 708 5 phononL 0.00103207 -1.71257 -2.08353 -0.0432595 50508.7 0.00034743 1 0.0278756 -0.278811 0.05 54365.3
0 721 2 phononL 0.0016037 0.894994 -4.56305 0.0465512 373.836 0.00069486 1 -0.0298484 -0.277186 0.05 63657.5
0 724 3 phononTS 0.00180767 -1.192 -4.99443 -0.0486812 4659.13 0.00069486 1 0.0250832 -0.262228 0.05 64101.5
0 748 3 phononTS 0.00210271 -2.69744 -2.80211 -0.0157107 18680.4 0.00034743 1 0.0906833 -0.151734 0.05 29418.2
0 748 4 phononTS 0.00105169 0.0906833 -0.151734 0.049999 29418.2 0.00034743 1 -0.0612018 -0.194736 0.05 29788.3
0 748 2 phononL 0.00189729 -2.69744 -2.80211 -0.0157107 18680.4 0.00034743 1 0.0446411 -0.17755 0.05 81800.4
0 748 15 phononL 0.000353933 0.0446411 -0.17755 0.049999 81800.4 0.00034743 1 -0.026312 -0.177935 0.05 81851.5
0 784 3 phononTS 0.00272053 1.31907 -4.34348 0.0267242 960.106 0.00069486 1 0.0850078 -0.276664 0.05 100258
0 784 4 phononTS 0.00101587 0.0850078 -0.276664 0.049999 100258 0.00034743 1 0.0233879 -0.19786 0.05 100427
0 790 3 phononTF 0.00175813 -0.182972 -4.60747 -0.0310875 3283.65 0.00034743 1 -0.0432324 -0.111085 0.05 18087.9
0 839 3 phononL 0.00188674 0.810258 -4.97406 0.0321292 604.084 0.00069486 1 -0.0926279 -0.132319 0.05 52643.8
0 857 3 phononL 0.00291706 0.444121 -3.13637 0.027919 9431.82 0.00069486 1 0.0680943 -0.15185 0.05 24856.7
0 857 10 phononTS 0.000633135 0.0680943 -0.15185 0.049999 24856.7 0.00034743 1 0.0518451 -0.179173 0.05 25734.2
0 857 8 phononTS 0.00035137 0.0680943 -0.15185 0.049999 24856.7 0.00034743 1 0.0194946 -0.207516 0.05 24931
0 901 2 phononTF 0.0020218 0.593254 -4.72722 0.0192818 332.82 0.00069486 1 -0.070507 -0.291612 0.05 18443.5
0 927 2 phononTS 0.00217171 0.560902 -4.70556 0.0189016 136.186 0.00069486 1 -0.0704561 -0.280648 0.05 17813.4
0 936 3 phononTS 0.00173267 0.780545 -4.58675 -0.0264752 204.92 0.00034743 1 0.0344343 -0.295192 0.05 9986.31
0 952 3 phononTF 0.00247656 -0.0328509 -4.1528 0.00704889 8063.06 0.00034743 1 0.0417086 -0.283258 0.05 21242.4
0 998 2 phononTF 0.00262268 0.824477 -4.70468 -0.0148217 982.363 0.00069486 1 0.0693254 -0.234073 0.05 11529.8
0 1006 3 phononL 0.00260496 1.94602 -4.02862 -0.0227459 18912.9 0.00069486 1 -0.0862462 -0.273535 0.05 28866.7
0 1013 3 phononTF 0.00143686 -0.806022 -4.5435 0.000509554 2308.14 0.00034743 1 -0.0780375 -0.125813 0.05 18362.8
0 1086 4 phononTF 0.000796321 0.328461 -4.41887 0.000870533 1540.91 0.00034743 1 -0.0828513 -0.282068 0.05 50873.2
0 1092 3 phononTS 0.00110711 1.49441 -4.88134 0.0257083 1529.42 0.00034743 1 -0.0762433 -0.146628 0.05 20573.7
0 1225 3 phononTF 0.00156138 0.632255 -4.86978 -0.0158514 1478.11 0.00034743 1 -0.081958 -0.193433 0.05 20381.4
0 1234 3 phononTF 0.00290226 0.289461 -4.15659 0.00455214 15794.7 0.00069486 1 -0.11284 -0.237902 0.05 22069.1
0 1234 6 phononTS 0.000845184 -0.11284 -0.237902 0.049999 22069.1 0.00034743 1 -0.107868 -0.214588 0.05 22193.9
0 1254 3 phononTS 0.00233648 0.808877 -4.98801 -0.040272 10461.9 0.00034743 1 0.0812076 -0.282511 0.05 24027.6
0 1254 4 phononTS 0.000387542 0.0812076 -0.282511 0.049999 24027.6 0.00034743 1 0.0626572 -0.282434 0.05 24089.2
0 1257 3 phononTF 0.00197971 -2.67055 -4.27659 0.00468312 18341.7 0.00069486 1 -0.0276349 -0.16339 0.05 30604
0 1294 2 phononTF 0.00119073 0.627261 -4.70099 -0.0111851 4592.76 0.00069486 1 -0.0406912 -0.29031 0.05 76190.5
0 1296 5 phononTF 0.000717384 0.609515 -2.37865 -0.0155939 17588.9 0.00034743 1 -0.0443048 -0.264427 0.05 20504.5
0 1354 4 phononTS 0.000691811 4.2433 -0.539955 0.0435875 18254.8 0.00034743 1 0.077993 -0.221874 0.05 44393.2
0 1379 2 phononL 0.00143946 0.825522 -4.7561 -0.0419217 122.112 0.00069486 1 -0.035026 -0.179111 0.05 49617.5
0 1392 4 phononTF 0.00122689 3.73357 -2.53251 0.0478805 16377 0.00034743 1 0.0778298 -0.22325 0.05 25515.4
0 1392 2 phononTS 0.001424 0.666674 -4.40478 -0.0214138 879.922 0.00069486 1 0.0987153 -0.255697 0.05 6861.43
0 1400 2 phononTF 0.00288423 0.97128 -4.95551 0.0114413 1450.93 0.00034743 1 -0.0782641 -0.213655 0.05 31795.4
0 1400 4 phononL 0.00227772 -0.0782641 -0.213655 0.049999 31795.4 0.00104229 1 0.103748 -0.217663 0.05 51074.3
0 1400 14 phononTS 0.000397719 0.103748 -0.217663 0.049999 51074.3 0.00034743 1 0.0874796 -0.197523 0.05 52903.9
0 1422 4 phononTF 0.00152913 2.01199 -3.35553 -0.0124024 73236.9 0.00034743 1 0.0213831 -0.254867 0.05 136980
0 1422 8 phononTS 0.000964798 0.0213831 -0.254867 0.049999 136980 0.00034743 1 -0.0239133 -0.232059 0.05 137043
0 1460 2 phononTF 0.000920238 -0.0410304 -4.24826 0.00617176 4135 0.00034743 1 0.0704028 -0.232364 0.05 149884
0 1506 2 phononTS 0.00127016 1.00213 -4.73471 -0.0465008 4773.75 0.00034743 1 0.101289 -0.161882 0.05 18491.1
0 1527 3 phononTS 0.00130609 0.658957 -4.39386 -0.0269831 1263.99 0.00034743 1 -0.0516222 -0.205796 0.05 83924.2
0 1527 4 phononL 0.000865513 -0.0516222 -0.205796 0.049999 83924.2 0.00034743 1 0.07007 -0.257429 0.05 84239
0 1553 3 phononTF 0.00179412 0.977387 -4.74548 -0.0336811 211.563 0.00104229 1 0.0375952 -0.127763 0.05 16884.5
0 1555 3 phononL 0.00272682 0.883851 -4.41432 0.0298711 2319.03 0.00104229 1 0.0953024 -0.14797 0.05 31018.9
0 1591 3 phononTS 0.00133722 0.822928 -3.50819 -0.0438644 5274.39 0.00034743 1 -0.0936239 -0.25444 0.05 18479
0 1599 3 phononTS 0.0017562 0.671843 -4.71062 0.0481576 508.678 0.00069486 1 0.0190589 -0.217989 0.05 11146
0 1641 2 phononTF 0.00167857 0.456476 -4.63028 0.0427269 481.49 0.00034743 1 -0.0773658 -0.245079 0.05 2069.17
0 1641 6 phononTF 0.000606136 -0.0773658 -0.245079 0.049999 2069.17 0.00034743 1 -0.0273624 -0.275785 0.05 4058.55
0 1650 3 phononTF 0.00212865 1.35301 -4.95389 -0.020778 512.379 0.00034743 1 0.0384386 -0.13889 0.05 27441.8
0 1650 8 phononTF 0.000414473 0.0384386 -0.13889 0.049999 27441.8 0.00034743 1 -0.0079683 -0.19903 0.05 27560.1
0 1650 4 phononTF 0.000399554 0.0384386 -0.13889 0.049999 27441.8 0.00034743 1 0.0436013 -0.130637 0.05 27523.6
0 1652 2 phononTS 0.00240176 0.70191 -4.13751 0.035862 4015.42 0.00104229 1 0.028717 -0.279907 0.05 24703
0 1682 5 phononTS 0.00103445 -0.131065 -1.33813 0.0235807 12677.5 0.00069486 1 0.0926281 -0.204707 0.05 28078.9
0 1719 3 phononTS 0.00167075 -1.48369 -2.31603 0.0180948 15238.9 0.00034743 1 0.0390566 -0.11278 0.05 99116.4
0 1752 5 phononTS 0.00133605 -4.82823 -4.69074 -0.0197037 28384.9 0.00069486 1 -0.0487486 -0.301743 0.05 35707
0 1768 3 phononTS 0.00257372 -0.101583 -4.5366 -0.0352265 3969.55 0.00034743 1 0.0310726 -0.184289 0.05 29045.2
0 1768 6 phononTS 0.00133073 0.0310726 -0.184289 0.049999 29045.2 0.00034743 1 0.0148008 -0.16737 0.05 29107.7
0 1778 1 phononL 0.004 0.75 -4.75 0 0 0.00034743 1 -0.084081 -0.279003 0.05 19381.3
0 1797 3 phononTS 0.0021067 0.437346 -4.99491 0.00198313 5165.64 0.00104229 1 -0.0887024 -0.255698 0.05 44738.3
0 1806 2 phononTS 0.00241239 1.81443 -4.95361 -0.0257043 9564.37 0.00069486 1 0.107471 -0.178896 0.05 44688.1
0 1806 4 phononTS 0.000499308 0.107471 -0.178896 0.049999 44688.1 0.00034743 1 0.10262 -0.148749 0.05 44749.8
0 1820 4 phononTS 0.00196648 0.906492 -4.45383 0.0302124 14274.8 0.00034743 1 -0.0513312 -0.241065 0.05 33664.2
0 1862 2 phononTF 0.00161768 1.41776 -4.36405 -0.00555504 2943.16 0.00034743 1 0.0288248 -0.290733 0.05 44254.2
0 1870 2 phononTS 0.00241975 -1.42489 -4.04827 -0.0348181 32653.5 0.00069486 1 -0.0190242 -0.207349 0.05 69964.9
0 1873 2 phononTS 0.00122583 0.897634 -4.80094 -0.00954921 69.9211 0.00034743 1 -0.103824 -0.196354 0.05 22485
0 1892 2 phononTF 0.00158234 0.215493 -4.48677 0.00913164 3215.47 0.00069486 1 -0.103609 -0.2261 0.05 125519
0 1906 3 phononTF 0.00237696 0.758132 -4.7785 0.00641076 6.04047 0.00104229 1 -0.0832107 -0.217533 0.05 20992.4
0 1906 12 phononTS 0.00050216 -0.0832107 -0.217533 0.049999 20992.4 0.00034743 1 -0.0388336 -0.111302 0.05 21075.3
0 1928 2 phononTF 0.0014491 1.39041 -4.96351 0.0440053 488.323 0.00069486 1 -0.0439038 -0.269089 0.05 16179.3
0 1936 3 phononTF 0.00118756 0.735786 -4.88918 0.0129769 971.576 0.00034743 1 -0.107537 -0.236918 0.05 57133.9
0 1936 5 phononTS 0.000741165 -0.107537 -0.236918 0.049999 57133.9 0.00034743 1 -0.0843139 -0.125989 0.05 57219.2
0 1964 2 phononTS 0.00214588 -0.579163 -2.56105 -0.018428 16327 0.00034743 1 -0.0621622 -0.290287 0.05 76691.9
0 1964 4 phononTS 0.000726831 -0.0621622 -0.290287 0.049998 76691.9 0.00069486 1 -0.033791 -0.255541 0.05 76757.4
0 1972 2 phononTS 0.00140347 -1.3026 -3.20611 -0.0217282 3829.27 0.00069486 1 0.0455893 -0.182395 0.05 14759.4
0 1982 3 phononTF 0.00126065 -0.418843 -4.16413 0.0495997 12503.9 0.00069486 1 -0.0676329 -0.166059 0.05 68985.7
0 1987 2 phononTS 0.00227775 -0.391308 -4.45599 -0.0267279 1103.19 0.00069486 1 -0.0165391 -0.230812 0.05 11342.9
0 2005 2 phononL 0.00198332 0.842538 -4.90594 0.0371369 35.3603 0.00069486 1 0.0192444 -0.247971 0.05 21173.8
0 2049 5 phononTF 0.00189512 -2.91071 -3.05726 0.0466418 13971.4 0.00034743 1 -0.0383474 -0.293259 0.05 27742.5
0 2049 7 phononTF 0.0011875 -0.0383474 -0.293259 0.049999 27742.5 0.00034743 1 -0.048084 -0.18447 0.05 28563.2
0 2073 2 phononTS 0.00136365 0.721931 -4.78585 -0.00649311 8.64681 0.00069486 1 -0.101343 -0.164148 0.05 71542.5
0 2084 3 phononTF 0.0025133 1.54211 -4.8905 0.0350144 9588.45 0.00104229 1 -0.0342174 -0.247073 0.05 19155.9
0 2084 12 phononL 0.000358967 -0.0342174 -0.247073 0.049999 19155.9 0.00034743 1 -0.0943017 -0.247193 0.05 20534.5
0 2199 3 phononTS 0.00233643 -0.0661975 -4.8345 -0.018462 7811.55 0.00104229 1 -0.0408361 -0.277551 0.05 32975.9
0 2252 3 phononTF 0.00206585 0.894023 -4.79461 -0.0470032 1708.2 0.00069486 1 0.111461 -0.21637 0.05 43924.5
0 2310 3 phononTS 0.00228338 -0.521996 -4.65506 0.0387906 2654.56 0.00034743 1 0.0492307 -0.226774 0.05 15817.9
0 2310 7 phononL 0.000622928 0.0492307 -0.226774 0.049999 15817.9 0.00034743 1 -0.0999663 -0.177142 0.05 18067.5
0 2310 6 phononTS 0.00127455 0.0492307 -0.226774 0.049999 15817.9 0.00034743 1 0.0779981 -0.262662 0.05 15881
0 2318 2 phononTS 0.00248928 0.494829 -4.74204 -0.0422067 13069.3 0.00104229 1 0.0380804 -0.158414 0.05 31238.5
0 2318 4 phononTF 0.000549574 0.0380804 -0.158414 0.049999 31238.5 0.00034743 1 0.0197678 -0.180183 0.05 67307.5
0 2330 2 phononL 0.00162089 1.96197 -3.95591 0.0462525 16145.2 0.00069486 1 0.0470987 -0.276133 0.05 25740.9
0 2333 2 phononTS 0.00254405 0.468846 -4.71549 -0.0382096 1549.33 0.00034743 1 -0.0491369 -0.271015 0.05 25878.5
0 2367 2 phononTF 0.00176915 -0.17583 -3.65694 0.00654525 9618.75 0.00069486 1 0.0423804 -0.158296 0.05 29187.9
0 2406 2 phononTF 0.00132652 1.48354 -4.46573 0.0134523 18233.9 0.00034743 1 0.061803 -0.200217 0.05 44041
0 2406 5 phononTS 0.000474132 0.061803 -0.200217 0.049999 44041 0.00034743 1 0.0503778 -0.17016 0.05 44126.7
0 2406 4 phononL 0.000353292 0.061803 -0.200217 0.049999 44041 0.00034743 1 0.0912277 -0.190588 0.05 44459.1
0 2506 3 phononL 0.00128575 -0.193934 -3.05828 -0.0330568 5458.45 0.00069486 1 0.0352782 -0.134973 0.05 107646
0 2509 3 phononTS 0.00153058 0.607095 -4.79428 -0.0466285 175.859 0.00034743 1 0.113232 -0.175498 0.05 64870.7
0 2546 2 phononTS 0.00218147 0.812698 -4.15138 0.0161984 4291.49 0.00034743 1 -0.0976304 -0.189302 0.05 15679.1
0 2571 3 phononTS 0.00284228 0.416381 -4.80847 0.0333391 1497.31 0.00138972 1 0.0433084 -0.23465 0.05 22970.5
0 2573 2 phononTS 0.00244064 -0.316606 -3.75012 0.0255714 13459.7 0.00069486 1 -0.0789462 -0.174304 0.05 43489
0 2573 10 phononTS 0.000916278 -0.0789462 -0.174304 0.049999 43489 0.00034743 1 -0.0439686 -0.177928 0.05 43550
0 2573 17 phononTS 0.000357313 -0.0439686 -0.177928 0.049999 43550 0.00034743 1 0.0892698 -0.158896 0.05 43636
0 2576 2 phononTS 0.000948603 1.36022 -3.6742 0.0280717 1976.49 0.00034743 1 -0.0774422 -0.218943 0.05 22111.8
0 2622 2 phononTF 0.00123578 1.07722 -4.13618 0.017841 843.394 0.00069486 1 0.0855798 -0.23561 0.05 64559.3
0 2634 3 phononTF 0.00234273 0.185134 -2.87054 -0.0189698 4472.19 0.00034743 1 -0.0530137 -0.170833 0.05 33472.1
0 2634 7 phononTS 0.000824498 -0.0530137 -0.170833 0.049999 33472.1 0.00034743 1 -0.0526228 -0.274339 0.05 33744.7
0 2637 2 phononTS 0.000562411 0.885115 -4.7695 0.0189286 267.218 0.00034743 1 -0.0665029 -0.199797 0.05 23169.4
0 2644 2 phononTF 0.00220563 -0.439 -3.49586 0.0149691 4961.49 0.00034743 1 0.0957463 -0.161315 0.05 36312.1
0 2676 3 phononTS 0.00229193 0.549952 -4.87407 0.013872 203.781 0.00034743 1 0.0802496 -0.208354 0.05 12077.4
0 2693 3 phononTS 0.00231995 -0.523875 -4.03416 0.0221118 8507.78 0.00104229 1 -0.0929474 -0.180628 0.05 44786.7
0 2719 2 phononTS 0.00220646 0.748686 -4.74789 0.00129221 0.519454 0.00069486 1 0.0526329 -0.260983 0.05 23624.4
0 2734 3 phononTF 0.00218288 0.61922 -4.64942 -0.0107894 2411.26 0.00034743 1 -0.0919913 -0.196743 0.05 33729.1
0 2758 3 phononTF 0.00209813 0.603014 -4.79975 -0.0251743 10842.1 0.00069486 1 0.105908 -0.190756 0.05 36710.4
0 2775 2 phononTF 0.00137942 0.824228 -4.75509 0.00159442 15.2752 0.00034743 1 -0.0600531 -0.162508 0.05 58396.1
0 2777 2 phononL 0.00178943 0.755666 -4.97417 0.0263684 1325.74 0.00069486 1 -0.069769 -0.242294 0.05 14220.4
0 2778 3 phononTS 0.00137643 1.71618 -3.93276 0.0171825 8118.36 0.00069486 1 -0.0567394 -0.195658 0.05 30425.8
0 2814 5 phononTS 0.00106095 -4.42527 1.04977 -0.0322547 33498.7 0.00034743 1 0.0604471 -0.170427 0.05 80476.9
0 2824 3 phononTS 0.00221287 0.992146 -3.90252 0.0073118 10348.1 0.00104229 1 -0.0545055 -0.25535 0.05 66323.5
0 2894 2 phononTF 0.00277483 0.967719 -3.06182 0.0342198 3311.43 0.00104229 1 -0.043592 -0.196564 0.05 16890.2
0 2909 6 phononTF 0.00113337 -0.851208 -0.0627882 0.0462463 19465.9 0.00034743 1 0.075116 -0.12657 0.05 21380.6
0 2921 2 phononL 0.0020306 0.55839 -4.08933 0.0356265 1959.34 0.00104229 1 0.0475367 -0.118281 0.05 10481.1
0 2933 3 phononTF 0.00223613 1.93449 -4.84575 -0.0291951 21971.7 0.00069486 1 0.0925559 -0.227089 0.05 58987.7
0 2938 4 phononTF 0.00127651 0.43019 -3.09668 -0.023601 17307.9 0.00069486 1 0.092516 -0.207485 0.05 92629.3
0 2966 3 phononTS 0.00174864 0.441155 -4.78613 0.00362759 3076.98 0.00069486 1 -0.0455783 -0.107768 0.05 11444.5
0 2976 3 phononTS 0.00167764 -0.183395 -4.91406 -0.000958236 14631.4 0.00069486 1 0.0747528 -0.232467 0.05 30455.3
0 2981 4 phononTS 0.00142193 3.16571 0.635027 -0.0305078 60900.5 0.00034743 1 -0.032272 -0.274204 0.05 127001
0 3024 4 phononTF 0.00133548 1.37256 -4.13037 -0.0332613 31231.3 0.00034743 1 0.0236243 -0.258745 0.05 38824.5
0 3024 7 phononTF 0.000566613 0.0236243 -0.258745 0.049999 38824.5 0.00034743 1 -0.104453 -0.222065 0.05 38914
0 3037 3 phononTS 0.00245426 -3.25554 -4.00917 0.0498043 20688 0.00034743 1 0.0504997 -0.299498 0.05 51865.8
0 3040 4 phononTS 0.00089086 2.81704 -4.98107 0.0428735 13917.7 0.00034743 1 0.019539 -0.18365 0.05 64703.7
0 3049 3 phononTF 0.00183213 0.535164 -3.818 0.0137849 2364.35 0.00034743 1 0.0431336 -0.273868 0.05 16980.4
0 3063 3 phononTF 0.00221602 1.27445 -4.39777 0.0156714 2918.42 0.00138972 1 -0.086282 -0.199753 0.05 14155.1
0 3096 2 phononL 0.00248717 0.721668 -4.74562 -0.00747215 5.95047 0.00034743 1 -0.04185 -0.280783 0.05 15473.2
0 3105 4 phononTF 0.00141899 -2.63466 4.97757 -0.0441864 43295 0.00034743 1 -0.0420805 -0.116662 0.05 45314.8
0 3129 2 phononTS 0.00163451 1.23605 -4.29049 0.0204909 17949.9 0.00034743 1 -0.013961 -0.179059 0.05 60647.9
0 3186 4 phononTF 0.00140628 -0.25833 -2.77841 0.0410942 6623.56 0.00069486 1 -0.0986928 -0.139327 0.05 60118.1
0 3252 2 phononTS 0.00239733 0.0330305 -4.649 -0.0270374 2378.36 0.00034743 1 -0.0338907 -0.255905 0.05 15899.7
0 3252 4 phononTF 0.00135357 -0.0338907 -0.255905 0.049999 15899.7 0.00034743 1 -0.0422995 -0.223226 0.05 16191.6
0 3254 3 phononTS 0.00123044 0.721897 -4.99203 -0.00853143 1422.11 0.00034743 1 -0.0312219 -0.170158 0.05 11587.7
0 3254 4 phononTF 0.000633255 -0.0312219 -0.170158 0.049999 11587.7 0.00034743 1 -0.0577481 -0.256325 0.05 11723.6
0 3317 4 phononL 0.00201294 2.62123 -2.89542 -0.0162443 22323.4 0.00034743 1 0.106392 -0.190846 0.05 48690.1
0 3317 6 phononTS 0.00125594 0.106392 -0.190846 0.049999 48690.1 0.00069486 1 -0.0356226 -0.14133 0.05 48785.3
0 3328 2 phononTF 0.00069142 1.69879 -4.972 0.0286074 8041.59 0.00034743 1 0.0312344 -0.121798 0.05 12504.8
0 3346 3 phononTF 0.00211743 -0.448442 -4.48945 0.000694026 6360.12 0.00034743 1 -0.083501 -0.26177 0.05 34236.9
0 3382 2 phononTS 0.0021793 0.243921 -4.94119 0.0347259 9682.45 0.00104229 1 0.0658388 -0.255106 0.05 15882.8
0 3382 13 phononTF 0.000741244 0.0658388 -0.255106 0.049999 15882.8 0.00034743 1 -0.0386256 -0.303254 0.05 15955.5
0 3402 3 phononTF 0.00195682 0.424851 -4.77519 -0.024122 6480.44 0.00034743 1 0.0276751 -0.122474 0.05 81104.9
0 3422 2 phononL 0.00172373 0.599831 -4.40332 0.0137991 1386.46 0.00034743 1 -0.0333581 -0.177556 0.05 39701.6
0 3422 6 phononTF 0.00134101 -0.0333581 -0.177556 0.049999 39701.6 0.00069486 1 0.0609925 -0.131396 0.05 45909.6
0 3428 3 phononTF 0.00242496 0.632295 -2.49391 0.0266058 7291.89 0.00069486 1 0.0637273 -0.204488 0.05 20915.8
0 3459 5 phononTS 0.00176248 1.69425 -4.27899 -0.00932326 39687.1 0.00034743 1 0.0222154 -0.205772 0.05 53914.2
0 3459 7 phononTS 0.000409538 0.0222154 -0.205772 0.049999 53914.2 0.00034743 1 -0.0619623 -0.171631 0.05 54052.2
0 3459 6 phononTS 0.000804196 0.0222154 -0.205772 0.049999 53914.2 0.00034743 1 -0.0428918 -0.152393 0.05 53987.5
0 3488 2 phononTS 0.00212959 0.49046 -4.54099 0.0454525 4993.23 0.00034743 1 -0.0523142 -0.128464 0.05 45833.1
0 3500 2 phononTF 0.00205686 1.73139 -4.69849 -0.0164037 3934.47 0.00069486 1 0.0364605 -0.231357 0.05 14004.9
0 3500 8 phononTS 0.000412785 0.0364605 -0.231357 0.049999 14004.9 0.00034743 1 0.0411799 -0.152566 0.05 14276.4
0 3544 2 phononTF 0.00193501 3.45818 -4.63306 -0.0498283 11179.2 0.00034743 1 -0.112849 -0.20245 0.05 60752.4
0 3560 3 phononTS 0.00274482 0.0676322 -4.04851 -0.00935573 7306.54 0.00034743 1 -0.064606 -0.239586 0.05 11154.8
0 3569 2 phononTF 0.00240788 -0.0263964 -3.92155 -0.043654 5483.29 0.00069486 1 -0.112496 -0.169165 0.05 9322.16
0 3597 7 phononTS 0.000784331 1.70849 2.81156 -0.0170298 62366.8 0.00034743 1 -0.0989288 -0.246686 0.05 68267.2
0 3605 3 phononTS 0.00226322 0.805069 -4.46344 0.0314692 3225.21 0.00034743 1 0.11216 -0.221058 0.05 16791.5
0 3605 8 phononTF 0.000596183 0.11216 -0.221058 0.049999 16791.5 0.00034743 1 0.0353828 -0.240887 0.05 17004.8
0 3654 3 phononL 0.00190686 0.319032 -1.44912 -0.00324211 11323.4 0.00034743 1 -0.0559284 -0.14092 0.05 23468.8
0 3654 5 phononTS 0.000584878 -0.0559284 -0.14092 0.049999 23468.8 0.00034743 1 -0.0906253 -0.178113 0.05 23709.9
0 3654 4 phononTS 0.000543587 -0.0559284 -0.14092 0.049999 23468.8 0.00034743 1 -0.0371168 -0.116952 0.05 23532.1
0 3654 2 phononTF 0.00209314 0.319032 -1.44912 -0.00324211 11323.4 0.00069486 1 -0.0361031 -0.180494 0.05 15636.9
0 3654 18 phononTS 0.00110199 -0.0361031 -0.180494 0.049999 15636.9 0.00034743 1 0.0874315 -0.203186 0.05 15833.3
0 3679 2 phononTF 0.00138343 1.22286 -4.69773 0.00555737 9182.99 0.00034743 1 -0.067054 -0.234339 0.05 58091.8
0 3697 3 phononL 0.00244938 0.63183 -4.51317 0.0155914 1356.11 0.00069486 1 0.108346 -0.175439 0.05 15396.4
0 3697 6 phononTS 0.00100336 0.108346 -0.175439 0.049999 15396.4 0.00069486 1 -0.0762147 -0.152779 0.05 15908.5
0 3721 3 phononTS 0.00101448 0.782196 -2.97029 0.0275893 6298.81 0.00034743 1 -0.0800169 -0.252606 0.05 37996
0 3721 4 phononTF 0.000631075 -0.0800169 -0.252606 0.049999 37996 0.00034743 1 -0.0671844 -0.147408 0.05 38070.5
0 3744 2 phononTF 0.00235533 1.18209 -3.98255 0.00964227 2821.46 0.00034743 1 0.0438584 -0.203886 0.05 35815.5
0 3744 4 phononTS 0.000639688 0.0438584 -0.203886 0.049999 35815.5 0.00034743 1 0.101038 -0.262354 0.05 40182.2
0 3761 3 phononTS 0.00175147 1.49262 -4.03471 -0.0328286 7057.17 0.00034743 1 -0.0358109 -0.189894 0.05 133549
0 3771 2 phononTF 0.00116535 -1.47625 -3.78944 -0.0165268 5154.25 0.00034743 1 0.0577228 -0.139438 0.05 15112.2
0 3826 2 phononTS 0.00180991 0.589563 -4.4886 -0.0286163 326.046 0.00034743 1 0.0260111 -0.197723 0.05 12111
0 3891 2 phononTF 0.00175682 0.843588 -4.88887 -0.0495738 177.812 0.00034743 1 0.0781202 -0.216048 0.05 4194.45
0 3893 2 phononTF 0.00212518 -0.149015 -3.35846 -0.0426773 7678 0.00034743 1 -0.028511 -0.216862 0.05 22830.6
0 3893 6 phononTS 0.000802748 -0.028511 -0.216862 0.049999 22830.6 0.00034743 1 0.0530151 -0.264109 0.05 22908.1
0 3910 4 phononTS 0.00127967 1.42893 4.00178 -0.0424017 29298.9 0.00034743 1 0.0455951 -0.162333 0.05 60409.2
0 3910 6 phononTS 0.000408756 0.0455951 -0.162333 0.049999 60409.2 0.00034743 1 0.0932249 -0.209296 0.05 61676.7
0 3911 3 phononTS 0.00154591 1.48587 -4.91682 -0.0126373 14341.3 0.00069486 1 0.109021 -0.162616 0.05 24419
0 3914 4 phononTF 0.00192201 0.801047 -4.79212 -0.0345542 4112.36 0.00069486 1 -0.0946479 -0.204545 0.05 15365.8
0 3914 9 phononTS 0.000897267 -0.0946479 -0.204545 0.049999 15365.8 0.00034743 1 -0.110218 -0.229111 0.05 15426.3
0 3929 3 phononTS 0.00214764 0.509765 -3.72872 0.042228 5347.4 0.00034743 1 -0.0770219 -0.200139 0.05 11548.6
0 3929 5 phononTS 0.000824855 -0.0770219 -0.200139 0.049999 11548.6 0.00034743 1 -0.0738509 -0.170738 0.05 11608.3
0 3946 3 phononTF 0.00145936 0.721286 -4.74124 0.0348563 17.0133 0.00069486 1 -0.0689238 -0.194514 0.05 3275.42
0 3946 14 phononTS 0.00122019 4.13754 -3.77895 0.0107063 13791 0.00034743 1 0.0629175 -0.290437 0.05 25557.3
0 3946 17 phononTF 0.000706722 0.0629175 -0.290437 0.049999 25557.3 0.00034743 1 0.0936678 -0.260311 0.05 25720.3
0 3954 5 phononTS 0.000539416 -0.266846 -1.61839 -0.0300651 11472.5 0.00034743 1 0.0606467 -0.165498 0.05 14100.6
0 3958 3 phononL 0.00170367 1.95582 -4.34364 0.0420529 958.615 0.00034743 1 -0.0622213 -0.263279 0.05 26818.5
0 3969 2 phononTS 0.00171077 0.694243 -4.52517 0.00511504 121.807 0.00104229 1 0.118236 -0.20621 0.05 1725.27
0 3992 6 phononTF 0.00146396 3.89811 -3.35821 -0.0257151 88677 0.00034743 1 -0.052053 -0.162562 0.05 137841
0 3997 4 phononTS 0.00174819 0.447807 0.152004 -0.0420558 36786.1 0.00034743 1 0.0777563 -0.252869 0.05 70631.6
0 3997 8 phononL 0.000932452 0.0777563 -0.252869 0.049998 70631.6 0.00034743 1 -0.0242501 -0.269177 0.05 71329.9
0 4018 3 phononTF 0.00197118 2.07236 -4.11983 0.0360125 4448.08 0.00034743 1 0.075351 -0.267557 0.05 14734.2
0 4046 2 phononTS 0.00121463 0.329461 -4.70638 -0.00401591 1734.57 0.00034743 1 -0.0258855 -0.157228 0.05 49934.5
0 4053 7 phononTF 0.0010484 3.7873 -4.53019 -0.0150522 15411 0.00034743 1 0.0353241 -0.244295 0.05 76418.4
0 4055 2 phononTF 0.000860434 0.924769 -4.82298 0.0466979 443.064 0.00034743 1 -0.0895735 -0.273365 0.05 44440
0 4069 2 phononTS 0.00214625 0.982985 -4.9953 0.0485232 2389.1 0.00034743 1 -0.0320767 -0.252566 0.05 51485.8
0 4123 2 phononL 0.00153573 1.2815 -4.42374 0.0134078 1044.94 0.00069486 1 -0.0128448 -0.188817 0.05 12293.1
0 4125 4 phononL 0.00130998 0.226853 -4.51358 -0.011241 1842.01 0.00034743 1 0.111192 -0.208763 0.05 6069.52
0 4125 7 phononTF 0.000746316 0.111192 -0.208763 0.049999 6069.52 0.00034743 1 -0.0453956 -0.127455 0.05 6156.57
0 4132 3 phononTS 0.00246459 4.13748 -3.4393 -0.026833 7098.05 0.00069486 1 -0.0292293 -0.168805 0.05 27315.6
0 4144 4 phononTS 0.00180434 2.01933 -0.0710004 0.00341841 11821.5 0.00104229 1 -0.0162875 -0.225789 0.05 28648.9
0 4157 2 phononTF 0.000866908 2.39043 -4.548 -0.00606055 6280.33 0.00034743 1 0.0442025 -0.235766 0.05 54831.5
0 4162 2 phononTS 0.00252018 1.89203 -3.20826 -0.0262709 3055.3 0.00104229 1 -0.102625 -0.18465 0.05 11108.3
0 4209 6 phononTS 0.0012447 0.502585 -2.11648 -0.0150862 54530.7 0.00069486 1 0.0982474 -0.195782 0.05 64607.8
0 4215 2 phononL 0.00201348 -0.125899 -3.62222 0.0395445 1977.39 0.00034743 1 -0.0349291 -0.199383 0.05 34320
0 4246 2 phononTS 0.00213228 0.950644 -4.06525 0.0255962 6456.1 0.00034743 1 0.0530303 -0.106316 0.05 38941.1
0 4252 2 phononTF 0.0014824 2.38725 -3.6742 0.0468695 8132.08 0.00069486 1 0.102303 -0.158238 0.05 11805.2
0 4254 5 phononTS 0.00118421 -1.71917 -0.4874 -0.0205097 20143.5 0.00034743 1 0.0639729 -0.225551 0.05 21926.3
0 4289 2 phononTS 0.00141704 0.137223 -4.91341 0.0271255 1310.82 0.00034743 1 -0.0433298 -0.250002 0.05 10506.3
0 4297 2 phononTS 0.0015873 -0.382669 -3.23667 0.0258089 9176.04 0.00069486 1 -0.0873121 -0.225588 0.05 17953.4
0 4313 3 phononTS 0.00281521 0.558023 -4.798 -0.043492 4044.14 0.00069486 1 0.0288116 -0.151857 0.05 36470.4
0 4327 2 phononTS 0.00235187 0.838936 -0.845424 -0.00361898 7643.05 0.00069486 1 0.0693473 -0.27117 0.05 13328.4
0 4336 2 phononTS 0.00284736 2.17081 -3.4105 0.0393949 7433.6 0.00034743 1 0.0244688 -0.193475 0.05 21064.8
0 4336 4 phononTF 0.00226965 0.0244688 -0.193475 0.049999 21064.8 0.00138972 1 0.0596386 -0.213358 0.05 21436.5
0 4402 2 phononTF 0.00273558 1.55796 -4.57231 0.0327301 3553.45 0.00034743 1 0.0496085 -0.149424 0.05 16139.5
0 4418 2 phononTS 0.00198634 0.780144 -4.77859 0.0120673 8.01648 0.00034743 1 0.0461967 -0.195062 0.05 55858.3
0 4422 5 phononTF 0.00103054 -2.22871 -0.196032 0.00267736 20343.6 0.00034743 1 0.0422272 -0.175884 0.05 22548.9
0 4422 7 phononTS 0.000446436 0.0422272 -0.175884 0.049999 22548.9 0.00034743 1 0.0513253 -0.188312 0.05 22815.1
0 4439 2 phononTS 0.00207517 0.498587 -4.12385 -0.0449223 648.957 0.00069486 1 -0.0833959 -0.242711 0.05 33587.7
0 4451 4 phononTS 0.00057964 -2.14001 -2.78358 0.0443825 9461.84 0.00034743 1 0.0720516 -0.159838 0.05 14533.9
0 4461 2 phononTS 0.00180763 -0.824971 -3.72622 0.0178926 14442.4 0.00034743 1 -0.0601301 -0.150458 0.05 51397.9
0 4479 5 phononTF 0.000978975 0.448233 -4.86426 0.015618 21583.6 0.00034743 1 -0.0598467 -0.197857 0.05 44387.8
0 4514 3 phononTF 0.00187821 1.46307 -4.45037 0.015536 2110.73 0.00034743 1 -0.0298789 -0.275826 0.05 30650
0 4526 3 phononTF 0.00203951 1.03937 -4.30679 -0.0395183 1139.89 0.00034743 1 0.0387169 -0.129476 0.05 14327.8
0 4526 5 phononTF 0.000651569 0.0387169 -0.129476 0.049999 14327.8 0.00034743 1 0.0786773 -0.272849 0.05 15707
0 4534 3 phononTF 0.00225186 0.170365 -4.77009 0.0238309 1821.52 0.00069486 1 0.0432302 -0.221036 0.05 6726.18
0 4541 2 phononL 0.00126173 -0.0938568 -4.15187 -0.0143283 4279.12 0.00034743 1 -0.0500466 -0.262272 0.05 27812.2
0 4541 6 phononTF 0.000408963 -0.0500466 -0.262272 0.049999 27812.2 0.00034743 1 0.0682632 -0.230815 0.05 27889.1
0 4547 3 phononTS 0.0019192 -1.93772 -3.6762 0.00271134 22199.3 0.00034743 1 -0.0143758 -0.17054 0.05 57688.8
0 4547 5 phononTS 0.000660558 -0.0143758 -0.17054 0.049999 57688.8 0.00034743 1 -0.0393935 -0.167551 0.05 57751.6
0 4547 4 phononTS 0.000498234 -0.0143758 -0.17054 0.049999 57688.8 0.00034743 1 0.0430197 -0.192706 0.05 58602.1
0 4557 5 phononTS 0.00106396 1.85339 -3.53104 -0.0328363 6614.56 0.00034743 1 -0.0287316 -0.111653 0.05 29476.7
0 4598 2 phononTF 0.00216373 1.38694 -4.8779 -0.0164914 5156.27 0.00034743 1 -0.0299029 -0.28591 0.05 9517.48
0 4601 2 phononTF 0.00227989 1.01536 -4.51959 0.000512413 622.928 0.00034743 1 -0.0385593 -0.245082 0.05 11792.4
0 4618 3 phononTF 0.00205992 -1.08927 -3.79419 0.00278356 11166.2 0.00034743 1 0.0556287 -0.259085 0.05 30569.2
0 4626 3 phononTS 0.00146242 3.57222 -4.80004 -0.00622981 9375.17 0.00034743 1 0.0184859 -0.15564 0.05 21767.5
0 4642 3 phononTF 0.0027515 1.58551 -4.3404 -0.0259689 9572.82 0.00104229 1 -0.0255496 -0.255828 0.05 22762.3
0 4642 9 phononTS 0.00067056 -0.0255496 -0.255828 0.049999 22762.3 0.00034743 1 -0.0299129 -0.239435 0.05 22821.6
0 4711 3 phononTF 0.00162926 1.37426 -4.20655 -0.0376895 9081.82 0.00034743 1 0.0692972 -0.287996 0.05 53666.9
0 4722 2 phononTS 0.00320647 1.17666 -3.73447 0.0468041 8722.68 0.00138972 1 0.0711527 -0.275615 0.05 15570.7
0 4832 2 phononTF 0.00115846 0.0970412 -4.53522 -0.000366986 378.168 0.00034743 1 -0.0508051 -0.146761 0.05 118579
0 4832 6 phononTF 0.000376499 -0.0508051 -0.146761 0.049999 118579 0.00034743 1 -0.025169 -0.184557 0.05 118638
0 4839 5 phononTF 0.00196266 3.78479 1.41935 -0.00229888 19407.2 0.00104229 1 -0.0468125 -0.129544 0.05 38754.1
0 4848 3 phononTS 0.00148111 1.64384 -4.17494 -0.000181294 6282.66 0.00034743 1 -0.0698811 -0.204683 0.05 16020
0 4880 2 phononTS 0.00168795 0.750158 -4.33347 -0.0450154 1662.62 0.00069486 1 -0.0399919 -0.179131 0.05 27135.9
0 4924 3 phononTS 0.00279074 0.413644 -1.99338 -0.00223248 17090.5 0.00069486 1 -0.114895 -0.167062 0.05 87998.2
0 4924 6 phononTS 0.0015206 -0.114895 -0.167062 0.049998 87998.2 0.00069486 1 -0.0809791 -0.124132 0.05 88200.7
0 4933 3 phononTF 0.00128082 0.978553 -4.504 -0.0241016 699.505 0.00034743 1 -0.100716 -0.198713 0.05 29587.4
0 4933 5 phononTS 0.000490271 -0.100716 -0.198713 0.049999 29587.4 0.00034743 1 -0.108105 -0.205647 0.05 29646.2
0 4933 14 phononTS 0.00195056 4.21224 -1.49505 0.00253391 22471.3 0.00069486 1 -0.092531 -0.148908 0.05 71810.6
0 4979 2 phononTS 0.00141331 0.788116 -4.83263 0.0408401 47.7152 0.00034743 1 0.0844548 -0.173245 0.05 10939.7
0 4979 8 phononTS 0.000912971 0.0844548 -0.173245 0.049998 10939.7 0.00034743 1 -0.0740801 -0.159844 0.05 11034.3
0 4979 12 phononTF 0.000409152 -0.0740801 -0.159844 0.049998 11034.3 0.00034743 1 -0.0772579 -0.287843 0.05 11488.3
0 4997 3 phononL 0.00166508 0.102805 -4.27779 -0.0059113 2395.5 0.00104229 1 0.0143319 -0.206715 0.05 44411.2
