Run ID,Event ID,Track ID,Particle Name,Start Energy [eV],Start X [mm],Start Y [mm],Start Z [mm],Start Time [ns],Energy Deposited [eV],Track Weight,End X [mm],End Y [mm],End Z [mm],Final Time [ns],Volume Name
0 61 5 phononTS 0.000893563 0.276214 -0.866018 0.0230362 25727.9 0.00034743 1 0.109309 -0.245042 0.05 27581.5
0 62 6 phononTS 0.00181458 3.17595 0.590156 0.00846273 11939.3 0.00034743 1 0.0677494 -0.216316 0.05 24768.4
0 76 2 phononTS 0.00214434 2.20819 2.85888 0.00061685 1575.13 0.00069486 1 -0.0195473 -0.216293 0.05 72572.9
0 76 10 phononTS 0.000368357 -0.0195473 -0.216293 0.049998 72572.9 0.00034743 1 -0.0204148 -0.18579 0.05 72791.6
0 89 4 phononTF 0.00175 0.887437 4.76611 0.0312697 6671.35 0.00069486 1 -0.0895972 -0.140744 0.05 15854.7
0 105 2 phononTS 0.00159511 2.01169 3.17691 0.0365856 1055.38 0.00034743 1 -0.104235 -0.204609 0.05 17412.5
0 111 2 phononTS 0.00181459 3.33255 4.21373 -0.0216114 6866.92 0.00069486 1 -0.0360926 -0.194568 0.05 34952.6
0 114 5 phononTS 0.00220606 1.47105 2.40743 -0.042692 22494.7 0.00034743 1 -0.110694 -0.180649 0.05 25778.1
0 114 6 phononTF 0.000409968 -0.110694 -0.180649 0.049999 25778.1 0.00034743 1 -0.076399 -0.2624 0.05 25842.5
0 120 5 phononL 0.00136012 1.74078 3.94282 0.0269205 2430.75 0.00034743 1 -0.0231407 -0.127266 0.05 36113.5
0 139 5 phononTS 0.00157592 2.80046 4.81136 0.0413138 15301.7 0.00034743 1 0.0461309 -0.122738 0.05 22590.7
0 153 3 phononTF 0.00117935 0.726312 2.32526 0.00314414 7954.47 0.00034743 1 0.0649128 -0.183958 0.05 42551.5
0 158 2 phononTS 0.00247214 3.17404 3.34133 -0.00197928 9986.95 0.00069486 1 -0.0536867 -0.269529 0.05 37615.8
0 224 2 phononL 0.00157044 2.53243 3.22541 0.0415732 622.571 0.00034743 1 -0.0953003 -0.133625 0.05 4656.48
0 236 5 phononL 0.00181434 2.50407 -0.0607137 0.0283398 35772.6 0.00034743 1 0.0958573 -0.149527 0.05 51501.9
0 282 2 phononTS 0.00227354 0.884032 3.37791 -0.00143845 13447.4 0.00138972 1 -0.11595 -0.209395 0.05 32385.1
0 290 5 phononL 0.00185286 2.48841 1.33237 -0.009421 40984 0.00069486 1 -0.0366123 -0.282375 0.05 74065.8
0 292 3 phononL 0.00287551 1.08125 1.46666 -0.0439989 5422.57 0.00034743 1 0.0357504 -0.294418 0.05 16788.6
0 363 3 phononTS 0.00279466 2.36866 2.54937 -0.0242133 6713.81 0.00138972 1 0.114768 -0.16616 0.05 20232.1
0 370 5 phononL 0.00144251 -0.261899 0.152766 0.0209144 6841.2 0.00034743 1 -0.068771 -0.199779 0.05 7278.91
0 384 3 phononTS 0.00145009 2.85568 3.77662 -0.00187899 2951.74 0.00034743 1 0.0397136 -0.23577 0.05 26649.1
0 384 5 phononTS 0.000928509 0.0397136 -0.23577 0.049999 26649.1 0.00034743 1 -0.0201655 -0.140526 0.05 26789.3
0 391 3 phononL 0.00125157 2.84158 4.1701 -0.0186332 8694.13 0.00069486 1 0.0783638 -0.281475 0.05 29054.8
0 459 2 phononTS 0.00164293 2.10359 3.58457 -0.026408 7399.29 0.00069486 1 -0.0539083 -0.231548 0.05 66866.6
0 467 4 phononTF 0.00108245 4.58639 1.72601 0.0351502 36754.9 0.00034743 1 0.0741959 -0.272937 0.05 64104.5
0 506 3 phononTS 0.00158241 2.98337 2.82638 -0.0297046 4357.94 0.00069486 1 -0.082455 -0.28004 0.05 70428.7
0 538 3 phononTS 0.00252718 3.33652 3.73326 -0.00555649 1928.99 0.00034743 1 -0.0472593 -0.232646 0.05 23497.1
0 553 2 phononL 0.00146281 3.93135 4.41126 -0.0297232 3011.98 0.00034743 1 -0.0746039 -0.277057 0.05 20679.2
0 585 2 phononTS 0.00196104 4.8448 4.38202 -0.0122791 5039.21 0.00034743 1 0.0696652 -0.205509 0.05 30334.1
0 605 2 phononTS 0.00213976 1.62655 3.95888 -0.032676 19840 0.00069486 1 0.043288 -0.21285 0.05 30275.6
0 718 3 phononTF 0.0022145 0.19386 4.49531 -0.0271719 11025.5 0.00034743 1 -0.0884868 -0.23888 0.05 36040
0 718 4 phononTS 0.00102938 -0.0884868 -0.23888 0.049999 36040 0.00069486 1 -0.0414678 -0.289616 0.05 36109.4
0 748 3 phononTS 0.00151445 -1.21652 2.54334 0.045167 16436.4 0.00034743 1 0.11899 -0.213562 0.05 18988.3
0 748 4 phononTS 0.000658014 0.11899 -0.213562 0.049999 18988.3 0.00034743 1 0.0250753 -0.163853 0.05 19070.1
0 767 2 phononTF 0.000777037 1.69509 4.55526 -0.0416954 7811.31 0.00034743 1 -0.0459559 -0.233599 0.05 25875.7
0 774 2 phononL 0.00197637 2.34385 3.33491 0.0453039 1084.34 0.00034743 1 0.10515 -0.241105 0.05 5257.57
0 780 2 phononL 0.00223503 1.94896 2.93153 0.045429 4965.14 0.00069486 1 -0.0419439 -0.197249 0.05 24378.2
0 822 2 phononTS 0.00199081 2.88611 2.89484 0.0485917 1064.4 0.00034743 1 0.102851 -0.235034 0.05 10457.6
0 822 5 phononL 0.000650071 0.102851 -0.235034 0.049999 10457.6 0.00034743 1 -0.0422316 -0.223411 0.05 10522.7
0 828 3 phononTS 0.00163352 1.32826 3.69599 -0.044482 3215.43 0.00034743 1 0.0756142 -0.280985 0.05 29840.5
0 834 3 phononTF 0.00257633 1.87052 3.21442 0.0207249 5039.33 0.00034743 1 -0.0250739 -0.23552 0.05 89266.7
0 847 4 phononTS 0.00114069 0.480077 3.19354 -0.0477756 4842.02 0.00034743 1 -0.101723 -0.196077 0.05 28103
0 933 5 phononTS 0.00113111 2.29242 2.22238 0.0297248 2360.73 0.00069486 1 0.0634615 -0.288022 0.05 82610.6
0 935 2 phononL 0.00169571 3.30014 4.50058 -0.0436563 9198.1 0.00069486 1 0.0502134 -0.248631 0.05 47862.3
0 942 2 phononL 0.00212825 1.56063 2.40288 -0.00130932 2113.03 0.00034743 1 -0.0597177 -0.130536 0.05 8044.82
0 963 2 phononTS 0.000558835 2.58757 3.24397 0.0389807 58.1479 0.00034743 1 0.0685206 -0.262141 0.05 7382.29
0 978 2 phononTS 0.00154081 2.45893 4.35554 -0.0455136 5452.13 0.00034743 1 -0.0516723 -0.119736 0.05 14184.4
0 980 3 phononTS 0.00285747 1.55481 3.56495 -0.0254264 1756.04 0.00069486 1 -0.0447583 -0.279846 0.05 44649.6
0 980 11 phononTS 0.000426685 -0.0447583 -0.279846 0.049999 44649.6 0.00034743 1 -0.0296143 -0.233753 0.05 44715.6
0 1047 2 phononTS 0.000905286 3.7623 3.08204 0.0350896 3833.24 0.00069486 1 -0.0511449 -0.206565 0.05 126704
0 1085 3 phononTF 0.00141096 4.63787 4.25573 -0.00218183 14992.6 0.00034743 1 -0.0894949 -0.236436 0.05 18882.5
0 1114 2 phononTF 0.00247697 1.24942 3.10303 0.0109569 3368.32 0.00069486 1 -0.0962036 -0.248025 0.05 17817.2
0 1114 8 phononTF 0.000428023 -0.0962036 -0.248025 0.049999 17817.2 0.00034743 1 0.0460249 -0.198619 0.05 18197.7
0 1208 2 phononTF 0.00133157 2.72734 3.2311 -0.0154768 2099.2 0.00034743 1 -0.0443043 -0.152592 0.05 18375.9
0 1214 2 phononL 0.00220049 3.97088 3.74062 -0.0201384 4921.7 0.00034743 1 -0.100933 -0.258636 0.05 16899
0 1214 7 phononL 0.000590143 -0.100933 -0.258636 0.049998 16899 0.00034743 1 -0.077733 -0.117087 0.05 18518.6
0 1227 2 phononTF 0.00155928 3.26792 3.00087 0.0294367 4392.19 0.00069486 1 -0.112277 -0.2418 0.05 29950.4
0 1269 3 phononTF 0.00279725 1.75357 1.6593 0.0498398 8052.17 0.00034743 1 -0.0791898 -0.239891 0.05 18335.3
0 1269 7 phononTF 0.000554372 -0.0791898 -0.239891 0.049999 18335.3 0.00034743 1 -0.0554488 -0.121742 0.05 18403.7
0 1278 3 phononTF 0.00182224 3.82687 3.7152 -0.0353801 6048.17 0.00069486 1 0.0634217 -0.119757 0.05 19393.4
0 1294 4 phononTF 0.00109186 -4.97867 2.91271 0.0324261 41509.9 0.00034743 1 -0.0687399 -0.147686 0.05 64874.4
0 1311 5 phononTS 0.000906979 -0.898499 1.36031 0.0162042 26618.3 0.00034743 1 0.0529815 -0.153427 0.05 62649.8
0 1322 3 phononTS 0.00196998 2.77523 1.64449 0.0285543 4857.32 0.00034743 1 0.0367128 -0.106918 0.05 27916
0 1358 2 phononTF 0.00192044 2.71522 3.6772 -0.00950857 1015.78 0.00034743 1 -0.10501 -0.25322 0.05 10229.4
0 1421 5 phononL 0.00054679 2.33336 0.10589 0.049999 10700.8 0.00034743 1 0.0670722 -0.247887 0.05 33236.6
0 1428 7 phononTS 0.000893315 1.81704 0.155015 -0.0157251 17641.4 0.00034743 1 0.0764313 -0.257428 0.05 105260
0 1452 2 phononL 0.0018936 1.02356 3.61753 0.0232569 1768.78 0.00034743 1 -0.115922 -0.230958 0.05 12156.2
0 1452 6 phononTS 0.0007247 -0.115922 -0.230958 0.049999 12156.2 0.00034743 1 -0.0356972 -0.216081 0.05 12501
0 1465 2 phononTS 0.00222969 2.98242 3.51213 0.0156162 799.169 0.00069486 1 -0.074205 -0.114643 0.05 5678.45
0 1465 4 phononTS 0.000653941 -0.074205 -0.114643 0.049999 5678.45 0.00034743 1 -0.0444129 -0.114742 0.05 5734.24
0 1480 2 phononTF 0.00166255 2.70581 3.81927 -0.0171563 1924.6 0.00069486 1 -0.0917077 -0.150419 0.05 12875.8
0 1534 5 phononTS 0.00143423 3.92469 0.266765 0.0312971 19560.3 0.00034743 1 0.0350074 -0.29417 0.05 73621.2
0 1542 3 phononTS 0.00248277 -0.418557 4.97678 -0.0403613 27324.2 0.00069486 1 -0.0370733 -0.295181 0.05 59621
0 1542 9 phononTF 0.000649671 -0.0370733 -0.295181 0.049999 59621 0.00034743 1 0.0526293 -0.260438 0.05 59695.8
0 1546 2 phononL 0.00201648 2.75134 3.21145 -0.0169968 30.3266 0.00034743 1 0.0490955 -0.0971048 0.05 22065.8
0 1546 4 phononL 0.0013788 0.0490955 -0.0971048 0.049998 22065.8 0.00069486 1 0.115213 -0.227244 0.05 22120
0 1599 5 phononTS 0.00115136 1.21771 3.65554 0.016021 38134.3 0.00034743 1 0.0551653 -0.122651 0.05 113823
0 1676 3 phononTF 0.00223532 2.6279 2.88623 -0.030918 5700.5 0.00034743 1 -0.0870087 -0.185916 0.05 40611.9
0 1681 5 phononL 0.001431 2.33342 4.37313 -0.0477234 6460.65 0.00069486 1 0.0793641 -0.234578 0.05 16551.4
0 1697 5 phononTF 0.000650338 -1.43184 -0.875485 0.0198084 16097.9 0.00034743 1 -0.065324 -0.243021 0.05 42392.3
0 1721 3 phononTS 0.00139307 2.25742 3.29587 -0.0109869 7067.91 0.00069486 1 -0.0896542 -0.124764 0.05 82387.1
0 1721 8 phononL 0.000392909 -0.0896542 -0.124764 0.049998 82387.1 0.00034743 1 -0.0726505 -0.238351 0.05 83212.6
0 1723 2 phononL 0.0020355 2.91795 2.84053 -0.0110179 390.265 0.00069486 1 -0.0700189 -0.160028 0.05 47908
0 1732 2 phononTS 0.00203016 4.29875 0.592108 -0.0358332 20573.4 0.00034743 1 0.0331765 -0.208926 0.05 23485.7
0 1732 7 phononTF 0.000527571 0.0331765 -0.208926 0.049999 23485.7 0.00034743 1 -0.0641184 -0.20115 0.05 23698.5
0 1755 2 phononTF 0.00164337 2.49868 2.13184 -0.0491753 7089.19 0.00069486 1 0.110238 -0.234329 0.05 69477.7
0 1755 6 phononTF 0.000921846 0.110238 -0.234329 0.049999 69477.7 0.00034743 1 0.0996768 -0.233669 0.05 69562.9
0 1758 4 phononTS 0.00187322 -1.0583 3.11613 0.0190889 13179.2 0.00034743 1 -0.0347231 -0.0986906 0.05 33748.7
0 1758 6 phononTS 0.000352123 -0.0347231 -0.0986906 0.049999 33748.7 0.00034743 1 -0.0502994 -0.190638 0.05 33838.9
0 1761 2 phononL 0.00144322 2.65922 3.09181 -0.0354217 1317.78 0.00034743 1 0.103634 -0.170227 0.05 15402.9
0 1779 6 phononTS 0.000982046 4.75203 0.136961 -0.0356148 40844.8 0.00034743 1 -0.0951405 -0.242943 0.05 132843
0 1780 5 phononTF 0.00122124 2.57918 0.651946 0.0204773 4999.11 0.00069486 1 -0.0329019 -0.111986 0.05 54673.6
0 1781 3 phononTS 0.00119517 3.37829 3.94054 0.00994832 6104.73 0.00034743 1 0.0891136 -0.194655 0.05 22144.3
0 1813 2 phononTF 0.00293984 3.15222 3.04317 0.0173603 1539.49 0.00034743 1 -0.105358 -0.155207 0.05 43899
0 1813 5 phononTF 0.000552368 -0.105358 -0.155207 0.049999 43899 0.00034743 1 -0.0853234 -0.154795 0.05 43970.3
0 1892 3 phononL 0.00257155 2.21442 1.53511 -0.0399018 13061.1 0.00034743 1 -0.0571795 -0.220777 0.05 92353.8
0 1892 4 phononTF 0.000911005 -0.0571795 -0.220777 0.049999 92353.8 0.00034743 1 -0.116503 -0.204083 0.05 92717.7
0 1898 3 phononTS 0.00265908 3.40033 1.77013 -0.0139497 5229.91 0.00138972 1 -0.0482884 -0.19494 0.05 12107.6
0 1924 4 phononTF 0.000974321 -3.39111 -0.067796 -0.0479224 91659.3 0.00069486 1 0.0269059 -0.193516 0.05 155429
0 1930 3 phononTF 0.00198616 2.47968 1.04658 0.0362388 3140.57 0.00104229 1 0.0316207 -0.288515 0.05 12262.5
0 1964 2 phononTS 0.0015197 3.5114 2.88522 0.00330207 18355.6 0.00069486 1 -0.0709695 -0.128686 0.05 25874.2
0 2008 3 phononL 0.00160193 4.80554 4.89553 0.0113039 4560.85 0.00034743 1 -0.0676361 -0.278159 0.05 123419
0 2008 7 phononTS 0.000426758 -0.0676361 -0.278159 0.049999 123419 0.00034743 1 -0.103065 -0.164606 0.05 124061
0 2020 5 phononTF 0.00161226 2.66873 -0.83557 -0.0276623 34369.1 0.00069486 1 -0.0469761 -0.234381 0.05 39382.8
0 2024 5 phononTS 0.00162023 1.55057 -0.125671 -0.0244342 7678.75 0.00034743 1 0.0204938 -0.210809 0.05 11781.7
0 2024 8 phononTF 0.00103418 0.0204938 -0.210809 0.049999 11781.7 0.00069486 1 0.0393992 -0.290856 0.05 11912
0 2032 2 phononTF 0.00156592 2.73539 3.26786 0.00848957 4.5505 0.00034743 1 0.0711828 -0.219316 0.05 62893.4
0 2034 5 phononTF 0.00131895 2.44715 3.79402 -0.000928047 23583.1 0.00034743 1 0.0988117 -0.230374 0.05 35100.5
0 2048 2 phononTF 0.00187796 3.22833 3.87821 -0.00580193 15079.3 0.00069486 1 -0.0730985 -0.255757 0.05 39809.5
0 2048 4 phononTF 0.000531501 -0.0730985 -0.255757 0.049999 39809.5 0.00034743 1 0.0905584 -0.159934 0.05 39901.5
0 2052 4 phononL 0.00145059 -1.48105 4.68795 0.0454203 48149 0.00069486 1 0.0490276 -0.13225 0.05 198876
0 2068 2 phononL 0.00159422 2.72397 3.37414 -0.030999 26.1512 0.00069486 1 -0.107392 -0.172918 0.05 24253.2
0 2078 5 phononTF 0.00138236 1.04652 0.248626 0.0356949 15807.2 0.00069486 1 0.0669819 -0.121793 0.05 37140
0 2123 3 phononL 0.00231585 4.13314 4.98695 -0.0163628 6722.28 0.00104229 1 0.0513346 -0.205325 0.05 57089
0 2128 3 phononL 0.00268177 3.4223 4.52359 0.0446496 6895.41 0.00034743 1 0.0751546 -0.198084 0.05 29312.8
0 2128 4 phononTF 0.00155197 0.0751546 -0.198084 0.049998 29312.8 0.00034743 1 -0.0847541 -0.201284 0.05 29388.7
0 2134 4 phononTF 0.0021129 1.64562 3.47364 0.0460715 3549.73 0.00034743 1 0.0767898 -0.128972 0.05 9153.45
0 2169 5 phononTF 0.00147471 -3.0446 1.69977 0.030185 31995.9 0.00069486 1 0.114 -0.237575 0.05 66505.6
0 2189 4 phononL 0.00167909 1.75291 4.81396 0.0242822 8106.17 0.00034743 1 -0.0962032 -0.187947 0.05 25054.1
0 2211 2 phononTS 0.00193143 4.67759 4.58171 0.0147838 12045.9 0.00034743 1 -0.0671676 -0.218514 0.05 22702.4
0 2253 2 phononTF 0.00111875 3.51573 3.72106 0.047398 2978.08 0.00034743 1 -0.0307345 -0.260061 0.05 29971.4
0 2256 2 phononTS 0.00280611 2.26132 3.9311 -0.0449703 4414.9 0.00034743 1 -0.0882091 -0.222808 0.05 20581.2
0 2264 2 phononL 0.0016406 3.54224 1.42155 -0.0194161 7854.13 0.00069486 1 -0.0502862 -0.177042 0.05 18582.5
0 2330 3 phononL 0.00164332 0.774268 2.26891 0.0288653 8850.63 0.00104229 1 -0.0360492 -0.118738 0.05 60159.3
0 2350 3 phononL 0.00213323 2.94427 4.10474 -0.000761833 22497.2 0.00034743 1 0.049711 -0.145677 0.05 59005.3
0 2350 5 phononL 0.00138228 0.049711 -0.145677 0.049999 59005.3 0.00069486 1 0.088824 -0.233834 0.05 63178.5
0 2373 2 phononL 0.00214589 2.65755 1.93188 0.0377867 3903.9 0.00034743 1 -0.0290336 -0.25908 0.05 7709.72
0 2373 4 phononTS 0.00140696 -0.0290336 -0.25908 0.049999 7709.72 0.00034743 1 0.0748597 -0.284621 0.05 7959.19
0 2378 2 phononL 0.0023669 2.3475 3.54119 0.0156529 854.124 0.00069486 1 -0.0776399 -0.250552 0.05 14766.3
0 2416 3 phononTF 0.00184196 2.05291 2.64422 -0.0332969 3909.04 0.00069486 1 0.0230217 -0.190702 0.05 40944.2
0 2416 6 phononTF 0.000433723 0.0230217 -0.190702 0.049999 40944.2 0.00034743 1 0.0327215 -0.132151 0.05 41005.8
0 2416 20 phononTS 0.0017575 4.68022 -1.3264 -0.0374528 21047.5 0.00069486 1 -0.0976681 -0.14893 0.05 97972.7
0 2472 5 phononL 0.00160769 3.51304 0.301409 -0.0158439 14119.5 0.00069486 1 0.0540998 -0.124109 0.05 31912.9
0 2493 5 phononTF 0.00174096 2.56883 0.369306 -0.0439782 17865.6 0.00034743 1 -0.0633295 -0.158924 0.05 50693.4
0 2503 2 phononTS 0.00256265 3.25012 1.64915 0.0499795 4016.08 0.00034743 1 -0.0608664 -0.16249 0.05 14232.4
0 2503 5 phononTF 0.00181067 -0.0608664 -0.16249 0.049999 14232.4 0.00034743 1 -0.111922 -0.165451 0.05 14523.4
0 2526 2 phononTF 0.00160135 3.01725 2.89153 0.0309428 3258.72 0.00034743 1 -0.0628951 -0.178544 0.05 6802.38
0 2549 3 phononTS 0.00205719 1.78077 2.62174 -0.0322745 1825.57 0.00034743 1 -0.0458132 -0.108747 0.05 28540.1
0 2567 3 phononTF 0.00249016 2.86254 3.29767 0.0252652 233.226 0.00069486 1 -0.0279162 -0.125469 0.05 16138.4
0 2572 2 phononL 0.00160642 4.05942 4.06923 -0.0432955 12156.5 0.00034743 1 -0.0632344 -0.122573 0.05 47472.4
0 2617 2 phononTS 0.00120342 0.368944 2.85085 0.0387771 8450.84 0.00034743 1 0.0599756 -0.115218 0.05 53252.5
0 2649 2 phononTS 0.00108347 2.73366 3.86763 -0.000581602 14702.5 0.00034743 1 -0.0848059 -0.134738 0.05 158056
0 2732 2 phononL 0.002388 2.68839 4.95901 -0.0122505 5601.6 0.00104229 1 0.0471191 -0.223821 0.05 13571.3
0 2792 2 phononTF 0.00208694 2.20189 3.47794 0.0182684 1733.77 0.00034743 1 0.0958341 -0.269023 0.05 37737.4
0 2794 3 phononTS 0.00214364 2.59757 3.00216 -0.0427687 10454.2 0.00034743 1 0.0533483 -0.274797 0.05 30543.5
0 2794 2 phononL 0.00185636 2.59757 3.00216 -0.0427687 10454.2 0.00034743 1 0.0603272 -0.265823 0.05 63866.3
0 2794 9 phononTF 0.00122351 0.0603272 -0.265823 0.049999 63866.3 0.00034743 1 0.0736637 -0.224364 0.05 64249.5
0 2794 18 phononTS 0.000436179 0.0736637 -0.224364 0.049999 64249.5 0.00034743 1 0.0816039 -0.205808 0.05 64322
0 2843 2 phononTF 0.000692052 1.80968 3.60537 -0.0365828 994.785 0.00034743 1 -0.0279309 -0.203694 0.05 2760.04
0 2873 3 phononL 0.0024457 2.69805 3.41473 -0.0218309 2806.33 0.00104229 1 -0.037243 -0.126615 0.05 45716.9
0 2888 2 phononTF 0.000566877 1.98822 0.0833069 0.049999 15660.1 0.00034743 1 0.0582267 -0.291918 0.05 75315.9
0 2975 2 phononL 0.00139979 3.03697 4.61974 -0.0363501 11078 0.00034743 1 0.0547367 -0.13938 0.05 54850.5
0 3036 4 phononTS 0.00115708 4.61178 -1.04681 0.0461544 24672.5 0.00034743 1 -0.0518467 -0.296527 0.05 35294.1
0 3096 3 phononL 0.0020365 2.36971 4.08763 0.00379396 14721.2 0.00034743 1 -0.0368236 -0.190053 0.05 32728.6
0 3137 4 phononTS 0.00138871 4.49284 4.47363 0.000866546 6478.13 0.00034743 1 -0.0140446 -0.227047 0.05 25442.6
0 3163 2 phononTF 0.00104404 2.44868 3.55627 -0.028768 6756.96 0.00034743 1 -0.0967361 -0.267162 0.05 30810.8
0 3202 2 phononTS 0.00192497 3.84262 2.10713 -0.0113387 4996.81 0.00069486 1 -0.103725 -0.18445 0.05 53325.9
0 3207 3 phononL 0.00218028 2.49829 1.78413 -0.037945 8730.44 0.00069486 1 -0.0435803 -0.208501 0.05 13811.6
0 3207 7 phononTS 0.000524988 -0.0435803 -0.208501 0.049999 13811.6 0.00034743 1 0.0704933 -0.111332 0.05 13904.7
0 3245 2 phononTF 0.00145699 2.89233 3.18469 0.0262095 313.542 0.00069486 1 -0.10441 -0.163579 0.05 19729.2
0 3251 2 phononTS 0.00217406 2.11082 1.32982 0.0332119 2148.94 0.00069486 1 0.0660016 -0.131154 0.05 64436.2
0 3309 3 phononTF 0.00274801 1.05725 3.54688 0.0153875 11051.4 0.00034743 1 0.0514167 -0.149346 0.05 40477.8
0 3309 4 phononL 0.000963406 0.0514167 -0.149346 0.049999 40477.8 0.00034743 1 0.0467981 -0.277519 0.05 40527.8
0 3309 2 phononTS 0.00125199 1.05725 3.54688 0.0153875 11051.4 0.00034743 1 0.0509412 -0.263636 0.05 45147.8
0 3338 3 phononTS 0.00230213 3.29167 4.94342 0.000193047 2816.49 0.00069486 1 -0.0452464 -0.298282 0.05 18165.4
0 3351 2 phononTF 0.001708 2.9063 3.30907 0.0349611 188.528 0.00034743 1 -0.0993955 -0.238414 0.05 53831.6
0 3400 3 phononTS 0.00234675 2.81112 3.20485 -0.0316147 112.377 0.00034743 1 0.0938475 -0.237592 0.05 46984.3
0 3400 5 phononTS 0.0017354 0.0938475 -0.237592 0.049999 46984.3 0.00034743 1 0.0573869 -0.287615 0.05 47573.8
0 3508 3 phononTS 0.00247994 2.78029 3.35874 0.0145099 194.012 0.00069486 1 -0.0691677 -0.280121 0.05 27971.5
0 3556 2 phononL 0.00186706 3.3184 3.4702 0.0111697 566.188 0.00034743 1 0.0202313 -0.142789 0.05 57484.5
0 3573 3 phononL 0.00139011 3.6886 1.69372 -0.0444478 1729.17 0.00069486 1 0.0809961 -0.243783 0.05 39054.8
0 3573 8 phononL 0.000351729 0.0809961 -0.243783 0.049999 39054.8 0.00034743 1 0.104078 -0.256107 0.05 43895.6
0 3581 5 phononL 0.00126317 -1.54752 1.1217 -0.0408529 17193 0.00069486 1 0.0796075 -0.181876 0.05 21217.8
0 3592 3 phononL 0.00284995 2.91361 3.39509 -0.0325991 2853.19 0.00069486 1 -0.0422282 -0.130798 0.05 21435.1
0 3606 5 phononL 0.00155552 4.82425 -1.80638 -0.0312555 28814.8 0.00104229 1 0.0276928 -0.159349 0.05 37113.8
0 3614 3 phononL 0.00176916 4.32254 3.0786 -0.0144748 1633.4 0.00034743 1 0.103062 -0.170258 0.05 35417.5
0 3658 3 phononTS 0.00247015 3.52646 2.84954 0.00868382 2857.64 0.00138972 1 -0.079265 -0.158777 0.05 34027.9
0 3658 2 phononTS 0.00152985 3.52646 2.84954 0.00868382 2857.64 0.00069486 1 0.0613486 -0.250504 0.05 56254.2
0 3674 5 phononTF 0.000643824 4.83248 -1.7057 0.0353635 12765.3 0.00034743 1 0.0766955 -0.254241 0.05 37995.8
0 3682 5 phononTF 0.00165046 -0.231754 1.5269 -0.0393408 22684.3 0.00034743 1 0.0716086 -0.198712 0.05 57503
0 3682 7 phononTF 0.000808836 0.0716086 -0.198712 0.049999 57503 0.00069486 1 0.0649168 -0.292718 0.05 57578.3
0 3686 2 phononTS 0.00209265 0.789677 1.61404 0.0284082 3232.69 0.00069486 1 -0.0557679 -0.153402 0.05 10144.2
0 3697 5 phononL 0.00142765 0.959815 3.26379 -0.01176 6043.25 0.00034743 1 0.114373 -0.20918 0.05 9141.93
0 3704 4 phononTF 0.000886947 2.82815 2.53683 -0.00362733 25852.8 0.00034743 1 0.0362262 -0.124892 0.05 41745.7
0 3707 3 phononTS 0.00237339 2.38044 2.80861 0.0323929 901.815 0.00069486 1 -0.0412984 -0.261985 0.05 9124.79
0 3714 2 phononTF 0.00182019 1.67041 2.96798 0.0465319 3222.87 0.00034743 1 -0.0950646 -0.206553 0.05 10977.4
0 3743 2 phononTS 0.00131362 3.25153 4.44978 -0.041094 3777.11 0.00034743 1 -0.092908 -0.248016 0.05 15334.9
0 3748 3 phononTF 0.00244091 3.1302 3.25786 0.0420528 9499.71 0.00034743 1 -0.0492285 -0.136022 0.05 62178.5
0 3748 6 phononTS 0.000803476 -0.0492285 -0.136022 0.049999 62178.5 0.00034743 1 -0.0680423 -0.27046 0.05 62501.4
0 3748 10 phononTS 0.000369527 -0.0680423 -0.27046 0.049999 62501.4 0.00034743 1 -0.0778217 -0.257664 0.05 62735.9
0 3748 4 phononTS 0.00107161 -0.0492285 -0.136022 0.049999 62178.5 0.00034743 1 -0.0487018 -0.128471 0.05 64629.9
0 3771 2 phononTF 0.0019082 0.471884 4.43362 -0.0485994 6804.25 0.00034743 1 0.0942536 -0.237472 0.05 21176.1
0 3837 2 phononTS 0.00149562 0.901117 4.31123 -0.0227874 11093.1 0.00034743 1 0.041318 -0.216596 0.05 58166
0 3840 7 phononTS 0.00141802 2.76392 0.0393497 -0.0466931 6019.37 0.00069486 1 0.0909654 -0.194011 0.05 8962.64
0 3894 3 phononTF 0.00113018 1.6547 3.32891 0.0474628 4939.5 0.00034743 1 -0.0409657 -0.240353 0.05 33773.3
0 3933 2 phononTS 0.00202378 2.96588 2.7778 0.0147686 3364.82 0.00069486 1 0.0873557 -0.126583 0.05 18444.1
0 3943 3 phononTS 0.00189419 2.45405 3.6462 -0.0241538 3375.89 0.00069486 1 -0.0983472 -0.202051 0.05 24662.6
0 3959 5 phononTF 0.00122925 3.8618 2.50517 0.0222547 24745.6 0.00034743 1 0.0727422 -0.150731 0.05 47116.9
0 3984 2 phononTF 0.001178 0.648828 3.41876 -0.0256893 8904.81 0.00034743 1 0.105842 -0.15096 0.05 19101.9
0 3987 3 phononL 0.00289171 2.46121 1.58179 0.00794043 3163.64 0.00069486 1 0.0970034 -0.248692 0.05 65864.8
0 3995 3 phononTS 0.00247318 2.65093 3.57323 -0.024714 1176.85 0.00069486 1 0.0375611 -0.178399 0.05 17947.1
0 4021 5 phononL 0.00194403 3.85705 -0.573034 -0.0250195 43388.2 0.00034743 1 0.0638299 -0.270551 0.05 95043.1
0 4024 4 phononTS 0.000900924 -1.94667 -1.91466 0.0304551 29131.7 0.00034743 1 -0.0750813 -0.20604 0.05 98421.3
0 4026 2 phononTF 0.00137582 2.67563 3.88469 0.0469016 984.062 0.00034743 1 0.116454 -0.178839 0.05 6239.45
0 4048 3 phononTF 0.0020206 2.42638 4.32851 0.00127965 3170.99 0.00069486 1 -0.0322217 -0.118643 0.05 203175
0 4141 2 phononTS 0.00222861 3.3288 3.5362 0.0196935 1838.08 0.00034743 1 0.108901 -0.184442 0.05 30979.4
0 4141 4 phononTS 0.00156408 0.108901 -0.184442 0.049999 30979.4 0.00069486 1 0.0310651 -0.239375 0.05 31055.3
0 4165 2 phononL 0.00235073 0.658595 3.05069 -0.00485195 21077.9 0.00034743 1 0.0808392 -0.15274 0.05 23172.4
0 4165 5 phononTS 0.000783461 0.0808392 -0.15274 0.049998 23172.4 0.00069486 1 -0.0805851 -0.180932 0.05 24419.2
0 4177 2 phononTF 0.00189394 2.64255 4.01989 0.0222426 2160.43 0.00104229 1 -0.0545989 -0.224042 0.05 41841.5
0 4179 2 phononTS 0.00228443 3.48146 2.83033 -0.00558448 3191.48 0.00034743 1 0.0810185 -0.274572 0.05 45872.6
0 4186 2 phononTF 0.00156749 2.09683 3.44849 0.0404385 328.203 0.00034743 1 0.0646111 -0.283046 0.05 35128.3
0 4189 2 phononTS 0.00133253 3.43879 2.88676 0.0198408 1338.54 0.00069486 1 0.025942 -0.131462 0.05 25142.6
0 4232 3 phononTF 0.00224376 0.830101 3.31542 -0.0183583 15156.6 0.00069486 1 -0.0719553 -0.143239 0.05 20866.9
0 4232 5 phononTS 0.000434964 -0.0719553 -0.143239 0.049998 20866.9 0.00034743 1 0.0877011 -0.247945 0.05 20965.2
0 4259 3 phononTF 0.00252123 2.54802 4.68206 -0.00128797 7376.45 0.00034743 1 0.0952369 -0.25059 0.05 26142.8
0 4286 6 phononTF 0.000567067 0.00986209 2.1841 -0.0187472 111148 0.00034743 1 -0.0330434 -0.22996 0.05 119729
0 4342 2 phononTS 0.00201696 1.68399 2.56858 0.0158349 8085.75 0.00069486 1 -0.103633 -0.256 0.05 67447.7
0 4349 2 phononTF 0.00168519 1.70041 2.94396 -0.0311664 4169.31 0.00034743 1 -0.0964487 -0.181098 0.05 9321.35
0 4361 3 phononL 0.00145735 1.11182 2.08638 0.031768 4735.42 0.00034743 1 -0.081714 -0.268472 0.05 91973.4
0 4371 2 phononTF 0.00288306 2.76519 3.35883 -0.0313119 2951.25 0.00069486 1 0.0847007 -0.128512 0.05 15246.2
0 4437 5 phononTS 0.0008944 1.71677 -0.41077 0.00217805 27225.3 0.00034743 1 0.0210422 -0.219001 0.05 28452.5
0 4445 2 phononTS 0.00211643 3.09258 2.55776 0.0404632 2763.16 0.00104229 1 -0.0254535 -0.212472 0.05 18075.7
0 4454 5 phononTF 0.00153182 2.62178 3.90923 0.0249935 17522.6 0.00034743 1 -0.0612911 -0.192125 0.05 33084.1
0 4469 2 phononTS 0.00195834 2.9419 1.89641 0.0077657 6469.11 0.00069486 1 -0.0411463 -0.290651 0.05 33917
0 4499 2 phononTF 0.00113638 3.35188 2.70943 -0.0486523 3254.27 0.00069486 1 0.0180759 -0.240406 0.05 28900.8
0 4521 4 phononTF 0.000738313 4.36859 4.72063 -0.048253 13807.1 0.00034743 1 0.0321121 -0.286665 0.05 21977
0 4532 2 phononTS 0.00198713 2.41425 2.93599 0.00400647 7822.36 0.00069486 1 -0.0331432 -0.297963 0.05 65679.7
0 4536 2 phononL 0.00279437 2.8492 1.81054 0.0113771 15526.1 0.00173715 1 0.118987 -0.21248 0.05 20433.7
0 4543 5 phononTF 0.000905554 -2.61027 4.69703 0.0484539 20801.6 0.00069486 1 0.0939169 -0.196592 0.05 29683.7
0 4588 2 phononTS 0.00196899 2.58797 3.4784 -0.0416014 491.573 0.00034743 1 0.0296397 -0.208828 0.05 31407.4
0 4593 2 phononTF 0.0011668 2.31543 3.72475 0.0350531 2269.58 0.00034743 1 0.050763 -0.131824 0.05 104985
0 4593 5 phononTS 0.000758652 0.050763 -0.131824 0.049999 104985 0.00034743 1 0.0347159 -0.143432 0.05 105046
0 4644 3 phononTS 0.00183333 1.96105 3.89879 0.0485898 3988.56 0.00034743 1 0.0595714 -0.150215 0.05 13016.4
0 4660 2 phononTS 0.00261562 4.40325 2.75115 -0.0299644 3060.08 0.00069486 1 0.049095 -0.122263 0.05 22468.2
0 4660 9 phononTF 0.000717135 0.049095 -0.122263 0.049999 22468.2 0.00034743 1 -0.0244027 -0.227192 0.05 22735.5
0 4660 4 phononTS 0.00080264 0.049095 -0.122263 0.049999 22468.2 0.00034743 1 -0.0728639 -0.234506 0.05 23205.2
0 4755 5 phononL 0.00196762 0.995408 2.93468 -0.0179654 11393.1 0.00069486 1 0.0437105 -0.179555 0.05 113921
0 4794 3 phononTF 0.0027251 3.20188 3.00619 -0.0225279 610.205 0.00069486 1 -0.0643251 -0.13156 0.05 18476.2
0 4794 5 phononTF 0.00108014 -0.0643251 -0.13156 0.049999 18476.2 0.00034743 1 -0.0966059 -0.166618 0.05 18555.9
0 4813 2 phononTF 0.00239697 3.76708 2.22564 -0.0452725 17198.7 0.00034743 1 -0.111468 -0.215281 0.05 127491
0 4841 2 phononTS 0.00141955 3.1382 3.19721 -0.0181243 802.863 0.00034743 1 -0.0572407 -0.287788 0.05 19020.1
0 4911 2 phononL 0.00160371 3.25122 4.25264 -0.0373572 3887.87 0.00034743 1 0.0713272 -0.109433 0.05 80810.6
0 4942 5 phononL 0.00148811 0.210715 -0.957891 0.00671642 59704.6 0.00034743 1 -0.0390138 -0.208475 0.05 61868.8
0 4942 7 phononTF 0.000348012 -0.0390138 -0.208475 0.049999 61868.8 0.00034743 1 -0.0493584 -0.159747 0.05 62413.1
0 4942 6 phononTF 0.000545141 -0.0390138 -0.208475 0.049999 61868.8 0.00034743 1 -0.089331 -0.153821 0.05 61932.4
0 4943 2 phononTS 0.00153692 3.28158 1.42426 -0.0220434 15715.6 0.00034743 1 -0.0257118 -0.234435 0.05 28339.6
