Run ID,Event ID,Track ID,Particle Name,Start Energy [eV],Start X [mm],Start Y [mm],Start Z [mm],Start Time [ns],Energy Deposited [eV],Track Weight,End X [mm],End Y [mm],End Z [mm],Final Time [ns],Volume Name
0 1 2 phononTS 0.00124345 1.59596 -1.05773 -0.0149896 1401.15 0.00034743 1 -0.114783 -0.208403 0.05 7213.13
0 15 6 phononL 0.00120911 0.793875 -4.65081 0.0356485 136762 0.00034743 1 0.0673166 -0.278544 0.05 149995
0 36 3 phononTF 0.00304878 1.90452 -1.77349 0.00238608 40.8576 0.00069486 1 0.0750361 -0.122606 0.05 17281.9
0 43 2 phononTS 0.00165979 4.92901 -2.57663 0.00200656 21726.1 0.00069486 1 0.0738672 -0.248428 0.05 38714.9
0 57 3 phononTF 0.00295136 0.982467 -1.13343 0.0143013 6644.1 0.00138972 1 -0.0858511 -0.256985 0.05 25830.9
0 57 15 phononTF 0.000351538 -0.0858511 -0.256985 0.049999 25830.9 0.00034743 1 -0.0708854 -0.169661 0.05 25910.8
0 88 3 phononTF 0.00283597 1.48229 -1.70809 0.0215232 1805.76 0.00069486 1 -0.0340639 -0.146652 0.05 9815.58
0 104 3 phononTS 0.00127119 2.80009 -0.641007 0.0161963 7994.51 0.00069486 1 -0.115904 -0.170068 0.05 69841.2
0 124 3 phononTS 0.00216549 2.63228 -2.01762 0.00950512 4158.29 0.00034743 1 -0.0469638 -0.257685 0.05 16572.1
0 124 7 phononL 0.00107655 -0.0469638 -0.257685 0.049998 16572.1 0.00034743 1 0.0546481 -0.228936 0.05 16623.4
0 134 2 phononTF 0.0029518 1.79166 -2.0315 -0.00612244 4438.02 0.00069486 1 0.0825689 -0.162673 0.05 10498.1
0 181 5 phononTS 0.00249379 1.54489 -1.17547 0.0263767 6104.95 0.00069486 1 0.0614476 -0.204871 0.05 11527.5
0 199 3 phononTS 0.00231075 1.78826 -3.1591 -0.045052 13007.3 0.00034743 1 -0.0201835 -0.205645 0.05 70345.8
0 222 3 phononL 0.00140621 1.69679 -1.77011 0.0308181 22.7377 0.00034743 1 0.0634589 -0.194958 0.05 45675.2
0 222 6 phononTF 0.000495075 0.0634589 -0.194958 0.049999 45675.2 0.00034743 1 -0.0752557 -0.235704 0.05 46636.8
0 247 2 phononTF 0.0022733 0.323171 -3.04484 -0.045137 4950.6 0.00034743 1 -0.0537098 -0.272896 0.05 22344.1
0 267 2 phononTS 0.00148869 2.03829 -1.87282 0.0165536 4816.74 0.00069486 1 -0.0550881 -0.244492 0.05 13751.6
0 276 3 phononTS 0.00254008 1.5746 -2.0875 0.0232858 815.947 0.00069486 1 0.0359574 -0.260966 0.05 47513.5
0 329 3 phononL 0.00298757 2.3603 -1.4241 -0.0442305 5639.34 0.00034743 1 -0.045988 -0.302766 0.05 24089
0 329 5 phononTF 0.00110518 -0.045988 -0.302766 0.049999 24089 0.00034743 1 0.0929194 -0.214846 0.05 24340.6
0 342 3 phononTS 0.00231679 2.4325 -2.32309 -0.00654831 1423.79 0.00034743 1 -0.103252 -0.23037 0.05 5919.31
0 342 4 phononTS 0.00121628 -0.103252 -0.23037 0.049999 5919.31 0.00069486 1 -0.0532213 -0.110818 0.05 20659.6
0 343 3 phononTS 0.00175931 1.43691 -1.90514 0.00949538 1067.17 0.00034743 1 0.0646187 -0.201932 0.05 19809.3
0 362 2 phononTS 0.00205259 0.0379486 -2.5251 -9.4351e-05 8492.72 0.00034743 1 0.0459465 -0.257811 0.05 10165.9
0 362 6 phononTS 0.0012509 0.0459465 -0.257811 0.049999 10165.9 0.00034743 1 0.0479741 -0.252719 0.05 10225.6
0 368 2 phononTF 0.00224327 1.30464 -1.84686 -0.0359526 1729.37 0.00034743 1 -0.0523546 -0.103804 0.05 58511.2
0 411 2 phononTF 0.00140933 1.80475 -3.80563 -0.0322955 14463.8 0.00069486 1 -0.0318198 -0.180727 0.05 76712.1
0 413 2 phononTF 0.00190015 1.7526 -1.74636 -0.00178322 0.894639 0.00104229 1 -0.0475633 -0.220943 0.05 29258.3
0 448 5 phononL 0.00198383 1.15642 0.539444 0.00778537 24001.5 0.00104229 1 -0.065497 -0.224368 0.05 28659.5
0 484 1 phononTS 0.004 1.75 -1.75 0 0 0.00034743 1 -0.0499703 -0.300605 0.05 5684.36
0 484 2 phononTF 0.00136878 -0.0499703 -0.300605 0.049999 5684.36 0.00034743 1 -0.0292807 -0.246982 0.05 5747.92
0 495 5 phononTS 0.00148908 2.55031 -4.0496 -0.00926582 11565.3 0.00034743 1 0.075374 -0.163649 0.05 40674.5
0 495 6 phononL 0.00093231 0.075374 -0.163649 0.049999 40674.5 0.00034743 1 0.0509424 -0.252886 0.05 42085.9
0 496 2 phononTF 0.00241975 0.563461 -3.09694 0.0221859 4451.58 0.00069486 1 0.0377739 -0.206534 0.05 30756.3
0 524 3 phononTS 0.0025499 2.71325 -2.35856 0.0358406 4794.41 0.00069486 1 -0.0992373 -0.15577 0.05 12271.2
0 542 3 phononL 0.00203723 2.17179 -1.77997 -0.0117546 446.785 0.00034743 1 0.0987316 -0.21804 0.05 9259.21
0 542 7 phononTS 0.000387183 0.0987316 -0.21804 0.049999 9259.21 0.00034743 1 0.0674573 -0.193524 0.05 10607.8
0 591 3 phononTS 0.00270521 1.60218 -1.2131 0.0493025 3262.52 0.00069486 1 -0.0493186 -0.151645 0.05 9159.77
0 594 3 phononTS 0.00216398 0.423048 -0.652713 0.0441552 3652.07 0.00104229 1 0.0885585 -0.126271 0.05 29900
0 594 4 phononTS 0.000528461 0.0885585 -0.126271 0.049999 29900 0.00034743 1 0.0802218 -0.275324 0.05 30147.6
0 617 2 phononTS 0.00171034 2.37405 -1.81742 -0.0183365 5842.75 0.00034743 1 0.072466 -0.2687 0.05 25558.1
0 626 3 phononTS 0.00200855 1.02706 -1.38867 -0.044727 3433.93 0.00034743 1 0.0137658 -0.212365 0.05 13952.9
0 629 2 phononTS 0.00158673 0.677384 -2.16371 0.019249 8516.29 0.00034743 1 -0.0273777 -0.229439 0.05 10069.3
0 629 4 phononTS 0.00043792 -0.0273777 -0.229439 0.049999 10069.3 0.00034743 1 0.036427 -0.196599 0.05 10148
0 632 5 phononL 0.00124281 -0.138209 1.59887 -0.0103231 18677.8 0.00034743 1 -0.0829302 -0.153516 0.05 23553.6
0 638 5 phononL 0.000558836 -0.0037831 -0.224585 -0.0146629 7108.69 0.00034743 1 -0.0628047 -0.258186 0.05 7125.98
0 654 2 phononTF 0.00241875 3.72293 -3.27838 -0.0356481 11962.8 0.00104229 1 -0.0129057 -0.193238 0.05 64479.9
0 664 5 phononTS 0.00158723 0.190637 0.0824044 0.0430623 5435.07 0.00034743 1 0.0795065 -0.227382 0.05 6093.77
0 691 2 phononTS 0.00199662 1.50268 -1.54264 0.0439805 1176.89 0.00069486 1 0.0772014 -0.258857 0.05 9197.09
0 733 2 phononTF 0.000787472 2.5981 -4.53307 0.021706 14997.5 0.00034743 1 -0.0569599 -0.157799 0.05 83814.8
0 743 2 phononTS 0.0019374 0.382759 -2.03152 0.0406741 17877.2 0.00034743 1 -0.0260531 -0.116854 0.05 56225.7
0 779 3 phononTS 0.00168768 2.43255 -1.87458 0.0161796 1860.43 0.00069486 1 0.0498222 -0.131445 0.05 5243.55
0 806 3 phononTS 0.00215943 -0.861988 -1.69831 0.0350435 18032.2 0.00034743 1 -0.088408 -0.202571 0.05 53200.1
0 826 3 phononTS 0.00202433 0.872689 -2.86595 -0.0332691 4347.73 0.00104229 1 0.115214 -0.226837 0.05 38945.2
0 829 5 phononTF 0.00158191 1.9959 -0.99156 -0.0496138 17354.8 0.00069486 1 -0.0797236 -0.275028 0.05 39252.8
0 837 3 phononTS 0.00248093 1.54212 -1.74535 -0.0065807 3739.9 0.00069486 1 0.0705803 -0.163478 0.05 7871.18
0 839 3 phononTS 0.00193889 1.83917 -2.25655 0.0301002 3205.46 0.00034743 1 -0.0740409 -0.21339 0.05 5740.04
0 839 5 phononTF 0.000509494 -0.0740409 -0.21339 0.049998 5740.04 0.00034743 1 0.0325966 -0.206591 0.05 6430
0 860 4 phononTF 0.00105394 1.19574 -0.819848 -0.0385616 13660 0.00034743 1 0.0567288 -0.27481 0.05 114934
0 877 3 phononTF 0.00203069 3.80461 -2.15103 -0.0166009 8676.08 0.00069486 1 -0.0793697 -0.269989 0.05 84515
0 877 8 phononTF 0.000413321 -0.0793697 -0.269989 0.049998 84515 0.00034743 1 -0.0252363 -0.281071 0.05 85548.5
0 922 2 phononTF 0.00224962 1.29354 -0.926851 -0.0396439 6272.18 0.00069486 1 0.104675 -0.163692 0.05 11035.1
0 976 2 phononTF 0.000558686 -0.870515 -2.28384 -0.0133419 17624.9 0.00034743 1 -0.0284891 -0.212354 0.05 18894.2
0 991 2 phononTF 0.00205664 2.078 -1.19832 0.0111494 669.257 0.00034743 1 0.0696955 -0.207061 0.05 8630.09
0 1054 3 phononL 0.00133994 2.29255 -1.36423 -0.0492247 1243.83 0.00034743 1 -0.0595175 -0.139727 0.05 43864.6
0 1065 2 phononTF 0.00109308 1.70517 -2.14726 -0.00611445 357.648 0.00034743 1 0.0612397 -0.233286 0.05 97123.2
0 1096 3 phononTF 0.0027706 2.45352 -2.49034 0.0259249 1898.47 0.00034743 1 -0.0379762 -0.20655 0.05 62015.1
0 1098 1 phononTS 0.004 1.75 -1.75 0 0 0.00034743 1 0.0626639 -0.134562 0.05 6756.96
0 1104 3 phononTS 0.00257687 2.5754 0.0520841 0.00362898 2967.74 0.00138972 1 0.0464115 -0.169138 0.05 27724.3
0 1121 3 phononTS 0.00206849 1.5209 -1.83356 0.0396041 1010.16 0.00034743 1 -0.0374056 -0.294774 0.05 19343.1
0 1126 2 phononTS 0.00246929 1.06482 -2.44301 -0.0296739 1684.16 0.00034743 1 0.0221425 -0.266768 0.05 5520.56
0 1135 3 phononL 0.00126769 1.75689 -1.47689 -0.0279026 4048.35 0.00069486 1 0.0610558 -0.180222 0.05 35934
0 1142 3 phononTS 0.00227458 3.06091 -1.79186 0.016489 4067.2 0.00069486 1 -0.0374551 -0.26738 0.05 13410.7
0 1145 2 phononL 0.00196782 3.81356 -2.06422 -0.0123085 11485.3 0.00069486 1 0.0288328 -0.161935 0.05 41891.5
0 1165 4 phononTS 0.00161173 -1.91269 -2.77684 -0.0450794 44557.5 0.00034743 1 -0.0255641 -0.208207 0.05 60307.4
0 1165 6 phononTF 0.000912082 -0.0255641 -0.208207 0.049999 60307.4 0.00034743 1 -0.0679215 -0.225547 0.05 60368.5
0 1228 2 phononTS 0.00178053 3.20839 -1.7223 0.0237527 4383.19 0.00104229 1 0.0703504 -0.238631 0.05 64556.2
0 1258 2 phononTS 0.00170926 2.15798 -2.17991 0.0178949 1761.95 0.00104229 1 -0.0585915 -0.232602 0.05 13965.6
0 1276 2 phononTS 0.00152241 0.7127 -0.705332 0.0123676 7966.54 0.00069486 1 0.0264356 -0.290986 0.05 28381.7
0 1304 2 phononTF 0.00221108 2.09439 -1.88896 0.0306845 607.99 0.00069486 1 -0.0836311 -0.21568 0.05 26967
0 1317 2 phononTS 0.00185129 2.28698 -1.80175 -0.0365937 1496.26 0.00034743 1 0.0551154 -0.298399 0.05 43874.4
0 1385 2 phononTF 0.00231844 2.45022 -2.11308 0.0253695 6395.44 0.00138972 1 0.0443715 -0.260694 0.05 30018.4
0 1407 3 phononTF 0.00200644 2.24815 -2.14055 -0.0496075 9711.18 0.00034743 1 -0.109558 -0.159309 0.05 31629
0 1415 2 phononTF 0.00164229 3.24908 -0.486962 -0.0354143 2954.18 0.00034743 1 0.0688225 -0.205185 0.05 20739.6
0 1427 2 phononTS 0.00182922 1.75216 -1.74744 0.00291606 0.811924 0.00034743 1 0.0759122 -0.2438 0.05 2066.55
0 1470 2 phononTF 0.00169913 1.24931 -0.499043 0.0110612 10175.6 0.00069486 1 -0.0909227 -0.233615 0.05 13691.9
0 1473 4 phononTF 0.0015871 -2.2395 -0.0119459 -0.00971124 58863 0.00104229 1 -0.033175 -0.173109 0.05 60272
0 1478 2 phononTS 0.000864814 2.67991 -2.17648 0.00993931 1844.41 0.00069486 1 0.058826 -0.181678 0.05 17318
0 1485 4 phononL 0.000661074 -0.362408 0.0552646 0.049999 9678.58 0.00034743 1 0.0835896 -0.239951 0.05 9815.2
0 1501 3 phononTF 0.00170585 2.16649 -2.08666 0.0379444 2853.34 0.00034743 1 0.108133 -0.226885 0.05 108335
0 1519 3 phononTF 0.00248961 1.39548 -1.91644 0.0463074 194.322 0.00034743 1 0.0266125 -0.25439 0.05 2906.53
0 1576 1 phononTF 0.004 1.75 -1.75 0 0 0.00104229 1 -0.118853 -0.220421 0.05 5558.56
0 1588 3 phononTS 0.00179686 1.36655 -1.8729 -0.0356987 80.8812 0.00069486 1 -0.0676824 -0.187018 0.05 42597.8
0 1592 2 phononTS 0.00281917 1.59545 -2.15026 0.048871 834.905 0.00104229 1 -0.103339 -0.216265 0.05 4596.52
0 1592 10 phononTF 0.00104598 -0.103339 -0.216265 0.049999 4596.52 0.00034743 1 -0.0174127 -0.221254 0.05 4659.35
0 1592 18 phononTF 0.000550096 -0.0174127 -0.221254 0.049999 4659.35 0.00034743 1 -0.0498426 -0.267285 0.05 4725.4
0 1606 3 phononTF 0.00224566 1.77967 -2.09637 0.013665 5225.45 0.00034743 1 -0.0202933 -0.184648 0.05 12884.9
0 1607 3 phononL 0.00342869 1.17175 -1.46588 0.0394925 4641.78 0.00069486 1 0.0499602 -0.232981 0.05 11022.2
0 1608 2 phononTF 0.0025351 2.25135 -1.78598 -0.0311245 1273.45 0.00034743 1 0.0309705 -0.205124 0.05 47925.2
0 1608 5 phononTS 0.00188647 0.0309705 -0.205124 0.049999 47925.2 0.00034743 1 0.108917 -0.176215 0.05 48038.3
0 1608 11 phononTF 0.000999987 0.108917 -0.176215 0.049999 48038.3 0.00034743 1 -0.0505881 -0.19247 0.05 48188.9
0 1636 2 phononTF 0.00125344 1.75927 -1.19298 -0.0456762 1508.28 0.00069486 1 -0.0233026 -0.181165 0.05 2499.89
0 1650 1 phononTF 0.004 1.75 -1.75 0 0 0.00138972 1 -0.0344743 -0.114123 0.05 11605
0 1650 6 phononL 0.00128654 -0.0344743 -0.114123 0.049998 11605 0.00034743 1 -0.0613738 -0.286422 0.05 11754.5
0 1654 2 phononTS 0.00179427 2.49097 -2.03393 -0.0425667 1349.51 0.00069486 1 -0.0251464 -0.16385 0.05 11335.4
0 1663 2 phononTF 0.00165547 1.79884 -2.02491 0.012681 1438.64 0.00034743 1 -0.0787923 -0.219631 0.05 8898.02
0 1665 3 phononL 0.00256912 1.5214 -1.53237 0.0281198 3761.38 0.00034743 1 0.0623662 -0.184654 0.05 22402.2
0 1682 3 phononL 0.00122376 1.45132 -1.42293 0.0470057 4821.9 0.00034743 1 0.0653 -0.133212 0.05 73791.6
0 1685 2 phononTF 0.00188514 0.336461 -1.42449 -0.0262984 3742.18 0.00034743 1 -0.0246143 -0.250517 0.05 9953.2
0 1686 3 phononL 0.0022639 2.55252 -1.2816 -0.00444361 14964.7 0.00069486 1 -0.0732421 -0.139512 0.05 18182
0 1690 2 phononL 0.000900603 -0.36628 -1.3575 -0.00400461 4707.82 0.00034743 1 -0.0442123 -0.258343 0.05 47291.6
0 1731 3 phononTF 0.00287412 1.80991 -1.81973 -0.0431834 2812.53 0.00034743 1 -0.0660931 -0.117228 0.05 33322.7
0 1731 4 phononTF 0.00228449 -0.0660931 -0.117228 0.049998 33322.7 0.00069486 1 0.0238646 -0.125015 0.05 33388.9
0 1771 3 phononL 0.00183277 -0.157447 -1.60197 0.0374028 3424.3 0.00034743 1 -0.102011 -0.15382 0.05 17222.8
0 1778 3 phononTF 0.00170841 1.61845 -2.4552 0.0363925 1533.69 0.00069486 1 0.0271991 -0.210067 0.05 22552.1
0 1796 5 phononTS 0.00175667 1.43225 -1.03376 0.036986 6920.68 0.00069486 1 -0.0535073 -0.259944 0.05 21855.7
0 1803 5 phononTS 0.00136101 3.85513 0.419212 0.0423624 23306.4 0.00034743 1 0.075592 -0.213123 0.05 42540.5
0 1805 2 phononTS 0.00173834 2.5452 -3.39843 0.0293395 9857.63 0.00104229 1 0.0801007 -0.194047 0.05 57794.7
0 1839 3 phononTF 0.00260444 2.74685 -3.03297 0.0175471 7455.16 0.00034743 1 -0.0775468 -0.211016 0.05 18857.3
0 1855 2 phononTF 0.00149469 0.0679855 -0.570629 -0.0312787 4225.48 0.00034743 1 0.0641263 -0.1449 0.05 4742.14
0 1855 5 phononTS 0.000600466 0.0641263 -0.1449 0.049999 4742.14 0.00034743 1 0.0745927 -0.232123 0.05 17846.3
0 1882 1 phononTF 0.004 1.75 -1.75 0 0 0.00069486 1 -0.0576897 -0.183855 0.05 4016.45
0 1900 2 phononTF 0.0024848 1.63695 -1.6216 -0.0221875 216.795 0.00104229 1 0.0356101 -0.242791 0.05 4468.18
0 1902 5 phononTS 0.00263072 0.851562 -2.83974 -0.0299411 15347 0.00034743 1 0.0486344 -0.220041 0.05 63860.6
0 1929 2 phononL 0.00101791 0.809864 -1.83574 -0.024402 1256.49 0.00034743 1 0.035659 -0.198649 0.05 71354.6
0 1946 3 phononTS 0.00292953 -1.17552 -1.46324 0.0189741 7418.97 0.00034743 1 -0.0657256 -0.289246 0.05 10101.9
0 1946 6 phononTS 0.00198052 -0.0657256 -0.289246 0.049999 10101.9 0.00069486 1 -0.0602583 -0.299964 0.05 10227.9
0 1953 3 phononTS 0.00216037 2.58287 -2.0362 -0.0412762 1991.88 0.00034743 1 0.0689815 -0.217719 0.05 41709.1
0 1955 3 phononTS 0.00334088 1.53666 -2.07459 -0.0375053 1402.39 0.00069486 1 0.0121564 -0.192206 0.05 6448.35
0 1955 7 phononTF 0.000540406 0.0121564 -0.192206 0.049999 6448.35 0.00034743 1 0.0441625 -0.241783 0.05 6839.29
0 1979 2 phononTS 0.00180727 1.53329 -1.44183 0.0407302 4715.79 0.00034743 1 -0.0279626 -0.193642 0.05 14885.9
0 1989 3 phononL 0.00191378 0.656329 -2.7046 -0.0369327 31153 0.00034743 1 0.0537728 -0.194938 0.05 52803.9
0 2010 3 phononTF 0.00235918 1.26925 -1.62129 0.0136453 693.741 0.00034743 1 -0.100404 -0.187339 0.05 5195.23
0 2010 5 phononL 0.00119153 -0.100404 -0.187339 0.049998 5195.23 0.00069486 1 -0.0550126 -0.276877 0.05 22021.8
0 2012 3 phononL 0.00221426 1.2812 -0.886715 0.000288459 3364.36 0.00034743 1 -0.0331977 -0.300123 0.05 85939.4
0 2012 5 phononTS 0.00121001 -0.0331977 -0.300123 0.049999 85939.4 0.00034743 1 -0.0273809 -0.218523 0.05 86122.6
0 2032 2 phononTS 0.00146837 0.377384 -1.76509 0.024864 15198.8 0.00034743 1 -0.0751545 -0.211212 0.05 66761.6
0 2037 4 phononL 0.000852818 -0.382164 -3.42143 -0.0363078 15673.1 0.00034743 1 0.0856673 -0.202501 0.05 58309.7
0 2041 5 phononTS 0.00158312 3.98224 4.17195 0.0363784 50760.5 0.00034743 1 -0.0715198 -0.175584 0.05 128512
0 2051 3 phononTS 0.00203742 0.174844 -1.69673 0.0352824 2106.31 0.00104229 1 -0.0706684 -0.186195 0.05 10571.7
0 2066 3 phononTF 0.00228706 2.78274 -1.80655 -0.0291403 5536.92 0.00034743 1 0.0805832 -0.182986 0.05 17892.2
0 2117 2 phononTS 0.00213058 3.63415 -1.3995 -0.0127148 3804.45 0.00104229 1 -0.0377471 -0.138267 0.05 37332.2
0 2120 2 phononTS 0.00184125 1.87741 -0.811194 -0.0497386 3724.55 0.00034743 1 -0.0669085 -0.105971 0.05 6531.95
0 2155 2 phononTS 0.00222013 2.53079 -1.5248 0.0288439 2389.53 0.00069486 1 -0.0179462 -0.182623 0.05 4235.37
0 2155 6 phononTF 0.00126429 -0.0179462 -0.182623 0.049999 4235.37 0.00034743 1 0.0822401 -0.202943 0.05 4303.9
0 2161 1 phononTS 0.004 1.75 -1.75 0 0 0.00034743 1 -0.0359816 -0.244659 0.05 9232.9
0 2168 4 phononTF 0.00166393 -0.0867245 -3.50288 -0.0492153 6329.18 0.00034743 1 -0.028015 -0.104251 0.05 18929.6
0 2203 4 phononL 0.00120147 1.29376 -0.392306 0.0242453 4651.71 0.00034743 1 -0.108371 -0.190519 0.05 25782.7
0 2205 4 phononTS 0.00164055 1.09121 -1.86128 -0.0235877 51355.6 0.00104229 1 0.0276529 -0.12665 0.05 67497.7
0 2206 4 phononTF 0.00137622 -0.614555 -4.59589 -0.0433157 16322.2 0.00034743 1 -0.0474133 -0.259835 0.05 32477.2
0 2216 3 phononL 0.00240898 1.22599 -1.56138 0.0460609 1596.66 0.00034743 1 0.0544735 -0.200278 0.05 22990.2
0 2216 4 phononTF 0.0010717 0.0544735 -0.200278 0.049999 22990.2 0.00034743 1 0.054151 -0.17464 0.05 23551.6
0 2239 3 phononL 0.00228618 2.45745 -1.78512 0.0376392 3538.29 0.00034743 1 -0.114756 -0.213393 0.05 9947.56
0 2239 5 phononTF 0.000746788 -0.114756 -0.213393 0.049999 9947.56 0.00034743 1 -0.028412 -0.254745 0.05 11894.4
0 2242 3 phononTF 0.00212619 1.98925 -4.09656 0.0386104 33232.6 0.00104229 1 0.0141516 -0.194072 0.05 56999.4
0 2253 2 phononTS 0.001705 0.177146 -1.86059 -0.0146615 12024.4 0.00069486 1 0.113515 -0.232844 0.05 16314
0 2297 2 phononTF 0.00130397 1.94114 -2.04058 0.0335009 1458.21 0.00069486 1 0.037477 -0.228643 0.05 5131.62
0 2308 3 phononTF 0.00202401 1.27796 -0.531607 0.0168734 2429.98 0.00034743 1 0.0570637 -0.168902 0.05 20420.6
0 2326 1 phononTS 0.004 1.75 -1.75 0 0 0.00138972 1 0.0988459 -0.214022 0.05 7606.56
0 2345 2 phononTF 0.00139797 2.08708 -1.92595 -0.0281606 923.208 0.00034743 1 0.0321095 -0.20757 0.05 17781.7
0 2359 4 phononTS 0.00104236 -3.04965 0.676264 0.0369764 9456.11 0.00034743 1 -0.0221216 -0.16264 0.05 15914
0 2363 3 phononTS 0.00244997 0.30545 -3.78037 0.0256808 5688.81 0.00034743 1 -0.0767963 -0.145536 0.05 21004.4
0 2363 4 phononL 0.00197147 -0.0767963 -0.145536 0.049999 21004.4 0.00034743 1 0.0588833 -0.245147 0.05 23414.2
0 2363 9 phononTF 0.00133832 0.0588833 -0.245147 0.049999 23414.2 0.00034743 1 0.0341393 -0.187282 0.05 23647.1
0 2377 2 phononTS 0.00222134 1.79949 -1.55664 0.0426861 1793.55 0.00034743 1 -0.0687061 -0.182388 0.05 4401.25
0 2377 6 phononTS 0.0015511 -0.0687061 -0.182388 0.049999 4401.25 0.00034743 1 0.0590045 -0.289848 0.05 4499.53
0 2392 3 phononTS 0.00212722 1.62271 -1.39285 0.00218488 408.308 0.00034743 1 -0.0860236 -0.159516 0.05 4040.39
0 2397 3 phononTS 0.00113504 1.01626 -1.55237 0.0142869 6399.63 0.00034743 1 -0.0703912 -0.245187 0.05 8716.66
0 2397 2 phononL 0.00286496 1.01626 -1.55237 0.0142869 6399.63 0.00069486 1 -0.0403546 -0.279263 0.05 17747.6
0 2397 12 phononTS 0.000406883 -0.0403546 -0.279263 0.049999 17747.6 0.00034743 1 0.0771436 -0.139809 0.05 17847.9
0 2439 3 phononTS 0.00207715 1.07551 -1.52317 0.0293363 2560.15 0.00138972 1 0.0615041 -0.275076 0.05 16300.3
0 2451 2 phononTF 0.00143071 2.31403 -2.78166 -0.0337154 15141 0.00034743 1 0.0683499 -0.195938 0.05 18488.1
0 2454 3 phononL 0.00160779 1.7597 -1.73151 -0.00784765 84.9371 0.00034743 1 0.0783974 -0.284179 0.05 9350.51
0 2460 3 phononTF 0.00148785 0.874726 -0.489067 0.0395774 6513.86 0.00034743 1 -0.0771823 -0.127327 0.05 33510.4
0 2460 7 phononTS 0.000729303 -0.0771823 -0.127327 0.049999 33510.4 0.00034743 1 -0.0987115 -0.211846 0.05 34684
0 2490 4 phononTS 0.00111047 0.617513 0.75125 -0.0127955 14885.4 0.00069486 1 -0.0630794 -0.221548 0.05 16606
0 2514 5 phononL 0.00195105 4.49106 -2.25045 0.0336095 9744.36 0.00104229 1 -0.097699 -0.175482 0.05 71260.6
0 2515 4 phononTS 0.00115669 -0.129716 1.84036 0.0214571 9231.73 0.00034743 1 -0.0595305 -0.275403 0.05 27452.4
0 2523 3 phononL 0.00233926 3.24619 -1.20759 -0.014545 18787.3 0.00034743 1 0.0606555 -0.214754 0.05 44059.6
0 2524 5 phononTF 0.00203209 2.02073 -2.36689 -0.0321306 7496.5 0.00034743 1 0.0752647 -0.277889 0.05 9367.49
0 2558 3 phononL 0.00191306 1.20189 -1.52206 0.0182684 1733.77 0.00034743 1 -0.0591354 -0.24505 0.05 5136.94
0 2563 5 phononTF 0.00127486 4.03174 -0.0461784 -0.0432285 25051.4 0.00034743 1 0.0827152 -0.259494 0.05 33879.7
0 2586 2 phononL 0.000993054 0.361853 -1.54737 0.0132794 2857.15 0.00034743 1 0.0489104 -0.135255 0.05 16166.4
0 2588 3 phononTS 0.00185616 1.43356 -2.00862 -0.0343948 2781.26 0.00034743 1 -0.111183 -0.160274 0.05 30809.9
0 2599 3 phononTF 0.00253373 0.785676 -1.38846 -0.039853 6553.44 0.00069486 1 -0.0793046 -0.134254 0.05 23991.9
0 2608 3 phononL 0.00235873 1.73045 -1.74182 -0.0140421 4.74474 0.00069486 1 -0.0277871 -0.11617 0.05 36539.8
0 2608 4 phononL 0.000721801 -0.0277871 -0.11617 0.049998 36539.8 0.00034743 1 0.0328712 -0.118559 0.05 36582.8
0 2611 3 phononTF 0.00192419 1.76058 -2.63254 0.00215858 2146.86 0.00034743 1 0.0557557 -0.133085 0.05 50545
0 2624 4 phononTS 0.0020385 1.10637 3.3275 0.0323304 40502.5 0.00034743 1 0.0608293 -0.268811 0.05 55180.1
0 2629 1 phononTF 0.004 1.75 -1.75 0 0 0.00069486 1 0.0538622 -0.285505 0.05 5894.16
0 2629 3 phononTS 0.00234992 0.0538622 -0.285505 0.049999 5894.16 0.00069486 1 0.0641819 -0.271541 0.05 5953.8
0 2629 18 phononTF 0.000355163 0.0641819 -0.271541 0.049999 5953.8 0.00034743 1 -0.0468506 -0.236194 0.05 6033.83
0 2629 15 phononTF 0.000956812 0.0641819 -0.271541 0.049999 5953.8 0.00034743 1 0.0257546 -0.239604 0.05 6172.51
0 2629 2 phononTS 0.000558647 0.0538622 -0.285505 0.049999 5894.16 0.00034743 1 0.043373 -0.185326 0.05 6096.63
0 2630 2 phononTF 0.00248311 1.24709 -1.36255 0.00946316 1422.72 0.00104229 1 -0.112594 -0.179384 0.05 10486.6
0 2660 3 phononTF 0.0022516 4.68083 -0.991029 0.0341183 6552.91 0.00069486 1 0.0327763 -0.223887 0.05 21040.4
0 2665 3 phononTS 0.00257164 1.79016 -1.83429 0.041552 1139.34 0.00069486 1 0.0529694 -0.252966 0.05 6279.8
0 2665 8 phononTS 0.00108142 0.0529694 -0.252966 0.049999 6279.8 0.00069486 1 -0.0292026 -0.252292 0.05 6355.91
0 2673 2 phononTS 0.00281137 1.39421 -1.97019 0.00734559 368.209 0.00034743 1 0.0894306 -0.2176 0.05 3511.31
0 2673 6 phononTF 0.000841016 0.0894306 -0.2176 0.049999 3511.31 0.00034743 1 0.0120631 -0.207322 0.05 3578.94
0 2673 4 phononTF 0.00139259 0.0894306 -0.2176 0.049999 3511.31 0.00034743 1 0.031133 -0.170792 0.05 3574.93
0 2698 2 phononTS 0.00150491 -0.360162 -3.4842 0.0294443 5952.92 0.00069486 1 -0.107581 -0.18036 0.05 89163.2
0 2706 3 phononTS 0.00290809 -1.15393 -1.6731 0.0208157 7325.09 0.00034743 1 0.0777223 -0.232248 0.05 8648.85
0 2706 4 phononL 0.00048944 0.0777223 -0.232248 0.049999 8648.85 0.00034743 1 0.0286652 -0.19827 0.05 8716.65
0 2709 2 phononL 0.00164125 1.73982 -1.92727 -0.0021492 260.588 0.00034743 1 -0.0762756 -0.118985 0.05 4160.58
0 2711 2 phononL 0.00128593 1.29783 -1.87086 0.0393931 4807.16 0.00034743 1 -0.0976548 -0.245303 0.05 18127.9
0 2712 2 phononTF 0.00245545 1.99001 -2.30374 0.019729 1321.23 0.00069486 1 -0.0764437 -0.196247 0.05 24442.2
0 2712 7 phononTF 0.000919001 -0.0764437 -0.196247 0.049999 24442.2 0.00034743 1 -0.0355948 -0.269515 0.05 25156.4
0 2714 3 phononTS 0.00154378 -0.883586 -2.43262 -0.00884761 17632.2 0.00034743 1 -0.0840216 -0.271398 0.05 46144.2
0 2714 6 phononTF 0.000411495 -0.0840216 -0.271398 0.049999 46144.2 0.00034743 1 -0.0367167 -0.191379 0.05 46212.4
0 2754 4 phononTS 0.000631409 2.72232 0.0159813 0.049999 8679.78 0.00034743 1 0.0169282 -0.156426 0.05 30669
0 2773 4 phononTF 0.00152002 3.93505 -2.34893 0.0491729 12229.2 0.00034743 1 0.0935601 -0.252678 0.05 31639.8
0 2887 4 phononTF 0.00136022 1.26896 0.420105 -0.0225201 10397.1 0.00069486 1 0.103443 -0.194235 0.05 47742.1
0 2889 1 phononL 0.004 1.75 -1.75 0 0 0.00138972 1 0.115964 -0.168394 0.05 30853.3
0 2891 5 phononTS 0.00163838 0.964589 -0.0900558 0.0111803 19276 0.00034743 1 0.0790149 -0.140981 0.05 20208.3
0 2945 3 phononTS 0.00050601 1.07371 0.0749249 0.049999 2724.57 0.00034743 1 -0.0704148 -0.116162 0.05 3841.13
0 2973 3 phononTF 0.00177234 2.05654 -2.36597 -0.0310346 2043.75 0.00034743 1 -0.0487051 -0.211325 0.05 5869.95
0 2987 3 phononL 0.00174349 0.46831 -2.21787 -0.0233681 9488.06 0.00069486 1 0.0511643 -0.154335 0.05 18716.1
0 3020 2 phononTF 0.0022416 1.86658 -0.41115 -0.0461478 2687.65 0.00069486 1 -0.0880412 -0.251416 0.05 15904.7
0 3022 3 phononTS 0.0023878 -1.27464 -2.51891 0.0285384 9020.52 0.00069486 1 0.0336171 -0.260283 0.05 10967.9
0 3022 8 phononTF 0.000687545 0.0336171 -0.260283 0.049999 10967.9 0.00034743 1 -0.115774 -0.228994 0.05 55094.6
0 3045 4 phononTS 0.000455806 -1.90511 0.193353 0.0442237 27281.3 0.00034743 1 0.0660008 -0.294122 0.05 28996.3
0 3178 4 phononTF 0.00154031 1.52798 0.00706041 -0.0247495 18148.8 0.00069486 1 0.0727113 -0.270274 0.05 21774.7
0 3195 5 phononL 0.00142674 -1.97963 1.40398 -0.0120815 15109.8 0.00034743 1 -0.111163 -0.219105 0.05 90780.9
0 3220 3 phononTS 0.00231191 3.2483 -0.564074 0.00558163 13460.3 0.00034743 1 0.0789701 -0.124449 0.05 90687.2
0 3251 2 phononTS 0.00202171 2.30994 -3.05591 -0.012694 3095.8 0.00104229 1 -0.0813157 -0.166423 0.05 5180.84
0 3252 4 phononL 0.00113129 1.74486 -1.65683 0.043522 5187.29 0.00034743 1 0.0968803 -0.137118 0.05 69919.7
0 3287 2 phononTS 0.00236662 0.705937 -3.65908 0.0112564 3519.74 0.00034743 1 -0.0716379 -0.214876 0.05 43571.7
0 3328 2 phononTS 0.001863 1.75395 -1.73305 0.0266217 6.07071 0.00034743 1 -0.103989 -0.202447 0.05 14914.8
0 3328 6 phononTF 0.00149357 -0.103989 -0.202447 0.049999 14914.8 0.00034743 1 -0.055102 -0.254854 0.05 15157.6
0 3335 2 phononTF 0.000799581 1.95323 -1.8927 -0.0342649 1838.52 0.00034743 1 -0.0445457 -0.292471 0.05 61449
0 3342 5 phononTF 0.000430652 2.02723 -0.000181665 0.049999 4423.52 0.00034743 1 0.0667507 -0.285776 0.05 78119.3
0 3344 4 phononL 0.00159085 -2.22395 2.82657 0.0354639 76646.8 0.00034743 1 -0.0298703 -0.23189 0.05 122912
0 3368 1 phononTS 0.004 1.75 -1.75 0 0 0.00034743 1 0.067608 -0.16274 0.05 5816.37
0 3368 2 phononTS 0.00271219 0.067608 -0.16274 0.049999 5816.37 0.00104229 1 0.0919251 -0.14117 0.05 5879.8
0 3368 12 phononTF 0.000548625 0.0919251 -0.14117 0.049999 5879.8 0.00034743 1 0.108282 -0.167501 0.05 5939.87
0 3382 1 phononTS 0.004 1.75 -1.75 0 0 0.00034743 1 0.0451357 -0.237905 0.05 4151.29
0 3382 3 phononL 0.00333345 0.0451357 -0.237905 0.049999 4151.29 0.00104229 1 0.0908023 -0.219824 0.05 4229.46
0 3382 9 phononTS 0.000886276 0.0908023 -0.219824 0.049999 4229.46 0.00034743 1 0.0441172 -0.144802 0.05 4805.03
0 3384 2 phononL 0.00269673 1.15741 -1.02345 -0.0311588 1795.85 0.00034743 1 0.0639137 -0.146982 0.05 3210.49
0 3420 3 phononL 0.00294862 2.91442 -0.900958 -0.0150184 6341.53 0.00138972 1 0.0365475 -0.101971 0.05 58593.6
0 3424 3 phononTF 0.00182995 4.9673 -1.80686 -0.00533959 8173.02 0.00069486 1 0.0766689 -0.181058 0.05 56494.9
0 3424 9 phononTS 0.000373196 0.0766689 -0.181058 0.049999 56494.9 0.00034743 1 -0.0372708 -0.146661 0.05 56616.7
0 3473 3 phononTS 0.00213574 1.0929 -1.64594 -0.0100362 14165.3 0.00069486 1 -0.0899248 -0.243446 0.05 16513.4
0 3473 7 phononL 0.00041277 -0.0899248 -0.243446 0.049999 16513.4 0.00034743 1 -0.0616739 -0.227025 0.05 16558
0 3488 5 phononTS 0.000830064 3.96887 -2.01319 -0.0132825 16813.7 0.00034743 1 0.096589 -0.265486 0.05 76889.8
0 3526 1 phononTS 0.004 1.75 -1.75 0 0 0.00034743 1 0.0214608 -0.224977 0.05 4043.18
0 3529 2 phononTS 0.00236536 0.473123 -0.839803 -0.0495556 14071.1 0.00104229 1 0.0866021 -0.275403 0.05 15734
0 3540 3 phononTF 0.00242776 2.13163 -1.96875 -0.0226387 2149.45 0.00138972 1 0.0502835 -0.220057 0.05 26192.3
0 3544 2 phononL 0.00079502 3.51463 -0.00686536 0.049999 5834.38 0.00034743 1 0.0240792 -0.215609 0.05 35879.7
0 3552 2 phononTS 0.00124335 1.68978 -2.36006 -0.0338651 7088.52 0.00034743 1 0.0290449 -0.0977221 0.05 47372.2
0 3555 2 phononTF 0.00227145 2.51592 -0.533254 0.0416176 9007.26 0.00034743 1 0.0230785 -0.205527 0.05 32473.9
0 3557 2 phononTF 0.00150388 1.6748 -1.67685 -0.0361732 84.2965 0.00034743 1 0.084743 -0.148809 0.05 2082.79
0 3561 3 phononL 0.00124816 -0.554507 -2.27922 0.042767 9679.43 0.00034743 1 0.0955123 -0.227339 0.05 24515.7
0 3568 2 phononTF 0.00271306 1.18812 -1.10405 0.0497123 1458.71 0.00069486 1 0.0470556 -0.25999 0.05 13419.4
0 3617 3 phononTS 0.0021743 1.84485 -1.89165 -0.0147411 5365.08 0.00104229 1 -0.0592387 -0.267287 0.05 12353.2
0 3649 5 phononL 0.000944443 -0.0684342 0.245483 0.0230526 10057.9 0.00069486 1 0.112188 -0.185394 0.05 28597.7
0 3691 5 phononTF 0.00191063 1.64339 -3.77064 -0.0338737 111279 0.00069486 1 0.0607575 -0.14497 0.05 133792
0 3726 2 phononTS 0.000691439 0.454305 0.0319397 0.049999 5598.54 0.00034743 1 -0.030693 -0.301653 0.05 29005.5
0 3729 6 phononTS 0.000878037 -0.847972 -1.22086 -0.0297596 32291.7 0.00034743 1 -0.0322065 -0.298336 0.05 36117.5
0 3732 3 phononTS 0.001913 -0.352076 -4.17653 -0.0318186 24077.6 0.00069486 1 0.0501254 -0.130331 0.05 30594.9
0 3759 3 phononL 0.00163939 1.82264 -1.41202 0.0128735 1198.66 0.00034743 1 0.0633392 -0.210121 0.05 68358.7
0 3787 1 phononL 0.004 1.75 -1.75 0 0 0.00208458 1 0.0144566 -0.218144 0.05 18516.5
0 3803 2 phononTF 0.00205718 0.593189 -0.536335 0.00345345 4869.68 0.00034743 1 0.100506 -0.262562 0.05 9171.06
0 3808 2 phononTF 0.00077701 1.52553 0.0223391 0.049999 6750.99 0.00034743 1 0.0325191 -0.304259 0.05 47602.1
0 3814 3 phononTF 0.00203655 0.469616 -0.521999 0.0210094 6336.47 0.00034743 1 -0.0313209 -0.260422 0.05 6663.77
0 3814 4 phononTS 0.00100923 -0.0313209 -0.260422 0.049999 6663.77 0.00034743 1 -0.0581062 -0.237202 0.05 6725.34
0 3831 4 phononTF 0.00191697 -0.017522 -1.83495 -0.00806979 8487.18 0.00069486 1 -0.0245001 -0.277911 0.05 35733.8
0 3854 2 phononL 0.00162986 2.06214 -1.55967 -0.0480255 2905.93 0.00034743 1 -0.0984906 -0.254929 0.05 46590.8
0 3890 2 phononTS 0.000888064 1.61916 -1.70078 -0.00787031 2427.47 0.00034743 1 -0.0328648 -0.256115 0.05 37118.2
0 3895 4 phononTS 0.001723 3.38374 -3.33563 -0.0136919 55907.6 0.00034743 1 0.0427656 -0.156216 0.05 113747
0 3914 3 phononTS 0.00136045 0.992721 -1.69599 0.00239944 393.678 0.00069486 1 0.0963833 -0.141739 0.05 51369.6
0 3928 1 phononTS 0.004 1.75 -1.75 0 0 0.00069486 1 -0.0803789 -0.187927 0.05 5743.26
0 3928 2 phononTF 0.000553254 -0.0803789 -0.187927 0.049999 5743.26 0.00034743 1 0.120187 -0.189256 0.05 5826.96
0 3962 4 phononTF 0.00187527 1.63712 -1.20184 -0.0490472 1714.06 0.00069486 1 -0.0522959 -0.250024 0.05 4599.31
0 3962 8 phononTF 0.000655432 -0.0522959 -0.250024 0.049998 4599.31 0.00034743 1 -0.0678048 -0.152742 0.05 4668.98
0 3997 2 phononTF 0.00126134 0.95052 -1.43911 -0.00714525 539.547 0.00034743 1 0.0281274 -0.288425 0.05 36755.8
0 4007 5 phononTS 0.00156682 3.9444 -4.00828 0.0183431 41677.3 0.00069486 1 0.0510402 -0.293929 0.05 80634.8
0 4025 3 phononTS 0.00253249 0.98746 -1.52088 0.0286571 15592 0.00138972 1 -0.0395168 -0.201503 0.05 74670.6
0 4028 7 phononTS 0.00121525 1.46816 1.70746 0.0388563 38361.1 0.00034743 1 -0.0637783 -0.237098 0.05 48552.6
0 4028 9 phononTS 0.000412033 -0.0637783 -0.237098 0.049998 48552.6 0.00034743 1 0.0324684 -0.244091 0.05 49266.2
0 4044 2 phononTF 0.00228662 2.54236 -1.21204 -0.0128091 11492.4 0.00034743 1 0.0571147 -0.206505 0.05 23034.8
0 4050 3 phononTF 0.00246659 1.70855 -1.69195 -0.00731862 49.1382 0.00034743 1 0.0753677 -0.193531 0.05 5603.39
0 4059 1 phononTF 0.004 1.75 -1.75 0 0 0.00069486 1 0.0394886 -0.298462 0.05 6403.66
0 4059 4 phononL 0.000349473 0.0394886 -0.298462 0.049999 6403.66 0.00034743 1 -0.0237606 -0.132548 0.05 7168.94
0 4060 3 phononL 0.0023268 1.97521 -2.46213 0.0215853 3721.13 0.00069486 1 -0.0538487 -0.139427 0.05 18738.6
0 4088 3 phononL 0.00120317 1.73685 -1.04206 0.0416702 1395.19 0.00034743 1 -0.0202413 -0.241284 0.05 6394.59
0 4088 6 phononTF 0.000677742 -0.0202413 -0.241284 0.049999 6394.59 0.00034743 1 -0.0491235 -0.268405 0.05 6455.49
0 4095 5 phononTS 0.00157438 4.18862 1.70046 -0.0450527 38988.3 0.00034743 1 -0.114155 -0.183488 0.05 75351.6
0 4095 6 phononTS 0.000440814 -0.114155 -0.183488 0.049999 75351.6 0.00034743 1 -0.0629681 -0.126336 0.05 75423.1
0 4114 2 phononL 0.00225125 1.34565 -0.855395 -0.00111786 7459.98 0.00034743 1 -0.100245 -0.173341 0.05 8479.79
0 4114 5 phononTS 0.00153636 -0.100245 -0.173341 0.049999 8479.79 0.00069486 1 -0.0854433 -0.20409 0.05 10109.5
0 4123 2 phononTF 0.0018214 2.2315 -1.85332 0.00929994 4131.38 0.00034743 1 0.0241026 -0.215178 0.05 105764
0 4137 2 phononTF 0.00265604 0.862888 -2.40199 0.0224671 3810.76 0.00034743 1 0.0617666 -0.227776 0.05 15731.5
0 4139 5 phononL 0.0011348 -0.660762 -1.00199 -0.0366168 81821.1 0.00034743 1 -0.0207877 -0.154641 0.05 82532.7
0 4139 7 phononTS 0.000730162 -0.0207877 -0.154641 0.049999 82532.7 0.00034743 1 0.0626404 -0.294904 0.05 82628.5
0 4147 1 phononTS 0.004 1.75 -1.75 0 0 0.00034743 1 0.0512989 -0.246821 0.05 11675.3
0 4147 2 phononTF 0.00212402 0.0512989 -0.246821 0.049999 11675.3 0.00069486 1 -0.0622339 -0.13667 0.05 11888.1
0 4152 4 phononTS 0.000770013 0.327535 0.0326929 0.049999 4171.29 0.00034743 1 -0.0413441 -0.245263 0.05 4931.94
0 4162 3 phononTS 0.00334665 0.866488 -1.48587 -0.0312082 2692.91 0.00069486 1 -0.0486587 -0.249646 0.05 4599.96
0 4181 7 phononTS 0.00133043 2.89305 -0.332025 -0.0344849 88245.5 0.00034743 1 0.0844587 -0.195448 0.05 124575
0 4217 3 phononTS 0.00126869 2.30074 -1.70434 -0.0109504 901.899 0.00069486 1 0.0165508 -0.236899 0.05 15912.2
0 4225 5 phononTF 0.00116145 -0.474466 0.987512 0.00952476 11243 0.00034743 1 -0.056634 -0.240057 0.05 53072.2
0 4242 3 phononTS 0.00194705 0.977715 -2.67791 0.0443789 6566.55 0.00034743 1 0.019447 -0.212946 0.05 10864
0 4260 2 phononL 0.00222616 1.78018 -1.41326 0.0395533 2198.7 0.00069486 1 -0.0439001 -0.258449 0.05 6914.27
0 4260 5 phononTS 0.000554467 -0.0439001 -0.258449 0.049999 6914.27 0.00034743 1 -0.101471 -0.244774 0.05 6991.28
0 4304 2 phononTS 0.00209703 -0.738179 -1.17858 -0.00777081 3068.08 0.00034743 1 0.0325613 -0.262076 0.05 13872.4
0 4304 4 phononTF 0.00140895 0.0325613 -0.262076 0.049999 13872.4 0.00069486 1 0.119998 -0.208229 0.05 14012.9
0 4321 2 phononL 0.00226869 1.4127 -1.60372 -0.0332408 2773.22 0.00138972 1 -0.0955727 -0.168918 0.05 4378.68
0 4340 3 phononTF 0.0019119 1.30298 -2.06716 -0.0474809 1236.31 0.00034743 1 0.0550321 -0.225072 0.05 103682
0 4353 4 phononTS 0.000685436 2.81159 -0.163642 0.0448027 5935.47 0.00034743 1 0.0747311 -0.21223 0.05 12483.2
0 4360 3 phononTS 0.00144247 1.24001 -1.82172 0.0470614 400.103 0.00034743 1 0.106871 -0.218506 0.05 20803.5
0 4370 4 phononTS 0.00103045 -2.24014 3.03734 0.0125662 39434.3 0.00034743 1 -0.116247 -0.179646 0.05 45642
0 4375 2 phononTS 0.00121689 1.89577 -1.73527 0.000409583 61.2319 0.00069486 1 -0.0292479 -0.25802 0.05 99031
0 4380 4 phononTF 0.00153417 3.02741 -2.82281 0.0295048 3777.69 0.00034743 1 -0.0668801 -0.20179 0.05 19823.5
0 4380 7 phononTS 0.000784227 -0.0668801 -0.20179 0.049998 19823.5 0.00034743 1 -0.0170005 -0.238843 0.05 28541.4
0 4383 3 phononTF 0.00218852 1.62089 -1.65913 -0.00153307 354.024 0.00069486 1 -0.0284471 -0.205981 0.05 25988.5
0 4401 3 phononTS 0.00187354 2.06395 -3.17026 0.0499924 4310.05 0.00034743 1 0.0260838 -0.18229 0.05 18444.7
0 4408 2 phononTS 0.00269705 1.88094 -1.653 -0.0270008 1060.42 0.00034743 1 -0.0899818 -0.262105 0.05 5465.67
0 4408 6 phononTS 0.00172197 -0.0899818 -0.262105 0.049999 5465.67 0.00034743 1 0.0186414 -0.184859 0.05 6984.85
0 4408 12 phononTS 0.000541978 0.0186414 -0.184859 0.049999 6984.85 0.00034743 1 -0.080616 -0.165289 0.05 15291.1
0 4414 4 phononTS 0.00136565 3.0883 0.307871 -0.0483911 8216.73 0.00034743 1 0.0410647 -0.217645 0.05 34385.1
0 4416 2 phononL 0.00239496 2.68906 -1.1615 -0.0273644 3075.95 0.00069486 1 0.0493311 -0.115484 0.05 6536.88
0 4440 3 phononTF 0.00199142 -0.211133 -3.91932 0.037594 23806.1 0.00034743 1 -0.0883223 -0.213356 0.05 46659.9
0 4446 4 phononTS 0.0012998 -2.41137 -1.41283 0.0440514 10200.4 0.00034743 1 0.115719 -0.191376 0.05 24441
0 4466 3 phononTS 0.00192147 1.74978 -1.51704 -0.0434735 796.319 0.00069486 1 -0.0689833 -0.216271 0.05 39534
0 4466 11 phononL 0.000765951 -0.0689833 -0.216271 0.049998 39534 0.00069486 1 0.0416746 -0.181771 0.05 40977.1
0 4495 5 phononTS 0.00150196 1.17016 -0.167552 0.0405053 11525.1 0.00034743 1 -0.0987983 -0.236318 0.05 15347.2
0 4537 3 phononTS 0.00141974 1.94913 -1.92583 0.0376778 307.794 0.00034743 1 0.105561 -0.217315 0.05 175550
0 4539 1 phononTF 0.004 1.75 -1.75 0 0 0.00069486 1 -0.114984 -0.231747 0.05 3644.75
0 4539 6 phononTF 0.000898556 -0.114984 -0.231747 0.049999 3644.75 0.00034743 1 -0.0185203 -0.159005 0.05 3760.97
0 4545 2 phononTF 0.00287945 0.355679 -0.903251 0.0295949 10573.3 0.00138972 1 -0.0271873 -0.117912 0.05 18995.1
0 4547 4 phononTF 0.00126385 -1.29378 -1.41303 0.0427206 16375.8 0.00034743 1 -0.0714131 -0.159505 0.05 65083.9
0 4548 2 phononL 0.00151308 2.35118 -1.95389 -0.0185459 7773.24 0.00069486 1 -0.025181 -0.176283 0.05 9390.44
0 4549 3 phononL 0.00227998 -0.0518383 -0.725508 -0.0311112 6100.99 0.00104229 1 -0.0779385 -0.221529 0.05 9886.19
0 4581 3 phononTS 0.00189299 1.63043 -2.24072 -0.0389882 462.858 0.00034743 1 0.084232 -0.135598 0.05 3618.56
0 4583 3 phononTS 0.00243533 -0.0295821 -0.648665 0.0347127 6519.87 0.00069486 1 0.0214532 -0.202477 0.05 7882.98
0 4583 2 phononTS 0.00156467 -0.0295821 -0.648665 0.0347127 6519.87 0.00069486 1 -0.053077 -0.107497 0.05 7058.86
0 4613 3 phononTF 0.00240868 2.50023 -1.05599 0.0360415 1244.1 0.00069486 1 0.0561014 -0.147008 0.05 37966.9
0 4613 14 phononTS 0.000539916 0.0561014 -0.147008 0.049999 37966.9 0.00034743 1 0.0547578 -0.146188 0.05 38024.9
0 4613 7 phononTS 0.000589573 0.0561014 -0.147008 0.049999 37966.9 0.00034743 1 0.0562058 -0.153761 0.05 38026.9
0 4629 2 phononTS 0.0022948 1.75022 -1.75002 0.000263107 0.0645162 0.00069486 1 -0.0489985 -0.201445 0.05 5658.7
0 4629 4 phononTS 0.000417171 -0.0489985 -0.201445 0.049999 5658.7 0.00034743 1 -0.0573915 -0.191504 0.05 5724.41
0 4638 2 phononTS 0.00209505 1.27196 -1.96325 -0.0201749 4024.51 0.00069486 1 -0.0824871 -0.236281 0.05 23861.9
0 4638 8 phononTF 0.000609671 -0.0824871 -0.236281 0.049999 23861.9 0.00034743 1 -0.0498355 -0.274643 0.05 23921.8
0 4640 5 phononTS 0.00158955 -1.06101 -4.79108 -0.00366215 11963 0.00069486 1 -0.0166725 -0.227335 0.05 57133
0 4640 7 phononTF 0.000363031 -0.0166725 -0.227335 0.049999 57133 0.00034743 1 -0.0730323 -0.247287 0.05 57194.2
0 4662 4 phononTF 0.00166858 -2.37239 2.42961 0.0352916 32974 0.00069486 1 0.0219841 -0.248032 0.05 42377.8
0 4662 6 phononTS 0.000636241 0.0219841 -0.248032 0.049999 42377.8 0.00034743 1 0.0272015 -0.23894 0.05 42436.5
0 4689 5 phononTF 0.00125972 3.43615 1.45995 0.0423768 13427.2 0.00069486 1 -0.0478074 -0.106326 0.05 69851.4
0 4759 3 phononL 0.0023547 1.47125 -2.29367 0.017461 1745.48 0.00034743 1 -0.0760378 -0.163472 0.05 37069.4
0 4776 3 phononTS 0.00144016 2.84124 -0.1042 -0.0240996 9785.57 0.00034743 1 -0.048831 -0.123423 0.05 47929.7
0 4856 3 phononTS 0.00267511 3.0328 -0.458583 -0.0470896 4218.38 0.00034743 1 -0.0647014 -0.196179 0.05 49564.2
0 4867 1 phononTS 0.004 1.75 -1.75 0 0 0.00069486 1 0.0752571 -0.154197 0.05 10037.9
0 4867 4 phononTS 0.00221653 0.0752571 -0.154197 0.049999 10037.9 0.00069486 1 0.0467403 -0.130424 0.05 10099.6
0 4867 3 phononTF 0.000656423 0.0752571 -0.154197 0.049999 10037.9 0.00034743 1 0.0285083 -0.185454 0.05 10190.8
0 4869 2 phononL 0.00137981 0.539972 -1.2782 0.00156956 5882.23 0.00069486 1 -0.0457757 -0.179442 0.05 34866.9
0 4882 3 phononTF 0.00230889 1.54469 -1.15671 0.0463809 12910.4 0.00034743 1 0.0229617 -0.132731 0.05 33569
0 4884 2 phononTS 0.00232966 2.4222 -0.320937 0.0121551 3434.2 0.00034743 1 -0.0319341 -0.136796 0.05 4214.94
0 4889 2 phononTS 0.00174305 2.6891 -1.84988 -0.038823 1687.01 0.00034743 1 0.0931016 -0.266513 0.05 13080.9
0 4938 3 phononTS 0.00252232 1.08843 -1.48689 0.0491507 2512.01 0.00138972 1 0.0472109 -0.188828 0.05 4095.2
0 4977 2 phononTF 0.00134843 1.92701 -2.0843 0.00241952 1131.46 0.00069486 1 -0.0295521 -0.14681 0.05 9257.74
0 4980 3 phononL 0.00172701 1.7048 -1.75164 -0.0174599 6487.02 0.00034743 1 -0.0145775 -0.183815 0.05 74135.7
