Run ID,Event ID,Track ID,Particle Name,Start Energy [eV],Start X [mm],Start Y [mm],Start Z [mm],Start Time [ns],Energy Deposited [eV],Track Weight,End X [mm],End Y [mm],End Z [mm],Final Time [ns],Volume Name
0 12 5 phononL 0.000770575 1.73825 -0.958906 -0.0255803 58998.7 0.00034743 1 0.0344385 -0.268707 0.05 77732.8
0 20 3 phononTS 0.00200176 -3.19235 0.916447 0.038401 4930.49 0.00069486 1 0.0583339 -0.186265 0.05 17395.6
0 72 2 phononTF 0.0017197 -4.34861 2.79999 0.0195013 3031.36 0.00034743 1 0.0307325 -0.17991 0.05 24693.8
0 156 3 phononTS 0.00161907 -2.86398 1.55627 -0.0478171 7412.99 0.00034743 1 0.0145314 -0.213874 0.05 94284.1
0 181 3 phononTS 0.00232398 -4.24721 -0.475301 0.0230404 7241.98 0.00104229 1 -0.0595255 -0.292476 0.05 25332
0 181 9 phononTS 0.0008453 -0.0595255 -0.292476 0.049999 25332 0.00034743 1 -0.0397848 -0.245229 0.05 25609
0 184 3 phononL 0.00173428 -4.96725 0.522314 0.0439605 6803.52 0.00034743 1 -0.0408404 -0.18646 0.05 24021.5
0 184 4 phononTS 0.000842556 -0.0408404 -0.18646 0.049999 24021.5 0.00034743 1 -0.041819 -0.0969162 0.05 24204.3
0 202 2 phononL 0.00216783 -3.99105 1.11891 -0.0259727 355.202 0.00104229 1 0.0558335 -0.174332 0.05 17514.5
0 277 3 phononTF 0.000845049 -4.29628 0.0604036 0.049999 2304.57 0.00034743 1 -0.0584225 -0.293508 0.05 4418.09
0 300 2 phononTF 0.00206444 -4.61445 1.56564 0.0420605 7263.57 0.00034743 1 0.040857 -0.255135 0.05 14276.1
0 371 5 phononTF 0.00170241 -0.618476 -0.323164 -0.026199 21067.4 0.00034743 1 0.0302811 -0.158311 0.05 36955.7
0 375 5 phononTS 0.00183957 -3.72676 2.39726 -0.0195078 34965.7 0.00034743 1 0.050071 -0.181616 0.05 44367.4
0 375 7 phononTS 0.000547035 0.050071 -0.181616 0.049999 44367.4 0.00034743 1 -0.0382909 -0.200465 0.05 48959.4
0 435 4 phononTF 0.00148194 -4.94201 3.82126 0.0427863 15386.4 0.00104229 1 -0.0281245 -0.14369 0.05 61240.2
0 457 4 phononTF 0.00113295 2.95236 -1.48115 0.0496765 28984.5 0.00034743 1 0.0875014 -0.271055 0.05 42354.1
0 463 5 phononL 0.000570906 -3.23891 0.0513653 0.049999 6687.89 0.00034743 1 -0.108467 -0.232931 0.05 13952.9
0 475 2 phononTF 0.00147775 -3.79328 1.02936 0.0145875 350.556 0.00034743 1 0.0609404 -0.139913 0.05 28651.7
0 480 2 phononTF 0.000352953 -4.92132 1.78931 -0.016996 9787.98 0.00034743 1 -0.09186 -0.227455 0.05 14908.9
0 483 3 phononL 0.00166166 -4.20172 0.691198 -0.00646227 751.497 0.00034743 1 -0.0301298 -0.237738 0.05 23748.3
0 546 3 phononL 0.00179754 -2.80429 1.74506 0.0217236 8241.41 0.00069486 1 0.0884965 -0.123803 0.05 36127.6
0 606 2 phononTS 0.00165103 -4.17717 1.1677 0.000204739 2718.25 0.00069486 1 -0.0656857 -0.261279 0.05 5834.41
0 607 2 phononTS 0.00146882 -3.48803 1.4401 0.0170563 1049.05 0.00034743 1 0.0540938 -0.237887 0.05 61919.4
0 607 4 phononTF 0.000535063 0.0540938 -0.237887 0.049999 61919.4 0.00034743 1 0.0532886 -0.25693 0.05 61986
0 631 3 phononTS 0.00235164 -4.63185 1.99306 0.00115509 3071.68 0.00034743 1 -0.0335054 -0.133488 0.05 39461.3
0 631 4 phononTS 0.00172811 -0.0335054 -0.133488 0.049999 39461.3 0.00034743 1 -0.0919356 -0.228576 0.05 39545.2
0 636 2 phononTS 0.000739916 -4.78581 0.0688357 0.049999 2520.48 0.00034743 1 0.039013 -0.30282 0.05 74251
0 672 2 phononTS 0.00223912 -3.29723 2.66465 0.0102916 5184.16 0.00069486 1 -0.0649457 -0.205387 0.05 17811.2
0 709 2 phononTS 0.00203866 -3.62879 1.34875 -0.00180185 2586.32 0.00069486 1 -0.0524568 -0.276981 0.05 16393.4
0 762 3 phononTS 0.00271531 -3.46078 1.51988 0.0329159 2876.77 0.00069486 1 -0.0585921 -0.167184 0.05 14922.3
0 762 4 phononTF 0.00153237 -0.0585921 -0.167184 0.049999 14922.3 0.00034743 1 -0.0908479 -0.192503 0.05 15101
0 775 3 phononTF 0.00132575 -4.45423 -1.47668 -0.0420686 9324.4 0.00034743 1 -0.0932104 -0.269537 0.05 20642
0 856 5 phononTS 0.00120037 -1.44785 1.00469 0.0357645 29805.2 0.00069486 1 0.078399 -0.270923 0.05 36823.9
0 869 4 phononL 0.00108976 -2.96436 3.17882 0.0257619 34843.8 0.00034743 1 0.0597802 -0.246295 0.05 83095.6
0 872 3 phononL 0.00280533 -4.26707 2.16813 -0.0450645 1463.39 0.00104229 1 -0.0572982 -0.168439 0.05 39371.4
0 872 2 phononTF 0.00119467 -4.26707 2.16813 -0.0450645 1463.39 0.00034743 1 -0.0122003 -0.213322 0.05 25860.4
0 873 3 phononTS 0.00261405 -4.71044 0.895664 0.0435681 2857.54 0.00034743 1 0.0722425 -0.125825 0.05 30558.8
0 893 2 phononTS 0.00155302 -3.30227 2.24876 0.0489988 2107.91 0.00034743 1 0.0429661 -0.236344 0.05 70695.2
0 896 5 phononTF 0.000523841 -3.36455 0.0422402 0.049998 6235.38 0.00034743 1 -0.065646 -0.285675 0.05 67030.8
0 926 2 phononL 0.00207419 -2.91321 1.43283 0.048326 1319.45 0.00069486 1 0.0885838 -0.199654 0.05 62223.8
0 933 3 phononTS 0.00272612 -4.54199 0.22577 0.032179 2144.16 0.00034743 1 -0.0650665 -0.193952 0.05 22136.1
0 959 3 phononTF 0.0023901 -2.6889 0.763463 0.0116939 5275.77 0.00034743 1 -0.0262932 -0.265298 0.05 46772
0 978 2 phononTS 0.00184524 -2.71995 0.816821 -0.0270057 2043.91 0.00034743 1 0.0282915 -0.264989 0.05 16090.2
0 979 2 phononTS 0.00214653 -3.58726 0.816992 -0.0348219 373.382 0.00069486 1 -0.056572 -0.265234 0.05 11868.5
0 979 7 phononTF 0.00102407 -0.056572 -0.265234 0.049999 11868.5 0.00069486 1 0.0299788 -0.265397 0.05 11931
0 988 3 phononTF 0.00247459 -3.92043 1.48898 0.00307888 4356.88 0.00069486 1 0.0587 -0.155782 0.05 27177.9
0 1033 4 phononTS 0.00144472 -3.43223 -0.126948 -0.00976314 38587.2 0.00069486 1 -0.0897908 -0.127856 0.05 44970.1
0 1074 5 phononTS 0.0015974 -2.5441 1.38756 -0.0118179 13064.9 0.00034743 1 -0.0407109 -0.245861 0.05 52830.7
0 1213 2 phononTF 0.00279981 -4.57693 -0.188311 0.0249311 21372.7 0.00069486 1 -0.0591823 -0.204336 0.05 48122.1
0 1232 3 phononTF 0.00180484 -4.42409 1.49897 -0.0196649 1222.11 0.00034743 1 -0.0254657 -0.190618 0.05 15490
0 1289 4 phononTS 0.000587623 1.83752 -0.284673 -0.0342693 51091.1 0.00034743 1 0.101831 -0.151116 0.05 127863
0 1483 5 phononL 0.00114058 3.18218 -0.767886 -0.037327 76213.8 0.00034743 1 0.105557 -0.208607 0.05 156410
0 1491 3 phononTF 0.00146841 -3.18774 0.834073 -0.0133547 611.481 0.00069486 1 -0.0217144 -0.211411 0.05 9937.11
0 1496 3 phononTF 0.00192272 -4.31014 1.96265 0.00804105 1154.52 0.00034743 1 -0.0926642 -0.196398 0.05 6088.17
0 1504 2 phononTF 0.00254927 -3.81644 1.33965 0.0149898 10142.6 0.00034743 1 -0.0539468 -0.151939 0.05 24872.3
0 1504 5 phononTF 0.000872589 -0.0539468 -0.151939 0.049999 24872.3 0.00034743 1 0.0729114 -0.149368 0.05 24939.9
0 1508 3 phononTS 0.0012483 -3.65524 2.07495 -0.00717256 3918.89 0.00069486 1 -0.085932 -0.176958 0.05 101858
0 1511 4 phononTF 0.00150335 -4.09007 0.0622304 0.0260001 35011.2 0.00034743 1 0.0385953 -0.120939 0.05 57629.5
0 1516 3 phononTS 0.00254292 -4.00681 1.28608 0.0133197 117.422 0.00069486 1 -0.0637418 -0.112361 0.05 6393.6
0 1554 3 phononTS 0.00202616 -3.40052 0.830135 0.00651884 1434.52 0.00034743 1 0.0712894 -0.116782 0.05 13547.2
0 1578 2 phononL 0.00191287 -3.86142 2.15165 -0.0110957 3265.44 0.00069486 1 0.0925616 -0.263915 0.05 9964.63
0 1613 3 phononTS 0.00161676 -4.02208 1.58426 0.0282209 5649.71 0.00034743 1 0.0652853 -0.229134 0.05 24086.8
0 1617 2 phononTF 0.00157575 -4.02582 1.30848 -0.0412126 997.714 0.00034743 1 0.0614512 -0.232035 0.05 57839.1
0 1617 6 phononL 0.000864838 0.0614512 -0.232035 0.049999 57839.1 0.00034743 1 -0.0289235 -0.24153 0.05 58338
0 1618 4 phononL 0.00112033 1.05979 -2.2621 0.00822005 27677.6 0.00034743 1 -0.068707 -0.22345 0.05 41322.3
0 1623 4 phononTS 0.000764954 3.15176 -4.02096 0.0310825 60852.4 0.00034743 1 0.0356295 -0.236169 0.05 72004.7
0 1691 2 phononTS 0.00251934 -3.73859 2.60029 0.0388752 3757.81 0.00069486 1 -0.0714803 -0.215201 0.05 12474.2
0 1691 5 phononTF 0.00104424 -0.0714803 -0.215201 0.049998 12474.2 0.00034743 1 0.103717 -0.14582 0.05 14201.9
0 1691 13 phononTF 0.000434818 0.103717 -0.14582 0.049999 14201.9 0.00034743 1 0.0906008 -0.143942 0.05 63115.2
0 1691 4 phononTF 0.000585438 -0.0714803 -0.215201 0.049998 12474.2 0.00034743 1 -0.0403549 -0.166137 0.05 12536.3
0 1712 3 phononTS 0.00175262 -3.57052 0.280838 0.0371249 6176.73 0.00034743 1 0.076253 -0.165249 0.05 12382.8
0 1712 5 phononL 0.000453823 0.076253 -0.165249 0.049998 12382.8 0.00034743 1 0.0372447 -0.288356 0.05 24701.4
0 1712 4 phononTF 0.000789538 0.076253 -0.165249 0.049998 12382.8 0.00034743 1 -0.0211367 -0.220334 0.05 12515.2
0 1729 3 phononTS 0.000807344 -3.25211 1.64359 -0.0356919 3137.63 0.00034743 1 0.080788 -0.233863 0.05 80447.3
0 1743 2 phononTS 0.00158471 -3.29607 3.06487 0.0351921 5316.88 0.00069486 1 0.0296581 -0.198249 0.05 126863
0 1764 3 phononL 0.00275243 -1.41238 0.607582 -0.00942215 7971.74 0.00034743 1 0.119483 -0.187588 0.05 43272.8
0 1764 7 phononTF 0.000351582 0.119483 -0.187588 0.049999 43272.8 0.00034743 1 0.109447 -0.180933 0.05 44771.9
0 1764 6 phononTS 0.00105444 0.119483 -0.187588 0.049999 43272.8 0.00069486 1 -0.0487835 -0.11915 0.05 43373.4
0 1793 2 phononL 0.00146251 -4.85029 1.51048 0.0419472 3377.16 0.00034743 1 -0.0562197 -0.287042 0.05 10842.8
0 1839 2 phononL 0.00185419 -3.66246 1.41184 0.0142861 2473.91 0.00069486 1 -0.0745126 -0.191837 0.05 35519.3
0 1872 2 phononTF 0.00182687 -4.75308 1.11865 0.0403639 3353.14 0.00034743 1 0.0865619 -0.127996 0.05 53787.3
0 1873 5 phononTS 0.000930499 -0.683498 2.70201 -0.00315573 17875.6 0.00034743 1 0.0471286 -0.217898 0.05 95064.1
0 1880 3 phononTS 0.00268658 -3.01046 0.73526 0.0474851 9239.05 0.00034743 1 0.11029 -0.154342 0.05 20770.5
0 1892 8 phononTS 0.000670389 0.852422 0.255304 -0.0212328 25727.6 0.00034743 1 0.0223575 -0.140092 0.05 27597.6
0 1924 3 phononTF 0.000441943 -2.40758 0.0580013 0.049999 3745.09 0.00034743 1 0.07371 -0.171788 0.05 35654.8
0 1935 2 phononTF 0.00218587 -4.18082 2.69343 0.0108323 18783.2 0.00069486 1 -0.0411422 -0.119193 0.05 24105
0 1984 3 phononTS 0.00245751 -0.275543 1.21206 -0.0126912 14019.9 0.00034743 1 -0.0831507 -0.174442 0.05 53449.1
0 2023 5 phononL 0.00149212 -4.2525 4.45209 0.0170414 27269.8 0.00069486 1 0.0113647 -0.214291 0.05 31912.3
0 2086 5 phononTF 0.00133373 -1.41502 -1.60184 0.0300169 9643.49 0.00034743 1 0.0797484 -0.132956 0.05 109337
0 2122 3 phononTS 0.0024983 -3.13719 0.958236 -0.0416119 1221.08 0.00069486 1 0.0618319 -0.278331 0.05 15783.3
0 2144 3 phononTF 0.00150284 -3.79305 1.81206 -6.96493e-05 7437.27 0.00034743 1 -0.0301544 -0.237245 0.05 68874.8
0 2144 5 phononTS 0.000533265 -0.0301544 -0.237245 0.049999 68874.8 0.00034743 1 0.0428839 -0.175422 0.05 71411.2
0 2157 2 phononTS 0.00207941 -3.48383 1.28469 -0.0459804 958.146 0.00069486 1 -0.0562106 -0.102084 0.05 14323.3
0 2157 4 phononTS 0.000756638 -0.0562106 -0.102084 0.049998 14323.3 0.00034743 1 -0.0701698 -0.242655 0.05 15274.6
0 2158 2 phononTS 0.00122329 -3.52148 1.01965 -0.0139459 1646.02 0.00034743 1 0.0280654 -0.104662 0.05 39393.9
0 2158 4 phononTF 0.000680896 0.0280654 -0.104662 0.049999 39393.9 0.00034743 1 -0.072045 -0.160079 0.05 39465.5
0 2180 5 phononTS 0.000551906 -3.71466 0.0407506 0.049998 3508.96 0.00034743 1 0.0385134 -0.11046 0.05 8078.87
0 2186 5 phononTF 0.0020776 -1.93875 -0.862182 -0.0369848 7528.96 0.00034743 1 0.0579179 -0.177864 0.05 130563
0 2192 2 phononTS 0.00037418 -3.13702 0.0500234 0.049999 1710.17 0.00034743 1 0.0271183 -0.279615 0.05 6492.29
0 2214 2 phononL 0.00160076 -4.6223 2.11481 0.0239318 4418.87 0.00069486 1 -0.0586419 -0.218151 0.05 38847
0 2215 2 phononTS 0.00198055 -0.916617 0.23453 -0.0172406 22584.6 0.00069486 1 -0.0884008 -0.172155 0.05 32422.9
0 2217 4 phononTF 0.00180549 -3.03518 0.412774 -0.0107636 57005.9 0.00069486 1 -0.0968292 -0.171281 0.05 85863.2
0 2280 5 phononTS 0.00137272 -4.43089 -1.05077 0.0113639 6498.47 0.00069486 1 -0.0722772 -0.128659 0.05 89570.6
0 2285 3 phononTS 0.00228834 -3.14109 1.24658 0.0306871 1935.19 0.00034743 1 0.120176 -0.199294 0.05 10752
0 2314 4 phononTS 0.000952494 -0.25679 -1.25225 -0.0234336 26095.3 0.00034743 1 -0.114746 -0.170976 0.05 30071
0 2319 2 phononTF 0.000680761 -2.61852 0.980829 -0.0112208 4993.86 0.00034743 1 -0.0635427 -0.295332 0.05 45013.2
0 2327 2 phononTF 0.00146029 -3.7416 1.39641 -0.0164664 90.9859 0.00034743 1 -0.0790005 -0.177972 0.05 26800.1
0 2327 5 phononTS 0.000923672 -0.0790005 -0.177972 0.049999 26800.1 0.00034743 1 -0.0892305 -0.221887 0.05 41853.8
0 2359 2 phononTS 0.00248286 -3.11723 1.12521 0.030827 1318.37 0.00069486 1 0.037063 -0.296929 0.05 57533.3
0 2400 2 phononL 0.000938043 -3.39319 1.97521 -0.0164569 3414.15 0.00034743 1 0.0132881 -0.221577 0.05 40148.4
0 2451 3 phononTF 0.00185532 -2.69445 0.831242 -0.0154823 12434.2 0.00069486 1 0.0857904 -0.144633 0.05 15850.9
0 2451 4 phononTS 0.000371023 0.0857904 -0.144633 0.049999 15850.9 0.00034743 1 -0.092675 -0.218356 0.05 16032.5
0 2455 4 phononTF 0.00175347 0.167123 0.446507 -0.0277947 27437.3 0.00034743 1 -0.0269806 -0.212391 0.05 28002.5
0 2462 5 phononTS 0.00115192 -4.21164 -3.94829 -0.0189513 60800.1 0.00034743 1 0.102934 -0.192337 0.05 79027.6
0 2503 5 phononL 0.00217582 -2.43854 3.66311 -0.0122415 11866.6 0.00034743 1 -0.10397 -0.146465 0.05 42359.6
0 2503 9 phononTF 0.00037371 -0.10397 -0.146465 0.049999 42359.6 0.00034743 1 -0.118108 -0.223438 0.05 42509.6
0 2510 3 phononTF 0.00158223 -3.73322 1.29205 0.042004 17.8132 0.00034743 1 0.0682874 -0.22487 0.05 4207.92
0 2513 3 phononTS 0.00287078 -2.0209 1.30418 -0.00197687 2957.41 0.00104229 1 -0.0945427 -0.177512 0.05 11738.1
0 2530 2 phononTS 0.00223538 -3.12233 1.18881 -0.0441632 3124.71 0.00034743 1 0.10589 -0.21681 0.05 17152.7
0 2553 2 phononTF 0.00193286 -3.76476 1.28641 -0.0424688 10.7623 0.00034743 1 -0.0250016 -0.137451 0.05 43205.8
0 2571 2 phononL 0.00182338 -2.51261 0.558845 0.0329814 2459.72 0.00034743 1 0.0334029 -0.218318 0.05 22727.9
0 2573 3 phononL 0.00201478 -3.28761 1.75713 -0.027446 1968.18 0.00104229 1 0.050317 -0.16381 0.05 59890.5
0 2582 4 phononTS 0.00133426 -4.36376 2.41058 -0.0327333 24431.2 0.00034743 1 -0.0308851 -0.150858 0.05 123640
0 2584 3 phononL 0.00155822 -4.78594 2.31464 -0.0430045 10942.3 0.00069486 1 -0.0232874 -0.125149 0.05 44117
0 2624 2 phononTF 0.000784969 -3.75664 1.24853 -0.00660515 1.76784 0.00034743 1 -0.0693043 -0.231813 0.05 21508.8
0 2625 3 phononTF 0.00186805 -2.43344 2.40084 -0.0490804 6747.78 0.00069486 1 -0.088942 -0.136721 0.05 11565.8
0 2625 11 phononTF 0.000885164 -0.088942 -0.136721 0.049999 11565.8 0.00034743 1 0.0460989 -0.221409 0.05 11723.4
0 2660 3 phononTS 0.00176297 -3.67691 1.2814 0.0103432 24.1789 0.00034743 1 0.0746066 -0.174314 0.05 19527.9
0 2680 3 phononTS 0.00179742 -3.44208 1.2233 -0.00764851 528.307 0.00104229 1 -0.0872224 -0.257443 0.05 72506.5
0 2680 4 phononTS 0.000364224 -0.0872224 -0.257443 0.049999 72506.5 0.00034743 1 0.0400621 -0.104467 0.05 72619.5
0 2694 5 phononTF 0.00101069 -3.12135 0.907845 -0.0079547 3766.16 0.00034743 1 -0.0264948 -0.242191 0.05 7323.21
0 2737 2 phononTS 0.00245209 -3.31983 0.418665 -0.0111527 1604.53 0.00034743 1 0.0400796 -0.288605 0.05 39501.6
0 2783 3 phononL 0.00154455 -3.50999 0.696262 0.019729 1321.23 0.00034743 1 0.0618585 -0.147058 0.05 25510.5
0 2811 2 phononTF 0.0011794 -2.94848 0.600171 0.0334524 1424.2 0.00034743 1 0.0206928 -0.201526 0.05 3394.55
0 2817 2 phononTF 0.00153874 -3.18158 2.06585 0.028786 1419.15 0.00034743 1 -0.0697681 -0.211658 0.05 11784.7
0 2817 4 phononL 0.00113994 -0.0697681 -0.211658 0.049999 11784.7 0.00034743 1 0.0809715 -0.257328 0.05 17685.1
0 2818 3 phononTF 0.00245164 -4.74242 1.59585 -0.00307595 5321.77 0.00104229 1 0.0197197 -0.19683 0.05 28849.9
0 2842 3 phononTS 0.00119389 -0.858864 0.0772145 0.0272803 13207.9 0.00034743 1 0.114685 -0.175901 0.05 43132
0 2846 3 phononTF 0.00210037 -3.7777 1.90695 -0.0272759 490.386 0.00069486 1 0.0894982 -0.194484 0.05 23052.9
0 2904 2 phononTS 0.000853015 -3.33434 0.0196392 0.049999 5683.73 0.00034743 1 -0.039886 -0.101422 0.05 24117.1
0 2908 2 phononTS 0.00256077 -3.68224 1.0098 0.00536867 1781.19 0.00138972 1 -0.0613985 -0.152595 0.05 41695.3
0 2908 11 phononL 0.000673377 -0.0613985 -0.152595 0.049999 41695.3 0.00034743 1 0.0405736 -0.258825 0.05 41751.8
0 2949 3 phononTS 0.0021915 -4.22216 1.47829 0.0092401 2011.11 0.00034743 1 0.0973592 -0.136816 0.05 13113.3
0 2949 4 phononTS 0.000438612 0.0973592 -0.136816 0.049999 13113.3 0.00034743 1 0.116089 -0.222275 0.05 13202.1
0 3055 3 phononTS 0.00168145 -3.56832 0.923047 0.021128 2958.65 0.00069486 1 0.031023 -0.242496 0.05 4727.25
0 3055 2 phononL 0.00231855 -3.56832 0.923047 0.021128 2958.65 0.00034743 1 0.0602493 -0.215231 0.05 62831.8
0 3064 2 phononTS 0.00214407 -3.47622 1.80667 0.0485466 553.147 0.00104229 1 -0.10937 -0.212221 0.05 24832.6
0 3104 5 phononTS 0.00217629 -4.38536 -4.11088 -0.00557198 23663.8 0.00069486 1 0.0169925 -0.204472 0.05 87395.6
0 3120 2 phononTS 0.00136426 -4.15991 1.65149 -0.0300877 890.99 0.00034743 1 -0.0344767 -0.207223 0.05 32807.6
0 3136 3 phononTS 0.00172997 -4.72699 0.511313 -0.0132179 8517.65 0.00034743 1 0.112068 -0.219078 0.05 72648.1
0 3136 7 phononL 0.000603385 0.112068 -0.219078 0.049999 72648.1 0.00034743 1 -0.0324368 -0.115383 0.05 73627.9
0 3173 2 phononTS 0.00213141 -3.75772 1.16245 0.045195 137.473 0.00069486 1 0.0778201 -0.211439 0.05 54127.7
0 3200 3 phononL 0.00148995 -3.8075 1.0075 -0.0176476 719.21 0.00034743 1 0.0922033 -0.227611 0.05 100550
0 3220 2 phononTS 0.00109476 -0.494006 -0.232702 -0.012481 7591.59 0.00034743 1 -0.0400682 -0.240833 0.05 47546.3
0 3221 2 phononTF 0.00193249 -3.15444 1.30084 -0.0435429 661.075 0.00069486 1 -0.0846144 -0.204546 0.05 33251.7
0 3283 5 phononTS 0.00116782 3.39259 2.55008 0.0269276 49136.2 0.00034743 1 -0.0401598 -0.195382 0.05 100277
0 3283 9 phononL 0.000378555 -0.0401598 -0.195382 0.049998 100277 0.00034743 1 -0.0526227 -0.13558 0.05 100336
0 3312 3 phononTF 0.00128991 -3.55661 1.51221 0.000383811 359.017 0.00069486 1 0.0688932 -0.234729 0.05 52123.3
0 3324 3 phononL 0.00170249 -3.71051 1.43278 0.0310019 255.458 0.00069486 1 0.112027 -0.17838 0.05 7949.68
0 3327 2 phononTS 0.000905557 -3.45122 1.99395 -0.0496716 1114.44 0.00034743 1 0.0640619 -0.125805 0.05 48509.6
0 3410 3 phononTF 0.0017884 -2.37251 1.22063 -0.0424581 2514.24 0.00069486 1 -0.0323172 -0.293037 0.05 9623.59
0 3414 3 phononTS 0.00242365 -4.03858 1.19877 -0.00614184 70.6918 0.00034743 1 -0.0297925 -0.192494 0.05 31936.1
0 3443 2 phononL 0.00196364 -3.73192 1.28503 0.0322765 9.39138 0.00034743 1 0.035329 -0.290044 0.05 13624.9
0 3443 4 phononTS 0.000669784 0.035329 -0.290044 0.049999 13624.9 0.00034743 1 0.0408938 -0.299111 0.05 13683.1
0 3468 2 phononTF 0.0026012 -4.24538 1.3163 0.0278794 256.305 0.00034743 1 -0.0656676 -0.132748 0.05 48771.1
0 3476 3 phononTF 0.00134073 -3.86046 3.42346 -0.0361032 6984.44 0.00034743 1 0.0866682 -0.240438 0.05 14837.8
0 3476 4 phononTF 0.000629182 0.0866682 -0.240438 0.049999 14837.8 0.00034743 1 -0.032055 -0.205383 0.05 15296.3
0 3566 5 phononTF 0.00110942 -4.40319 3.4865 0.0197009 17434.9 0.00034743 1 -0.0227636 -0.141615 0.05 77925.2
0 3569 2 phononTF 0.00192877 -2.52492 0.849596 0.0308606 6473.3 0.00069486 1 -0.0397635 -0.265331 0.05 40231.5
0 3585 2 phononTS 0.00125559 -4.89086 1.0741 0.0467485 5626.09 0.00034743 1 -0.053181 -0.198031 0.05 39208.3
0 3585 6 phononTS 0.000797306 -0.053181 -0.198031 0.049999 39208.3 0.00034743 1 -0.0549508 -0.233126 0.05 39271.1
0 3586 2 phononTS 0.00173061 -4.67259 1.06347 0.00980822 3203.88 0.00069486 1 0.0209098 -0.212907 0.05 70131.7
0 3614 4 phononL 0.00123734 -1.58798 -0.105353 -0.0402619 7636.05 0.00034743 1 -0.0907397 -0.131461 0.05 20049.7
0 3614 7 phononL 0.000582164 -0.0907397 -0.131461 0.049999 20049.7 0.00034743 1 -0.0210327 -0.249634 0.05 20194
0 3646 2 phononL 0.00153923 -2.09301 1.35899 0.032563 8820.51 0.00034743 1 -0.0785408 -0.114962 0.05 17720.5
0 3661 2 phononTS 0.00149566 -4.66741 0.678002 0.0135334 10734 0.00104229 1 -0.0521871 -0.121405 0.05 58550.7
0 3671 2 phononL 0.00184275 -2.6632 1.63637 0.0180534 2282.45 0.00034743 1 -0.0293293 -0.24088 0.05 4885.24
0 3671 7 phononTS 0.000683106 -0.0293293 -0.24088 0.049999 4885.24 0.00034743 1 -0.0192106 -0.220033 0.05 4941.54
0 3733 3 phononTS 0.00247128 -3.74668 0.992409 0.023361 2890.82 0.00034743 1 -0.0914911 -0.257675 0.05 8095.83
0 3733 5 phononTS 0.00156159 -0.0914911 -0.257675 0.049999 8095.83 0.00104229 1 -0.0638737 -0.147207 0.05 8181.52
0 3741 3 phononTF 0.00166949 -4.21866 1.12355 0.0279932 2775.66 0.00034743 1 0.095563 -0.184539 0.05 23703.8
0 3764 2 phononL 0.00200324 -3.91382 1.0825 0.0205619 6660.05 0.00034743 1 0.116783 -0.219178 0.05 53818.2
0 3764 6 phononTS 0.00124572 0.116783 -0.219178 0.049999 53818.2 0.00034743 1 0.0871403 -0.186195 0.05 53830.9
0 3781 2 phononTS 0.00256 -4.25123 1.32272 -0.0194333 3584.11 0.00069486 1 -0.0366597 -0.238771 0.05 19126.7
0 3811 2 phononTS 0.00210317 -4.57782 0.861768 -0.0355917 635.305 0.00069486 1 -0.0213199 -0.185951 0.05 108215
0 3811 6 phononTS 0.000472524 -0.0213199 -0.185951 0.049998 108215 0.00034743 1 -0.0386551 -0.134168 0.05 108297
0 3853 3 phononL 0.0014293 -3.79856 0.545915 0.0255925 7163.59 0.00034743 1 0.0302884 -0.147251 0.05 23814.7
0 3876 4 phononTF 0.00130215 -1.334 -2.22782 -0.0305786 47609.2 0.00069486 1 -0.0228968 -0.14853 0.05 67235.2
0 3891 2 phononTF 0.00197988 -2.40665 2.31647 -0.0247099 4839.18 0.00069486 1 0.0564726 -0.167693 0.05 27101.3
0 3906 4 phononL 0.000886666 -3.5789 0.0215096 0.049999 7207.4 0.00034743 1 0.0426572 -0.105416 0.05 53518.5
0 3927 5 phononTS 0.00100842 -1.24409 0.0729502 0.0285047 21279.7 0.00034743 1 0.0344201 -0.180007 0.05 22060.2
0 3930 3 phononTS 0.00214023 -4.42499 1.1719 0.0280682 2554.47 0.00069486 1 -0.0764805 -0.224597 0.05 20997.5
0 3930 4 phononTF 0.000911721 -0.0764805 -0.224597 0.049999 20997.5 0.00034743 1 -0.0318767 -0.217689 0.05 21091.9
0 3935 3 phononTF 0.00176912 -3.64572 0.624157 0.0189187 785.302 0.00034743 1 0.0865725 -0.254809 0.05 14794.2
0 3951 2 phononTS 0.00139379 -2.64514 0.414203 -0.00690569 949.537 0.00034743 1 0.0370295 -0.232189 0.05 41966.2
0 4030 3 phononTS 0.00185872 -3.44361 2.89727 0.0172622 13353.5 0.00069486 1 -0.0743472 -0.128537 0.05 34448.6
0 4030 4 phononTS 0.000428964 -0.0743472 -0.128537 0.049999 34448.6 0.00034743 1 -0.0784518 -0.28376 0.05 35179.2
0 4051 1 phononL 0.004 -3.75 1.25 0 0 0.00069486 1 0.0779386 -0.187114 0.05 8620.2
0 4051 2 phononTS 0.00173278 0.0779386 -0.187114 0.049998 8620.2 0.00104229 1 0.0627108 -0.123658 0.05 8692.73
0 4075 2 phononTS 0.00224247 -3.90863 1.54034 0.0288663 4262.77 0.00104229 1 -0.0524398 -0.228844 0.05 29188.7
0 4075 11 phononTS 0.000484703 -0.0524398 -0.228844 0.049999 29188.7 0.00034743 1 -0.0414304 -0.199791 0.05 29251.9
0 4075 10 phononL 0.000464789 -0.0524398 -0.228844 0.049999 29188.7 0.00034743 1 -0.0780098 -0.233697 0.05 29237.9
0 4097 3 phononTF 0.00223414 -3.89242 1.4499 0.0294987 940.64 0.00069486 1 -0.102 -0.215964 0.05 5506.3
0 4127 4 phononTF 0.000874249 -4.93222 3.73511 -0.0442935 11878.1 0.00034743 1 -0.0212098 -0.155261 0.05 21735.7
0 4150 2 phononTS 0.00216511 -4.90053 0.88198 0.019062 13253.3 0.00069486 1 0.0281748 -0.15333 0.05 33722.7
0 4204 4 phononTS 0.00181309 -4.24621 -0.91339 -0.00143754 25025.6 0.00069486 1 -0.0627204 -0.237852 0.05 32675.3
0 4255 3 phononL 0.00225816 -3.25285 1.40442 0.00953235 579.672 0.00034743 1 0.103157 -0.214725 0.05 36769.2
0 4262 3 phononTS 0.00174755 -4.44281 2.1989 -0.00091498 3605.74 0.00069486 1 0.0670676 -0.198141 0.05 13191.9
0 4278 3 phononTS 0.00137709 -3.93022 3.34116 0.00325471 10024.8 0.00034743 1 0.0967119 -0.231204 0.05 27673.9
0 4278 2 phononTS 0.00262291 -3.93022 3.34116 0.00325471 10024.8 0.00069486 1 0.0270545 -0.193485 0.05 83949.4
0 4317 5 phononTS 0.000359547 -3.56303 0.101979 0.049999 2026.34 0.00034743 1 0.0724016 -0.152896 0.05 5072.65
0 4318 3 phononTS 0.00178924 -3.84851 2.07168 -0.0268693 12169.7 0.00034743 1 0.06502 -0.275798 0.05 156884
0 4318 7 phononL 0.00052518 0.06502 -0.275798 0.049999 156884 0.00034743 1 -0.0779365 -0.161346 0.05 157972
0 4318 2 phononL 0.00221076 -3.84851 2.07168 -0.0268693 12169.7 0.00034743 1 0.0416794 -0.275659 0.05 41046.7
0 4327 2 phononTF 0.00157128 -3.75069 1.1254 -0.0355176 3751.27 0.00034743 1 0.0633936 -0.216621 0.05 119739
0 4361 3 phononTS 0.00222263 -3.70918 1.21435 0.0415946 1835.36 0.00104229 1 -0.0426387 -0.273109 0.05 10228.5
0 4380 2 phononTF 0.000620838 -3.683 1.81154 0.0472266 7773.31 0.00034743 1 0.0758993 -0.19814 0.05 12137
0 4465 4 phononTF 0.000627145 0.0968551 -0.00149091 0.0248856 7012.7 0.00034743 1 -0.0530237 -0.251913 0.05 12933
0 4467 4 phononTF 0.00161502 1.7272 1.06025 0.0417069 44300.3 0.00069486 1 0.0961167 -0.239627 0.05 65253
0 4467 2 phononL 0.00148185 -2.75166 1.39701 -0.00400414 5843.49 0.00069486 1 -0.0623642 -0.288117 0.05 25986.3
0 4509 2 phononTS 0.00239498 -2.53476 2.25501 -0.0450699 2288.18 0.00034743 1 -0.0139551 -0.228166 0.05 24956.2
0 4518 5 phononTS 0.00110574 -0.333455 -0.335362 0.0110093 11665.1 0.00034743 1 -0.0150118 -0.230804 0.05 20117.7
0 4531 2 phononTF 0.00185489 -4.29862 2.74445 -0.00745308 2052.37 0.00069486 1 0.0282153 -0.241204 0.05 11516.3
0 4539 4 phononTF 0.00114893 0.174845 0.313129 -0.00897258 23636.8 0.00034743 1 -0.108737 -0.198892 0.05 24397
0 4577 5 phononL 0.00140348 0.381425 1.66003 0.0130354 42562.3 0.00069486 1 0.038177 -0.216444 0.05 63235.6
0 4589 4 phononTF 0.000730246 -2.82895 0.043476 0.049999 2007.76 0.00034743 1 -0.03579 -0.104629 0.05 18942.7
0 4610 3 phononTS 0.00193233 -3.38193 1.21367 -0.0107206 2011.71 0.00034743 1 0.0768724 -0.264932 0.05 15079.8
0 4610 5 phononTF 0.000613981 0.0768724 -0.264932 0.049999 15079.8 0.00034743 1 -0.0802582 -0.160292 0.05 15260.6
0 4634 4 phononTS 0.00173527 -3.78879 1.64016 -0.00758383 1593.87 0.00034743 1 0.0371622 -0.192296 0.05 23305.4
0 4634 6 phononTF 0.000839599 0.0371622 -0.192296 0.049999 23305.4 0.00034743 1 0.0807775 -0.210103 0.05 23470.1
0 4640 3 phononTF 0.00261346 -4.2228 1.3616 -0.0206187 3564.42 0.00069486 1 -0.0246737 -0.2028 0.05 12431.3
0 4640 8 phononTS 0.00114286 -0.0246737 -0.2028 0.049999 12431.3 0.00034743 1 -0.0908801 -0.230508 0.05 12840.8
0 4640 4 phononTS 0.000386803 -0.0246737 -0.2028 0.049999 12431.3 0.00034743 1 0.0336 -0.251893 0.05 12894.1
0 4722 3 phononTS 0.00164307 -4.13485 1.13967 -0.000486347 375.992 0.00034743 1 0.0790701 -0.165919 0.05 79348.1
0 4722 4 phononTF 0.000408281 0.0790701 -0.165919 0.049999 79348.1 0.00034743 1 -0.103193 -0.193102 0.05 79712
0 4745 3 phononTS 0.00204137 -4.19916 0.938931 0.0327035 2573.49 0.00069486 1 -0.0725812 -0.131772 0.05 20754.1
0 4745 6 phononTS 0.000586982 -0.0725812 -0.131772 0.049999 20754.1 0.00034743 1 -0.0789026 -0.217764 0.05 150041
0 4838 2 phononTS 0.00180378 -4.13763 0.521645 0.030657 8812.13 0.00034743 1 0.0816952 -0.128493 0.05 51932.8
0 4844 2 phononTS 0.00147406 -3.10865 0.762679 0.0349427 6300.38 0.00034743 1 -0.0908071 -0.267143 0.05 45301.9
0 4859 3 phononTF 0.001923 -4.06727 1.11219 0.0199254 798.067 0.00034743 1 -0.0676571 -0.266646 0.05 15001.9
0 4880 5 phononTF 0.000410874 -3.33719 0.0190281 0.049999 2004.36 0.00034743 1 -0.0570432 -0.137271 0.05 18647.5
0 4929 3 phononTF 0.00185107 -3.68524 1.47592 0.0465294 161.583 0.00034743 1 0.0799434 -0.217542 0.05 21154.1
0 4942 2 phononTF 0.00135438 -4.58821 1.4788 -0.0203918 6675.29 0.00034743 1 0.0771557 -0.140526 0.05 15020.2
0 4947 4 phononTS 0.00136111 -1.73527 0.0647378 -0.0456987 22513 0.00034743 1 0.0586371 -0.178451 0.05 44499.7
0 4947 8 phononTS 0.00084046 0.0586371 -0.178451 0.049999 44499.7 0.00034743 1 0.0904528 -0.204942 0.05 44604.7
