Run ID,Event ID,Track ID,Particle Name,Start Energy [eV],Start X [mm],Start Y [mm],Start Z [mm],Start Time [ns],Energy Deposited [eV],Track Weight,End X [mm],End Y [mm],End Z [mm],Final Time [ns],Volume Name
0 2 5 phononTF 0.00142144 -1.62719 4.50639 0.00455954 3584.88 0.00034743 1 0.0753499 -0.124014 0.05 66048.8
0 2 8 phononTF 0.000804177 0.0753499 -0.124014 0.049998 66048.8 0.00034743 1 -0.0260382 -0.152313 0.05 66118.4
0 11 5 phononTF 0.000964983 0.24602 3.30665 0.0215762 8018.06 0.00034743 1 0.0610027 -0.222301 0.05 77977.6
0 11 6 phononTS 0.000433143 0.0610027 -0.222301 0.049999 77977.6 0.00034743 1 0.0860833 -0.23079 0.05 78034
0 16 2 phononTS 0.00224559 0.824026 2.7578 0.00961559 817.197 0.00034743 1 0.0793728 -0.252641 0.05 41341
0 16 6 phononTS 0.00183957 0.0793728 -0.252641 0.049999 41341 0.00034743 1 -0.0472327 -0.123625 0.05 41433.7
0 16 10 phononTF 0.000500766 -0.0472327 -0.123625 0.049999 41433.7 0.00034743 1 -0.0479578 -0.214602 0.05 41518
0 27 3 phononTF 0.0014012 0.0679149 2.2583 -0.0219297 17570.1 0.00034743 1 -0.0238865 -0.194092 0.05 23013
0 30 5 phononTS 0.00135514 -1.43797 0.864397 0.0296112 7919.42 0.00034743 1 0.10775 -0.155224 0.05 11074.5
0 30 7 phononL 0.000474415 0.10775 -0.155224 0.049999 11074.5 0.00034743 1 0.0223067 -0.149109 0.05 11123.2
0 37 3 phononTS 0.00231588 0.921531 3.68649 0.00921165 8972.38 0.00104229 1 -0.0550448 -0.205955 0.05 67415.3
0 40 2 phononTF 0.00150965 -0.611644 4.2983 -0.00979727 15260.3 0.00069486 1 0.0424518 -0.219196 0.05 118294
0 54 5 phononTF 0.00153772 2.89211 3.75991 -0.0378557 14367.5 0.00034743 1 -0.0439024 -0.262254 0.05 47864.1
0 80 4 phononTS 0.00140796 -0.859973 4.59088 0.0275789 7106.93 0.00069486 1 0.0337493 -0.262566 0.05 13999.7
0 123 5 phononTF 0.00205319 3.93797 -3.23925 -0.000578469 44806.2 0.00034743 1 -0.107869 -0.169419 0.05 70084.2
0 146 2 phononL 0.00197271 -0.00393052 3.41336 0.0160965 530.216 0.00069486 1 0.0927566 -0.164298 0.05 17311.7
0 166 5 phononTS 0.00140975 -1.78405 4.60432 0.0383915 41723.6 0.00069486 1 -0.0545847 -0.183075 0.05 73307.5
0 172 3 phononTS 0.00249995 -0.301914 1.19541 0.0035727 15710.4 0.00069486 1 -0.0884509 -0.176532 0.05 43970.5
0 199 3 phononTS 0.00233115 -0.0123377 3.26186 0.0347801 3546.97 0.00069486 1 0.12052 -0.206937 0.05 16216.2
0 202 3 phononTF 0.00207361 -0.146087 2.74887 0.0264149 10935.6 0.00034743 1 0.0552616 -0.228188 0.05 99390.2
0 205 3 phononTS 0.00219605 -1.0612 1.64217 -0.00649885 15302.6 0.00104229 1 -0.0937027 -0.183485 0.05 21984.3
0 221 3 phononTS 0.00175286 1.09616 3.18329 -0.016481 662.617 0.00034743 1 0.0883098 -0.19733 0.05 4660.13
0 278 3 phononL 0.00217753 2.36247 2.28087 0.029653 15036 0.00069486 1 -0.0540747 -0.285818 0.05 24379.6
0 285 2 phononL 0.00228201 -1.86368 -2.0128 -0.018665 14482.1 0.00069486 1 -0.038682 -0.171094 0.05 21952.9
0 315 3 phononTF 0.00256425 0.391046 0.849239 -0.0182643 3582.05 0.00034743 1 0.0414951 -0.186272 0.05 4705.55
0 315 5 phononTS 0.000451417 0.0414951 -0.186272 0.049999 4705.55 0.00034743 1 -0.0666354 -0.279795 0.05 5040
0 321 3 phononTF 0.0027107 -0.0484836 3.13404 0.00398841 980.95 0.00069486 1 -0.0646964 -0.116974 0.05 6200.69
0 321 4 phononTF 0.00149379 -0.0646964 -0.116974 0.049999 6200.69 0.00034743 1 0.0302868 -0.115095 0.05 6271.39
0 323 2 phononTF 0.00142839 -0.975242 1.00584 0.0364567 9775.07 0.00069486 1 -0.0564264 -0.159776 0.05 11101.9
0 333 3 phononTS 0.00218094 -1.25601 4.37549 0.0401863 22790 0.00069486 1 0.0362564 -0.21179 0.05 90668.1
0 374 5 phononL 0.00227284 2.50535 2.10034 -0.0166987 13155.5 0.00034743 1 0.0468822 -0.248878 0.05 70087.2
0 408 2 phononTS 0.00135143 -0.503301 3.16933 -0.00602674 1873.21 0.00034743 1 -0.0118962 -0.182079 0.05 3857.46
0 416 2 phononTF 0.00221625 0.410312 3.55017 -0.0135447 5168.66 0.00034743 1 -0.120007 -0.196927 0.05 32114.8
0 429 2 phononTS 0.00168524 0.123005 2.16199 0.0189486 1501.22 0.00034743 1 -0.0342365 -0.143128 0.05 3195.48
0 455 1 phononTF 0.004 0.25 2.75 0 0 0.00138972 1 -0.0219791 -0.189378 0.05 12633.6
0 494 4 phononTF 0.000966171 3.1484 1.44341 -0.0121721 29941.7 0.00034743 1 0.0468496 -0.282048 0.05 30993
0 528 5 phononTF 0.000786448 2.74388 4.39492 -0.0262672 28513.6 0.00034743 1 -0.0873887 -0.199667 0.05 89143.4
0 541 5 phononTF 0.0013999 4.73335 1.96413 0.0463435 47037.3 0.00034743 1 0.105018 -0.167071 0.05 121958
0 569 7 phononTS 0.00132992 4.53728 0.658708 -0.0312249 8061.5 0.00069486 1 -0.0548932 -0.275731 0.05 19273.2
0 569 2 phononTF 0.000980687 0.566093 2.24667 0.0351723 3081.57 0.00034743 1 -0.0581181 -0.203904 0.05 88288.2
0 569 22 phononTF 0.000585896 -0.0581181 -0.203904 0.049999 88288.2 0.00034743 1 -0.0812355 -0.201968 0.05 88432.4
0 576 5 phononTF 0.00110659 3.74851 4.99822 0.0134368 25526 0.00034743 1 0.104043 -0.208089 0.05 36524.5
0 576 6 phononTS 0.000500743 0.104043 -0.208089 0.049999 36524.5 0.00034743 1 0.0960355 -0.21922 0.05 36581.7
0 587 2 phononL 0.00232877 -0.458787 2.00177 -0.0347273 8175.71 0.00034743 1 0.0675602 -0.26853 0.05 17731.4
0 590 4 phononTS 0.00135366 0.0854662 -0.0180452 -0.00891815 75841.5 0.00069486 1 -0.0648718 -0.118155 0.05 78245.4
0 591 4 phononTS 0.00127481 -0.0734229 3.41941 0.0482816 8941.96 0.00034743 1 -0.0331269 -0.223542 0.05 72362
0 609 2 phononTF 0.00127962 -0.632348 2.39743 0.00155825 9601.66 0.00034743 1 -0.0280457 -0.297749 0.05 50635.4
0 609 8 phononTS 0.00047391 -0.0280457 -0.297749 0.049999 50635.4 0.00034743 1 0.0508152 -0.127549 0.05 51170.9
0 633 5 phononTS 0.00207588 2.98512 3.63891 0.0386975 16334.9 0.00034743 1 0.0709729 -0.259589 0.05 54836
0 635 3 phononTF 0.00185756 -0.134825 3.00585 -0.00301759 4635.08 0.00104229 1 -0.0318319 -0.261537 0.05 7914.22
0 635 7 phononTS 0.000386049 -0.0318319 -0.261537 0.049999 7914.22 0.00034743 1 -0.0567287 -0.285799 0.05 7976.28
0 668 2 phononTF 0.00150663 -1.35564 4.83887 -0.011909 12099.7 0.00034743 1 -0.051508 -0.143298 0.05 65716.7
0 668 4 phononTS 0.000691212 -0.051508 -0.143298 0.049999 65716.7 0.00034743 1 -0.0824849 -0.152133 0.05 65775.5
0 752 7 phononTF 0.00116521 4.25053 0.920178 -0.0155432 95171.2 0.00069486 1 0.096159 -0.168573 0.05 157610
0 757 3 phononTF 0.00144654 -0.206743 3.27038 0.0341812 2281.79 0.00034743 1 0.0806887 -0.279019 0.05 31972.3
0 780 5 phononTF 0.000981104 -4.81364 -2.63608 0.0206697 59151.2 0.00034743 1 -0.0476532 -0.120399 0.05 70455.9
0 795 2 phononTS 0.00247521 0.188236 2.84119 -0.000554162 7154.72 0.00069486 1 -0.0889897 -0.127318 0.05 22756.8
0 816 3 phononTF 0.00257437 0.885968 2.30436 0.0252509 5698.78 0.00069486 1 0.033021 -0.205966 0.05 15410
0 816 9 phononTS 0.000544802 0.033021 -0.205966 0.049999 15410 0.00034743 1 -0.118096 -0.182438 0.05 15681.1
0 876 2 phononTF 0.00211905 0.230751 2.63993 -0.0441764 47.332 0.00069486 1 -0.0277829 -0.136818 0.05 11964.8
0 876 5 phononTS 0.000370476 -0.0277829 -0.136818 0.049999 11964.8 0.00034743 1 0.0993839 -0.202955 0.05 12317.4
0 881 4 phononTF 0.00133341 -4.14554 -0.0865253 -0.00946561 51317.8 0.00069486 1 -0.0810878 -0.267614 0.05 112289
0 888 3 phononL 0.00129457 0.768325 2.57657 -0.0150525 2766.2 0.00069486 1 -0.114724 -0.179653 0.05 16174.2
0 898 1 phononTS 0.004 0.25 2.75 0 0 0.00034743 1 -0.0540495 -0.260304 0.05 11138.8
0 898 4 phononTF 0.00215245 -0.0540495 -0.260304 0.049998 11138.8 0.00034743 1 0.116276 -0.174848 0.05 11320.1
0 1014 3 phononL 0.00244365 -0.0318056 2.1467 -0.0449144 888.426 0.00069486 1 0.0360551 -0.244016 0.05 5291.49
0 1031 3 phononTS 0.00125862 -1.75078 3.70488 0.00161932 15857.1 0.00034743 1 0.0259671 -0.195427 0.05 44103.7
0 1033 3 phononTF 0.00267832 -1.06525 1.07544 -0.043382 4253.35 0.00104229 1 -0.0953093 -0.221486 0.05 15172.4
0 1037 5 phononTS 0.00178487 1.47411 0.974418 0.0459034 4017.01 0.00069486 1 0.052329 -0.280791 0.05 79652
0 1052 2 phononTF 0.00307197 0.63981 2.55754 -0.0382342 224.965 0.00034743 1 -0.0464298 -0.173692 0.05 18451.7
0 1058 2 phononTF 0.00196392 -0.764057 3.43219 -0.0177537 4235.4 0.00069486 1 0.0599989 -0.244628 0.05 47281.7
0 1058 5 phononTS 0.000427577 0.0599989 -0.244628 0.049999 47281.7 0.00034743 1 -0.0247097 -0.137458 0.05 47367.8
0 1131 2 phononTF 0.00141716 0.223961 2.74881 0.0398605 13.7583 0.00034743 1 -0.0859803 -0.127622 0.05 33368
0 1226 7 phononTS 0.00241606 -3.20637 1.75853 0.0269146 22893.6 0.00069486 1 -0.031297 -0.258479 0.05 28400.9
0 1238 3 phononL 0.00120833 1.3605 2.47918 -0.00912419 1491.22 0.00034743 1 0.0827715 -0.242255 0.05 22952.6
0 1239 2 phononTS 0.00259377 0.232529 2.45783 -0.029427 1178.79 0.00034743 1 0.0419033 -0.30313 0.05 19793.6
0 1239 4 phononTS 0.00174679 0.0419033 -0.30313 0.049999 19793.6 0.00034743 1 -0.0523751 -0.204453 0.05 32360.1
0 1246 4 phononTF 0.0017289 0.915588 2.30571 -0.0332442 1327.18 0.00069486 1 0.0634654 -0.286873 0.05 121410
0 1248 2 phononTS 0.00214793 0.345126 2.15802 -0.00403257 4742.18 0.00069486 1 0.0800127 -0.251499 0.05 8552.83
0 1258 2 phononTF 0.00223804 1.95721 2.68724 -0.0386687 3293.57 0.00069486 1 0.0796465 -0.226932 0.05 19074.7
0 1265 3 phononTF 0.0019876 2.32774 2.86471 -0.0462582 14752.8 0.00069486 1 0.0343201 -0.243432 0.05 27587
0 1289 2 phononL 0.00252621 0.87177 2.86532 0.0346262 899.102 0.00069486 1 -0.0655333 -0.273968 0.05 10722.7
0 1294 2 phononL 0.00192252 0.943566 2.58539 -0.0218673 1055.93 0.00104229 1 0.054299 -0.111143 0.05 22608.4
0 1307 6 phononTS 0.000929229 -0.300123 -3.85882 -0.00316422 30334.3 0.00069486 1 -0.0578285 -0.215994 0.05 39138
0 1339 2 phononL 0.00212688 -1.03156 4.14672 -0.00736286 3311.46 0.00104229 1 0.105455 -0.19032 0.05 40969.1
0 1344 1 phononTF 0.004 0.25 2.75 0 0 0.00034743 1 0.0614196 -0.260883 0.05 19271.1
0 1344 2 phononTF 0.00254191 0.0614196 -0.260883 0.049999 19271.1 0.00034743 1 0.0677205 -0.263064 0.05 19282.1
0 1353 3 phononTS 0.00200644 0.748151 2.35945 -0.0496075 9711.18 0.00069486 1 0.0270687 -0.134418 0.05 45396
0 1376 2 phononTF 0.00199417 -0.376232 2.50046 -0.0217201 19273.3 0.00034743 1 0.106931 -0.215905 0.05 22084.1
0 1388 2 phononTS 0.00157524 0.654997 2.18882 0.0135548 496.691 0.00034743 1 0.0353439 -0.305646 0.05 9128.58
0 1388 4 phononTS 0.000822695 0.0353439 -0.305646 0.049999 9128.58 0.00034743 1 0.0495732 -0.273264 0.05 9192
0 1392 4 phononTS 0.00139779 -0.390758 3.58732 0.0482901 3706.78 0.00034743 1 -0.0614878 -0.216162 0.05 48604.3
0 1406 3 phononTS 0.00295934 0.632175 3.86269 -0.036221 7090.49 0.00069486 1 -0.0644796 -0.261784 0.05 27154.6
0 1417 2 phononTF 0.00139423 -0.838387 3.17321 -0.0290449 3655.57 0.00034743 1 0.104356 -0.228235 0.05 32636.3
0 1449 3 phononTF 0.00229169 -0.331005 1.97794 -0.0342234 2863.03 0.00069486 1 0.0490138 -0.14413 0.05 5256.55
0 1449 5 phononTS 0.000591563 0.0490138 -0.14413 0.049999 5256.55 0.00034743 1 0.0312067 -0.155163 0.05 5319.17
0 1455 2 phononTF 0.00153581 0.44489 2.95111 0.0167636 2241.68 0.00034743 1 -0.0644055 -0.136593 0.05 50130.5
0 1455 7 phononTF 0.000374115 -0.0644055 -0.136593 0.049999 50130.5 0.00034743 1 -0.102807 -0.142798 0.05 50196
0 1455 6 phononTF 0.000613002 -0.0644055 -0.136593 0.049999 50130.5 0.00034743 1 -0.0627651 -0.221794 0.05 50192
0 1492 2 phononTF 0.00181004 1.66154 2.53648 -0.00611244 9488.79 0.00069486 1 0.103992 -0.197718 0.05 21121.2
0 1500 2 phononTF 0.00226988 0.453795 2.82819 -0.0208222 1399.73 0.00069486 1 -0.0381904 -0.243642 0.05 33181.8
0 1503 3 phononL 0.00262335 0.370555 2.60739 -0.00591292 246.499 0.00034743 1 0.0465215 -0.253491 0.05 41704.8
0 1506 3 phononTF 0.00185443 -0.326153 2.60581 -0.04291 363.543 0.00069486 1 -0.0759583 -0.208774 0.05 21298.5
0 1527 2 phononTF 0.000441593 1.78713 0.814437 0.00523902 8659.67 0.00034743 1 -0.0432124 -0.101512 0.05 41442.1
0 1537 2 phononTS 0.00158833 -2.17066 2.03801 -0.00603465 17332.1 0.00034743 1 0.0588774 -0.111097 0.05 65767.4
0 1589 2 phononTS 0.00269949 -0.656058 1.95166 0.0281744 15801 0.00034743 1 0.104019 -0.217622 0.05 23733.1
0 1595 3 phononTF 0.00217047 1.46081 2.79129 0.00906868 10879.4 0.00034743 1 0.097767 -0.215183 0.05 27850.4
0 1618 4 phononTF 0.00145813 3.49858 3.05325 0.0200789 55000.9 0.00034743 1 -0.0461409 -0.13197 0.05 88756.1
0 1622 3 phononTS 0.00218797 -0.000398451 2.58513 -0.0236162 621.034 0.00034743 1 0.0462156 -0.189564 0.05 15963.4
0 1647 2 phononTS 0.00243472 0.517679 2.3271 -0.0287923 2111.38 0.00104229 1 -0.118261 -0.178151 0.05 72995.3
0 1672 2 phononTF 0.00202035 -0.299608 2.46075 -0.0259826 1468.34 0.00069486 1 -0.110103 -0.180536 0.05 10771.1
0 1689 3 phononTF 0.00150178 -0.469605 1.71435 -0.00570427 2341.43 0.00104229 1 -0.0731545 -0.223717 0.05 35679.6
0 1697 2 phononTS 0.00180116 -1.4254 2.63271 0.035939 2405.92 0.00034743 1 -0.0764748 -0.237062 0.05 25587.7
0 1697 5 phononTF 0.000758513 -0.0764748 -0.237062 0.049999 25587.7 0.00034743 1 0.0307023 -0.253997 0.05 25830.4
0 1708 3 phononTF 0.00249623 3.71011 3.72042 0.0277537 10517.9 0.00069486 1 0.0747204 -0.134017 0.05 27438
0 1708 11 phononTS 0.000508943 0.0747204 -0.134017 0.049999 27438 0.00034743 1 -0.105586 -0.169804 0.05 27601.9
0 1727 2 phononL 0.00202923 -1.55494 2.14107 0.0118764 2438.78 0.00104229 1 -0.0418924 -0.25781 0.05 25129
0 1738 3 phononTF 0.00281564 -0.322094 3.00304 -0.0425002 1125.87 0.00069486 1 -0.017173 -0.237428 0.05 14650.8
0 1744 2 phononTF 0.00217263 -0.557736 1.28514 -0.00301091 7631.07 0.00069486 1 0.110331 -0.161021 0.05 11664
0 1744 4 phononL 0.00100521 0.110331 -0.161021 0.049999 11664 0.00034743 1 0.0555991 -0.284282 0.05 11712.1
0 1772 2 phononL 0.00187067 -1.10929 1.87161 0.00174744 6413.99 0.00104229 1 0.0438848 -0.20356 0.05 62362.5
0 1777 2 phononL 0.00200788 0.125354 3.10958 -0.0306657 614.457 0.00034743 1 0.0906257 -0.212495 0.05 9806.98
0 1786 4 phononTF 0.0016134 4.53986 -4.49781 -0.00492877 40357.9 0.00034743 1 0.0230313 -0.140712 0.05 56101
0 1793 2 phononTF 0.00171858 0.111372 2.92676 0.0224746 1040.57 0.00069486 1 -0.0939783 -0.202256 0.05 12611.9
0 1828 3 phononTF 0.00214581 0.337536 2.91184 0.0142861 2473.91 0.00069486 1 -0.0381519 -0.137639 0.05 77359.5
0 1860 3 phononL 0.00265164 1.02825 2.90981 -0.0422974 4620.31 0.00104229 1 0.0372825 -0.147126 0.05 43007.3
0 1866 3 phononTF 0.00167912 -0.652966 2.53079 -0.0341058 2431.4 0.00069486 1 -0.0826758 -0.21758 0.05 45898.2
0 1866 2 phononTF 0.00232088 -0.652966 2.53079 -0.0341058 2431.4 0.00034743 1 0.0819463 -0.187476 0.05 48248.9
0 1885 3 phononTF 0.000841522 -0.0861802 0.0928994 0.049999 10087.8 0.00034743 1 0.0458493 -0.204751 0.05 10471.5
0 1887 3 phononTF 0.0011665 0.27064 2.38019 -0.0274206 1290.53 0.00069486 1 0.0551924 -0.13345 0.05 3490.98
0 1897 4 phononL 0.00107768 -1.188 3.1218 0.0310946 7177.12 0.00034743 1 0.0286133 -0.195078 0.05 92209.3
0 1898 3 phononTS 0.0014952 -0.244031 2.70536 0.0386122 816.027 0.00034743 1 0.0487891 -0.140299 0.05 58634.8
0 1902 2 phononTF 0.000440804 0.235405 3.35205 -0.0426171 739.661 0.00034743 1 0.0604698 -0.195641 0.05 92818.5
0 1929 4 phononTS 0.000504834 -2.37901 3.71507 0.0220174 29895 0.00034743 1 -0.0316761 -0.304381 0.05 54753.9
0 1936 3 phononTS 0.00285708 -1.89994 1.44939 0.0487949 10502.3 0.00069486 1 0.11278 -0.180304 0.05 22116.9
0 1936 10 phononTS 0.000728028 0.11278 -0.180304 0.049999 22116.9 0.00034743 1 0.109239 -0.161014 0.05 22173.3
0 1936 4 phononTS 0.000606372 0.11278 -0.180304 0.049999 22116.9 0.00034743 1 0.11466 -0.232133 0.05 22196.6
0 1966 2 phononTF 0.00285607 -0.55438 1.23916 0.0493532 7091.15 0.00104229 1 0.024762 -0.282938 0.05 11762.6
0 1981 3 phononTF 0.00242802 -1.21994 2.44629 0.0201264 4096.26 0.00069486 1 -0.0608854 -0.103883 0.05 32856.9
0 2002 3 phononTS 0.00145615 0.713964 1.98271 -0.0339037 4151.52 0.00034743 1 0.0358483 -0.183596 0.05 119932
0 2003 4 phononTS 0.00149119 0.415104 1.49075 0.000834193 4765.31 0.00034743 1 -0.0753142 -0.22331 0.05 7878.55
0 2003 9 phononTS 0.000571999 -0.0753142 -0.22331 0.049999 7878.55 0.00034743 1 -0.0992069 -0.190588 0.05 7941.01
0 2018 5 phononL 0.00117771 1.21266 -3.08975 0.0398441 68707.7 0.00034743 1 -0.0441243 -0.193131 0.05 94714.4
0 2085 2 phononTF 0.00250484 0.526284 2.04965 -0.021765 11224.3 0.00069486 1 -0.0363869 -0.096042 0.05 18034.8
0 2112 2 phononTS 0.000650736 0.744319 0.0545268 0.049999 14144.6 0.00034743 1 -0.0598111 -0.210072 0.05 64099.2
0 2157 2 phononTF 0.00180304 1.67741 3.40255 -0.0322553 13838.7 0.00034743 1 0.0911191 -0.230996 0.05 19555.1
0 2161 3 phononTF 0.00196222 -0.758458 1.78255 0.00117533 8305.94 0.00034743 1 0.0371976 -0.211309 0.05 75100.2
0 2161 5 phononTF 0.0004532 0.0371976 -0.211309 0.049999 75100.2 0.00034743 1 0.0451222 -0.269297 0.05 75262.3
0 2163 2 phononTS 0.00290749 1.64181 2.38166 -0.0139092 5155.53 0.00069486 1 -0.107336 -0.165552 0.05 7871.15
0 2163 7 phononTS 0.000484584 -0.107336 -0.165552 0.049999 7871.15 0.00034743 1 -0.0332795 -0.240112 0.05 12377.4
0 2190 3 phononTF 0.00150446 -0.720773 1.81309 0.0327172 2008.03 0.00034743 1 -0.0952021 -0.269348 0.05 24022
0 2190 5 phononTS 0.000817277 -0.0952021 -0.269348 0.049999 24022 0.00034743 1 -0.0928829 -0.2037 0.05 24147.2
0 2190 2 phononTF 0.00249554 -0.720773 1.81309 0.0327172 2008.03 0.00069486 1 0.0527087 -0.266191 0.05 9943.99
0 2203 3 phononTS 0.00232836 0.101589 2.85917 -0.0114192 79.069 0.00138972 1 -0.104978 -0.167008 0.05 11377
0 2207 5 phononTF 0.00151696 -0.736906 1.99915 0.0189403 6449.33 0.00069486 1 0.0537629 -0.124117 0.05 28405.4
0 2267 3 phononL 0.00296376 0.218616 3.93028 -0.00704786 9160.49 0.00104229 1 0.108696 -0.157015 0.05 29720.9
0 2269 2 phononTS 0.00163978 -0.864953 2.22386 0.0367655 7959.59 0.00034743 1 -0.0656595 -0.274094 0.05 28038.8
0 2271 5 phononTF 0.00065845 -2.13394 2.83018 0.0236502 3026.95 0.00034743 1 0.0252535 -0.269461 0.05 123566
0 2284 3 phononL 0.00180884 -0.622396 3.50965 -0.0155062 16991.9 0.00069486 1 0.0421954 -0.150462 0.05 122797
0 2284 4 phononTS 0.000397204 0.0421954 -0.150462 0.049999 122797 0.00034743 1 0.0576673 -0.167647 0.05 122859
0 2300 3 phononTF 0.00171796 -0.482012 4.0984 -0.0176373 6163.31 0.00104229 1 -0.0200845 -0.24507 0.05 66856.7
0 2307 3 phononTS 0.00171375 0.251014 2.93291 -0.0285128 304.452 0.00034743 1 -0.0679107 -0.273759 0.05 24955.1
0 2329 4 phononTS 0.00128471 -1.10686 -2.39064 0.043037 107234 0.00034743 1 -0.0983291 -0.256484 0.05 130351
0 2336 5 phononTS 0.00114499 3.6853 4.82789 0.0235718 19240.4 0.00034743 1 -0.0685984 -0.280505 0.05 27320.2
0 2346 3 phononL 0.00240976 0.475257 2.37568 0.0147846 277.13 0.00069486 1 0.0655886 -0.274179 0.05 19471.7
0 2363 3 phononTS 0.00168636 -0.713265 3.13137 -0.0107939 2080.24 0.00069486 1 0.0816074 -0.229773 0.05 16872.9
0 2435 3 phononL 0.00116697 0.119432 2.5152 0.0179582 5293.42 0.00034743 1 -0.117774 -0.180931 0.05 37733.9
0 2435 8 phononTS 0.00091391 -1.33791 4.9604 -0.0379223 14321.5 0.00034743 1 0.052058 -0.136212 0.05 22266
0 2461 2 phononTS 0.00174434 0.309152 3.21308 -0.00380652 4864.88 0.00069486 1 -0.0520339 -0.107579 0.05 9109.56
0 2485 1 phononTF 0.004 0.25 2.75 0 0 0.00069486 1 -0.0263423 -0.276266 0.05 14917.3
0 2485 3 phononTS 0.00205049 -0.0263423 -0.276266 0.049999 14917.3 0.00034743 1 0.0470128 -0.188669 0.05 14996.7
0 2499 3 phononTS 0.00116762 0.807887 3.26468 -0.0175016 3961.32 0.00069486 1 -0.0510117 -0.286386 0.05 29353.8
0 2503 2 phononTS 0.00190493 0.179431 0.61798 -0.0295096 8407.58 0.00034743 1 0.0293965 -0.148095 0.05 12227
0 2503 5 phononTF 0.000640341 0.0293965 -0.148095 0.049999 12227 0.00034743 1 0.0844526 -0.147431 0.05 12371.6
0 2586 2 phononTS 0.00122996 -0.572618 3.10907 -0.0230706 15548.8 0.00034743 1 -0.0388516 -0.270046 0.05 27818.7
0 2588 5 phononL 0.00104637 4.06388 1.74187 0.0202206 9572.04 0.00034743 1 -0.040585 -0.149378 0.05 46892.2
0 2588 7 phononTS 0.000623087 -0.040585 -0.149378 0.049999 46892.2 0.00034743 1 0.0933007 -0.134495 0.05 47119.3
0 2591 4 phononTS 0.00183276 -0.000158275 3.64085 -0.0396838 25085.7 0.00034743 1 0.0352566 -0.136918 0.05 36245.3
0 2591 8 phononTF 0.000530483 0.0352566 -0.136918 0.049999 36245.3 0.00034743 1 -0.0433246 -0.101095 0.05 36368.7
0 2601 3 phononTF 0.00185616 -0.0664398 2.49138 -0.0343948 2781.26 0.00069486 1 0.096742 -0.14586 0.05 29332
0 2605 2 phononTF 0.00211729 0.593501 2.69846 -0.0165706 2577.48 0.00034743 1 -0.0673975 -0.131651 0.05 11129.1
0 2612 2 phononTS 0.00213195 1.56656 3.90084 -0.0490804 6747.78 0.00034743 1 0.0587227 -0.226183 0.05 53357.6
0 2612 5 phononTF 0.00100434 0.0587227 -0.226183 0.049999 53357.6 0.00034743 1 -0.0344832 -0.123565 0.05 53552.3
0 2653 4 phononTF 0.000665414 -2.05432 0.210751 0.0211146 35793.6 0.00034743 1 0.0963193 -0.17522 0.05 86599.4
0 2676 2 phononTS 0.00163097 -0.255982 2.86764 0.0409315 150.312 0.00069486 1 -0.047866 -0.140104 0.05 72817.4
0 2684 5 phononTS 0.00153449 -0.87695 2.08991 0.0215271 9058.81 0.00034743 1 0.0553375 -0.130825 0.05 17484
0 2707 2 phononTS 0.00157103 -0.325173 2.99711 0.034067 4631.22 0.00034743 1 0.0171054 -0.163692 0.05 53409.2
0 2725 5 phononTS 0.00115256 -1.24675 -0.320664 -0.00874536 39837.3 0.00034743 1 -0.0262924 -0.152727 0.05 42785
0 2728 4 phononTF 0.00167902 -0.0916609 4.32905 0.0467151 12649.1 0.00069486 1 0.102476 -0.226187 0.05 18226.4
0 2728 6 phononTS 0.000504182 0.102476 -0.226187 0.049999 18226.4 0.00034743 1 0.0828939 -0.254082 0.05 18502.9
0 2734 2 phononL 0.00215208 0.347513 2.84166 0.017178 155.917 0.00034743 1 0.102725 -0.223756 0.05 27767.1
0 2734 4 phononTS 0.000516888 0.102725 -0.223756 0.049999 27767.1 0.00034743 1 0.117575 -0.220437 0.05 27846.7
0 2751 2 phononTF 0.000765709 0.424926 3.09969 0.010259 4045.68 0.00034743 1 -0.082125 -0.261945 0.05 11275.9
0 2756 2 phononTF 0.00161286 -0.0177384 4.4993 0.0441865 19375.9 0.00069486 1 0.0689504 -0.211873 0.05 128253
0 2765 4 phononTF 0.00139689 -1.86215 3.33466 0.0123164 12870.7 0.00034743 1 0.0764725 -0.18459 0.05 14119.8
0 2765 6 phononTS 0.000364403 0.0764725 -0.18459 0.049999 14119.8 0.00034743 1 -0.0322107 -0.224257 0.05 14203.7
0 2799 3 phononTF 0.00189702 0.373756 2.77106 -0.0122592 1197.99 0.00069486 1 -0.117877 -0.206942 0.05 52891.1
0 2838 2 phononTS 0.00212118 -0.469911 2.02758 -0.0320633 5530.09 0.00069486 1 -0.100875 -0.24251 0.05 22204.8
0 2838 6 phononTF 0.00107545 -0.100875 -0.24251 0.049999 22204.8 0.00034743 1 0.0332662 -0.300847 0.05 22969.1
0 2839 3 phononL 0.00196454 -0.907375 2.95323 -0.0444376 5286.21 0.00034743 1 0.0778644 -0.167921 0.05 11956.4
0 2839 4 phononTF 0.00119496 0.0778644 -0.167921 0.049999 11956.4 0.00034743 1 0.06767 -0.150288 0.05 12195.5
0 2839 10 phononTS 0.000494534 0.06767 -0.150288 0.049999 12195.5 0.00034743 1 -0.101926 -0.147698 0.05 12381.3
0 2865 3 phononTF 0.00248665 0.416096 0.76679 -0.0150035 6968.93 0.00069486 1 0.0346782 -0.22311 0.05 27624.7
0 2884 3 phononTF 0.00177669 0.38359 3.29181 0.00481148 2057.33 0.00034743 1 -0.0331097 -0.148752 0.05 16286
0 2884 6 phononL 0.000851201 -0.0331097 -0.148752 0.049999 16286 0.00034743 1 0.0533002 -0.164616 0.05 16831.2
0 2891 2 phononTS 0.00172427 0.636253 2.42073 0.0129364 3734.78 0.00034743 1 0.0695558 -0.159031 0.05 62681.4
0 2951 2 phononTS 0.00181972 -0.00171181 1.28413 -0.037945 8730.44 0.00034743 1 -0.0623909 -0.242135 0.05 73287.4
0 2956 2 phononTF 0.00169957 1.03014 2.47329 -0.00591606 4516.05 0.00069486 1 0.0658368 -0.247852 0.05 44161.1
0 2997 2 phononTF 0.00152503 -0.307425 1.78035 0.046583 7019.6 0.00034743 1 0.09769 -0.197464 0.05 16054.7
0 3032 2 phononTF 0.00249557 -0.011964 1.15773 0.0298926 18988.4 0.00034743 1 0.081919 -0.221619 0.05 20408.2
0 3032 6 phononL 0.00180552 0.081919 -0.221619 0.049998 20408.2 0.00034743 1 0.0572641 -0.245138 0.05 20728.9
0 3032 9 phononTF 0.000868874 0.0572641 -0.245138 0.049998 20728.9 0.00034743 1 0.0515077 -0.167078 0.05 20801.9
0 3032 16 phononTS 0.000442097 0.0515077 -0.167078 0.049998 20801.9 0.00034743 1 -0.0536896 -0.127162 0.05 21082.7
0 3035 5 phononTF 0.00134413 3.76067 3.88811 -0.0171226 29525.2 0.00104229 1 0.078082 -0.207805 0.05 102946
0 3048 2 phononTF 0.00178837 -0.0675733 3.18064 0.00187064 6332.43 0.00069486 1 -0.0442542 -0.257759 0.05 37980.8
0 3048 9 phononTS 0.00050836 -0.0442542 -0.257759 0.049999 37980.8 0.00034743 1 0.0357114 -0.157972 0.05 38083.3
0 3052 2 phononTS 0.000619867 0.260147 0.038205 0.049999 7375.11 0.00034743 1 -0.0656875 -0.153154 0.05 25417.9
0 3056 2 phononTF 0.00216631 0.210902 1.98693 -0.0491837 1870.47 0.00069486 1 -0.105564 -0.225678 0.05 3049.13
0 3069 3 phononTF 0.00258714 -0.189074 2.95171 0.0487553 1094.62 0.00104229 1 -0.0757495 -0.179299 0.05 5101.15
0 3069 7 phononTS 0.000392942 -0.0757495 -0.179299 0.049999 5101.15 0.00034743 1 -0.0678099 -0.204377 0.05 5167.28
0 3081 1 phononTF 0.004 0.25 2.75 0 0 0.00034743 1 0.0533915 -0.163096 0.05 6689.48
0 3086 4 phononTS 0.00133418 4.70788 1.86268 0.0340284 38408 0.00034743 1 -0.102437 -0.182619 0.05 48591.7
0 3099 3 phononL 0.00240176 -1.26235 2.26869 0.0489909 7122.81 0.00034743 1 -0.0291565 -0.265835 0.05 12446.7
0 3104 5 phononL 0.00172739 3.3396 -1.18001 0.0278187 14901.7 0.00069486 1 0.0201297 -0.19579 0.05 41795.9
0 3106 4 phononTF 0.00124625 -0.43888 1.41485 0.00466193 3318.57 0.00069486 1 -0.0228428 -0.177034 0.05 5090.86
0 3108 3 phononTS 0.00216304 0.715807 4.3084 0.0364685 6852.18 0.00069486 1 0.0862981 -0.207954 0.05 108888
0 3110 4 phononTS 0.000952276 0.283096 0.418046 -0.0312017 20453.7 0.00034743 1 0.0751896 -0.224667 0.05 88309.3
0 3334 5 phononTF 0.00167046 3.96746 3.20598 -0.0337347 73418.9 0.00034743 1 -0.0886867 -0.237958 0.05 83750.7
0 3336 2 phononTF 0.000867162 0.256903 2.75184 -0.00243113 1.48481 0.00034743 1 0.0255099 -0.161947 0.05 23829
0 3338 2 phononL 0.00136212 0.823076 3.3403 0.0361601 1258.24 0.00069486 1 0.0560821 -0.181921 0.05 21748.1
0 3375 4 phononTS 0.00118885 2.06897 4.71368 -0.0343181 17079.7 0.00034743 1 -0.0942126 -0.149654 0.05 51045.2
0 3378 3 phononTS 0.00169501 -0.235335 4.09594 0.00629584 3525.49 0.00104229 1 0.0395788 -0.268008 0.05 31688.2
0 3406 2 phononTS 0.00143399 -0.340911 1.8072 -0.0449055 4945.14 0.00069486 1 -0.0768123 -0.143419 0.05 8518.13
0 3412 2 phononL 0.00207972 0.858321 2.30679 -0.0400984 1169.38 0.00104229 1 -0.0783408 -0.215313 0.05 2426.97
0 3412 8 phononTS 0.0004544 -0.0783408 -0.215313 0.049999 2426.97 0.00034743 1 -0.0523296 -0.273922 0.05 2618.74
0 3454 2 phononTS 0.00115066 2.49631 1.47557 0.0174756 8259.72 0.00069486 1 0.0905643 -0.252334 0.05 16760
0 3479 3 phononTF 0.00289116 1.08721 1.83286 0.00203967 2164.1 0.00069486 1 0.0391922 -0.203336 0.05 17076.6
0 3479 8 phononTF 0.000514578 0.0391922 -0.203336 0.049998 17076.6 0.00034743 1 -0.0924907 -0.127426 0.05 17663.1
0 3479 6 phononTF 0.000557478 0.0391922 -0.203336 0.049998 17076.6 0.00034743 1 -0.10249 -0.245052 0.05 17207.5
0 3517 2 phononTS 0.000806446 0.772729 3.56141 -0.000924233 2446.15 0.00034743 1 -0.0797885 -0.233076 0.05 23215.4
0 3559 3 phononTS 0.00223701 0.318448 2.81312 -0.00636396 89.5007 0.00034743 1 -0.0656366 -0.296407 0.05 29123.1
0 3570 3 phononTF 0.00140029 0.230594 2.57247 0.0450387 341.856 0.00069486 1 -0.045309 -0.165526 0.05 33718.4
0 3571 2 phononL 0.00199873 0.337201 2.72618 0.0241759 278.684 0.00034743 1 -0.118538 -0.217832 0.05 58183.6
0 3579 2 phononTS 0.00218903 0.240734 0.732203 -0.0313827 7651.39 0.00104229 1 0.0931875 -0.19465 0.05 10167.2
0 3580 4 phononTF 0.00111663 4.65335 -2.1399 -0.0270807 28662 0.00069486 1 0.0770698 -0.122941 0.05 30281.6
0 3582 3 phononL 0.00210147 -0.122161 2.78539 -0.0309672 19175.4 0.00034743 1 -0.0878043 -0.152534 0.05 32456.1
0 3582 5 phononTS 0.00119547 -0.0878043 -0.152534 0.049998 32456.1 0.00034743 1 -0.0713479 -0.200197 0.05 32523.1
0 3670 2 phononTF 0.0014592 0.728198 2.17877 -0.0341772 3504.67 0.00034743 1 -0.0532705 -0.121756 0.05 33430.9
0 3683 2 phononL 0.00156988 0.0736125 0.59518 -0.000849963 7340.65 0.00034743 1 -0.0341595 -0.148973 0.05 230753
0 3683 7 phononTS 0.000371438 -0.0341595 -0.148973 0.049999 230753 0.00034743 1 -0.0714072 -0.132976 0.05 230817
0 3684 3 phononTS 0.00226662 -1.09621 0.0148996 0.0382241 5034.24 0.00034743 1 -0.0412796 -0.126078 0.05 49303.7
0 3719 3 phononTS 0.00184068 -0.655649 2.52275 -0.0485138 4074.72 0.00034743 1 -0.093118 -0.25589 0.05 10724
0 3735 2 phononTS 0.00172028 0.202639 2.70148 0.00327586 12.7005 0.00034743 1 0.102947 -0.187518 0.05 62480.2
0 3745 2 phononTS 0.00126882 0.374323 2.7665 -0.0151206 45.2493 0.00034743 1 0.0275995 -0.137271 0.05 71470.4
0 3745 4 phononTF 0.000476841 0.0275995 -0.137271 0.049998 71470.4 0.00034743 1 -0.0620386 -0.126421 0.05 190153
0 3765 3 phononTS 0.00167681 -0.280756 2.63901 -0.0317836 3602.91 0.00034743 1 0.032635 -0.199625 0.05 41147.2
0 3776 2 phononTS 0.00207885 1.41929 3.2193 -0.0265078 5008.91 0.00069486 1 -0.048529 -0.270204 0.05 23048
0 3779 3 phononTS 0.00180531 0.115387 3.50946 0.0140979 4785.9 0.00034743 1 -0.0517162 -0.186818 0.05 77439.3
0 3798 2 phononTF 0.00224312 -1.40391 1.70101 -0.00704625 6392.19 0.00034743 1 -0.0581703 -0.196551 0.05 41893.2
0 3805 3 phononTS 0.00157935 0.928489 2.24586 0.0121084 1444.76 0.00069486 1 -0.0796454 -0.231403 0.05 105893
0 3809 2 phononL 0.00243696 1.79585 1.61253 -0.0420069 12033.7 0.00069486 1 -0.0181012 -0.208475 0.05 24512.7
0 3875 2 phononTS 0.00227923 0.237286 0.202982 0.0322513 12302.9 0.00034743 1 -0.104211 -0.230088 0.05 12918.7
0 3875 5 phononTF 0.00147931 -0.104211 -0.230088 0.049999 12918.7 0.00034743 1 -0.0705001 -0.228253 0.05 12986.5
0 3895 3 phononTF 0.00242661 0.391717 2.64885 -0.0179673 1781.12 0.00138972 1 0.0861532 -0.130052 0.05 11249.7
0 3895 2 phononTF 0.00157339 0.391717 2.64885 -0.0179673 1781.12 0.00034743 1 0.077467 -0.228466 0.05 56220.5
0 3895 20 phononTF 0.000954799 0.077467 -0.228466 0.049999 56220.5 0.00034743 1 -0.0723242 -0.256411 0.05 56295.7
0 3895 26 phononTS 0.000396821 -0.0723242 -0.256411 0.049999 56295.7 0.00034743 1 -0.0640013 -0.291179 0.05 56363.1
0 3909 3 phononTF 0.00257754 -0.575541 0.717193 -0.0449412 10766 0.00104229 1 0.0134258 -0.193716 0.05 24900.9
0 3909 4 phononTS 0.000569536 0.0134258 -0.193716 0.049999 24900.9 0.00034743 1 -0.0643374 -0.256928 0.05 35563.4
0 3921 6 phononTS 0.000673057 -0.631483 -0.986702 -0.0252453 19967.1 0.00034743 1 0.0698033 -0.17333 0.05 22031.4
0 3936 5 phononL 0.00184248 -1.59547 1.42415 0.0214199 17952.6 0.00034743 1 -0.0470957 -0.255624 0.05 60329.8
0 3936 6 phononTS 0.000522614 -0.0470957 -0.255624 0.049999 60329.8 0.00034743 1 -0.0629064 -0.213259 0.05 60398.1
0 3939 3 phononTF 0.00207879 -0.0981034 3.69569 0.00308503 916.585 0.00069486 1 0.0264337 -0.238684 0.05 27182.8
0 3939 6 phononTF 0.00101295 0.0264337 -0.238684 0.049999 27182.8 0.00034743 1 0.0281479 -0.265764 0.05 27313.6
0 3959 2 phononTF 0.00180875 -3.66115 2.24327 -0.0246975 12338.5 0.00034743 1 -0.113309 -0.234683 0.05 110508
0 3959 7 phononTS 0.000424283 -0.113309 -0.234683 0.049998 110508 0.00034743 1 -0.0680435 -0.178593 0.05 110598
0 3990 2 phononTS 0.00282762 -1.19388 0.708812 0.0452165 3951.34 0.00104229 1 0.0791351 -0.21297 0.05 7664.44
0 4006 3 phononTS 0.00145799 1.21319 2.18147 -0.0266834 2560.5 0.00034743 1 0.0398696 -0.111714 0.05 55459.9
0 4007 3 phononTF 0.00207144 -0.00488512 2.6887 -0.0258457 2212.1 0.00034743 1 -0.0849787 -0.240875 0.05 5306.06
0 4011 4 phononTS 0.0013734 2.00277 3.05088 -0.0418505 17714.5 0.00034743 1 0.0497513 -0.183061 0.05 29474.6
0 4038 2 phononTS 0.00150608 0.0209465 2.85327 -0.0322284 151.238 0.00034743 1 0.0728372 -0.217714 0.05 22057.7
0 4043 2 phononTF 0.0021484 -0.402179 2.96756 0.00164183 4822.64 0.00104229 1 0.0467692 -0.147604 0.05 92924
0 4060 3 phononTF 0.00115352 -0.493391 2.35786 -0.0374863 4685.99 0.00034743 1 -0.0459484 -0.139802 0.05 10157.9
0 4060 4 phononTS 0.000496808 -0.0459484 -0.139802 0.049999 10157.9 0.00034743 1 -0.0269368 -0.149565 0.05 10228
0 4081 4 phononTS 0.000798117 4.39618 0.937706 0.0443305 13221.2 0.00034743 1 -0.0553074 -0.132068 0.05 39879.7
0 4089 2 phononTS 0.00267126 -0.505329 2.73872 0.0367543 784.483 0.00069486 1 -0.088376 -0.209667 0.05 1986.53
0 4116 2 phononTS 0.00192127 0.259412 1.97791 -0.00649351 3549.59 0.00069486 1 -0.0330942 -0.0996699 0.05 22997.7
0 4151 3 phononTF 0.00173551 -0.84195 0.71283 -0.0393316 13258.5 0.00034743 1 -0.107363 -0.196804 0.05 13880.9
0 4186 3 phononTS 0.00127704 -2.20243 2.40376 0.00783094 22791.3 0.00034743 1 -0.0507334 -0.276316 0.05 56691.1
0 4186 5 phononTS 0.000556972 -0.0507334 -0.276316 0.049999 56691.1 0.00034743 1 -0.0539725 -0.270858 0.05 56749.4
0 4232 2 phononTS 0.00110688 0.127842 2.76817 -0.011169 170.923 0.00034743 1 -0.119627 -0.215059 0.05 43399.8
0 4235 2 phononTS 0.000798546 -1.07135 0.042363 0.049999 8038.37 0.00034743 1 0.0721157 -0.187947 0.05 9755.95
0 4258 3 phononTF 0.00189541 1.04424 2.03985 -0.00348296 2431.3 0.00069486 1 -0.116465 -0.207077 0.05 51921.2
0 4259 5 phononTS 0.000989979 -0.378628 1.68517 -0.0275971 16638.3 0.00034743 1 0.0988992 -0.246003 0.05 22513.9
0 4259 2 phononTF 0.00235933 -1.05043 1.79854 -0.00603891 7904.36 0.00104229 1 -0.0551458 -0.244822 0.05 16265
0 4265 1 phononTS 0.004 0.25 2.75 0 0 0.00104229 1 0.0295848 -0.106006 0.05 11698.8
0 4293 3 phononTS 0.00162571 0.754865 2.00714 0.0227757 6324.6 0.00034743 1 -0.0457655 -0.145883 0.05 34718.2
0 4293 5 phononTS 0.000352415 -0.0457655 -0.145883 0.049999 34718.2 0.00034743 1 0.095173 -0.142348 0.05 76718.1
0 4309 4 phononTS 0.00135108 -1.0521 -0.397516 -0.0330483 4975.46 0.00034743 1 -0.021022 -0.240053 0.05 38021
0 4325 2 phononTS 0.00116506 -0.140903 2.56106 -0.0414546 1994.59 0.00034743 1 0.0273222 -0.104055 0.05 3878.29
0 4411 2 phononTF 0.00107956 0.368905 3.68531 -0.0158084 4046.58 0.00069486 1 0.0461011 -0.195525 0.05 17840.4
0 4416 3 phononTS 0.00184006 -0.191308 2.88295 0.0101442 300.475 0.00104229 1 0.0657295 -0.217755 0.05 17370.8
0 4421 2 phononTF 0.00225701 0.0810146 4.04461 -0.0415495 2985.51 0.00069486 1 0.0727488 -0.140932 0.05 16034
0 4511 3 phononTF 0.00302442 0.3792 2.63744 -0.0200096 316.516 0.00138972 1 0.0861839 -0.212393 0.05 20907.2
0 4511 17 phononTF 0.000890727 0.0861839 -0.212393 0.049999 20907.2 0.00034743 1 0.0329698 -0.15968 0.05 20971.4
0 4511 22 phononTF 0.00037446 0.0329698 -0.15968 0.049999 20971.4 0.00034743 1 0.0726671 -0.15596 0.05 62973.1
0 4523 2 phononTS 0.00220101 1.17729 3.28321 0.0341223 2471.33 0.00034743 1 -0.112238 -0.235449 0.05 17105.7
0 4524 3 phononL 0.00255441 -1.86014 2.5237 -0.0154918 11063.5 0.00034743 1 0.0315256 -0.187742 0.05 26408.1
0 4551 5 phononTS 0.00161486 0.421672 0.73713 -0.0437385 6820.3 0.00104229 1 -0.0151843 -0.204546 0.05 16517.9
0 4567 2 phononTF 0.0014237 0.696463 3.14193 0.0480525 508.421 0.00069486 1 0.110938 -0.182119 0.05 15276.7
0 4576 5 phononTF 0.00194088 0.00610476 -0.226085 0.0233622 11036.1 0.00104229 1 0.0543843 -0.269256 0.05 11201.7
0 4587 4 phononTF 0.00082298 3.01205 1.01519 -0.00972192 54715.2 0.00034743 1 -0.0762969 -0.221184 0.05 82527.1
0 4604 4 phononL 0.0014204 0.771457 2.72167 0.00959631 6033.63 0.00069486 1 0.0430662 -0.104174 0.05 14994.1
0 4613 5 phononTS 0.000850275 -0.0515262 -0.0523165 0.029562 24856.4 0.00034743 1 -0.0570379 -0.163359 0.05 25035.5
0 4613 4 phononTF 0.00155748 -0.0515262 -0.0523165 0.029562 24856.4 0.00034743 1 0.0329777 -0.281472 0.05 29637.2
0 4617 2 phononTS 0.00194371 0.401113 2.50423 -0.0268087 2086.25 0.00069486 1 0.0371994 -0.148422 0.05 161963
0 4678 3 phononTF 0.00193172 1.51109 2.87577 0.0208625 7461.17 0.00069486 1 0.0796655 -0.129024 0.05 46053.6
0 4688 4 phononTF 0.0007611 1.75442 4.88544 0.049065 28066.2 0.00034743 1 0.0678273 -0.125884 0.05 36403.8
0 4689 2 phononTS 0.00156118 0.847809 2.93797 -0.00100422 2791.39 0.00034743 1 -0.0420172 -0.188204 0.05 13043.7
0 4689 4 phononTF 0.000399864 -0.0420172 -0.188204 0.049999 13043.7 0.00034743 1 -0.0953525 -0.234703 0.05 13118.1
0 4699 2 phononTF 0.00178108 -1.6339 0.739064 -0.0419482 7239.07 0.00034743 1 0.0354887 -0.193507 0.05 75492.9
0 4707 5 phononTS 0.0015578 -3.2136 -3.11017 0.0194249 37475.7 0.00034743 1 -0.0318572 -0.222782 0.05 75203.5
0 4707 8 phononTF 0.000998465 -0.0318572 -0.222782 0.049998 75203.5 0.00034743 1 0.0231384 -0.153736 0.05 75309.8
0 4789 2 phononTS 0.0020698 0.945744 2.317 0.0150885 2319.1 0.00034743 1 0.0476016 -0.255976 0.05 6440.97
0 4828 3 phononL 0.00172355 -0.432938 3.45555 0.000875767 7203.06 0.00034743 1 0.0293366 -0.149707 0.05 28673.1
0 4829 4 phononTS 0.00127235 -4.53533 -0.684028 -0.0352989 30489.7 0.00034743 1 0.0680623 -0.124949 0.05 53923.2
0 4983 5 phononTF 0.00134239 0.840163 1.82612 0.0484462 34037.7 0.00034743 1 -0.109844 -0.225893 0.05 39083.1
0 4985 2 phononTS 0.00138613 0.695779 3.02906 -0.013391 1082 0.00034743 1 0.0994638 -0.247597 0.05 22984.8
0 4991 2 phononTS 0.000471402 0.733737 3.0909 0.0109963 3672.27 0.00034743 1 -0.10363 -0.190477 0.05 57021.6
0 4996 3 phononL 0.00165097 0.0343909 2.63018 0.0124661 727.312 0.00034743 1 0.0527727 -0.283626 0.05 39074.5
