Run ID,Event ID,Track ID,Particle Name,Start Energy [eV],Start X [mm],Start Y [mm],Start Z [mm],Start Time [ns],Energy Deposited [eV],Track Weight,End X [mm],End Y [mm],End Z [mm],Final Time [ns],Volume Name
0 11 3 phononTF 0.00249897 3.47334 0.771874 -0.0372383 9093.28 0.00069486 1 0.0171846 -0.225378 0.05 21165
0 14 2 phononTF 0.00285972 3.77939 1.65461 0.0430403 3008.87 0.00034743 1 -0.0689627 -0.24735 0.05 13610.9
0 65 3 phononTF 0.00149615 4.09085 2.98033 -0.0279611 4250.01 0.00034743 1 -0.0751083 -0.126012 0.05 27371.1
0 88 5 phononTS 0.00156886 -0.201836 4.795 0.0131227 12611.4 0.00034743 1 -0.0571632 -0.292376 0.05 46069.3
0 149 2 phononTS 0.00166131 2.25176 2.2063 -0.0496773 6433.94 0.00069486 1 -0.0798332 -0.271629 0.05 38839.6
0 149 9 phononTS 0.000538796 -0.0798332 -0.271629 0.049999 38839.6 0.00034743 1 0.0760571 -0.28406 0.05 38945.7
0 154 2 phononL 0.00193491 3.22774 1.83023 0.00909204 471.143 0.00034743 1 0.069036 -0.159741 0.05 30839.4
0 170 2 phononTS 0.00165241 3.92638 -0.267308 0.0269128 12508.1 0.00034743 1 -0.0653664 -0.163807 0.05 18752.6
0 184 3 phononTF 0.00211124 3.20924 1.66347 -0.0248257 395.686 0.00069486 1 0.0398196 -0.112353 0.05 13602.8
0 201 2 phononTF 0.00196605 4.47565 0.909721 0.0176807 1246.77 0.00034743 1 0.0572486 -0.260578 0.05 15789.7
0 253 5 phononTS 0.0023867 -3.20939 2.25528 -0.0252306 32273.4 0.00069486 1 0.0697578 -0.189532 0.05 69209.6
0 253 6 phononTS 0.000984153 0.0697578 -0.189532 0.049999 69209.6 0.00034743 1 0.0568046 -0.192196 0.05 69315.1
0 276 3 phononL 0.0016675 3.357 1.99301 -0.0363731 475.427 0.00069486 1 -0.0964491 -0.253848 0.05 89590.4
0 279 2 phononTS 0.00134886 3.99835 2.65966 0.00566124 12838.4 0.00034743 1 0.0212623 -0.166295 0.05 18093.8
0 279 6 phononTS 0.000708216 0.0212623 -0.166295 0.049999 18093.8 0.00034743 1 0.0650131 -0.106615 0.05 18350.2
0 336 5 phononTS 0.00184062 3.43645 4.19044 0.0470381 5613.09 0.00034743 1 -0.0332602 -0.278834 0.05 23612.3
0 341 2 phononTF 0.0024228 3.62152 1.65319 0.000462562 647.578 0.00034743 1 -0.0971068 -0.208159 0.05 5850.37
0 361 2 phononTS 0.00222014 4.39955 2.11212 0.0464579 6316.33 0.00069486 1 0.0721926 -0.25641 0.05 10558.6
0 378 4 phononL 0.00151453 0.716284 -0.154604 0.00699243 18142.7 0.00034743 1 0.0638215 -0.244411 0.05 19186.5
0 389 3 phononTF 0.00216911 1.61903 1.24732 0.0387537 9477.85 0.00034743 1 0.0961691 -0.260137 0.05 17668.1
0 389 2 phononL 0.00183089 1.61903 1.24732 0.0387537 9477.85 0.00034743 1 0.0656465 -0.155553 0.05 11693.1
0 389 15 phononL 0.000629376 0.0656465 -0.155553 0.049999 11693.1 0.00034743 1 0.0740215 -0.22916 0.05 11822.3
0 482 2 phononTF 0.00211666 4.93685 1.49356 0.018874 2210.51 0.00069486 1 -0.0877293 -0.216283 0.05 20963.1
0 502 2 phononTS 0.00167136 4.48507 2.10103 0.0434071 2016.08 0.00034743 1 -0.0346727 -0.23479 0.05 10563.5
0 502 4 phononTF 0.000921675 -0.0346727 -0.23479 0.049999 10563.5 0.00034743 1 -0.0702058 -0.118001 0.05 10735
0 507 3 phononL 0.00295094 2.73382 1.35644 -0.0468898 5004.48 0.00069486 1 -0.072562 -0.21235 0.05 25120.4
0 507 8 phononTS 0.000643071 -0.072562 -0.21235 0.049999 25120.4 0.00034743 1 -0.0824015 -0.279486 0.05 81307.1
0 517 2 phononTF 0.00170197 3.86837 1.62836 -0.0378685 687.824 0.00034743 1 -0.090987 -0.223324 0.05 27456.8
0 517 5 phononTS 0.00111412 -0.090987 -0.223324 0.049999 27456.8 0.00034743 1 -0.0705767 -0.144159 0.05 27576.3
0 522 2 phononTS 0.00187844 3.72646 1.79034 -0.0372368 67.957 0.00034743 1 0.0572656 -0.194348 0.05 4766.25
0 547 2 phononTS 0.00179564 3.09796 0.723059 -0.00912174 7360.52 0.00069486 1 0.0535292 -0.300531 0.05 39202.9
0 548 3 phononTS 0.00250254 4.52613 1.308 0.0320789 6270.74 0.00034743 1 -0.0319558 -0.279235 0.05 38577.1
0 548 4 phononTS 0.00109459 -0.0319558 -0.279235 0.049999 38577.1 0.00034743 1 -0.083411 -0.207129 0.05 79211.2
0 548 11 phononTF 0.000494956 -0.083411 -0.207129 0.049999 79211.2 0.00034743 1 -0.117058 -0.211865 0.05 79272.2
0 551 2 phononL 0.00261203 3.72452 -1.38728 0.0121714 13021.4 0.00034743 1 -0.0595051 -0.269647 0.05 19964
0 619 2 phononTS 0.00237414 2.97817 1.8382 -0.0492677 1039.14 0.00034743 1 -0.0906364 -0.202875 0.05 15094.8
0 619 7 phononTF 0.00150169 -0.0906364 -0.202875 0.049999 15094.8 0.00034743 1 0.0315671 -0.11889 0.05 15249.3
0 651 4 phononL 0.00222691 2.52712 0.31467 -0.00432344 5229.11 0.00034743 1 0.0504775 -0.208113 0.05 67821.8
0 684 3 phononTF 0.00170719 3.27276 2.19697 0.0161992 2409.7 0.00104229 1 0.073145 -0.178694 0.05 75008
0 700 2 phononL 0.00206615 3.98647 1.47091 0.0184322 1239.66 0.00069486 1 0.063809 -0.109886 0.05 35325.7
0 717 3 phononTF 0.00252337 3.86451 1.65774 0.0148053 74.3019 0.00034743 1 0.029404 -0.161804 0.05 8518.86
0 744 5 phononTF 0.00202874 2.85193 1.34717 -0.034373 2755.88 0.00034743 1 0.0785738 -0.232758 0.05 8199.26
0 811 2 phononL 0.00258509 3.84034 1.11143 0.03525 5477.4 0.00034743 1 -0.034597 -0.295818 0.05 11834.1
0 822 5 phononTF 0.00120039 1.39783 -2.03539 -0.022692 42480.9 0.00034743 1 0.0778685 -0.166026 0.05 86730.7
0 864 3 phononL 0.00137035 4.80539 2.0183 -0.0313305 8879 0.00034743 1 -0.0591937 -0.23915 0.05 65081.7
0 864 5 phononTS 0.000383104 -0.0591937 -0.23915 0.049999 65081.7 0.00034743 1 -0.0508054 -0.151663 0.05 65158.8
0 960 2 phononL 0.00225522 3.70251 1.80437 -0.0479286 59.7001 0.00069486 1 0.096426 -0.1667 0.05 44317.5
0 960 4 phononTF 0.000451057 0.096426 -0.1667 0.049999 44317.5 0.00034743 1 -0.020755 -0.232255 0.05 58381
0 964 2 phononTF 0.0018865 3.51347 2.95385 0.0398191 3304.93 0.00034743 1 -0.0600871 -0.263305 0.05 22194.4
0 976 3 phononTS 0.00231106 3.7393 1.73458 -0.00730216 3.7517 0.00034743 1 -0.0476453 -0.242613 0.05 11222.6
0 1003 3 phononL 0.00212082 2.73619 1.73932 -0.0192217 15256.1 0.00034743 1 0.0273105 -0.184438 0.05 57604.9
0 1003 4 phononTS 0.00136177 0.0273105 -0.184438 0.049999 57604.9 0.00069486 1 0.0348275 -0.186995 0.05 57663.4
0 1005 5 phononTS 0.00150136 2.13415 1.60968 -0.0376103 6132.57 0.00034743 1 -0.0613919 -0.142068 0.05 9111.82
0 1016 2 phononTS 0.0019273 3.85472 0.944683 -0.00255929 4985.04 0.00069486 1 -0.0253114 -0.261612 0.05 21152.3
0 1016 5 phononTS 0.00075303 -0.0253114 -0.261612 0.049999 21152.3 0.00034743 1 -0.0793402 -0.205427 0.05 21312.5
0 1033 3 phononL 0.00276627 0.63175 2.06481 -0.0455378 26546.5 0.00034743 1 -0.0453078 -0.228701 0.05 35854.7
0 1033 5 phononTF 0.000372417 -0.0453078 -0.228701 0.049999 35854.7 0.00034743 1 0.0377095 -0.223273 0.05 35979.5
0 1046 3 phononL 0.00145872 3.82888 0.94278 0.0226997 5655.16 0.00069486 1 0.045082 -0.173385 0.05 25799.3
0 1071 4 phononL 0.00113069 4.13662 1.96067 -0.0130679 1144.2 0.00034743 1 -0.0514646 -0.279094 0.05 8935.5
0 1076 2 phononTF 0.00161212 2.77327 1.24862 0.0151322 2850.21 0.00034743 1 0.034281 -0.198628 0.05 85801
0 1080 2 phononTF 0.00166259 3.69548 1.67939 0.00664798 48.6196 0.00069486 1 0.0357162 -0.277227 0.05 21886.7
0 1092 2 phononTF 0.00113612 1.50453 1.6474 0.00788118 11359.3 0.00034743 1 0.0883751 -0.262953 0.05 14146.1
0 1135 3 phononL 0.00136924 2.55407 0.888994 -0.0025649 2552.4 0.00104229 1 0.089527 -0.23164 0.05 8439.07
0 1171 2 phononL 0.00288024 3.75985 1.7571 0.00767127 2.63166 0.00034743 1 -0.0338734 -0.295566 0.05 13756.5
0 1196 4 phononTS 0.00100131 -1.73838 -2.2953 -0.0074039 56214.1 0.00034743 1 0.112995 -0.218129 0.05 61732.1
0 1229 5 phononTS 0.00103657 1.12472 1.23451 -0.0323924 12443.6 0.00069486 1 0.0532706 -0.195846 0.05 15482.2
0 1248 3 phononL 0.00204287 3.61679 2.2183 0.0446766 1023.52 0.00069486 1 -0.0494145 -0.186744 0.05 20953.2
0 1296 2 phononTS 0.000821359 4.37918 3.19464 -0.00430628 6584.3 0.00034743 1 -0.0621892 -0.255295 0.05 27078.4
0 1348 3 phononTS 0.00186121 3.83859 1.7438 0.0141642 56.4809 0.00034743 1 -0.0719028 -0.27942 0.05 20956.9
0 1387 2 phononTF 0.00149001 2.75076 2.64021 0.0133966 3770.58 0.00034743 1 0.0738248 -0.126214 0.05 8101.49
0 1395 3 phononTF 0.00243222 3.5531 2.09903 -0.0337252 3096.71 0.00104229 1 -0.0574457 -0.209209 0.05 56987.2
0 1429 2 phononTS 0.00138792 3.7738 1.7611 0.0103901 28.1761 0.00069486 1 0.046373 -0.208789 0.05 16671.6
0 1461 4 phononTF 0.00100182 4.61716 1.61836 0.0378457 9476.85 0.00034743 1 0.0525795 -0.144309 0.05 152649
0 1461 7 phononL 0.000585624 0.0525795 -0.144309 0.049999 152649 0.00034743 1 0.0803301 -0.264565 0.05 155660
0 1472 3 phononTF 0.0017562 3.67184 1.78938 0.0481576 508.678 0.00034743 1 -0.06731 -0.223812 0.05 26752.4
0 1472 2 phononTS 0.0022438 3.67184 1.78938 0.0481576 508.678 0.00104229 1 0.042386 -0.140987 0.05 12488.4
0 1524 2 phononL 0.00217111 4.64402 2.88487 0.0301593 6437.35 0.00034743 1 -0.033748 -0.204942 0.05 13458.1
0 1578 2 phononL 0.00226829 4.16853 3.65399 0.0074454 3125.75 0.00034743 1 0.0932786 -0.152953 0.05 18123.3
0 1585 2 phononTF 0.00211833 4.31268 0.54798 0.010471 9779.96 0.00034743 1 -0.027447 -0.277629 0.05 15197.1
0 1646 2 phononTS 0.00121613 3.52846 2.55053 -0.00952607 15393.2 0.00069486 1 -0.0707255 -0.199096 0.05 42375.9
0 1677 3 phononTS 0.00241314 3.3566 1.99945 0.00890897 712.167 0.00069486 1 -0.059395 -0.151458 0.05 19485.2
0 1677 4 phononL 0.00119405 -0.059395 -0.151458 0.049999 19485.2 0.00034743 1 0.0195627 -0.161376 0.05 19800.3
0 1715 3 phononTF 0.00215573 4.96085 1.66101 0.0020046 11052.5 0.00034743 1 0.0957074 -0.221692 0.05 77873
0 1724 2 phononL 0.00167128 3.359 1.32457 -0.0477598 1114.58 0.00069486 1 -0.0586163 -0.147744 0.05 78389.5
0 1725 4 phononTF 0.000565422 3.76358 0.0676562 0.049999 2084.88 0.00034743 1 -0.108113 -0.161906 0.05 20407.2
0 1777 2 phononTF 0.00178961 3.14794 -0.020661 -0.00828781 4015.85 0.00069486 1 -0.0298111 -0.211907 0.05 44904.5
0 1802 3 phononTF 0.000915004 2.86389 0.0080179 0.049999 8755 0.00034743 1 -0.0236427 -0.192471 0.05 19551.8
0 1805 2 phononTS 0.00202923 1.94506 1.14107 0.0118764 2438.78 0.00034743 1 0.0524059 -0.197421 0.05 4886.24
0 1805 6 phononTF 0.00118424 0.0524059 -0.197421 0.049999 4886.24 0.00034743 1 -0.0359513 -0.273903 0.05 4960.98
0 1835 3 phononTS 0.00230664 2.61946 0.0774318 0.0104119 3774.51 0.00034743 1 -0.0961322 -0.264437 0.05 12413.1
0 1846 3 phononTS 0.00260282 4.06577 0.393987 -0.0473216 5613.75 0.00034743 1 -0.0625867 -0.206134 0.05 12030.6
0 1882 3 phononTS 0.00204538 4.1302 1.36862 0.0284753 1084.63 0.00069486 1 -0.113329 -0.205412 0.05 6407.93
0 1892 6 phononTF 0.000372939 1.19126 -2.49287 0.0138337 120255 0.00034743 1 0.0794582 -0.138367 0.05 159318
0 1954 2 phononTS 0.00236837 4.70881 2.98179 -0.00262106 10123.6 0.00034743 1 0.079287 -0.248329 0.05 27625.4
0 1959 3 phononL 0.00275163 3.76891 1.13179 0.0460592 4124.45 0.00104229 1 0.0702061 -0.279207 0.05 26129.8
0 1975 3 phononTS 0.002149 4.48785 2.06427 -0.0481883 4373.55 0.00034743 1 -0.0508689 -0.157042 0.05 48784.2
0 1986 2 phononL 0.00136365 3.72193 1.71415 -0.00649311 8.64681 0.00034743 1 -0.0502737 -0.250627 0.05 94587.5
0 2000 2 phononTS 0.00102398 3.83631 1.3905 -0.0269339 10461.9 0.00034743 1 0.106478 -0.166581 0.05 21802.3
0 2017 2 phononL 0.00208697 2.00534 0.807348 -0.0198371 8608.46 0.00104229 1 0.0296558 -0.207428 0.05 22069.4
0 2026 4 phononL 0.00133337 3.06342 1.82425 -0.0496866 1402.82 0.00034743 1 0.0257401 -0.198413 0.05 15106.7
0 2027 7 phononTF 0.00120116 -3.17499 -1.81579 0.00916641 46887 0.00034743 1 -0.117437 -0.204698 0.05 74614.6
0 2114 2 phononTS 0.00146837 2.37738 1.73491 0.024864 15198.8 0.00034743 1 -0.021475 -0.223336 0.05 45006.1
0 2114 7 phononTS 0.000435655 -0.021475 -0.223336 0.049999 45006.1 0.00034743 1 -0.0268659 -0.154626 0.05 45143.1
0 2145 2 phononTS 0.00235657 0.638334 2.07324 -0.002963 12753 0.00104229 1 -0.0385866 -0.23582 0.05 22377.4
0 2173 4 phononL 0.000830283 -2.55407 0.673493 0.00235522 17094 0.00034743 1 0.0420525 -0.203492 0.05 54377.7
0 2208 2 phononTF 0.00197915 2.74574 1.63611 0.0448831 12269.5 0.00034743 1 0.0419858 -0.164473 0.05 22793.6
0 2220 2 phononTS 0.00197764 3.50476 2.14667 -0.0379401 1904.64 0.00034743 1 0.0588604 -0.142532 0.05 54989.8
0 2330 4 phononTF 0.0014276 2.00212 -0.278705 0.0324202 11811.3 0.00034743 1 0.112066 -0.17062 0.05 29516.8
0 2341 3 phononTS 0.00213901 3.68305 1.92859 -0.00296892 1256.46 0.00104229 1 0.0727162 -0.274459 0.05 26388
0 2369 3 phononTS 0.00253208 3.4185 1.58069 0.0259166 4108.22 0.00069486 1 0.0337008 -0.28671 0.05 12748.6
0 2382 2 phononTF 0.00240658 2.521 -0.281042 -0.0383108 10804.3 0.00034743 1 -0.0585457 -0.224329 0.05 14083.2
0 2382 7 phononTF 0.00189552 -0.0585457 -0.224329 0.049999 14083.2 0.00069486 1 -0.0750922 -0.272635 0.05 14143
0 2383 5 phononTS 0.00222635 -0.589314 1.925 0.0432612 15861.5 0.00104229 1 0.0344549 -0.173566 0.05 35581.7
0 2391 2 phononL 0.00223398 3.95102 2.19258 -0.00498775 752.795 0.00034743 1 -0.0256874 -0.275419 0.05 34388.8
0 2402 2 phononL 0.00179277 4.44351 2.59569 -0.0469454 4132.37 0.00034743 1 -0.0447888 -0.143066 0.05 31002.9
0 2433 3 phononTF 0.00236799 1.91768 1.67716 -0.0463724 9913.03 0.00069486 1 0.0908474 -0.269268 0.05 26327.5
0 2433 5 phononTF 0.000514948 0.0908474 -0.269268 0.049999 26327.5 0.00034743 1 -0.0661333 -0.230964 0.05 26670.6
0 2433 4 phononL 0.000881033 0.0908474 -0.269268 0.049999 26327.5 0.00034743 1 0.108667 -0.226407 0.05 26383.3
0 2458 3 phononL 0.00205987 4.82055 1.85103 0.00184233 7631.89 0.00104229 1 0.0532746 -0.290795 0.05 67688
0 2465 2 phononTF 0.00148798 4.5836 2.0796 -0.0304899 6265.31 0.00069486 1 0.0790424 -0.253315 0.05 101031
0 2475 3 phononTF 0.00209731 3.41407 1.63442 -0.0253022 5443.7 0.00069486 1 -0.0310549 -0.254166 0.05 64057.9
0 2485 5 phononTS 0.00122817 0.479648 2.2628 0.00017173 70943.4 0.00034743 1 -0.0801221 -0.155622 0.05 152747
0 2491 2 phononTF 0.00129514 4.20195 1.72235 0.025939 2173.82 0.00069486 1 -0.0734678 -0.152789 0.05 26881.1
0 2529 3 phononTS 0.000579382 2.01785 0.0917781 0.049999 4344.75 0.00034743 1 0.042384 -0.275321 0.05 7390.14
0 2545 3 phononTF 0.00246486 3.19443 1.47338 0.0323941 2454.81 0.00069486 1 -0.0786221 -0.164302 0.05 20472.6
0 2602 4 phononTF 0.0019525 0.673799 3.46417 -0.0400842 13914.2 0.00069486 1 -0.0530218 -0.10338 0.05 44695.6
0 2616 7 phononTF 0.00160433 -0.985138 1.26248 0.00483642 22125.4 0.00069486 1 -0.0356849 -0.12936 0.05 39110.4
0 2631 2 phononTS 0.00150426 3.93675 1.46299 -0.018334 497.213 0.00034743 1 0.0235407 -0.267888 0.05 58251.4
0 2648 3 phononTS 0.00183651 3.64451 1.38787 0.0219548 1569.56 0.00104229 1 0.0471821 -0.125076 0.05 12541.8
0 2651 3 phononTS 0.00197135 4.29617 1.56448 -0.0289356 5859.85 0.00034743 1 -0.0599483 -0.292008 0.05 183649
0 2651 6 phononTS 0.000496757 -0.0599483 -0.292008 0.049999 183649 0.00034743 1 -0.043207 -0.268716 0.05 183747
0 2681 3 phononL 0.00212528 3.46652 2.12886 0.00254994 429.792 0.00034743 1 -0.0415255 -0.102525 0.05 9969.26
0 2681 6 phononTS 0.000708389 -0.0415255 -0.102525 0.049999 9969.26 0.00034743 1 -0.0299743 -0.124099 0.05 10028.6
0 2708 3 phononL 0.00152519 4.17991 1.65168 0.0410214 4782.25 0.00034743 1 0.0635785 -0.209514 0.05 52616
0 2759 3 phononTS 0.00192419 3.76058 0.867458 0.00215858 2146.86 0.00034743 1 -0.108754 -0.220876 0.05 6670.61
0 2762 3 phononTS 0.00126741 3.4539 0.358025 0.0431584 3630.41 0.00069486 1 -0.073371 -0.256999 0.05 10346.7
0 2782 4 phononTF 0.00187426 0.220745 -0.114734 -0.0485116 18079.4 0.00069486 1 0.0743927 -0.231708 0.05 18194
0 2808 2 phononTS 0.00256102 3.76576 1.73495 -0.00390304 4.12613 0.00034743 1 0.0744435 -0.118372 0.05 16986.4
0 2808 6 phononTF 0.000356749 0.0744435 -0.118372 0.049999 16986.4 0.00034743 1 0.037341 -0.130158 0.05 17047.4
0 2808 4 phononTS 0.00183442 0.0744435 -0.118372 0.049999 16986.4 0.00034743 1 -0.0151568 -0.200462 0.05 17130.8
0 2808 13 phononTS 0.000384897 -0.0151568 -0.200462 0.049999 17130.8 0.00034743 1 -0.0894302 -0.133421 0.05 17205
0 2814 4 phononTF 0.00126144 1.07933 4.26675 0.0413404 42574.8 0.00069486 1 -0.0250462 -0.26175 0.05 121879
0 2846 2 phononTS 0.00154741 2.47082 0.934828 -0.0392097 6255.84 0.00069486 1 -0.0508842 -0.217977 0.05 37746.8
0 2920 3 phononTS 0.00259477 3.8465 2.28609 -0.00667348 1236.5 0.00138972 1 0.108524 -0.243511 0.05 55368.2
0 2988 4 phononTS 0.00136353 4.62496 2.00856 0.00052525 1545.17 0.00034743 1 0.0284104 -0.141246 0.05 46598.8
0 2994 3 phononTS 0.00238649 3.72549 2.7176 0.0174607 17288.5 0.00034743 1 0.0417059 -0.216592 0.05 64294.3
0 2999 2 phononTS 0.00247255 3.59724 1.49508 0.0479533 1165.57 0.00034743 1 -0.0424065 -0.27204 0.05 12179.4
0 3023 4 phononTF 0.00168655 1.88822 1.6656 0.0185794 10634.7 0.00034743 1 0.0942692 -0.199617 0.05 48382.4
0 3045 2 phononTF 0.000744996 4.52443 2.08292 -0.0402653 4524.27 0.00034743 1 0.0954432 -0.1406 0.05 35938.1
0 3047 3 phononTS 0.00140452 3.07172 1.35047 -0.000132353 6091.42 0.00034743 1 -0.0839949 -0.196289 0.05 10942.2
0 3055 2 phononL 0.00190748 4.58101 2.29994 -0.0167783 5528.67 0.00034743 1 -0.0391408 -0.166983 0.05 33783.3
0 3055 7 phononTS 0.000550965 -0.0391408 -0.166983 0.049998 33783.3 0.00034743 1 -0.0563241 -0.290208 0.05 34282.9
0 3055 4 phononTS 0.000380219 -0.0391408 -0.166983 0.049998 33783.3 0.00034743 1 -0.0184455 -0.176544 0.05 33841.9
0 3063 3 phononTF 0.00246582 3.70279 1.8517 0.037073 3087.35 0.00034743 1 0.0393857 -0.192778 0.05 22033.1
0 3063 4 phononTF 0.00185463 0.0393857 -0.192778 0.049999 22033.1 0.00104229 1 0.0803187 -0.156459 0.05 22095.2
0 3079 2 phononTS 0.000808622 2.8667 2.04877 0.0267819 3779.43 0.00034743 1 0.0612734 -0.186034 0.05 16569.8
0 3093 4 phononTS 0.000837896 3.62623 0.0382314 0.049999 18742.7 0.00034743 1 0.107566 -0.23033 0.05 102484
0 3110 5 phononL 0.00130994 3.72743 1.19513 0.0171716 9549.93 0.00034743 1 0.0451285 -0.269944 0.05 26481
0 3110 6 phononTS 0.000398355 0.0451285 -0.269944 0.049999 26481 0.00034743 1 0.0388069 -0.27565 0.05 26537.5
0 3113 2 phononTF 0.000886882 4.13675 0.0393323 0.049999 6446.84 0.00069486 1 0.0982522 -0.228147 0.05 95340.8
0 3119 3 phononTF 0.00235664 4.57807 1.59471 -0.0490441 5002.21 0.00069486 1 -0.0436544 -0.111294 0.05 13928.1
0 3188 2 phononTF 0.00201969 3.48741 2.18844 0.0372952 1756.9 0.00034743 1 -0.0370328 -0.300499 0.05 74337
0 3205 5 phononTS 0.000948853 2.11487 -1.07204 -0.0230162 10397.7 0.00034743 1 0.0394538 -0.155769 0.05 19511.7
0 3245 3 phononTS 0.00253623 4.28063 1.6992 -0.0134152 6447.48 0.00069486 1 -0.0604742 -0.254472 0.05 15284
0 3247 4 phononTS 0.000675303 1.83404 3.95266 0.0283596 28221.5 0.00034743 1 -0.0373213 -0.190805 0.05 57755.4
0 3300 5 phononTS 0.000951065 -0.287087 2.52073 0.0157014 49723 0.00034743 1 0.0360009 -0.28066 0.05 66721.5
0 3340 4 phononTF 0.00123321 -2.64222 -1.36807 0.0086039 30272.7 0.00034743 1 -0.0258293 -0.181462 0.05 79520.4
0 3360 3 phononTF 0.00120333 3.98777 2.16484 0.00245972 8521.03 0.00034743 1 0.0371302 -0.108111 0.05 17953.8
0 3378 4 phononL 0.00175559 -0.191569 0.354507 0.00587079 9787.25 0.00034743 1 -0.0530194 -0.144239 0.05 13684.1
0 3396 3 phononTF 0.00191029 3.70601 0.537945 0.0439621 7066.46 0.00034743 1 0.0860685 -0.213199 0.05 30503.3
0 3397 2 phononTF 0.00184964 1.31253 1.62625 0.0429353 6609.07 0.00034743 1 -0.0879621 -0.178911 0.05 20427.2
0 3424 3 phononTS 0.0014883 4.25675 2.48588 0.0468729 19046.3 0.00069486 1 0.049821 -0.152428 0.05 82739.1
0 3469 3 phononTS 0.00232489 4.75769 2.29103 0.00543412 2660.75 0.00069486 1 -0.0304361 -0.238808 0.05 14186
0 3469 5 phononTS 0.000614606 -0.0304361 -0.238808 0.049999 14186 0.00034743 1 -0.0199152 -0.252703 0.05 14242.4
0 3473 2 phononTS 0.0024088 4.33849 1.36471 0.00651137 918.633 0.00069486 1 -0.0779739 -0.219865 0.05 17389.8
0 3499 2 phononTS 0.00177844 4.06129 1.53217 0.0346511 480.813 0.00034743 1 -0.111285 -0.230732 0.05 16371.2
0 3523 2 phononL 0.00162333 3.78874 1.84855 -0.0428369 99.5651 0.00069486 1 0.0587631 -0.116605 0.05 15394.6
0 3527 3 phononTS 0.00229655 4.96782 2.77199 0.0427208 13951.4 0.00034743 1 -0.0415269 -0.136599 0.05 62849.8
0 3570 2 phononTF 0.00165196 4.59577 1.23051 0.00438227 3997.01 0.00034743 1 0.0826847 -0.180976 0.05 54028.7
0 3571 2 phononTS 0.00184403 4.20209 1.82348 0.00356702 2313.86 0.00034743 1 -0.0896747 -0.160172 0.05 63777.3
0 3571 4 phononTF 0.00143308 -0.0896747 -0.160172 0.049998 63777.3 0.00034743 1 -0.0641483 -0.190616 0.05 63843.8
0 3590 3 phononTS 0.000729662 2.58515 0.0828696 0.049999 12315.3 0.00034743 1 0.110165 -0.180279 0.05 69848.2
0 3640 3 phononTS 0.00209713 4.58143 2.29342 0.021522 5018.63 0.00034743 1 0.0220561 -0.26433 0.05 26578.1
0 3640 5 phononTS 0.00170862 0.0220561 -0.26433 0.049998 26578.1 0.00069486 1 0.0487022 -0.221099 0.05 26663.7
0 3649 4 phononTS 0.000900041 -1.36672 -1.10826 0.0475515 8757.8 0.00034743 1 -0.0106399 -0.208072 0.05 144676
0 3666 2 phononTS 0.00117061 3.68387 1.83144 -0.042704 20.9148 0.00034743 1 0.0753316 -0.221734 0.05 11686.5
0 3677 2 phononTS 0.00106922 3.99355 1.63084 -0.0353572 857.365 0.00034743 1 -0.0603085 -0.25975 0.05 39390.9
0 3736 4 phononTS 0.000954505 1.1196 -0.425023 0.023898 33102.8 0.00034743 1 -0.0877446 -0.226638 0.05 33547.5
0 3738 2 phononL 0.00192315 3.93463 2.53217 -0.0493966 1417.65 0.00034743 1 -0.0765587 -0.128522 0.05 7539.11
0 3738 5 phononL 0.000417696 -0.0765587 -0.128522 0.049999 7539.11 0.00034743 1 0.0959875 -0.219947 0.05 11497.3
0 3754 2 phononL 0.00149054 2.76188 2.34169 0.048927 4033.54 0.00069486 1 -0.0176965 -0.163722 0.05 19683.3
0 3770 3 phononTF 0.00152469 4.30431 3.3814 0.0110694 25595.7 0.00034743 1 0.0304793 -0.153599 0.05 43760
0 3770 6 phononTF 0.00101249 0.0304793 -0.153599 0.049998 43760 0.00034743 1 -0.0307352 -0.121083 0.05 44390.7
0 3809 2 phononTF 0.00186087 3.71714 1.70649 -0.00897802 10.4007 0.00034743 1 0.067556 -0.232918 0.05 6245.22
0 3810 5 phononTS 0.00110907 2.42339 4.94206 0.0216675 23321.6 0.00034743 1 0.057175 -0.184637 0.05 103281
0 3817 2 phononTF 0.00219613 4.6448 3.15852 0.0361576 3781.39 0.00034743 1 0.117417 -0.20876 0.05 23182
0 3817 4 phononL 0.00121767 0.117417 -0.20876 0.049999 23182 0.00069486 1 -0.0983334 -0.159069 0.05 23645.4
0 3852 3 phononTS 0.0026457 2.57648 1.74655 0.00888147 5174.63 0.00034743 1 0.0411583 -0.146607 0.05 53275.2
0 3852 5 phononTS 0.0016229 0.0411583 -0.146607 0.049999 53275.2 0.00034743 1 0.0401574 -0.154277 0.05 53332.3
0 3852 12 phononTF 0.000746356 0.0401574 -0.154277 0.049999 53332.3 0.00034743 1 0.054407 -0.1727 0.05 53389.5
0 3854 4 phononTF 0.00117527 3.96602 2.32933 0.0321329 11579.4 0.00034743 1 -0.110241 -0.231785 0.05 15545.6
0 3876 4 phononTF 0.00153118 2.10922 0.895229 -0.0353877 124452 0.00034743 1 -0.0757515 -0.151287 0.05 156637
0 3883 3 phononL 0.00175001 4.11042 2.81506 0.0459578 7320.37 0.00034743 1 -0.0414948 -0.218644 0.05 115059
0 3883 2 phononTS 0.00224999 4.11042 2.81506 0.0459578 7320.37 0.00034743 1 -0.0995611 -0.234859 0.05 29414
0 3998 2 phononL 0.00111504 3.65061 1.72101 -0.0129464 92.6069 0.00034743 1 0.0879994 -0.16371 0.05 5083.71
0 4050 3 phononTF 0.00276061 3.8041 2.00463 0.00789211 11301 0.00069486 1 -0.0229985 -0.271094 0.05 45714.6
0 4071 2 phononTF 0.00133128 3.0471 1.86721 -0.042265 3635.8 0.00034743 1 0.0504148 -0.149934 0.05 61210.2
0 4086 3 phononTS 0.00267315 3.51092 2.54504 0.042853 2958.29 0.00034743 1 -0.0544893 -0.18389 0.05 18188.5
0 4089 2 phononTS 0.00199085 2.75069 -0.596772 0.0108862 11066.6 0.00069486 1 -0.0384624 -0.302576 0.05 30665.8
0 4104 2 phononTS 0.00166555 3.43062 2.3563 -0.000413422 559.79 0.00034743 1 0.104176 -0.227072 0.05 40603.9
0 4104 7 phononL 0.00035228 0.104176 -0.227072 0.049998 40603.9 0.00034743 1 -0.0292941 -0.241449 0.05 40671.1
0 4110 5 phononTS 0.000795917 1.75293 4.64767 -0.0484586 23012.6 0.00034743 1 -0.109325 -0.216897 0.05 35761.6
0 4136 2 phononTF 0.00147846 3.71934 1.73159 -0.0322281 8.85172 0.00069486 1 -0.0390628 -0.128384 0.05 27789.2
0 4137 3 phononL 0.00214857 3.38128 1.48731 0.00465884 2485.24 0.00034743 1 0.0225361 -0.158427 0.05 13720.2
0 4137 4 phononL 0.00165184 0.0225361 -0.158427 0.049999 13720.2 0.00069486 1 0.0806946 -0.256282 0.05 13846.7
0 4152 3 phononL 0.000819093 4.55618 1.4962 -0.0495238 981.701 0.00034743 1 0.0663176 -0.140278 0.05 10062
0 4173 3 phononTS 0.00145735 2.11182 0.586382 0.031768 4735.42 0.00069486 1 0.0941345 -0.183543 0.05 6203.22
0 4177 5 phononTF 0.00114227 3.20037 1.67491 -0.0322119 20336.1 0.00069486 1 -0.0477817 -0.229622 0.05 58426.3
0 4194 5 phononTF 0.00132645 3.00241 4.42075 0.0184035 7020.02 0.00034743 1 0.0873202 -0.26366 0.05 26836.4
0 4194 9 phononTF 0.000408956 0.0873202 -0.26366 0.049999 26836.4 0.00034743 1 0.0462327 -0.245714 0.05 26927.6
0 4206 3 phononTF 0.00242437 3.47996 1.36068 0.0211402 7769.5 0.00034743 1 -0.0155741 -0.184768 0.05 72892.8
0 4231 3 phononL 0.00176821 4.74062 1.43191 -0.0226343 4547.08 0.00034743 1 -0.0511119 -0.25733 0.05 57288.2
0 4284 3 phononTF 0.00174226 3.92054 1.86714 0.0317643 765.908 0.00034743 1 0.0241846 -0.233709 0.05 25861
0 4284 7 phononTS 0.000792228 0.0241846 -0.233709 0.049998 25861 0.00034743 1 -0.022796 -0.15589 0.05 25937.8
0 4300 2 phononTF 0.00206337 3.78596 2.30592 -0.00517707 5141.11 0.00069486 1 0.10187 -0.186236 0.05 29868.7
0 4300 11 phononTF 0.000620453 0.10187 -0.186236 0.049999 29868.7 0.00034743 1 0.117502 -0.174469 0.05 29927.8
0 4331 5 phononTF 0.00116113 3.72323 3.69236 0.0493337 6347.63 0.00034743 1 0.0995482 -0.142084 0.05 31576.4
0 4331 6 phononTF 0.000781127 0.0995482 -0.142084 0.049999 31576.4 0.00034743 1 0.0953275 -0.210862 0.05 32194.8
0 4371 2 phononTF 0.00143415 3.80557 1.89488 -0.0292267 943.232 0.00069486 1 -0.0656999 -0.228989 0.05 65501.3
0 4432 5 phononTS 0.000845605 -0.529063 -1.36024 -0.00974402 43499.4 0.00034743 1 -0.0179541 -0.244318 0.05 44580
0 4436 2 phononL 0.000794089 1.9455 2.73268 -0.0249818 6345.8 0.00034743 1 -0.0538649 -0.235882 0.05 40684.8
0 4463 3 phononTS 0.00114857 4.75813 2.35165 -0.00805251 3800.12 0.00034743 1 -0.0810443 -0.194606 0.05 15111.8
0 4483 4 phononTS 0.00174018 -1.61181 3.0737 -0.0236873 26420.5 0.00034743 1 -0.0975739 -0.234097 0.05 34802.6
0 4502 3 phononTS 0.00233762 3.07991 1.8159 -0.0332065 3818.96 0.00034743 1 0.0477174 -0.287276 0.05 31875
0 4514 5 phononTS 0.00244296 2.45344 1.10128 0.0233771 19325.9 0.00034743 1 0.0648401 -0.169431 0.05 40030.7
0 4514 6 phononTF 0.00115849 0.0648401 -0.169431 0.049999 40030.7 0.00034743 1 0.0312449 -0.120827 0.05 40092.3
0 4586 3 phononTF 0.00199567 2.52064 2.62103 0.00326608 5278.56 0.00034743 1 -0.0727625 -0.166256 0.05 49739.8
0 4586 7 phononTS 0.000424974 -0.0727625 -0.166256 0.049999 49739.8 0.00034743 1 -0.103415 -0.176856 0.05 49801.9
0 4599 2 phononTF 0.00153674 4.54691 1.94673 -0.0363858 7705.63 0.00034743 1 -0.0951824 -0.17925 0.05 39971.7
0 4624 2 phononTF 0.00241976 4.04941 2.13972 -0.0359203 1371.48 0.00104229 1 -0.0831454 -0.261694 0.05 87656.1
0 4651 4 phononTF 0.000998206 4.43876 0.755173 0.0291752 3283.67 0.00034743 1 0.0472249 -0.220464 0.05 53933.9
0 4651 6 phononTF 0.000366436 0.0472249 -0.220464 0.049998 53933.9 0.00034743 1 0.0727559 -0.21035 0.05 54011.7
0 4681 3 phononTF 0.00158433 3.78106 1.72309 -0.0166329 8.1706 0.00069486 1 0.0711194 -0.199609 0.05 2509.39
0 4693 2 phononTS 0.00216356 3.72619 1.8129 -0.0169573 29.1628 0.00069486 1 -0.0943762 -0.191812 0.05 13449.5
0 4694 2 phononTF 0.00205508 3.69456 1.77412 0.0387976 13.409 0.00034743 1 -0.0705319 -0.205356 0.05 11532
0 4696 2 phononTS 0.00201341 3.38483 2.61603 -0.0343416 7765.21 0.00034743 1 0.0744436 -0.209024 0.05 54424.5
0 4742 4 phononTF 0.00102414 3.24037 2.32789 -0.0261374 2591.86 0.00034743 1 0.0222041 -0.199414 0.05 64833.8
0 4744 2 phononTS 0.00170006 4.38608 2.56801 0.0375248 2197.82 0.00069486 1 0.0924916 -0.21943 0.05 40025.5
0 4754 3 phononL 0.0012784 4.3111 0.347117 -0.00642958 7811.73 0.00034743 1 -0.100828 -0.172496 0.05 102155
0 4771 4 phononTS 0.000546646 4.388 0.00921362 0.049999 1896.17 0.00034743 1 -0.0661255 -0.133098 0.05 71572.8
0 4780 2 phononTS 0.00138629 2.81356 3.56796 -0.0396786 3726.16 0.00034743 1 -0.0420165 -0.238686 0.05 26456.5
0 4780 6 phononL 0.000605299 -0.0420165 -0.238686 0.049999 26456.5 0.00034743 1 0.0693945 -0.138127 0.05 27719.2
0 4809 3 phononTS 0.001999 4.97025 2.49162 -0.0293496 3651.63 0.00034743 1 0.0845297 -0.125406 0.05 78164.7
0 4949 2 phononTS 0.0020268 3.71309 1.77975 -0.0376977 11.0534 0.00069486 1 0.0612208 -0.229282 0.05 13720.5
0 4949 7 phononTS 0.000526874 0.0612208 -0.229282 0.049999 13720.5 0.00034743 1 0.066848 -0.15373 0.05 14695.6
0 4954 2 phononTS 0.00229953 3.64318 1.67205 0.0293708 1058.04 0.00034743 1 -0.0789062 -0.189175 0.05 15727.6
0 4968 2 phononTS 0.00240512 3.6757 1.66801 0.0397346 88.278 0.00034743 1 -0.0723696 -0.169593 0.05 7215.45
