Run ID,Event ID,Track ID,Particle Name,Start Energy [eV],Start X [mm],Start Y [mm],Start Z [mm],Start Time [ns],Energy Deposited [eV],Track Weight,End X [mm],End Y [mm],End Z [mm],Final Time [ns],Volume Name
0 19 3 phononL 0.00114962 -3.60449 -4.41371 0.0160699 9100.1 0.00034743 1 0.0404395 -0.19226 0.05 75604.9
0 31 3 phononL 0.00279289 -3.70341 -2.94696 0.0158255 4054.35 0.00104229 1 0.04501 -0.274204 0.05 16214.5
0 31 14 phononTS 0.000387638 0.04501 -0.274204 0.049999 16214.5 0.00034743 1 0.108774 -0.242837 0.05 16291.1
0 59 4 phononTS 0.00211203 -3.0881 0.0241773 -0.0358324 19202.3 0.00069486 1 -0.0895557 -0.164351 0.05 61296.5
0 59 6 phononTS 0.000694804 -0.0895557 -0.164351 0.049999 61296.5 0.00034743 1 0.0674252 -0.229711 0.05 61496.8
0 189 2 phononTS 0.00239396 -3.52239 -3.69981 0.0234607 4055.43 0.00034743 1 0.0739514 -0.112968 0.05 31284.3
0 189 7 phononTF 0.00107313 0.0739514 -0.112968 0.049999 31284.3 0.00034743 1 0.0669973 -0.124591 0.05 32408.8
0 189 5 phononTF 0.000473334 0.0739514 -0.112968 0.049999 31284.3 0.00034743 1 -0.0442245 -0.109863 0.05 31419
0 194 5 phononTF 0.00180032 -3.60706 -3.51178 -0.0287826 33258.1 0.00069486 1 0.0540358 -0.142594 0.05 85064.2
0 212 4 phononTF 0.0014305 -2.33255 -4.99385 -0.0135856 35048 0.00034743 1 -0.0460947 -0.231853 0.05 39426.3
0 238 4 phononTS 0.00123951 -0.223067 -2.83949 0.0147479 6425.24 0.00034743 1 -0.0384465 -0.229347 0.05 37541.8
0 272 2 phononTF 0.00234678 -3.24242 -4.26765 0.0086554 4.01117 0.00069486 1 -0.0953712 -0.260571 0.05 34037.3
0 272 6 phononTS 0.000458665 -0.0953712 -0.260571 0.049999 34037.3 0.00034743 1 -0.0730151 -0.234483 0.05 34102.7
0 288 3 phononTF 0.0020801 -2.83168 -4.73984 0.00811072 3820.05 0.00034743 1 -0.0316844 -0.180162 0.05 19391
0 341 4 phononTF 0.00197209 -3.83179 -4.0288 -0.0354918 2668.14 0.00034743 1 0.0959036 -0.201037 0.05 18357.7
0 372 3 phononTF 0.00168971 -3.27703 -4.26424 -0.000906567 164.035 0.00034743 1 -0.0759119 -0.158497 0.05 23095.1
0 374 2 phononTS 0.00151148 -2.14436 -3.11575 0.0407651 8866.88 0.00069486 1 -0.0670955 -0.286468 0.05 13404
0 396 2 phononTS 0.0017518 -4.60028 -4.18771 -0.0299656 5307.84 0.00034743 1 0.0709433 -0.122304 0.05 58556.5
0 409 3 phononTS 0.00199762 -1.80177 -3.46206 -0.0298395 8689.19 0.00069486 1 -0.0452463 -0.164444 0.05 65371.6
0 409 9 phononTS 0.00067607 -0.0452463 -0.164444 0.049999 65371.6 0.00034743 1 -0.0580116 -0.122081 0.05 65438.1
0 508 3 phononTS 0.001362 -0.969061 -4.32183 0.0320511 8204.58 0.00069486 1 0.0812815 -0.22837 0.05 11805.3
0 535 3 phononTF 0.00200818 -4.68776 -4.01264 -0.00670618 4115.6 0.00104229 1 -0.0520695 -0.187274 0.05 15131.2
0 542 4 phononTS 0.00142919 -4.05584 -3.02002 0.03386 37426 0.00069486 1 -0.103653 -0.201991 0.05 73657.6
0 557 2 phononTS 0.00221113 -4.42127 -4.5743 -0.0375737 2007.3 0.00034743 1 -0.0291459 -0.17194 0.05 12160.9
0 557 6 phononTS 0.000446758 -0.0291459 -0.17194 0.049999 12160.9 0.00034743 1 0.0458768 -0.206744 0.05 12947.9
0 559 3 phononL 0.00134294 -3.66797 -3.72656 -0.0181139 4593.9 0.00069486 1 0.0456462 -0.266067 0.05 23898.5
0 562 4 phononL 0.00154877 -0.593393 -1.35466 0.0370376 22432.3 0.00034743 1 -0.0347614 -0.28801 0.05 44756.4
0 562 6 phononTF 0.000771486 -0.0347614 -0.28801 0.049999 44756.4 0.00034743 1 0.0506361 -0.251563 0.05 44907
0 570 3 phononTF 0.0025198 -2.29642 -4.47404 0.0381968 23493.5 0.00034743 1 -0.0399201 -0.269051 0.05 51627.3
0 632 4 phononL 0.00161598 -0.0539258 -4.46826 0.0398299 4192.75 0.00034743 1 -0.0355461 -0.119683 0.05 22680.8
0 664 5 phononTS 0.000965946 1.01873 -3.52409 -0.00676927 12252.9 0.00034743 1 -0.0308311 -0.14452 0.05 27349.9
0 680 3 phononTS 0.00181721 -2.72419 -3.91462 0.038209 697.652 0.00069486 1 -0.0659888 -0.247018 0.05 26682.9
0 699 2 phononL 0.0021764 -3.61514 -3.18741 -0.018555 2074.34 0.00034743 1 -0.0857852 -0.178684 0.05 31171.9
0 699 4 phononTS 0.000517644 -0.0857852 -0.178684 0.049999 31171.9 0.00034743 1 0.0301097 -0.175277 0.05 31445.8
0 721 3 phononL 0.00217927 -2.077 -4.68176 -0.040878 7605.34 0.00069486 1 -0.0490536 -0.13906 0.05 18832.2
0 747 2 phononTS 0.00192349 -2.74626 -3.84305 -0.00280353 10970.3 0.00034743 1 0.0895342 -0.136848 0.05 41966.7
0 749 2 phononTS 0.00161552 -3.4783 -4.44322 0.0371032 3518.8 0.00034743 1 -0.033834 -0.2549 0.05 26647.1
0 753 4 phononTF 0.00158443 -4.93523 -3.41581 -0.0302106 7777.92 0.00034743 1 0.111464 -0.155963 0.05 75765.6
0 767 2 phononL 0.00250708 3.55816 -3.99409 -0.0245547 18054.6 0.00069486 1 0.081426 -0.216906 0.05 68208.2
0 859 2 phononTS 0.00250889 -3.9305 -4.2454 -0.0427705 10442.8 0.00034743 1 0.0268146 -0.247488 0.05 15381.1
0 859 4 phononTF 0.00190115 0.0268146 -0.247488 0.049999 15381.1 0.00069486 1 -0.0189871 -0.222728 0.05 15444.4
0 881 3 phononTF 0.00154572 -3.44852 -4.21909 -0.00441187 1873.15 0.00069486 1 0.102072 -0.155178 0.05 15577.6
0 896 3 phononTS 0.00211424 -3.19241 -4.20443 0.033186 18.8942 0.00069486 1 0.0862791 -0.12641 0.05 26378.4
0 919 5 phononTF 0.00109026 -1.76758 -3.02754 0.00779203 51224.1 0.00034743 1 0.0281247 -0.158848 0.05 55827.5
0 1020 2 phononL 0.00109827 -3.55148 -4.33833 -0.0456178 3192.88 0.00034743 1 0.0510362 -0.151844 0.05 11388.7
0 1021 2 phononTS 0.00200203 -3.07285 -4.71396 -0.00786664 1269.06 0.00034743 1 0.0437833 -0.276161 0.05 22992.3
0 1029 2 phononTS 0.00236977 -4.79317 -4.89766 -0.00465438 8866.91 0.00138972 1 0.0473663 -0.178827 0.05 34026.6
0 1056 2 phononTS 0.00157161 -3.34418 -4.73792 -0.0358154 1609.57 0.00034743 1 0.0749582 -0.124353 0.05 47596.9
0 1067 2 phononTS 0.00193586 -3.42218 -4.1319 -0.00278069 2706.82 0.00104229 1 -0.0300447 -0.215648 0.05 19708.3
0 1072 2 phononTS 0.00212332 -3.23545 -4.29487 -0.0367611 11.1544 0.00034743 1 0.0440886 -0.121302 0.05 15805.1
0 1083 3 phononTS 0.00184677 -3.28889 -4.20763 0.0392252 269.631 0.00034743 1 -0.0864213 -0.122946 0.05 44257.3
0 1095 2 phononTF 0.00256403 -3.13818 -2.93689 0.0112453 4741.91 0.00104229 1 0.0389824 -0.286899 0.05 15942.8
0 1141 2 phononTS 0.00193126 -3.83154 -2.78902 -0.0267505 7868.46 0.00034743 1 -0.0620003 -0.286962 0.05 58618.4
0 1141 5 phononL 0.000704669 -0.0620003 -0.286962 0.049999 58618.4 0.00034743 1 -0.0498283 -0.126559 0.05 59078.3
0 1141 4 phononTS 0.000818838 -0.0620003 -0.286962 0.049999 58618.4 0.00034743 1 0.0373955 -0.248022 0.05 58928.9
0 1147 5 phononTF 0.000833744 4.06919 1.88221 0.00118603 15381.9 0.00034743 1 -0.104913 -0.189369 0.05 19931
0 1151 3 phononTF 0.00235582 -3.24274 -3.97716 0.030672 271.542 0.00138972 1 -0.0406685 -0.178298 0.05 22280.9
0 1176 9 phononL 0.000879961 -4.49826 4.20719 -0.0290973 51653.1 0.00034743 1 -0.0508044 -0.143153 0.05 72294.3
0 1185 3 phononL 0.00180392 -3.1195 -4.25981 0.0300669 2818.15 0.00069486 1 -0.0204469 -0.166844 0.05 23021.3
0 1223 5 phononTS 0.00226747 -4.27333 -4.20249 -0.00233034 9679.84 0.00034743 1 0.0609104 -0.281928 0.05 23004.4
0 1274 5 phononTF 0.00182871 0.117735 -0.213377 -0.0202964 11960 0.00034743 1 0.0812095 -0.186446 0.05 11985.6
0 1274 4 phononTS 0.00129263 0.117735 -0.213377 -0.0202964 11960 0.00034743 1 -0.0373879 -0.178706 0.05 12102.8
0 1274 12 phononTS 0.000829115 -0.0373879 -0.178706 0.049999 12102.8 0.00034743 1 0.0996497 -0.194447 0.05 35399.7
0 1293 3 phononTF 0.00229074 -2.84202 -4.67991 0.0178949 1761.95 0.00069486 1 -0.0981283 -0.179982 0.05 22913.5
0 1330 2 phononL 0.00188513 -3.72041 -4.78929 -0.0253869 4219.23 0.00034743 1 -0.0880787 -0.208358 0.05 41331.4
0 1330 4 phononTF 0.00139041 -0.0880787 -0.208358 0.049998 41331.4 0.00034743 1 0.0299359 -0.127661 0.05 41410.6
0 1332 2 phononTS 0.00216865 -3.24795 -4.41378 -0.0367596 519.446 0.00034743 1 -0.114896 -0.208257 0.05 33716
0 1332 4 phononTF 0.000933271 -0.114896 -0.208257 0.049999 33716 0.00034743 1 0.0259734 -0.203841 0.05 34073.7
0 1347 5 phononTS 0.000685816 -2.39569 -3.85418 -0.0358774 8310.84 0.00034743 1 0.021606 -0.152565 0.05 43578.3
0 1409 2 phononTS 0.00188388 -3.19451 -4.23969 0.0297533 12.3155 0.00069486 1 0.0645321 -0.140588 0.05 6815.49
0 1428 2 phononTS 0.00250513 -3.31675 -1.52397 -0.0182796 9679.26 0.00104229 1 -0.0665384 -0.237566 0.05 61367.2
0 1433 2 phononL 0.00191762 -2.9452 -3.8192 -0.0248865 311.657 0.00069486 1 0.105403 -0.147965 0.05 13970.2
0 1497 3 phononTS 0.00244255 -3.1712 -4.2091 -0.0392394 21.011 0.00034743 1 -0.0587485 -0.227928 0.05 50290.3
0 1549 3 phononTF 0.00159973 -3.98657 -4.98867 -0.0434226 7237.79 0.00069486 1 -0.0994397 -0.230591 0.05 17210.7
0 1558 5 phononTF 0.00110431 -1.94104 -2.21917 -0.0274365 22951.1 0.00034743 1 0.0769035 -0.118546 0.05 42106.4
0 1558 8 phononTS 0.000361847 0.0769035 -0.118546 0.049999 42106.4 0.00034743 1 -0.044889 -0.199981 0.05 42191.5
0 1589 2 phononTS 0.00176071 -3.97699 -2.72963 0.0186924 7269.72 0.00034743 1 -0.0762444 -0.145326 0.05 46200.1
0 1590 2 phononTF 0.00213119 -4.82508 -3.78505 -0.0426723 4759.6 0.00069486 1 -0.111159 -0.16271 0.05 55074.7
0 1597 2 phononTS 0.00225144 -4.99877 -4.77878 0.0230418 6365.83 0.00138972 1 -0.103915 -0.191604 0.05 39469.9
0 1602 3 phononTF 0.00138105 -3.7697 -4.29644 0.0154785 9001.63 0.00069486 1 0.113931 -0.190401 0.05 29364.7
0 1669 3 phononTF 0.00189806 -3.08511 -3.76546 -0.0451396 2527.06 0.00034743 1 0.045304 -0.224459 0.05 32434.6
0 1669 5 phononTS 0.000494201 0.045304 -0.224459 0.049999 32434.6 0.00034743 1 -0.069741 -0.147275 0.05 32550.2
0 1671 5 phononTS 0.00197827 -1.85578 -3.06018 -0.00273216 21248.1 0.00034743 1 -0.110505 -0.169844 0.05 49554.2
0 1671 6 phononTF 0.00102357 -0.110505 -0.169844 0.049998 49554.2 0.00069486 1 0.0334139 -0.180075 0.05 49686.3
0 1676 5 phononL 0.00137714 -0.486142 -2.33376 -0.0263159 30626.8 0.00034743 1 0.0600483 -0.1519 0.05 31766.9
0 1699 4 phononTF 0.00109841 -2.80321 -3.30107 0.039384 2431.43 0.00034743 1 -0.0793364 -0.127365 0.05 134828
0 1707 2 phononTS 0.00130567 -1.56042 -4.34468 0.0065665 11028 0.00034743 1 -0.0322658 -0.163892 0.05 31664.5
0 1721 2 phononL 0.00172186 -3.02683 -3.50351 -0.0274094 1432.37 0.00104229 1 -0.117145 -0.193255 0.05 43403.7
0 1721 6 phononL 0.000358555 -0.117145 -0.193255 0.049999 43403.7 0.00034743 1 0.017989 -0.19874 0.05 43456.3
0 1729 2 phononTF 0.00104479 -3.03944 -4.5631 0.029635 321.309 0.00034743 1 -0.0785859 -0.17048 0.05 18288.2
0 1776 3 phononTF 0.0014772 -3.51589 -4.88752 0.0363171 9389.38 0.00069486 1 -0.0443614 -0.28083 0.05 43274
0 1806 2 phononTS 0.00148128 -0.0728344 -4.38153 0.0173238 10037.3 0.00034743 1 -0.0486516 -0.219901 0.05 19726.1
0 1832 2 phononTF 0.00190119 -2.45168 -4.90512 -0.0396193 3296.17 0.00034743 1 0.0972392 -0.171383 0.05 18350.6
0 1870 2 phononTF 0.00200548 -2.78962 -4.33963 -0.0151101 566.434 0.00104229 1 0.0641281 -0.144821 0.05 18314.9
0 1913 4 phononTF 0.0015654 3.18699 -2.56105 -0.0339637 40956.7 0.00034743 1 -0.0429991 -0.288475 0.05 75311.2
0 1920 3 phononL 0.00125398 -3.08498 -4.44784 -0.0464781 1510.57 0.00034743 1 -0.0440083 -0.222141 0.05 20465.1
0 1939 4 phononTS 0.00097051 0.266532 -4.72086 -0.00442791 13344.3 0.00034743 1 0.0305513 -0.123828 0.05 47767.4
0 1987 4 phononTF 0.00122934 -1.82949 0.36463 -0.0490496 8737.62 0.00069486 1 0.102685 -0.247403 0.05 42264.2
0 1992 3 phononTF 0.00198456 -2.25446 -4.41382 0.0201729 14010.1 0.00069486 1 0.0333316 -0.271073 0.05 66402.9
0 2025 3 phononTF 0.00234515 -3.11925 -4.18047 0.02053 28.921 0.00034743 1 0.0897211 -0.141498 0.05 17275.4
0 2045 2 phononTF 0.00136229 -3.44075 -1.78411 -0.0267312 14193.4 0.00069486 1 0.0296571 -0.236614 0.05 91116.5
0 2132 2 phononTF 0.00051709 -4.36331 -4.73478 0.00916693 2173.72 0.00034743 1 0.0419684 -0.122723 0.05 44355.4
0 2176 3 phononTF 0.00201975 -3.2172 -4.22177 -0.0283893 211.678 0.00034743 1 -0.110884 -0.176856 0.05 10797.2
0 2215 2 phononTS 0.00167354 -2.80832 -2.55656 0.0200613 11810 0.00034743 1 0.0799653 -0.142083 0.05 53501.8
0 2215 4 phononTF 0.0012443 0.0799653 -0.142083 0.049999 53501.8 0.00034743 1 0.0854242 -0.14719 0.05 53574.9
0 2215 11 phononTS 0.000447722 0.0854242 -0.14719 0.049999 53574.9 0.00034743 1 0.106226 -0.176755 0.05 53723.7
0 2237 2 phononTS 0.00229117 -2.38828 -3.17754 -0.00320654 7701.71 0.00069486 1 -0.0323739 -0.243234 0.05 25926
0 2237 12 phononTS 0.00041736 -0.0323739 -0.243234 0.049999 25926 0.00034743 1 0.116698 -0.190959 0.05 26435.8
0 2245 3 phononTF 0.00274136 -3.0704 -4.99546 -0.0376739 6079.22 0.00069486 1 0.0607516 -0.16285 0.05 36354.6
0 2252 3 phononTS 0.00207089 -2.26583 -2.52778 0.0361259 20119.6 0.00034743 1 -0.0235335 -0.241511 0.05 27665.8
0 2336 3 phononTF 0.00222097 -2.94794 -4.94819 -0.032674 2122.12 0.00034743 1 0.102191 -0.218192 0.05 101260
0 2336 4 phononL 0.000792599 0.102191 -0.218192 0.049999 101260 0.00034743 1 0.0425621 -0.146362 0.05 101311
0 2373 2 phononTS 0.00161382 -3.05842 -3.94738 0.0496296 2390.71 0.00069486 1 0.1134 -0.220126 0.05 71969.8
0 2403 5 phononTF 0.00127559 -3.70624 -2.89231 0.0242453 4651.71 0.00034743 1 -0.0656325 -0.236522 0.05 45093.2
0 2404 4 phononTS 0.000715434 -4.47873 -4.32673 0.0281124 11564.6 0.00034743 1 0.0858747 -0.267868 0.05 25924.8
0 2444 4 phononTS 0.00156174 -2.87373 -4.11965 -0.0479365 13081.2 0.00034743 1 0.051005 -0.190576 0.05 53963
0 2515 3 phononTS 0.00235064 -3.4458 -2.90387 0.0112837 10570.9 0.00069486 1 -0.0202753 -0.157949 0.05 41170.2
0 2515 6 phononTS 0.000886818 -0.0202753 -0.157949 0.049999 41170.2 0.00034743 1 0.0976969 -0.26292 0.05 41687.3
0 2525 2 phononTF 0.00191502 -2.46878 -4.74174 -0.0257574 4832.12 0.00069486 1 -0.0935258 -0.178175 0.05 118871
0 2529 2 phononTF 0.00154367 -3.12621 -4.29942 0.0144422 1393.41 0.00034743 1 0.053478 -0.191737 0.05 88941
0 2552 3 phononTF 0.00194527 -1.73402 -4.37947 0.0409019 8158.54 0.00034743 1 0.0538482 -0.174159 0.05 16832.6
0 2552 5 phononL 0.0010253 0.0538482 -0.174159 0.049998 16832.6 0.00069486 1 -0.0637244 -0.158521 0.05 19019.5
0 2554 3 phononTF 0.00187607 -3.44595 -4.84415 -0.0100501 7175.01 0.00034743 1 0.058968 -0.266971 0.05 78315.6
0 2603 3 phononTF 0.00246599 -3.93857 -4.69671 -0.0222677 1749.31 0.00104229 1 -0.0491442 -0.14008 0.05 42422
0 2613 3 phononTS 0.00160207 -3.23359 -4.22634 -0.0370987 8.80363 0.00034743 1 0.0734223 -0.245706 0.05 17724.3
0 2613 4 phononTS 0.00117719 0.0734223 -0.245706 0.049999 17724.3 0.00034743 1 0.113681 -0.229767 0.05 17788.2
0 2622 2 phononTS 0.00140921 -4.01687 -2.45556 0.0410966 15221 0.00069486 1 -0.0590163 -0.128261 0.05 81442.9
0 2632 4 phononTS 0.00154461 -4.04771 -1.84999 -0.0281336 15208.7 0.00069486 1 0.0235349 -0.160154 0.05 18619.7
0 2640 3 phononTS 0.00146845 -1.53706 -2.141 -0.012565 9062.27 0.00069486 1 0.110987 -0.208919 0.05 21937.2
0 2672 2 phononTF 0.00233773 -3.39241 -4.47476 0.048857 949.774 0.00034743 1 -0.0957493 -0.24464 0.05 25482.9
0 2672 4 phononTS 0.000764458 -0.0957493 -0.24464 0.049999 25482.9 0.00034743 1 0.0956687 -0.174661 0.05 25692.3
0 2676 2 phononTS 0.000389789 -2.51287 -4.474 -0.038805 10840.5 0.00034743 1 -0.0366686 -0.103564 0.05 40364
0 2677 3 phononTF 0.00257461 -2.69923 -4.78055 0.0099432 5564.58 0.00104229 1 0.0744169 -0.189979 0.05 36587.7
0 2687 5 phononTF 0.00153709 -3.08143 -2.91776 -0.0121657 16737.8 0.00034743 1 -0.0619709 -0.11172 0.05 162009
0 2687 6 phononTF 0.000809444 -0.0619709 -0.11172 0.049999 162009 0.00034743 1 -0.0818412 -0.178278 0.05 162879
0 2716 2 phononTF 0.00291677 -1.80242 -4.70459 0.0120666 8240.3 0.00104229 1 -0.0286883 -0.278487 0.05 44449.8
0 2716 4 phononL 0.00128667 -0.0286883 -0.278487 0.049999 44449.8 0.00034743 1 -0.0606888 -0.233837 0.05 44655.2
0 2723 2 phononL 0.00176823 -4.70174 -4.58838 0.0427269 7310.33 0.00069486 1 -0.023033 -0.230186 0.05 12381.1
0 2742 3 phononTS 0.0022858 -3.4757 -2.96092 0.0428993 4563.39 0.00069486 1 -0.0180164 -0.212225 0.05 21794.6
0 2749 3 phononTF 0.00212237 -1.81934 -3.34834 -0.0167842 5465.91 0.00104229 1 0.0278961 -0.10818 0.05 10825.2
0 2753 3 phononTS 0.00238975 -3.17425 -4.37869 0.0228494 211.207 0.00069486 1 -0.0998531 -0.18196 0.05 21756
0 2766 3 phononTS 0.00159439 -4.09726 -3.7142 0.0135793 1324.29 0.00034743 1 0.0183573 -0.154187 0.05 15120.4
0 2766 4 phononTS 0.00102241 0.0183573 -0.154187 0.049999 15120.4 0.00034743 1 0.0389948 -0.161766 0.05 15424.2
0 2792 5 phononTF 0.00152527 -2.0382 -2.35989 -0.0475014 8148.05 0.00069486 1 -0.0642112 -0.127502 0.05 45938.9
0 2810 3 phononTS 0.00162867 -3.2893 -4.87043 -0.0194394 5707.76 0.00034743 1 -0.0644687 -0.270401 0.05 35466.4
0 2810 6 phononTF 0.000773219 -0.0644687 -0.270401 0.049998 35466.4 0.00034743 1 -0.0727239 -0.180371 0.05 36108.6
0 2850 4 phononTF 0.000725009 -3.94388 -3.30548 -0.035757 29521.1 0.00034743 1 -0.0551475 -0.288872 0.05 46461
0 2876 4 phononTS 0.00133321 -3.37813 -4.64579 0.00119846 18283.4 0.00034743 1 0.0628569 -0.147956 0.05 54960.1
0 2880 2 phononTS 0.00234698 -2.96512 -3.43379 0.042728 5541.96 0.00104229 1 0.0899162 -0.141555 0.05 53176.9
0 2897 2 phononL 0.0016077 -2.50927 -3.83095 -0.0362132 762.385 0.00034743 1 -0.10412 -0.18409 0.05 4209.52
0 2969 2 phononTS 0.00190819 -2.94026 -4.88316 0.00207924 3568.09 0.00034743 1 0.102691 -0.157164 0.05 14191.3
0 2986 2 phononTF 0.001201 -3.09433 -3.7182 0.0456362 28524.7 0.00069486 1 0.0446223 -0.149219 0.05 53050.2
0 3016 3 phononTS 0.00221134 -3.44191 -3.82702 0.0291636 661.358 0.00034743 1 -0.0696412 -0.243616 0.05 23803.7
0 3021 2 phononTS 0.00271861 -0.31591 -4.47721 -0.00545739 17601 0.00069486 1 0.0699372 -0.132572 0.05 58039.9
0 3030 3 phononTF 0.00226615 -3.85739 -4.09761 -0.0344323 4524.72 0.00069486 1 0.0346843 -0.230046 0.05 41833.7
0 3049 3 phononTS 0.00184595 -3.76362 -3.7721 0.0246892 11269.1 0.00034743 1 0.0332164 -0.295976 0.05 46901.3
0 3049 5 phononTF 0.00135617 0.0332164 -0.295976 0.049999 46901.3 0.00069486 1 -0.0585012 -0.135722 0.05 47050.5
0 3060 4 phononTS 0.00163104 -1.45455 -4.331 -0.0476836 10302.1 0.00034743 1 -0.0168971 -0.160999 0.05 32829.9
0 3060 7 phononL 0.000461043 -0.0168971 -0.160999 0.049999 32829.9 0.00034743 1 -0.0581316 -0.150883 0.05 32987.3
0 3060 6 phononTF 0.000657787 -0.0168971 -0.160999 0.049999 32829.9 0.00034743 1 -0.0720985 -0.139474 0.05 32891.6
0 3091 2 phononL 0.00207351 -3.60634 -4.76602 -0.0363157 2468.89 0.00034743 1 0.0948733 -0.217691 0.05 19678.1
0 3110 3 phononTF 0.0017546 -3.73667 -1.03363 0.0232216 51044.4 0.00034743 1 -0.0852926 -0.231023 0.05 58341.2
0 3110 4 phononTS 0.000371566 -0.0852926 -0.231023 0.049998 58341.2 0.00034743 1 0.0771274 -0.237203 0.05 59263.5
0 3137 2 phononTF 0.00106887 -3.38683 -4.46343 -0.00603122 573.221 0.00034743 1 -0.0958066 -0.132242 0.05 68205.5
0 3172 3 phononTF 0.00135666 -4.17798 -4.98152 -0.0366671 2308.02 0.00034743 1 -0.0366369 -0.234226 0.05 40496
0 3178 3 phononTF 0.00172914 -0.921035 -4.4995 -0.00883158 6606.14 0.00069486 1 -0.0947217 -0.256024 0.05 40820.3
0 3199 2 phononTS 0.00171221 -3.45501 -3.98357 0.0432818 4216.33 0.00034743 1 0.0626944 -0.215841 0.05 91118.4
0 3207 3 phononTS 0.00167738 -2.4888 -3.57148 -0.00175615 3312.34 0.00034743 1 -0.0931899 -0.225246 0.05 32300.9
0 3226 4 phononTS 0.000853538 -3.4108 -1.70061 0.0229578 75013.4 0.00034743 1 0.0929968 -0.21281 0.05 98742.6
0 3251 2 phononTS 0.00185874 -3.28524 -3.92414 -0.0392204 906.557 0.00034743 1 0.047032 -0.197062 0.05 120638
0 3251 5 phononTS 0.000566807 0.047032 -0.197062 0.049999 120638 0.00034743 1 0.0447911 -0.207818 0.05 120696
0 3284 3 phononL 0.00237458 -1.86989 -4.06033 0.020963 12606.1 0.00069486 1 0.063858 -0.239452 0.05 47309.2
0 3302 3 phononL 0.00228958 -3.11176 -4.94861 -0.0286821 3446.91 0.00034743 1 0.0952386 -0.178072 0.05 81608.9
0 3331 3 phononTS 0.00284738 -4.54386 -1.78037 0.0182236 19062.6 0.00069486 1 -0.0858232 -0.203359 0.05 55660.9
0 3336 3 phononTS 0.00181929 -4.85446 -4.49041 -0.0215435 11142.3 0.00069486 1 0.0349319 -0.146479 0.05 47641.9
0 3338 3 phononTS 0.00225297 -3.0327 -4.47362 -0.0252732 1598.26 0.00034743 1 0.0418886 -0.267328 0.05 36192.2
0 3339 4 phononTS 0.00121245 -4.80075 -4.52079 0.0297051 18981.3 0.00034743 1 -0.0608222 -0.156401 0.05 39326
0 3437 5 phononTS 0.00141951 0.750227 -3.12394 -0.0157687 14716.7 0.00034743 1 -0.0484988 -0.295579 0.05 46797.8
0 3443 5 phononTS 0.00108557 -2.02574 -3.63728 0.022698 31246.5 0.00034743 1 0.030781 -0.151766 0.05 47324
0 3443 6 phononTS 0.000470497 0.030781 -0.151766 0.049999 47324 0.00034743 1 0.0176002 -0.17885 0.05 47394.7
0 3444 2 phononTS 0.0030188 -3.51676 -4.73516 -0.0441997 166.17 0.00104229 1 -0.0860273 -0.25125 0.05 31605.3
0 3444 4 phononTF 0.00123714 -0.0860273 -0.25125 0.049999 31605.3 0.00034743 1 0.0477033 -0.248251 0.05 31762.8
0 3445 3 phononTF 0.00264918 -2.50711 -4.20875 -0.0182072 437.683 0.00034743 1 -0.0624262 -0.181366 0.05 11658.6
0 3464 3 phononTS 0.00173877 -3.01357 -2.65589 0.0056278 12056.1 0.00069486 1 -0.0315707 -0.274168 0.05 84246.9
0 3471 3 phononTS 0.00151346 -3.11749 -4.02498 0.0253053 79.3548 0.00034743 1 -0.021633 -0.249041 0.05 18089.9
0 3508 4 phononTF 0.000977084 -4.56746 0.954582 0.0369222 56805.9 0.00034743 1 0.0445039 -0.301039 0.05 86649.4
0 3534 2 phononTS 0.00181325 -3.85981 -4.19849 -0.0159368 996.403 0.00069486 1 -0.0470216 -0.157488 0.05 39325.6
0 3542 2 phononTS 0.00159352 -3.17246 -3.8458 0.0218993 2062.44 0.00034743 1 -0.106789 -0.22555 0.05 21778.8
0 3548 3 phononTF 0.00193422 -3.09701 -4.12966 -0.00852617 1098.43 0.00069486 1 0.119517 -0.212121 0.05 62229.1
0 3569 2 phononTF 0.00179308 -2.87072 -4.52911 0.0142564 6621.08 0.00034743 1 0.0479682 -0.125081 0.05 18038.8
0 3580 5 phononL 0.002058 -3.36019 -2.77893 -0.0410383 10871.6 0.00069486 1 -0.113917 -0.211723 0.05 20522.3
0 3580 4 phononTF 0.000751763 -3.36019 -2.77893 -0.0410383 10871.6 0.00034743 1 0.0661886 -0.117363 0.05 22189.7
0 3602 4 phononTS 0.00135653 4.54063 -2.86019 0.0467624 124784 0.00034743 1 -0.0359212 -0.151631 0.05 178277
0 3623 3 phononTF 0.00243166 -2.77112 -4.89304 0.0155407 1789.45 0.00034743 1 -0.0543727 -0.154194 0.05 52330.1
0 3623 6 phononTS 0.000366998 -0.0543727 -0.154194 0.049999 52330.1 0.00034743 1 -0.0917447 -0.205034 0.05 52401.1
0 3623 4 phononTF 0.0011015 -0.0543727 -0.154194 0.049999 52330.1 0.00069486 1 0.0890794 -0.268238 0.05 52422.2
0 3638 3 phononTS 0.00295161 -3.68654 -3.15904 0.0330902 10531.1 0.00138972 1 0.0335812 -0.0934543 0.05 26520.7
0 3674 6 phononTF 0.000463091 -0.196777 -2.74498 -0.0277131 27521.1 0.00034743 1 0.0397885 -0.134532 0.05 64864.3
0 3676 2 phononTS 0.002311 -3.32602 -4.22615 0.0129026 1907.61 0.00034743 1 -0.0459695 -0.159914 0.05 15363.1
0 3729 4 phononL 0.000919513 -3.71507 0.58196 0.0447516 38096.8 0.00034743 1 -0.0545395 -0.164933 0.05 128379
0 3772 3 phononTS 0.00229769 -0.873839 -4.89677 0.0453041 3927.42 0.00034743 1 -0.0325455 -0.100438 0.05 23762.6
0 3781 3 phononTF 0.00208461 -2.70411 -3.94364 0.0164931 3342.48 0.00069486 1 0.0855146 -0.141589 0.05 11024
0 3793 3 phononTS 0.00247292 -3.03338 -1.66639 0.0283284 12834 0.00104229 1 0.0440502 -0.20336 0.05 22733
0 3836 2 phononTS 0.002337 -1.56865 -2.67831 -0.00755683 9954.67 0.00069486 1 -0.0213153 -0.223085 0.05 32998
0 3845 5 phononTS 0.0019178 -1.67009 -3.2439 -0.0422748 11281.5 0.00034743 1 -0.106016 -0.23526 0.05 20465
0 3851 2 phononTS 0.00230635 -2.36982 -3.88759 0.0129436 3672.28 0.00069486 1 0.0199125 -0.209904 0.05 12510.5
0 3877 4 phononTF 0.00188487 -4.14655 -3.79714 0.00135909 2751.88 0.00034743 1 0.0817489 -0.120524 0.05 25569.5
0 3901 2 phononTS 0.00293257 -2.80219 -3.9621 0.0498671 4059.23 0.00034743 1 0.0458573 -0.295533 0.05 17045.6
0 3964 4 phononTF 0.00145111 -0.494998 -1.35604 -0.0345797 14479.7 0.00034743 1 -0.0633798 -0.251417 0.05 81757.1
0 3964 8 phononTF 0.000536568 -0.0633798 -0.251417 0.049999 81757.1 0.00034743 1 -0.0793937 -0.20548 0.05 81829.5
0 3973 2 phononTS 0.0010169 -2.36388 -4.2723 0.00133409 1726.97 0.00034743 1 0.0194474 -0.167472 0.05 46010.6
0 3994 3 phononTS 0.00211292 -3.58035 -4.39863 -0.00308846 1017.22 0.00034743 1 0.11966 -0.199735 0.05 49374.8
0 3999 2 phononTS 0.00145514 -2.88081 -3.85618 0.0462775 3025.69 0.00069486 1 0.113142 -0.224614 0.05 20197.3
0 4022 4 phononL 0.00133634 0.620644 -0.550584 -0.0329037 72016.2 0.00034743 1 0.107093 -0.149859 0.05 72861.3
0 4022 6 phononTF 0.000816534 0.107093 -0.149859 0.049999 72861.3 0.00034743 1 0.0989556 -0.140506 0.05 72943.9
0 4029 2 phononTS 0.0016039 -3.37114 -4.7656 -0.01178 14163.3 0.00034743 1 -0.047834 -0.175481 0.05 19473.6
0 4042 3 phononTS 0.00232705 -2.77933 -4.18231 -0.0343369 8672.62 0.00034743 1 0.0969605 -0.204311 0.05 20081.6
0 4085 3 phononL 0.00155566 -2.85359 -4.63267 0.0226463 8096.86 0.00034743 1 0.0330439 -0.190898 0.05 67319.8
0 4085 5 phononTF 0.000916136 0.0330439 -0.190898 0.049999 67319.8 0.00034743 1 0.0593278 -0.140062 0.05 67452.4
0 4109 2 phononTS 0.00235681 -3.73571 -4.21382 -0.0396396 4920.21 0.00069486 1 -0.0838777 -0.164247 0.05 112484
0 4146 2 phononTS 0.00181121 -4.9507 -2.21498 0.0353251 14555.1 0.00034743 1 -0.060526 -0.258012 0.05 23550.2
0 4146 5 phononTS 0.00135649 -0.060526 -0.258012 0.049999 23550.2 0.00034743 1 0.073731 -0.127892 0.05 23668
0 4146 11 phononTS 0.000659338 0.073731 -0.127892 0.049999 23668 0.00034743 1 0.0878729 -0.147102 0.05 23734.7
0 4154 2 phononTF 0.0025369 -2.43558 -3.80364 0.0141625 5743.09 0.00069486 1 -0.092942 -0.170985 0.05 22261
0 4154 11 phononTS 0.00101256 -0.092942 -0.170985 0.049999 22261 0.00034743 1 0.0152475 -0.178877 0.05 22584.6
0 4160 2 phononTS 0.00266504 -2.98253 -4.30729 -0.0484166 3837.15 0.00104229 1 -0.0150331 -0.217031 0.05 10401.8
0 4172 3 phononTS 0.00241607 -4.70041 -3.87801 0.0327198 10395.3 0.00034743 1 0.0765719 -0.118738 0.05 37018.3
0 4189 2 phononL 0.00236027 -4.11684 -3.99083 0.0234991 16566.2 0.00034743 1 0.0563289 -0.252059 0.05 24562.2
0 4227 2 phononTF 0.00151755 -3.42165 -4.01607 -0.00474476 3257.41 0.00034743 1 -0.044682 -0.278421 0.05 24565.1
0 4227 6 phononL 0.000856021 -0.044682 -0.278421 0.049999 24565.1 0.00034743 1 0.0258297 -0.1585 0.05 24765.2
0 4228 2 phononL 0.00175546 -2.85416 -4.1058 0.0247806 1583.85 0.00069486 1 -0.0389838 -0.302028 0.05 13820.4
0 4239 4 phononTS 0.00151567 -2.7865 -3.10531 -0.0192803 9711.43 0.00034743 1 -0.102915 -0.206133 0.05 12313
0 4270 3 phononTS 0.00221492 -2.9493 -4.66419 -0.0488168 1163.87 0.00069486 1 -0.0965623 -0.24876 0.05 14267.4
0 4270 4 phononTF 0.000538624 -0.0965623 -0.24876 0.049999 14267.4 0.00034743 1 -0.0398991 -0.2612 0.05 14535.7
0 4278 2 phononTF 0.00235135 -2.48352 -4.37344 -0.0497835 5130.62 0.00104229 1 -0.017239 -0.216849 0.05 56989
0 4278 5 phononTS 0.000425186 -0.017239 -0.216849 0.049999 56989 0.00034743 1 0.0734213 -0.260672 0.05 57165.4
0 4288 3 phononTF 0.00164314 -4.00155 -3.83791 0.0261454 3925.38 0.00034743 1 -0.0653207 -0.280931 0.05 10309.5
0 4292 3 phononTS 0.00213587 -1.54857 -4.11832 -0.0288921 3078.19 0.00034743 1 -0.0759282 -0.152026 0.05 88873.8
0 4350 4 phononTS 0.00221119 -2.29827 -1.5076 -0.0298385 22086.7 0.00069486 1 0.100794 -0.170363 0.05 41351.1
0 4372 2 phononTF 0.00127296 -3.79214 -3.55865 0.0324281 4352.38 0.00034743 1 -0.0392764 -0.137453 0.05 13543.2
0 4403 3 phononTF 0.00233041 -2.0705 -3.95971 0.00991664 11505.5 0.00034743 1 0.0722831 -0.226653 0.05 20098.4
0 4475 4 phononTF 0.00171203 -2.66429 1.39481 0.0218589 31001.8 0.00069486 1 0.0667345 -0.204339 0.05 52540.6
0 4533 5 phononL 0.00138976 -0.654146 -2.40335 0.0136922 31507.4 0.00034743 1 0.0327547 -0.256289 0.05 34173
0 4533 4 phononTF 0.000487896 -0.654146 -2.40335 0.0136922 31507.4 0.00034743 1 0.0285989 -0.219564 0.05 37246
0 4545 2 phononL 0.00138933 -3.23822 -3.63877 -0.0401384 1270.36 0.00069486 1 0.104423 -0.214065 0.05 27839.4
0 4580 3 phononTS 0.00193424 -1.96406 -4.85741 0.026179 4501.57 0.00034743 1 -0.0781615 -0.165606 0.05 43403.7
0 4580 5 phononTS 0.00132237 -0.0781615 -0.165606 0.049999 43403.7 0.00034743 1 0.0390813 -0.105019 0.05 43943.9
0 4580 10 phononL 0.000542085 0.0390813 -0.105019 0.049999 43943.9 0.00034743 1 -0.0540824 -0.181402 0.05 49685.9
0 4620 5 phononTF 0.000683224 3.39581 -2.9702 0.0399457 26295.6 0.00034743 1 0.0282323 -0.257531 0.05 63444.4
0 4637 2 phononL 0.00150365 -3.34065 -4.3627 0.0363607 1782.34 0.00034743 1 -0.0474587 -0.27249 0.05 7519.37
0 4651 3 phononL 0.00173644 -4.28797 -3.35278 0.0206232 3577.82 0.00034743 1 0.0281592 -0.162146 0.05 15955.2
0 4651 2 phononL 0.00226356 -4.28797 -3.35278 0.0206232 3577.82 0.00104229 1 0.077805 -0.184727 0.05 34531.5
0 4657 2 phononTS 0.00212183 -1.11983 -2.67391 -0.0109075 8369.56 0.00034743 1 0.0357883 -0.225725 0.05 17937.2
0 4673 3 phononTF 0.00244266 -2.73833 -3.89604 -0.0305748 1066.27 0.00069486 1 -0.050948 -0.104952 0.05 30365.4
0 4673 4 phononTS 0.000810028 -0.050948 -0.104952 0.049998 30365.4 0.00034743 1 0.0649209 -0.270186 0.05 30564.7
0 4682 2 phononTS 0.00257845 -3.0493 -4.12759 0.0170674 1296.64 0.00069486 1 -0.0627448 -0.191654 0.05 11174
0 4682 4 phononTF 0.00144448 -0.0627448 -0.191654 0.049998 11174 0.00069486 1 -0.0700981 -0.122587 0.05 11240.8
0 4687 5 phononTS 0.00221097 -1.47398 -2.29691 0.0181346 60970.8 0.00138972 1 -0.0387593 -0.11601 0.05 68022.6
0 4728 3 phononL 0.00305371 -3.33209 -4.20477 0.0442564 52.8062 0.00104229 1 -0.0644226 -0.272544 0.05 14728.2
0 4728 6 phononTS 0.000800695 -0.0644226 -0.272544 0.049999 14728.2 0.00034743 1 -0.0345212 -0.221923 0.05 14798.6
0 4755 3 phononTS 0.0013225 -2.66454 -3.58831 0.0227242 12171.1 0.00034743 1 0.0781955 -0.275602 0.05 32967.2
0 4801 3 phononTS 0.00146402 -3.44702 -3.88304 0.00657355 3556.16 0.00034743 1 -0.0854714 -0.229594 0.05 34031.7
0 4807 2 phononTS 0.00228036 -1.0307 -4.16271 0.0440696 14377.7 0.00069486 1 0.0460962 -0.223089 0.05 24575.1
0 4864 3 phononTF 0.00148266 -2.3107 -3.1008 0.0406782 5193.06 0.00069486 1 0.052506 -0.208328 0.05 16103.5
0 4878 2 phononTF 0.0021369 -2.519 -4.14593 -0.00589798 4240.59 0.00034743 1 -0.0685375 -0.181787 0.05 19223.5
0 4891 3 phononTS 0.00143695 -3.49791 -4.6144 0.0194012 2172.45 0.00069486 1 0.07981 -0.268389 0.05 14983.5
0 4909 3 phononTS 0.00172743 -3.2592 -4.26452 -0.00321903 3.32752 0.00138972 1 -0.0884784 -0.198707 0.05 48896.2
0 4913 2 phononTS 0.00125265 -4.98727 -4.72507 -0.034015 2623.42 0.00034743 1 0.0730897 -0.158076 0.05 21352.3
0 4924 3 phononL 0.00165679 -3.30412 -4.02362 -0.001103 1324.59 0.00069486 1 -0.0567261 -0.268271 0.05 18968.7
0 4981 7 phononTS 0.000700964 -3.08867 -1.22328 0.0192383 26893.8 0.00034743 1 -0.03848 -0.150605 0.05 84381.7
