Run ID,Event ID,Track ID,Particle Name,Start Energy [eV],Start X [mm],Start Y [mm],Start Z [mm],Start Time [ns],Energy Deposited [eV],Track Weight,End X [mm],End Y [mm],End Z [mm],Final Time [ns],Volume Name
0 16 3 phononTF 0.00275168 1.09347 -1.60381 0.0354607 4803.8 0.00034743 1 -0.0429571 -0.118544 0.05 10215.5
0 17 4 phononTF 0.000910787 2.14999 0.0919616 0.049999 5116.66 0.00034743 1 -0.0678922 -0.280326 0.05 17924
0 31 2 phononTS 0.000951216 2.40452 -0.773488 0.00238608 40.8576 0.00034743 1 -0.0784803 -0.196701 0.05 3185.39
0 48 2 phononL 0.002165 2.3436 -0.906703 -0.00505805 74.4321 0.00104229 1 0.0621095 -0.208182 0.05 8222.69
0 78 2 phononTS 0.00221067 2.82245 -1.47867 -0.0391695 3437.01 0.00104229 1 0.0568447 -0.11936 0.05 32206.1
0 81 3 phononL 0.00234005 0.399918 -0.781421 0.00596692 6560.3 0.00069486 1 -0.0185534 -0.205142 0.05 7000.67
0 84 5 phononTF 0.00048253 2.01948 0.0676065 0.049999 7983.5 0.00034743 1 0.0201637 -0.225082 0.05 20803.3
0 132 4 phononTF 0.000698408 4.40418 0.175339 0.0261633 8050.91 0.00034743 1 0.0818199 -0.145798 0.05 52808.3
0 145 2 phononTF 0.00156127 2.31818 -1.29566 -0.0261311 1060.35 0.00034743 1 0.0227012 -0.221797 0.05 22554.4
0 145 4 phononTS 0.00108582 0.0227012 -0.221797 0.049999 22554.4 0.00034743 1 0.0466613 -0.105753 0.05 22659.7
0 165 3 phononTS 0.00254056 3.33459 -3.20651 0.0355358 10070.6 0.00034743 1 -0.0664866 -0.142776 0.05 40564.7
0 174 3 phononL 0.000494178 0.499137 0.0584516 0.049999 7386.56 0.00034743 1 0.0694552 -0.177392 0.05 16307.2
0 246 3 phononTF 0.00159474 2.15974 -0.623083 0.0250948 527.493 0.00034743 1 0.0500886 -0.232001 0.05 14300.8
0 250 2 phononL 0.00234894 2.11735 -2.47968 0.0185127 8627.8 0.00069486 1 -0.11556 -0.230145 0.05 39207.4
0 283 3 phononTS 0.00178498 2.32975 -0.42701 -0.0267974 1625.75 0.00034743 1 0.0309392 -0.304687 0.05 5754.4
0 305 5 phononL 0.00178189 4.57985 -3.66358 -0.043473 13347.6 0.00069486 1 -0.0566645 -0.107818 0.05 55394.4
0 358 3 phononTS 0.00220583 1.98853 -0.134947 -0.00234662 837.93 0.00034743 1 -0.0866074 -0.138773 0.05 88778.8
0 358 4 phononTF 0.000889471 -0.0866074 -0.138773 0.049999 88778.8 0.00034743 1 0.0574371 -0.275906 0.05 89004.2
0 373 4 phononTF 0.000852802 2.40966 0.00401026 0.049999 1305.68 0.00069486 1 -0.0894115 -0.14961 0.05 89001.8
0 427 3 phononTF 0.00167722 2.2404 -0.764877 -0.00867548 3.65819 0.00069486 1 0.0977258 -0.222685 0.05 11969
0 439 2 phononTF 0.00205207 2.43552 -0.832808 0.0471971 1660.3 0.00034743 1 0.0643575 -0.128018 0.05 32510.5
0 443 3 phononTS 0.00207619 2.58914 -0.519847 0.0156322 1038.25 0.00104229 1 0.054166 -0.100167 0.05 17019.5
0 451 2 phononTF 0.00248639 3.38792 -3.38568 -0.00831948 12824.9 0.00034743 1 -0.0751473 -0.124087 0.05 28385.7
0 467 3 phononL 0.00191124 2.73142 -2.2058 -0.00424256 10644.6 0.00069486 1 0.109249 -0.248052 0.05 20506.1
0 495 3 phononTS 0.00193954 2.35174 -0.685669 0.00328545 852.818 0.00034743 1 0.0497387 -0.281012 0.05 10129.4
0 495 2 phononTF 0.00206046 2.35174 -0.685669 0.00328545 852.818 0.00034743 1 -0.0692457 -0.115236 0.05 26868.9
0 495 15 phononTF 0.000505303 -0.0692457 -0.115236 0.049999 26868.9 0.00034743 1 0.0484028 -0.182423 0.05 26945.9
0 502 2 phononL 0.00196822 3.34628 -2.49339 -0.0482725 6596.9 0.00104229 1 0.0479147 -0.166982 0.05 14433.3
0 510 3 phononTF 0.00187589 1.36368 -0.423211 -0.0151754 2713.01 0.00034743 1 -0.02166 -0.144824 0.05 40369.3
0 510 6 phononTS 0.000726753 -0.02166 -0.144824 0.049999 40369.3 0.00034743 1 -0.0385963 -0.194593 0.05 40433.7
0 516 4 phononTF 0.00171512 1.34735 1.0704 0.0071075 21104.5 0.00034743 1 -0.0616584 -0.245609 0.05 43553.2
0 516 7 phononTF 0.00104915 -0.0616584 -0.245609 0.049999 43553.2 0.00034743 1 -0.0120889 -0.205687 0.05 45161.7
0 526 3 phononTF 0.00174881 2.19664 -0.691256 -0.00833352 1732.07 0.00034743 1 -0.110369 -0.2062 0.05 72829.5
0 526 5 phononTS 0.000658179 -0.110369 -0.2062 0.049999 72829.5 0.00034743 1 -0.0799128 -0.181056 0.05 72893.5
0 541 3 phononTS 0.00295144 1.79548 -0.688909 -0.0102895 377.543 0.00034743 1 -0.0349575 -0.215764 0.05 12165
0 541 4 phononL 0.00230885 -0.0349575 -0.215764 0.049999 12165 0.00069486 1 -0.0787567 -0.192313 0.05 12480.3
0 543 2 phononTF 0.00193462 1.79967 -0.098879 -0.0315204 10090.1 0.00069486 1 -0.0923928 -0.22143 0.05 37308.7
0 579 3 phononTF 0.00293438 2.56224 -0.338433 0.0354964 1645.06 0.00034743 1 0.108013 -0.234079 0.05 7362.35
0 579 8 phononTS 0.000387119 0.108013 -0.234079 0.049999 7362.35 0.00034743 1 -0.0730339 -0.258878 0.05 8077.37
0 579 5 phononTF 0.00163733 0.108013 -0.234079 0.049999 7362.35 0.00034743 1 0.0707708 -0.195935 0.05 7424.16
0 614 5 phononTS 0.00195072 4.44812 -3.31666 -0.0351067 12788.8 0.00034743 1 0.0513144 -0.227995 0.05 42874.4
0 614 7 phononTS 0.00103051 0.0513144 -0.227995 0.049999 42874.4 0.00034743 1 0.0327651 -0.234252 0.05 42937.3
0 614 6 phononTS 0.000486102 0.0513144 -0.227995 0.049999 42874.4 0.00034743 1 0.0495874 -0.243212 0.05 42933.7
0 620 3 phononTF 0.00300743 0.316124 -1.61036 -0.0144273 27863.2 0.00069486 1 0.0750213 -0.170712 0.05 32251
0 626 3 phononL 0.000817335 4.43671 0.000793884 0.049999 27433 0.00034743 1 0.0416072 -0.244557 0.05 39522.7
0 650 3 phononTS 0.00209757 1.9255 -1.2215 -0.0389746 825.072 0.00034743 1 -0.112765 -0.1652 0.05 7513.14
0 650 8 phononTS 0.000819985 -0.112765 -0.1652 0.049999 7513.14 0.00034743 1 -0.0177667 -0.209598 0.05 7591.13
0 676 3 phononL 0.00257781 1.46012 -1.75366 -0.0446421 2708.29 0.00069486 1 0.0585841 -0.17726 0.05 17090.4
0 676 8 phononTS 0.000759347 0.0585841 -0.17726 0.049999 17090.4 0.00034743 1 0.0391103 -0.299421 0.05 17527.8
0 690 4 phononTS 0.000605005 3.23088 0.0288269 0.049999 5219.59 0.00034743 1 0.0276941 -0.105784 0.05 9052.09
0 716 5 phononTF 0.000369137 4.08139 0.0392147 0.049999 3935.02 0.00034743 1 0.0399591 -0.0960457 0.05 257046
0 723 5 phononL 0.00181569 4.47844 -2.97393 -0.0304634 7660.46 0.00069486 1 0.0195189 -0.207916 0.05 15814.7
0 786 2 phononTS 0.00270028 1.17509 -3.05219 0.017545 16197 0.00069486 1 0.080456 -0.265052 0.05 17990.2
0 799 3 phononTF 0.00249342 1.44346 -2.49424 -0.0342416 9120.89 0.00034743 1 0.0978567 -0.259294 0.05 64111.7
0 808 2 phononTF 0.0022004 1.91231 -2.01062 0.0388696 4604.05 0.00069486 1 -0.0659501 -0.235555 0.05 17040.6
0 808 6 phononTS 0.000354457 -0.0659501 -0.235555 0.049999 17040.6 0.00034743 1 -0.047914 -0.271489 0.05 17183.3
0 824 2 phononTS 0.00165361 1.40879 -1.03517 0.014801 1696.49 0.00034743 1 -0.107822 -0.164822 0.05 2968.76
0 871 2 phononTS 0.00165117 2.05875 -0.318946 -0.0197225 1650.01 0.00069486 1 0.0214595 -0.227779 0.05 15906.3
0 902 3 phononL 0.00148129 2.74036 -1.68083 -0.0142793 8813.85 0.00069486 1 0.0293457 -0.199245 0.05 45109.1
0 925 2 phononTF 0.00200495 3.88677 -0.761049 -0.0278301 3326.46 0.00104229 1 -0.0775371 -0.143658 0.05 30848.2
0 934 2 phononTS 0.00169579 1.75913 -0.598886 -0.0403289 2246.36 0.00034743 1 0.0623104 -0.163015 0.05 2967.31
0 935 2 phononTS 0.00213985 0.755457 -0.443504 0.0303998 8641.35 0.00034743 1 0.077289 -0.126451 0.05 15689.8
0 938 2 phononTS 0.00239647 2.72447 -0.657805 0.0109124 4678.57 0.00104229 1 0.0807131 -0.212212 0.05 10176
0 948 2 phononTF 0.00184301 0.497513 -2.28516 -0.00296718 5528.28 0.00069486 1 0.116489 -0.221689 0.05 44750.3
0 959 3 phononTS 0.00227615 2.98621 -0.854654 0.00558457 1922.98 0.00104229 1 0.0451663 -0.296447 0.05 43988.8
0 995 2 phononTF 0.00135549 2.18785 -0.791254 0.0137391 4031.42 0.00069486 1 0.0781134 -0.14552 0.05 42622.4
0 998 1 phononTS 0.004 2.25 -0.75 0 0 0.00034743 1 0.0850824 -0.145088 0.05 8534.67
0 998 4 phononTS 0.00286984 0.0850824 -0.145088 0.049999 8534.67 0.00034743 1 0.120668 -0.200809 0.05 9625.25
0 998 2 phononTF 0.000695073 0.0850824 -0.145088 0.049999 8534.67 0.00034743 1 0.056684 -0.151183 0.05 8664.62
0 1016 3 phononTS 0.00296388 2.10014 -1.28522 0.043856 2588.5 0.00104229 1 -0.0318229 -0.196138 0.05 8947.27
0 1029 3 phononTF 0.0022318 1.06158 -0.447829 0.0453828 3761.01 0.00069486 1 0.0372904 -0.218429 0.05 6097.71
0 1029 2 phononTS 0.0017682 1.06158 -0.447829 0.0453828 3761.01 0.00069486 1 0.0996689 -0.181751 0.05 20917.4
0 1035 5 phononL 0.00186305 0.670697 -0.752718 -0.0352531 43130 0.00069486 1 -0.0776056 -0.218585 0.05 43815.7
0 1072 2 phononTF 0.00130271 1.71513 -1.04033 -0.029002 2868.61 0.00034743 1 -0.0866575 -0.145453 0.05 3725.28
0 1072 9 phononTS 0.000939567 -0.0866575 -0.145453 0.049999 3725.28 0.00069486 1 -0.0930175 -0.260009 0.05 5444.45
0 1084 4 phononL 0.00121557 -0.722927 -3.10118 0.0136937 45409.8 0.00034743 1 -0.0661936 -0.281889 0.05 81499
0 1097 2 phononTS 0.00146992 2.25548 -0.739122 0.0188509 523.021 0.00034743 1 -0.0438959 -0.117569 0.05 11853.7
0 1151 2 phononTS 0.00175285 2.09326 -0.896368 0.0144872 62.9502 0.00069486 1 -0.0566917 -0.267316 0.05 6493.79
0 1169 2 phononTS 0.000828834 2.39957 0.100616 0.049999 3474.37 0.00034743 1 0.0703022 -0.259933 0.05 25974.6
0 1201 3 phononTF 0.00130756 1.985 0.258598 -0.00631381 2067.02 0.00034743 1 -0.0679007 -0.196496 0.05 15095.5
0 1215 3 phononL 0.00184014 2.0609 -2.44724 -0.0247118 6381.89 0.00069486 1 -0.0980071 -0.162273 0.05 22081.4
0 1231 2 phononTF 0.00211164 2.44374 -1.68044 -0.0024399 2554.85 0.00034743 1 0.0565164 -0.128938 0.05 18198.3
0 1231 6 phononL 0.000424312 0.0565164 -0.128938 0.049999 18198.3 0.00034743 1 -0.0910139 -0.233021 0.05 37297.1
0 1242 3 phononTS 0.00163727 2.68249 -2.24452 0.0286634 4760.49 0.00069486 1 -0.058086 -0.154826 0.05 50509.6
0 1258 3 phononL 0.00200644 2.74815 -1.14055 -0.0496075 9711.18 0.00069486 1 0.0570861 -0.122907 0.05 52470.8
0 1258 6 phononTF 0.000709948 0.0570861 -0.122907 0.049999 52470.8 0.00034743 1 -0.0426381 -0.284556 0.05 52635.4
0 1258 4 phononTF 0.000397801 0.0570861 -0.122907 0.049999 52470.8 0.00034743 1 -0.10202 -0.158478 0.05 52607.5
0 1258 22 phononTS 0.0014897 0.286273 -4.92238 0.0266854 90567.8 0.00069486 1 -0.0478006 -0.250295 0.05 95147.9
0 1282 4 phononTS 0.000862748 3.34044 0.0432206 0.049999 2797.01 0.00069486 1 -0.0510831 -0.240593 0.05 7647.62
0 1317 2 phononTS 0.00219533 2.60398 -0.687496 -0.00794607 1485.75 0.00034743 1 -0.0930961 -0.151455 0.05 35943.8
0 1317 5 phononTS 0.00122349 -0.0930961 -0.151455 0.049999 35943.8 0.00034743 1 -0.0987337 -0.17964 0.05 78076.6
0 1324 4 phononTF 0.000864624 2.41681 0.0249139 0.049999 4997.01 0.00034743 1 -0.031005 -0.21389 0.05 42953
0 1341 3 phononTF 0.00191943 2.07022 0.336928 0.0156337 983.273 0.00034743 1 0.0619975 -0.249027 0.05 5023.94
0 1365 3 phononL 0.00290233 1.44139 0.502486 -0.00320935 3178.54 0.00034743 1 0.0524855 -0.129237 0.05 5822.71
0 1365 4 phononTF 0.000997526 0.0524855 -0.129237 0.049999 5822.71 0.00034743 1 -0.0425183 -0.174526 0.05 5973.8
0 1366 1 phononTS 0.004 2.25 -0.75 0 0 0.00034743 1 0.0616975 -0.293422 0.05 10158.3
0 1380 1 phononL 0.004 2.25 -0.75 0 0 0.00104229 1 0.0834787 -0.131405 0.05 5392.07
0 1410 3 phononTF 0.0016319 2.46034 -1.03569 0.0109104 5696.67 0.00034743 1 0.0300589 -0.227117 0.05 13810.6
0 1410 2 phononTS 0.0023681 2.46034 -1.03569 0.0109104 5696.67 0.00069486 1 0.100128 -0.15 0.05 16796.6
0 1410 13 phononTF 0.00125531 0.100128 -0.15 0.049999 16796.6 0.00034743 1 0.0225413 -0.138124 0.05 16860.5
0 1410 22 phononTS 0.000827217 0.0225413 -0.138124 0.049999 16860.5 0.00034743 1 0.00719918 -0.200896 0.05 16961.7
0 1438 2 phononTF 0.00223253 2.45592 -1.12787 -0.00789512 474.158 0.00069486 1 -0.081654 -0.276506 0.05 11514.8
0 1451 5 phononL 0.000508147 3.37112 -7.87508e-05 0.049999 8691.3 0.00034743 1 0.0148532 -0.234174 0.05 23925
0 1477 2 phononL 0.00190059 2.77751 -0.609676 0.0463817 1668.79 0.00034743 1 -0.0391344 -0.128966 0.05 25987.2
0 1496 3 phononTS 0.00235993 1.37809 -0.727188 -0.0417913 2068.02 0.00034743 1 -0.103699 -0.243071 0.05 12287.8
0 1525 4 phononTS 0.000964298 2.45764 -1.16775 0.0376836 18051.4 0.00034743 1 -0.032126 -0.108589 0.05 41866.1
0 1525 7 phononTS 0.000369547 -0.032126 -0.108589 0.049999 41866.1 0.00034743 1 -0.0425175 -0.111582 0.05 78181.8
0 1539 2 phononTS 0.00253764 0.93008 -1.30756 -0.0122963 2787.1 0.00069486 1 0.0281107 -0.277537 0.05 10183.4
0 1611 5 phononL 0.00209478 0.206527 -0.169853 0.025326 70093.3 0.00069486 1 0.1039 -0.152873 0.05 70114.9
0 1612 1 phononL 0.004 2.25 -0.75 0 0 0.00069486 1 0.0333712 -0.188855 0.05 5550.53
0 1612 9 phononTS 0.000380288 0.0333712 -0.188855 0.049999 5550.53 0.00034743 1 -0.0370843 -0.104246 0.05 5839.51
0 1612 5 phononTS 0.000905793 0.0333712 -0.188855 0.049999 5550.53 0.00034743 1 0.0816617 -0.250695 0.05 5624.61
0 1612 2 phononTF 0.000766976 0.0333712 -0.188855 0.049999 5550.53 0.00034743 1 0.0376712 -0.251967 0.05 5614.03
0 1632 3 phononL 0.000703966 3.81116 0.0451168 0.049999 4243.26 0.00034743 1 -0.0269828 -0.139101 0.05 29108.5
0 1635 4 phononTF 0.000535633 1.50398 -0.000451402 0.049999 1069.31 0.00034743 1 0.0731498 -0.277145 0.05 9925.93
0 1641 3 phononTS 0.00208122 2.24341 -0.748843 -0.00989011 2.27357 0.00034743 1 -0.0753375 -0.127213 0.05 64389
0 1641 9 phononTS 0.000404003 -0.0753375 -0.127213 0.049999 64389 0.00034743 1 0.0654152 -0.169494 0.05 64478.5
0 1664 4 phononTF 0.000965884 1.40712 -1.08251 0.0326794 29555.3 0.00069486 1 0.0939246 -0.235341 0.05 87061.5
0 1666 2 phononTF 0.00187993 3.23796 -2.84382 -0.027784 5573.57 0.00034743 1 -0.0349109 -0.297563 0.05 27877
0 1690 4 phononTS 0.00138265 3.4554 -2.31292 -0.00320517 4628.85 0.00034743 1 -0.0345296 -0.147236 0.05 21182.2
0 1690 6 phononL 0.000714634 -0.0345296 -0.147236 0.049998 21182.2 0.00034743 1 -0.0642846 -0.16805 0.05 21464.1
0 1692 3 phononTF 0.00146298 2.57957 -1.03937 0.0104281 6630.92 0.00069486 1 0.106599 -0.198396 0.05 37362
0 1701 3 phononTS 0.00197577 2.83806 -1.19559 -0.0207642 5409.54 0.00034743 1 -0.101038 -0.206235 0.05 19678.7
0 1701 5 phononTF 0.000748232 -0.101038 -0.206235 0.049999 19678.7 0.00034743 1 -0.0828317 -0.263364 0.05 19768.2
0 1718 5 phononTS 0.000675346 -0.294608 -0.270307 0.037592 3841.48 0.00034743 1 -0.0526388 -0.284381 0.05 4034.7
0 1718 4 phononTS 0.00100211 -0.294608 -0.270307 0.037592 3841.48 0.00034743 1 -0.107748 -0.243396 0.05 19836
0 1719 6 phononTS 0.000411222 -3.71415 -2.93059 -0.0236257 71298.6 0.00034743 1 -0.0304184 -0.190196 0.05 101293
0 1750 3 phononTS 0.00238582 1.52906 -0.218129 0.0399302 1320.86 0.00104229 1 0.0453501 -0.218246 0.05 8689.36
0 1750 5 phononTF 0.000478001 0.0453501 -0.218246 0.049999 8689.36 0.00034743 1 0.0415596 -0.166719 0.05 8752
0 1762 4 phononTF 0.00134455 -4.28667 -3.00416 -0.0392595 31357.1 0.00069486 1 0.0229886 -0.190145 0.05 103331
0 1774 1 phononTS 0.004 2.25 -0.75 0 0 0.00104229 1 -0.0740117 -0.18588 0.05 5163.36
0 1787 1 phononL 0.004 2.25 -0.75 0 0 0.00069486 1 0.033816 -0.219152 0.05 4615.91
0 1787 2 phononTF 0.00238206 0.033816 -0.219152 0.049999 4615.91 0.00069486 1 0.0364787 -0.120044 0.05 4679.49
0 1827 2 phononTS 0.00219791 0.775063 -2.65102 -0.039945 7785.5 0.00104229 1 0.0302397 -0.238901 0.05 11134.3
0 1885 2 phononTS 0.00156038 3.3925 0.362751 0.00076911 6003.77 0.00034743 1 -0.0547114 -0.243732 0.05 14364.4
0 1885 6 phononTS 0.000385114 -0.0547114 -0.243732 0.049999 14364.4 0.00034743 1 -0.0565948 -0.224184 0.05 14420.5
0 1900 6 phononTF 0.000366066 2.34677 0.0339521 0.049999 4706.96 0.00034743 1 0.0813279 -0.177153 0.05 70137.3
0 1922 2 phononTF 0.00179755 2.50663 -0.744719 -0.000416662 1289.1 0.00069486 1 -0.0365201 -0.230448 0.05 15946.8
0 1949 5 phononL 0.00109131 3.63221 1.48955 0.0292996 58753.6 0.00069486 1 0.103847 -0.25491 0.05 86996.4
0 2011 2 phononTF 0.00152526 2.43706 -2.37821 -0.0129291 2695.87 0.00034743 1 0.105281 -0.234346 0.05 26311.4
0 2018 3 phononTF 0.00223936 1.16897 -1.4402 0.0105281 11153.6 0.00034743 1 0.0520463 -0.300999 0.05 15706.1
0 2018 5 phononTS 0.00129002 0.0520463 -0.300999 0.049999 15706.1 0.00034743 1 0.106048 -0.162969 0.05 18135.8
0 2018 8 phononTS 0.000891519 0.106048 -0.162969 0.049999 18135.8 0.00069486 1 0.0116241 -0.192939 0.05 19110.6
0 2027 2 phononTF 0.00212038 2.75508 -0.715324 -0.00875154 804.235 0.00034743 1 0.0766005 -0.161353 0.05 32136.1
0 2027 8 phononTF 0.000556412 0.0766005 -0.161353 0.049999 32136.1 0.00034743 1 0.0961635 -0.161155 0.05 32257.9
0 2027 7 phononTF 0.000622201 0.0766005 -0.161353 0.049999 32136.1 0.00034743 1 -0.0643368 -0.213224 0.05 32216.6
0 2027 6 phononTS 0.000472636 0.0766005 -0.161353 0.049999 32136.1 0.00034743 1 0.0446904 -0.123733 0.05 32198.7
0 2061 2 phononTS 0.00191538 1.32812 -2.21406 0.0145735 1971.63 0.00034743 1 0.115629 -0.22676 0.05 8146.88
0 2076 5 phononTS 0.000883816 -4.93118 -2.61623 0.0387494 63372.1 0.00034743 1 -0.0455438 -0.137936 0.05 76310.3
0 2084 2 phononTF 0.00187792 0.103964 0.752874 0.0144395 11762.4 0.00034743 1 -0.100769 -0.262132 0.05 14384.5
0 2108 3 phononTF 0.000629908 0.99016 0.0790863 0.049999 1216.18 0.00034743 1 -0.0375453 -0.113057 0.05 43480.6
0 2121 4 phononTF 0.00114979 1.18823 1.05153 0.042909 9775.95 0.00069486 1 -0.0542765 -0.218242 0.05 31959.5
0 2155 3 phononTF 0.0022549 1.695 -0.768768 -0.029179 7421.86 0.00034743 1 -0.100891 -0.230055 0.05 17614
0 2173 4 phononTF 0.000858231 1.31015 0.0522427 0.049999 2464.78 0.00034743 1 0.0614365 -0.251318 0.05 3300.53
0 2174 2 phononL 0.000888261 1.21091 0.0462134 0.049999 7066.92 0.00034743 1 -0.0996649 -0.168605 0.05 10925.1
0 2174 7 phononTF 0.000477225 -0.0996649 -0.168605 0.049999 10925.1 0.00034743 1 -0.0215195 -0.218015 0.05 10992.4
0 2205 2 phononTS 0.0021614 2.42915 -0.817528 -0.0191734 1709.48 0.00069486 1 0.0514852 -0.209763 0.05 7605.67
0 2205 8 phononTS 0.000457416 0.0514852 -0.209763 0.049999 7605.67 0.00034743 1 0.0498169 -0.218722 0.05 7662.41
0 2222 2 phononTF 0.000499072 0.338391 -1.33554 0.00285092 8988.24 0.00034743 1 -0.030222 -0.187334 0.05 124498
0 2227 3 phononTF 0.00268407 2.20421 -2.12303 -0.0193754 10593.3 0.00034743 1 -0.0847922 -0.207426 0.05 26485.1
0 2236 2 phononL 0.00173129 2.63744 -0.388078 -0.0140587 351.803 0.00034743 1 0.0512024 -0.155895 0.05 6992.72
0 2236 4 phononTS 0.00101013 0.0512024 -0.155895 0.049999 6992.72 0.00034743 1 -0.0313257 -0.149419 0.05 7166.55
0 2282 3 phononTF 0.00269787 2.16507 -1.00144 0.0358882 722.853 0.00104229 1 -0.0957305 -0.165503 0.05 18863.4
0 2301 2 phononTS 0.00264536 -1.2935 -2.86376 0.00610532 15482.4 0.00069486 1 0.0418871 -0.109461 0.05 39863.7
0 2301 4 phononTS 0.000882629 0.0418871 -0.109461 0.049999 39863.7 0.00034743 1 0.0587395 -0.135935 0.05 39993.5
0 2305 3 phononTS 0.00269919 2.25434 -0.328974 -0.0231627 911.831 0.00069486 1 0.118569 -0.197369 0.05 32024.1
0 2319 5 phononTS 0.00149736 -3.55364 -0.32446 -0.0439249 29360.3 0.00034743 1 -0.0524797 -0.156905 0.05 40311.9
0 2319 8 phononTS 0.00107271 -0.0524797 -0.156905 0.049998 40311.9 0.00069486 1 -0.0941645 -0.222862 0.05 40384.7
0 2321 5 phononTF 0.00127014 1.45752 -4.01638 0.0119271 35808.3 0.00034743 1 -0.0159649 -0.189972 0.05 54112.7
0 2340 4 phononTS 0.000370953 1.31258 0.00704718 0.049999 3063.85 0.00034743 1 0.0354977 -0.235869 0.05 4516.4
0 2405 3 phononTF 0.00172721 2.22104 -0.711266 -0.00967664 9.2719 0.00034743 1 0.0511237 -0.255683 0.05 36580.1
0 2410 2 phononTS 0.00136182 2.42045 -0.389912 -0.0471312 504.202 0.00034743 1 0.10258 -0.226916 0.05 2971.95
0 2415 4 phononTF 0.000783638 1.88526 0.100282 0.049999 861.524 0.00034743 1 -0.0510532 -0.104027 0.05 6675.58
0 2461 3 phononTS 0.00225203 0.917469 -1.54083 -0.0327815 13641.5 0.00034743 1 0.0951631 -0.183436 0.05 16338.2
0 2461 4 phononL 0.000804364 0.0951631 -0.183436 0.049999 16338.2 0.00034743 1 0.0275606 -0.156414 0.05 16503.2
0 2490 5 phononL 0.00101343 4.4329 -4.664 -0.0292549 25185.6 0.00034743 1 0.0728025 -0.180127 0.05 43760.4
0 2498 3 phononTS 0.000713158 1.17411 0.0411696 0.049999 3307.25 0.00069486 1 -0.0614386 -0.237716 0.05 5088.43
0 2558 2 phononTF 0.00263124 0.733638 -1.0327 0.0374202 3648.51 0.00034743 1 0.0689225 -0.288161 0.05 10375.3
0 2588 4 phononTS 0.000776371 1.86146 0.10013 0.049999 11044.4 0.00034743 1 -0.040692 -0.136644 0.05 40201.7
0 2597 2 phononTS 0.00238139 3.88658 -0.824154 -0.0211682 3291.38 0.00034743 1 -0.0269147 -0.204463 0.05 47216.3
0 2597 5 phononTF 0.00161426 -0.0269147 -0.204463 0.049999 47216.3 0.00069486 1 -0.0220118 -0.22683 0.05 47281.5
0 2603 2 phononTF 0.00237133 2.21332 -0.947215 0.0231026 6491.97 0.00034743 1 0.0353659 -0.250504 0.05 12139.2
0 2673 4 phononTS 0.000839761 2.12434 0.0872342 0.049999 1808.41 0.00034743 1 0.075693 -0.23055 0.05 24047.6
0 2681 2 phononTS 0.00289847 1.62738 -0.395276 0.00639117 819.306 0.00069486 1 0.0511217 -0.151648 0.05 6469.97
0 2690 2 phononTF 0.00138056 2.32326 -1.40317 0.0247697 3052.14 0.00069486 1 0.0529478 -0.282812 0.05 17525.3
0 2707 2 phononTF 0.00119272 1.7565 -1.39886 0.0164453 2034.02 0.00034743 1 -0.0774192 -0.251077 0.05 13390.7
0 2710 5 phononTS 0.00142632 4.42165 -2.46487 -0.0271653 21957.2 0.00069486 1 -0.053829 -0.195507 0.05 36397.3
0 2710 6 phononTF 0.000461478 -0.053829 -0.195507 0.049999 36397.3 0.00034743 1 -0.0265887 -0.209967 0.05 68923
0 2726 3 phononL 0.00189521 2.08521 -0.770292 0.00189704 83.3461 0.00034743 1 -0.0373017 -0.174898 0.05 66220
0 2750 7 phononTS 0.00146227 4.45694 2.38766 -0.0367232 10373.7 0.00034743 1 0.0339702 -0.140659 0.05 31820.3
0 2755 3 phononL 0.00228212 2.51519 -0.384726 -0.0236995 1373.85 0.00034743 1 -0.102004 -0.14072 0.05 31740.9
0 2779 2 phononTS 0.0016217 2.177 -1.13989 0.00839623 2880.3 0.00034743 1 0.0896594 -0.24112 0.05 64021.2
0 2831 3 phononTS 0.00208397 1.03193 -0.306033 -0.00194666 2881.57 0.00034743 1 0.112602 -0.167198 0.05 16791
0 2848 2 phononTS 0.00174689 2.20146 -0.548543 0.0478737 6802.48 0.00034743 1 0.0459988 -0.137091 0.05 11445.1
0 2851 3 phononTF 0.00158671 2.46263 -0.957358 0.0482285 1166.41 0.00104229 1 0.113798 -0.226974 0.05 26225.4
0 2924 3 phononTF 0.00206913 1.76015 -0.871845 0.0132764 4306.69 0.00034743 1 0.0826 -0.209925 0.05 12070.9
0 2986 2 phononTS 0.00147818 1.79456 1.08239 -0.0336 4157.41 0.00034743 1 -0.0936444 -0.191762 0.05 59126.3
0 2986 5 phononL 0.000537538 -0.0936444 -0.191762 0.049999 59126.3 0.00034743 1 0.0512791 -0.209328 0.05 113104
0 2999 5 phononTF 0.00151835 1.56797 -3.16212 0.0425216 73631.8 0.00034743 1 0.0477397 -0.279051 0.05 339048
0 3013 2 phononTS 0.00226074 2.23382 -0.125225 -0.0356755 1421.36 0.00034743 1 -0.0613515 -0.111108 0.05 14974
0 3021 5 phononTS 0.00117819 -0.634265 -4.73203 -0.00752834 75508.9 0.00034743 1 -0.0455277 -0.243057 0.05 148509
0 3022 3 phononL 0.00187526 2.13846 -1.17914 -0.0290578 8233.73 0.00104229 1 0.0390089 -0.302855 0.05 13098.1
0 3096 2 phononTS 0.00235942 2.01862 -1.57981 0.0346094 468.002 0.00069486 1 -0.086957 -0.174781 0.05 15910
0 3101 3 phononTS 0.00288412 1.28434 0.67443 0.0308635 8005.2 0.00034743 1 0.0300646 -0.175918 0.05 9837.6
0 3175 2 phononTS 0.001863 2.25395 -0.733047 0.0266217 6.07071 0.00034743 1 0.0756866 -0.185462 0.05 48740.2
0 3190 2 phononL 0.00152985 3.02646 -1.15046 0.00868382 2857.64 0.00034743 1 -0.0534546 -0.214661 0.05 14443.3
0 3219 3 phononTF 0.00296956 1.94218 -0.696626 -0.00484461 2231.69 0.00034743 1 0.0232657 -0.1696 0.05 46801.7
0 3219 6 phononTS 0.00133208 0.0232657 -0.1696 0.049999 46801.7 0.00034743 1 -0.0417771 -0.0993114 0.05 47592.8
0 3219 4 phononTF 0.00128696 0.0232657 -0.1696 0.049999 46801.7 0.00034743 1 0.0285264 -0.175134 0.05 46865.4
0 3221 3 phononTS 0.00263419 1.48137 -0.772862 -0.0135714 3037.25 0.00069486 1 0.0690037 -0.203694 0.05 11343.7
0 3233 2 phononTF 0.00231486 2.27049 -0.795546 -0.0489461 15.3553 0.00104229 1 -0.0431828 -0.108258 0.05 17648.3
0 3247 2 phononTF 0.00288405 1.17768 -0.912143 -0.0235691 986.227 0.00104229 1 -0.0686081 -0.286816 0.05 7783.13
0 3252 3 phononTS 0.00205637 1.69271 -0.88784 0.0438948 975.472 0.00069486 1 -0.105323 -0.167405 0.05 3174.48
0 3286 3 phononTF 0.00224263 0.826443 -0.21531 0.021844 7150.89 0.00104229 1 -0.0299676 -0.233454 0.05 14852.6
0 3291 3 phononTS 0.00199074 2.20093 -0.547048 -0.00554447 491.285 0.00034743 1 0.0738634 -0.153686 0.05 2528.42
0 3291 2 phononL 0.00200926 2.20093 -0.547048 -0.00554447 491.285 0.00104229 1 0.0851909 -0.158447 0.05 4714.51
0 3319 5 phononTS 0.00142473 2.29742 -0.646872 0.0229663 875.635 0.00069486 1 0.0334032 -0.25905 0.05 12029.1
0 3325 5 phononTS 0.000766701 0.106114 -3.18418 -0.00194845 82724.4 0.00034743 1 0.0723343 -0.247062 0.05 150054
0 3455 3 phononTF 0.00179657 1.51857 -0.488348 -0.0389007 3526.06 0.00034743 1 -0.120597 -0.214821 0.05 13017.8
0 3455 5 phononTF 0.00135802 -0.120597 -0.214821 0.049999 13017.8 0.00034743 1 0.0529695 -0.279163 0.05 13111.9
0 3455 11 phononTF 0.00095094 0.0529695 -0.279163 0.049999 13111.9 0.00034743 1 0.0875228 -0.174796 0.05 13439.1
0 3458 3 phononTS 0.00298886 2.16676 -0.848872 -0.0264312 38.0847 0.00034743 1 -0.0272697 -0.243857 0.05 10448.7
0 3458 5 phononL 0.00197875 -0.0272697 -0.243857 0.049999 10448.7 0.00069486 1 0.119599 -0.200104 0.05 10744.5
0 3464 3 phononTS 0.000567668 2.28552 0.0932628 0.049999 2440.15 0.00034743 1 0.0820792 -0.148998 0.05 6663.05
0 3469 2 phononTF 0.00192335 2.2439 -0.364712 0.0289521 674.416 0.00034743 1 -0.0341506 -0.10367 0.05 12596.4
0 3469 8 phononTS 0.000364019 -0.0341506 -0.10367 0.049999 12596.4 0.00034743 1 -0.0725705 -0.209911 0.05 12681.8
0 3471 3 phononTS 0.00187355 2.22579 -0.62882 -0.0183522 25.2711 0.00034743 1 0.0258828 -0.12505 0.05 21630.7
0 3471 5 phononL 0.00059561 0.0258828 -0.12505 0.049998 21630.7 0.00034743 1 0.0654384 -0.196758 0.05 21780
0 3480 1 phononTS 0.004 2.25 -0.75 0 0 0.00034743 1 0.0346457 -0.233275 0.05 17465.6
0 3523 2 phononTS 0.000445115 3.02435 -0.663818 0.00228626 2398.16 0.00034743 1 -0.114494 -0.19175 0.05 19258.4
0 3525 3 phononTS 0.00223199 3.172 -0.787376 0.00290934 915.436 0.00069486 1 0.113635 -0.170644 0.05 6188.28
0 3543 3 phononL 0.00136348 2.24318 -0.756297 -0.0218297 61.2812 0.00034743 1 0.0809956 -0.18115 0.05 112299
0 3587 3 phononTS 0.00215214 3.54345 -2.13736 0.0284831 8101.9 0.00034743 1 -0.119909 -0.191629 0.05 21624.8
0 3591 2 phononTF 0.00149442 2.57123 -0.911654 -0.0202159 310.49 0.00034743 1 0.0957733 -0.177283 0.05 29602.8
0 3597 4 phononTF 0.00093806 3.94947 -4.90826 -0.0358566 36304.6 0.00034743 1 -0.0717831 -0.194902 0.05 51622.7
0 3640 5 phononTF 0.00214216 2.07585 -0.721947 0.0400416 100.506 0.00069486 1 -0.100663 -0.196081 0.05 23584.3
0 3640 6 phononTS 0.000449635 -0.100663 -0.196081 0.049999 23584.3 0.00034743 1 -0.0598677 -0.130953 0.05 27064.1
0 3641 4 phononTF 0.00141326 3.54781 1.62214 -0.0237148 8129.86 0.00034743 1 -0.040972 -0.215529 0.05 18764.5
0 3695 3 phononTF 0.00227113 2.02875 -1.57044 0.032135 2810.25 0.00069486 1 -0.108795 -0.23622 0.05 8945.2
0 3698 3 phononTF 0.00212061 2.45348 -1.10598 -0.00283111 771.208 0.00069486 1 -0.105012 -0.146896 0.05 9527.53
0 3699 3 phononTF 0.00176759 2.24601 0.677494 -0.0193667 5138.6 0.00069486 1 -0.0466318 -0.173115 0.05 9668.47
0 3712 3 phononL 0.00294487 1.83174 -0.802994 -0.0408815 4968.36 0.00069486 1 -0.0573407 -0.245995 0.05 11202.3
0 3712 8 phononTS 0.00136555 -0.0573407 -0.245995 0.049999 11202.3 0.00034743 1 -0.110704 -0.191374 0.05 11325.8
0 3726 5 phononTS 0.00138296 -1.29978 2.56488 -0.0427932 33730.6 0.00034743 1 0.106218 -0.155642 0.05 83939
0 3770 2 phononTS 0.00246691 3.06412 -1.48937 0.0308307 7757.16 0.00034743 1 0.0617506 -0.253326 0.05 16506.8
0 3779 3 phononTF 0.00268323 2.20098 0.511703 0.0168187 2026.98 0.00034743 1 0.0507776 -0.293178 0.05 13082.3
0 3785 3 phononL 0.00145735 0.611818 -1.91362 0.031768 4735.42 0.00034743 1 0.0310524 -0.273712 0.05 24053.8
0 3785 5 phononTF 0.00039038 0.0310524 -0.273712 0.049999 24053.8 0.00034743 1 0.039142 -0.187456 0.05 24116.4
0 3793 5 phononTS 0.00143494 3.42284 -0.270248 0.00712923 2723.39 0.00034743 1 0.0362662 -0.244563 0.05 28398.9
0 3802 2 phononTF 0.00202589 2.22654 -0.657752 -0.0390726 20.078 0.00034743 1 0.0304816 -0.147213 0.05 1565.51
0 3821 2 phononTS 0.00127366 2.91392 -0.564165 0.0242602 4186.48 0.00034743 1 0.0215629 -0.157893 0.05 5922.92
0 3842 2 phononTS 0.00146636 1.62126 -1.42732 0.0287514 2016.61 0.00034743 1 0.0766353 -0.144687 0.05 10553.1
0 3847 2 phononTS 0.00209318 1.62663 -3.13646 0.0316421 24203.5 0.00104229 1 -0.114252 -0.170765 0.05 46107.2
0 3875 3 phononTS 0.000567437 2.5571 0.0975366 0.049999 3812.31 0.00034743 1 0.0551123 -0.206864 0.05 8922.33
0 3885 3 phononTF 0.0007332 2.47387 0.00230894 0.049999 1539.85 0.00034743 1 -0.0871143 -0.210936 0.05 14203.4
0 3888 2 phononTF 0.00274633 2.57216 -0.898348 -0.0268033 69.7377 0.00034743 1 -0.101423 -0.142211 0.05 4394.1
0 3888 4 phononTF 0.000815599 -0.101423 -0.142211 0.049999 4394.1 0.00034743 1 -0.0360445 -0.22716 0.05 4691.8
0 3928 2 phononTS 0.00186895 2.30316 -2.64013 -0.0244512 7313.95 0.00104229 1 -0.0440421 -0.11812 0.05 13356.2
0 3931 2 phononTS 0.0026364 4.4708 -1.33528 0.0427031 9246.76 0.00104229 1 0.101257 -0.238259 0.05 19503.6
0 3931 13 phononTS 0.000364706 0.101257 -0.238259 0.049999 19503.6 0.00034743 1 0.0772191 -0.243482 0.05 19561.7
0 3936 5 phononTS 0.00207403 2.16587 -3.95995 -0.048063 17115.8 0.00104229 1 -0.0388394 -0.141656 0.05 24349.8
0 3938 3 phononTS 0.00255847 2.25915 -0.779737 -0.0442503 31.6532 0.00069486 1 0.0568241 -0.219013 0.05 16411.2
0 3956 1 phononTF 0.004 2.25 -0.75 0 0 0.00034743 1 0.076925 -0.195135 0.05 2549.93
0 3958 4 phononTF 0.000629086 0.144867 0.869348 -0.0371041 15371.2 0.00034743 1 0.0853268 -0.173488 0.05 174586
0 3975 5 phononTS 0.00113391 2.97704 -0.764197 -0.0106292 29855.8 0.00034743 1 0.0864237 -0.277373 0.05 61885.9
0 4002 3 phononTF 0.00199098 0.241607 -0.716981 0.00256594 11209.1 0.00034743 1 0.102859 -0.201853 0.05 66391.5
0 4002 4 phononTS 0.00106139 0.102859 -0.201853 0.049999 66391.5 0.00034743 1 0.05756 -0.288557 0.05 128606
0 4022 2 phononTF 0.00150365 2.15935 -0.862699 0.0363607 1782.34 0.00034743 1 0.0243508 -0.172906 0.05 26739.6
0 4029 2 phononTF 0.00126602 2.4737 -0.220244 0.0459271 6956.4 0.00034743 1 -0.028255 -0.259478 0.05 45568.1
0 4064 5 phononTF 0.00192623 -4.71639 -4.96801 0.0150889 33934.5 0.00069486 1 0.0623255 -0.156517 0.05 63066.9
0 4071 2 phononTF 0.00257845 2.4507 -0.627588 0.0170674 1296.64 0.00034743 1 0.111508 -0.219304 0.05 26979.5
0 4075 3 phononTF 0.00227697 2.19729 -1.24358 -0.0364595 1036.89 0.00069486 1 0.0455282 -0.107761 0.05 7310.67
0 4075 6 phononTF 0.000684752 0.0455282 -0.107761 0.049999 7310.67 0.00034743 1 -0.0205798 -0.173547 0.05 7378.14
0 4104 1 phononTS 0.004 2.25 -0.75 0 0 0.00104229 1 -0.0246246 -0.164345 0.05 16381.4
0 4104 8 phononTS 0.000469024 -0.0246246 -0.164345 0.049999 16381.4 0.00034743 1 0.107884 -0.242473 0.05 16469.6
0 4124 2 phononTS 0.00264071 3.21208 -0.757408 0.00536442 2170.47 0.00034743 1 0.025445 -0.199664 0.05 5228.69
0 4142 2 phononTF 0.00207194 4.39897 -3.10924 -0.0360135 5909.99 0.00034743 1 0.0520968 -0.263749 0.05 36584.9
0 4164 5 phononTF 0.000508225 1.34399 0.0898099 0.049998 9815.42 0.00034743 1 0.0821801 -0.218238 0.05 20695.1
0 4185 4 phononTS 0.000771709 2.13902 3.41308 0.0441101 11615.8 0.00034743 1 0.0726453 -0.224911 0.05 27850.4
0 4191 2 phononL 0.000681475 1.27645 0.083738 0.049999 3671.01 0.00034743 1 -0.0658862 -0.18649 0.05 60317.2
0 4197 5 phononTF 0.00107977 3.49272 -0.285369 -0.0195986 9885.58 0.00034743 1 -0.0201092 -0.152651 0.05 27406.5
0 4238 1 phononTS 0.004 2.25 -0.75 0 0 0.00069486 1 -0.0708694 -0.157483 0.05 7141.07
0 4238 5 phononTF 0.00110909 -0.0708694 -0.157483 0.049999 7141.07 0.00034743 1 -0.0682646 -0.147064 0.05 7216.65
0 4240 2 phononTS 0.00174764 1.85089 -0.686524 -0.0287509 1713.76 0.00104229 1 -0.0139305 -0.177637 0.05 26240.5
0 4244 2 phononTS 0.00159612 2.10224 -0.727792 0.0258633 1851.69 0.00034743 1 -0.0918236 -0.146794 0.05 6325.81
0 4252 3 phononTS 0.00165067 1.20931 -3.09272 -0.0230927 6932.92 0.00034743 1 -0.0401505 -0.196164 0.05 26750.6
0 4252 6 phononTS 0.000373722 -0.0401505 -0.196164 0.049999 26750.6 0.00034743 1 0.0696389 -0.185654 0.05 26879.1
0 4258 2 phononTS 0.00149895 1.75112 -1.58732 -0.0265491 1982 0.00034743 1 0.0228397 -0.129516 0.05 5009.63
0 4262 2 phononTS 0.00279158 2.28561 -0.856439 -0.0369332 363.659 0.00069486 1 -0.0385141 -0.100831 0.05 5887.86
0 4275 3 phononTS 0.00142601 0.162353 -1.24068 -0.0273962 5194.34 0.00104229 1 0.108908 -0.179118 0.05 12080.4
0 4299 4 phononL 0.00094254 1.86216 -3.7267 -0.0206433 5875.93 0.00034743 1 0.101421 -0.195679 0.05 33602.2
0 4306 3 phononTS 0.00200874 -0.0336279 -0.132982 -0.021809 10199.9 0.00034743 1 -0.0262393 -0.173476 0.05 10299.4
0 4306 4 phononTS 0.000403191 -0.0262393 -0.173476 0.049999 10299.4 0.00034743 1 0.0341608 -0.231048 0.05 10440.4
0 4310 2 phononTF 0.000488111 2.46334 -0.895675 0.00993662 358.822 0.00034743 1 0.0348816 -0.271946 0.05 16155.6
0 4321 1 phononTF 0.004 2.25 -0.75 0 0 0.00069486 1 -0.00778473 -0.199148 0.05 14488.7
0 4329 2 phononL 0.00109075 1.74847 -0.921312 0.0334623 1782.36 0.00034743 1 -0.0135758 -0.211626 0.05 32852.6
0 4329 6 phononTF 0.000661399 -0.0135758 -0.211626 0.049999 32852.6 0.00034743 1 0.0799383 -0.209623 0.05 32933.8
0 4342 2 phononTS 0.0010794 2.73936 -0.66444 -0.0462112 1327.63 0.00034743 1 -0.0734573 -0.195754 0.05 77449.9
0 4397 5 phononTS 0.00112508 1.68316 1.85394 -0.0182555 17558.7 0.00034743 1 0.0704081 -0.171412 0.05 64933.7
0 4397 4 phononTS 0.000773817 1.68316 1.85394 -0.0182555 17558.7 0.00034743 1 -0.0364779 -0.248463 0.05 26048.9
0 4419 4 phononTS 0.00140269 1.32009 -0.978249 -0.0457516 2318.32 0.00034743 1 -0.0379727 -0.156881 0.05 17894.7
0 4428 3 phononTF 0.00211257 2.14762 -0.917429 -0.0125143 1254.71 0.00034743 1 0.0616853 -0.28239 0.05 3286.89
0 4428 6 phononTS 0.00154747 0.0616853 -0.28239 0.049999 3286.89 0.00034743 1 0.029592 -0.133074 0.05 3627.53
0 4492 3 phononTF 0.00285823 -0.205491 -0.578779 0.0169897 5363.86 0.00104229 1 0.0160664 -0.228391 0.05 23354.2
0 4492 5 phononTS 0.00140064 0.0160664 -0.228391 0.049999 23354.2 0.00034743 1 0.0459539 -0.200645 0.05 23420.7
0 4492 17 phononTF 0.000786196 0.0459539 -0.200645 0.049999 23420.7 0.00034743 1 -0.0280454 -0.103249 0.05 23544.2
0 4494 2 phononTS 0.00143824 2.17723 -0.816186 0.0488416 20.1133 0.00034743 1 0.0965347 -0.13554 0.05 52232.8
0 4514 2 phononTF 0.00174232 2.2591 -0.303107 -0.0109087 991.322 0.00069486 1 -0.070428 -0.133111 0.05 2498.67
0 4516 3 phononTS 0.0021467 2.83616 -1.37886 0.0455946 7159.46 0.00034743 1 0.088355 -0.25167 0.05 47790.5
0 4551 2 phononTS 0.00129612 2.07619 -0.372311 0.0290946 2914.11 0.00069486 1 -0.037813 -0.101813 0.05 55239
0 4565 2 phononTS 0.00216794 2.72592 -0.579429 -0.0426383 1016.19 0.00104229 1 -0.0701664 -0.133342 0.05 20883.4
0 4576 2 phononTF 0.00114607 2.15439 -0.839474 0.048766 39.1496 0.00034743 1 -0.0406312 -0.100798 0.05 18924.7
0 4576 8 phononL 0.000746399 -0.0406312 -0.100798 0.049999 18924.7 0.00034743 1 -0.0784249 -0.143352 0.05 19024.3
0 4582 3 phononTF 0.00208554 2.30987 -0.668594 0.0423885 46.4248 0.00034743 1 -0.0423821 -0.212757 0.05 7657.71
0 4596 2 phononTS 0.00259291 1.32883 0.239929 -0.0324361 1629.63 0.00069486 1 0.0767128 -0.130809 0.05 62599.1
0 4596 5 phononTS 0.000511918 0.0767128 -0.130809 0.049998 62599.1 0.00034743 1 -0.0445612 -0.173 0.05 62975
0 4601 4 phononTF 0.000504033 2.59334 -0.00265193 0.049999 5463.08 0.00034743 1 -0.0878189 -0.176022 0.05 78688.5
0 4607 4 phononTF 0.000775211 0.518793 0.0858515 0.049998 2873.13 0.00034743 1 0.025806 -0.17145 0.05 4059.44
0 4628 2 phononTS 0.00246292 2.0637 0.342345 0.0218986 1540.76 0.00069486 1 -0.019985 -0.257646 0.05 28990.4
0 4637 3 phononTF 0.00245295 4.78241 -0.569129 0.0349549 4377.65 0.00034743 1 0.0442791 -0.182335 0.05 14550.3
0 4638 2 phononTF 0.00182031 1.69257 -1.69803 0.0111661 6727.65 0.00034743 1 0.0291768 -0.150249 0.05 20131
0 4661 2 phononTF 0.00143377 1.57222 0.242786 -0.0427148 4653.11 0.00069486 1 -0.0284264 -0.0926764 0.05 86635
0 4662 3 phononL 0.00213491 2.26396 -0.329432 0.0290414 2393.51 0.00034743 1 -0.0531467 -0.108179 0.05 12691.5
0 4681 3 phononTS 0.00229967 3.28179 -0.182808 0.0007125 5743.44 0.00069486 1 0.0457393 -0.220252 0.05 30619.5
0 4681 2 phononTF 0.00170033 3.28179 -0.182808 0.0007125 5743.44 0.00034743 1 -0.0458051 -0.291125 0.05 87885.5
0 4682 3 phononTS 0.00223417 2.47319 -0.852606 -0.0151044 757.009 0.00069486 1 -0.0854238 -0.195569 0.05 5932.48
0 4682 12 phononTF 0.000391705 -0.0854238 -0.195569 0.049999 5932.48 0.00034743 1 -0.0289655 -0.217407 0.05 36064.6
0 4684 3 phononTF 0.00186386 2.46452 -1.05361 0.032509 1779.06 0.00034743 1 0.0707464 -0.207609 0.05 49252.8
0 4684 5 phononTS 0.000650318 0.0707464 -0.207609 0.049998 49252.8 0.00034743 1 0.0572294 -0.233376 0.05 49313.1
0 4691 2 phononL 0.00233226 -0.453134 -0.161047 0.0154291 7589.75 0.00034743 1 0.111316 -0.163125 0.05 8200.26
0 4691 8 phononTS 0.000584583 0.111316 -0.163125 0.049999 8200.26 0.00034743 1 -0.0655823 -0.279186 0.05 12557.7
0 4714 3 phononL 0.00244565 1.48636 -0.127676 0.0467511 2331.66 0.00104229 1 0.0900684 -0.226056 0.05 3639.31
0 4714 4 phononTS 0.000600746 0.0900684 -0.226056 0.049998 3639.31 0.00034743 1 0.0569361 -0.149694 0.05 3806.03
0 4730 3 phononTF 0.0029856 1.69386 -0.533996 0.036554 987.697 0.00104229 1 0.0289307 -0.212565 0.05 6447.8
0 4754 3 phononTS 0.00219069 1.66779 -0.695092 0.0239994 2324.02 0.00034743 1 -0.0455008 -0.265523 0.05 34805
0 4759 3 phononTF 0.00228826 2.04081 -0.30362 0.0212712 491.26 0.00104229 1 0.0496824 -0.110186 0.05 14119.1
0 4759 4 phononTS 0.000684889 0.0496824 -0.110186 0.049999 14119.1 0.00034743 1 -0.0598332 -0.120526 0.05 14463.6
0 4770 3 phononTS 0.00238862 2.25032 -0.978304 -0.0416663 518.506 0.00104229 1 -0.0537656 -0.29037 0.05 165277
0 4771 3 phononTS 0.00251046 -0.0225798 -1.82521 0.0150303 6445.42 0.00104229 1 -0.100438 -0.227717 0.05 9075.83
0 4843 3 phononTS 0.00210578 2.2617 -0.895406 -0.023491 395.646 0.00034743 1 0.0270573 -0.285869 0.05 7750.84
0 4867 3 phononTS 0.00154158 2.27174 -1.01982 -0.0016217 601.157 0.00034743 1 -0.019271 -0.229123 0.05 34451.9
0 4935 2 phononTS 0.00163436 2.70644 -0.973153 -0.0126734 1110.08 0.00034743 1 -0.0819727 -0.25243 0.05 3002.97
0 4940 3 phononTF 0.00161941 2.54056 -0.758614 -0.00261629 195.782 0.00069486 1 0.0429237 -0.179438 0.05 27804.2
0 4940 10 phononTS 0.000441001 0.0429237 -0.179438 0.049999 27804.2 0.00034743 1 0.050017 -0.200415 0.05 27871.6
0 4993 3 phononTF 0.00227725 1.90211 0.0147951 -0.00243134 1871.74 0.00069486 1 0.0689085 -0.209136 0.05 18458.5
