Run ID,Event ID,Track ID,Particle Name,Start Energy [eV],Start X [mm],Start Y [mm],Start Z [mm],Start Time [ns],Energy Deposited [eV],Track Weight,End X [mm],End Y [mm],End Z [mm],Final Time [ns],Volume Name
0 3 2 phononL 0.00151314 -0.934935 -1.71024 0.0411965 15586.6 0.00034743 1 0.073133 -0.193116 0.05 22209.1
0 3 7 phononTF 0.000425239 0.073133 -0.193116 0.049999 22209.1 0.00034743 1 0.0746468 -0.134832 0.05 22269.2
0 12 5 phononTS 0.00161332 -1.92576 1.20839 -0.0157712 12023.3 0.00034743 1 -0.0918699 -0.142532 0.05 17538.8
0 15 2 phononTF 0.00163056 -2.88313 -1.06122 -0.00800507 337.485 0.00069486 1 -0.0355524 -0.118859 0.05 10974.2
0 36 4 phononTS 0.00154768 -0.501009 0.15421 -0.0074525 15130.5 0.00034743 1 -0.0215242 -0.182877 0.05 16417.6
0 42 2 phononTS 0.00263559 -3.00961 -0.998194 -0.03856 2626.77 0.00104229 1 0.0279863 -0.151523 0.05 4075.95
0 73 2 phononTS 0.00251817 -2.25828 -1.21105 -0.00620714 9920.48 0.00069486 1 -0.086266 -0.269766 0.05 17224.1
0 90 2 phononTS 0.00073581 -3.34402 -1.22371 -0.00523379 565.063 0.00034743 1 -0.0998816 -0.166707 0.05 15344.2
0 107 2 phononTS 0.0021048 -2.36107 -0.532463 -0.00393482 10991.9 0.00069486 1 0.0600559 -0.243356 0.05 16636.7
0 113 3 phononTS 0.00173427 -3.0756 -2.12133 0.00792364 10399.6 0.00034743 1 0.0569579 -0.184878 0.05 21404.3
0 121 2 phononTS 0.0015254 -2.94641 -1.84654 -0.0485821 1997.46 0.00034743 1 -0.110107 -0.189055 0.05 17642.2
0 121 4 phononTF 0.00114512 -0.110107 -0.189055 0.049999 17642.2 0.00034743 1 -0.0242993 -0.242417 0.05 18352.6
0 161 2 phononTF 0.00167695 -2.80348 -0.201405 0.0103875 2036.24 0.00034743 1 -0.0225277 -0.204807 0.05 69876.5
0 230 3 phononTF 0.0013858 -1.98559 -1.37097 0.000867849 1177.92 0.00034743 1 0.0386242 -0.0961948 0.05 8989.21
0 284 3 phononTS 0.00263631 -2.51268 -2.59371 -0.0409939 3190.12 0.00069486 1 0.0416028 -0.244331 0.05 60455
0 285 6 phononTS 0.00103354 -0.248123 -2.86849 0.0485945 23448.6 0.00034743 1 0.0440418 -0.129507 0.05 48099.9
0 291 2 phononTS 0.00174589 -3.07167 -1.55614 0.0198905 6590.64 0.00034743 1 0.0667449 -0.144817 0.05 30351.2
0 315 2 phononTS 0.00217088 -3.01661 -1.66367 -0.010941 252.864 0.00069486 1 0.0617402 -0.113748 0.05 15243.6
0 366 3 phononTS 0.00172461 -3.31148 -1.07459 -0.0178165 745.327 0.00104229 1 -0.110433 -0.169398 0.05 67985.1
0 366 4 phononTS 0.000369353 -0.110433 -0.169398 0.049999 67985.1 0.00034743 1 0.0527843 -0.150886 0.05 121610
0 390 3 phononTF 0.00166425 -4.02045 -1.1148 -0.0398175 651.24 0.00069486 1 0.0618203 -0.187805 0.05 24551.6
0 450 4 phononTF 0.00117345 -0.122241 0.481017 0.0123609 36475 0.00034743 1 0.0581336 -0.289255 0.05 37385.8
0 497 3 phononTS 0.00180445 -2.94353 -4.18179 0.0349093 3934.95 0.00034743 1 -0.0269153 -0.274915 0.05 30098.6
0 541 2 phononTF 0.00164762 -2.89904 -1.94996 0.0098032 623.258 0.00069486 1 -0.0641425 -0.246943 0.05 20052.9
0 598 2 phononTS 0.00160203 -3.40102 -0.808179 -0.0355343 547.629 0.00034743 1 -0.0414604 -0.140079 0.05 8097.74
0 607 3 phononL 0.00218631 -2.55814 -1.66826 -0.00615386 4897.15 0.00069486 1 -0.0722963 -0.288194 0.05 15972.4
0 607 5 phononTS 0.00075821 -0.0722963 -0.288194 0.049998 15972.4 0.00034743 1 0.103893 -0.173118 0.05 16072.2
0 613 5 phononTS 0.0012242 -3.27931 -2.89331 0.00180504 26551.4 0.00034743 1 -0.10829 -0.192105 0.05 33133.2
0 621 4 phononTF 0.00225691 -4.86302 3.28246 0.00364932 13033.7 0.00034743 1 -0.0329924 -0.162215 0.05 24172.3
0 621 6 phononTS 0.000667889 -0.0329924 -0.162215 0.049999 24172.3 0.00034743 1 -0.0604314 -0.261529 0.05 24319.5
0 668 2 phononTF 0.00213368 -2.62708 -3.07245 0.0159596 3365.27 0.00034743 1 -0.0855451 -0.124079 0.05 15597.5
0 677 4 phononTS 0.00109536 -3.73466 -1.79448 0.0488067 4106.4 0.00034743 1 -0.0199236 -0.2091 0.05 10065.3
0 729 5 phononTS 0.00172553 -3.58365 -0.53291 0.045111 15444.8 0.00034743 1 -0.037605 -0.0981256 0.05 51838.6
0 742 2 phononTS 0.00220883 -1.97108 -1.54426 0.00761168 4467.76 0.00069486 1 -0.103937 -0.213739 0.05 16215.7
0 742 7 phononTF 0.000353167 -0.103937 -0.213739 0.049999 16215.7 0.00034743 1 -0.0704678 -0.258079 0.05 16276.2
0 788 2 phononTS 0.00258277 -2.79821 -0.586517 -0.0310934 2475.23 0.00069486 1 0.0267196 -0.110183 0.05 5012.27
0 848 5 phononTS 0.00173149 -2.9513 -2.08479 -0.0440093 6416.52 0.00034743 1 0.0901303 -0.178187 0.05 14075.7
0 862 2 phononTF 0.000561922 -3.65137 0.0651508 0.049999 1247.68 0.00034743 1 0.0902772 -0.207884 0.05 14667.1
0 910 1 phononTS 0.004 -3.25 -1.25 0 0 0.00069486 1 0.0416558 -0.301092 0.05 5895.94
0 926 4 phononTF 0.000697207 -3.88171 0.0254642 0.049999 2453.22 0.00034743 1 -0.0724176 -0.265957 0.05 37930
0 952 3 phononTS 0.00195236 -2.73534 -1.4615 0.0347566 1560.41 0.00034743 1 0.0276423 -0.205246 0.05 3840.84
0 1049 3 phononTF 0.00186028 -3.3156 -0.985616 0.0483027 1881.51 0.00069486 1 -0.0973489 -0.200288 0.05 11786
0 1049 7 phononTS 0.000578856 -0.0973489 -0.200288 0.049999 11786 0.00034743 1 0.0249917 -0.155423 0.05 11869.1
0 1063 3 phononTS 0.00274158 -1.03968 3.19857 -0.0117285 38781.8 0.00138972 1 0.046474 -0.162825 0.05 65010.3
0 1064 3 phononTS 0.0019162 -2.67917 -1.76447 0.0320568 3606.58 0.00034743 1 -0.0522787 -0.132318 0.05 10627.4
0 1137 3 phononL 0.00146584 -2.78467 -2.67155 0.0415091 5837.05 0.00034743 1 0.0328772 -0.175665 0.05 15009
0 1144 2 phononL 0.00159449 -3.26021 -1.25969 -0.0075354 2.91659 0.00034743 1 -0.0806227 -0.195632 0.05 50947.8
0 1184 3 phononTS 0.00119943 -1.50037 -4.1824 0.0491258 12801.2 0.00069486 1 0.0605719 -0.267819 0.05 92566.3
0 1185 2 phononL 0.00226207 -2.85039 -2.1371 0.0133672 1609.81 0.00034743 1 0.0552766 -0.14853 0.05 12687.9
0 1190 2 phononTS 0.00153758 -3.22115 -1.32619 0.0107824 1120.58 0.00034743 1 -0.0982122 -0.186724 0.05 22736.6
0 1190 4 phononTS 0.00103754 -0.0982122 -0.186724 0.049999 22736.6 0.00034743 1 -0.111425 -0.248887 0.05 22857.5
0 1204 5 phononTS 0.000542587 -0.693142 0.103916 0.049999 12186.7 0.00034743 1 0.0738392 -0.23434 0.05 12655.7
0 1227 5 phononTF 0.0013535 -4.71124 -0.971628 -0.0038958 13459.1 0.00034743 1 -0.0402456 -0.291553 0.05 31376.7
0 1230 5 phononTS 0.00147672 2.65077 1.76943 0.0417394 81923.2 0.00069486 1 -0.0326022 -0.131906 0.05 101326
0 1231 2 phononL 0.0013151 -3.53502 -1.61619 -0.0346179 272.041 0.00034743 1 -0.0220668 -0.160414 0.05 31617.4
0 1244 4 phononTS 0.00150657 -2.93762 4.9224 -0.0167014 27755.3 0.00069486 1 0.0619 -0.169171 0.05 54925.4
0 1261 3 phononTF 0.00269148 -3.42803 -1.08193 -0.0324204 1192.89 0.00034743 1 -0.0295185 -0.195308 0.05 23448.1
0 1306 3 phononTS 0.000780444 -0.131926 0.0196335 0.049999 16053.8 0.00034743 1 -0.0355083 -0.24765 0.05 16552.1
0 1312 3 phononTF 0.00198879 -3.2228 -0.931503 0.0372582 927.049 0.00034743 1 -0.0446535 -0.258241 0.05 5441.42
0 1312 4 phononTF 0.00121994 -0.0446535 -0.258241 0.049999 5441.42 0.00034743 1 0.0389534 -0.113023 0.05 6247.78
0 1349 3 phononTS 0.00218449 -1.9106 -1.40203 -0.0286438 4748.42 0.00069486 1 -0.0498469 -0.272463 0.05 7372.52
0 1378 3 phononTS 0.00200644 -2.75185 -1.64055 -0.0496075 9711.18 0.00034743 1 0.0322043 -0.142218 0.05 37992
0 1378 6 phononTF 0.00132801 0.0322043 -0.142218 0.049999 37992 0.00034743 1 0.0626521 -0.279501 0.05 38068.1
0 1378 11 phononTS 0.000841356 0.0626521 -0.279501 0.049999 38068.1 0.00034743 1 0.0253663 -0.125604 0.05 39366.5
0 1383 2 phononL 0.00254242 -1.84322 -1.64485 -0.0445311 8047.99 0.00104229 1 -0.0213714 -0.15233 0.05 37920.3
0 1385 2 phononTF 0.00172491 -3.07073 -0.0792157 -0.0309436 5448.77 0.00034743 1 -0.077504 -0.146606 0.05 73749.8
0 1386 4 phononTF 0.00155643 -0.485084 -4.5749 0.015537 26552.4 0.00034743 1 0.0891634 -0.226137 0.05 97845.2
0 1396 2 phononL 0.0013248 -3.22658 -2.27543 0.00181376 1058.32 0.00034743 1 0.0984627 -0.181427 0.05 25574.8
0 1436 2 phononTS 0.00296847 -3.10846 -0.471847 0.0177014 2638.18 0.00034743 1 0.113067 -0.184475 0.05 13141
0 1436 5 phononTF 0.00198587 0.113067 -0.184475 0.049999 13141 0.00069486 1 0.0810823 -0.172535 0.05 13210.8
0 1448 2 phononTS 0.00239627 -1.14225 -2.03689 0.0275977 14459.6 0.00034743 1 0.103539 -0.162013 0.05 25329.3
0 1448 4 phononTS 0.0013504 0.103539 -0.162013 0.049999 25329.3 0.00069486 1 0.0676889 -0.165252 0.05 25632.8
0 1470 5 phononTS 0.00115863 -1.32465 -0.835679 0.00299752 10113 0.00069486 1 0.0673866 -0.118139 0.05 20270.9
0 1485 5 phononTF 0.00170359 4.67925 0.0643252 -0.0287244 35746.1 0.00069486 1 0.0494964 -0.101045 0.05 76934.2
0 1489 2 phononTS 0.00136025 -2.67702 -1.05967 -0.0360431 1177.74 0.00104229 1 -0.0612883 -0.291811 0.05 56186
0 1490 3 phononTF 0.00151953 -2.19608 -2.44517 -0.00814268 3784.8 0.00034743 1 0.0874929 -0.22335 0.05 44159
0 1494 2 phononTF 0.00226988 -3.04621 -1.17181 -0.0208222 1399.73 0.00034743 1 0.0524953 -0.214611 0.05 42534.8
0 1496 2 phononTF 0.00196666 -4.30016 -2.74754 0.0315442 17622.5 0.00034743 1 0.0647484 -0.25214 0.05 73708.4
0 1496 5 phononTF 0.000351841 0.0647484 -0.25214 0.049998 73708.4 0.00034743 1 0.0367048 -0.251077 0.05 73786
0 1506 2 phononL 0.00251284 -3.24845 -1.24507 0.00299806 1.13431 0.00104229 1 0.0432041 -0.301321 0.05 16422.4
0 1522 3 phononTS 0.00130681 -3.31752 -2.88708 0.0113518 3205.26 0.00034743 1 0.0535612 -0.139467 0.05 27087.2
0 1527 2 phononTS 0.00141468 -3.69576 -1.44806 -0.0154572 5397.27 0.00104229 1 0.0453309 -0.153293 0.05 28948.7
0 1537 5 phononTS 0.000355652 -3.73741 0.0371368 0.049999 4688.96 0.00034743 1 0.0339861 -0.11178 0.05 30902.6
0 1561 3 phononL 0.00117397 -3.40943 -1.43655 0.0381506 121.042 0.00034743 1 -0.0409084 -0.203854 0.05 27500.5
0 1569 2 phononTS 0.00193944 -2.28247 -1.3468 -0.0136293 3908.08 0.00034743 1 0.105103 -0.175161 0.05 34808.5
0 1590 4 phononTF 0.00182832 1.69679 -4.80983 -0.0261522 13141.7 0.00034743 1 -0.0338546 -0.105588 0.05 30447.5
0 1638 3 phononTF 0.00217723 -2.18702 -1.40461 -0.0225635 834.616 0.00034743 1 -0.0679 -0.215436 0.05 19982.2
0 1660 2 phononTS 0.0025025 -3.56202 -1.91723 0.0324145 7507.18 0.00034743 1 0.0688581 -0.1115 0.05 39870.5
0 1682 2 phononL 0.0016931 -3.07943 -1.29542 0.00404123 2723.11 0.00034743 1 -0.0398012 -0.159587 0.05 30187
0 1687 2 phononL 0.00166301 -2.91626 -0.730423 -0.00846667 3264.13 0.00034743 1 -0.0670045 -0.218001 0.05 34405
0 1712 3 phononTS 0.00233797 -2.0597 -0.794175 -0.0229245 12045.8 0.00034743 1 -0.0664447 -0.121248 0.05 15808.6
0 1712 5 phononTS 0.00117823 -0.0664447 -0.121248 0.049999 15808.6 0.00034743 1 -0.0749353 -0.16801 0.05 16245.8
0 1727 5 phononL 0.00108977 -2.92161 -3.02455 -0.00284529 22241.3 0.00034743 1 0.0764085 -0.136316 0.05 79506.4
0 1729 4 phononTF 0.00102338 -0.397624 0.300842 0.0305936 4394.26 0.00034743 1 -0.101107 -0.186406 0.05 4774.62
0 1742 3 phononL 0.00138573 -3.35856 -1.5489 -0.0470877 317.054 0.00034743 1 -0.0277778 -0.219562 0.05 71007.3
0 1742 4 phononTS 0.000524959 -0.0277778 -0.219562 0.049999 71007.3 0.00034743 1 0.0600913 -0.17201 0.05 71106
0 1756 3 phononTS 0.00165997 -3.17889 -0.831034 0.0240494 633.167 0.00034743 1 0.0992857 -0.258971 0.05 90934.1
0 1756 6 phononTF 0.000583955 0.0992857 -0.258971 0.049999 90934.1 0.00034743 1 0.0885783 -0.259998 0.05 91441.4
0 1768 2 phononTF 0.00260182 -2.24968 -1.3194 -0.0476902 5821.15 0.00104229 1 0.0969127 -0.159998 0.05 110417
0 1779 2 phononTF 0.00144602 -3.26783 -2.88744 -0.0227108 2432.94 0.00034743 1 0.0545843 -0.292644 0.05 5148.84
0 1824 3 phononL 0.00303264 -2.64971 -0.861863 -0.00704733 1053.46 0.00034743 1 0.057214 -0.10109 0.05 18104.6
0 1853 5 phononTF 0.00116388 0.54252 -0.823594 0.00855386 19851.3 0.00069486 1 0.0955781 -0.179186 0.05 23547.9
0 1885 2 phononTS 0.00197983 -1.97362 -2.0931 -0.0124338 3498.76 0.00034743 1 0.0514826 -0.195234 0.05 32056.9
0 1885 5 phononTS 0.0011289 0.0514826 -0.195234 0.049999 32056.9 0.00069486 1 0.044337 -0.160269 0.05 32119
0 1890 3 phononTF 0.00258425 -2.68241 -0.712191 0.0261182 1437.74 0.00034743 1 -0.0468088 -0.177415 0.05 14070.3
0 1893 2 phononL 0.00206824 -0.698149 -0.326691 -0.00040331 7506.07 0.00034743 1 0.0597053 -0.241174 0.05 17841.9
0 1922 5 phononTS 0.00104276 -2.06236 -1.12311 0.0487042 12732.1 0.00034743 1 -0.0775393 -0.159678 0.05 40931.9
0 1922 6 phononL 0.000620489 -0.0775393 -0.159678 0.049999 40931.9 0.00034743 1 0.0569934 -0.212667 0.05 41720.1
0 1930 3 phononTF 0.00167446 -4.17352 -1.32163 0.0270496 6638.31 0.00034743 1 0.112974 -0.23702 0.05 39053.2
0 1993 4 phononTS 0.000496917 -2.30147 0.0681855 0.049999 5667.78 0.00034743 1 0.0357302 -0.150692 0.05 121173
0 2007 2 phononTS 0.00137624 -2.59178 -2.91945 -0.0321937 7913.33 0.00034743 1 0.119504 -0.214752 0.05 13872.2
0 2048 3 phononTS 0.00174327 -3.34059 -3.8679 0.0400004 13038.6 0.00104229 1 -0.0593534 -0.122905 0.05 40377.7
0 2061 2 phononTS 0.00298407 -3.38757 -0.869395 0.0269102 3264.56 0.00069486 1 -0.0594478 -0.285711 0.05 24015.6
0 2086 5 phononTF 0.00140568 -4.23223 -4.6031 -0.0477667 17118.4 0.00034743 1 -0.0419503 -0.235988 0.05 21044.6
0 2113 2 phononL 0.00219061 -2.86681 -0.782309 -0.0261074 2316.2 0.00069486 1 0.0688285 -0.166763 0.05 4673.69
0 2122 4 phononTF 0.000762343 -3.77533 -0.601937 0.0134561 22461.5 0.00034743 1 0.113856 -0.216482 0.05 56688.1
0 2159 3 phononTS 0.00120093 -0.686006 -1.93447 -0.00872754 3558.06 0.00034743 1 0.037173 -0.164841 0.05 10065
0 2219 5 phononL 0.00131063 -1.0889 2.94651 -0.0122034 33262.5 0.00069486 1 0.0878894 -0.217128 0.05 35344.4
0 2231 3 phononTS 0.00181986 -2.86846 -1.016 0.0262413 5593.73 0.00034743 1 -0.0646382 -0.124383 0.05 16676
0 2231 5 phononL 0.000851114 -0.0646382 -0.124383 0.049999 16676 0.00034743 1 0.0647339 -0.115425 0.05 16736.5
0 2243 3 phononL 0.00199637 -3.13899 -1.64926 -0.0261182 1292.38 0.00034743 1 -0.0397145 -0.285204 0.05 34818.7
0 2243 5 phononL 0.000878731 -0.0397145 -0.285204 0.049999 34818.7 0.00034743 1 0.04134 -0.255269 0.05 34864
0 2278 3 phononTS 0.00146181 -3.24941 -0.734946 0.0359014 2128.39 0.00034743 1 -0.0933602 -0.229387 0.05 8269.13
0 2280 2 phononTS 0.000446582 -3.9765 -0.472937 0.00669323 6483.96 0.00034743 1 -0.0317053 -0.187959 0.05 55277
0 2303 3 phononTS 0.00187932 -3.30371 -1.45602 -0.0135199 65.3962 0.00034743 1 -0.0315131 -0.165294 0.05 18312.5
0 2306 3 phononTS 0.00116271 -4.35005 -1.66333 -0.0296646 6490.36 0.00069486 1 0.0615923 -0.162576 0.05 15473.5
0 2325 4 phononL 0.00105873 -2.6732 3.38345 0.0162612 27052.7 0.00034743 1 0.0633883 -0.153423 0.05 33682.1
0 2337 5 phononTS 0.00117117 -2.11891 0.0715375 -0.0379801 11945.1 0.00034743 1 -0.0266516 -0.128477 0.05 14771.3
0 2340 2 phononTF 0.00178216 -1.7138 -0.475071 0.0354847 13458.1 0.00034743 1 0.0513711 -0.098696 0.05 42386.5
0 2340 4 phononTS 0.00083696 0.0513711 -0.098696 0.049999 42386.5 0.00034743 1 0.0407631 -0.139332 0.05 42452.8
0 2345 2 phononTS 0.000434929 -2.74691 0.0218525 0.049999 6384.33 0.00034743 1 0.0487345 -0.117618 0.05 8232.82
0 2399 7 phononTF 0.00129327 -1.92773 -2.10476 0.00764755 26718.6 0.00034743 1 0.0466338 -0.242634 0.05 72317.6
0 2399 8 phononTF 0.000566807 0.0466338 -0.242634 0.049998 72317.6 0.00034743 1 -0.0782927 -0.176762 0.05 72497.9
0 2453 2 phononTS 0.00145286 -4.08767 -3.52835 -0.0373291 24017.1 0.00034743 1 -0.0372781 -0.19371 0.05 56075.4
0 2468 2 phononTF 0.00254748 -2.84427 -1.10993 0.0480286 1657.19 0.00069486 1 -0.110228 -0.205647 0.05 4713.48
0 2503 2 phononL 0.00176128 -3.17435 -1.20548 0.0303444 984.025 0.00034743 1 0.0434594 -0.241039 0.05 10833
0 2508 2 phononTF 0.0024655 -3.23884 -1.03727 -0.0493527 103.229 0.00034743 1 0.0485388 -0.17941 0.05 57497.5
0 2514 3 phononTS 0.00183922 -2.83318 -1.19785 -0.0164002 619.841 0.00034743 1 0.0661067 -0.171488 0.05 8420.01
0 2558 4 phononTS 0.00128562 -4.49842 4.48523 -0.0243481 22589.5 0.00034743 1 0.0503514 -0.243999 0.05 43098.2
0 2558 7 phononL 0.000624174 0.0503514 -0.243999 0.049999 43098.2 0.00034743 1 -0.0627342 -0.194963 0.05 43545.1
0 2573 3 phononL 0.00188 -1.8893 -3.21477 0.036932 11396.7 0.00034743 1 -0.051327 -0.10058 0.05 52864.3
0 2683 3 phononTF 0.00220518 -2.9852 -3.36198 -0.0466848 5894.92 0.00069486 1 0.0332668 -0.168816 0.05 25727.3
0 2683 4 phononTF 0.000490623 0.0332668 -0.168816 0.049999 25727.3 0.00034743 1 -0.0698031 -0.152959 0.05 25929
0 2718 2 phononTS 0.00171382 -2.90975 -1.41936 -0.0104353 3675.22 0.00104229 1 0.066837 -0.237965 0.05 51357.4
0 2732 2 phononL 0.00183474 -2.44459 0.272945 0.00107122 5036.06 0.00034743 1 0.0198953 -0.142262 0.05 72877
0 2732 6 phononTS 0.000443693 0.0198953 -0.142262 0.049999 72877 0.00034743 1 0.0246045 -0.157789 0.05 72994.7
0 2746 4 phononTS 0.000710318 -4.99161 0.0314235 0.049999 7412.69 0.00034743 1 0.0463597 -0.178957 0.05 16844.4
0 2754 2 phononL 0.00165541 -3.92536 -2.49398 0.0485902 10304.3 0.00034743 1 -0.0560382 -0.118982 0.05 68027.3
0 2785 2 phononL 0.00237133 -3.28668 -1.44721 0.0231026 6491.97 0.00104229 1 0.0972373 -0.156863 0.05 35871.5
0 2788 3 phononTF 0.00206624 -3.2466 -1.45915 -0.0290244 12011 0.00104229 1 -0.0242307 -0.195931 0.05 48511.9
0 2793 5 phononTF 0.00140326 -3.80556 -1.01974 0.0186589 3690.14 0.00034743 1 0.0840587 -0.250114 0.05 27690.4
0 2867 2 phononTS 0.00204142 -3.64725 -1.15025 0.000252122 2212.75 0.00034743 1 -0.0614531 -0.113026 0.05 31198.5
0 2869 3 phononTS 0.00193745 -3.77162 -1.19914 0.0287344 4222.84 0.00069486 1 -0.107752 -0.249624 0.05 21092.1
0 2869 4 phononTF 0.00105992 -0.107752 -0.249624 0.049998 21092.1 0.00034743 1 -0.0249018 -0.265608 0.05 21236.1
0 2893 2 phononTF 0.00207544 -3.3291 -1.32082 -0.0137245 262.372 0.00069486 1 0.0907229 -0.187599 0.05 15663.8
0 2893 10 phononTF 0.000691807 0.0907229 -0.187599 0.049999 15663.8 0.00034743 1 -0.0574545 -0.133251 0.05 16043.9
0 2904 4 phononTS 0.00125695 -1.15575 -2.55032 0.0220962 4145.61 0.00034743 1 0.0976845 -0.186976 0.05 33818.1
0 2912 3 phononTF 0.000858446 -1.45993 -0.994346 0.0468448 11962.5 0.00034743 1 -0.0593863 -0.2875 0.05 14369.6
0 2937 3 phononTS 0.00210095 -4.18512 -1.12469 0.0246688 1156.11 0.00069486 1 -0.0793559 -0.257219 0.05 32931.7
0 2939 5 phononL 0.000929538 3.81721 -3.62104 -0.00907192 37844.8 0.00034743 1 -0.048788 -0.253338 0.05 51938.4
0 2946 3 phononTS 0.0022634 -3.44764 -2.28761 0.032154 3026.29 0.00069486 1 -0.0745982 -0.284023 0.05 20123.8
0 2954 2 phononTF 0.000857284 -1.55145 -2.04302 -0.0356662 16818.3 0.00069486 1 0.0684255 -0.209381 0.05 89316.7
0 3004 3 phononTF 0.00200946 -3.93283 -0.721406 -0.00205201 6951.54 0.00034743 1 0.0956368 -0.236492 0.05 26228.3
0 3004 5 phononL 0.000529533 0.0956368 -0.236492 0.049999 26228.3 0.00034743 1 -0.0463237 -0.166357 0.05 27220.3
0 3045 3 phononTF 0.000538947 -1.68995 0.0860496 0.049999 13731 0.00034743 1 -0.0500855 -0.140279 0.05 54505.3
0 3059 3 phononTF 0.00202393 -4.42122 -0.684968 0.0268408 4505.19 0.00034743 1 -0.10074 -0.141523 0.05 18861.3
0 3063 3 phononL 0.00189794 -3.77989 -0.606233 0.023159 3482.47 0.00034743 1 0.0206166 -0.255686 0.05 10974.9
0 3063 6 phononTF 0.000801089 0.0206166 -0.255686 0.049999 10974.9 0.00034743 1 -0.0684082 -0.216837 0.05 11058.9
0 3073 3 phononTS 0.00123632 -2.91363 -1.7873 -0.0337764 1277.47 0.00034743 1 -0.0390296 -0.186621 0.05 20021.5
0 3073 5 phononTF 0.000755823 -0.0390296 -0.186621 0.049999 20021.5 0.00034743 1 -0.104559 -0.213105 0.05 20117.9
0 3092 2 phononTS 0.00196453 -3.74445 -2.46415 0.0337976 1534.62 0.00069486 1 0.0716862 -0.237587 0.05 115333
0 3151 2 phononTS 0.00171882 -3.07553 -0.777133 0.00348926 15975.7 0.00069486 1 0.0370276 -0.203727 0.05 40802.1
0 3196 2 phononTS 0.00305557 -2.65475 -3.18177 0.00246321 4387.65 0.00034743 1 -0.107394 -0.165857 0.05 48700.4
0 3196 4 phononTS 0.00191074 -0.107394 -0.165857 0.049999 48700.4 0.00069486 1 0.0554874 -0.199552 0.05 67270.5
0 3240 3 phononTS 0.00290524 0.00599422 -2.7327 -0.012481 7591.59 0.00069486 1 0.0263066 -0.245964 0.05 23699.1
0 3269 3 phononTS 0.0011827 -3.5245 -1.15206 -0.0404363 10260.9 0.00034743 1 -0.0402236 -0.136982 0.05 29092.8
0 3287 3 phononTS 0.00221045 -3.83378 -3.89482 -0.00430937 9920.35 0.00069486 1 0.0589897 -0.269794 0.05 99102.2
0 3292 3 phononL 0.00164058 -3.48138 -2.07981 0.0346094 468.002 0.00034743 1 -0.032291 -0.222166 0.05 41465.5
0 3299 2 phononTS 0.00170844 -3.45866 -0.475963 -0.0129707 4310.72 0.00069486 1 -0.0215409 -0.19677 0.05 50518.8
0 3301 5 phononTF 0.000606917 2.17583 -3.53504 0.0143121 27043 0.00034743 1 0.0416238 -0.202474 0.05 44221.2
0 3308 2 phononTS 0.00179328 -4.33171 -1.15234 0.0299238 9056.46 0.00034743 1 0.0300996 -0.198071 0.05 15808.3
0 3342 2 phononTS 0.00124474 -3.60732 -0.296436 0.0396169 1350.62 0.00034743 1 -0.0305081 -0.178544 0.05 11661.1
0 3372 2 phononTS 0.000548829 -3.18186 -1.39097 -0.0396254 326.904 0.00034743 1 0.092602 -0.22945 0.05 59238.6
0 3391 3 phononTS 0.00301467 -3.53681 -1.18404 -0.00820589 438.163 0.00034743 1 0.0579659 -0.233921 0.05 45786.1
0 3391 5 phononTS 0.000672661 0.0579659 -0.233921 0.049999 45786.1 0.00034743 1 0.0454834 -0.242338 0.05 45844.8
0 3457 2 phononTS 0.00173971 -2.03124 -2.5286 -0.0309505 3729.09 0.00034743 1 -0.0414807 -0.137133 0.05 48394
0 3457 5 phononTF 0.000437594 -0.0414807 -0.137133 0.049999 48394 0.00034743 1 -0.0439467 -0.147135 0.05 48457.8
0 3498 3 phononL 0.00209068 -3.61903 -1.46996 0.0138014 149.395 0.00034743 1 0.0759642 -0.217978 0.05 9726.31
0 3499 5 phononTF 0.00147792 -1.14604 -3.26212 -0.0424641 11733 0.00034743 1 0.0569941 -0.209639 0.05 24531.5
0 3499 6 phononL 0.000485255 0.0569941 -0.209639 0.049999 24531.5 0.00034743 1 -0.0825993 -0.147909 0.05 26975
0 3538 4 phononTF 0.00166181 -3.17065 -2.27771 0.0266942 13512.2 0.00034743 1 -0.0505893 -0.244935 0.05 39022.5
0 3541 5 phononL 0.00068704 -4.39031 0.0690063 0.049999 3710.16 0.00034743 1 0.0362447 -0.26403 0.05 35683.4
0 3549 2 phononL 0.0016861 -3.26264 -1.16874 -0.0476216 18.2492 0.00069486 1 -0.0714135 -0.218107 0.05 10712.3
0 3572 3 phononTF 0.00236724 -1.44171 -2.82552 -0.0166511 4938.92 0.00034743 1 -0.0495886 -0.143492 0.05 34603.1
0 3572 4 phononTS 0.00189244 -0.0495886 -0.143492 0.049999 34603.1 0.00069486 1 -0.0366231 -0.115197 0.05 34659.7
0 3588 2 phononTS 0.00136714 -4.11903 0.923574 -0.0487559 13813.1 0.00034743 1 -0.0960243 -0.211553 0.05 55226
0 3658 3 phononTS 0.0025011 -2.99171 -0.643529 0.00980022 3817.05 0.00104229 1 0.0652313 -0.236278 0.05 10313
0 3660 2 phononTS 0.00139324 -2.96718 -0.971012 0.0074939 2007.29 0.00069486 1 0.0844943 -0.270109 0.05 15119.2
0 3669 2 phononTF 0.00228191 -1.94579 -1.19539 -0.00446426 4360.92 0.00104229 1 0.045864 -0.268604 0.05 13932.4
0 3694 4 phononL 0.000789714 -3.61741 0.0713609 0.049999 3223.82 0.00034743 1 0.0301151 -0.147893 0.05 14217
0 3757 3 phononL 0.00248567 -4.08269 -0.208315 -0.00910203 2581.72 0.00104229 1 0.0915444 -0.130507 0.05 20276.8
0 3786 2 phononTF 0.00234671 -3.37355 -1.52873 0.0404293 279.705 0.00034743 1 -0.0542712 -0.204234 0.05 24669.8
0 3786 4 phononL 0.000994762 -0.0542712 -0.204234 0.049999 24669.8 0.00034743 1 -0.038468 -0.203941 0.05 24715.1
0 3791 2 phononTF 0.000721495 -4.03946 0.422995 -0.0164103 6713.23 0.00034743 1 0.0791016 -0.265326 0.05 143109
0 3804 3 phononTS 0.0020658 -2.92265 -1.37679 -0.0156888 464.425 0.00034743 1 -0.0345246 -0.299775 0.05 40838.9
0 3828 4 phononTF 0.00046403 -2.59552 -1.91754 0.0107008 12375.5 0.00034743 1 -0.0453796 -0.301483 0.05 45408.6
0 3864 3 phononTS 0.00230237 -2.73753 -1.41224 0.00463569 1920 0.00069486 1 -0.0239965 -0.160344 0.05 10771.9
0 3885 6 phononTS 0.000911718 0.521631 -0.0398743 -0.0373984 51325.5 0.00034743 1 -0.1159 -0.213812 0.05 96510.8
0 3895 5 phononTF 0.000905295 -2.54221 3.6933 -0.0173245 23794.4 0.00034743 1 -0.0744953 -0.233473 0.05 95135.9
0 3914 3 phononTF 0.00161726 -4.33984 -0.519437 0.0415908 5282.23 0.00034743 1 0.116026 -0.187529 0.05 22413.6
0 3926 4 phononTS 0.000826355 -0.863624 0.100696 0.049999 8603.5 0.00034743 1 0.0242122 -0.200134 0.05 10107.8
0 3938 3 phononTS 0.00237851 -3.02475 -1.88812 0.0386367 2998.69 0.00069486 1 0.0348775 -0.171102 0.05 23065.6
0 3964 3 phononTF 0.000756213 -3.29052 0.0230966 0.049999 3653.2 0.00034743 1 0.0466859 -0.258718 0.05 104740
0 3969 5 phononTF 0.00153341 -0.390091 -3.30312 -0.0256939 37038.7 0.00034743 1 -0.0434756 -0.157752 0.05 56283.4
0 3985 3 phononTF 0.00225967 -3.49273 -2.47053 -0.0318805 6888.79 0.00104229 1 0.0206153 -0.229865 0.05 51126.6
0 3995 2 phononTS 0.00135756 -4.98045 -0.333116 -0.00603393 10154.6 0.00034743 1 0.0440448 -0.135935 0.05 35473.7
0 4029 2 phononTS 0.00102971 -3.2501 -1.2497 0.000316892 0.0833548 0.00034743 1 -0.118372 -0.192732 0.05 11534
0 4038 5 phononTF 0.00125851 -4.26547 -2.28315 0.00259729 9616.4 0.00034743 1 -0.0831095 -0.182212 0.05 56059.6
0 4038 4 phononTF 0.000954005 -4.26547 -2.28315 0.00259729 9616.4 0.00034743 1 0.0593986 -0.166215 0.05 55113.8
0 4051 2 phononTF 0.0014674 -1.60679 -0.0914564 -0.0424055 4927.26 0.00069486 1 0.0286681 -0.172848 0.05 7780.04
0 4068 3 phononTF 0.00125053 -2.0427 -1.08002 0.0466467 1495.72 0.00034743 1 0.072683 -0.286592 0.05 33567.7
0 4100 3 phononTF 0.00249142 -3.23721 -1.58827 0.0172214 7216.85 0.00069486 1 -0.0416712 -0.229513 0.05 29886.3
0 4100 4 phononTS 0.00120421 -0.0416712 -0.229513 0.049999 29886.3 0.00034743 1 -0.047849 -0.220857 0.05 29942.3
0 4116 4 phononTF 0.00212592 1.35041 -2.79895 -0.0355452 21701.3 0.00034743 1 -0.0829645 -0.183112 0.05 36571
0 4151 3 phononL 0.00236663 -3.41264 -1.1592 0.0316383 965.584 0.00034743 1 -0.116266 -0.189788 0.05 14819.9
0 4165 3 phononTF 0.00204166 -3.0581 -2.60359 0.0077657 6469.11 0.00034743 1 -0.0361113 -0.110605 0.05 33403.6
0 4202 5 phononTF 0.00105084 1.00069 4.43244 -0.0240115 47270.6 0.00034743 1 0.0940391 -0.162482 0.05 101502
0 4202 6 phononTF 0.000401825 0.0940391 -0.162482 0.049999 101502 0.00034743 1 0.0909234 -0.148336 0.05 101565
0 4266 2 phononL 0.0024096 -3.25624 -1.07739 -0.000470026 1136.2 0.00034743 1 -0.0609469 -0.136202 0.05 7221.06
0 4376 5 phononTS 0.00050108 -2.36102 0.102386 0.049999 23437.5 0.00034743 1 0.0631127 -0.262384 0.05 52883.1
0 4377 5 phononTS 0.000702821 -1.42466 0.335644 -0.00667302 8688.08 0.00034743 1 0.0467617 -0.156632 0.05 9516.68
0 4377 4 phononTS 0.00152576 -1.42466 0.335644 -0.00667302 8688.08 0.00069486 1 -0.0285412 -0.101896 0.05 69041.4
0 4388 3 phononTS 0.00131226 -2.86005 -1.48573 0.0238622 6484.61 0.00069486 1 -0.0786198 -0.149877 0.05 68990.5
0 4422 5 phononTF 0.00049297 -2.98542 0.0855779 0.049999 4684.33 0.00034743 1 0.0914137 -0.1328 0.05 28412.3
0 4422 3 phononTF 0.000405215 -2.98542 0.0855779 0.049999 4684.33 0.00034743 1 0.0719608 -0.241494 0.05 72677.2
0 4425 2 phononTS 0.000579915 -1.25893 0.0355093 0.049999 8390.53 0.00034743 1 -0.10492 -0.17478 0.05 12307
0 4504 5 phononTF 0.00156745 -2.3322 -4.7493 0.0263821 39321 0.00034743 1 0.0648503 -0.274427 0.05 50083.2
0 4558 2 phononTS 0.00216073 -2.31162 -1.60489 -0.0154501 7254.3 0.00034743 1 0.0728711 -0.26842 0.05 23439.5
0 4558 4 phononTF 0.00108986 0.0728711 -0.26842 0.049999 23439.5 0.00069486 1 0.0727794 -0.276355 0.05 23498.6
0 4594 2 phononTF 0.00130343 -2.97022 -1.17753 -0.0263058 1925.91 0.00034743 1 -0.104133 -0.218835 0.05 3794.7
0 4605 5 phononL 0.000620504 -1.28326 0.0332811 0.049999 14432.3 0.00034743 1 0.0270015 -0.271328 0.05 16921
0 4636 5 phononTS 0.00224997 -1.19881 -1.80141 -0.0228348 4139.83 0.00104229 1 -0.0907445 -0.151791 0.05 16509.7
0 4636 12 phononTS 0.00039749 -0.0907445 -0.151791 0.049999 16509.7 0.00034743 1 -0.0702479 -0.165422 0.05 16569.3
0 4637 4 phononTF 0.00148531 -3.94999 0.142348 0.0172497 5575.97 0.00034743 1 -0.0753317 -0.274214 0.05 98157.8
0 4680 3 phononTF 0.00180083 -4.0241 -1.59203 -0.00748759 6898.02 0.00034743 1 -0.0464487 -0.243407 0.05 54998
0 4684 2 phononTS 0.00228156 -3.5668 -1.37775 -0.0188298 578.235 0.00069486 1 -0.0188077 -0.175629 0.05 46401.6
0 4740 3 phononTF 0.00225743 -3.32346 -1.2991 0.0158853 27.4039 0.00034743 1 0.0577496 -0.157909 0.05 4755.49
0 4788 2 phononTS 0.00179967 -3.15576 -1.17337 0.00092646 4553.2 0.00034743 1 0.0207772 -0.145263 0.05 96937
0 4788 8 phononTS 0.000558499 0.0207772 -0.145263 0.049999 96937 0.00034743 1 0.0484225 -0.101425 0.05 97004.6
0 4806 3 phononTF 0.00192064 -1.93692 -0.378217 -0.0449442 3431.32 0.00034743 1 -0.0849573 -0.201251 0.05 42735.7
0 4806 4 phononL 0.000672173 -0.0849573 -0.201251 0.049999 42735.7 0.00034743 1 0.0225777 -0.233658 0.05 43446.3
0 4808 2 phononTS 0.00223674 -3.55391 -1.92288 -0.0212915 1042.54 0.00069486 1 -0.0647328 -0.205677 0.05 9998.2
0 4808 5 phononTF 0.00068981 -0.0647328 -0.205677 0.049998 9998.2 0.00034743 1 -0.0696644 -0.19784 0.05 10064.5
0 4845 2 phononTF 0.00280225 -3.47555 -1.24282 0.0160369 173.502 0.00069486 1 0.0376326 -0.228438 0.05 21046.8
0 4845 6 phononTS 0.000987421 0.0376326 -0.228438 0.049998 21046.8 0.00034743 1 0.11286 -0.162643 0.05 21400.1
0 4878 4 phononTF 0.000944987 -2.8973 -2.42518 -0.0223502 7564.87 0.00034743 1 -0.0882621 -0.253905 0.05 24660.9
0 4878 6 phononTF 0.000466646 -0.0882621 -0.253905 0.049999 24660.9 0.00034743 1 0.086354 -0.177228 0.05 24756.4
0 4903 3 phononTF 0.000566453 -3.75326 0.0401807 0.049998 3614.53 0.00034743 1 -0.0796349 -0.129388 0.05 48183.9
0 4918 3 phononTF 0.00187006 -2.8724 -0.856669 -0.0182178 5001.03 0.00069486 1 -0.0993722 -0.148951 0.05 9742.61
0 4937 4 phononTF 0.0013648 -3.42584 -1.07155 0.0108834 2636.69 0.00034743 1 -0.0855904 -0.143965 0.05 5750.61
0 4946 3 phononTF 0.00176586 -3.44154 -1.03374 0.0443519 1350.57 0.00069486 1 -0.0200119 -0.24521 0.05 11707.7
0 4975 4 phononL 0.00138408 -0.264965 0.447358 -0.0129053 37061.8 0.00034743 1 -0.0428266 -0.170662 0.05 39183.4
0 4975 7 phononTS 0.000847601 -0.0428266 -0.170662 0.049998 39183.4 0.00034743 1 -0.028519 -0.268056 0.05 46396
0 4996 2 phononTF 0.000921118 -3.85136 -1.79665 -0.0446766 2816.52 0.00034743 1 -0.0425879 -0.224666 0.05 31899.5
