Run ID,Event ID,Track ID,Particle Name,Start Energy [eV],Start X [mm],Start Y [mm],Start Z [mm],Start Time [ns],Energy Deposited [eV],Track Weight,End X [mm],End Y [mm],End Z [mm],Final Time [ns],Volume Name
0 7 4 phononTF 0.00114042 -1.65448 -1.56393 0.0400176 6844.16 0.00104229 1 0.0437592 -0.110638 0.05 9702.32
0 13 2 phononTF 0.000422816 -2.91626 0.0139186 0.049999 2990.33 0.00034743 1 0.0285249 -0.101523 0.05 21095.8
0 39 5 phononTS 0.0015252 -4.24828 -1.68103 0.0323635 9230.76 0.00034743 1 -0.0486764 -0.263245 0.05 19485.7
0 39 7 phononTS 0.00117371 -0.0486764 -0.263245 0.049999 19485.7 0.00034743 1 -0.0370555 -0.283672 0.05 19545.1
0 50 3 phononTF 0.00259958 -2.82897 -0.563292 -0.0335665 214.539 0.00069486 1 0.0646742 -0.139198 0.05 13865.1
0 59 2 phononTS 0.00216269 -2.71427 -0.309052 0.045213 220.713 0.00104229 1 0.0480803 -0.152927 0.05 9989.33
0 118 4 phononL 0.00142548 -2.79581 3.6079 0.00567605 18060.4 0.00034743 1 -0.0722437 -0.201272 0.05 27090
0 118 7 phononTS 0.000741394 -0.0722437 -0.201272 0.049999 27090 0.00034743 1 0.0416905 -0.214936 0.05 27171.6
0 137 3 phononTF 0.00164454 -2.78169 -0.240847 0.0303052 8.33651 0.00034743 1 0.105511 -0.24176 0.05 36258.5
0 137 7 phononTS 0.000354286 0.105511 -0.24176 0.049999 36258.5 0.00034743 1 0.106232 -0.244308 0.05 36316.7
0 158 6 phononTS 0.000395166 -1.72596 -0.00685426 0.049999 8268.16 0.00034743 1 -0.0591327 -0.27048 0.05 84462.4
0 174 5 phononTS 0.00109144 -3.33196 -1.9891 -0.0204686 4476.11 0.00034743 1 0.0468349 -0.245243 0.05 18509.2
0 237 2 phononTS 0.000942944 -3.89555 -1.16902 0.0115969 6168.12 0.00034743 1 -0.0212442 -0.161044 0.05 18964.9
0 243 4 phononL 0.000498518 -0.713947 0.064861 0.049999 4373.55 0.00034743 1 -0.0205594 -0.172086 0.05 25636.9
0 261 2 phononTF 0.00191902 -1.42467 -0.970006 -0.0353164 4625.39 0.00069486 1 0.0544404 -0.118541 0.05 13289.5
0 282 3 phononTF 0.00162869 -3.21547 -0.563099 0.0201627 6239.4 0.00034743 1 0.0279392 -0.273904 0.05 60558.7
0 282 5 phononTF 0.000679932 0.0279392 -0.273904 0.049999 60558.7 0.00034743 1 0.0558947 -0.255304 0.05 60888
0 282 4 phononTS 0.000436892 0.0279392 -0.273904 0.049999 60558.7 0.00034743 1 -0.0881176 -0.149521 0.05 60826.5
0 291 2 phononTS 0.00122513 -1.89426 -0.331331 0.0448047 4777.34 0.00034743 1 0.0393582 -0.202109 0.05 7720.67
0 291 4 phononTF 0.000745934 0.0393582 -0.202109 0.049999 7720.67 0.00034743 1 0.0388078 -0.114327 0.05 7796.91
0 333 2 phononL 0.00236946 0.825782 -2.09777 0.0423459 10595.9 0.00034743 1 0.0762263 -0.253761 0.05 39205
0 348 5 phononTS 0.000383966 -1.77166 -0.00423056 0.049999 3250.22 0.00034743 1 -0.0161123 -0.233794 0.05 11494
0 359 2 phononL 0.000543286 -2.53186 0.0670568 0.049999 581.689 0.00034743 1 0.0927332 -0.170171 0.05 30653.6
0 374 2 phononTS 0.00214252 -2.72038 -0.751374 -0.0393459 962.054 0.00069486 1 0.0972688 -0.206537 0.05 21121.3
0 448 5 phononTF 0.000552146 -1.97359 0.0125496 0.049999 5644.44 0.00034743 1 0.113053 -0.221527 0.05 9876.54
0 449 4 phononTF 0.00120644 -4.7461 -1.91576 0.0214296 9682.58 0.00034743 1 -0.0562046 -0.273887 0.05 17121.8
0 449 6 phononTF 0.00069653 -0.0562046 -0.273887 0.049999 17121.8 0.00034743 1 -0.0632845 -0.265719 0.05 17188.3
0 450 9 phononTS 0.000733086 0.574381 4.43605 -0.0137007 64615.5 0.00034743 1 0.0258556 -0.15722 0.05 108073
0 554 3 phononTS 0.00201756 -1.79938 -0.444245 -0.0460622 7476.04 0.00069486 1 0.0231861 -0.154025 0.05 69110.8
0 596 5 phononTS 0.000603715 -2.75606 0.0458922 0.049999 86.2065 0.00034743 1 0.0515412 -0.238393 0.05 45091.2
0 621 3 phononTS 0.00155755 -3.00973 -0.532992 -0.0394653 531.005 0.00034743 1 -0.0701607 -0.177533 0.05 2028.76
0 621 5 phononTS 0.000380557 -0.0701607 -0.177533 0.049999 2028.76 0.00034743 1 -0.0468588 -0.207623 0.05 2149.84
0 641 3 phononTS 0.00339661 -4.89915 -1.9378 0.0243448 10531.6 0.00069486 1 -0.0871757 -0.25048 0.05 23605.1
0 649 3 phononTF 0.00249383 -2.22459 -0.226122 0.00058063 364.535 0.00034743 1 0.0801899 -0.176957 0.05 6860.56
0 649 5 phononTF 0.000991942 0.0801899 -0.176957 0.049999 6860.56 0.00034743 1 0.0743835 -0.241194 0.05 7307.41
0 669 2 phononTS 0.00159196 -1.75591 -1.17055 -0.037779 3988.75 0.00034743 1 0.0605453 -0.173266 0.05 68417.7
0 669 7 phononTF 0.000474311 0.0605453 -0.173266 0.049999 68417.7 0.00034743 1 0.0624945 -0.107059 0.05 251463
0 687 2 phononTS 0.00216406 -3.35698 -0.0457115 -0.0367393 443.955 0.00104229 1 -0.0764369 -0.287451 0.05 24264
0 696 5 phononTS 0.000350441 -2.36511 0.0886727 0.049999 2200.13 0.00034743 1 0.0496527 -0.10562 0.05 6463.35
0 701 3 phononTF 0.00166067 -2.69416 -0.371355 0.0234858 31.6578 0.00069486 1 -0.10659 -0.168281 0.05 77596.2
0 858 3 phononTF 0.00044992 -2.4095 0.0343843 0.049999 439.234 0.00034743 1 0.0611718 -0.120839 0.05 28480.2
0 874 3 phononTS 0.00194553 2.40332 -2.29907 -0.0127202 12782.8 0.00138972 1 0.0165021 -0.186812 0.05 54151.9
0 874 2 phononTF 0.00205447 2.40332 -2.29907 -0.0127202 12782.8 0.00104229 1 -0.0311639 -0.247042 0.05 32912.3
0 895 3 phononTS 0.00269291 -3.01688 -0.246803 -0.0377383 910.548 0.00069486 1 -0.0256714 -0.16157 0.05 49362.7
0 895 8 phononL 0.000819264 -0.0256714 -0.16157 0.049999 49362.7 0.00034743 1 0.110461 -0.212665 0.05 49555
0 899 2 phononTS 0.000845151 -2.56077 0.0216771 0.049999 1408.12 0.00034743 1 -0.050889 -0.296056 0.05 3890.86
0 943 4 phononTS 0.000865391 -2.66288 0.102425 0.049999 8468.06 0.00034743 1 -0.0729076 -0.207624 0.05 9632.71
0 992 3 phononL 0.000405654 -2.45727 0.0414875 0.049999 446.462 0.00034743 1 -0.0635307 -0.121254 0.05 9884.2
0 1008 5 phononTS 0.000768083 -3.25393 1.05996 0.0384918 20363.9 0.00034743 1 0.031446 -0.160612 0.05 48842.7
0 1069 3 phononTS 0.0023815 -2.26708 -1.05881 -0.01924 1173.74 0.00034743 1 -0.0189359 -0.149906 0.05 6974.81
0 1096 3 phononTS 0.00202339 -2.99789 -0.0692599 0.00600138 414.05 0.00069486 1 -0.0286846 -0.300866 0.05 1539.85
0 1096 4 phononTS 0.00073523 -0.0286846 -0.300866 0.049999 1539.85 0.00034743 1 -0.097206 -0.182507 0.05 1696.59
0 1149 2 phononTS 0.00229807 -2.61358 -1.24719 0.0322296 2346.96 0.00034743 1 -0.0234384 -0.153736 0.05 4554.46
0 1182 2 phononTS 0.00254148 -1.03918 -0.413104 0.0338907 4046.07 0.00034743 1 -0.0294014 -0.163913 0.05 13308.8
0 1189 2 phononTF 0.00259184 -0.540352 -1.06405 -0.0340318 5062.53 0.00034743 1 0.0393501 -0.121107 0.05 7625
0 1285 3 phononTS 0.00192205 -2.79479 -0.642451 0.0482893 1946.33 0.00034743 1 -0.0369449 -0.0953063 0.05 6993.16
0 1308 3 phononL 0.00174629 -2.79131 -0.43123 -0.041498 237.15 0.00034743 1 -0.0350141 -0.118672 0.05 50534.1
0 1352 4 phononTF 0.00163286 -0.420996 0.294406 -0.0487478 10429.7 0.00069486 1 -0.0994338 -0.225446 0.05 11589.7
0 1384 2 phononTS 0.00192738 -3.74086 -2.09406 0.017423 14564.3 0.00034743 1 -0.0481873 -0.192836 0.05 20404.8
0 1402 6 phononTF 0.000463705 -2.68227 0.0628511 0.049999 183.588 0.00034743 1 0.0344712 -0.2524 0.05 24176.8
0 1408 3 phononTS 0.00185341 -2.58692 -0.295575 0.0174803 38.0879 0.00069486 1 -0.0786112 -0.244508 0.05 6285.1
0 1428 3 phononL 0.00268064 -2.64007 -0.300126 -0.00414268 335.131 0.00034743 1 -0.0912151 -0.158232 0.05 7152.38
0 1428 8 phononTS 0.000423769 -0.0912151 -0.158232 0.049999 7152.38 0.00034743 1 0.0692132 -0.201459 0.05 7317.68
0 1428 4 phononTS 0.000843543 -0.0912151 -0.158232 0.049999 7152.38 0.00034743 1 -0.0514528 -0.224117 0.05 7222.91
0 1441 2 phononTF 0.00124901 -2.95727 -1.14339 0.0138463 889.177 0.00034743 1 0.0889991 -0.193387 0.05 93809.7
0 1447 5 phononTS 0.00144467 -0.769414 -1.00626 0.0360688 15180 0.00034743 1 -0.0478222 -0.275523 0.05 18392.9
0 1451 5 phononTS 0.000779033 -0.310853 -4.7094 -0.0238167 20259.7 0.00034743 1 0.0241802 -0.168218 0.05 32264.5
0 1479 3 phononTF 0.00187023 -2.25123 -0.872592 -0.035258 2148.92 0.00069486 1 -0.0305397 -0.123721 0.05 17621.8
0 1489 3 phononTF 0.000546721 -2.73669 0.0767656 0.049999 377.521 0.00034743 1 0.0338116 -0.276002 0.05 66713.8
0 1493 3 phononTS 0.0023004 -2.46327 -2.74413 0.0187324 26360.3 0.00034743 1 0.112967 -0.229138 0.05 33907.1
0 1515 2 phononTF 0.00196682 -2.74972 -0.744319 -0.0392474 11820.6 0.00034743 1 -0.0624266 -0.217318 0.05 83511.9
0 1577 2 phononTF 0.00143399 -1.35666 -0.939594 0.0303904 8260.58 0.00034743 1 0.0434531 -0.277934 0.05 14566
0 1594 2 phononTS 0.0015431 -0.739044 1.39831 0.0459958 9319.47 0.00034743 1 -0.0383837 -0.218061 0.05 14490.7
0 1601 2 phononTS 0.000530712 -2.65241 -0.00165428 0.049999 143.648 0.00034743 1 0.0426531 -0.108785 0.05 2329.74
0 1659 2 phononTF 0.00210767 -3.28901 -0.703613 0.0228328 5135.66 0.00034743 1 -0.0268066 -0.243307 0.05 92168.8
0 1693 4 phononTF 0.00143463 -3.26428 -1.86343 0.0286807 42619.5 0.00069486 1 0.0753108 -0.136947 0.05 123761
0 1713 2 phononTF 0.00195039 -4.52431 -1.92196 -0.0401473 19499.2 0.00069486 1 -0.0790241 -0.231165 0.05 25319.2
0 1713 4 phononTF 0.000412623 -0.0790241 -0.231165 0.049999 25319.2 0.00034743 1 -0.0461203 -0.125025 0.05 25525.6
0 1752 2 phononTS 0.00137777 -2.17443 1.95492 -0.0457072 7374.03 0.00069486 1 -0.0882686 -0.223864 0.05 20580.6
0 1759 2 phononTF 0.00293629 -2.84698 -1.73828 0.0121403 7609.4 0.00104229 1 -0.0196106 -0.24774 0.05 54065.7
0 1759 9 phononTS 0.000852273 -0.0196106 -0.24774 0.049999 54065.7 0.00034743 1 0.0367242 -0.196793 0.05 54377.4
0 1798 5 phononL 0.000656367 -2.94582 0.000892715 0.049999 558.13 0.00034743 1 -0.0323865 -0.137536 0.05 122672
0 1799 2 phononTS 0.000569803 -2.15055 0.0786178 0.049998 1373.97 0.00034743 1 0.023809 -0.20376 0.05 189062
0 1807 3 phononTS 0.00252893 -2.49533 -1.04098 -0.014721 871.331 0.00069486 1 -0.0764865 -0.206593 0.05 37581.7
0 1854 3 phononL 0.00248747 -1.72336 -0.887085 -0.0235956 5000.41 0.00069486 1 0.0768178 -0.169019 0.05 21262.2
0 1904 3 phononL 0.00271695 -2.19462 -4.50291 -0.0418718 17827.2 0.00104229 1 -0.0345023 -0.157553 0.05 61799.4
0 1918 2 phononTF 0.000582972 -2.81058 0.0870016 0.049999 834.104 0.00034743 1 -0.0931135 -0.175808 0.05 87603.5
0 1933 3 phononTS 0.00243597 -2.71926 -0.275259 -0.00199016 7.49059 0.00069486 1 0.0425756 -0.195583 0.05 40250.8
0 1933 9 phononTS 0.000724102 0.0425756 -0.195583 0.049999 40250.8 0.00034743 1 0.113497 -0.169152 0.05 40590.6
0 1933 7 phononTS 0.000398247 0.0425756 -0.195583 0.049999 40250.8 0.00034743 1 0.096744 -0.237838 0.05 40320.9
0 1974 2 phononTF 0.00170506 -2.26285 0.216485 0.0458119 4589.61 0.00069486 1 0.102379 -0.23521 0.05 10909.3
0 1974 6 phononTS 0.000395975 0.102379 -0.23521 0.049999 10909.3 0.00034743 1 0.0211252 -0.219789 0.05 11066.4
0 2053 3 phononL 0.000988841 -0.496205 -0.519117 -0.000120221 34468.8 0.00034743 1 -0.0469831 -0.151041 0.05 35113.6
0 2053 10 phononTF 0.00187108 -1.81601 0.622018 -0.0108988 47941.6 0.00034743 1 -0.0956455 -0.201603 0.05 79616.4
0 2082 4 phononTS 0.00101123 -1.7493 0.965051 -0.0160345 5590.36 0.00034743 1 0.0879896 -0.150014 0.05 8968.08
0 2094 2 phononTF 0.000512626 -2.83323 0.0845851 0.049999 478.928 0.00034743 1 -0.0889747 -0.158304 0.05 81221.6
0 2116 3 phononTS 0.00159056 -2.70623 -0.525666 0.0199279 624.112 0.00069486 1 -0.0813853 -0.23407 0.05 1492.86
0 2170 2 phononTF 0.00273588 -4.85372 -1.52872 -0.0332976 8603.18 0.00069486 1 0.0395328 -0.131791 0.05 36503.2
0 2175 5 phononTS 0.0015403 3.45401 -1.92524 -0.0238879 20190.7 0.00069486 1 0.0673968 -0.218455 0.05 32321.3
0 2183 2 phononTS 0.000782596 -3.59002 1.1258 -0.0095974 7739.51 0.00034743 1 0.102218 -0.206364 0.05 49493.8
0 2192 2 phononTF 0.000353663 -2.9568 0.0821939 0.049999 289.053 0.00034743 1 -0.104092 -0.251145 0.05 5912.35
0 2277 3 phononTS 0.00227576 -1.67153 0.396456 -0.00347548 1248.56 0.00034743 1 -0.0520158 -0.211215 0.05 22110
0 2277 4 phononL 0.00120271 -0.0520158 -0.211215 0.049999 22110 0.00034743 1 -0.0235167 -0.158599 0.05 22384.7
0 2279 3 phononTF 0.00190702 -0.566939 -1.57898 -0.029873 6099.5 0.00104229 1 0.117264 -0.220252 0.05 10127.7
0 2304 2 phononTF 0.00152031 -2.75233 -0.103144 -0.0443237 461.451 0.00069486 1 0.0523597 -0.298379 0.05 51617.5
0 2319 3 phononTS 0.00260161 -1.75602 -0.979552 0.0104967 3195.88 0.00034743 1 0.0300982 -0.239617 0.05 14824.3
0 2319 5 phononTF 0.00116867 0.0300982 -0.239617 0.049999 14824.3 0.00034743 1 0.0350329 -0.190506 0.05 14886.9
0 2401 2 phononTS 0.00106418 -1.54224 -1.93491 0.00504579 7412.42 0.00034743 1 -0.0686379 -0.22632 0.05 33718
0 2436 3 phononL 0.00337883 -2.47477 -0.298246 0.0108862 1562.33 0.00069486 1 0.113348 -0.166729 0.05 12142.9
0 2455 3 phononTF 0.000543634 -2.82997 0.0415913 0.049999 380.781 0.00034743 1 -0.069343 -0.285416 0.05 5821.57
0 2459 3 phononTS 0.00259671 -2.73507 0.873848 -0.0487627 7938.57 0.00034743 1 0.0389591 -0.261878 0.05 19022.8
0 2472 4 phononTS 0.00071934 -1.71116 0.100743 0.049999 1502.5 0.00034743 1 -0.01426 -0.171091 0.05 2971.92
0 2474 2 phononTF 0.00141059 -2.88234 -0.530394 0.0108575 1479.85 0.00034743 1 -0.0489646 -0.122615 0.05 9052.75
0 2482 2 phononTF 0.0020686 -2.87571 -0.554862 0.0421066 612.251 0.00034743 1 0.0688622 -0.164956 0.05 9061.22
0 2482 5 phononTF 0.000614738 0.0688622 -0.164956 0.049998 9061.22 0.00034743 1 -0.0495006 -0.274917 0.05 9480.23
0 2495 2 phononTF 0.00125384 -3.27225 -0.595437 -0.036202 2347.61 0.00034743 1 -0.0508161 -0.253002 0.05 85782.6
0 2499 4 phononTS 0.001859 -4.66716 0.773355 -0.0497137 9395.01 0.00034743 1 -0.107594 -0.151609 0.05 17663
0 2499 6 phononTS 0.00122499 -0.107594 -0.151609 0.049999 17663 0.00034743 1 -0.0606693 -0.103909 0.05 17774
0 2523 2 phononTS 0.00222409 -2.17583 -0.768684 0.00633647 3533.17 0.00034743 1 0.0280859 -0.195792 0.05 47949.8
0 2532 2 phononTS 0.00253181 -3.55685 0.514182 -0.0144573 2041.39 0.00034743 1 -0.112829 -0.215642 0.05 15371.6
0 2542 3 phononL 0.00258583 -0.837861 -1.17413 0.0149811 5019.71 0.00034743 1 0.0704815 -0.24199 0.05 9000.15
0 2593 1 phononTF 0.004 -2.75 -0.25 0 0 0.00104229 1 0.117158 -0.218373 0.05 7106.42
0 2593 4 phononTF 0.00151148 0.117158 -0.218373 0.049999 7106.42 0.00034743 1 -0.100199 -0.203149 0.05 8044.56
0 2593 3 phononTS 0.000469436 0.117158 -0.218373 0.049999 7106.42 0.00034743 1 -0.0911164 -0.243718 0.05 7253.85
0 2663 5 phononTS 0.000694646 -2.60795 0.102033 0.049999 503.392 0.00034743 1 -0.107912 -0.183073 0.05 12790.9
0 2674 4 phononTF 0.000786201 -2.54941 0.00854938 0.049999 492.018 0.00034743 1 0.0693641 -0.286345 0.05 96320.9
0 2687 3 phononTF 0.00232117 -1.60282 -0.511836 -0.00552509 1710.92 0.00034743 1 0.0399093 -0.151885 0.05 6556.42
0 2715 5 phononL 0.000408547 -3.15152 0.0527531 0.049999 322.687 0.00034743 1 0.0247842 -0.27452 0.05 3248.54
0 2735 2 phononTS 0.00245907 -4.6373 0.861982 0.0299732 5265.76 0.00034743 1 -0.114246 -0.179624 0.05 17862.6
0 2754 4 phononTS 0.00123097 -3.91566 4.96579 0.0275604 27261 0.00069486 1 0.0581921 -0.266994 0.05 231747
0 2775 3 phononTF 0.0011796 -2.77818 -0.280372 0.0393927 10.4785 0.00034743 1 -0.105106 -0.157655 0.05 16254.1
0 2775 7 phononTF 0.000503736 -0.105106 -0.157655 0.049999 16254.1 0.00034743 1 -0.0718842 -0.214439 0.05 16831.4
0 2779 3 phononTS 0.000636598 -1.98312 -0.00260378 0.049999 615.784 0.00034743 1 0.0260565 -0.145002 0.05 16443.7
0 2801 3 phononTS 0.00208619 -2.14806 -0.0826605 -0.0334744 2260.82 0.00034743 1 0.118398 -0.219122 0.05 8866.25
0 2808 4 phononTS 0.00142609 -0.369798 -0.228057 0.0118334 24171.8 0.00034743 1 0.0301957 -0.104349 0.05 28502.1
0 2851 5 phononTS 0.00128891 -2.75538 0.937698 0.0334065 1006.98 0.00069486 1 0.114094 -0.198193 0.05 11699.1
0 2853 5 phononL 0.00187687 1.71389 1.96448 0.000837704 7969.27 0.00034743 1 -0.0448206 -0.285933 0.05 51992.2
0 2853 6 phononL 0.000447351 -0.0448206 -0.285933 0.049999 51992.2 0.00034743 1 -0.112518 -0.173976 0.05 52388.2
0 2867 5 phononTS 0.000733033 -3.59751 0.0857453 0.0167172 3962.39 0.00034743 1 -0.0832667 -0.17724 0.05 80704
0 2906 3 phononTS 0.00276043 1.13741 -0.0781563 0.0269475 7115.38 0.00104229 1 0.035457 -0.197169 0.05 23229.1
0 2906 7 phononTS 0.000766622 0.035457 -0.197169 0.049998 23229.1 0.00034743 1 0.0300993 -0.114848 0.05 23304.1
0 2954 5 phononTS 0.00076524 -3.31265 1.35947 -0.0332995 3730.12 0.00034743 1 -0.0124409 -0.18854 0.05 13472.7
0 2982 3 phononTS 0.00235367 -3.03858 0.108784 -0.0458959 1465.39 0.00069486 1 -0.0741259 -0.206674 0.05 23133.8
0 3024 2 phononTF 0.00216076 -3.85915 -1.22926 -0.029272 5894.9 0.00034743 1 -0.0315014 -0.154106 0.05 10060.1
0 3091 4 phononL 0.00136478 -2.72302 -0.8268 -0.0213087 1803.67 0.00034743 1 -0.013921 -0.218856 0.05 25018.7
0 3114 3 phononTF 0.00142654 -3.7372 0.112367 0.0436547 4972.43 0.00034743 1 0.0311103 -0.221766 0.05 14663
0 3119 2 phononTF 0.00200794 -3.08824 -0.44443 0.0236118 1687.83 0.00069486 1 0.0835231 -0.25386 0.05 16915.8
0 3129 2 phononTS 0.00234585 -2.92101 -0.136376 -0.0487109 48.4629 0.00034743 1 -0.0171572 -0.224157 0.05 17693.5
0 3129 4 phononTF 0.00188269 -0.0171572 -0.224157 0.049999 17693.5 0.00069486 1 -0.0195033 -0.212114 0.05 17758.3
0 3129 12 phononTS 0.000786168 -0.0195033 -0.212114 0.049999 17758.3 0.00034743 1 -0.0200257 -0.247777 0.05 17822.9
0 3143 2 phononTS 0.00206612 -2.47355 -0.00313978 0.000787729 359.242 0.00034743 1 -0.0254572 -0.183935 0.05 2093.34
0 3147 3 phononL 0.00221012 -4.69867 -1.37626 0.0169681 23006.3 0.00138972 1 -0.0918859 -0.199485 0.05 44341.9
0 3148 2 phononTF 0.000450337 -3.40722 -0.00730472 0.049999 427.802 0.00034743 1 -0.117594 -0.222835 0.05 24182.2
0 3237 2 phononTF 0.00217797 -3.01666 -0.369108 0.0296097 985.869 0.00034743 1 -0.0768777 -0.186767 0.05 5582.57
0 3237 7 phononL 0.00128 -0.0768777 -0.186767 0.049999 5582.57 0.00034743 1 0.0227337 -0.130866 0.05 5639.68
0 3248 4 phononTS 0.000897252 -2.21735 0.00141186 0.049999 313.212 0.00034743 1 -0.0805474 -0.181972 0.05 4124.54
0 3282 2 phononTF 0.00234671 -2.87355 -0.528728 0.0404293 279.705 0.00034743 1 -0.0422533 -0.256339 0.05 30496
0 3351 3 phononTS 0.000872787 -2.94475 0.00399258 0.049999 239.755 0.00034743 1 -0.0258975 -0.212024 0.05 41240.4
0 3351 6 phononTF 0.000381297 -0.0258975 -0.212024 0.049999 41240.4 0.00034743 1 -0.0331142 -0.262962 0.05 49753.4
0 3371 1 phononTS 0.004 -2.75 -0.25 0 0 0.00034743 1 0.071734 -0.163729 0.05 10589.5
0 3451 2 phononL 0.00186289 -2.29225 -1.30788 -0.00198092 2668.52 0.00069486 1 0.0669644 -0.187069 0.05 8813.68
0 3471 3 phononTF 0.00273328 -2.75923 -0.0443069 0.0413727 334.273 0.00069486 1 0.0747762 -0.174592 0.05 6894.09
0 3496 2 phononTF 0.000760331 -3.24811 0.0584242 0.049999 664.164 0.00034743 1 0.0317702 -0.162136 0.05 35230.3
0 3508 5 phononTS 0.00219681 -4.44902 -0.435645 0.040619 23515.3 0.00034743 1 -0.092574 -0.211026 0.05 69040.9
0 3511 3 phononL 0.00272293 -2.82061 -1.55504 -0.00779548 4462.61 0.00034743 1 0.042521 -0.273852 0.05 25024.7
0 3520 2 phononL 0.00202263 -4.94077 -0.426361 -0.019284 4029.95 0.00104229 1 -0.0637294 -0.276266 0.05 68154.1
0 3560 2 phononTF 0.00174549 -1.86116 -0.889411 0.00341584 927.054 0.00034743 1 -0.0674482 -0.144572 0.05 53758.9
0 3573 2 phononTF 0.00236448 -2.7516 -0.40924 -0.0014308 246.655 0.00104229 1 0.0497378 -0.243668 0.05 6673.55
0 3573 4 phononTS 0.00058512 0.0497378 -0.243668 0.049999 6673.55 0.00034743 1 -0.0712292 -0.121947 0.05 6769.4
0 3591 3 phononTS 0.00163545 -2.8794 -0.242876 -0.0062455 34.6488 0.00034743 1 0.104228 -0.213599 0.05 3658.97
0 3591 4 phononL 0.000394414 0.104228 -0.213599 0.049999 3658.97 0.00034743 1 -0.0675013 -0.130872 0.05 3761.66
0 3636 1 phononTF 0.004 -2.75 -0.25 0 0 0.00104229 1 0.066099 -0.137966 0.05 9148.07
0 3641 1 phononTF 0.004 -2.75 -0.25 0 0 0.00069486 1 0.0462968 -0.303259 0.05 8185.67
0 3641 3 phononTF 0.00281117 0.0462968 -0.303259 0.049999 8185.67 0.00034743 1 0.111204 -0.243378 0.05 8296.06
0 3641 15 phononTF 0.00225529 0.111204 -0.243378 0.049999 8296.06 0.00034743 1 -0.0857868 -0.16484 0.05 12442.9
0 3641 19 phononTF 0.000702272 -0.0857868 -0.16484 0.049999 12442.9 0.00034743 1 -0.0840665 -0.140888 0.05 12513.3
0 3697 4 phononTF 0.00122414 -1.39665 -0.218703 -0.00498131 4758.63 0.00034743 1 0.0612062 -0.144892 0.05 10100.9
0 3718 4 phononTS 0.000881412 -1.52489 -1.55326 -0.007693 7165.59 0.00034743 1 -0.0328793 -0.201241 0.05 213451
0 3718 8 phononTF 0.0004075 -0.0328793 -0.201241 0.049999 213451 0.00034743 1 0.0845512 -0.16039 0.05 213525
0 3720 4 phononTF 0.000917284 -2.97878 0.0157922 0.049999 678.977 0.00034743 1 0.0757764 -0.284731 0.05 3463.46
0 3732 3 phononTF 0.001708 -1.91376 -0.596437 -0.0413074 1041.36 0.00034743 1 0.0864201 -0.275188 0.05 3824.27
0 3765 2 phononTF 0.00273953 -3.18032 -0.799908 0.0408624 3534.87 0.00034743 1 -0.0797744 -0.133912 0.05 16759
0 3774 4 phononTF 0.0012861 -0.544775 -0.0674665 -0.014867 11090.8 0.00069486 1 -0.0231253 -0.244088 0.05 13208.2
0 3790 3 phononTS 0.00165061 -2.40063 -0.215178 -0.00717991 975.822 0.00034743 1 -0.0997773 -0.225336 0.05 86527.4
0 3791 2 phononTS 0.00120581 -2.94138 0.0123992 0.020723 92.369 0.00034743 1 -0.0770858 -0.200402 0.05 190502
0 3795 4 phononTS 0.00129133 -2.17405 -0.672286 -0.0456471 19573.8 0.00069486 1 -0.0681434 -0.20226 0.05 47252.4
0 3816 2 phononL 0.00161048 -2.52334 -1.52773 0.049671 8579.5 0.00034743 1 0.0703599 -0.213766 0.05 68632.7
0 3816 5 phononTF 0.000467534 0.0703599 -0.213766 0.049999 68632.7 0.00034743 1 0.0318618 -0.0992386 0.05 68706.5
0 3846 3 phononTS 0.000899722 -2.88119 0.0160813 0.049999 1021.6 0.00034743 1 -0.0344465 -0.151532 0.05 18996.1
0 3854 2 phononTF 0.000802422 -2.98678 0.0539127 0.049998 2575.16 0.00069486 1 -0.0887352 -0.160646 0.05 9168.98
0 3872 3 phononTS 0.00250506 -3.04097 -1.41106 0.00747713 3712.41 0.00069486 1 -0.0339927 -0.132491 0.05 25614.5
0 3872 4 phononTF 0.00116906 -0.0339927 -0.132491 0.049998 25614.5 0.00069486 1 0.0636046 -0.225025 0.05 25697.6
0 3887 3 phononTS 0.00209737 -4.22961 1.53767 0.0350686 4115.9 0.00034743 1 -0.0246791 -0.271569 0.05 9132.76
0 3894 2 phononTS 0.000701849 -2.95988 0.0107738 0.049999 801.491 0.00034743 1 -0.0643243 -0.292262 0.05 5013.22
0 3934 2 phononTF 0.000749692 -2.67554 -0.00298476 0.049999 653.839 0.00034743 1 -0.0166274 -0.236766 0.05 114991
0 3969 3 phononTF 0.000853012 -2.70818 0.00135662 0.049999 373.11 0.00034743 1 -0.0843508 -0.231499 0.05 129935
0 4001 2 phononTS 0.00139288 -3.31043 -1.09279 0.0485195 3437.9 0.00034743 1 -0.102433 -0.150074 0.05 45820.4
0 4001 5 phononTS 0.000487425 -0.102433 -0.150074 0.049999 45820.4 0.00034743 1 -0.104931 -0.164801 0.05 45877.5
0 4013 4 phononTF 0.000645919 -2.82187 0.0598635 0.049999 335.538 0.00034743 1 0.102683 -0.194095 0.05 21098.7
0 4042 3 phononTS 0.00261865 -2.43229 -1.41413 0.00861675 3928.12 0.00034743 1 0.0786806 -0.252595 0.05 12114.6
0 4052 2 phononTF 0.00204021 -2.77977 -0.380905 -0.0391996 957.02 0.00069486 1 0.0313643 -0.283433 0.05 3368.3
0 4067 5 phononTF 0.000742965 -3.13524 0.0974023 0.049999 504.744 0.00034743 1 -0.0296933 -0.29622 0.05 51964.9
0 4072 2 phononTF 0.00216228 -3.18273 -0.606864 -0.0405474 879.471 0.00069486 1 0.0788469 -0.200927 0.05 9491.07
0 4072 7 phononTS 0.000359586 0.0788469 -0.200927 0.049999 9491.07 0.00034743 1 0.0967126 -0.138382 0.05 9562.31
0 4072 4 phononTF 0.00040098 0.0788469 -0.200927 0.049999 9491.07 0.00034743 1 0.0416255 -0.151028 0.05 9552.53
0 4092 3 phononTS 0.00114895 -3.04366 -0.365774 -0.0393968 1427.67 0.00034743 1 0.0536473 -0.101271 0.05 13901.4
0 4117 2 phononTS 0.00235777 -1.9863 -1.4865 -0.0392835 6933.64 0.00034743 1 0.110213 -0.225877 0.05 41690.8
0 4156 3 phononTS 0.000603379 -2.88952 0.0194549 0.049999 254.466 0.00034743 1 0.0617773 -0.210002 0.05 39438.1
0 4212 3 phononTS 0.000500349 -2.96262 0.0449673 0.049999 802.583 0.00034743 1 -0.0506813 -0.256097 0.05 76900.2
0 4214 1 phononL 0.004 -2.75 -0.25 0 0 0.00034743 1 0.0273939 -0.183092 0.05 7358.13
0 4298 2 phononTF 0.00181007 -2.98094 -0.46481 0.0343126 949.728 0.00034743 1 -0.0205605 -0.243436 0.05 21885.8
0 4298 7 phononTS 0.000964295 -0.0205605 -0.243436 0.049999 21885.8 0.00034743 1 0.0882094 -0.264251 0.05 21967.1
0 4310 2 phononL 0.00204431 -1.70728 -0.989695 -0.0296656 6174.12 0.00069486 1 0.0461321 -0.21911 0.05 19102.7
0 4369 2 phononTF 0.00270369 -2.74094 -0.244579 0.0183664 4.08185 0.00069486 1 0.108107 -0.234971 0.05 42878.9
0 4369 4 phononTS 0.001363 0.108107 -0.234971 0.049999 42878.9 0.00069486 1 -0.0366011 -0.230749 0.05 42974.5
0 4369 17 phononTS 0.000475501 -0.0366011 -0.230749 0.049999 42974.5 0.00034743 1 -0.0856964 -0.176827 0.05 43248.9
0 4394 3 phononTF 0.000538303 -2.54442 0.00395374 0.049999 128.61 0.00034743 1 -0.0305328 -0.223469 0.05 2147.26
0 4412 2 phononL 0.00206783 -1.55086 -0.76357 0.020254 1071.03 0.00034743 1 -0.0316418 -0.294756 0.05 14176.2
0 4460 5 phononTF 0.000976389 -2.55095 -4.4891 0.0138307 20802.3 0.00034743 1 -0.0610003 -0.152458 0.05 34775.5
0 4551 3 phononTS 0.00076281 -2.58081 0.0449083 0.049998 4600.56 0.00034743 1 0.0506976 -0.163404 0.05 7332.55
0 4566 3 phononL 0.00245564 -1.99568 -2.71129 -0.0194827 8181.06 0.00069486 1 0.0228377 -0.181735 0.05 44106.8
0 4626 3 phononL 0.000735159 -2.79778 0.0277615 0.049999 7005.96 0.00034743 1 0.0389319 -0.287451 0.05 38935.7
0 4633 5 phononTS 0.000642193 -2.70449 0.0677741 0.049999 152.425 0.00034743 1 -0.0314974 -0.151597 0.05 7786.58
0 4659 2 phononTF 0.000701344 -2.97005 0.0873089 0.049999 644.318 0.00034743 1 0.0743191 -0.213973 0.05 7784.03
0 4698 3 phononTS 0.00129135 -1.63102 -0.478629 0.0390448 1789.3 0.00034743 1 0.0465682 -0.18023 0.05 23514.4
0 4708 4 phononTS 0.000805013 -3.56019 0.0147329 0.049999 1555.48 0.00034743 1 -0.0607809 -0.224332 0.05 17661.3
0 4712 5 phononTF 0.000856396 2.08903 -4.685 -0.00488015 20422.3 0.00069486 1 0.0324913 -0.115992 0.05 39376.9
0 4721 2 phononTF 0.00244878 -2.82024 -0.453899 -0.0480956 1312.11 0.00104229 1 -0.0555079 -0.178566 0.05 7192.94
0 4726 2 phononTS 0.00165963 -0.470067 -2.7877 -0.0363817 7934.95 0.00069486 1 -0.0319375 -0.252646 0.05 13463.6
0 4740 3 phononTF 0.00153663 -4.81426 -1.10728 0.00415359 8422.7 0.00034743 1 -0.0672391 -0.212682 0.05 58463.9
0 4760 2 phononTF 0.000686349 -3.43946 0.0611336 0.049999 1512.36 0.00034743 1 0.0393914 -0.226568 0.05 22072.7
0 4766 2 phononL 0.00129193 -2.72035 -0.460476 0.0127553 1434.63 0.00034743 1 -0.0149694 -0.167513 0.05 22601.2
0 4767 3 phononTS 0.00171133 -2.46633 0.144306 -0.0431736 466.894 0.00104229 1 -0.0249776 -0.163125 0.05 2543.77
0 4769 2 phononTF 0.000773032 -2.46953 0.0883488 0.049999 193.091 0.00034743 1 -0.11848 -0.17975 0.05 38810.1
0 4830 3 phononTF 0.00120157 -0.501966 -1.02127 -0.0347061 15672 0.00034743 1 0.016775 -0.191373 0.05 19813.9
0 4841 3 phononTS 0.0020468 -4.0008 -1.53677 -0.0132309 2475.6 0.00069486 1 0.0380536 -0.295169 0.05 15004.1
0 4866 2 phononTF 0.00212616 -2.56347 0.00302432 0.0451147 1182.27 0.00034743 1 0.0564309 -0.177795 0.05 17792.7
0 4866 5 phononTS 0.000961391 0.0564309 -0.177795 0.049998 17792.7 0.00034743 1 -0.0390634 -0.135642 0.05 17870.6
0 4929 4 phononTF 0.00122159 -4.17656 2.01372 0.0306739 17655.1 0.00069486 1 -0.0492474 -0.276494 0.05 47294.7
0 4933 3 phononL 0.000437247 -2.80204 -0.00237479 0.049999 1072.26 0.00034743 1 -0.0948085 -0.151426 0.05 2224.17
0 4937 2 phononTS 0.000764639 -3.11644 -0.312635 -0.0309023 3673.3 0.00034743 1 0.0262027 -0.243103 0.05 29647.7
0 4974 5 phononTF 0.000690554 1.63788 -0.822271 -0.0153453 8371.66 0.00034743 1 0.0532001 -0.223615 0.05 17012.4
