Run ID,Event ID,Track ID,Particle Name,Start Energy [eV],Start X [mm],Start Y [mm],Start Z [mm],Start Time [ns],Energy Deposited [eV],Track Weight,End X [mm],End Y [mm],End Z [mm],Final Time [ns],Volume Name
0 51 2 phononTS 0.00131475 3.6802 0.778623 -0.0481691 8773.38 0.00034743 1 -0.0388774 -0.143506 0.05 29140.8
0 77 2 phononTF 0.00213305 1.03583 1.48224 -0.031584 4859.79 0.00034743 1 -0.0739427 -0.24427 0.05 168486
0 77 6 phononTS 0.00126149 -0.0739427 -0.24427 0.049999 168486 0.00034743 1 -0.0366504 -0.202075 0.05 168552
0 77 10 phononTF 0.000352629 -0.0366504 -0.202075 0.049999 168552 0.00034743 1 -0.0949471 -0.200153 0.05 168619
0 82 2 phononTF 0.00238196 2.71147 0.76108 -0.0284746 9.23212 0.00034743 1 0.0696046 -0.165536 0.05 32285.3
0 87 3 phononTS 0.00193491 1.84915 2.51722 0.0269991 7197.45 0.00069486 1 -0.0557947 -0.29155 0.05 19587.3
0 100 4 phononTF 0.00144247 1.07065 -0.0548536 -0.0107354 11694.5 0.00034743 1 -0.0266241 -0.147095 0.05 12747.4
0 118 3 phononL 0.00222846 4.41448 1.99179 0.0144876 8592.5 0.00034743 1 0.0925258 -0.24802 0.05 15142.5
0 118 2 phononTF 0.00177154 4.41448 1.99179 0.0144876 8592.5 0.00069486 1 -0.102553 -0.236618 0.05 59552.5
0 171 3 phononTF 0.00239515 2.41355 -1.44876 0.0176282 13066.6 0.00034743 1 0.0522701 -0.239448 0.05 44478.1
0 171 5 phononTF 0.000438258 0.0522701 -0.239448 0.049999 44478.1 0.00034743 1 0.0592563 -0.208843 0.05 44537.3
0 171 4 phononTS 0.000556124 0.0522701 -0.239448 0.049999 44478.1 0.00034743 1 0.0326671 -0.245665 0.05 46796.1
0 172 3 phononTS 0.000507893 1.6452 0.0473426 0.049999 7618.01 0.00034743 1 -0.0455641 -0.0973937 0.05 94919.7
0 213 4 phononL 0.00179925 -0.398168 -4.13409 0.0284151 26647.5 0.00069486 1 0.0459222 -0.295723 0.05 67538.7
0 243 3 phononTF 0.00191857 2.52213 1.19611 -0.0469663 239.016 0.00034743 1 -0.0704262 -0.151281 0.05 9233.73
0 243 4 phononTS 0.000421231 -0.0704262 -0.151281 0.049999 9233.73 0.00034743 1 -0.0253527 -0.22092 0.05 9365.58
0 248 2 phononTF 0.00228545 1.83299 0.896614 -0.016049 9259.41 0.00069486 1 -0.102581 -0.152256 0.05 12357.8
0 281 2 phononTS 0.00215001 2.77547 0.496258 0.0183822 1498.55 0.00069486 1 0.0294654 -0.17456 0.05 37837.3
0 281 9 phononTS 0.000454631 0.0294654 -0.17456 0.049999 37837.3 0.00034743 1 0.018739 -0.16801 0.05 37894.5
0 281 4 phononTS 0.000608411 0.0294654 -0.17456 0.049999 37837.3 0.00034743 1 -0.0540837 -0.261742 0.05 37915.8
0 297 3 phononTS 0.00243156 2.74956 0.747936 0.000799517 0.444053 0.00034743 1 -0.0757405 -0.279432 0.05 7081.69
0 330 3 phononTS 0.00197513 2.81449 0.467751 0.027626 2009.59 0.00034743 1 -0.0657014 -0.263698 0.05 18888.5
0 351 2 phononTS 0.000367658 2.94235 0.0194683 0.049999 1985.11 0.00034743 1 -0.078583 -0.266647 0.05 59266.2
0 401 3 phononTF 0.00258453 2.54537 0.735803 -0.0349071 330.002 0.00034743 1 0.0461445 -0.201066 0.05 19866.7
0 401 4 phononL 0.00178163 0.0461445 -0.201066 0.049999 19866.7 0.00034743 1 -0.0107881 -0.18852 0.05 19933.5
0 434 2 phononTF 0.00191686 2.35109 0.881525 0.0332846 754.298 0.00034743 1 -0.099059 -0.242846 0.05 23099.3
0 462 3 phononL 0.0025221 2.66574 0.808076 -0.0269464 24.3674 0.00173715 1 -0.0986532 -0.135228 0.05 4332.92
0 473 3 phononTS 0.00260865 2.33104 0.723138 -0.000336198 7203.84 0.00069486 1 -0.0738752 -0.146633 0.05 24891.6
0 528 3 phononL 0.00210893 1.93569 -3.13871 0.0493537 29436.6 0.00034743 1 0.062082 -0.268701 0.05 45077
0 536 3 phononTS 0.00183613 2.67641 0.610864 -0.0113056 2999.03 0.00034743 1 0.108233 -0.168588 0.05 14132.9
0 599 4 phononTS 0.00113319 3.68606 -2.36382 -0.000563878 10572.2 0.00034743 1 0.0874018 -0.240409 0.05 85774.8
0 631 2 phononTF 0.00138464 3.99321 2.46511 -0.0366523 19173.5 0.00034743 1 0.0705736 -0.230001 0.05 34798.5
0 660 3 phononTF 0.00329338 1.67589 0.524401 -0.0456846 956.876 0.00069486 1 0.110972 -0.238554 0.05 4240.09
0 682 3 phononTS 0.00257781 1.96012 -0.253659 -0.0446421 2708.29 0.00069486 1 0.0594399 -0.134895 0.05 53704.7
0 682 10 phononTF 0.000775885 0.0594399 -0.134895 0.049999 53704.7 0.00034743 1 -0.0417356 -0.145125 0.05 53864.9
0 690 5 phononTS 0.000796221 2.02645 0.840226 -0.0311326 5082.07 0.00034743 1 0.0981784 -0.170714 0.05 50026.8
0 710 2 phononTF 0.001027 2.78897 0.527637 0.0174113 163.102 0.00069486 1 -0.110513 -0.169957 0.05 2138.73
0 716 3 phononL 0.00133791 0.466072 0.962791 -0.0498798 7892.97 0.00034743 1 -0.0757612 -0.243704 0.05 16352.6
0 728 4 phononTS 0.000620383 3.99253 0.0114972 0.049999 8826.24 0.00034743 1 -0.0615221 -0.107514 0.05 25506.9
0 746 2 phononTS 0.00178709 3.3239 -0.0568921 -0.0443497 4182.26 0.00034743 1 0.0237796 -0.232849 0.05 65789.1
0 746 6 phononTF 0.00110694 0.0237796 -0.232849 0.049999 65789.1 0.00069486 1 0.110212 -0.212652 0.05 65875.8
0 750 2 phononTF 0.00183941 2.57754 0.88522 -0.00497236 53.3928 0.00034743 1 -0.0613567 -0.278816 0.05 3223.51
0 779 6 phononTS 0.000753218 2.7358 -1.69211 -0.0166298 12861.3 0.00034743 1 0.0928251 -0.196234 0.05 26359.9
0 822 5 phononTF 0.000772859 -0.90263 -0.895024 0.0179873 32370.5 0.00069486 1 -0.0931371 -0.181709 0.05 42057.7
0 823 3 phononTS 0.00208481 2.50382 1.68613 -0.0229384 3444.06 0.00069486 1 0.0498948 -0.204495 0.05 17890.7
0 830 5 phononTF 0.00119518 3.35115 3.03755 -0.0394433 71690.1 0.00034743 1 -0.0698756 -0.146512 0.05 112225
0 846 3 phononTS 0.00218873 1.50097 1.22328 -0.0218071 5818.52 0.00069486 1 0.0300407 -0.286702 0.05 9460.03
0 846 9 phononTS 0.000773275 0.0300407 -0.286702 0.049999 9460.03 0.00034743 1 -0.0919474 -0.244454 0.05 19431.8
0 856 3 phononTF 0.00177442 2.92905 0.894696 -0.00169585 767.814 0.00104229 1 -0.0403706 -0.27181 0.05 29922
0 946 4 phononTS 0.000521901 2.28038 0.0176424 0.049999 4302.37 0.00034743 1 -0.094584 -0.268709 0.05 8076.13
0 949 4 phononTF 0.000413533 3.16587 0.687215 0.00740807 7908.99 0.00034743 1 -0.0273293 -0.193468 0.05 50586.1
0 966 2 phononTF 0.00261866 3.20171 0.45832 0.0408596 697.565 0.00034743 1 0.0575084 -0.193243 0.05 10930.1
0 971 3 phononTF 0.00160353 3.22447 0.842195 0.0109124 4678.57 0.00069486 1 -0.0120931 -0.197072 0.05 63780.3
0 1014 4 phononTF 0.000759895 -1.93538 -3.93615 -0.0418454 10223.2 0.00034743 1 0.0542132 -0.159015 0.05 78211.5
0 1021 4 phononTS 0.00108818 -1.88161 4.70789 0.00836741 57757.5 0.00034743 1 0.0430991 -0.148819 0.05 87228.3
0 1030 2 phononTF 0.00176198 2.24967 0.709218 0.0324292 7249.51 0.00034743 1 0.0893791 -0.223146 0.05 12634.7
0 1030 4 phononTS 0.00102411 0.0893791 -0.223146 0.049999 12634.7 0.00034743 1 -0.0217583 -0.243565 0.05 12727.9
0 1067 3 phononTS 0.00217167 2.84963 0.762458 -0.0127153 320.335 0.00034743 1 -0.0447765 -0.181719 0.05 42150.3
0 1068 3 phononL 0.00179891 1.57202 0.169461 -0.0331207 2515.91 0.00069486 1 0.0955844 -0.148629 0.05 4598.27
0 1186 2 phononTS 0.00114886 4.09032 1.03974 -0.00204944 4016.49 0.00034743 1 -0.047529 -0.252746 0.05 21064.7
0 1266 2 phononTF 0.00211299 3.37624 2.79329 -0.04695 5913.49 0.00034743 1 0.0338001 -0.285975 0.05 42095.8
0 1285 2 phononL 0.00148287 2.74144 2.43925 0.0130877 16399.2 0.00069486 1 0.0199379 -0.249308 0.05 121118
0 1293 3 phononTF 0.00259094 1.76306 0.803097 -0.00424348 4670.8 0.00104229 1 0.0317474 -0.147903 0.05 7429.52
0 1293 4 phononL 0.000625126 0.0317474 -0.147903 0.049998 7429.52 0.00034743 1 -0.0735622 -0.278138 0.05 8578.98
0 1313 3 phononTF 0.000855345 3.96362 1.72402 -0.00793247 2216.23 0.00069486 1 -0.0291671 -0.185882 0.05 25322.9
0 1330 2 phononL 0.00198918 2.63885 0.660417 0.0132964 53.5884 0.00034743 1 0.0633147 -0.194268 0.05 13652.3
0 1362 3 phononTF 0.00206405 2.37226 1.22898 -0.00766181 1921.13 0.00034743 1 0.0911727 -0.151771 0.05 24290.3
0 1362 5 phononTS 0.000904669 0.0911727 -0.151771 0.049999 24290.3 0.00034743 1 0.0460831 -0.233938 0.05 68802.2
0 1362 2 phononTS 0.00193595 2.37226 1.22898 -0.00766181 1921.13 0.00034743 1 -0.0486786 -0.150911 0.05 10380.8
0 1370 2 phononTS 0.00155745 2.8288 0.790903 -0.0392394 21.011 0.00069486 1 -0.0547301 -0.160641 0.05 11820.3
0 1408 3 phononTS 0.00240886 2.56564 1.21845 0.00358051 906.642 0.00069486 1 0.0851325 -0.210618 0.05 9679.52
0 1427 2 phononL 0.00206642 2.77064 1.40742 0.0479066 333.113 0.00034743 1 -0.0445886 -0.300083 0.05 3104.02
0 1428 3 phononTF 0.00192272 2.18986 1.46265 0.00804105 1154.52 0.00034743 1 0.0737437 -0.282022 0.05 4551.85
0 1428 5 phononTF 0.00117235 0.0737437 -0.282022 0.049999 4551.85 0.00034743 1 0.0747385 -0.182086 0.05 4614.93
0 1428 2 phononTF 0.00207728 2.18986 1.46265 0.00804105 1154.52 0.00034743 1 0.0180969 -0.18047 0.05 26160
0 1428 17 phononTS 0.00145498 0.0180969 -0.18047 0.049999 26160 0.00034743 1 0.0181444 -0.179178 0.05 26216.1
0 1428 23 phononTF 0.000914033 0.0181444 -0.179178 0.049999 26216.1 0.00034743 1 0.027737 -0.146937 0.05 26286.5
0 1431 3 phononTS 0.00300934 1.49008 0.725923 0.012818 2723.46 0.00069486 1 0.0859346 -0.179226 0.05 13586.1
0 1505 4 phononTF 0.00101781 1.36969 -3.74202 -0.00849631 87149.4 0.00034743 1 -0.0328094 -0.254885 0.05 130632
0 1514 3 phononTS 0.0029536 0.408906 0.952891 0.0467499 6908.98 0.00138972 1 -0.0621765 -0.12568 0.05 16287.8
0 1524 5 phononTF 0.000697801 -4.96021 3.20029 -0.0398385 10329.2 0.00034743 1 0.0713301 -0.141667 0.05 54677.8
0 1528 2 phononTS 0.0011944 2.72942 0.718283 -0.00913811 7.36191 0.00034743 1 0.119037 -0.195893 0.05 29590.9
0 1575 4 phononTS 0.00070107 3.28522 -0.0104414 0.049999 2161.24 0.00034743 1 0.0249776 -0.243999 0.05 21181.3
0 1588 3 phononTS 0.00270514 3.30174 0.906758 -0.0457412 2909.94 0.00104229 1 -0.0368169 -0.230236 0.05 12450.8
0 1593 3 phononL 0.00252713 2.79709 0.784286 0.0320938 12.2227 0.00069486 1 0.0800063 -0.198249 0.05 22178.6
0 1605 3 phononTF 0.00102764 2.19853 1.3779 0.0174015 2265.46 0.00034743 1 0.042728 -0.271299 0.05 7414.64
0 1613 3 phononTS 0.00130149 3.24559 1.38215 0.0372943 6250.06 0.00034743 1 0.0672663 -0.220696 0.05 20247.8
0 1627 3 phononL 0.00294243 2.77558 2.68909 0.046793 7993.44 0.00034743 1 0.02153 -0.239909 0.05 24168.7
0 1627 8 phononTS 0.000475081 0.02153 -0.239909 0.049999 24168.7 0.00034743 1 0.0473805 -0.1195 0.05 24501
0 1627 7 phononTS 0.000738516 0.02153 -0.239909 0.049999 24168.7 0.00034743 1 -0.0488631 -0.278605 0.05 51338.8
0 1634 2 phononTS 0.00257285 2.75741 0.760945 0.0118099 3.25191 0.00034743 1 0.0166045 -0.195919 0.05 4718.95
0 1634 4 phononL 0.000790019 0.0166045 -0.195919 0.049999 4718.95 0.00034743 1 0.0619562 -0.199758 0.05 50239.9
0 1646 4 phononTS 0.00104043 3.86454 -0.175029 0.0343442 3235.59 0.00034743 1 0.0782778 -0.181554 0.05 11714.4
0 1684 2 phononTS 0.00119262 3.21329 1.28553 -0.000533748 1210.21 0.00034743 1 -0.0359658 -0.145843 0.05 175803
0 1708 2 phononTF 0.00262732 2.16409 -1.8076 0.0383668 8022.97 0.00034743 1 0.0534198 -0.156993 0.05 10779.6
0 1716 4 phononTS 0.000520812 3.33898 0.0680199 0.049999 1509.57 0.00034743 1 -0.0502806 -0.254851 0.05 5282.08
0 1795 3 phononL 0.0023735 2.62857 0.693592 -0.0439137 39.7284 0.00034743 1 -0.0722772 -0.109836 0.05 26110.6
0 1795 8 phononTF 0.000610576 -0.0722772 -0.109836 0.049999 26110.6 0.00034743 1 -0.0732007 -0.261997 0.05 26744.6
0 1805 3 phononTS 0.00227217 2.97312 1.0528 -0.00729992 901.555 0.00069486 1 0.0884005 -0.147812 0.05 15133.8
0 1831 3 phononTF 0.00187715 3.42907 1.18822 0.0119263 977.372 0.00034743 1 0.0717777 -0.202035 0.05 106394
0 1832 5 phononTF 0.00109227 1.73284 0.810953 -0.0362841 6556.91 0.00069486 1 -0.0987326 -0.238477 0.05 12266.4
0 1840 2 phononTF 0.00183953 2.38807 -0.849325 -0.00165704 6424.68 0.00034743 1 0.02727 -0.175058 0.05 9908.4
0 1896 2 phononL 0.0016729 3.85867 2.54391 -0.046548 13605.1 0.00034743 1 0.0663947 -0.113863 0.05 43240.8
0 1906 2 phononTF 0.0015318 2.01385 0.340077 -0.0176657 3209.59 0.00034743 1 -0.0301168 -0.271826 0.05 4496.28
0 1908 2 phononL 0.00176101 1.64727 1.07833 -0.0242704 20131.9 0.00069486 1 -0.0976303 -0.169286 0.05 24385.2
0 1908 5 phononTS 0.000765494 -0.0976303 -0.169286 0.049998 24385.2 0.00034743 1 -0.0812463 -0.150972 0.05 24444.8
0 1933 3 phononTS 0.00235008 0.797246 -0.754626 0.0104318 5338.14 0.00034743 1 0.0205403 -0.148338 0.05 6144.75
0 1933 6 phononTF 0.000721463 0.0205403 -0.148338 0.049998 6144.75 0.00034743 1 0.0344406 -0.261343 0.05 6281.75
0 1933 4 phononTS 0.000462762 0.0205403 -0.148338 0.049998 6144.75 0.00034743 1 0.0740853 -0.126107 0.05 6259.96
0 1964 2 phononTF 0.00172005 3.39253 0.801632 -0.0119027 8247.6 0.00034743 1 -0.0784175 -0.136771 0.05 9547.89
0 1969 4 phononTF 0.000562312 2.99758 0.106109 0.049999 654.027 0.00034743 1 0.031473 -0.249755 0.05 8115.13
0 1987 3 phononTS 0.00238789 1.66824 1.11313 -0.0344644 1222.45 0.00069486 1 -0.0674763 -0.219334 0.05 7317.66
0 2026 3 phononTS 0.0016805 3.10942 0.623364 0.0426572 3399.99 0.00069486 1 0.0928982 -0.171758 0.05 73134.7
0 2033 3 phononTS 0.000758655 3.5569 0.000360968 0.049999 3549.91 0.00034743 1 0.0394745 -0.174071 0.05 30345
0 2104 3 phononTS 0.00235871 2.34815 0.422266 -0.0245635 1743.73 0.00069486 1 0.0834529 -0.256312 0.05 4337.06
0 2138 5 phononTF 0.00222687 -0.905646 1.56876 0.025522 21544.5 0.00069486 1 -0.076028 -0.283777 0.05 25022.4
0 2138 2 phononTF 0.00109013 3.08925 0.81638 0.0321742 1483.54 0.00034743 1 0.0434277 -0.0994525 0.05 3826.15
0 2153 4 phononTS 0.000969202 -1.23615 0.52436 -0.0350839 58099.5 0.00034743 1 0.0655661 -0.105537 0.05 61417.7
0 2164 5 phononTS 0.00202722 1.1265 -0.672794 0.0232095 11323.5 0.00034743 1 -0.0403035 -0.171325 0.05 14900.9
0 2196 2 phononTF 0.0022313 2.73258 1.19763 -0.0202386 4228.03 0.00034743 1 -0.102946 -0.214003 0.05 7780.71
0 2200 3 phononTF 0.0023692 2.83447 -1.03528 0.0366803 5894.82 0.00034743 1 0.0540224 -0.135859 0.05 17926.2
0 2234 4 phononTF 0.000712523 1.98351 0.0880397 0.049999 1792.48 0.00034743 1 -0.0257776 -0.286709 0.05 17291.6
0 2243 2 phononTF 0.00111777 1.9235 0.862481 0.0138384 2671.94 0.00034743 1 -0.021929 -0.206307 0.05 4082.59
0 2264 3 phononTF 0.00121542 1.89499 1.94765 0.00125224 2444.14 0.00034743 1 -0.0571376 -0.285548 0.05 28314.1
0 2271 3 phononL 0.00305179 2.59811 0.681268 -0.0243539 791.989 0.00034743 1 0.108434 -0.162342 0.05 15641
0 2271 2 phononTF 0.000948206 2.59811 0.681268 -0.0243539 791.989 0.00034743 1 -0.043226 -0.197537 0.05 36770.8
0 2336 3 phononTS 0.00174584 2.64766 0.67396 -0.00562047 24.1388 0.00034743 1 -0.0642277 -0.175124 0.05 2940.5
0 2357 1 phononTF 0.004 2.75 0.75 0 0 0.00069486 1 0.0468176 -0.158468 0.05 9553.1
0 2358 2 phononTF 0.00122829 2.56938 0.319419 0.0314807 1536.58 0.00034743 1 -0.0602113 -0.231396 0.05 13397.8
0 2395 3 phononL 0.00207685 2.86052 0.715671 -0.0423758 70.8038 0.00034743 1 0.0314703 -0.28716 0.05 11783.3
0 2400 4 phononTF 0.000424585 2.82098 0.0413051 0.049999 1163.09 0.00034743 1 0.0462462 -0.185875 0.05 7411.39
0 2428 3 phononL 0.00227533 1.54519 0.628032 0.0230104 4686.14 0.00034743 1 -0.0700526 -0.250019 0.05 31642.1
0 2428 5 phononTS 0.000528288 -0.0700526 -0.250019 0.049999 31642.1 0.00034743 1 -0.0959383 -0.180825 0.05 31717.3
0 2463 2 phononTS 0.000608891 3.28275 0.0383292 0.049999 9166.19 0.00034743 1 0.0762467 -0.2628 0.05 23433.2
0 2495 2 phononTS 0.00194499 1.82227 2.26578 -0.049611 7889.56 0.00069486 1 0.112662 -0.219506 0.05 21200.2
0 2506 5 phononTS 0.00122813 1.10528 0.879612 -0.0119243 3647.17 0.00034743 1 0.102295 -0.210654 0.05 28764.8
0 2515 2 phononTF 0.00122996 1.92738 1.10907 -0.0230706 15548.8 0.00034743 1 0.0229541 -0.2701 0.05 51526.3
0 2603 3 phononTS 0.00143381 2.41913 0.486081 0.0412584 1796.16 0.00034743 1 -0.0746612 -0.270599 0.05 8649.47
0 2630 2 phononTF 0.00213519 2.74432 0.755085 -0.00678707 1.86565 0.00104229 1 0.111991 -0.201814 0.05 2144.43
0 2631 2 phononTF 0.00144321 1.0557 1.2876 -0.00213567 4329.17 0.00034743 1 -0.0680082 -0.280219 0.05 14316.9
0 2638 2 phononL 0.00183474 3.55541 2.27295 0.00107122 5036.06 0.00034743 1 0.0680907 -0.290174 0.05 63983.4
0 2639 2 phononTF 0.00217654 2.82826 2.31877 -0.0266397 13495.8 0.00034743 1 0.0781894 -0.16807 0.05 17268.5
0 2642 4 phononTS 0.000919007 -3.84134 0.875686 0.0252686 42655.8 0.00069486 1 0.0295724 -0.208974 0.05 54533.6
0 2674 2 phononTS 0.000375903 2.51761 0.0265631 0.049998 5370.11 0.00034743 1 -0.106248 -0.15935 0.05 21304.3
0 2679 3 phononL 0.00165885 3.79347 -0.115041 0.00491068 16627.3 0.00069486 1 0.0752636 -0.235647 0.05 58695.1
0 2735 2 phononTF 0.00216787 2.53516 1.682 0.0137849 2364.35 0.00034743 1 0.0536907 -0.237828 0.05 9301.09
0 2753 2 phononTF 0.00205731 2.64829 1.30264 -0.0238666 5275.09 0.00034743 1 -0.0593696 -0.226828 0.05 8435.27
0 2758 2 phononTF 0.00289847 2.12738 1.10472 0.00639117 819.306 0.00069486 1 -0.0520329 -0.179632 0.05 10178.6
0 2774 2 phononTF 0.000791934 1.47039 1.00144 0.029514 3190.65 0.00034743 1 -0.0378155 -0.217848 0.05 4115.15
0 2895 3 phononTF 0.00186452 1.36 0.219439 0.0372786 5576.49 0.00034743 1 0.0737296 -0.225092 0.05 10825.9
0 2947 2 phononTF 0.00176495 2.77241 2.18699 0.0349418 4408.94 0.00069486 1 -0.0496007 -0.188025 0.05 32591.7
0 2955 3 phononTS 0.00232394 2.56111 0.122068 -0.016264 1054.48 0.00034743 1 0.0819958 -0.177807 0.05 13942.9
0 2989 2 phononTS 0.001871 2.85913 1.43701 -0.0406804 3644.92 0.00069486 1 0.0881685 -0.247641 0.05 47353.8
0 2989 5 phononL 0.000655912 0.0881685 -0.247641 0.049999 47353.8 0.00034743 1 -0.0529844 -0.270862 0.05 47784.5
0 2992 3 phononL 0.00202393 1.57878 1.31503 0.0268408 4505.19 0.00034743 1 -0.060712 -0.254036 0.05 24179
0 2992 8 phononTS 0.00072461 -0.060712 -0.254036 0.049999 24179 0.00034743 1 0.0846203 -0.233031 0.05 28614.1
0 2992 4 phononTS 0.000755434 -0.060712 -0.254036 0.049999 24179 0.00034743 1 -0.0502689 -0.234418 0.05 24239.2
0 3008 5 phononTF 0.000623872 2.16598 0.10397 0.049999 2371.54 0.00034743 1 0.064865 -0.273806 0.05 57318.9
0 3026 2 phononTS 0.00172975 2.62874 0.710413 -0.00496522 4612.19 0.00069486 1 0.0979991 -0.245264 0.05 53750.7
0 3111 3 phononTS 0.0018216 1.90936 1.73134 -0.022901 1918.31 0.00069486 1 0.103774 -0.214373 0.05 48775
0 3111 2 phononL 0.0021784 1.90936 1.73134 -0.022901 1918.31 0.00034743 1 0.0698695 -0.135256 0.05 15207.4
0 3111 14 phononTF 0.000858656 0.0698695 -0.135256 0.049999 15207.4 0.00034743 1 -0.0537475 -0.171848 0.05 15280.8
0 3148 3 phononTF 0.00160332 3.10145 0.713816 -0.01016 238.459 0.00069486 1 0.0709677 -0.253317 0.05 6598.08
0 3176 4 phononTS 0.000563005 2.64391 0.0585237 0.049999 1449.28 0.00034743 1 0.0478067 -0.290386 0.05 94022.6
0 3211 4 phononTS 0.000470014 2.38067 0.0825453 0.049998 1409.02 0.00034743 1 0.105253 -0.210595 0.05 4650.15
0 3217 2 phononTF 0.000711514 3.25832 0.073667 0.049999 4057.69 0.00034743 1 -0.0608943 -0.161828 0.05 6601.48
0 3219 2 phononTF 0.0022611 1.76665 -0.126157 -0.0426697 3794.63 0.00034743 1 0.0184704 -0.238646 0.05 5377.14
0 3260 2 phononTS 0.00187043 2.51563 0.670847 -0.00823273 234.751 0.00069486 1 -0.0726865 -0.229502 0.05 67968.5
0 3264 3 phononTS 0.00114624 2.77555 0.784572 -0.00456197 48.1549 0.00034743 1 0.0465562 -0.0971363 0.05 5798.31
0 3295 6 phononTS 0.00119366 -4.7299 -3.06366 -0.00289781 55696.2 0.00034743 1 0.0836815 -0.129837 0.05 130976
0 3310 2 phononTF 0.000654168 2.58493 0.0719195 0.049999 8657.28 0.00034743 1 0.0478952 -0.237685 0.05 15151.1
0 3316 3 phononTF 0.00272018 2.73517 0.53298 0.0279731 580.759 0.00034743 1 0.0407545 -0.159583 0.05 9860.78
0 3316 6 phononTS 0.000705279 0.0407545 -0.159583 0.049999 9860.78 0.00034743 1 -0.12037 -0.224375 0.05 10110.9
0 3320 4 phononTS 0.00140377 -0.326108 0.320166 0.0132988 87351.6 0.00034743 1 -0.0917092 -0.222338 0.05 88093.4
0 3321 5 phononTS 0.0016246 2.28218 1.89012 -0.0311442 12541.4 0.00034743 1 -0.0597103 -0.287354 0.05 88507.5
0 3321 6 phononTS 0.000925767 -0.0597103 -0.287354 0.049998 88507.5 0.00034743 1 -0.0799861 -0.250099 0.05 88633.4
0 3322 3 phononTS 0.00188952 3.37627 0.760639 -0.0135325 1450.28 0.00069486 1 0.0456707 -0.275687 0.05 49990.7
0 3357 4 phononTS 0.000820673 4.0607 2.46292 -0.0207662 31020.9 0.00034743 1 0.0709899 -0.146204 0.05 67121.2
0 3366 2 phononL 0.00200186 3.25263 2.58024 0.0333378 3331.16 0.00034743 1 0.0815011 -0.201283 0.05 64427.2
0 3379 2 phononL 0.00221053 3.30402 0.761299 0.0181936 3215.4 0.00034743 1 0.0313109 -0.23608 0.05 9224.35
0 3379 5 phononTS 0.000610101 0.0313109 -0.23608 0.049999 9224.35 0.00034743 1 0.0933345 -0.237268 0.05 9295.61
0 3385 2 phononTF 0.000726322 0.934767 0.0757019 0.049999 4949.99 0.00034743 1 -0.0991388 -0.174993 0.05 12472.2
0 3390 1 phononL 0.004 2.75 0.75 0 0 0.00104229 1 -0.0452298 -0.201698 0.05 14332.6
0 3390 2 phononTS 0.000860176 -0.0452298 -0.201698 0.049999 14332.6 0.00034743 1 -0.0529446 -0.155654 0.05 14399
0 3395 5 phononTF 0.0013881 3.49608 2.24567 -0.015327 15780.3 0.00034743 1 0.0866271 -0.195502 0.05 74308.4
0 3441 2 phononTF 0.00179796 2.30113 0.349926 -0.0334299 625.04 0.00034743 1 -0.0406935 -0.201102 0.05 10130.6
0 3448 3 phononTS 0.00205589 3.3874 0.617922 -0.0370656 1516.94 0.00104229 1 -0.0940551 -0.155582 0.05 5389.03
0 3461 4 phononL 0.0017362 2.26097 -0.752597 -0.0192334 42047.1 0.00034743 1 0.0991716 -0.229233 0.05 48654.7
0 3465 5 phononL 0.0017928 2.85946 -0.744739 -0.0350812 10590.3 0.00069486 1 0.0748817 -0.145119 0.05 41975.8
0 3485 3 phononL 0.00211097 1.68261 1.0726 -0.0373039 3064.18 0.00034743 1 0.032059 -0.213516 0.05 45489.4
0 3487 4 phononL 0.000552294 1.06581 0.0216133 0.049999 7398.07 0.00034743 1 -0.0671483 -0.206558 0.05 27382.6
0 3504 3 phononL 0.00172922 3.17484 1.5302 -0.0128645 9940.54 0.00069486 1 -0.036813 -0.217969 0.05 44809.8
0 3517 3 phononTF 0.00164056 2.80409 3.38574 -0.00900472 6741.63 0.00034743 1 -0.00988832 -0.190546 0.05 75240.7
0 3525 5 phononTS 0.00150266 1.79899 1.32371 -0.00873002 10500.4 0.00034743 1 -0.0897995 -0.150475 0.05 36191.5
0 3533 3 phononTS 0.00260822 2.17632 0.606872 0.00135029 4422.13 0.00104229 1 -0.0660675 -0.257375 0.05 24217.7
0 3563 4 phononTS 0.000614048 2.73697 0.060992 0.049999 8349.93 0.00034743 1 0.0992936 -0.176548 0.05 46357.9
0 3596 5 phononTS 0.00109484 2.71187 4.21664 0.0155361 10377.3 0.00034743 1 -0.0708151 -0.131717 0.05 19136
0 3600 2 phononTS 0.00153326 3.36732 1.60478 0.00773079 5360.84 0.00104229 1 0.10805 -0.233223 0.05 22989.1
0 3621 4 phononL 0.00143347 4.75549 4.11051 0.0266382 9000.19 0.00069486 1 -0.0890233 -0.166304 0.05 61165.2
0 3683 2 phononL 0.00255547 3.20793 0.921734 0.0026656 616.224 0.00034743 1 0.0467962 -0.232949 0.05 7786.6
0 3688 3 phononTS 0.00232611 2.70963 1.54405 -0.01334 4755.48 0.00034743 1 0.0113465 -0.213116 0.05 10626.3
0 3688 6 phononTF 0.000885698 0.0113465 -0.213116 0.049999 10626.3 0.00034743 1 -0.0641266 -0.11692 0.05 10799.6
0 3715 4 phononTS 0.00172769 1.7431 4.80794 0.000324837 7744.14 0.00069486 1 0.0775646 -0.158926 0.05 102012
0 3729 4 phononTS 0.00183948 3.38276 4.49567 -0.0312959 28582.4 0.00034743 1 0.096074 -0.164435 0.05 46284.9
0 3729 6 phononTS 0.000793172 0.096074 -0.164435 0.049999 46284.9 0.00034743 1 0.0477991 -0.192386 0.05 46350
0 3776 2 phononTF 0.000859483 2.45107 0.051864 0.049999 2964.53 0.00034743 1 0.0413675 -0.273766 0.05 20961.4
0 3780 3 phononL 0.00063409 2.43612 0.0920821 0.049999 2302.85 0.00034743 1 0.0204996 -0.214501 0.05 6003.09
0 3795 3 phononTS 0.00236883 1.31659 0.010878 -0.0426784 6439.35 0.00034743 1 -0.0358719 -0.295431 0.05 12175.3
0 3795 5 phononTF 0.00129072 -0.0358719 -0.295431 0.049998 12175.3 0.00034743 1 0.0378558 -0.279696 0.05 13010
0 3795 2 phononTF 0.00163117 1.31659 0.010878 -0.0426784 6439.35 0.00034743 1 -0.0548289 -0.284604 0.05 107171
0 3860 3 phononTS 0.00233202 1.95982 2.06172 -0.0286487 12508.9 0.00034743 1 0.0361528 -0.0993776 0.05 34353.4
0 3860 2 phononTS 0.00166798 1.95982 2.06172 -0.0286487 12508.9 0.00034743 1 -0.118604 -0.189054 0.05 18613.5
0 3905 3 phononTF 0.0011322 2.09374 1.09595 -0.0253294 7253.11 0.00034743 1 0.0370894 -0.154486 0.05 49369.4
0 3911 3 phononTS 0.00264974 3.17128 0.828579 0.00469344 3580.17 0.00034743 1 0.0703545 -0.163368 0.05 43401.5
0 3918 3 phononTF 0.000786018 0.0814119 0.0245693 0.049999 4146.54 0.00034743 1 -0.063743 -0.189497 0.05 4315.76
0 3924 5 phononTF 0.000540517 2.39701 0.00215359 0.049999 690.996 0.00034743 1 0.0787274 -0.272832 0.05 66198.8
0 3933 3 phononTF 0.00133794 3.06435 0.868127 -0.0305708 438.383 0.00034743 1 0.0371152 -0.223858 0.05 24111
0 3950 3 phononTF 0.00219676 0.733521 0.754307 0.022022 9323.78 0.00034743 1 0.0462077 -0.172453 0.05 22771.2
0 3985 2 phononTF 0.000864801 2.88228 0.0619719 0.049999 5951.21 0.00069486 1 -0.0755172 -0.227307 0.05 77285
0 4015 2 phononTS 0.00205936 2.3874 0.329971 -0.0292149 1394.94 0.00034743 1 0.0577173 -0.232543 0.05 42434.5
0 4030 3 phononTS 0.00205718 3.8009 1.18067 -0.0117102 6984.8 0.00034743 1 -0.0405681 -0.113247 0.05 28483.4
0 4105 4 phononTS 0.000795655 2.4135 -1.33422 0.02037 4104.15 0.00034743 1 0.0703501 -0.188003 0.05 31292.2
0 4113 2 phononTS 0.00190931 2.87246 0.512447 0.0299942 63.1116 0.00034743 1 0.0182154 -0.202827 0.05 5832.94
0 4113 5 phononTS 0.000946223 0.0182154 -0.202827 0.049998 5832.94 0.00034743 1 0.0709686 -0.161663 0.05 7844.18
0 4207 5 phononTF 0.00239295 1.36632 0.703033 -0.0106741 1862.55 0.00069486 1 -0.0333039 -0.240602 0.05 8736.71
0 4207 8 phononTS 0.000685949 -0.0333039 -0.240602 0.049999 8736.71 0.00034743 1 -0.0732184 -0.212669 0.05 8799.75
0 4242 3 phononTS 0.000610595 2.38663 -0.00819049 0.049999 2349.43 0.00034743 1 0.0914764 -0.191862 0.05 50087.5
0 4268 2 phononTS 0.00172065 3.47173 1.56428 0.00596456 4326.23 0.00034743 1 -0.0784919 -0.231435 0.05 7672.76
0 4268 5 phononTF 0.001059 -0.0784919 -0.231435 0.049999 7672.76 0.00034743 1 0.0852313 -0.211016 0.05 7816.19
0 4278 5 phononTS 0.0016805 1.78827 0.789315 0.0138885 3932.61 0.00069486 1 -0.0909492 -0.144058 0.05 15255.1
0 4292 2 phononL 0.00224551 2.90731 1.25051 -0.047981 852.428 0.00034743 1 -0.0910945 -0.194313 0.05 4147.39
0 4357 4 phononTS 0.0013497 3.50902 -3.08559 0.0433962 27087.2 0.00034743 1 0.064263 -0.167663 0.05 86507.9
0 4377 7 phononTF 0.00107068 -4.7219 1.54379 0.0142385 35404.5 0.00034743 1 0.0517392 -0.1641 0.05 101292
0 4398 2 phononTS 0.00183287 2.11421 0.701908 0.0289476 6145.42 0.00034743 1 -0.0555077 -0.104266 0.05 10467.8
0 4398 4 phononTF 0.00110066 -0.0555077 -0.104266 0.049999 10467.8 0.00034743 1 -0.0663243 -0.145539 0.05 10528.9
0 4480 2 phononTF 0.00199659 2.87309 0.524757 0.0232126 458.777 0.00034743 1 -0.0604242 -0.238867 0.05 7771.03
0 4496 3 phononTS 0.00203268 2.6765 1.06668 0.038259 363.116 0.00034743 1 0.0826763 -0.278134 0.05 9541.64
0 4526 2 phononTF 0.00203325 2.73382 0.744326 -0.0398098 8.54683 0.00034743 1 -0.0629368 -0.266826 0.05 10915.9
0 4526 4 phononTS 0.000988594 -0.0629368 -0.266826 0.049999 10915.9 0.00069486 1 -0.0588859 -0.265049 0.05 11039.9
0 4559 3 phononTS 0.00158395 4.27902 0.616063 0.0318799 7801.25 0.00034743 1 -0.0310441 -0.150731 0.05 242204
0 4568 4 phononTS 0.000360317 2.23762 0.105714 0.049999 4085.17 0.00034743 1 0.106522 -0.224063 0.05 17255.8
0 4572 2 phononTS 0.00123711 2.61055 0.996851 0.0123667 3070.3 0.00069486 1 0.0328126 -0.274811 0.05 21537.9
0 4577 2 phononL 0.00177657 2.87555 0.82462 -0.0117468 2056.73 0.00069486 1 -0.0897303 -0.257886 0.05 8594.4
0 4578 3 phononTS 0.00182407 0.493661 1.2277 0.044178 14606 0.00034743 1 0.0955462 -0.18753 0.05 16358.3
0 4582 2 phononTF 0.00240422 2.76008 0.729724 0.0183623 5.37943 0.00104229 1 0.0863467 -0.232187 0.05 7338.5
0 4609 3 phononTS 0.00202904 3.25278 1.46094 0.00713644 5278.42 0.00034743 1 0.044772 -0.285508 0.05 22822.4
0 4610 3 phononTS 0.00163929 1.46005 1.24316 -0.0135173 5855.89 0.00034743 1 0.0308984 -0.268593 0.05 31889.6
0 4706 2 phononTS 0.000811314 2.90348 0.79807 0.0428459 40.0312 0.00069486 1 -0.0479651 -0.267484 0.05 36533.4
0 4741 2 phononTF 0.00234505 2.82821 0.739076 -0.0464536 22.3502 0.00034743 1 0.0401963 -0.108663 0.05 11883.2
0 4759 5 phononTS 0.000531114 2.35177 0.0788861 0.049999 1000.73 0.00034743 1 -0.0543084 -0.101517 0.05 4398.54
0 4775 4 phononTF 0.000731023 3.18045 -0.00302238 0.049999 9793.32 0.00034743 1 0.0878401 -0.245828 0.05 30863.3
0 4806 5 phononTS 0.00182855 1.36736 -1.00391 0.0288324 6641.14 0.00034743 1 -0.044969 -0.164089 0.05 50675.6
0 4852 3 phononTS 0.00192142 3.63699 1.4258 0.0461988 3313.95 0.00069486 1 0.0670077 -0.269573 0.05 34706.9
0 4852 5 phononL 0.00110278 0.0670077 -0.269573 0.049999 34706.9 0.00069486 1 -0.0272988 -0.116843 0.05 36217.6
0 4876 2 phononTF 0.00131516 0.827359 0.680971 0.00088168 4327.03 0.00034743 1 0.0171923 -0.204505 0.05 39723.9
0 4895 3 phononL 0.00217842 2.93924 0.495346 0.0292788 1088.21 0.00069486 1 0.0625147 -0.177551 0.05 41551.1
0 4924 2 phononTF 0.00203361 2.67936 1.00024 -0.0358361 3843.57 0.00069486 1 0.0411483 -0.117066 0.05 29365.7
0 4926 3 phononTS 0.00171513 2.21034 1.68018 -0.0469158 1338.96 0.00034743 1 -0.0175319 -0.202541 0.05 6596.9
0 4926 6 phononL 0.000582899 -0.0175319 -0.202541 0.049998 6596.9 0.00034743 1 0.096591 -0.161758 0.05 6647.05
0 4933 2 phononTS 0.00249057 2.7551 0.747563 0.0183576 47.3668 0.00034743 1 0.0426303 -0.147159 0.05 17782.4
0 4969 3 phononTF 0.00151068 1.79412 1.03387 0.0484046 7513.39 0.00034743 1 0.0964202 -0.183764 0.05 11038.7
0 4979 3 phononL 0.00185423 2.65448 1.29802 0.0302208 2546.58 0.00034743 1 -0.0303542 -0.288941 0.05 25799
0 4994 3 phononL 0.00280363 2.60037 0.97986 -0.000259905 81.0174 0.00069486 1 0.0285675 -0.12667 0.05 14870.9
