Run ID,Event ID,Track ID,Particle Name,Start Energy [eV],Start X [mm],Start Y [mm],Start Z [mm],Start Time [ns],Energy Deposited [eV],Track Weight,End X [mm],End Y [mm],End Z [mm],Final Time [ns],Volume Name
0 3 3 phononL 0.00166767 -3.83096 0.531063 -0.0260909 7888.15 0.00034743 1 -0.0680547 -0.118165 0.05 20342.1
0 3 7 phononTF 0.000394678 -0.0680547 -0.118165 0.049999 20342.1 0.00034743 1 -0.0899195 -0.227009 0.05 20411.3
0 5 2 phononTF 0.00127415 -4.30257 1.23607 0.0218972 3785.01 0.00034743 1 0.0475198 -0.278242 0.05 17021.1
0 5 5 phononL 0.00071392 0.0475198 -0.278242 0.049999 17021.1 0.00034743 1 0.0262847 -0.153023 0.05 17216.4
0 16 3 phononL 0.0019765 -4.76107 0.753948 0.00424034 2.42672 0.00069486 1 0.0644078 -0.272297 0.05 16901.7
0 28 4 phononTF 0.00206019 -4.65525 1.05969 -0.0243235 14882.1 0.00069486 1 0.0659674 -0.151792 0.05 39111.7
0 28 10 phononTF 0.000490382 0.0659674 -0.151792 0.049999 39111.7 0.00034743 1 -0.0389197 -0.123504 0.05 39269.5
0 29 2 phononTS 0.00160422 -4.79993 0.99357 0.0102065 3140.1 0.00034743 1 -0.0826724 -0.258876 0.05 10749.5
0 39 5 phononTF 0.000598083 -4.79796 0.0992373 0.049999 2997.51 0.00034743 1 0.0527708 -0.205585 0.05 63387.7
0 62 3 phononTS 0.00316486 -4.42496 0.897937 0.0293073 557.69 0.00173715 1 -0.0763131 -0.15803 0.05 10673.6
0 62 2 phononTS 0.000835137 -4.42496 0.897937 0.0293073 557.69 0.00034743 1 0.104261 -0.212349 0.05 65963.3
0 75 2 phononTS 0.00175794 -3.78006 1.33346 -0.0438711 8536.96 0.00034743 1 -0.114035 -0.207918 0.05 43824.1
0 108 3 phononTF 0.00147697 -3.57031 1.16644 0.00611285 10709.8 0.00069486 1 0.0320918 -0.299596 0.05 25366.9
0 108 9 phononTF 0.00039021 0.0320918 -0.299596 0.049998 25366.9 0.00034743 1 -0.0670079 -0.227698 0.05 26923
0 114 3 phononTF 0.00151052 -4.21933 2.37395 0.0480541 13133.5 0.00034743 1 0.0246263 -0.19038 0.05 49275.7
0 114 4 phononTF 0.000592111 0.0246263 -0.19038 0.049999 49275.7 0.00034743 1 -0.0745378 -0.234845 0.05 50479
0 122 2 phononTF 0.000547131 -4.52412 0.015359 0.049999 621.085 0.00034743 1 0.0504342 -0.107927 0.05 12667.5
0 139 4 phononL 0.00183649 -2.52936 1.45723 0.0247624 9972.41 0.00034743 1 -0.0349567 -0.134789 0.05 23182.6
0 157 2 phononTF 0.00153487 -3.50816 2.2087 -0.0467623 6869.24 0.00034743 1 0.0449266 -0.158591 0.05 57722.6
0 189 3 phononTF 0.00146296 -4.87373 1.07265 0.0423833 5545.69 0.00034743 1 -0.0999921 -0.252199 0.05 19663.6
0 243 2 phononTF 0.00124286 -4.69921 1.21334 0.031406 1016.76 0.00069486 1 0.0517624 -0.210342 0.05 26149.5
0 247 2 phononTF 0.00147287 -4.48044 1.75485 0.0499885 15180.5 0.00069486 1 0.0976806 -0.21181 0.05 40109.6
0 268 4 phononL 0.00101396 -4.42222 0.689615 -0.0397955 6989.87 0.00069486 1 -0.0197598 -0.182585 0.05 22549.3
0 308 4 phononTS 0.000735391 -4.29374 0.0790548 0.049999 3375.51 0.00034743 1 -0.0927812 -0.154658 0.05 80141.6
0 335 3 phononTS 0.000462296 -4.22256 0.070629 0.049999 4160.86 0.00034743 1 0.0341837 -0.286296 0.05 34993.4
0 383 2 phononTF 0.00164827 -4.90699 1.93336 -0.0194028 13482.5 0.00069486 1 -0.0525565 -0.291726 0.05 20218.8
0 433 2 phononTF 0.00133342 -4.72477 0.976568 0.0187911 1306.69 0.00034743 1 -0.107652 -0.160516 0.05 5586.26
0 446 2 phononTS 0.000357192 -3.86663 1.13915 -0.0317968 6280.41 0.00034743 1 0.0542527 -0.252984 0.05 12612.1
0 582 2 phononTF 0.00120735 -4.95629 1.58875 0.000314525 2145.54 0.00034743 1 0.0483491 -0.189826 0.05 32875.8
0 582 4 phononTS 0.000650659 0.0483491 -0.189826 0.049999 32875.8 0.00034743 1 0.0222582 -0.136933 0.05 51249.4
0 618 2 phononTS 0.000757823 -4.51934 0.0904356 0.049999 5137.75 0.00034743 1 0.0432215 -0.132015 0.05 19536.9
0 635 3 phononTF 0.00299063 -4.51191 -0.148538 -0.0093468 7246.81 0.00069486 1 -0.098336 -0.227696 0.05 32567.9
0 643 2 phononTF 0.00225737 -3.87286 1.6912 0.0242355 964.711 0.00104229 1 -0.107496 -0.178323 0.05 6994.27
0 643 7 phononTF 0.000551633 -0.107496 -0.178323 0.049999 6994.27 0.00034743 1 -0.0743051 -0.22384 0.05 7054.75
0 677 2 phononTS 0.00268508 -4.83191 -0.0934585 -0.0335965 4750.77 0.00069486 1 0.106399 -0.24304 0.05 29229.4
0 679 2 phononTS 0.00254143 -3.4621 1.49624 0.0102007 2641.47 0.00069486 1 0.0636438 -0.248404 0.05 8410.24
0 702 5 phononTS 0.000765697 -3.44006 -4.93607 0.0343819 21102.4 0.00034743 1 0.0718196 -0.113241 0.05 60248
0 713 4 phononTF 0.00129017 -4.38142 0.287475 0.030581 3052.43 0.00069486 1 -0.104178 -0.251266 0.05 33724.2
0 719 3 phononTF 0.002126 -3.00131 1.58537 0.00598413 5839.33 0.00104229 1 -0.0250743 -0.267023 0.05 9287.97
0 723 3 phononTS 0.00289204 -4.9167 1.94999 0.00884289 2531.55 0.00069486 1 0.0477618 -0.200084 0.05 25251.9
0 732 2 phononTS 0.00243337 -3.95623 0.711376 0.0347734 10437.4 0.00034743 1 -0.0657263 -0.248423 0.05 56340.6
0 743 2 phononTS 0.00154267 -4.73588 1.42149 -0.0176882 5421.45 0.00034743 1 -0.0943687 -0.212804 0.05 13826.6
0 752 3 phononTS 0.00181753 -4.65009 2.30709 -0.0239146 6385.62 0.00034743 1 0.10832 -0.151426 0.05 14087.4
0 792 3 phononTF 0.00183084 -4.34906 2.36967 0.0467421 9635.3 0.00034743 1 0.0552503 -0.161206 0.05 13848.2
0 792 5 phononTS 0.000812034 0.0552503 -0.161206 0.049999 13848.2 0.00034743 1 0.0490979 -0.140825 0.05 13907.2
0 808 4 phononTS 0.000589048 -4.5044 4.8466 -0.00683077 69639.1 0.00034743 1 0.0380196 -0.105685 0.05 159479
0 828 5 phononTF 0.000446545 -1.12036 1.1853 -0.0208788 32895.5 0.00034743 1 -0.0903225 -0.235498 0.05 64195.1
0 923 3 phononTS 0.00123625 -4.94309 -2.31455 -0.00446775 8152 0.00034743 1 -0.0755103 -0.286517 0.05 38646.3
0 940 4 phononTF 0.000536668 -4.42133 0.0229419 0.049999 3154.43 0.00034743 1 0.0989665 -0.171367 0.05 89811.7
0 958 3 phononTS 0.00210011 -4.3438 1.63206 -0.0486844 4122.08 0.00069486 1 0.0389468 -0.183953 0.05 21054.9
0 958 4 phononTS 0.000450178 0.0389468 -0.183953 0.049999 21054.9 0.00034743 1 -0.0245375 -0.123881 0.05 28615.3
0 977 5 phononTS 0.000486563 -4.32847 0.0231298 0.049999 5033.4 0.00034743 1 -0.0356565 -0.240406 0.05 12636.4
0 1014 2 phononTS 0.00256467 -4.81006 1.09884 -0.00623883 1597.58 0.00069486 1 0.0978983 -0.17135 0.05 18498.5
0 1042 2 phononTS 0.00240959 -3.89185 1.2822 -0.0291631 3570.11 0.00069486 1 -0.0553401 -0.287654 0.05 23572.1
0 1042 5 phononTS 0.000561989 -0.0553401 -0.287654 0.049999 23572.1 0.00034743 1 -0.0668228 -0.146451 0.05 29185.4
0 1072 2 phononTF 0.000711718 -4.52334 0.10619 0.049999 2698.99 0.00034743 1 -0.059368 -0.286047 0.05 39689
0 1073 2 phononTS 0.000794398 -4.69488 0.622895 -0.0478713 64.5881 0.00034743 1 -0.0456843 -0.112195 0.05 62675.3
0 1082 4 phononTS 0.00160177 -3.14247 0.508376 -0.040366 13680.1 0.00034743 1 -0.0532034 -0.199964 0.05 21303.4
0 1100 7 phononL 0.00104075 -4.60245 -3.09935 0.0216063 13200.3 0.00034743 1 0.106448 -0.225159 0.05 102093
0 1100 9 phononTS 0.000666408 0.106448 -0.225159 0.049999 102093 0.00034743 1 0.0567933 -0.136992 0.05 102233
0 1101 2 phononTS 0.00255174 -4.75575 1.11085 0.00413309 7480.89 0.00034743 1 0.0275862 -0.260707 0.05 49634.3
0 1238 2 phononTF 0.00149399 -4.70684 0.877187 -0.0432987 2787.87 0.00034743 1 0.0598602 -0.121093 0.05 55693.5
0 1238 5 phononTS 0.000980636 0.0598602 -0.121093 0.049999 55693.5 0.00034743 1 0.094021 -0.177212 0.05 55763
0 1327 3 phononTS 0.00150066 -4.89665 0.409436 -0.0417733 1051.16 0.00034743 1 -0.0960771 -0.252434 0.05 11539.9
0 1368 3 phononTS 0.00274068 -4.15383 0.868224 0.0111789 11072.5 0.00069486 1 -0.0150982 -0.217528 0.05 25841.6
0 1368 8 phononTS 0.000628566 -0.0150982 -0.217528 0.049999 25841.6 0.00034743 1 -0.050317 -0.173316 0.05 25910.7
0 1369 2 phononTF 0.00201021 -4.17794 -0.299981 -0.0362648 4210.3 0.00034743 1 0.0542992 -0.109483 0.05 19441.4
0 1375 3 phononTF 0.000811624 -4.00233 0.0600757 0.049999 9264 0.00034743 1 -0.0386288 -0.285519 0.05 128106
0 1398 3 phononTS 0.00272215 -4.36875 0.79318 0.0321878 426.086 0.00069486 1 0.0377046 -0.12712 0.05 8375.54
0 1408 3 phononTS 0.00214149 -4.98039 0.768446 0.0473474 1691.9 0.00069486 1 -0.0753337 -0.237613 0.05 46982.3
0 1408 8 phononTS 0.000446591 -0.0753337 -0.237613 0.049999 46982.3 0.00034743 1 0.0236626 -0.145731 0.05 59782.1
0 1508 2 phononL 0.00173782 -2.13586 2.10331 0.0158252 12050.7 0.00069486 1 -0.0663222 -0.277596 0.05 27478.8
0 1508 6 phononTS 0.000479988 -0.0663222 -0.277596 0.049999 27478.8 0.00034743 1 0.0360875 -0.116654 0.05 29824.1
0 1510 2 phononTF 0.00124461 -4.50072 0.697836 0.00407374 2020.58 0.00069486 1 0.0434403 -0.110953 0.05 14773.5
0 1511 3 phononTS 0.0016726 -4.74623 3.89137 -0.0164506 18744.7 0.00034743 1 -0.0387321 -0.120399 0.05 36640.6
0 1531 3 phononTF 0.00125222 -4.53463 0.73586 0.0194976 399.572 0.00069486 1 -0.0367616 -0.287056 0.05 67138.1
0 1548 4 phononL 0.00156014 -2.7743 -0.218024 -0.0415759 6039.56 0.00034743 1 0.0435937 -0.231831 0.05 67313.5
0 1548 7 phononTF 0.000433762 0.0435937 -0.231831 0.049999 67313.5 0.00034743 1 -0.023923 -0.142382 0.05 67546.4
0 1559 2 phononTS 0.00274087 -4.12738 1.45368 -0.00973773 895.007 0.00104229 1 -0.035266 -0.10196 0.05 36602
0 1600 5 phononTF 0.00135885 -4.17232 3.39701 0.013543 8837.24 0.00069486 1 0.0424721 -0.101731 0.05 18739
0 1614 5 phononTS 0.00049092 -4.25533 0.0773861 0.049999 5145.49 0.00034743 1 -0.0773404 -0.257129 0.05 66591.2
0 1622 4 phononTF 0.000588485 -4.30877 0.0596007 0.049999 1251.49 0.00034743 1 0.0987761 -0.26446 0.05 31168.5
0 1640 2 phononTS 0.0020689 -4.28522 -0.132077 -0.0483617 4910.34 0.00034743 1 -0.0977819 -0.239657 0.05 20056.9
0 1640 4 phononTF 0.000848348 -0.0977819 -0.239657 0.049999 20056.9 0.00034743 1 -0.0436143 -0.261828 0.05 67764.3
0 1654 5 phononL 0.00107925 -3.72872 -3.85007 -0.0215674 10305.8 0.00034743 1 0.038414 -0.184713 0.05 110579
0 1686 4 phononTS 0.00150179 -4.12297 1.60914 -0.041286 14859.9 0.00034743 1 0.0898638 -0.132362 0.05 74182.8
0 1709 2 phononTF 0.000867108 -3.77459 0.0195596 0.049999 7918.63 0.00034743 1 0.0541282 -0.185095 0.05 33246.3
0 1712 2 phononTF 0.00133303 -4.87381 0.743991 -0.0111761 1265.16 0.00034743 1 -0.0449248 -0.255223 0.05 33812.7
0 1740 2 phononTF 0.00177632 -4.51424 0.972163 0.00711983 10307.3 0.00034743 1 -0.0442087 -0.237629 0.05 47812.7
0 1740 6 phononTF 0.00111954 -0.0442087 -0.237629 0.049999 47812.7 0.00034743 1 0.0716211 -0.281044 0.05 47887
0 1749 2 phononL 0.0024958 -4.32546 -0.48279 -0.0022769 8159.06 0.00104229 1 0.0578999 -0.21223 0.05 45754
0 1759 3 phononTS 0.00115799 -3.34557 1.81458 -0.0170122 9411.92 0.00034743 1 0.0332233 -0.159505 0.05 55880.4
0 1759 4 phononTS 0.000620531 0.0332233 -0.159505 0.049999 55880.4 0.00034743 1 0.062497 -0.2315 0.05 56090.9
0 1787 4 phononTF 0.00147031 0.236347 -0.0256996 -0.015144 14851.2 0.00034743 1 0.067488 -0.120563 0.05 15541.7
0 1793 4 phononTF 0.00164899 1.19413 -0.623215 0.0312861 17252.2 0.00034743 1 0.0722085 -0.279055 0.05 20355.1
0 1810 2 phononTS 0.00189958 -4.1828 0.987121 -0.0187323 807.598 0.00034743 1 -0.0423211 -0.252635 0.05 4142.14
0 1864 2 phononL 0.00239281 -4.64956 2.96028 0.015888 16399.4 0.00034743 1 -0.0832711 -0.21943 0.05 59972.6
0 1868 4 phononTF 0.000832322 -4.36759 2.13732 -0.0488898 9791.4 0.00034743 1 0.0534135 -0.102588 0.05 75357.8
0 1911 2 phononTS 0.00134115 -4.05911 0.267315 0.00620801 2500.46 0.00034743 1 -0.0818706 -0.129208 0.05 5868.97
0 1927 3 phononTS 0.00228452 -4.69195 0.725603 0.0390903 16.5875 0.00069486 1 -0.0328811 -0.13594 0.05 9477.16
0 2029 2 phononTF 0.0024887 -4.78837 1.81201 -0.0441387 5002.56 0.00034743 1 0.0573515 -0.213659 0.05 24815.8
0 2045 2 phononTF 0.0018561 -3.7916 0.637015 -0.0365748 14176 0.00069486 1 -0.0374086 -0.264267 0.05 20935.9
0 2158 5 phononTS 0.000623636 -4.36218 0.0303791 0.049999 4189.23 0.00034743 1 -0.0200579 -0.217848 0.05 18186.6
0 2224 2 phononTF 0.000786314 -4.63853 2.43343 0.0151271 3657.19 0.00034743 1 0.0709339 -0.151494 0.05 30729.5
0 2227 2 phononTS 0.00128227 -3.37296 2.29234 -0.0136041 13128.5 0.00034743 1 0.0813787 -0.116758 0.05 49542.9
0 2244 3 phononTS 0.000838924 -4.65314 0.042347 0.049999 2333.17 0.00069486 1 -0.0422469 -0.292988 0.05 10063.8
0 2324 5 phononL 0.00145411 2.28164 -4.39888 -0.0362714 105745 0.00034743 1 0.0334589 -0.254422 0.05 126819
0 2347 5 phononL 0.0015232 -4.37301 2.48832 0.0165838 26754 0.00069486 1 0.0403627 -0.206608 0.05 127417
0 2390 6 phononTF 0.000916831 -0.167413 4.39207 0.00309419 18886.8 0.00034743 1 -0.10404 -0.24695 0.05 55644.4
0 2390 9 phononL 0.000409396 -0.10404 -0.24695 0.049998 55644.4 0.00034743 1 -0.0845887 -0.229439 0.05 55744.3
0 2407 3 phononTS 0.00186948 -4.41659 1.50933 -0.0220892 2957.28 0.00069486 1 0.0357973 -0.184222 0.05 21438.2
0 2418 2 phononTF 0.00128711 -4.59956 0.458312 0.00900448 623.327 0.00034743 1 0.0492517 -0.19848 0.05 10899.2
0 2418 5 phononTF 0.000674898 0.0492517 -0.19848 0.049999 10899.2 0.00034743 1 -0.0645795 -0.196815 0.05 10964.1
0 2424 3 phononTS 0.00178101 -4.52213 1.19088 -0.0303727 1366.94 0.00034743 1 -0.0802871 -0.210925 0.05 7110.2
0 2427 4 phononTS 0.00172521 -4.72788 0.766718 0.0060949 3605.15 0.00034743 1 -0.0524307 -0.164115 0.05 29161.5
0 2487 2 phononTF 0.00173859 -4.79109 -1.05173 -0.00124577 5008.64 0.00034743 1 -0.10621 -0.224384 0.05 12244.1
0 2526 2 phononTF 0.00131582 -4.28641 1.11569 0.0425067 7378.27 0.00069486 1 0.0378613 -0.230148 0.05 26430.6
0 2548 5 phononTF 0.00107008 -4.83393 2.70161 0.0201682 5542.85 0.00069486 1 -0.014097 -0.212787 0.05 61987.8
0 2563 2 phononTF 0.00160857 -4.86877 1.11374 -0.0274488 455.738 0.00069486 1 -0.0665814 -0.23547 0.05 38713.6
0 2568 2 phononTS 0.00054139 -4.5582 0.0618852 0.049999 1590.05 0.00034743 1 0.026325 -0.159306 0.05 75849.5
0 2577 4 phononL 0.00172553 -0.752463 0.99996 0.0052676 17068.9 0.00034743 1 -0.0179161 -0.224616 0.05 48308.5
0 2581 2 phononTS 0.00216007 -4.07964 -0.168071 0.00205835 1981.89 0.00034743 1 0.0274254 -0.235508 0.05 28240.2
0 2597 2 phononTF 0.0021342 -3.76911 0.746704 -0.00137132 7179.66 0.00069486 1 0.0672045 -0.183497 0.05 18127
0 2597 4 phononTS 0.000717496 0.0672045 -0.183497 0.049998 18127 0.00034743 1 0.0708255 -0.155536 0.05 18250.8
0 2601 3 phononTS 0.00226449 -4.6234 1.25338 0.00645613 5735.4 0.00034743 1 -0.0822504 -0.185829 0.05 29557.8
0 2601 5 phononL 0.00146238 -0.0822504 -0.185829 0.049999 29557.8 0.00069486 1 0.0650362 -0.211943 0.05 29636.2
0 2642 2 phononL 0.00188276 -4.90153 1.10689 0.0221802 103.375 0.00034743 1 -0.117605 -0.224027 0.05 13393
0 2642 5 phononTF 0.00139219 -0.117605 -0.224027 0.049999 13393 0.00034743 1 -0.0561885 -0.145308 0.05 13523.8
0 2642 13 phononTF 0.00054724 -0.0561885 -0.145308 0.049999 13523.8 0.00034743 1 -0.057912 -0.168181 0.05 13642.7
0 2660 3 phononTF 0.00156764 -4.27626 0.0591785 0.0438553 8060.96 0.00069486 1 -0.0403508 -0.220765 0.05 36981
0 2660 9 phononTS 0.000551574 -0.0403508 -0.220765 0.049999 36981 0.00034743 1 0.064183 -0.127796 0.05 37071.5
0 2672 2 phononTF 0.00121323 -4.75883 1.07494 -0.043213 2540.83 0.00069486 1 -0.105365 -0.20474 0.05 9491.1
0 2679 3 phononTS 0.00223267 -4.74943 0.749859 -0.000401113 0.134671 0.00104229 1 -0.0524786 -0.185034 0.05 40896.2
0 2679 4 phononTS 0.000356885 -0.0524786 -0.185034 0.049999 40896.2 0.00034743 1 -0.0719773 -0.210169 0.05 41585.3
0 2681 4 phononL 0.000974558 -0.588759 0.383624 0.0439789 49611.9 0.00069486 1 0.0378552 -0.171324 0.05 57467.2
0 2750 2 phononTS 0.00167906 -4.97156 1.24102 -4.47224e-05 10716.1 0.00034743 1 0.047624 -0.25988 0.05 38837.1
0 2797 3 phononTS 0.00222225 -4.40148 2.69449 -0.0279893 7015.03 0.00069486 1 0.0542376 -0.210955 0.05 18371.7
0 2797 4 phononTS 0.000919788 0.0542376 -0.210955 0.049999 18371.7 0.00034743 1 -0.0362307 -0.108295 0.05 18582.3
0 2911 5 phononTS 0.0014721 -2.99984 -3.2264 0.002367 29366.1 0.00069486 1 0.0846013 -0.177185 0.05 67341.9
0 2940 3 phononTS 0.00288795 -1.43369 3.04932 0.0476796 9383.28 0.00069486 1 0.0229441 -0.256132 0.05 33990.3
0 2956 3 phononTS 0.0018032 -4.49386 1.20163 0.0275578 13562 0.00069486 1 0.0602573 -0.232475 0.05 43880.3
0 2960 4 phononL 0.000974861 -2.97455 0.810495 0.000693936 17357.1 0.00034743 1 0.0667448 -0.17998 0.05 120537
0 2964 5 phononTF 0.0014036 -4.10702 0.816572 0.0172184 2971.56 0.00034743 1 -0.0193835 -0.17135 0.05 13063.3
0 2987 2 phononL 0.00136762 -4.71972 0.229488 -0.0476934 872.155 0.00069486 1 0.0230856 -0.146342 0.05 49193.8
0 3020 3 phononL 0.0019992 -4.7723 0.640988 -0.0322558 236.686 0.00069486 1 -0.0362029 -0.246579 0.05 21758.4
0 3073 2 phononTS 0.00116736 -4.92639 0.857922 0.0304759 1013.2 0.00069486 1 -0.0822378 -0.138582 0.05 29663.2
0 3081 3 phononL 0.00231479 -4.45517 2.73377 0.0370091 3398.9 0.00069486 1 0.054321 -0.236322 0.05 58937
0 3211 5 phononTS 0.00083119 -3.98603 3.52097 -0.0294375 4546.61 0.00034743 1 0.115946 -0.220177 0.05 23288
0 3211 4 phononTF 0.00147187 -3.98603 3.52097 -0.0294375 4546.61 0.00034743 1 -0.0957247 -0.200794 0.05 14198.8
0 3246 5 phononTF 0.00125082 -3.1569 4.4645 -0.00392677 15169 0.00034743 1 0.042765 -0.271529 0.05 85867.1
0 3262 2 phononTS 0.0015766 -4.57025 1.14359 0.0294682 1781.23 0.00069486 1 -0.105974 -0.21662 0.05 41019.4
0 3315 2 phononTS 0.00210413 -4.65111 0.123568 0.0415477 666.436 0.00034743 1 0.0469821 -0.184575 0.05 6741.04
0 3315 4 phononTS 0.000780897 0.0469821 -0.184575 0.049999 6741.04 0.00034743 1 -0.102001 -0.2071 0.05 7209.3
0 3397 3 phononTS 0.00196528 -4.9248 0.671206 0.0334973 148.514 0.00034743 1 -0.0841376 -0.251162 0.05 41437
0 3400 2 phononTS 0.00121815 -4.74703 0.354326 -0.0350076 1220.24 0.00034743 1 -0.0433998 -0.127655 0.05 64252.5
0 3404 3 phononL 0.00167542 -4.64924 0.569789 -0.0225928 1324.67 0.00034743 1 0.0705585 -0.113014 0.05 60189.9
0 3442 3 phononTF 0.000848836 -4.20817 0.0412821 0.049999 2270.4 0.00069486 1 -0.0512034 -0.299159 0.05 37026.3
0 3507 3 phononTS 0.00168002 -2.81167 1.50749 0.0155586 5596.18 0.00034743 1 -0.0915731 -0.222712 0.05 28712.6
0 3507 6 phononTF 0.000587325 -0.0915731 -0.222712 0.049999 28712.6 0.00034743 1 -0.0678042 -0.286456 0.05 29050.9
0 3525 3 phononTS 0.00183122 -4.67571 0.686269 0.035884 22.0282 0.00034743 1 0.0231777 -0.190363 0.05 13594
0 3525 8 phononL 0.000442329 0.0231777 -0.190363 0.049998 13594 0.00034743 1 -0.055871 -0.260708 0.05 21308
0 3525 2 phononTF 0.00216878 -4.67571 0.686269 0.035884 22.0282 0.00104229 1 -0.0843099 -0.179651 0.05 6787.59
0 3581 6 phononTS 0.000584105 -3.70943 -1.70582 0.0121418 11433.2 0.00034743 1 -0.037974 -0.195219 0.05 18615.3
0 3601 3 phononTS 0.00152224 -4.61472 1.43255 0.000573531 1647.2 0.00034743 1 -0.0291231 -0.236874 0.05 20759.6
0 3639 3 phononL 0.00177016 -4.62737 -0.480381 -0.0314192 1343.72 0.00034743 1 -0.031518 -0.144194 0.05 19377.9
0 3669 7 phononL 0.00137638 0.048974 4.57109 0.00427696 11202.2 0.00069486 1 0.0760739 -0.142821 0.05 56082.1
0 3675 3 phononTF 0.00226083 -4.70216 1.34462 -0.0125404 3690.41 0.00069486 1 -0.0788466 -0.249598 0.05 21647.1
0 3685 2 phononTS 0.00203181 -3.20045 0.865549 -0.0380619 4683.07 0.00069486 1 -0.0667416 -0.181838 0.05 50706.5
0 3685 7 phononTS 0.000383622 -0.0667416 -0.181838 0.049998 50706.5 0.00034743 1 -0.0408384 -0.194318 0.05 50765.9
0 3685 4 phononL 0.000529959 -0.0667416 -0.181838 0.049998 50706.5 0.00034743 1 -0.0263589 -0.189294 0.05 50832.5
0 3739 5 phononTS 0.00150159 1.81659 -3.08035 -0.0410222 54973.2 0.00069486 1 -0.03899 -0.276138 0.05 67732.6
0 3824 3 phononTS 0.00161164 -4.52418 0.634881 -0.0201807 802.945 0.00069486 1 -0.0803676 -0.199682 0.05 24607.9
0 3830 2 phononTS 0.00151755 -4.92165 0.983932 -0.00474476 3257.41 0.00034743 1 -0.0525764 -0.210273 0.05 55085.5
0 3833 4 phononTS 0.0011896 -4.7477 1.3205 -0.0123965 7661.14 0.00034743 1 0.0398721 -0.260084 0.05 51670
0 3852 3 phononL 0.00198695 -3.87249 -0.269139 -0.0391266 1433.14 0.00034743 1 -0.0776177 -0.164658 0.05 33001.1
0 3864 5 phononTS 0.00187948 4.0043 4.21287 -0.0285367 60018.2 0.00034743 1 -0.0319557 -0.290954 0.05 70503.8
0 3879 2 phononL 0.00175331 -1.70197 1.35535 0.0233957 7374.18 0.00069486 1 0.0791787 -0.165094 0.05 36973
0 3886 3 phononTF 0.000577846 -4.33518 0.0906117 0.049999 829.523 0.00034743 1 0.0896394 -0.230602 0.05 66990.9
0 3899 2 phononTF 0.00238202 -4.87791 0.982006 0.006216 3867.83 0.00069486 1 0.0864077 -0.269138 0.05 10915
0 3933 2 phononTS 0.00087232 -4.96457 0.0915964 0.049999 1788.33 0.00034743 1 -0.0949911 -0.228868 0.05 8284.71
0 3964 2 phononTS 0.00192994 -4.85406 1.26215 0.00372979 1237.61 0.00069486 1 -0.0950265 -0.263388 0.05 19187.5
0 3996 5 phononTF 0.00169781 -3.75266 3.11765 0.0137943 11024.8 0.00034743 1 -0.0557449 -0.253966 0.05 72581.5
0 4023 4 phononTF 0.00143774 -3.11579 0.952219 0.0359571 22365.5 0.00034743 1 0.0317231 -0.284196 0.05 100055
0 4049 2 phononTS 0.000734084 -4.84297 0.687788 0.0175346 8654.07 0.00069486 1 -0.0284744 -0.253212 0.05 26465.6
0 4082 3 phononTF 0.00272469 -4.60646 0.720134 -0.0241959 1659.66 0.00104229 1 0.0729406 -0.157803 0.05 21882.6
0 4096 3 phononTF 0.00228274 -4.55544 1.11906 0.0492027 3131.04 0.00069486 1 0.0664845 -0.25313 0.05 25143
0 4119 3 phononTS 0.000574708 -4.33212 0.0506187 0.049999 3354.23 0.00034743 1 -0.0405179 -0.120042 0.05 6102.73
0 4276 3 phononTS 0.00154472 -3.93357 0.618823 -0.0382886 1280.22 0.00069486 1 -0.0677409 -0.236427 0.05 27287.2
0 4279 2 phononTS 0.0021659 -4.99592 0.164317 0.018315 2303.08 0.00034743 1 -0.0328289 -0.288835 0.05 4661.71
0 4279 4 phononTF 0.000645121 -0.0328289 -0.288835 0.049999 4661.71 0.00034743 1 0.0751358 -0.205743 0.05 4863.77
0 4288 4 phononTF 0.00143839 -1.44694 1.94028 -0.0329579 7381.93 0.00034743 1 -0.0437168 -0.118764 0.05 96426
0 4293 3 phononTS 0.00237133 -4.94369 0.630283 0.032531 9915.67 0.00069486 1 0.064408 -0.262232 0.05 63914.5
0 4293 9 phononTS 0.000440167 0.064408 -0.262232 0.049999 63914.5 0.00034743 1 0.0930336 -0.154016 0.05 64002.5
0 4293 8 phononTS 0.000811695 0.064408 -0.262232 0.049999 63914.5 0.00034743 1 0.0423308 -0.295239 0.05 63976.7
0 4297 2 phononL 0.00218864 -4.90585 0.48553 -0.0296023 14408 0.00034743 1 -0.100679 -0.262556 0.05 21754
0 4319 2 phononTS 0.00192366 -4.62136 1.87824 -0.00585733 8100.09 0.00104229 1 -0.0392552 -0.130152 0.05 16484.6
0 4338 4 phononTF 0.00137862 -1.07545 2.40351 -0.0382625 18681.1 0.00034743 1 -0.0223233 -0.224397 0.05 20935.8
0 4338 2 phononTS 0.0018561 -4.75156 0.87438 0.0420443 1204.21 0.00069486 1 0.0394295 -0.139555 0.05 14905.1
0 4338 16 phononTF 0.000580109 0.0394295 -0.139555 0.049999 14905.1 0.00034743 1 -0.060972 -0.163897 0.05 15035.6
0 4387 3 phononTF 0.00252666 -2.71139 2.7799 0.0153821 7738.65 0.00034743 1 0.0740785 -0.213501 0.05 31758.9
0 4394 4 phononTS 0.00105873 -1.91507 -0.812791 0.020874 57089.9 0.00069486 1 -0.0826377 -0.174031 0.05 117029
0 4407 4 phononTS 0.000735698 -4.80531 0.0773616 0.049999 1923.12 0.00034743 1 -0.0190598 -0.200936 0.05 20182.5
0 4415 3 phononTF 0.00203971 -4.93251 0.552414 -0.0151075 5026.94 0.00069486 1 0.0636393 -0.118414 0.05 74933.4
0 4493 3 phononL 0.000476018 -4.49748 0.0856908 0.049999 1436.85 0.00034743 1 0.0443403 -0.273877 0.05 15685.4
0 4530 3 phononTS 0.0012719 -4.93562 2.01899 -0.0156404 12978.1 0.00034743 1 -0.066594 -0.150701 0.05 26278.8
0 4553 2 phononTS 0.0020846 -3.52151 0.48457 0.0360123 4301.8 0.00034743 1 0.0948478 -0.254965 0.05 43499.9
0 4580 4 phononTS 0.000431207 -3.46744 0.0847445 0.049999 1935.94 0.00034743 1 -0.0392445 -0.210169 0.05 63187.1
0 4719 5 phononTS 0.000897639 -3.98606 1.68775 -0.00642917 11687.6 0.00034743 1 0.116658 -0.227514 0.05 27864.6
0 4728 7 phononTF 0.00115066 4.21646 -2.34097 0.031715 22000.4 0.00034743 1 0.0238875 -0.129927 0.05 48796.4
0 4728 9 phononL 0.000613403 0.0238875 -0.129927 0.049999 48796.4 0.00034743 1 0.0515908 -0.265454 0.05 49836.7
0 4730 3 phononTS 0.000448859 -3.93494 0.0495088 0.049999 2134.27 0.00034743 1 -0.075354 -0.122057 0.05 7220.84
0 4863 4 phononTF 0.000799578 0.623874 2.54598 0.0450364 11504.7 0.00034743 1 0.0377666 -0.120288 0.05 20127.4
0 4893 3 phononTS 0.00206067 -4.68972 0.746593 0.0188809 80.0278 0.00034743 1 -0.0137269 -0.198138 0.05 21251.5
0 4893 4 phononTS 0.000849985 -0.0137269 -0.198138 0.049999 21251.5 0.00034743 1 -0.0149186 -0.189629 0.05 21309.2
0 4952 2 phononTS 0.000552946 -4.20538 3.49284 -0.000304413 9533.48 0.00034743 1 0.093526 -0.155903 0.05 49588.2
0 4966 3 phononTS 0.00205804 -3.69409 2.77308 0.0260639 5705.71 0.00034743 1 -0.0504948 -0.100894 0.05 20848.7
