Run ID,Event ID,Track ID,Particle Name,Start Energy [eV],Start X [mm],Start Y [mm],Start Z [mm],Start Time [ns],Energy Deposited [eV],Track Weight,End X [mm],End Y [mm],End Z [mm],Final Time [ns],Volume Name
0 37 7 phononTF 0.00118855 -2.50326 4.73384 0.0198151 13042.3 0.00034743 1 -0.116731 -0.224888 0.05 28806.5
0 37 8 phononTS 0.000798245 -0.116731 -0.224888 0.049999 28806.5 0.00034743 1 -0.0770185 -0.247633 0.05 28870.5
0 41 3 phononTS 0.0021842 -4.24201 2.28899 0.0113897 16452.9 0.00069486 1 -0.101802 -0.175351 0.05 29769.1
0 72 3 phononTF 0.00193465 1.35322 3.34449 -0.0134633 6288.32 0.00034743 1 -0.105387 -0.156877 0.05 26675.8
0 124 2 phononTF 0.00235169 0.00799225 3.79806 -0.0180185 2383.46 0.00069486 1 0.0316248 -0.182779 0.05 27455.4
0 138 5 phononTS 0.000756741 -0.742577 -0.942887 0.0271364 31184 0.00034743 1 -0.107419 -0.239134 0.05 31945.9
0 181 5 phononTS 0.00164438 -3.23217 2.12532 0.0253893 25272.3 0.00034743 1 -0.0486522 -0.207857 0.05 37854.2
0 181 6 phononL 0.000970058 -0.0486522 -0.207857 0.049999 37854.2 0.00034743 1 -0.0776799 -0.26647 0.05 37910
0 183 2 phononTF 0.00199139 -0.171655 3.19538 -0.00358385 1212.05 0.00034743 1 -0.115765 -0.180591 0.05 32132.2
0 183 6 phononL 0.000619307 -0.115765 -0.180591 0.049998 32132.2 0.00034743 1 -0.0422877 -0.167113 0.05 63025.9
0 225 3 phononTF 0.0028104 0.0110368 4.04006 -0.0409987 1042.42 0.00034743 1 -0.0299771 -0.277778 0.05 46724.8
0 225 5 phononTS 0.00213195 -0.0299771 -0.277778 0.049999 46724.8 0.00069486 1 0.0260652 -0.235743 0.05 46851.7
0 276 3 phononTS 0.00222401 -0.0352266 1.20031 -0.0414732 7408.15 0.00069486 1 -0.0272903 -0.131744 0.05 10169.4
0 398 5 phononTF 0.000754666 -0.126567 -0.140004 0.0131822 27637.1 0.00069486 1 0.0713967 -0.154756 0.05 27735.3
0 398 4 phononTS 0.00172428 -0.126567 -0.140004 0.0131822 27637.1 0.00034743 1 -0.116638 -0.17465 0.05 27655.6
0 405 3 phononTS 0.00172461 0.188521 3.92541 -0.0178165 745.327 0.00034743 1 -0.0933373 -0.139685 0.05 64639.6
0 413 6 phononTS 0.000706423 0.434112 0.176447 -0.00314847 83097 0.00034743 1 0.0648984 -0.263083 0.05 86648.9
0 433 2 phononTS 0.00156391 2.35075 2.50641 0.0295329 15911.7 0.00069486 1 -0.0759407 -0.132257 0.05 37902.9
0 472 2 phononTS 0.00111039 -0.535124 4.56718 -0.0150224 3073.83 0.00034743 1 0.0981194 -0.206293 0.05 8714
0 472 4 phononTS 0.000580573 0.0981194 -0.206293 0.049999 8714 0.00034743 1 0.0554458 -0.183548 0.05 19180.8
0 546 4 phononTS 0.00102253 4.06031 4.76163 0.048023 5416.76 0.00034743 1 0.0901007 -0.2689 0.05 29410.9
0 553 5 phononL 0.00142666 0.824784 1.25713 0.014979 12567.5 0.00034743 1 0.0993537 -0.227637 0.05 19979.6
0 553 7 phononTS 0.000578843 0.0993537 -0.227637 0.049999 19979.6 0.00034743 1 -0.0899323 -0.178447 0.05 21047.1
0 561 3 phononTF 0.00185226 -0.246566 3.10556 0.0337562 2329.69 0.00034743 1 -0.109821 -0.179511 0.05 20630.9
0 570 5 phononTF 0.00146003 -0.43698 4.18453 -0.00339989 23919.4 0.00034743 1 -0.0703007 -0.242141 0.05 62327
0 601 3 phononTS 0.00229616 0.0735704 4.61396 -0.0391566 5770 0.00034743 1 -0.0740766 -0.226027 0.05 8808.81
0 605 2 phononTS 0.0027131 -1.16054 3.57504 -0.0185155 3229.23 0.00034743 1 -0.0153075 -0.174212 0.05 17311.8
0 611 2 phononTS 0.00162259 0.971648 4.81158 -0.00825329 3592.89 0.00034743 1 0.101279 -0.188988 0.05 12900.1
0 611 6 phononTS 0.000639732 0.101279 -0.188988 0.049999 12900.1 0.00034743 1 0.0402886 -0.242181 0.05 13041.9
0 613 2 phononTS 0.00193064 1.59651 3.46001 0.00598329 17809.5 0.00034743 1 -0.0708011 -0.193782 0.05 134853
0 700 2 phononTF 0.00205888 -1.35879 3.10571 0.0427189 5410.39 0.00034743 1 -0.0851273 -0.217125 0.05 71639.3
0 701 2 phononTS 0.00156676 0.115795 3.54304 -0.013861 14182.3 0.00069486 1 -0.0882565 -0.172659 0.05 81429.5
0 708 4 phononTF 0.000861667 0.592649 2.61376 -0.0431543 17900.9 0.00069486 1 0.0720262 -0.15678 0.05 52865.9
0 708 2 phononTF 0.00194908 1.70366 4.89813 0.0447039 5475.27 0.00069486 1 -0.10044 -0.216473 0.05 30144.2
0 710 3 phononTF 0.00168323 -0.172224 3.54589 -0.0367666 1229.78 0.00069486 1 0.0713564 -0.160961 0.05 9985.66
0 712 2 phononTS 0.00154537 1.30574 4.28804 0.0296721 2421.12 0.00069486 1 0.115718 -0.218501 0.05 89682.7
0 738 3 phononTS 0.00249779 0.0276154 3.32459 0.0454502 10583.8 0.00069486 1 -0.0362306 -0.28891 0.05 28607.3
0 778 3 phononTS 0.00225595 -0.256056 3.32953 0.0347384 1182.76 0.00034743 1 0.0141785 -0.188745 0.05 14369.2
0 794 2 phononTS 0.00207327 2.90903 4.08929 -0.0480892 15683.6 0.00034743 1 0.0237475 -0.188804 0.05 30004.8
0 804 3 phononTF 0.00132325 0.0756525 3.27464 0.00618722 6347.78 0.00034743 1 0.0886203 -0.24675 0.05 38957.4
0 825 2 phononTF 0.00219238 0.188103 4.77623 0.0340981 2365.63 0.00034743 1 0.0897487 -0.265947 0.05 17366.6
0 825 4 phononTS 0.00126084 0.0897487 -0.265947 0.049999 17366.6 0.00069486 1 -0.0501065 -0.199583 0.05 17464.6
0 915 4 phononTF 0.00108009 -3.84473 2.85697 -0.0375473 16440.8 0.00034743 1 -0.0607378 -0.176764 0.05 79016.5
0 915 7 phononTS 0.000380702 -0.0607378 -0.176764 0.049999 79016.5 0.00034743 1 -0.0147861 -0.169255 0.05 79836.8
0 924 4 phononL 0.00150658 0.30884 2.88944 0.0479099 11936.3 0.00034743 1 0.0377224 -0.143061 0.05 17784.4
0 961 5 phononTF 0.000966871 -1.85002 3.7982 0.0322947 4884.89 0.00034743 1 -0.112698 -0.185475 0.05 27345.8
0 961 2 phononTF 0.00209435 0.766514 3.98797 -0.0103889 1647.42 0.00069486 1 -0.0221298 -0.242557 0.05 54049.4
0 1049 3 phononTS 0.00114388 2.40027 2.2209 -0.0341768 8454.99 0.00034743 1 -0.109652 -0.178018 0.05 97395
0 1145 2 phononTS 0.00152372 1.35668 1.2393 -0.0167604 10307.5 0.00034743 1 0.0922247 -0.251857 0.05 72355.6
0 1154 2 phononTF 0.000598605 0.233551 3.77635 0.0110714 6.19933 0.00034743 1 0.109766 -0.153864 0.05 23666.8
0 1165 3 phononTS 0.0027706 0.953523 3.00966 0.0259249 1898.47 0.00069486 1 -0.0350958 -0.0981182 0.05 36305.9
0 1167 2 phononTF 0.00105345 1.3865 3.72755 -0.0418549 3388.3 0.00069486 1 -0.0336429 -0.182963 0.05 14542.8
0 1179 3 phononTF 0.00211597 -0.202778 3.96367 0.0248947 4530.14 0.00034743 1 0.0387107 -0.265205 0.05 41644
0 1179 5 phononTS 0.000843917 0.0387107 -0.265205 0.049999 41644 0.00034743 1 0.109127 -0.189838 0.05 41725.6
0 1181 2 phononTS 0.00157333 0.382016 3.38167 -0.0233648 7668.97 0.00034743 1 0.0622929 -0.208334 0.05 32463.8
0 1181 5 phononTF 0.000405658 0.0622929 -0.208334 0.049999 32463.8 0.00034743 1 0.0461836 -0.174409 0.05 32853.3
0 1181 4 phononTF 0.000349466 0.0622929 -0.208334 0.049999 32463.8 0.00034743 1 0.0340063 -0.174582 0.05 32525.6
0 1202 5 phononTF 0.00136084 2.89987 3.83092 0.0488334 14665.2 0.00069486 1 0.0506662 -0.280115 0.05 36639.6
0 1230 3 phononTS 0.00132144 -0.0281646 3.36378 0.0119632 14358.6 0.00034743 1 -0.0950463 -0.249675 0.05 31138.9
0 1230 7 phononTS 0.00038013 -0.0950463 -0.249675 0.049998 31138.9 0.00034743 1 -0.0306342 -0.181366 0.05 31211.4
0 1266 3 phononTS 0.00138937 0.275487 1.99537 0.0481251 2911.29 0.00034743 1 0.0795725 -0.119386 0.05 32581.8
0 1267 2 phononTS 0.00295241 0.0814515 4.34715 0.0216528 7370.7 0.00034743 1 0.0404049 -0.235261 0.05 30824.7
0 1269 5 phononTS 0.00264343 -1.12334 2.63715 -0.0465015 8171.16 0.00069486 1 0.0433116 -0.201777 0.05 30122.2
0 1269 6 phononTS 0.00070444 0.0433116 -0.201777 0.049999 30122.2 0.00034743 1 0.0939295 -0.240354 0.05 30476.5
0 1275 3 phononL 0.0019859 -0.267491 3.96858 -0.0170612 2743.39 0.00069486 1 0.0498826 -0.230454 0.05 14569.5
0 1293 5 phononTF 0.00139555 1.78258 3.09333 0.0168258 6475.83 0.00034743 1 -0.0463574 -0.286082 0.05 30911.4
0 1293 6 phononTF 0.000514939 -0.0463574 -0.286082 0.049999 30911.4 0.00034743 1 0.0245027 -0.149459 0.05 31483.4
0 1302 2 phononTS 0.00217841 1.97131 4.09715 -0.00354512 8958.51 0.00034743 1 -0.0341124 -0.21246 0.05 62411
0 1302 5 phononTF 0.00144314 -0.0341124 -0.21246 0.049999 62411 0.00034743 1 0.0368316 -0.210435 0.05 62472.8
0 1304 2 phononTF 0.00207853 -1.28767 0.548009 0.0471789 11001.5 0.00034743 1 -0.0955445 -0.145227 0.05 12559.9
0 1334 2 phononTS 0.00204662 -0.53004 4.26924 -0.0280467 1089.3 0.00104229 1 -0.0293945 -0.291946 0.05 29338.1
0 1343 3 phononTS 0.0022321 -0.885313 3.56233 -0.0017844 27547.4 0.00069486 1 0.0680419 -0.285385 0.05 46051.1
0 1343 6 phononTS 0.000680151 0.0680419 -0.285385 0.049999 46051.1 0.00034743 1 0.0398755 -0.300949 0.05 46180.2
0 1370 2 phononTF 0.00115893 -2.20742 2.28755 0.0244191 11206.7 0.00069486 1 -0.0807332 -0.146934 0.05 46523.6
0 1391 2 phononTS 0.00192275 0.23681 3.64985 0.0388534 356.221 0.00069486 1 -0.0326684 -0.258565 0.05 4259.59
0 1457 2 phononTS 0.002369 -0.179379 3.97696 -0.00397158 396.123 0.00069486 1 0.0547383 -0.298151 0.05 27922.4
0 1457 4 phononTF 0.000646706 0.0547383 -0.298151 0.049999 27922.4 0.00034743 1 -0.0781615 -0.144978 0.05 28025.5
0 1504 3 phononTS 0.00182237 1.17169 3.01282 0.00151451 9226.29 0.00034743 1 0.030058 -0.12402 0.05 45227.6
0 1504 5 phononTS 0.00123835 0.030058 -0.12402 0.049999 45227.6 0.00034743 1 -0.0206722 -0.231835 0.05 45415.3
0 1504 10 phononTS 0.000818621 -0.0206722 -0.231835 0.049999 45415.3 0.00034743 1 -0.0419029 -0.295095 0.05 45556.7
0 1524 2 phononTS 0.00267471 -0.0794328 3.22041 -0.0301572 777.036 0.00034743 1 0.102121 -0.24487 0.05 5000.06
0 1525 2 phononL 0.00202052 -0.0601745 3.0341 0.035508 5027.39 0.00104229 1 -0.0750729 -0.261751 0.05 40881.2
0 1533 5 phononL 0.00110557 0.601877 3.29599 0.0462154 38996.8 0.00034743 1 -0.104303 -0.207928 0.05 90389.1
0 1537 4 phononL 0.00117093 0.787014 3.8583 -0.0167485 9747.99 0.00034743 1 0.0410844 -0.139978 0.05 88417.5
0 1544 2 phononL 0.00144571 0.466958 4.83229 -0.0391107 7975.08 0.00034743 1 -0.0362775 -0.261431 0.05 22081.3
0 1573 3 phononL 0.00261257 -0.276598 3.77005 0.0474083 861.893 0.00069486 1 -0.109136 -0.217875 0.05 60132
0 1573 7 phononTS 0.000359245 -0.109136 -0.217875 0.049999 60132 0.00034743 1 -0.109389 -0.159306 0.05 86070
0 1573 6 phononL 0.000965705 -0.109136 -0.217875 0.049999 60132 0.00034743 1 0.0501366 -0.099477 0.05 60230.3
0 1590 3 phononL 0.00174401 -0.611734 4.63355 -0.0325261 900.864 0.00069486 1 0.0676485 -0.111581 0.05 43659
0 1590 4 phononTS 0.000538304 0.0676485 -0.111581 0.049999 43659 0.00034743 1 0.0180503 -0.222501 0.05 44167.9
0 1593 3 phononTS 0.00138866 -0.354853 3.28588 -0.0410532 3541.26 0.00034743 1 0.0822342 -0.260043 0.05 7512.6
0 1639 3 phononTF 0.00135639 0.253813 4.26148 0.0138012 1330.9 0.00034743 1 -0.0857902 -0.226159 0.05 26684.8
0 1649 4 phononTF 0.00123161 0.286077 3.07187 0.0331197 25033.3 0.00069486 1 -0.0236177 -0.204371 0.05 34410.7
0 1781 5 phononTS 0.000726348 -1.18729 -0.136045 -0.0120257 46264.9 0.00034743 1 0.0639321 -0.25894 0.05 56467.8
0 1782 3 phononTS 0.00179607 -0.281102 3.47942 -0.0335767 2910.71 0.00069486 1 -0.0674628 -0.115725 0.05 18186.7
0 1796 5 phononTS 0.000898755 -4.33941 4.36844 -0.022014 37833 0.00034743 1 0.0466737 -0.270303 0.05 54694.5
0 1804 2 phononTF 0.00164337 -0.00132434 2.63184 -0.0491753 7089.19 0.00034743 1 -0.0304962 -0.150083 0.05 52852.8
0 1804 8 phononTS 0.000430549 -0.0304962 -0.150083 0.049999 52852.8 0.00034743 1 0.0320357 -0.268642 0.05 53289.5
0 1831 2 phononTF 0.0016496 0.38085 3.96995 0.0224361 2366.31 0.00034743 1 0.0726831 -0.284731 0.05 62334.5
0 1831 6 phononTS 0.00070357 0.0726831 -0.284731 0.049999 62334.5 0.00034743 1 -0.07135 -0.25805 0.05 62600.1
0 1872 3 phononTS 0.00247553 0.306811 3.78702 -0.0109553 989.931 0.00069486 1 0.115559 -0.180419 0.05 10357.8
0 1898 3 phononTF 0.00142715 0.257414 3.76095 0.0118099 3.25191 0.00034743 1 -0.0618711 -0.200787 0.05 41923.7
0 1952 5 phononTF 0.00140029 -3.60871 1.40031 0.01829 30327.4 0.00034743 1 -0.0926528 -0.167652 0.05 59920
0 1952 6 phononTS 0.00059264 -0.0926528 -0.167652 0.049999 59920 0.00034743 1 -0.0287977 -0.297884 0.05 60008
0 1991 5 phononTF 0.00234454 -1.78138 3.11194 0.0092853 11202.4 0.00138972 1 -0.00793382 -0.200742 0.05 19421
0 2057 2 phononTS 0.0019714 1.34776 4.17615 -0.0286444 6716.63 0.00034743 1 0.035048 -0.173524 0.05 139279
0 2057 7 phononTS 0.000907721 0.035048 -0.173524 0.049999 139279 0.00034743 1 -0.0751485 -0.238001 0.05 139364
0 2151 2 phononTS 0.00259761 -0.594669 2.96171 0.00582258 13870.5 0.00104229 1 -0.011325 -0.209847 0.05 28283.9
0 2209 5 phononTF 0.0019788 0.170609 1.64486 -0.0248324 8841.11 0.00034743 1 -0.0623111 -0.264256 0.05 110286
0 2350 3 phononTS 0.00216014 0.607061 3.4176 -0.0315421 1407.83 0.00069486 1 -0.0377634 -0.242791 0.05 83773.5
0 2368 5 phononTF 0.00128376 -0.441124 3.50028 0.00772576 8935.51 0.00034743 1 0.0363147 -0.137938 0.05 21013
0 2392 2 phononTF 0.00208292 -0.106125 3.27585 0.0491551 3144.31 0.00069486 1 -0.0344103 -0.197008 0.05 31747.9
0 2398 2 phononTF 0.00225187 1.05829 3.50264 0.0247341 4914.8 0.00069486 1 0.0208648 -0.17749 0.05 33149.7
0 2427 2 phononL 0.00224735 0.518937 2.89405 -0.00288761 5370.76 0.00034743 1 0.115365 -0.209751 0.05 10904.3
0 2442 3 phononTS 0.00199406 0.520606 3.50013 0.0151549 399.134 0.00034743 1 0.113988 -0.165569 0.05 13498.2
0 2447 2 phononTF 0.00246103 -1.14352 3.56436 0.0242368 4011.64 0.00034743 1 -0.0808144 -0.214115 0.05 16750.6
0 2447 4 phononTS 0.000487474 -0.0808144 -0.214115 0.049999 16750.6 0.00034743 1 0.0464813 -0.263681 0.05 17130.5
0 2521 2 phononTF 0.00213504 0.490403 3.99087 0.0370769 569.255 0.00034743 1 -0.0772592 -0.17495 0.05 6668.2
0 2554 3 phononTS 0.00159479 0.351867 3.92573 -0.047484 2308.56 0.00034743 1 0.0650803 -0.223466 0.05 30649.6
0 2583 3 phononTF 0.00187484 0.852466 3.77161 0.0281421 2239.71 0.00034743 1 -0.0778063 -0.257879 0.05 9808.53
0 2585 3 phononTS 0.0023036 0.588575 3.87867 0.0255275 504.946 0.00034743 1 0.0620892 -0.148736 0.05 15473.2
0 2622 3 phononTF 0.00153374 0.548536 4.55174 0.0461194 4789.24 0.00034743 1 -0.0766556 -0.210386 0.05 29684.4
0 2647 3 phononTF 0.00155349 0.646908 3.70951 -0.0214432 7666.33 0.00104229 1 -0.078681 -0.149995 0.05 20029.5
0 2721 2 phononTF 0.0015634 0.213201 3.70982 0.0423879 17.0578 0.00034743 1 -0.0490388 -0.224879 0.05 18263.7
0 2727 2 phononTF 0.00211297 -0.255741 3.21996 0.0257651 7670.59 0.00069486 1 -0.109688 -0.237369 0.05 37560
0 2756 2 phononTF 0.00189033 -1.5693 -0.309485 -0.0284221 19518.8 0.00034743 1 -0.0922826 -0.185681 0.05 121047
0 2756 5 phononTS 0.00148148 -0.0922826 -0.185681 0.049999 121047 0.00069486 1 -0.087376 -0.207378 0.05 121104
0 2769 2 phononTF 0.00181228 0.512711 4.0764 0.00649739 3765 0.00034743 1 0.0393979 -0.259234 0.05 12390.1
0 2782 4 phononTF 0.00150642 0.13391 4.48759 -0.0367604 7196.75 0.00034743 1 0.11681 -0.206144 0.05 13786.7
0 2782 7 phononTS 0.000404428 0.11681 -0.206144 0.049999 13786.7 0.00034743 1 0.0932108 -0.214157 0.05 13845.5
0 2793 2 phononTS 0.00114268 2.921 3.72821 -0.0421593 24277.5 0.00034743 1 -0.0550531 -0.194421 0.05 41257.8
0 2793 5 phononL 0.000356991 -0.0550531 -0.194421 0.049999 41257.8 0.00034743 1 -0.05049 -0.125501 0.05 41372.4
0 2807 2 phononTF 0.0014502 3.0464 3.92519 -0.0393566 19181.6 0.00069486 1 0.0196055 -0.154916 0.05 30499.9
0 2809 3 phononTS 0.00236978 -0.488461 2.64503 -0.0182987 2898.56 0.00104229 1 0.101856 -0.253339 0.05 6909.64
0 2948 3 phononL 0.00200196 -0.903769 1.0111 -0.0179226 32011.6 0.00034743 1 0.0922902 -0.229131 0.05 53663.8
0 2959 3 phononTF 0.00262536 0.0602914 3.16556 0.0016371 10915.6 0.00104229 1 0.0277087 -0.131679 0.05 19022.5
0 2959 15 phononTS 0.000388894 0.0277087 -0.131679 0.049999 19022.5 0.00034743 1 0.089757 -0.236573 0.05 19105
0 2965 3 phononTF 0.00248191 0.223503 3.74637 0.0202146 6.3204 0.00034743 1 0.0710233 -0.12258 0.05 16128.9
0 2987 3 phononTS 0.00185975 0.412585 3.59033 0.0455866 2654.88 0.00034743 1 0.0256155 -0.186757 0.05 6828.27
0 2987 5 phononTF 0.00135649 0.0256155 -0.186757 0.049999 6828.27 0.00034743 1 -0.0888643 -0.22221 0.05 6900.86
0 2987 9 phononTF 0.000706804 -0.0888643 -0.22221 0.049999 6900.86 0.00034743 1 -0.0770187 -0.222485 0.05 6961.27
0 2997 5 phononL 0.00128267 0.886587 -0.917769 -0.0410627 28526.7 0.00034743 1 -0.0466744 -0.30108 0.05 31542.9
0 3000 2 phononTS 0.00218289 -0.116543 3.38723 -0.0237909 1208.91 0.00069486 1 -0.0690769 -0.205208 0.05 10850.9
0 3004 2 phononTS 0.00207543 1.35824 4.45433 -0.00352766 4993.64 0.00069486 1 -0.0708896 -0.210362 0.05 31903
0 3012 2 phononL 0.000794113 -0.318095 3.66233 -0.0394671 1816.76 0.00034743 1 0.0734187 -0.288224 0.05 35385.7
0 3017 2 phononL 0.00198834 1.06795 2.63258 -0.0486862 10252.2 0.00034743 1 0.0245811 -0.139576 0.05 27372.2
0 3017 5 phononL 0.000574995 0.0245811 -0.139576 0.049999 27372.2 0.00034743 1 -0.0404478 -0.0984443 0.05 27561.5
0 3017 4 phononTF 0.000851488 0.0245811 -0.139576 0.049999 27372.2 0.00034743 1 0.0226889 -0.213344 0.05 27446.8
0 3021 5 phononTS 0.00133876 3.04753 1.50759 0.048134 31411.7 0.00104229 1 -0.114015 -0.198786 0.05 60716.6
0 3021 4 phononTS 0.00148501 3.04753 1.50759 0.048134 31411.7 0.00069486 1 -0.0701999 -0.146481 0.05 73717.1
0 3028 3 phononL 0.00192608 -0.407529 4.33751 0.0210191 4855.07 0.00034743 1 -0.101427 -0.192022 0.05 62115.1
0 3046 4 phononTS 0.00149188 4.08706 2.1365 -0.0429102 55283.3 0.00034743 1 -0.057764 -0.112886 0.05 142413
0 3046 7 phononTS 0.000686061 -0.057764 -0.112886 0.049998 142413 0.00034743 1 -0.0452867 -0.0982409 0.05 142471
0 3054 3 phononTS 0.00223425 0.0565238 4.57805 0.036788 3644.95 0.00034743 1 -0.0822777 -0.141794 0.05 11592.2
0 3074 2 phononL 0.00160611 0.265074 3.82705 0.0364107 410.372 0.00034743 1 -0.0445432 -0.133302 0.05 9558.39
0 3077 2 phononTS 0.00188409 2.06615 4.53379 -0.0439311 11989 0.00034743 1 0.0460289 -0.137015 0.05 46433.7
0 3080 4 phononTS 0.000390167 -3.65684 1.75815 0.04929 36898.2 0.00034743 1 0.0919823 -0.172609 0.05 88448.7
0 3097 4 phononTF 0.00111854 -0.0371025 3.27332 0.0389312 18875 0.00069486 1 0.0868991 -0.239392 0.05 74325.6
0 3159 3 phononTF 0.00203592 0.687849 3.03992 0.047012 1742.17 0.00034743 1 0.0906468 -0.17993 0.05 7642.81
0 3196 4 phononL 0.00147846 2.86919 4.24512 -0.0477937 21319.2 0.00034743 1 0.0392014 -0.144576 0.05 62808.6
0 3200 2 phononTS 0.00115487 -0.876331 2.39781 0.0459344 12275.5 0.00034743 1 0.0854468 -0.128813 0.05 72720.4
0 3256 3 phononTF 0.00223535 0.787311 4.25478 -0.0405202 4767.05 0.00034743 1 -0.0258972 -0.221239 0.05 21329.2
0 3290 2 phononTF 0.00237371 0.255094 4.00661 0.0282298 1091.23 0.00034743 1 -0.115525 -0.181002 0.05 22390.5
0 3290 5 phononTS 0.000945287 -0.115525 -0.181002 0.049998 22390.5 0.00034743 1 0.039948 -0.153097 0.05 44322
0 3321 5 phononL 0.00295176 1.57203 2.58171 0.0278859 9822.49 0.00104229 1 -0.098005 -0.257611 0.05 12897.9
0 3379 2 phononTF 0.00139565 0.232733 3.46582 0.00244287 931.386 0.00034743 1 -0.0972888 -0.230331 0.05 4611.2
0 3403 2 phononTS 0.0016769 -0.716284 4.47456 0.0199008 5650.09 0.00069486 1 0.0747208 -0.193941 0.05 22173.8
0 3403 6 phononTF 0.000348086 0.0747208 -0.193941 0.049999 22173.8 0.00034743 1 0.0786341 -0.249891 0.05 22236.9
0 3451 2 phononTF 0.000800058 2.62736 4.83991 -0.011983 11744.5 0.00034743 1 0.0346423 -0.105475 0.05 65787
0 3452 2 phononTF 0.00136426 -0.159914 4.15149 -0.0300877 890.99 0.00034743 1 -0.118116 -0.191617 0.05 10016.9
0 3526 4 phononTF 0.00068826 0.338594 -1.13331 0.0492396 9370.84 0.00034743 1 -0.0582562 -0.217687 0.05 9801.83
0 3543 3 phononTF 0.00262217 -0.000737558 3.62727 0.0376766 580.971 0.00104229 1 0.0657538 -0.238319 0.05 9945.12
0 3560 3 phononTF 0.00279052 -0.14079 3.62513 0.0193676 377.619 0.00034743 1 -0.0434688 -0.111465 0.05 10463.6
0 3590 6 phononTS 0.000803137 -1.87205 -0.461748 -0.0250902 34077.2 0.00034743 1 0.0689071 -0.255631 0.05 35159.7
0 3637 2 phononTS 0.00207918 -0.544978 3.0462 -0.0091615 12532.9 0.00069486 1 0.0362704 -0.197188 0.05 20338.5
0 3637 4 phononTF 0.000560539 0.0362704 -0.197188 0.049999 20338.5 0.00034743 1 -0.0630736 -0.275861 0.05 20544.8
0 3640 4 phononTF 0.0015586 0.103851 -0.396236 0.0260358 10023 0.00034743 1 -0.0818138 -0.127594 0.05 11013.5
0 3685 3 phononL 0.00246031 0.0266269 2.29746 0.0263504 13728.9 0.00069486 1 0.0643945 -0.24213 0.05 26469
0 3685 7 phononTF 0.000808263 0.0643945 -0.24213 0.049999 26469 0.00069486 1 0.116627 -0.212754 0.05 26686.3
0 3691 2 phononTS 0.00189705 -0.263034 4.09765 -0.0250234 609.337 0.00034743 1 -0.0291887 -0.175697 0.05 11429
0 3714 2 phononTF 0.00187502 0.4168 3.83797 0.0197694 1567.98 0.00034743 1 0.104653 -0.192993 0.05 119953
0 3723 2 phononTS 0.00207052 -0.130758 3.4796 0.0282823 1126.47 0.00069486 1 0.0638042 -0.256195 0.05 48888.5
0 3740 4 phononTS 0.00141402 -2.87263 3.91927 -0.0170982 16070.9 0.00034743 1 0.0491721 -0.214529 0.05 43589.2
0 3758 2 phononTS 0.00136983 0.371078 3.74171 -0.00690382 473.092 0.00034743 1 -0.104435 -0.221808 0.05 15620.5
0 3772 2 phononTS 0.00179547 0.223384 4.54908 0.0327576 1395.26 0.00034743 1 -0.111075 -0.179524 0.05 23081.9
0 3772 6 phononTS 0.000583503 -0.111075 -0.179524 0.049999 23081.9 0.00034743 1 -0.0882231 -0.205835 0.05 23173.7
0 3777 5 phononTS 0.0010494 -3.02735 4.05684 0.0350117 6643.14 0.00069486 1 0.0438851 -0.25916 0.05 30668.2
0 3804 2 phononTS 0.00157193 0.236232 3.66924 0.00880004 289.25 0.00034743 1 0.104318 -0.236668 0.05 30725.2
0 3804 4 phononTS 0.000656289 0.104318 -0.236668 0.049999 30725.2 0.00034743 1 0.0419388 -0.271242 0.05 30993.8
0 3807 2 phononTS 0.00250859 -0.189077 3.57102 0.0169051 2137.34 0.00069486 1 0.0666469 -0.27521 0.05 5808.1
0 3807 4 phononL 0.000732996 0.0666469 -0.27521 0.049999 5808.1 0.00034743 1 0.0786491 -0.202962 0.05 5988.82
0 3813 4 phononTF 0.00111103 3.32702 -0.909165 0.0114383 41505.1 0.00034743 1 -0.0722747 -0.141975 0.05 44810.9
0 3838 3 phononTS 0.001696 0.21368 4.01751 -0.0466999 1295.93 0.00034743 1 -0.0767059 -0.214917 0.05 14979.9
0 3846 3 phononL 0.00143103 -1.04482 3.81522 -0.0435106 11607.5 0.00034743 1 -0.0367558 -0.189162 0.05 47011.6
0 3846 5 phononTF 0.000402355 -0.0367558 -0.189162 0.049999 47011.6 0.00034743 1 0.0313453 -0.301433 0.05 47105.2
0 3848 7 phononTS 0.00122327 3.27731 -2.00912 -0.017739 122997 0.00034743 1 0.0250396 -0.216311 0.05 133338
0 3903 3 phononTF 0.00337487 0.706976 2.17718 -0.00503659 2008.85 0.00069486 1 -0.0438775 -0.187027 0.05 10110.1
0 3903 2 phononTS 0.00062513 0.706976 2.17718 -0.00503659 2008.85 0.00034743 1 -0.0831821 -0.215842 0.05 18046.8
0 3906 2 phononTS 0.00191263 0.373273 3.60033 -0.0265813 936.836 0.00034743 1 -0.054448 -0.276456 0.05 16737.5
0 3937 3 phononTS 0.00242776 0.631631 3.53125 -0.0226387 2149.45 0.00104229 1 0.027433 -0.104674 0.05 16295.5
0 4025 5 phononL 0.00112604 4.09706 0.374771 -0.0155399 25201.4 0.00034743 1 0.065724 -0.153927 0.05 159305
0 4082 2 phononTF 0.00145514 0.619193 4.14382 0.0462775 3025.69 0.00069486 1 -0.0913534 -0.136624 0.05 5963.36
0 4101 5 phononTS 0.00132571 0.97651 1.7585 0.00185672 7963.43 0.00034743 1 0.107458 -0.190557 0.05 41823.9
0 4103 4 phononTF 0.000753098 0.784877 3.92363 0.0111951 16717.2 0.00034743 1 -0.0711518 -0.20775 0.05 93262.2
0 4115 2 phononTF 0.00202882 1.57236 4.38017 0.0360125 4448.08 0.00069486 1 0.0504833 -0.116684 0.05 23399.3
0 4123 5 phononTF 0.00132822 -3.47879 2.24684 0.0324866 32600.6 0.00069486 1 -0.0423316 -0.220259 0.05 43337
0 4127 4 phononL 0.0011404 0.850285 4.94308 0.00246532 2740.55 0.00069486 1 -0.0637671 -0.169595 0.05 149082
0 4180 3 phononTF 0.0022516 0.212793 2.68219 0.0329317 15741.1 0.00069486 1 -0.0701918 -0.208811 0.05 41172.7
0 4202 4 phononTF 0.000636943 4.00113 2.19993 -0.00818024 109731 0.00034743 1 0.110617 -0.198591 0.05 123468
0 4251 3 phononTF 0.00225239 1.02327 2.40715 -0.029753 6591.18 0.00034743 1 -0.0394513 -0.233368 0.05 89990.5
0 4252 2 phononTS 0.00224395 0.0638655 4.14731 -0.0477873 888.935 0.00104229 1 -0.0257037 -0.249904 0.05 7627.47
0 4252 14 phononTS 0.000400848 -0.0257037 -0.249904 0.049999 7627.47 0.00034743 1 0.093482 -0.16921 0.05 7722.24
0 4293 2 phononL 0.00143791 0.661175 4.08238 0.00244008 260.545 0.00034743 1 -0.120635 -0.206318 0.05 12035.3
0 4293 8 phononTF 0.000802732 -0.120635 -0.206318 0.049999 12035.3 0.00034743 1 -0.0456851 -0.102189 0.05 12223.5
0 4293 12 phononTS 0.000377054 -0.0456851 -0.102189 0.049999 12223.5 0.00034743 1 -0.0679313 -0.206778 0.05 18945.8
0 4310 3 phononTF 0.00254921 0.16532 3.43387 0.000146174 5794.03 0.00034743 1 0.0504779 -0.187069 0.05 42137.2
0 4310 12 phononTF 0.000596889 4.88993 3.86665 -0.00385103 22987.5 0.00034743 1 0.0165891 -0.181339 0.05 56874.3
0 4325 1 phononTF 0.004 0.25 3.75 0 0 0.00034743 1 -0.0814023 -0.19473 0.05 16214.5
0 4325 3 phononTS 0.00109624 -0.0814023 -0.19473 0.049999 16214.5 0.00034743 1 -0.0475313 -0.178145 0.05 16290.9
0 4325 2 phononTF 0.00178194 -0.0814023 -0.19473 0.049999 16214.5 0.00034743 1 -0.113764 -0.227531 0.05 16348
0 4352 5 phononTS 0.00105693 1.11816 4.39203 0.0116243 39031.8 0.00069486 1 -0.0682569 -0.185176 0.05 95612.6
0 4360 2 phononTS 0.00122634 -0.775342 2.97481 -0.0497954 5245.34 0.00034743 1 -0.0444492 -0.226331 0.05 81068.1
0 4365 3 phononTS 0.00208324 -0.547239 2.42247 -0.047207 9917.83 0.00104229 1 -0.0691252 -0.269398 0.05 65154.7
0 4391 2 phononL 0.00243688 0.0731809 3.44748 -0.012316 4427.49 0.00069486 1 0.0368973 -0.106969 0.05 45848.1
0 4482 2 phononTS 0.00131378 0.683517 4.27134 -0.0311421 1306.43 0.00069486 1 0.116195 -0.196439 0.05 19438.3
0 4482 9 phononTS 0.000367526 0.116195 -0.196439 0.049999 19438.3 0.00034743 1 0.0842149 -0.130053 0.05 19512.3
0 4487 4 phononTF 0.000499165 -1.53653 3.62507 0.0219189 44941 0.00034743 1 -0.0365824 -0.0998993 0.05 77179.7
0 4488 3 phononL 0.00186469 -0.596133 2.86385 -0.0251365 2017.39 0.00034743 1 -0.096977 -0.206078 0.05 32327.5
0 4496 3 phononL 0.00218789 0.443742 3.77003 -0.0215372 15006.7 0.00069486 1 -0.0626476 -0.18524 0.05 53655.5
0 4498 2 phononTS 0.00208296 0.278712 4.93241 -0.0137548 10451.1 0.00034743 1 -0.0646438 -0.243803 0.05 23191.1
0 4626 5 phononTS 0.00151776 1.30413 0.105465 0.0305912 12741.3 0.00069486 1 -0.0182907 -0.195528 0.05 37434.1
0 4636 2 phononTS 0.00175217 1.95215 2.28845 -0.0489072 20681.2 0.00034743 1 0.0902969 -0.253647 0.05 30751.1
0 4636 4 phononTF 0.000538494 0.0902969 -0.253647 0.049999 30751.1 0.00034743 1 -0.0435409 -0.125804 0.05 30842.3
0 4681 4 phononL 0.00176962 -0.377545 2.164 -0.0272997 10527.5 0.00104229 1 0.118694 -0.199754 0.05 22526.4
0 4702 2 phononTF 0.00135187 -1.19137 3.72259 -0.0252945 14217.1 0.00034743 1 0.0538453 -0.205171 0.05 22307.8
0 4733 2 phononTS 0.00263869 1.34499 3.60589 -0.0415346 4504.07 0.00034743 1 -0.0478722 -0.269383 0.05 34076.7
0 4733 5 phononTS 0.00136457 -0.0478722 -0.269383 0.049999 34076.7 0.00069486 1 -0.0891881 -0.14751 0.05 77822.1
0 4743 3 phononTF 0.00232363 -0.825889 3.2248 -0.0489708 1652.65 0.00104229 1 -0.0290786 -0.301616 0.05 22869.3
0 4771 5 phononTF 0.000902975 -1.359 1.87159 -0.0295543 19389.4 0.00034743 1 0.0468358 -0.261224 0.05 53052.6
0 4778 2 phononTF 0.00233762 -0.763091 3.93915 -0.00799421 7214.24 0.00034743 1 0.117605 -0.203788 0.05 36867.3
0 4790 2 phononTS 0.00195573 -1.00169 3.62356 -0.0348571 5868.81 0.00069486 1 0.0878524 -0.205015 0.05 39324.4
0 4795 2 phononTF 0.00157305 0.213177 3.63829 0.049864 62.1743 0.00034743 1 -0.111276 -0.196421 0.05 54691.7
0 4834 3 phononTF 0.00176336 1.02385 2.99643 -0.0208882 2896.89 0.00034743 1 -0.0667573 -0.190508 0.05 36736.8
0 4834 4 phononTS 0.000616467 -0.0667573 -0.190508 0.049999 36736.8 0.00034743 1 -0.108053 -0.246598 0.05 36835.6
0 4841 3 phononTS 0.00200087 -0.708117 3.82202 -0.0375468 5511.5 0.00034743 1 0.0435178 -0.157283 0.05 68112.3
0 4852 2 phononL 0.000977445 -0.477328 2.66067 0.00816884 7494.73 0.00034743 1 -0.0922205 -0.249964 0.05 40722.6
0 4874 3 phononTS 0.00251564 0.0589472 4.27684 -0.00183424 4352.19 0.00069486 1 -0.0694945 -0.268806 0.05 27571.4
0 4875 3 phononTF 0.00263858 0.311568 3.76305 -0.00956306 174.841 0.00104229 1 -0.0549632 -0.15174 0.05 10862.3
0 4973 2 phononTS 0.0009185 0.307961 3.77085 -0.0329629 796.868 0.00034743 1 0.0784872 -0.154305 0.05 15777.4
0 4973 6 phononTS 0.000379496 0.0784872 -0.154305 0.049999 15777.4 0.00034743 1 -0.118249 -0.218358 0.05 16150.4
0 4981 2 phononTS 0.00295609 1.8979 2.58637 -0.0463258 15067 0.00069486 1 -0.0809304 -0.123343 0.05 38496.8
0 4981 7 phononTF 0.00074491 -0.0809304 -0.123343 0.049999 38496.8 0.00069486 1 -0.110183 -0.20536 0.05 38740.3
