Run ID,Event ID,Track ID,Particle Name,Start Energy [eV],Start X [mm],Start Y [mm],Start Z [mm],Start Time [ns],Energy Deposited [eV],Track Weight,End X [mm],End Y [mm],End Z [mm],Final Time [ns],Volume Name
0 47 3 phononTF 0.00162985 1.09125 3.39905 -0.0451326 6393.85 0.00104229 1 0.0948965 -0.139545 0.05 84220.1
0 52 2 phononTS 0.001601 1.59911 1.74687 0.042394 1499.29 0.00034743 1 -0.0623043 -0.228507 0.05 7312.17
0 58 4 phononL 0.000597342 0.860389 1.40382 -0.0112712 3433.45 0.00034743 1 0.0613497 -0.121984 0.05 44399
0 97 2 phononTS 0.00145819 -0.4518 2.46561 -0.0305581 4027.29 0.00034743 1 0.0421622 -0.143726 0.05 9115.23
0 125 3 phononTS 0.0025685 -0.330354 -0.0721889 -0.0371758 19387.3 0.00034743 1 -0.0845478 -0.20998 0.05 21082.6
0 134 2 phononTS 0.00180512 1.17812 2.28099 0.0419208 6019.93 0.00069486 1 0.0574407 -0.199959 0.05 14573.5
0 158 2 phononL 0.00193496 0.757733 2.98009 0.038262 2906.97 0.00034743 1 0.0267248 -0.2696 0.05 15392.1
0 160 2 phononTS 0.00200125 0.780715 2.3591 0.0103242 35.2588 0.00034743 1 0.0250615 -0.194076 0.05 2254.47
0 169 2 phononTS 0.00230828 0.393813 2.63878 0.0483242 1531.14 0.00069486 1 0.0439203 -0.154867 0.05 10983.7
0 171 4 phononL 0.00102092 2.25893 2.49265 -0.0146964 40671.8 0.00034743 1 -0.0375816 -0.178792 0.05 73799.5
0 171 7 phononTS 0.000597665 -0.0375816 -0.178792 0.049999 73799.5 0.00034743 1 -0.0192667 -0.203701 0.05 73925.7
0 190 3 phononTF 0.00251435 0.804005 1.9498 -0.0316171 3166.17 0.00104229 1 0.0521673 -0.210503 0.05 6422.66
0 215 2 phononTF 0.00129551 0.763591 2.23393 0.0282537 21.718 0.00034743 1 0.0439578 -0.140859 0.05 6561.57
0 216 3 phononTS 0.00237659 0.68913 1.0666 0.00954385 6948.78 0.00034743 1 0.0739285 -0.255149 0.05 9868.83
0 216 5 phononTS 0.00148642 0.0739285 -0.255149 0.049999 9868.83 0.00069486 1 0.0578235 -0.249947 0.05 9933.6
0 219 3 phononTF 0.00239648 1.19248 1.94659 -0.00742612 998.387 0.00069486 1 0.111995 -0.183438 0.05 6159.13
0 219 7 phononL 0.000349564 0.111995 -0.183438 0.049999 6159.13 0.00034743 1 -0.114461 -0.194604 0.05 6889.62
0 238 3 phononTF 0.00242282 -0.497911 2.07791 0.036371 7571.88 0.00069486 1 -0.0926744 -0.2052 0.05 46860.2
0 245 2 phononL 0.0027395 -0.112086 1.62587 0.00800277 1721.38 0.00034743 1 0.036406 -0.238255 0.05 43241.3
0 245 4 phononTS 0.00179108 0.036406 -0.238255 0.049999 43241.3 0.00034743 1 -0.0913724 -0.213867 0.05 43429.2
0 286 2 phononL 0.00183547 -0.185589 3.36652 -0.0226603 2298.27 0.00034743 1 -0.0677523 -0.193456 0.05 22779.1
0 286 6 phononTF 0.00103568 -0.0677523 -0.193456 0.049999 22779.1 0.00034743 1 0.0232784 -0.185833 0.05 22933.9
0 293 2 phononTF 0.00146289 -0.264501 2.4629 0.0456047 1584.93 0.00069486 1 -0.056693 -0.176751 0.05 6847.31
0 313 3 phononL 0.00251928 0.90248 2.08689 -0.0136403 215.859 0.00034743 1 0.0918137 -0.264941 0.05 3905.83
0 366 2 phononTS 0.00216789 0.31868 2.18381 0.00876406 13578.8 0.00034743 1 0.0567995 -0.273487 0.05 26700.2
0 366 4 phononTF 0.000739281 0.0567995 -0.273487 0.049999 26700.2 0.00034743 1 0.0454916 -0.160586 0.05 26769.3
0 372 2 phononTS 0.00120612 2.09602 1.21311 0.0448032 8147.89 0.00069486 1 0.0265848 -0.142969 0.05 9944.58
0 376 3 phononTS 0.00181328 0.780251 2.04792 0.0472589 116.746 0.00069486 1 -0.0631465 -0.258911 0.05 52031.2
0 421 4 phononL 0.00162856 0.45007 1.25019 0.0389516 2865.33 0.00034743 1 -0.0800575 -0.237841 0.05 51855.4
0 447 3 phononTF 0.00161667 0.616756 1.67571 -0.0228188 583.217 0.00034743 1 -0.0623697 -0.246384 0.05 28060
0 447 5 phononTS 0.00117958 -0.0623697 -0.246384 0.049998 28060 0.00034743 1 0.0218328 -0.251574 0.05 28136.4
0 462 2 phononTS 0.00043646 -0.402859 0.0923162 0.049999 16263.6 0.00034743 1 -0.0249004 -0.24804 0.05 16969.8
0 472 3 phononTF 0.00298002 0.00798662 0.0596376 -0.0158125 20526.5 0.00069486 1 -0.0847295 -0.184843 0.05 20867
0 472 4 phononTF 0.00176503 -0.0847295 -0.184843 0.049999 20867 0.00069486 1 -0.101861 -0.25666 0.05 20930.9
0 488 3 phononTF 0.00158619 0.658244 2.25218 -0.0430577 2234.18 0.00104229 1 -0.0435689 -0.292354 0.05 12015.2
0 503 3 phononL 0.00158348 1.55538 3.96113 -0.046803 16972.4 0.00069486 1 0.0314703 -0.138906 0.05 38759.5
0 510 3 phononTF 0.00154385 1.1118 2.61411 -0.0491716 1644.67 0.00069486 1 -0.0706331 -0.217191 0.05 8616.02
0 511 5 phononTF 0.00151806 -0.777436 4.73576 0.00923029 24622.6 0.00034743 1 -0.060458 -0.142935 0.05 98868.8
0 529 3 phononTF 0.0018737 -0.213957 1.0022 0.0218173 10877.1 0.00069486 1 0.0231807 -0.264487 0.05 46320.7
0 574 3 phononL 0.00231944 -0.101027 3.43157 0.0355564 3159.42 0.00034743 1 -0.0303149 -0.153842 0.05 13255.6
0 574 4 phononL 0.000787663 -0.0303149 -0.153842 0.049999 13255.6 0.00034743 1 0.115793 -0.168557 0.05 22475.4
0 600 2 phononL 0.00132657 0.682084 3.68612 0.0319433 2396.02 0.00034743 1 0.0361016 -0.178578 0.05 33949.3
0 605 2 phononTS 0.00229112 1.11772 3.78755 0.0459631 4323.25 0.00069486 1 0.102389 -0.242376 0.05 77053.4
0 638 2 phononTF 0.00166362 0.729815 -1.06442 -7.95986e-05 8063.95 0.00034743 1 -0.0788842 -0.256523 0.05 69240.6
0 638 4 phononTF 0.000690387 -0.0788842 -0.256523 0.049999 69240.6 0.00034743 1 -0.112674 -0.206 0.05 69393
0 646 2 phononTS 0.00176748 1.27055 0.868418 0.0439401 1111.92 0.00069486 1 -0.0545155 -0.190234 0.05 49487.4
0 657 3 phononL 0.00212002 0.690102 2.2867 0.0134774 13.6422 0.00069486 1 0.0457483 -0.234395 0.05 5864.17
0 744 2 phononTS 0.00116292 0.623698 1.89581 -0.0179838 1485.6 0.00034743 1 0.0442942 -0.284597 0.05 160454
0 778 2 phononTS 0.00286274 0.643062 0.427955 -0.0130339 5487.21 0.00104229 1 0.0229367 -0.233321 0.05 6172.77
0 778 10 phononTS 0.000453493 0.0229367 -0.233321 0.049999 6172.77 0.00034743 1 -0.0466719 -0.12488 0.05 6260.88
0 790 5 phononTS 0.00147278 2.28506 2.93517 -0.0221599 42686.3 0.00034743 1 -0.0630923 -0.121188 0.05 73735.2
0 790 6 phononTS 0.000840737 -0.0630923 -0.121188 0.049999 73735.2 0.00034743 1 0.0544523 -0.256884 0.05 73898
0 796 5 phononTF 0.00181279 3.73761 -1.00932 0.0162136 13540.4 0.00034743 1 -0.047866 -0.15634 0.05 29452.4
0 801 3 phononL 0.0021603 0.449431 2.39111 0.0232885 419.769 0.00138972 1 -0.0527886 -0.141837 0.05 3031.34
0 806 3 phononTF 0.00175966 -0.591635 -2.47362 -0.019442 14105.9 0.00034743 1 -0.0594207 -0.183467 0.05 24777.2
0 813 5 phononTS 0.000976723 -4.22629 1.17492 0.0388156 42781.9 0.00034743 1 -0.0849445 -0.181079 0.05 114242
0 847 2 phononTF 0.00191064 2.05336 3.4056 0.035918 6224.79 0.00069486 1 -0.0305973 -0.133654 0.05 21121.3
0 864 3 phononTF 0.00294483 0.796116 2.26934 0.035097 11.371 0.00034743 1 0.0979524 -0.259294 0.05 7941.46
0 864 4 phononTF 0.000362641 0.0979524 -0.259294 0.049999 7941.46 0.00034743 1 0.0284948 -0.154969 0.05 8088.61
0 880 3 phononL 0.00217847 0.703697 2.06455 0.0403928 91.3645 0.00034743 1 -0.0488644 -0.293802 0.05 49354.8
0 889 4 phononTS 0.00138915 0.700156 0.947828 0.0102195 4305.02 0.00034743 1 0.0502669 -0.282827 0.05 5010.16
0 895 3 phononTF 0.00165104 1.10425 2.40954 0.0403952 8595.69 0.00104229 1 -0.0374106 -0.274743 0.05 97098.7
0 986 2 phononTS 0.00177037 0.634894 2.26358 0.0402197 467.155 0.00069486 1 0.116549 -0.217149 0.05 2377.79
0 992 3 phononL 0.00157522 0.993271 3.23933 -0.0342817 1285.67 0.00034743 1 0.0425027 -0.109939 0.05 19446.1
0 1040 2 phononTF 0.00169579 0.331808 2.37798 -0.000280993 4740.31 0.00034743 1 -0.021549 -0.196148 0.05 39947.5
0 1089 3 phononTS 0.00184125 -0.696256 3.57477 0.042282 17395.8 0.00104229 1 0.0889891 -0.262842 0.05 71015
0 1095 3 phononTS 0.00140283 1.44562 0.767044 -0.0388464 2845.61 0.00034743 1 -0.0586679 -0.236161 0.05 9899.29
0 1105 2 phononTF 0.00205103 1.25902 2.87271 0.0085991 5014.96 0.00034743 1 -0.0928203 -0.191709 0.05 6533.84
0 1113 5 phononTS 0.00172998 -1.50235 1.82435 0.0381212 19470.4 0.00069486 1 0.0136596 -0.226854 0.05 51628.5
0 1114 3 phononTS 0.000910343 -0.305112 1.58196 -0.0137391 5164.79 0.00034743 1 0.0278986 -0.130123 0.05 7478.77
0 1141 2 phononTS 0.00212334 1.19848 1.93157 0.0200618 4803.5 0.00069486 1 -0.0924153 -0.202313 0.05 24111.9
0 1148 2 phononTS 0.00242322 1.13725 1.73843 -0.0441045 4069.7 0.00034743 1 -0.0592683 -0.272641 0.05 24102.1
0 1148 6 phononL 0.000555959 -0.0592683 -0.272641 0.049999 24102.1 0.00034743 1 0.115716 -0.20089 0.05 24168.1
0 1172 2 phononTF 0.00287587 0.26697 1.67181 0.00703363 823.281 0.00069486 1 0.0545124 -0.214892 0.05 3192.55
0 1183 2 phononTF 0.00182196 1.51988 4.97551 0.0105106 18067.1 0.00069486 1 0.0745084 -0.224823 0.05 60054.1
0 1186 2 phononTF 0.00170549 -0.545839 1.54335 -0.0446558 4398.44 0.00034743 1 0.025986 -0.190702 0.05 67367.2
0 1189 3 phononL 0.00152752 0.985693 2.49555 0.00833528 9757.01 0.00069486 1 -0.0355242 -0.124492 0.05 63078.3
0 1248 2 phononTS 0.00209058 0.522084 3.75284 -0.00187925 9234.01 0.00034743 1 -0.0950648 -0.194511 0.05 110097
0 1248 5 phononTF 0.000448208 -0.0950648 -0.194511 0.049999 110097 0.00034743 1 0.0526685 -0.183931 0.05 110177
0 1253 3 phononTS 0.0013628 0.124665 2.34556 0.0293116 2191.08 0.00034743 1 -0.0591427 -0.214837 0.05 5486.76
0 1259 3 phononL 0.0026107 0.725622 2.77854 0.012371 377.918 0.00069486 1 0.0162247 -0.203882 0.05 43726.9
0 1259 9 phononTF 0.00069128 0.0162247 -0.203882 0.049998 43726.9 0.00034743 1 0.076199 -0.163418 0.05 43870.7
0 1277 3 phononL 0.00182831 0.00441029 1.54887 -0.0097787 5170.81 0.00034743 1 0.0479724 -0.281855 0.05 19718.5
0 1318 2 phononTS 0.00177208 0.720304 2.19566 0.035621 13.2775 0.00034743 1 -0.0231736 -0.244218 0.05 5953.4
0 1320 3 phononTF 0.00184326 0.102639 1.66028 -0.0341918 5490.17 0.00069486 1 0.105443 -0.150523 0.05 9302.59
0 1332 2 phononTF 0.000932372 0.00260629 3.46098 0.0421454 5187.81 0.00069486 1 0.0489431 -0.200414 0.05 21505.3
0 1354 5 phononTF 0.00179963 -4.16967 4.47157 0.0308363 18184.7 0.00034743 1 -0.0355976 -0.193001 0.05 29941.6
0 1378 5 phononTS 0.00237095 -0.515955 1.24919 0.000671888 2056.24 0.00069486 1 -0.107468 -0.24065 0.05 10704.4
0 1401 2 phononTS 0.00202393 1.10792 2.21625 -0.0487696 3473.76 0.00069486 1 0.021614 -0.268363 0.05 6731.98
0 1401 4 phononTF 0.000834906 0.021614 -0.268363 0.049999 6731.98 0.00069486 1 0.0434814 -0.193122 0.05 6794.6
0 1473 3 phononTS 0.00215202 1.58859 1.79452 0.0124567 2560.66 0.00069486 1 -0.0415006 -0.108986 0.05 9487.16
0 1473 4 phononTS 0.00103747 -0.0415006 -0.108986 0.049999 9487.16 0.00034743 1 -0.06481 -0.294897 0.05 11600.9
0 1473 14 phononTS 0.000488765 -0.06481 -0.294897 0.049999 11600.9 0.00034743 1 -0.0312154 -0.17762 0.05 210896
0 1485 5 phononTS 0.00187735 3.56819 0.0786321 -0.0428225 31329.4 0.00034743 1 -0.0590301 -0.108437 0.05 153950
0 1494 3 phononL 0.00227913 1.21189 -0.237161 -0.0490987 6247.75 0.00034743 1 0.0824645 -0.276034 0.05 36088.9
0 1503 3 phononTF 0.00261992 0.728179 2.28134 -0.0102328 7.43334 0.00069486 1 0.103536 -0.25806 0.05 6329.37
0 1515 4 phononL 0.00111 2.17959 -1.76013 0.0105553 40366.6 0.00034743 1 0.0932449 -0.257002 0.05 54258.3
0 1521 3 phononTF 0.00154757 -0.0354981 1.03378 -0.0196203 2515.02 0.00034743 1 0.0540517 -0.142179 0.05 25849.4
0 1523 2 phononTF 0.00117407 -0.101598 2.71569 -0.0422963 7093.18 0.00034743 1 -0.107387 -0.162152 0.05 24646.9
0 1534 3 phononTF 0.0020766 1.47564 3.74429 -0.0376336 7324.82 0.00034743 1 -0.0771827 -0.119414 0.05 22518.8
0 1534 4 phononL 0.000928793 -0.0771827 -0.119414 0.049999 22518.8 0.00034743 1 -0.0586983 -0.114418 0.05 36323
0 1566 4 phononTS 0.00153218 -4.92796 0.810422 0.0170817 27592.2 0.00034743 1 -0.0362329 -0.175999 0.05 90993.4
0 1615 3 phononTF 0.00165586 0.392862 1.96671 -0.0423915 4959.48 0.00034743 1 -0.102813 -0.167013 0.05 27605.2
0 1622 7 phononL 0.00156279 2.37585 -3.94453 0.0432061 40980.9 0.00034743 1 0.0954193 -0.265202 0.05 50828.7
0 1626 2 phononTF 0.00199646 0.66796 1.72504 0.0295865 11525.5 0.00034743 1 -0.106666 -0.240445 0.05 31951.3
0 1626 4 phononTF 0.000576863 -0.106666 -0.240445 0.049999 31951.3 0.00034743 1 -0.0266036 -0.2409 0.05 32012.1
0 1642 2 phononL 0.0014749 1.09036 1.74569 0.0225731 1267.78 0.00034743 1 0.103279 -0.228739 0.05 23525.2
0 1642 6 phononL 0.000457142 0.103279 -0.228739 0.049999 23525.2 0.00034743 1 0.0385676 -0.240066 0.05 23583.4
0 1669 2 phononTS 0.0012898 0.684193 1.19185 0.0122937 1965.56 0.00034743 1 -0.037635 -0.231843 0.05 4970.96
0 1677 3 phononTF 0.00219599 0.971754 3.06262 0.0272762 9552.48 0.00034743 1 0.0643483 -0.233423 0.05 20728.9
0 1677 5 phononTF 0.0010871 0.0643483 -0.233423 0.049999 20728.9 0.00069486 1 0.058564 -0.250583 0.05 20801.7
0 1701 4 phononL 0.00145987 -1.6317 4.54634 -0.0343735 20458.8 0.00034743 1 -0.0178803 -0.221816 0.05 89625.6
0 1741 3 phononTF 0.00059029 0.508115 0.0486043 0.049999 5477.65 0.00034743 1 0.0380373 -0.17515 0.05 6442.51
0 1747 4 phononTF 0.00102764 -1.23936 0.757621 0.0333149 12696.6 0.00069486 1 0.0716205 -0.19901 0.05 36213.4
0 1770 2 phononTF 0.00175745 0.156082 3.18697 -0.0170283 8472.2 0.00069486 1 0.0350547 -0.14641 0.05 43316.1
0 1798 2 phononTF 0.00116188 0.452336 2.50658 0.00388679 1053.69 0.00034743 1 0.0722707 -0.232801 0.05 28624.5
0 1798 5 phononTS 0.000439493 0.0722707 -0.232801 0.049999 28624.5 0.00034743 1 -0.10448 -0.218603 0.05 28906.4
0 1830 2 phononTS 0.00191878 0.74341 2.25116 -0.00989011 2.27357 0.00034743 1 -0.107291 -0.173522 0.05 4941.19
0 1862 4 phononL 0.00224044 -2.27836 3.42807 0.0319593 27213.9 0.00069486 1 -0.0817633 -0.184939 0.05 54224.9
0 1862 11 phononTS 0.000385967 -0.0817633 -0.184939 0.049998 54224.9 0.00034743 1 -0.0569281 -0.142078 0.05 54292.7
0 1868 2 phononTF 0.000913642 0.13251 2.1862 -0.0317893 3639.65 0.00034743 1 -0.0339347 -0.141559 0.05 148433
0 1927 2 phononTF 0.00264073 0.75081 2.35928 0.0245331 950.953 0.00104229 1 -0.0258534 -0.180562 0.05 27956.9
0 1941 1 phononTS 0.004 0.75 2.25 0 0 0.00138972 1 -0.0973174 -0.2175 0.05 7688.81
0 1962 5 phononTS 0.000676911 0.468962 2.16708 -0.035043 16208.1 0.00034743 1 -0.0229524 -0.214434 0.05 40517.8
0 1966 3 phononL 0.00165105 1.22213 4.40892 0.00653857 4270.14 0.00034743 1 -0.0894817 -0.27307 0.05 70897.5
0 2014 1 phononL 0.004 0.75 2.25 0 0 0.00069486 1 0.0940603 -0.133439 0.05 10078.9
0 2091 3 phononTS 0.00188776 1.29708 1.79936 -0.0192447 2381.87 0.00034743 1 0.0626934 -0.128203 0.05 17785.5
0 2108 2 phononL 0.00167687 0.653606 2.4057 0.0176192 191.913 0.00034743 1 0.0288897 -0.10339 0.05 18469
0 2108 5 phononTF 0.000757201 0.0288897 -0.10339 0.049998 18469 0.00034743 1 0.109297 -0.156114 0.05 18540.9
0 2115 2 phononL 0.00149825 0.609333 2.17234 0.0189131 104.239 0.00034743 1 0.0574552 -0.141216 0.05 17778.9
0 2115 5 phononTS 0.000473115 0.0574552 -0.141216 0.049998 17778.9 0.00034743 1 -0.0255352 -0.136697 0.05 18095.7
0 2138 3 phononTF 0.00289279 0.846519 0.621614 0.0103203 8505.76 0.00138972 1 0.070984 -0.210572 0.05 11446.6
0 2177 2 phononL 0.00178212 0.318387 3.35362 -0.0206781 1067.9 0.00069486 1 -0.0322962 -0.244529 0.05 9246.09
0 2209 2 phononTF 0.00171655 -1.00553 1.3402 -0.0132287 13050.7 0.00034743 1 -0.0732404 -0.267505 0.05 18229.9
0 2218 5 phononTS 0.00185304 -0.0620864 0.660962 0.0178136 15255.3 0.00069486 1 -0.0292443 -0.124499 0.05 17299.4
0 2218 2 phononTS 0.0012241 0.0986466 1.83606 0.0155872 9680.91 0.00034743 1 -0.0456598 -0.255079 0.05 29686.2
0 2218 16 phononTF 0.000499157 -0.0456598 -0.255079 0.049999 29686.2 0.00034743 1 0.0566295 -0.121178 0.05 29866.2
0 2221 3 phononL 0.00205207 1.37077 2.26798 0.0278342 7374.05 0.00034743 1 0.0315177 -0.144748 0.05 105938
0 2221 4 phononTS 0.000490902 0.0315177 -0.144748 0.049998 105938 0.00034743 1 -0.0865403 -0.207832 0.05 106260
0 2223 2 phononL 0.002302 0.843384 2.33095 -0.00181367 323.868 0.00069486 1 -0.111889 -0.170894 0.05 19362.3
0 2223 7 phononTS 0.000858991 -0.111889 -0.170894 0.049999 19362.3 0.00034743 1 0.081088 -0.185147 0.05 19807.1
0 2275 3 phononL 0.00245719 1.38985 2.57724 0.0202391 3150.22 0.00034743 1 -0.0469609 -0.124166 0.05 27043.9
0 2275 5 phononTF 0.00089558 -0.0469609 -0.124166 0.049999 27043.9 0.00034743 1 0.0655107 -0.247505 0.05 27201.7
0 2288 2 phononTS 0.00149218 0.835262 2.34288 0.0256712 2713.68 0.00069486 1 -0.0341755 -0.106915 0.05 15130.4
0 2288 9 phononTS 0.000485865 -0.0341755 -0.106915 0.049998 15130.4 0.00034743 1 -0.0967958 -0.149048 0.05 15300.7
0 2292 3 phononTS 0.0016576 0.614971 2.18327 -0.0339338 79.0973 0.00034743 1 -0.0223253 -0.243705 0.05 4042.77
0 2292 4 phononTF 0.000732271 -0.0223253 -0.243705 0.049999 4042.77 0.00034743 1 -0.0226275 -0.25762 0.05 4101.04
0 2379 5 phononTS 0.00118885 -1.43045 -2.61338 0.033501 30161.7 0.00034743 1 0.0727291 -0.252906 0.05 85354.4
0 2394 3 phononL 0.00185809 -0.481867 2.78845 -0.022499 1485.35 0.00104229 1 0.0686756 -0.181309 0.05 6906.21
0 2417 5 phononTS 0.00130448 -0.702998 0.0878225 0.0191722 9149.8 0.00034743 1 0.0761363 -0.122676 0.05 11538.2
0 2454 3 phononL 0.000428116 0.136686 0.0419169 0.049999 4078.1 0.00034743 1 0.0456462 -0.215285 0.05 16165.4
0 2491 2 phononTS 0.00234516 0.127513 3.24471 0.0443672 5389.21 0.00034743 1 -0.0613549 -0.171407 0.05 20804.5
0 2491 5 phononTF 0.000591089 -0.0613549 -0.171407 0.049999 20804.5 0.00034743 1 -0.0630847 -0.173303 0.05 20883.3
0 2491 4 phononTS 0.00116252 -0.0613549 -0.171407 0.049999 20804.5 0.00034743 1 0.0537809 -0.286204 0.05 21037.2
0 2515 2 phononTF 0.000753488 0.965094 3.87891 0.0407036 18626.5 0.00034743 1 0.0428855 -0.210305 0.05 107570
0 2527 3 phononTS 0.00222751 0.367617 1.27124 0.0128623 1042.86 0.00069486 1 0.0376308 -0.26484 0.05 2517.96
0 2527 4 phononTF 0.00111405 0.0376308 -0.26484 0.049999 2517.96 0.00034743 1 0.0426577 -0.264357 0.05 2718.08
0 2538 3 phononTF 0.00226316 1.58708 1.20671 -0.00832714 7279.94 0.00034743 1 0.112537 -0.239282 0.05 20138.3
0 2540 4 phononTS 0.000832035 4.07895 2.9189 -0.0116576 43679.3 0.00034743 1 -0.0494427 -0.265816 0.05 53238
0 2540 7 phononTS 0.000354668 -0.0494427 -0.265816 0.049999 53238 0.00034743 1 -0.0957043 -0.133405 0.05 53325
0 2546 5 phononTF 0.0014857 -1.15038 2.42222 0.0232612 27793.9 0.00034743 1 -0.0523017 -0.258219 0.05 75236.1
0 2546 6 phononL 0.000629623 -0.0523017 -0.258219 0.049999 75236.1 0.00034743 1 -0.0288319 -0.253134 0.05 76540.3
0 2572 2 phononTS 0.00144203 0.733566 3.14328 -0.0202569 14945.9 0.00034743 1 -0.0861182 -0.232838 0.05 109499
0 2572 6 phononTF 0.000955119 -0.0861182 -0.232838 0.049999 109499 0.00034743 1 -0.0684458 -0.228062 0.05 109650
0 2572 11 phononTS 0.000594344 -0.0684458 -0.228062 0.049999 109650 0.00034743 1 -0.0614537 -0.236359 0.05 109707
0 2579 2 phononTS 0.00174166 0.545678 4.11787 0.0203642 3709.39 0.00034743 1 -0.036648 -0.252245 0.05 30618
0 2584 5 phononTS 0.00135711 0.221234 -0.396089 0.00751586 15352.4 0.00034743 1 0.0527284 -0.16689 0.05 81951.2
0 2644 2 phononTS 0.00202865 1.29617 2.06448 -0.0289356 5859.85 0.00069486 1 -0.117103 -0.176062 0.05 14816.1
0 2667 3 phononTF 0.00128858 0.739893 2.21428 -0.00572824 23.4162 0.00034743 1 0.0847732 -0.237532 0.05 15184.4
0 2667 6 phononTS 0.000570407 0.0847732 -0.237532 0.049999 15184.4 0.00034743 1 0.0747143 -0.212708 0.05 15248.4
0 2697 3 phononTS 0.00214364 0.597573 2.00216 -0.0427687 10454.2 0.00034743 1 -0.0876686 -0.277272 0.05 20575.2
0 2701 2 phononTS 0.00193171 0.888241 2.07012 0.0255789 91.3193 0.00034743 1 0.100238 -0.163654 0.05 10550.5
0 2704 3 phononTS 0.00127118 0.782714 1.36745 -0.0132362 1590.03 0.00034743 1 0.10677 -0.252041 0.05 48429.4
0 2751 5 phononTS 0.00165842 2.16918 2.13841 0.0430655 12951 0.00069486 1 -0.0865531 -0.128129 0.05 54272.5
0 2757 2 phononTS 0.00157768 0.740716 2.2439 0.00238038 2.15273 0.00034743 1 0.0226677 -0.16136 0.05 41382.4
0 2758 3 phononL 0.00272508 0.428072 3.03135 0.0438411 4037.58 0.00034743 1 0.0373955 -0.276925 0.05 22897.6
0 2782 3 phononTF 0.00119626 0.871432 2.02071 -0.00595063 1552.97 0.00069486 1 -0.109007 -0.202322 0.05 32219.8
0 2806 3 phononTS 0.00148458 0.754611 2.09141 0.0021415 2962.56 0.00069486 1 -0.110465 -0.168327 0.05 18336.3
0 2844 3 phononL 0.00269263 0.676424 1.19747 -0.0402213 5223.23 0.00034743 1 0.0648009 -0.111373 0.05 55583.7
0 2858 2 phononTF 0.000470392 0.733352 2.18408 0.0315237 18.0449 0.00034743 1 0.0664476 -0.179279 0.05 8392.36
0 2860 5 phononTS 0.00209649 -3.11101 4.14256 -0.0111381 7445.21 0.00104229 1 0.0798893 -0.189785 0.05 71163
0 2873 3 phononL 0.00224046 0.747989 2.24775 -0.00329544 0.826115 0.00069486 1 0.0216841 -0.151907 0.05 6626.81
0 2873 4 phononTF 0.000382509 0.0216841 -0.151907 0.049999 6626.81 0.00034743 1 -0.0732871 -0.286374 0.05 6920.45
0 2902 2 phononTS 0.00153098 0.829647 4.0889 0.0135046 4776.06 0.00034743 1 -0.103662 -0.228362 0.05 19575.8
0 2920 4 phononTS 0.000577128 -1.6668 -1.30507 0.0216951 18797.3 0.00034743 1 -0.0539886 -0.220719 0.05 37476.1
0 2948 2 phononTF 0.00181777 0.340849 0.712097 0.025479 5931.83 0.00069486 1 -0.0700992 -0.176753 0.05 58596.4
0 2987 3 phononTS 0.00222279 -0.215548 4.13785 -0.0213442 12390.9 0.00069486 1 0.0713415 -0.183314 0.05 33792.6
0 3052 3 phononTF 0.00197682 1.39054 2.68537 0.00546882 1462.27 0.00034743 1 0.0318809 -0.159865 0.05 14417.5
0 3057 3 phononTS 0.00278357 0.0343079 2.04096 -0.0424736 2507.2 0.00034743 1 0.0966338 -0.160206 0.05 4974.49
0 3065 5 phononTS 0.000672671 -0.347936 -0.382581 0.00455897 34182.7 0.00034743 1 0.0701845 -0.15957 0.05 34792.9
0 3065 4 phononL 0.00151049 -0.347936 -0.382581 0.00455897 34182.7 0.00034743 1 -0.050396 -0.126406 0.05 37457.4
0 3066 1 phononTF 0.004 0.75 2.25 0 0 0.00104229 1 -0.109147 -0.158995 0.05 10143.1
0 3082 2 phononTF 0.00139424 1.01335 1.61705 -0.0318142 9328.03 0.00034743 1 -0.0541296 -0.169555 0.05 33671.5
0 3082 4 phononTF 0.000831854 -0.0541296 -0.169555 0.049999 33671.5 0.00034743 1 -0.0694538 -0.19685 0.05 33729.1
0 3089 3 phononTF 0.00222086 0.716428 2.23066 0.00692285 7.54884 0.00069486 1 0.0203846 -0.248283 0.05 5568.33
0 3089 4 phononTS 0.000730749 0.0203846 -0.248283 0.049999 5568.33 0.00034743 1 -0.0747809 -0.1473 0.05 5720.31
0 3148 2 phononTS 0.00140576 0.596137 2.32887 -0.00112636 1920.15 0.00069486 1 -0.049821 -0.287524 0.05 6482.86
0 3159 3 phononTS 0.00289589 1.30407 1.52803 -0.042844 3455.35 0.00104229 1 -0.0313339 -0.122073 0.05 12337.1
0 3159 8 phononTF 0.000914718 -0.0313339 -0.122073 0.049999 12337.1 0.00034743 1 0.0979757 -0.234001 0.05 12423.6
0 3159 21 phononTS 0.000362132 0.0979757 -0.234001 0.049999 12423.6 0.00034743 1 0.0935068 -0.23239 0.05 12481.3
0 3173 3 phononTF 0.00180029 0.877139 1.4902 -0.035398 21946.7 0.00069486 1 0.0903188 -0.163939 0.05 59596.9
0 3175 5 phononTS 0.0011846 1.38735 2.38121 0.0139556 45431.4 0.00034743 1 0.0536092 -0.228338 0.05 103656
0 3175 7 phononTF 0.000471833 0.0536092 -0.228338 0.049999 103656 0.00034743 1 -0.080926 -0.256464 0.05 103868
0 3176 3 phononL 0.00177404 0.30787 3.19134 -0.018297 1388.44 0.00069486 1 -0.0904735 -0.132761 0.05 26678.9
0 3189 3 phononTF 0.00139093 0.943249 1.97976 -0.021177 2851.14 0.00034743 1 -0.105891 -0.211576 0.05 8876.71
0 3195 3 phononTS 0.00191845 0.641951 2.04764 -0.0256185 871.976 0.00069486 1 -0.0309078 -0.159256 0.05 9001.73
0 3197 3 phononTF 0.00239201 0.638765 4.60524 0.0478595 21590.6 0.00069486 1 0.0837524 -0.239094 0.05 26931.1
0 3201 2 phononTS 0.00176027 1.52472 0.590106 -0.0420447 5476.71 0.00069486 1 0.0227228 -0.245806 0.05 19016.6
0 3201 5 phononL 0.000480791 0.0227228 -0.245806 0.049999 19016.6 0.00034743 1 0.0574353 -0.201882 0.05 20334.2
0 3215 2 phononTS 0.00214655 -0.329632 3.12592 -0.0211705 2669.91 0.00069486 1 -0.0225453 -0.16603 0.05 39314.8
0 3233 3 phononTS 0.00240136 0.24328 2.59761 -0.0403818 448.619 0.00104229 1 -0.0732725 -0.151534 0.05 11116.8
0 3236 5 phononTF 0.00172725 -1.85887 -4.96338 0.0408597 36446.5 0.00034743 1 0.0505478 -0.300676 0.05 42710.5
0 3254 3 phononTS 0.0028499 1.24864 2.28902 0.00228803 2373.82 0.00069486 1 -0.0543102 -0.176562 0.05 28723.6
0 3264 3 phononTS 0.00216184 0.582664 2.14877 -0.00950133 271.452 0.00069486 1 0.014163 -0.226714 0.05 17205.8
0 3296 3 phononTF 0.00266836 0.727943 2.24228 -0.0305305 7.24094 0.00034743 1 -0.0548958 -0.244541 0.05 11808.4
0 3303 4 phononTS 0.00139201 2.65047 4.05408 0.0379654 8970.58 0.00069486 1 -0.0666858 -0.16925 0.05 18985.4
0 3303 6 phononTF 0.000450409 -0.0666858 -0.16925 0.049999 18985.4 0.00034743 1 -0.107475 -0.189846 0.05 19216.5
0 3337 3 phononTS 0.00206751 1.34556 2.30084 -0.0435429 661.075 0.00034743 1 0.0665303 -0.198233 0.05 5655.56
0 3345 2 phononTF 0.00209325 1.33831 3.11384 0.0379944 1981.95 0.00104229 1 0.0791914 -0.249424 0.05 6089.07
0 3346 2 phononTS 0.00219627 1.47027 2.38853 -0.00924587 2066.76 0.00069486 1 -0.035662 -0.245287 0.05 11587.6
0 3389 3 phononL 0.00197995 0.902161 0.378079 -0.0484435 17584 0.00069486 1 -0.093434 -0.248762 0.05 30957.8
0 3389 4 phononTF 0.000378979 -0.093434 -0.248762 0.049999 30957.8 0.00034743 1 0.0521962 -0.201759 0.05 31108
0 3423 3 phononTS 0.00102252 -0.0353127 4.8715 0.0154068 11732.6 0.00034743 1 0.111965 -0.168493 0.05 24027.1
0 3423 6 phononTF 0.000634267 0.111965 -0.168493 0.049999 24027.1 0.00034743 1 0.0768447 -0.148519 0.05 24094.9
0 3433 2 phononTS 0.000631097 0.518254 0.0593303 0.049998 5234.42 0.00034743 1 -0.0845198 -0.147548 0.05 39126.6
0 3477 2 phononTF 0.00230499 0.264665 3.59594 0.00629584 3525.49 0.00069486 1 -0.0801469 -0.238955 0.05 21600.5
0 3505 2 phononTF 0.00242552 0.897326 2.03999 0.00834586 1150.39 0.00069486 1 0.0334458 -0.257851 0.05 41543.6
0 3505 5 phononL 0.000581214 0.0334458 -0.257851 0.049999 41543.6 0.00034743 1 0.0327885 -0.28722 0.05 41595.5
0 3514 2 phononTF 0.00168942 -0.876137 3.3076 0.0187945 3753.46 0.00034743 1 0.0252582 -0.284595 0.05 45295.7
0 3600 5 phononTF 0.00154791 3.44925 1.37975 0.00470014 11305.1 0.00069486 1 -0.0847941 -0.144668 0.05 39401.3
0 3603 2 phononTF 0.00237871 0.437794 1.72505 0.0266226 8215.42 0.00069486 1 -0.0591619 -0.259163 0.05 19672.4
0 3617 5 phononTS 0.00121414 0.2406 3.45683 -0.0318566 53961.9 0.00034743 1 0.0448224 -0.247649 0.05 67164.8
0 3638 3 phononTS 0.00140696 0.24712 2.8549 -0.0241942 4806.11 0.00034743 1 0.0659487 -0.252843 0.05 15812.9
0 3665 4 phononTS 0.000741923 3.34276 -2.53973 -0.0279441 60761.5 0.00034743 1 0.042425 -0.253238 0.05 121427
0 3671 3 phononTS 0.00158462 -1.22973 -0.227615 -0.0263873 7925.28 0.00034743 1 0.0407253 -0.278546 0.05 39434.9
0 3671 4 phononL 0.000717409 0.0407253 -0.278546 0.049999 39434.9 0.00034743 1 -0.0173958 -0.195701 0.05 41149.3
0 3678 2 phononTS 0.00172919 1.66064 0.75035 0.043697 6576.52 0.00069486 1 0.0336535 -0.247671 0.05 17489
0 3680 2 phononL 0.00166344 -2.96653 -1.30786 -0.0140947 40339.9 0.00034743 1 0.0173971 -0.166004 0.05 74302.1
0 3681 3 phononTS 0.00193171 1.81051 1.83642 0.0125314 1190.43 0.00034743 1 0.0380379 -0.210073 0.05 21946.8
0 3696 3 phononTS 0.00214585 1.17864 2.067 -0.0459868 3650.85 0.00069486 1 -0.0997873 -0.158226 0.05 39832.3
0 3710 2 phononL 0.00177788 1.48614 2.17848 0.00962493 3677.77 0.00069486 1 0.093216 -0.268415 0.05 21134.2
0 3719 3 phononTS 0.00138586 0.591888 2.22033 0.049439 122.383 0.00034743 1 -0.0804769 -0.138054 0.05 3212.01
0 3735 3 phononTS 0.00257091 -0.88913 1.60018 0.00527986 3082.56 0.00034743 1 -0.0480686 -0.299924 0.05 25451.5
0 3735 5 phononL 0.00119576 -0.0480686 -0.299924 0.049999 25451.5 0.00034743 1 -0.0588818 -0.221613 0.05 26915.4
0 3735 4 phononTS 0.000742739 -0.0480686 -0.299924 0.049999 25451.5 0.00034743 1 0.0502644 -0.178623 0.05 25659.3
0 3735 2 phononTS 0.00142909 -0.88913 1.60018 0.00527986 3082.56 0.00069486 1 0.115398 -0.208249 0.05 6415.23
0 3779 2 phononTS 0.00146694 -0.242036 2.98302 0.0252157 8135.48 0.00034743 1 -0.0433968 -0.124262 0.05 18161.2
0 3836 2 phononTS 0.00178562 -0.305859 3.29632 0.0110387 11247.1 0.00069486 1 -0.0877769 -0.191908 0.05 45618.8
0 3851 3 phononTS 0.00249251 1.46953 1.26201 -0.0463072 5195.66 0.00069486 1 -0.0854527 -0.147346 0.05 17730.2
0 3853 2 phononTF 0.000452783 0.311915 0.0820076 0.049999 5687.47 0.00034743 1 -0.0476057 -0.207976 0.05 7439
0 3859 3 phononL 0.0024008 0.605667 0.770635 -0.0190869 7770.68 0.00104229 1 0.111205 -0.155638 0.05 10208
0 3880 3 phononL 0.00196073 3.03011 1.47536 -0.0492916 5250.08 0.00034743 1 -0.0445709 -0.267241 0.05 6831.21
0 3880 5 phononTF 0.00114439 -0.0445709 -0.267241 0.049999 6831.21 0.00069486 1 -0.0124085 -0.180975 0.05 7079.73
0 3885 3 phononL 0.00156673 0.584952 3.32334 -0.0241002 2839.92 0.00034743 1 -0.0870367 -0.182946 0.05 57534.9
0 3885 5 phononTS 0.00120536 -0.0870367 -0.182946 0.049999 57534.9 0.00034743 1 -0.0322545 -0.107229 0.05 57608.8
0 3914 3 phononTS 0.00161736 0.864061 2.70248 -0.00245401 5043.96 0.00069486 1 -0.029883 -0.286688 0.05 6745.33
0 3920 3 phononTS 0.000772047 0.988909 0.0903037 0.049999 6779.02 0.00034743 1 -0.0597978 -0.286451 0.05 41073.3
0 3950 5 phononTF 0.00158705 3.59941 1.69434 -0.0137671 12231.9 0.00069486 1 -0.0500791 -0.278516 0.05 60358.6
0 4014 3 phononTF 0.00160731 0.419928 2.00889 0.0361241 1421.35 0.00034743 1 0.114105 -0.17274 0.05 34469.9
0 4014 2 phononL 0.00239269 0.419928 2.00889 0.0361241 1421.35 0.00104229 1 -0.015299 -0.180856 0.05 2839.43
0 4014 10 phononTS 0.000598071 -0.015299 -0.180856 0.049999 2839.43 0.00034743 1 -0.0540682 -0.22439 0.05 2908.35
0 4091 3 phononTS 0.00183437 1.40896 3.65096 0.0460545 4226.27 0.00069486 1 0.0470122 -0.118394 0.05 21370
0 4102 2 phononTS 0.00193822 1.47981 2.7191 0.0386852 5465.82 0.00104229 1 0.086805 -0.191504 0.05 18916.8
0 4114 3 phononL 0.00132961 -0.564398 1.59538 -0.0068932 14521.1 0.00034743 1 0.0620882 -0.225118 0.05 25413.8
0 4114 12 phononTS 0.00157411 -0.152072 2.24528 -0.00351082 27758.5 0.00069486 1 0.0483128 -0.200884 0.05 52236.9
0 4124 2 phononTF 0.00254201 1.71319 1.68147 -0.0266834 2560.5 0.00104229 1 0.0521962 -0.272347 0.05 51224.6
0 4135 3 phononL 0.00229747 2.31253 3.28016 -0.029397 13032.2 0.00069486 1 0.0827451 -0.128667 0.05 16673.4
0 4135 4 phononL 0.000389632 0.0827451 -0.128667 0.049999 16673.4 0.00034743 1 -0.100973 -0.237626 0.05 17091.4
0 4189 2 phononTS 0.00189525 1.76099 3.49051 -0.0426526 9207.68 0.00069486 1 -0.0843803 -0.243171 0.05 38341
0 4221 2 phononTS 0.00134891 -0.67318 1.48241 0.0396953 7071.61 0.00069486 1 0.0373661 -0.219167 0.05 9039.86
0 4228 2 phononL 0.0024881 0.495989 1.26591 0.036127 1814.52 0.00104229 1 -0.0849347 -0.130826 0.05 3399.48
0 4246 2 phononTS 0.00217231 -0.358036 2.50553 0.0302092 4752.88 0.00069486 1 0.0324305 -0.1954 0.05 26320.8
0 4246 7 phononTS 0.000381079 0.0324305 -0.1954 0.049999 26320.8 0.00034743 1 0.0270135 -0.179354 0.05 26381.2
0 4292 3 phononTF 0.00268414 0.868908 2.50396 0.0211157 125.756 0.00069486 1 -0.0692706 -0.194173 0.05 1647.17
0 4292 5 phononL 0.0010339 -0.0692706 -0.194173 0.049999 1647.17 0.00034743 1 -0.0260556 -0.151178 0.05 2205.58
0 4292 14 phononTF 0.000669687 -0.0260556 -0.151178 0.049999 2205.58 0.00034743 1 0.0776614 -0.250583 0.05 2286.95
0 4341 2 phononTS 0.00259751 0.794436 2.42588 0.0309625 410.554 0.00034743 1 0.0424216 -0.291222 0.05 50806.6
0 4344 2 phononTF 0.00206897 0.865848 2.62965 0.031748 2595.04 0.00034743 1 -0.058226 -0.125372 0.05 35078.5
0 4344 5 phononTS 0.000881784 -0.058226 -0.125372 0.049999 35078.5 0.00034743 1 0.0472845 -0.301017 0.05 35502.7
0 4367 3 phononTS 0.00229489 1.12431 2.04855 -0.0142726 426.782 0.00138972 1 -0.0141203 -0.182313 0.05 3138.09
0 4389 3 phononL 0.00300416 0.79906 2.16345 0.00507608 1221.98 0.00034743 1 0.0335965 -0.192765 0.05 4074.29
0 4389 5 phononTS 0.00131474 0.0335965 -0.192765 0.049999 4074.29 0.00034743 1 0.0781826 -0.115618 0.05 4224.34
0 4389 4 phononTS 0.00108253 0.0335965 -0.192765 0.049999 4074.29 0.00034743 1 -0.076845 -0.136767 0.05 4181.14
0 4399 5 phononL 0.00135838 2.15923 -0.399631 -0.0299116 35382.1 0.00034743 1 0.0707557 -0.236344 0.05 40691.3
0 4399 6 phononTS 0.000347516 0.0707557 -0.236344 0.049999 40691.3 0.00034743 1 0.0664313 -0.173955 0.05 40764.2
0 4431 2 phononTS 0.00209599 -0.543511 1.1946 0.016753 4203.03 0.00069486 1 0.0513623 -0.107633 0.05 20307
0 4456 5 phononTS 0.00119933 -0.39217 1.64652 -0.0428108 8457.29 0.00034743 1 0.113658 -0.232761 0.05 18029.9
0 4459 2 phononTF 0.00286999 0.389151 2.04771 0.031208 3681.54 0.00138972 1 -0.0404668 -0.224228 0.05 34027.2
0 4460 2 phononL 0.0021658 0.182704 3.49091 0.0477245 33139.3 0.00034743 1 -0.082966 -0.187728 0.05 58070.2
0 4468 2 phononL 0.0028388 -0.053865 1.88649 -0.0131178 2059.5 0.00034743 1 0.036771 -0.100096 0.05 6834.19
0 4468 6 phononTF 0.000451075 0.036771 -0.100096 0.049999 6834.19 0.00034743 1 -0.0312412 -0.111982 0.05 6898.41
0 4492 2 phononTS 0.00196893 -0.168713 0.301264 -0.014509 4069.91 0.00034743 1 -0.0364426 -0.249741 0.05 17213.2
0 4541 4 phononL 0.00132907 -0.69301 1.15858 0.0188116 4341.29 0.00034743 1 -0.0446565 -0.278101 0.05 53167.7
0 4541 2 phononTS 0.000768327 0.0876002 2.40378 0.032815 599.062 0.00034743 1 -0.0438002 -0.204839 0.05 35794.2
0 4551 4 phononTF 0.00125163 3.0227 2.42151 0.013895 30473.9 0.00034743 1 -0.0232573 -0.228802 0.05 75620.4
0 4559 2 phononTS 0.00199012 1.43978 2.33616 0.00780766 1214.82 0.00034743 1 0.0383797 -0.269133 0.05 8320.47
0 4564 2 phononTS 0.00162149 0.722815 2.06651 -0.0226306 1385.81 0.00034743 1 -0.0693422 -0.202259 0.05 37797.9
0 4589 3 phononTF 0.00119462 0.0390464 0.43836 0.00114714 13939.2 0.00034743 1 -0.106632 -0.15817 0.05 14297.3
0 4590 3 phononTF 0.00219688 0.62791 2.72537 0.0204399 913.737 0.00069486 1 0.0670784 -0.218843 0.05 33930.8
0 4590 5 phononTS 0.00143947 0.0670784 -0.218843 0.049999 33930.8 0.00069486 1 -0.0338693 -0.160818 0.05 34214.1
0 4598 2 phononTF 0.0010113 1.68729 1.41756 0.00848523 7374.96 0.00034743 1 0.0654236 -0.160975 0.05 8012.5
0 4612 5 phononL 0.00178136 2.58933 2.0592 0.0354021 23101.7 0.00034743 1 0.0860212 -0.212603 0.05 63715.8
0 4621 3 phononTS 0.00173813 -0.24502 2.47614 -0.0414972 4101.86 0.00034743 1 -0.0688353 -0.261448 0.05 48101.9
0 4621 4 phononTS 0.00111589 -0.0688353 -0.261448 0.049999 48101.9 0.00034743 1 -0.0830327 -0.242927 0.05 48163.9
0 4639 3 phononL 0.0026497 1.30215 1.62869 -0.0125502 3974.07 0.00069486 1 -0.058304 -0.262631 0.05 24062.1
0 4639 6 phononTS 0.00126104 -0.058304 -0.262631 0.049999 24062.1 0.00034743 1 -0.0238804 -0.277966 0.05 24625.7
0 4644 5 phononTS 0.0018838 -4.73012 3.3961 -0.00135703 54285.2 0.00034743 1 -0.034326 -0.244898 0.05 99486.7
0 4644 8 phononTS 0.00104807 -0.034326 -0.244898 0.049999 99486.7 0.00034743 1 0.0697969 -0.145437 0.05 99573.1
0 4656 1 phononL 0.004 0.75 2.25 0 0 0.00104229 1 0.0684229 -0.246081 0.05 11821.3
0 4666 5 phononTF 0.00216974 0.0387354 0.0419337 0.0435282 15304.1 0.00034743 1 0.0756463 -0.213635 0.05 16255.4
0 4672 3 phononTS 0.00185041 1.24722 1.6074 0.0198708 8518.54 0.00069486 1 0.0940526 -0.160096 0.05 28710.2
0 4698 4 phononTF 0.00171579 0.957831 1.10995 -0.0172081 6099.31 0.00069486 1 -0.0155236 -0.230197 0.05 44629.1
0 4706 2 phononTS 0.00200755 1.88811 2.46239 -0.0322754 5100.82 0.00034743 1 -0.0193545 -0.155683 0.05 86695.1
0 4735 3 phononTF 0.00225521 0.81188 1.70844 -0.00706061 9732.7 0.00104229 1 0.0366612 -0.256922 0.05 51587.3
0 4741 2 phononTF 0.00269005 0.481938 1.95429 -0.0401859 5457.53 0.00104229 1 0.0751389 -0.157844 0.05 7638.91
0 4759 5 phononTS 0.00121167 -4.31371 1.59434 0.048648 19040 0.00034743 1 0.0463181 -0.138621 0.05 75235.5
0 4760 2 phononTF 0.00240417 0.786425 1.50049 0.0405602 751.408 0.00034743 1 -0.0912174 -0.246282 0.05 6244.67
0 4760 4 phononTF 0.00121945 -0.0912174 -0.246282 0.049999 6244.67 0.00034743 1 -0.118099 -0.199758 0.05 7210.18
0 4785 5 phononTF 0.000466139 -0.0776579 0.0915099 0.049999 6574.25 0.00034743 1 0.041358 -0.104778 0.05 7082.46
0 4813 2 phononTS 0.00124091 0.438638 2.47255 -0.0333777 5511.73 0.00069486 1 0.033616 -0.13716 0.05 26728.2
0 4827 1 phononTS 0.004 0.75 2.25 0 0 0.00034743 1 0.0929089 -0.179498 0.05 26508.4
0 4870 2 phononTS 0.00174241 0.352541 0.5814 0.0489717 11697.2 0.00069486 1 0.0852317 -0.195089 0.05 27214.9
0 4870 6 phononTF 0.000406264 0.0852317 -0.195089 0.049998 27214.9 0.00034743 1 -0.0245245 -0.214351 0.05 27774.1
0 4874 5 phononTS 0.00231303 1.15819 1.47815 -0.0373291 2961.69 0.00138972 1 -0.0492974 -0.2853 0.05 51777.7
0 4889 3 phononL 0.00298455 0.629387 2.0471 0.00618354 1498.3 0.00069486 1 0.0493249 -0.132788 0.05 8515.11
0 4889 5 phononTS 0.00147953 0.0493249 -0.132788 0.049999 8515.11 0.00034743 1 -0.03885 -0.159398 0.05 8590.71
0 4894 2 phononTF 0.0023424 1.24321 0.613807 -0.0353063 5548.37 0.00034743 1 -0.114393 -0.178903 0.05 14577.8
0 4934 3 phononTF 0.00201995 1.28376 2.68716 0.0438201 2211.98 0.00104229 1 0.0255996 -0.170733 0.05 74103.3
0 4955 2 phononTS 0.00163682 1.00332 1.89885 0.0188159 3864.48 0.00034743 1 0.10375 -0.187744 0.05 44027.6
0 4986 3 phononL 0.00134979 0.726028 2.19872 0.0421557 83.7458 0.00034743 1 -0.0505801 -0.266105 0.05 62422
0 4998 3 phononL 0.00165782 -0.772844 2.08102 -0.0176033 3658.52 0.00034743 1 -0.0203349 -0.212463 0.05 28836.8
