Run ID,Event ID,Track ID,Particle Name,Start Energy [eV],Start X [mm],Start Y [mm],Start Z [mm],Start Time [ns],Energy Deposited [eV],Track Weight,End X [mm],End Y [mm],End Z [mm],Final Time [ns],Volume Name
0 1 2 phononTF 0.00142632 1.6192 4.2363 0.00286931 22755.5 0.00034743 1 0.043302 -0.169462 0.05 30968.1
0 82 3 phononTS 0.00260368 1.70414 2.14075 -0.0428494 230.548 0.00069486 1 -0.0671473 -0.122816 0.05 23204.5
0 82 8 phononTS 0.000359651 -0.0671473 -0.122816 0.049999 23204.5 0.00034743 1 0.0687094 -0.222997 0.05 24554.8
0 82 5 phononL 0.000456292 -0.0671473 -0.122816 0.049999 23204.5 0.00034743 1 -0.0989584 -0.237734 0.05 23421.3
0 85 3 phononL 0.00195687 0.336972 1.58917 -0.0114758 21786.2 0.00034743 1 -0.116734 -0.211636 0.05 24145.8
0 109 3 phononTS 0.00173119 1.64557 1.8439 0.0287033 1342.54 0.00069486 1 -0.0511018 -0.222275 0.05 7301.22
0 109 8 phononTF 0.000726437 -0.0511018 -0.222275 0.049999 7301.22 0.00034743 1 -0.0530494 -0.233528 0.05 7357.77
0 122 2 phononTS 0.00155204 1.487 0.434133 -0.0311715 1108.25 0.00034743 1 0.0441902 -0.154464 0.05 72779.4
0 124 3 phononTS 0.00154896 1.54776 1.06408 -0.0418192 4216.5 0.00069486 1 0.045353 -0.238496 0.05 15274.7
0 146 4 phononTS 0.00140681 -1.51996 3.48352 -0.01027 10747.7 0.00034743 1 -0.0712172 -0.163251 0.05 103407
0 181 3 phononTS 0.00227936 0.245712 1.87866 -0.0342115 1378.27 0.00069486 1 -0.0420663 -0.269848 0.05 12099.9
0 193 2 phononTS 0.00125428 -0.373731 1.68858 -0.0193226 12575.9 0.00034743 1 -0.0970475 -0.14651 0.05 54650.8
0 194 3 phononTS 0.00250536 -0.113354 -0.581248 0.0168299 11937.1 0.00104229 1 -0.0827236 -0.254329 0.05 12843.9
0 194 6 phononTF 0.000855563 -0.0827236 -0.254329 0.049999 12843.9 0.00034743 1 0.0383863 -0.270397 0.05 12916.6
0 205 3 phononTF 0.00254424 1.56788 2.91389 0.0249429 2365.41 0.00138972 1 -0.0756625 -0.170205 0.05 21696.3
0 224 2 phononTF 0.00244688 1.65071 1.61439 -0.0376122 356.905 0.00034743 1 0.0435863 -0.115142 0.05 6644.83
0 233 3 phononL 0.0012605 0.887914 1.12587 0.00800277 1721.38 0.00104229 1 -0.0321101 -0.232637 0.05 14172.3
0 235 3 phononL 0.00165322 1.75758 1.73235 0.0086554 4.01117 0.00069486 1 0.0414635 -0.123597 0.05 57023.4
0 248 3 phononL 0.00271932 3.44749 2.87532 -0.03652 8482.05 0.00104229 1 0.0432349 -0.284303 0.05 62078.1
0 248 4 phononL 0.000793241 0.0432349 -0.284303 0.049999 62078.1 0.00034743 1 0.0768729 -0.244889 0.05 62125.7
0 265 2 phononTS 0.00181707 2.13124 1.89068 0.0341962 1132.33 0.00069486 1 -0.0886497 -0.267153 0.05 25199.7
0 270 3 phononL 0.00247099 1.47186 1.91119 0.0300061 911.209 0.00069486 1 -0.0140346 -0.195341 0.05 3041.66
0 270 13 phononTS 0.000746202 -0.0140346 -0.195341 0.049999 3041.66 0.00034743 1 -0.0234843 -0.1806 0.05 3102.03
0 270 4 phononL 0.000400424 -0.0140346 -0.195341 0.049999 3041.66 0.00034743 1 0.105867 -0.148674 0.05 6961.98
0 272 3 phononL 0.00171831 1.82946 1.92006 0.0186185 134.159 0.00034743 1 0.0326267 -0.218856 0.05 12094.9
0 289 3 phononTF 0.00276664 2.34257 1.77149 0.0444208 3078.27 0.00069486 1 0.039854 -0.115356 0.05 5562.32
0 296 4 phononTS 0.00190233 3.60224 -4.58832 0.0032141 27734.9 0.00069486 1 -0.0569893 -0.244482 0.05 68158.5
0 296 7 phononTS 0.000586805 -0.0569893 -0.244482 0.049999 68158.5 0.00034743 1 0.0346452 -0.267816 0.05 69054
0 313 7 phononTS 0.000929692 -2.66471 1.92666 -0.000531139 18447 0.00034743 1 0.0965238 -0.183451 0.05 78783.6
0 338 2 phononTF 0.00121687 1.74208 -0.367937 -0.0400623 8759.1 0.00034743 1 0.0838403 -0.269162 0.05 9346.5
0 371 5 phononTF 0.00162441 0.987913 -2.42733 0.0205954 33341 0.00069486 1 -0.0509826 -0.198513 0.05 56816.9
0 387 3 phononTS 0.00240574 1.31154 2.05913 -0.0323401 1123.08 0.00069486 1 0.0400983 -0.154349 0.05 18428.9
0 402 5 phononTF 0.00206257 -3.47242 2.17603 0.0407843 31806.1 0.00034743 1 0.0734063 -0.154045 0.05 112673
0 446 2 phononTF 0.00130745 0.609344 1.94956 0.00152263 7798.63 0.00069486 1 -0.0600594 -0.122373 0.05 9838.26
0 481 2 phononL 0.00162781 2.79054 1.82978 -0.00825653 7554.62 0.00069486 1 -0.0236933 -0.223524 0.05 25511.8
0 484 3 phononTS 0.00243459 0.701772 2.45179 0.037077 1831.54 0.00034743 1 0.0735596 -0.25696 0.05 17922.5
0 501 3 phononL 0.00227838 2.41331 2.21108 0.0161331 2054.61 0.00069486 1 -0.0483398 -0.193367 0.05 21333.5
0 517 3 phononTF 0.0023233 -0.266926 3.58153 0.0253917 4365.14 0.00138972 1 0.0959097 -0.146683 0.05 20853.3
0 554 2 phononTS 0.00265914 1.77068 3.22489 0.00650358 4181.11 0.00034743 1 0.0369495 -0.100345 0.05 12810.8
0 554 6 phononTF 0.00045734 0.0369495 -0.100345 0.049999 12810.8 0.00034743 1 -0.0775219 -0.181738 0.05 13125.4
0 576 2 phononTF 0.00271358 2.19911 2.23222 0.0446235 1616.66 0.00069486 1 0.114169 -0.18433 0.05 5863.13
0 576 4 phononL 0.00153141 0.114169 -0.18433 0.049999 5863.13 0.00069486 1 -0.0468106 -0.187319 0.05 5919.51
0 602 2 phononTF 0.00200705 1.25834 2.0429 0.00856036 541.659 0.00034743 1 -0.0656837 -0.150036 0.05 1652.86
0 622 3 phononTF 0.0018713 1.60368 1.79183 -0.0482831 1839.1 0.00034743 1 -0.0972939 -0.184288 0.05 32400.5
0 622 6 phononTS 0.000887853 -0.0972939 -0.184288 0.049999 32400.5 0.00034743 1 0.091625 -0.239107 0.05 32505.7
0 628 2 phononL 0.00143819 0.897588 1.67052 0.0245873 3751.4 0.00069486 1 -0.0565918 -0.183426 0.05 11915
0 631 2 phononTS 0.00214244 1.36517 2.00585 -0.00301759 4635.08 0.00034743 1 -0.0471061 -0.199083 0.05 11041.9
0 640 3 phononTS 0.00175679 1.11273 3.16929 0.0303374 6741.54 0.00069486 1 0.0941098 -0.152072 0.05 9178.61
0 642 4 phononTS 0.0014054 2.65552 3.10375 -0.0487636 5321.04 0.00069486 1 0.100538 -0.182357 0.05 82644.2
0 649 2 phononTS 0.00106606 2.44345 1.66625 0.0140783 806.497 0.00034743 1 0.0412485 -0.19131 0.05 92708.4
0 649 6 phononTF 0.000663421 0.0412485 -0.19131 0.049998 92708.4 0.00034743 1 -0.0521466 -0.174325 0.05 92846
0 655 3 phononL 0.00175616 1.74363 1.68239 0.0454553 106.258 0.00034743 1 -0.0848238 -0.179016 0.05 18544.8
0 657 5 phononTF 0.00131558 0.661788 3.07354 0.0423732 17647.3 0.00069486 1 -0.0660755 -0.270096 0.05 105993
0 658 4 phononTF 0.000712501 4.91033 -1.65396 -0.0262868 14097 0.00034743 1 -0.101062 -0.227656 0.05 51331.5
0 699 3 phononTS 0.00236012 1.04031 1.47139 0.0308197 4263.9 0.00104229 1 0.0418908 -0.205301 0.05 17978
0 699 9 phononTS 0.000478998 0.0418908 -0.205301 0.049999 17978 0.00034743 1 0.0211945 -0.225238 0.05 18038.6
0 702 3 phononTF 0.002201 2.11621 1.95301 -0.0183103 6298.46 0.00069486 1 -0.0385238 -0.121339 0.05 30461.1
0 722 3 phononTS 0.00168727 2.24603 1.69591 -0.0211934 783.2 0.00069486 1 0.103924 -0.183779 0.05 7156.18
0 736 5 phononTS 0.0017193 3.3588 2.60997 -0.0204052 4047.33 0.00034743 1 0.0213637 -0.18061 0.05 33772
0 762 2 phononL 0.00168778 2.83079 2.05769 -0.0290541 3216.32 0.00034743 1 -0.0620088 -0.130443 0.05 65745.6
0 762 6 phononTS 0.00106242 -0.0620088 -0.130443 0.049999 65745.6 0.00069486 1 -0.0636573 -0.13467 0.05 65801.8
0 770 4 phononTF 0.00113017 -0.834799 -0.478652 0.0482109 113176 0.00034743 1 0.0569675 -0.236727 0.05 199703
0 770 7 phononL 0.000512393 0.0569675 -0.236727 0.049998 199703 0.00034743 1 0.0634013 -0.187719 0.05 199807
0 818 2 phononTS 0.00225131 3.05092 1.58724 0.00711516 2614.28 0.00034743 1 -0.0567602 -0.268479 0.05 12648.8
0 833 3 phononTF 0.0022916 0.677477 0.596501 0.0325349 11039.2 0.00069486 1 0.104589 -0.199232 0.05 14260.3
0 889 3 phononTF 0.0014662 1.24763 0.429414 0.022943 2938.38 0.00069486 1 -0.0717988 -0.112025 0.05 6638.13
0 896 2 phononTS 0.00171482 2.52754 2.77702 0.0481285 6668.64 0.00034743 1 0.0865432 -0.225392 0.05 32776.2
0 899 3 phononTF 0.00191927 0.357852 0.906564 -0.0418818 4193.17 0.00069486 1 0.0841756 -0.193664 0.05 5148.21
0 899 9 phononTF 0.000410423 0.0841756 -0.193664 0.049999 5148.21 0.00034743 1 0.113698 -0.16868 0.05 5388.22
0 938 5 phononTS 0.00132395 0.587726 -1.62671 0.00638516 12346.5 0.00034743 1 0.042121 -0.108601 0.05 15244.9
0 938 6 phononL 0.000937155 0.042121 -0.108601 0.049999 15244.9 0.00034743 1 -0.0244061 -0.19564 0.05 16863.6
0 973 3 phononL 0.00256452 1.39875 0.407706 0.00113232 3859.07 0.00069486 1 -0.0420842 -0.259559 0.05 81627.9
0 978 2 phononL 0.00169269 3.18169 1.73413 -0.000471196 7947.36 0.00069486 1 0.0801473 -0.158288 0.05 35996.4
0 978 10 phononTF 0.000502153 0.0801473 -0.158288 0.049999 35996.4 0.00034743 1 0.0264494 -0.156102 0.05 36063.7
0 1003 2 phononTS 0.00131623 1.46261 1.26077 0.0449899 4190.59 0.00069486 1 0.0886638 -0.127669 0.05 141320
0 1025 2 phononTS 0.0011845 1.64478 1.37313 -0.00826695 7588.8 0.00034743 1 -0.0195951 -0.156698 0.05 23434.7
0 1033 2 phononTS 0.00254838 1.69429 1.80795 0.0378716 306.771 0.00069486 1 0.0513935 -0.282737 0.05 40364.8
0 1058 5 phononTF 0.00119572 3.20339 1.33289 0.0084031 17722.9 0.00069486 1 -0.0662876 -0.249488 0.05 73810.5
0 1077 2 phononTF 0.00212269 2.20643 1.56856 0.00398047 1627.14 0.00069486 1 0.0369301 -0.298968 0.05 5102.81
0 1079 4 phononL 0.00162943 3.88071 3.39545 -0.0489803 47390.9 0.00034743 1 -0.0261986 -0.133096 0.05 119059
0 1080 4 phononTF 0.00107312 2.15696 -0.645993 0.00220006 27034.7 0.00034743 1 -0.04744 -0.107945 0.05 52141.7
0 1109 2 phononTS 0.00144779 2.31616 2.80154 -0.0449003 3088.69 0.00034743 1 -0.105339 -0.209079 0.05 30298.2
0 1112 1 phononTS 0.004 1.75 1.75 0 0 0.00104229 1 0.0187921 -0.146828 0.05 11597
0 1127 2 phononTF 0.00201083 0.850725 2.05276 -0.029131 1777.34 0.00069486 1 0.0993518 -0.253249 0.05 5262.19
0 1147 2 phononTS 0.00252578 0.295671 0.652796 -0.0381225 5806.68 0.00034743 1 -0.0897667 -0.158221 0.05 7067.1
0 1147 5 phononTF 0.00108262 -0.0897667 -0.158221 0.049999 7067.1 0.00069486 1 0.0993437 -0.159477 0.05 31623.2
0 1156 2 phononTF 0.00135945 3.82531 0.319191 0.0488412 23213.8 0.00034743 1 -0.0938661 -0.246741 0.05 37945.7
0 1192 2 phononTF 0.0015217 3.59412 1.65298 0.0194127 9018.94 0.00034743 1 0.0454212 -0.11358 0.05 19197.8
0 1279 5 phononTF 0.00160012 4.17265 -1.19264 -0.00100144 68384.1 0.00034743 1 0.0370261 -0.125878 0.05 105479
0 1284 3 phononTF 0.00193702 1.93508 1.81496 0.0351685 363.171 0.00069486 1 0.100646 -0.253486 0.05 49861.3
0 1301 2 phononTF 0.00221905 1.91526 1.82861 -0.0307179 3714.76 0.00069486 1 -0.0502558 -0.12215 0.05 11329.4
0 1301 7 phononTS 0.000556423 -0.0502558 -0.12215 0.049999 11329.4 0.00034743 1 -0.059627 -0.121851 0.05 11385.5
0 1301 4 phononTF 0.000472478 -0.0502558 -0.12215 0.049999 11329.4 0.00034743 1 -0.0572017 -0.285202 0.05 11403.4
0 1303 2 phononL 0.00188684 0.820428 -0.260492 0.0461777 3351.4 0.00104229 1 0.0883986 -0.242053 0.05 4419.36
0 1339 2 phononTF 0.000648209 2.56939 0.0650372 0.049999 4554.46 0.00034743 1 0.033058 -0.135101 0.05 25548.8
0 1355 2 phononTF 0.00177177 1.95938 0.350424 -0.0203625 8948.11 0.00069486 1 -0.0444282 -0.125368 0.05 14106.7
0 1360 7 phononL 0.00117497 0.11444 -0.322729 -0.0215247 109971 0.00069486 1 0.0857409 -0.25897 0.05 114560
0 1379 3 phononTS 0.000799482 0.869967 0.0981128 0.049999 8566.47 0.00034743 1 0.094988 -0.198367 0.05 9940.29
0 1408 3 phononL 0.0022717 3.05041 0.508613 0.0376909 2835.67 0.00034743 1 -0.0502695 -0.136799 0.05 69897.7
0 1417 4 phononTS 0.00135994 1.90223 0.217506 -0.0344313 18656.2 0.00034743 1 0.0867258 -0.20192 0.05 20971.7
0 1424 2 phononTS 0.00211729 0.873198 1.17167 -0.0391913 2093.12 0.00034743 1 -0.0344252 -0.204461 0.05 4305.47
0 1439 3 phononTF 0.00270595 3.36273 -0.011594 0.0315812 26548.2 0.00069486 1 0.0542753 -0.252524 0.05 40148.9
0 1439 7 phononTS 0.000675766 0.0542753 -0.252524 0.049999 40148.9 0.00034743 1 0.0746383 -0.245159 0.05 40209.5
0 1442 5 phononTS 0.00211777 1.34571 1.03838 -0.0333997 7755.64 0.00069486 1 -0.0312774 -0.290213 0.05 22236.2
0 1482 3 phononTF 0.00288333 1.578 1.89503 0.0169653 3962.43 0.00034743 1 0.0529195 -0.154085 0.05 7674.78
0 1482 4 phononL 0.000944972 0.0529195 -0.154085 0.049998 7674.78 0.00034743 1 0.0431328 -0.0957778 0.05 61049
0 1482 11 phononTS 0.000439458 0.0431328 -0.0957778 0.049999 61049 0.00034743 1 0.0487812 -0.180478 0.05 61522.8
0 1509 2 phononTF 0.00197004 1.61882 1.52437 -0.0333774 1812.42 0.00069486 1 0.0704782 -0.263628 0.05 32506.7
0 1516 3 phononTF 0.00185002 1.80041 1.66382 0.0146672 19.3689 0.00069486 1 -0.0356112 -0.298284 0.05 35901
0 1516 4 phononTS 0.000356063 -0.0356112 -0.298284 0.049999 35901 0.00034743 1 0.0581358 -0.108613 0.05 36014.3
0 1529 2 phononL 0.00208094 1.4451 2.08698 -0.0118919 11455.4 0.00034743 1 -0.0443717 -0.190164 0.05 16763.4
0 1541 3 phononTF 0.00217123 2.49227 2.34762 -0.000188347 6588.26 0.00069486 1 -0.0273803 -0.210662 0.05 14263.8
0 1546 5 phononTS 0.00134325 2.59463 -0.97267 -0.00398771 72528.8 0.00034743 1 0.0432825 -0.111818 0.05 121149
0 1573 4 phononTS 0.00140025 -0.956873 -3.25547 -0.0374663 16104.7 0.00034743 1 0.0721121 -0.201609 0.05 25586.7
0 1574 4 phononTS 0.00054542 -0.0455631 4.27509 -0.0431783 21158.1 0.00034743 1 0.105779 -0.220513 0.05 24762.9
0 1593 3 phononTF 0.00228879 1.82181 1.57856 -0.0180579 105.912 0.00138972 1 0.0298225 -0.105809 0.05 8294.89
0 1594 2 phononTF 0.00112588 1.80991 1.68027 -0.0431834 2812.53 0.00069486 1 0.0641791 -0.210339 0.05 12771.6
0 1606 3 phononTS 0.00309892 1.78186 1.34198 0.00443729 6195.47 0.00069486 1 -0.0959093 -0.226484 0.05 10419.1
0 1607 3 phononTF 0.00358621 0.595808 -1.09088 -0.0387961 12775.7 0.00104229 1 -0.107631 -0.207444 0.05 16154
0 1614 4 phononTS 0.00174105 -1.35788 2.20535 0.0428247 19980.3 0.00034743 1 -0.049685 -0.214926 0.05 69926.8
0 1614 7 phononTS 0.00095924 -0.049685 -0.214926 0.049999 69926.8 0.00034743 1 -0.0538348 -0.240025 0.05 69988.8
0 1634 4 phononTS 0.00199804 3.24904 4.99277 -0.031387 22808.5 0.00034743 1 0.0981384 -0.249011 0.05 177176
0 1661 5 phononTF 0.00100348 -1.11037 0.0557297 0.0138791 67870.3 0.00034743 1 -0.0129797 -0.189589 0.05 72456.7
0 1666 3 phononTF 0.000477154 2.76401 0.0681967 0.049999 8342.99 0.00034743 1 -0.0487698 -0.136419 0.05 19429.7
0 1685 3 phononL 0.0018519 4.76814 1.59499 -0.0451575 27319.6 0.00034743 1 -0.087026 -0.260744 0.05 37204.8
0 1685 5 phononL 0.00127183 -0.087026 -0.260744 0.049999 37204.8 0.00069486 1 -0.0578037 -0.174597 0.05 37246
0 1689 2 phononTS 0.00135744 2.24416 2.00457 0.0240367 1198.41 0.00069486 1 0.0534316 -0.180004 0.05 72347.5
0 1692 5 phononTS 0.00127097 2.00359 -2.68021 -0.0142173 25255.2 0.00034743 1 0.0446832 -0.292386 0.05 40518.5
0 1697 5 phononTF 0.00162178 4.20337 1.33703 0.0471551 32527.2 0.00069486 1 0.0714792 -0.14104 0.05 77670.4
0 1698 2 phononTS 0.0020279 -0.180566 0.483637 0.0330177 7083.09 0.00034743 1 -0.0935776 -0.199145 0.05 10256.3
0 1768 3 phononTF 0.00176378 1.91212 2.06436 0.0303133 3659.38 0.00034743 1 -0.0224989 -0.253936 0.05 19172.6
0 1796 2 phononTF 0.00132362 1.70215 1.82746 0.0472091 19.0294 0.00069486 1 0.0161712 -0.159081 0.05 51795.2
0 1814 3 phononL 0.000491267 0.604921 0.0143674 0.049999 4051.27 0.00034743 1 -0.0442646 -0.237639 0.05 8288.49
0 1859 2 phononTS 0.00185115 1.76747 0.614877 -0.0290331 3160.32 0.00069486 1 0.114586 -0.193383 0.05 35136.8
0 1874 2 phononTS 0.00105441 -0.71755 1.24978 -0.0497555 12547.8 0.00034743 1 0.0284537 -0.148898 0.05 21955.7
0 1888 3 phononL 0.0023145 0.90757 1.90049 -0.0271559 4934.76 0.00104229 1 0.0967261 -0.194449 0.05 10375.1
0 1890 1 phononTS 0.004 1.75 1.75 0 0 0.00104229 1 0.0871909 -0.237591 0.05 5948.26
0 1890 11 phononL 0.000611535 0.0871909 -0.237591 0.049999 5948.26 0.00034743 1 0.0476117 -0.271092 0.05 5995.89
0 1915 3 phononTS 0.00108812 2.73421 1.32382 0.0394884 7315.02 0.00034743 1 -0.0943245 -0.246076 0.05 89592.2
0 1918 2 phononTF 0.00118697 -0.44098 1.44073 0.0265857 17384.9 0.00034743 1 0.0892821 -0.124713 0.05 58102.3
0 1945 3 phononTS 0.00194987 0.38291 1.06104 0.0259293 3873.7 0.00034743 1 0.108936 -0.246933 0.05 41774.6
0 1948 3 phononTF 0.00260437 1.72897 1.81066 -0.0288238 22.3396 0.00034743 1 0.0440427 -0.232295 0.05 49358.2
0 1948 6 phononTS 0.000357747 0.0440427 -0.232295 0.049999 49358.2 0.00034743 1 -0.0341478 -0.294522 0.05 49492.4
0 1948 5 phononTS 0.000841638 0.0440427 -0.232295 0.049999 49358.2 0.00034743 1 0.105973 -0.149577 0.05 70249.4
0 1964 5 phononL 0.00169201 0.766767 -1.27855 -0.039309 49286.6 0.00069486 1 -0.0540679 -0.177167 0.05 153454
0 1969 4 phononTS 0.00111673 3.17059 1.78764 -0.0246023 4434.99 0.00034743 1 -0.0858833 -0.158306 0.05 25560.3
0 1969 6 phononTS 0.000458711 -0.0858833 -0.158306 0.049999 25560.3 0.00034743 1 -0.0170182 -0.239829 0.05 25636.8
0 1977 5 phononTF 0.00135116 4.36579 1.62906 0.00857821 10488.3 0.00034743 1 -0.0613671 -0.261611 0.05 52761.9
0 1977 7 phononTS 0.000613586 -0.0613671 -0.261611 0.049999 52761.9 0.00034743 1 0.0246038 -0.207265 0.05 67394
0 1983 3 phononTF 0.00266374 2.0234 2.04694 -0.0221153 1309.11 0.00104229 1 -0.0448261 -0.207801 0.05 12058.3
0 1994 4 phononL 0.00154098 3.31116 1.65478 0.0146128 28291.5 0.00034743 1 0.0349733 -0.123659 0.05 81905
0 2021 2 phononTF 0.00227449 0.0739064 -0.0910226 0.0446111 15468.7 0.00069486 1 0.113519 -0.194249 0.05 15500.2
0 2050 2 phononL 0.00187576 -0.258827 0.122234 -0.0326122 2763.6 0.00034743 1 -0.0344152 -0.153423 0.05 12768.2
0 2053 2 phononTS 0.00176848 1.06977 1.22776 -0.0345895 4328.85 0.00034743 1 -0.0279417 -0.250201 0.05 8177.65
0 2108 2 phononTF 0.00244618 2.87386 1.60939 -0.0245068 6176.82 0.00034743 1 0.0824119 -0.217607 0.05 16689.6
0 2108 6 phononTS 0.000871461 0.0824119 -0.217607 0.049999 16689.6 0.00034743 1 -0.078262 -0.149863 0.05 17153.7
0 2133 5 phononL 0.00180625 4.69847 2.42188 -0.0435964 26404.4 0.00034743 1 0.0406443 -0.187867 0.05 45606.1
0 2159 2 phononL 0.00219766 0.925399 1.21079 0.0433917 7577.13 0.00034743 1 0.0534527 -0.264817 0.05 12925.5
0 2159 5 phononTF 0.000445022 0.0534527 -0.264817 0.049998 12925.5 0.00034743 1 0.0352117 -0.141597 0.05 12997.1
0 2167 3 phononTF 0.00173836 1.56708 2.57607 0.0115227 2148.66 0.00104229 1 -0.0692314 -0.114252 0.05 51542.6
0 2181 2 phononL 0.00126161 4.51162 -0.873959 -0.0306739 7638.65 0.00069486 1 0.109598 -0.242615 0.05 83103.7
0 2190 5 phononTS 0.00153314 0.298395 0.840688 -0.0011785 3562.4 0.00034743 1 -0.0387198 -0.123532 0.05 5044.34
0 2273 3 phononTF 0.00249136 2.04518 0.460328 0.020938 8643.17 0.00069486 1 0.0788413 -0.150325 0.05 13299.1
0 2277 3 phononTS 0.00175941 1.93743 2.05174 -0.017041 2730.76 0.00034743 1 -0.0165717 -0.18185 0.05 13194.2
0 2318 3 phononL 0.00108786 3.76858 0.725305 0.0317097 6921.19 0.00034743 1 -0.0952943 -0.188033 0.05 16010.3
0 2347 3 phononL 0.00254554 0.520508 1.56608 -0.0313142 3106.33 0.00104229 1 -0.0571613 -0.113897 0.05 9580.26
0 2354 1 phononTS 0.004 1.75 1.75 0 0 0.00138972 1 -0.0952671 -0.15586 0.05 16442.1
0 2406 2 phononTS 0.00162966 1.70959 1.63533 -0.0195028 44.216 0.00034743 1 0.0880145 -0.131552 0.05 56356.5
0 2412 3 phononTS 0.00236978 1.01154 0.64503 -0.0182987 2898.56 0.00104229 1 -0.101611 -0.2236 0.05 64135.9
0 2463 5 phononTF 0.00150483 4.65099 2.04236 -0.0142335 21245.8 0.00034743 1 -0.0627795 -0.196082 0.05 44201.3
0 2463 4 phononTF 0.000949618 4.65099 2.04236 -0.0142335 21245.8 0.00034743 1 0.0335456 -0.284661 0.05 24486.6
0 2495 5 phononTS 0.000658649 0.0975305 -0.362947 0.0180067 7249.47 0.00034743 1 -0.0294176 -0.267573 0.05 7351.33
0 2503 3 phononTF 0.00218962 0.100291 0.395347 -0.0326484 9907.86 0.00069486 1 0.0914778 -0.270318 0.05 23119.5
0 2600 2 phononL 0.0021541 1.64813 2.00457 -0.00664118 453.245 0.00034743 1 -0.0155379 -0.162483 0.05 4024.16
0 2600 5 phononTS 0.00151844 -0.0155379 -0.162483 0.049999 4024.16 0.00069486 1 0.0224165 -0.184751 0.05 4203.82
0 2631 2 phononTF 0.00191546 0.411993 1.19777 0.0164216 3869.64 0.00034743 1 -0.0435831 -0.190326 0.05 81456.7
0 2640 3 phononTF 0.00256143 -2.25697 2.01588 -0.0345661 13340.7 0.00104229 1 -0.0362538 -0.210598 0.05 23681.5
0 2640 6 phononTS 0.00041427 -0.0362538 -0.210598 0.049998 23681.5 0.00034743 1 -0.036785 -0.207304 0.05 23738.8
0 2651 3 phononTF 0.00248968 3.15664 1.62283 -0.0340663 6336.77 0.00069486 1 0.0240291 -0.246894 0.05 28120.3
0 2763 2 phononTS 0.00108391 1.06152 1.54399 -0.00603591 1381.31 0.00069486 1 -0.0488047 -0.215683 0.05 18573.7
0 2785 3 phononTS 0.0021895 -0.197138 1.93538 -0.00358111 15146.8 0.00069486 1 0.081939 -0.200092 0.05 19084
0 2796 3 phononTS 0.00184557 2.20148 1.73922 0.00994854 961.532 0.00069486 1 0.0327372 -0.283759 0.05 30115.9
0 2806 2 phononTF 0.00247255 1.59724 1.49508 0.0479533 1165.57 0.00069486 1 -0.0554532 -0.241755 0.05 18466.9
0 2840 3 phononTF 0.00256104 1.3645 1.89089 0.0110783 1148.23 0.00034743 1 0.0858959 -0.124152 0.05 12318.5
0 2856 2 phononTS 0.000878946 1.64708 1.87395 0.0280977 17118.3 0.00034743 1 0.115664 -0.225254 0.05 74036.5
0 2864 4 phononTS 0.00105008 -1.07472 4.66812 -0.0167945 12615 0.00034743 1 0.0148407 -0.227882 0.05 31532.7
0 2874 2 phononTS 0.00259669 1.04422 0.995915 0.0384827 2953.45 0.00034743 1 -0.0451435 -0.294358 0.05 4602.42
0 2885 2 phononL 0.00247138 2.32679 2.35104 0.0386151 3173.78 0.00069486 1 -0.0360878 -0.153998 0.05 9554.08
0 2928 5 phononTS 0.0015794 1.77287 0.712497 0.0114557 6835.04 0.00034743 1 -0.0573145 -0.1223 0.05 38992
0 2928 6 phononL 0.000761184 -0.0573145 -0.1223 0.049999 38992 0.00034743 1 0.0993561 -0.263707 0.05 39488.2
0 2934 3 phononTS 0.000380463 -0.118636 0.0991366 0.049999 3692.33 0.00034743 1 0.098914 -0.199345 0.05 31609.4
0 2952 4 phononTS 0.000989745 -0.709168 4.99745 0.0250431 45428.7 0.00034743 1 0.0707532 -0.251333 0.05 53654
0 2952 6 phononL 0.000546233 0.0707532 -0.251333 0.049999 53654 0.00034743 1 -0.0417561 -0.130719 0.05 53850.7
0 2994 3 phononTF 0.00257526 -1.14906 2.13593 0.0291757 35993.8 0.00069486 1 -0.0564286 -0.2898 0.05 43636.2
0 3009 2 phononL 0.00214655 0.670368 2.62592 -0.0211705 2669.91 0.00034743 1 -0.0487557 -0.172946 0.05 35485.2
0 3015 3 phononTF 0.00181424 1.72714 1.38665 -0.00100715 5541.91 0.00069486 1 0.0607484 -0.159348 0.05 12402.4
0 3015 7 phononTF 0.000502522 0.0607484 -0.159348 0.049999 12402.4 0.00034743 1 0.0449628 -0.195806 0.05 12487.5
0 3015 5 phononTF 0.000363319 0.0607484 -0.159348 0.049999 12402.4 0.00034743 1 0.0283355 -0.159471 0.05 12460.4
0 3035 2 phononL 0.00192947 2.5654 2.27733 -0.016246 1659.95 0.00034743 1 0.0691243 -0.291302 0.05 6534.64
0 3035 5 phononTF 0.00074215 0.0691243 -0.291302 0.049999 6534.64 0.00034743 1 0.0653077 -0.199748 0.05 6668.84
0 3076 2 phononTS 0.00182739 1.74878 1.75015 0.00083995 0.282724 0.00034743 1 0.0462021 -0.276877 0.05 8795.69
0 3078 3 phononTF 0.00258105 1.96357 2.5399 -0.0373969 1172.19 0.00034743 1 -0.0818907 -0.156152 0.05 19792.8
0 3081 3 phononTS 0.00125866 2.17115 1.75135 0.0478511 789.219 0.00034743 1 -0.0418086 -0.196909 0.05 23321.3
0 3084 2 phononL 0.00196056 1.89973 1.61082 -0.0354323 114.171 0.00034743 1 -0.112581 -0.216957 0.05 45531.3
0 3144 2 phononTS 0.000905882 1.44962 1.89737 0.0436302 3783.92 0.00034743 1 0.106109 -0.242735 0.05 19969.8
0 3156 2 phononL 0.00189123 1.99523 2.26154 0.0249723 373.792 0.00069486 1 -0.029126 -0.169507 0.05 9978.8
0 3157 2 phononL 0.00267846 1.77389 2.74011 0.00574439 4680.18 0.00034743 1 0.0690565 -0.212505 0.05 23220.2
0 3170 2 phononTS 0.00276408 1.82883 0.451171 -0.013141 3442.33 0.00104229 1 -0.0687544 -0.237614 0.05 26356.2
0 3170 12 phononTS 0.000532431 -0.0687544 -0.237614 0.049999 26356.2 0.00034743 1 -0.107587 -0.203107 0.05 27056.8
0 3174 5 phononTS 0.00187262 1.60728 3.57415 0.018138 6085.5 0.00069486 1 -0.0567757 -0.198688 0.05 19302.7
0 3174 10 phononTF 0.000526593 -0.0567757 -0.198688 0.049999 19302.7 0.00034743 1 0.045758 -0.227248 0.05 19375
0 3178 4 phononL 0.00124759 0.191189 2.502 -0.010617 7584.75 0.00034743 1 -0.0977785 -0.177349 0.05 40872.4
0 3178 6 phononTS 0.000413955 -0.0977785 -0.177349 0.049999 40872.4 0.00034743 1 -0.118999 -0.21854 0.05 40996.4
0 3180 3 phononTF 0.00224179 1.25709 2.09006 0.00137109 1079.64 0.00069486 1 -0.0354665 -0.21087 0.05 12389.2
0 3180 7 phononL 0.00127338 -0.0354665 -0.21087 0.049999 12389.2 0.00034743 1 -0.0647832 -0.22225 0.05 12443.2
0 3186 2 phononTF 0.00246017 2.05021 0.870208 0.0218586 907.244 0.00104229 1 -0.119305 -0.198248 0.05 20480
0 3186 6 phononTS 0.000592307 -0.119305 -0.198248 0.049999 20480 0.00034743 1 0.0803148 -0.212079 0.05 44122.5
0 3203 3 phononTS 0.00258893 2.85792 1.27308 0.012103 2504.92 0.00034743 1 -0.102235 -0.223234 0.05 35418.1
0 3216 2 phononTF 0.00147278 1.79649 2.40581 0.044237 2608.02 0.00034743 1 0.103477 -0.174549 0.05 13304
0 3223 3 phononTS 0.00191757 2.0559 1.90475 0.0223124 862.725 0.00034743 1 0.0290695 -0.162146 0.05 45910.5
0 3223 2 phononTF 0.00208243 2.0559 1.90475 0.0223124 862.725 0.00034743 1 -0.0991978 -0.153397 0.05 13800.1
0 3227 2 phononTF 0.00179208 1.852 1.44946 0.0360989 3762.82 0.00069486 1 0.09254 -0.206507 0.05 14077.6
0 3247 3 phononTS 0.00261896 1.46715 1.47696 0.0393713 4495.21 0.00069486 1 0.0466279 -0.101573 0.05 16338.1
0 3251 4 phononTF 0.00141411 0.269368 1.69725 -0.0352861 7237.01 0.00034743 1 -0.00651794 -0.199472 0.05 12727.8
0 3274 3 phononTS 0.00231058 0.123863 2.8076 0.0187945 3753.46 0.00034743 1 -0.0387857 -0.230865 0.05 25479.7
0 3274 4 phononTF 0.00097657 -0.0387857 -0.230865 0.049998 25479.7 0.00034743 1 -0.0241172 -0.279047 0.05 25545.1
0 3274 11 phononTS 0.000509401 -0.0241172 -0.279047 0.049999 25545.1 0.00034743 1 0.032645 -0.166841 0.05 25917.2
0 3283 2 phononTF 0.0015201 1.32012 1.08434 -0.0294674 2948.42 0.00069486 1 -0.0828498 -0.269836 0.05 90893.8
0 3290 3 phononTS 0.00194597 3.90349 2.56262 0.0233818 12212.1 0.00034743 1 0.109631 -0.177873 0.05 51110.8
0 3290 5 phononTS 0.00128636 0.109631 -0.177873 0.049999 51110.8 0.00069486 1 -0.0721424 -0.166508 0.05 51263.1
0 3296 5 phononL 0.00150281 -0.397595 -0.0398415 -0.0131538 31374.8 0.00034743 1 -0.104517 -0.173208 0.05 32244.2
0 3296 6 phononTF 0.000533687 -0.104517 -0.173208 0.049999 32244.2 0.00034743 1 -0.0937369 -0.13445 0.05 32523.1
0 3312 3 phononTS 0.00247168 0.888312 1.9462 -0.00476615 1008.84 0.00034743 1 -0.0198677 -0.256618 0.05 8787.84
0 3312 6 phononTF 0.00171952 -0.0198677 -0.256618 0.049998 8787.84 0.00034743 1 0.0788067 -0.147024 0.05 9621.64
0 3336 3 phononTS 0.00167666 1.1173 1.40434 -0.0347274 4383.66 0.00034743 1 -0.0369068 -0.276493 0.05 38694.2
0 3348 3 phononTS 0.00259027 1.40588 1.90055 -0.041784 886.869 0.00069486 1 -0.0467068 -0.294477 0.05 46513.3
0 3385 2 phononL 0.000662632 1.7089 0.681553 0.044533 2925.84 0.00034743 1 -0.0513861 -0.255501 0.05 139435
0 3386 3 phononTS 0.00194786 0.515929 0.678148 -0.0356505 5631.45 0.00069486 1 0.0669762 -0.238563 0.05 7138.13
0 3397 2 phononTF 0.00140874 0.582876 2.7036 0.0449947 2175.71 0.00034743 1 -0.0947431 -0.139172 0.05 8801.22
0 3397 4 phononTS 0.000704057 -0.0947431 -0.139172 0.049999 8801.22 0.00034743 1 0.0747233 -0.252331 0.05 21059.1
0 3399 3 phononL 0.00238438 1.80283 1.61472 0.0312608 29.1787 0.00034743 1 0.0319094 -0.173561 0.05 6201.89
0 3400 3 phononL 0.0024097 1.62086 1.63643 0.0215813 32.4343 0.00069486 1 0.0469146 -0.250357 0.05 7177.16
0 3400 7 phononTS 0.00161163 0.0469146 -0.250357 0.049998 7177.16 0.00104229 1 -0.0371146 -0.259942 0.05 7253.14
0 3461 2 phononTF 0.00114871 1.52494 2.00529 -0.0364036 115.124 0.00034743 1 -0.112608 -0.211592 0.05 28268.4
0 3461 4 phononTS 0.000731946 -0.112608 -0.211592 0.049999 28268.4 0.00034743 1 -0.11488 -0.22292 0.05 28433.5
0 3485 3 phononTF 0.00145099 2.12129 3.83193 -0.0482725 16551.9 0.00034743 1 0.0725453 -0.137114 0.05 47598.6
0 3505 3 phononTS 0.00219778 2.60828 2.45748 0.0264682 5328.95 0.00034743 1 -0.100602 -0.145906 0.05 21748.5
0 3505 5 phononTS 0.000476598 -0.100602 -0.145906 0.049999 21748.5 0.00034743 1 -0.065984 -0.20352 0.05 21833.7
0 3516 3 phononTF 0.00165922 2.42176 0.730245 0.0453868 4213.82 0.00034743 1 -0.0322924 -0.110154 0.05 9068.04
0 3525 4 phononTF 0.00123335 -1.498 -4.40455 0.0320339 35984.4 0.00034743 1 0.0322056 -0.298826 0.05 42492.2
0 3566 2 phononTF 0.0025898 1.43294 1.89619 -0.0350593 1185.45 0.00069486 1 0.0845351 -0.123569 0.05 5821.01
0 3625 2 phononTS 0.00166139 0.813074 1.13183 0.0387921 1915.79 0.00034743 1 -0.0294956 -0.188072 0.05 15235.7
0 3625 5 phononTS 0.000361618 -0.0294956 -0.188072 0.049999 15235.7 0.00034743 1 0.0350187 -0.158527 0.05 15306.8
0 3625 4 phononTS 0.000597183 -0.0294956 -0.188072 0.049999 15235.7 0.00034743 1 -0.0362229 -0.17335 0.05 15293
0 3639 3 phononTF 0.00255244 -0.112585 0.615336 0.0225976 5625.1 0.00138972 1 0.0229666 -0.133665 0.05 8049.36
0 3643 3 phononL 0.0021262 1.43826 1.40955 -0.0479967 636.586 0.00034743 1 -0.0689704 -0.155939 0.05 8443.09
0 3654 5 phononTS 0.000931925 1.90706 1.16809 0.0181196 39923.4 0.00034743 1 0.0639001 -0.121054 0.05 47176.1
0 3665 2 phononTS 0.00183107 0.733989 1.99401 0.018926 2135.49 0.00069486 1 -0.0409706 -0.127738 0.05 33971.2
0 3709 1 phononTF 0.004 1.75 1.75 0 0 0.00138972 1 0.0528037 -0.264147 0.05 10735.6
0 3709 5 phononTS 0.00115896 0.0528037 -0.264147 0.049999 10735.6 0.00034743 1 -0.0264237 -0.204184 0.05 13707.1
0 3710 1 phononTS 0.004 1.75 1.75 0 0 0.00104229 1 -0.0765687 -0.225789 0.05 5812
0 3710 7 phononTS 0.000909335 -0.0765687 -0.225789 0.049999 5812 0.00034743 1 -0.0621206 -0.227991 0.05 5869.91
0 3710 6 phononTS 0.00077944 -0.0765687 -0.225789 0.049999 5812 0.00034743 1 0.0552209 -0.239043 0.05 5905.16
0 3710 2 phononTF 0.000467179 -0.0765687 -0.225789 0.049999 5812 0.00034743 1 0.0748643 -0.191291 0.05 6625.87
0 3754 3 phononTS 0.00182299 1.39461 2.2797 0.00688555 8517.99 0.00034743 1 0.0529358 -0.103705 0.05 31515.3
0 3764 3 phononTS 0.00241218 2.88805 2.34704 0.0451067 8684.11 0.00069486 1 0.0892247 -0.181436 0.05 40821.5
0 3787 5 phononTF 0.00166178 -4.60629 -0.558913 -0.0339145 29697.6 0.00034743 1 -0.0553645 -0.184465 0.05 38914.5
0 3805 2 phononTF 0.000622972 1.55915 1.58577 -0.0381938 6875.12 0.00034743 1 -0.0887376 -0.193023 0.05 10187.7
0 3807 2 phononTS 0.00151755 1.57835 1.98393 -0.00474476 3257.41 0.00034743 1 0.0578813 -0.178062 0.05 29204.4
0 3835 3 phononTS 0.00195037 1.73859 0.569662 0.0241014 1284.33 0.00069486 1 0.0888939 -0.17435 0.05 8685.72
0 3841 3 phononTS 0.00267992 1.75552 1.70812 -0.00598063 31.7294 0.00138972 1 -0.0970663 -0.181566 0.05 19266.5
0 3880 2 phononTF 0.00162898 1.84176 2.34254 0.0167013 1767.66 0.00069486 1 -0.0876153 -0.182592 0.05 53108.1
0 3893 5 phononTS 0.00132716 -0.264571 3.11197 0.0410685 25222 0.00034743 1 0.0519774 -0.149983 0.05 26784.2
0 3913 6 phononTS 0.00113623 -1.01765 1.1607 -0.0287638 108945 0.00034743 1 0.0343808 -0.252558 0.05 148186
0 3914 3 phononTF 0.00246099 0.0961197 1.91255 -0.0260443 14211.4 0.00069486 1 0.0530661 -0.224687 0.05 37888.7
0 3923 2 phononTS 0.00186216 2.28828 1.31585 -0.044165 7941.33 0.00069486 1 0.0635827 -0.294876 0.05 17181.7
0 3946 2 phononTF 0.00213164 1.97744 1.92033 0.0175668 1443.07 0.00034743 1 -0.0462084 -0.112821 0.05 4431.98
0 3946 4 phononTS 0.0013323 -0.0462084 -0.112821 0.049999 4431.98 0.00034743 1 -0.112227 -0.178595 0.05 4892.68
0 3971 3 phononL 0.00206198 2.79031 1.43826 0.0297363 3575.26 0.00034743 1 -0.0619055 -0.283462 0.05 27805
0 3972 5 phononTS 0.00150342 1.91917 2.01569 -0.0458398 19454.5 0.00034743 1 -0.0550596 -0.182593 0.05 39141.3
0 4030 3 phononL 0.00286445 1.7297 1.75027 -0.0194925 5.26762 0.00034743 1 -0.0541201 -0.24581 0.05 24620.7
0 4036 4 phononTS 0.00103977 4.23181 2.60619 0.0210871 3584.03 0.00034743 1 0.104892 -0.17554 0.05 45271
0 4038 5 phononTF 0.000612464 0.87455 0.0904565 0.049998 2941.42 0.00034743 1 -0.0342967 -0.123997 0.05 26098.1
0 4058 2 phononTS 0.00110688 1.62784 1.76817 -0.011169 170.923 0.00034743 1 -0.0277694 -0.298563 0.05 14007.9
0 4063 2 phononTF 0.00203011 2.57083 1.12382 0.00711773 6567.6 0.00034743 1 0.0408845 -0.28848 0.05 17479.8
0 4092 5 phononTS 0.000394549 2.19902 0.103414 0.049999 4376.8 0.00034743 1 0.114942 -0.193663 0.05 10632.4
0 4114 1 phononTS 0.004 1.75 1.75 0 0 0.00104229 1 0.0489632 -0.214485 0.05 7437.09
0 4114 4 phononTS 0.0017587 0.0489632 -0.214485 0.049999 7437.09 0.00069486 1 -0.107301 -0.202203 0.05 7534.9
0 4145 2 phononTS 0.00277698 3.83441 2.86589 0.00252301 5916.49 0.00034743 1 0.0321218 -0.220847 0.05 18679.8
0 4145 4 phononTF 0.000889546 0.0321218 -0.220847 0.049999 18679.8 0.00034743 1 0.0286809 -0.200636 0.05 18756.5
0 4149 2 phononTS 0.00150687 1.69611 1.94689 -0.00518025 1050.7 0.00069486 1 0.0713769 -0.274471 0.05 24043
0 4149 4 phononTS 0.000353853 0.0713769 -0.274471 0.049999 24043 0.00034743 1 0.0213193 -0.223533 0.05 24109.7
0 4150 5 phononTF 0.00160752 1.58533 1.81147 -0.0445177 12264.6 0.00104229 1 0.0151645 -0.214867 0.05 36966.1
0 4159 2 phononL 0.0012923 1.18863 2.48436 0.0108598 10986.1 0.00069486 1 -0.0527272 -0.170154 0.05 46347.4
0 4174 2 phononL 0.00195752 1.64193 1.85233 -0.0196845 78.4924 0.00069486 1 -0.0370907 -0.141525 0.05 2854.8
0 4186 2 phononL 0.00183591 0.551662 1.0171 0.0464809 3470.54 0.00034743 1 0.0319972 -0.24725 0.05 6016.6
0 4236 3 phononTF 0.00218539 1.19247 0.81611 0.00575514 1180 0.00034743 1 -0.0710457 -0.274997 0.05 10590.1
0 4236 5 phononTF 0.00143552 -0.0710457 -0.274997 0.049999 10590.1 0.00069486 1 -0.0818674 -0.229207 0.05 10712.8
0 4303 2 phononTF 0.00221198 1.99576 2.17854 0.0235481 11046.3 0.00034743 1 -0.0710055 -0.175551 0.05 14199.6
0 4303 5 phononTS 0.000753654 -0.0710055 -0.175551 0.049999 14199.6 0.00069486 1 -0.0821615 -0.177112 0.05 14260.5
0 4303 4 phononTF 0.000816412 -0.0710055 -0.175551 0.049999 14199.6 0.00034743 1 -0.0855697 -0.193387 0.05 14276.3
0 4316 2 phononTF 0.00181569 1.14267 1.70678 -0.0018737 4163.82 0.00034743 1 0.0599101 -0.136289 0.05 29491.9
0 4338 7 phononTF 0.000601554 -2.63499 0.968973 -0.0267308 39847.7 0.00034743 1 -0.0542626 -0.117107 0.05 44844.8
0 4362 3 phononTS 0.00231699 4.02107 2.49204 0.00218257 5380.67 0.00034743 1 0.0353851 -0.3015 0.05 9075.98
0 4374 2 phononTS 0.00262414 0.917891 1.8544 -0.0372995 1214.65 0.00138972 1 -0.0287204 -0.267308 0.05 12575.9
0 4389 1 phononTS 0.004 1.75 1.75 0 0 0.00138972 1 -0.0287133 -0.140331 0.05 16805.2
0 4389 3 phononL 0.00121599 -0.0287133 -0.140331 0.049999 16805.2 0.00034743 1 0.103205 -0.174639 0.05 17006.1
0 4417 3 phononTS 0.00272126 2.25936 1.68811 -0.0415588 9710.68 0.00034743 1 -0.0478296 -0.117568 0.05 20286.5
0 4426 2 phononTF 0.000645441 0.304769 2.6701 0.0234094 8604.96 0.00034743 1 0.0639436 -0.154791 0.05 19498.7
0 4427 2 phononTF 0.00114609 1.983 0.76513 0.0234409 2267.29 0.00069486 1 0.0515331 -0.1516 0.05 13801.5
0 4466 3 phononTF 0.00271048 -0.575198 1.77936 -0.0396593 8674.7 0.00034743 1 0.0592004 -0.103855 0.05 33599.2
0 4466 5 phononTF 0.000553689 0.0592004 -0.103855 0.049999 33599.2 0.00034743 1 -0.0299513 -0.110446 0.05 33793.1
0 4466 4 phononTS 0.00115019 0.0592004 -0.103855 0.049999 33599.2 0.00034743 1 0.0681399 -0.243324 0.05 33940.2
0 4477 3 phononTS 0.00168955 2.7507 0.709991 0.0311576 5415.32 0.00034743 1 -0.0773845 -0.200005 0.05 35347.1
0 4478 2 phononTS 0.00210287 1.52264 1.67321 0.0101718 1941.94 0.00034743 1 -0.0530253 -0.269962 0.05 6878.49
0 4478 4 phononTS 0.000864027 -0.0530253 -0.269962 0.049999 6878.49 0.00034743 1 -0.0696849 -0.132178 0.05 6966.95
0 4527 2 phononL 0.00203325 1.73382 1.74433 -0.0398098 8.54683 0.00034743 1 -0.103365 -0.144452 0.05 7237.5
0 4586 3 phononTS 0.00274728 2.67976 2.08118 -0.0100881 8306.94 0.00104229 1 -0.114148 -0.231025 0.05 18670.1
0 4595 3 phononTS 0.00250093 1.76016 1.73353 -0.000971101 3.71576 0.00069486 1 0.0225196 -0.233632 0.05 14712.7
0 4602 4 phononL 0.00149204 -0.627744 -2.96722 0.0435221 11413 0.00104229 1 -0.0452961 -0.130623 0.05 21644.4
0 4630 2 phononTS 0.00184314 2.0411 1.71942 0.030208 759.283 0.00034743 1 -0.0603019 -0.18971 0.05 52463.7
0 4640 3 phononTS 0.00206692 1.90069 1.94967 0.00115016 2650.35 0.00034743 1 0.0898986 -0.176944 0.05 30177.2
0 4664 2 phononL 0.00276946 1.74869 1.69455 -0.0384554 535.896 0.00034743 1 -0.0712063 -0.282948 0.05 8823.14
0 4664 6 phononL 0.00202044 -0.0712063 -0.282948 0.049999 8823.14 0.00034743 1 0.0346079 -0.213646 0.05 9751.2
0 4666 4 phononL 0.00216483 3.20253 1.20649 0.0315128 22753.7 0.00034743 1 -0.0678922 -0.244442 0.05 55522.6
0 4688 3 phononTS 0.00134979 1.72603 1.69872 0.0421557 83.7458 0.00069486 1 -0.0623111 -0.152653 0.05 46361.2
0 4714 2 phononTF 0.00207577 2.56147 1.33382 -0.00671996 7138.64 0.00069486 1 -0.0605481 -0.271915 0.05 17923
0 4716 3 phononTS 0.00233064 1.99427 2.60894 0.00042717 5834.4 0.00034743 1 -0.0332994 -0.241102 0.05 40347.7
0 4718 2 phononTS 0.0016974 0.339677 0.0195582 -0.0290669 18913.8 0.00069486 1 -0.0894829 -0.267816 0.05 20338
0 4739 2 phononTS 0.00232547 1.5521 0.533534 -0.016312 2054.97 0.00034743 1 0.0196551 -0.145324 0.05 6026.99
0 4740 2 phononTS 0.00117881 0.376675 4.22906 0.0437119 27637.1 0.00034743 1 0.0336567 -0.281516 0.05 46102.1
0 4740 5 phononTF 0.00053853 0.0336567 -0.281516 0.049999 46102.1 0.00034743 1 0.0743354 -0.117107 0.05 46457.2
0 4741 2 phononTF 0.00234903 1.53439 1.63018 0.0124661 727.312 0.00104229 1 0.0201115 -0.13931 0.05 3423.51
0 4754 2 phononTS 0.000829446 2.26824 2.71687 0.00226944 11378.8 0.00034743 1 -0.110599 -0.198529 0.05 33352.9
0 4758 2 phononTS 0.00190067 1.28823 3.18747 -0.00481632 7562.14 0.00069486 1 -0.028375 -0.267402 0.05 19241
0 4759 2 phononTF 0.00183638 1.04258 3.53793 -0.0271669 14855.3 0.00034743 1 -0.0419783 -0.217611 0.05 58035.1
0 4765 2 phononL 0.00254828 1.7664 2.04513 -0.0496948 2207.58 0.00069486 1 0.0977682 -0.149242 0.05 30622.3
0 4774 2 phononTF 0.00108447 0.743602 0.30641 0.0296611 4398.48 0.00034743 1 0.0298359 -0.122822 0.05 4733.16
0 4785 4 phononTS 0.00080772 3.04613 -1.54 0.046852 73859.5 0.00034743 1 0.0405822 -0.182916 0.05 83353.6
0 4829 4 phononTS 0.000755197 1.45445 0.0954516 0.049999 4427.95 0.00034743 1 0.0510295 -0.257726 0.05 14577.9
0 4846 2 phononTS 0.00202682 1.33378 1.84406 -0.0157256 9444.9 0.00069486 1 0.0753359 -0.125174 0.05 20922.1
0 4872 2 phononL 0.00211219 0.865427 2.50777 0.0493843 10330.5 0.00069486 1 -0.101243 -0.231374 0.05 24668.1
0 4908 5 phononL 0.00154997 2.68964 2.45296 0.0441346 7550.39 0.00034743 1 0.0884787 -0.201086 0.05 70253.5
0 4934 2 phononTF 0.000824762 1.92033 1.68254 -0.0336755 346.771 0.00069486 1 -0.0738936 -0.221774 0.05 15061.9
0 4935 3 phononTS 0.00284795 1.47309 0.969801 0.048841 1159.31 0.00034743 1 0.0396208 -0.12427 0.05 13811.2
0 4935 4 phononTF 0.000486559 0.0396208 -0.12427 0.049999 13811.2 0.00034743 1 0.0711228 -0.132715 0.05 13869.7
0 4965 5 phononTS 0.000492556 3.29515 0.0936865 0.049999 9280.94 0.00034743 1 -0.0373391 -0.268945 0.05 22226.3
0 4985 3 phononTS 0.00217817 1.36101 3.34476 -0.0472912 2351.88 0.00069486 1 0.0535145 -0.21421 0.05 15553.2
