Run ID,Event ID,Track ID,Particle Name,Start Energy [eV],Start X [mm],Start Y [mm],Start Z [mm],Start Time [ns],Energy Deposited [eV],Track Weight,End X [mm],End Y [mm],End Z [mm],Final Time [ns],Volume Name
0 39 2 phononTS 0.000756588 1.42883 0.455064 -0.0107179 8340.84 0.00034743 1 0.0378185 -0.216138 0.05 90291.3
0 63 5 phononTF 0.00174489 2.68848 2.6652 0.046017 4072.57 0.00034743 1 -0.0268961 -0.261195 0.05 41654.6
0 100 4 phononTS 0.000548316 2.27435 0.0109385 0.049999 6644.22 0.00034743 1 0.0299782 -0.198711 0.05 23589.5
0 163 4 phononTF 0.00110702 2.75887 0.267904 -0.047081 4032.79 0.00069486 1 0.0846366 -0.240526 0.05 123070
0 187 3 phononTF 0.00174832 2.25748 0.138816 -0.00252535 289.624 0.00069486 1 -0.0665559 -0.188806 0.05 7228.88
0 239 5 phononTF 0.00045831 1.9631 -0.00184546 0.049999 3539.52 0.00034743 1 -0.0310159 -0.238953 0.05 34266.6
0 295 5 phononL 0.00172906 1.35724 -0.19792 -0.0372912 1898.95 0.00069486 1 -0.0677474 -0.134195 0.05 4343.09
0 307 3 phononTF 0.0024666 2.50003 1.10336 0.00196948 2171.12 0.00034743 1 -0.0271688 -0.251386 0.05 6226.99
0 325 3 phononTF 0.00268171 2.2994 0.268499 0.0254778 11.1782 0.00069486 1 0.0662023 -0.19141 0.05 4392.5
0 336 3 phononTS 0.00171979 1.93404 0.482942 0.0349626 10886.8 0.00034743 1 -0.0425526 -0.204976 0.05 55556.7
0 342 1 phononTF 0.004 2.25 0.25 0 0 0.00069486 1 -0.0517874 -0.136316 0.05 6824.67
0 342 2 phononTF 0.0015451 -0.0517874 -0.136316 0.049999 6824.67 0.00034743 1 0.0631964 -0.243428 0.05 7008.65
0 345 3 phononTS 0.00257163 2.53284 0.502944 0.0380079 2553.85 0.00104229 1 0.0460485 -0.289684 0.05 8450.34
0 384 2 phononTS 0.00160424 0.71225 0.743788 -0.0129592 3306.65 0.00034743 1 -0.0866951 -0.174464 0.05 6137.82
0 384 4 phononTS 0.000966807 -0.0866951 -0.174464 0.049999 6137.82 0.00034743 1 0.0339654 -0.268164 0.05 6505.5
0 415 1 phononL 0.004 2.25 0.25 0 0 0.00034743 1 -0.0391495 -0.276274 0.05 23458.4
0 415 4 phononTS 0.00107413 -0.0391495 -0.276274 0.049999 23458.4 0.00069486 1 -0.0711782 -0.259826 0.05 23519.9
0 415 2 phononTS 0.00148909 -0.0391495 -0.276274 0.049999 23458.4 0.00034743 1 -0.107934 -0.175899 0.05 51540.1
0 429 2 phononTF 0.000737214 2.39677 0.0611214 0.049999 269.798 0.00034743 1 0.0675748 -0.252803 0.05 126472
0 460 5 phononTF 0.000365356 2.24812 0.0756481 0.049999 168.134 0.00034743 1 0.0217004 -0.200047 0.05 2650.35
0 461 2 phononTS 0.00168056 1.39897 1.43157 0.0355564 3159.42 0.00034743 1 0.0218069 -0.136942 0.05 119531
0 461 4 phononL 0.00125955 0.0218069 -0.136942 0.049999 119531 0.00034743 1 -0.0268644 -0.259506 0.05 119579
0 503 2 phononTF 0.000835646 2.32739 0.0971687 0.049999 2857.32 0.00034743 1 0.0787618 -0.232795 0.05 66117.2
0 561 3 phononTS 0.00160867 2.17986 0.256096 0.0354785 129.901 0.00034743 1 -0.069473 -0.125881 0.05 8528.6
0 573 3 phononL 0.0020669 1.63398 -1.09843 0.0350498 3728.73 0.00104229 1 0.0483729 -0.212109 0.05 7368.92
0 603 2 phononTF 0.00147663 2.36451 0.157743 0.0148053 74.3019 0.00104229 1 -0.0757894 -0.140032 0.05 65074.7
0 648 3 phononTS 0.00217337 2.60247 3.18016 -0.0210554 9358.25 0.00034743 1 0.0384922 -0.102721 0.05 46337.5
0 696 3 phononTF 0.00244004 2.24987 0.183631 -0.0362834 72.6649 0.00104229 1 -0.0458677 -0.272351 0.05 7578.03
0 717 2 phononTS 0.000472167 1.83935 0.0566138 0.049999 1454.47 0.00034743 1 0.0196442 -0.226205 0.05 7443.17
0 721 2 phononTS 0.0020828 2.7439 0.327516 -0.036514 800.728 0.00069486 1 0.0268208 -0.114439 0.05 25494.5
0 721 5 phononTF 0.000817539 0.0268208 -0.114439 0.049999 25494.5 0.00034743 1 0.0263732 -0.179612 0.05 25553.8
0 737 5 phononTS 0.00059093 1.57119 0.0810047 0.049999 964.759 0.00034743 1 0.0395664 -0.237082 0.05 4177.76
0 768 4 phononTS 0.000767361 2.12947 0.0352342 0.049999 159.992 0.00034743 1 -0.0919563 -0.198866 0.05 44448.2
0 883 2 phononTF 0.00184593 1.81723 0.265126 0.0453545 308.135 0.00034743 1 -0.0527267 -0.185088 0.05 33878.1
0 883 5 phononTS 0.00101311 -0.0527267 -0.185088 0.049998 33878.1 0.00034743 1 -0.0152253 -0.223338 0.05 33941.2
0 945 2 phononTS 0.00122686 1.6213 1.30993 -0.00911608 4848.35 0.00034743 1 -0.0846875 -0.265161 0.05 116883
0 964 3 phononTS 0.000485229 2.361 0.100107 0.049999 139.759 0.00034743 1 -0.0306242 -0.262629 0.05 16225.2
0 1007 3 phononTS 0.00220155 2.34016 0.220738 0.0149954 19.1135 0.00034743 1 -0.0989009 -0.197958 0.05 41642.9
0 1020 2 phononTS 0.00207377 2.12814 0.360042 -0.0198574 880.329 0.00034743 1 -0.0881028 -0.256948 0.05 2263.52
0 1030 3 phononTF 0.00236722 1.45568 -0.502701 -0.00601028 1132.88 0.00104229 1 -0.0943297 -0.243663 0.05 75893.9
0 1069 3 phononTF 0.00212383 1.33637 1.28663 -0.040001 2512.13 0.00104229 1 0.0382506 -0.204651 0.05 41382.9
0 1114 3 phononTS 0.00257964 2.29455 0.201957 0.00103342 126.42 0.00034743 1 -0.0928621 -0.226033 0.05 8296.11
0 1141 4 phononTS 0.00106192 -1.83943 2.11214 -0.0212918 26671.5 0.00034743 1 0.0379205 -0.272002 0.05 40998
0 1159 3 phononTS 0.000777574 1.66198 0.0202505 0.049999 1576.97 0.00034743 1 0.0766336 -0.257385 0.05 3162.5
0 1175 5 phononTS 0.00135838 4.40959 0.789434 -0.00621815 20873.7 0.00069486 1 0.0324258 -0.192557 0.05 81009.2
0 1201 3 phononTF 0.00223681 2.25569 0.273055 0.00806586 12.6276 0.00069486 1 -0.0252564 -0.279343 0.05 3311.92
0 1252 4 phononTS 0.000878271 3.37583 1.56755 -0.0174158 7592.74 0.00034743 1 0.0661508 -0.269254 0.05 10324.8
0 1265 4 phononTS 0.000739881 1.86715 0.0195484 0.049999 434.035 0.00069486 1 0.0398057 -0.169264 0.05 2454.85
0 1302 2 phononTF 0.00187274 2.59562 -0.157423 0.0490965 829.893 0.00104229 1 -0.0770238 -0.152793 0.05 2283.86
0 1331 2 phononTF 0.00247857 2.75888 -0.766822 -0.0458922 3150.99 0.00034743 1 -0.04361 -0.24392 0.05 12412
0 1331 4 phononL 0.000721844 -0.04361 -0.24392 0.049999 12412 0.00034743 1 0.0267094 -0.239212 0.05 12460.2
0 1332 5 phononTS 0.0021807 4.3802 1.92266 -0.0425454 6857.03 0.00069486 1 0.0532424 -0.171103 0.05 62488.1
0 1332 6 phononTF 0.000377198 0.0532424 -0.171103 0.049999 62488.1 0.00034743 1 0.0591246 -0.246274 0.05 62551.2
0 1370 3 phononL 0.00187567 2.53328 1.17436 -0.048414 1260.42 0.00069486 1 -0.0328407 -0.231791 0.05 3371.52
0 1389 3 phononTF 0.000908138 2.26899 0.0800519 0.049999 279.567 0.00069486 1 0.049556 -0.265686 0.05 6266.62
0 1396 2 phononL 0.00214998 2.30041 0.16382 0.0146672 19.3689 0.00034743 1 -0.103214 -0.190642 0.05 17202.6
0 1396 5 phononTF 0.000904631 -0.103214 -0.190642 0.049999 17202.6 0.00034743 1 0.0152045 -0.206085 0.05 17353.5
0 1424 3 phononTS 0.00217123 2.99227 0.847622 -0.000188347 6588.26 0.00069486 1 0.0312782 -0.224888 0.05 12387
0 1428 3 phononTS 0.00210469 1.35048 1.56625 -0.00454076 4172.04 0.00034743 1 0.0355313 -0.185336 0.05 6242.18
0 1428 4 phononL 0.00136494 0.0355313 -0.185336 0.049999 6242.18 0.00034743 1 -0.0349685 -0.269741 0.05 6365.35
0 1428 11 phononL 0.000576477 -0.0349685 -0.269741 0.049999 6365.35 0.00034743 1 -0.0843911 -0.246285 0.05 6643.99
0 1438 3 phononTS 0.00155474 2.19496 0.219011 -0.0492083 14.7317 0.00034743 1 0.0505589 -0.117536 0.05 29007.9
0 1514 4 phononTS 0.000974892 2.18376 0.589826 0.0201354 1549.75 0.00069486 1 0.0320105 -0.139146 0.05 24681.6
0 1525 3 phononTF 0.00179262 2.15669 0.621891 0.00733639 2654.46 0.00034743 1 -0.0814817 -0.231533 0.05 48331.6
0 1538 2 phononTS 0.00227916 1.80354 0.588151 0.0341069 2458.92 0.00104229 1 0.0246281 -0.163078 0.05 31431.5
0 1560 5 phononL 0.00120621 0.23565 0.337646 0.0228853 1522.57 0.00034743 1 -0.0646855 -0.124221 0.05 20474.7
0 1560 7 phononTS 0.000820158 -0.0646855 -0.124221 0.049999 20474.7 0.00034743 1 -0.0506195 -0.148166 0.05 20536.4
0 1566 5 phononTF 0.000876847 4.89998 4.44231 0.0425548 24202.4 0.00034743 1 -0.105563 -0.184153 0.05 49415.9
0 1580 3 phononTS 0.0019721 0.319434 -1.01636 0.0330177 7083.09 0.00069486 1 0.0812966 -0.198817 0.05 7783.25
0 1608 2 phononTF 0.000789039 2.21652 0.540452 -0.032561 265.463 0.00034743 1 -0.0384135 -0.108082 0.05 27849.3
0 1615 2 phononTF 0.00096619 2.44176 -1.05114 -0.0376729 3528.93 0.00034743 1 0.0958607 -0.146675 0.05 11999.7
0 1618 7 phononTF 0.00131392 -4.93757 2.10363 -0.0372217 85264 0.00034743 1 -0.0589284 -0.230011 0.05 129219
0 1618 8 phononTS 0.000480231 -0.0589284 -0.230011 0.049999 129219 0.00034743 1 -0.0855307 -0.234444 0.05 129279
0 1622 3 phononL 0.00247471 2.31845 0.046085 0.0451964 306.263 0.00034743 1 0.0422639 -0.144833 0.05 2718.71
0 1666 4 phononTF 0.000557721 2.4263 0.0282849 0.049999 367.252 0.00034743 1 0.0278815 -0.131413 0.05 72362.5
0 1674 5 phononL 0.000480191 2.36539 0.0548847 0.049999 137.955 0.00034743 1 0.0836608 -0.134626 0.05 9360.53
0 1682 5 phononTF 0.000442405 2.37287 0.0451125 0.049999 428.283 0.00034743 1 0.0720743 -0.110866 0.05 32801
0 1700 6 phononTS 0.000397108 2.31086 0.0302472 0.049999 93.7311 0.00034743 1 -0.0452307 -0.204081 0.05 28804.5
0 1701 5 phononTS 0.000535874 2.63209 0.104231 0.049999 1361.09 0.00034743 1 -0.0333167 -0.127151 0.05 20098
0 1739 3 phononTS 0.00235918 1.76925 0.378705 0.0136453 693.741 0.00104229 1 0.0373233 -0.227858 0.05 57285.5
0 1739 5 phononTS 0.000565721 0.0373233 -0.227858 0.049999 57285.5 0.00034743 1 0.0154648 -0.201619 0.05 57349.3
0 1757 2 phononTS 0.00247605 0.87504 0.0518521 -0.0496396 1201.79 0.00034743 1 0.0837502 -0.152846 0.05 1824.8
0 1766 4 phononTS 0.00125044 1.08968 -0.720796 -0.0147246 38352.7 0.00069486 1 0.0674517 -0.273912 0.05 39465.1
0 1782 4 phononTF 0.000700671 -2.99426 2.04909 -0.00506238 24153.4 0.00034743 1 0.085441 -0.203147 0.05 30240.9
0 1818 3 phononL 0.00116596 1.50897 0.634176 -0.0401305 4301.29 0.00034743 1 -0.0719398 -0.236265 0.05 15462.1
0 1843 4 phononTS 0.000825148 2.20264 0.0692136 0.049999 83.3264 0.00034743 1 -0.0991227 -0.218462 0.05 2426.6
0 1844 2 phononTF 0.00120022 1.6443 -0.140481 0.0266432 3588.42 0.00034743 1 0.049288 -0.298061 0.05 39798.4
0 1856 3 phononTF 0.0019773 0.998967 -1.73227 -0.0246549 5356.92 0.00104229 1 -0.0635707 -0.253538 0.05 21189.9
0 1860 3 phononTF 0.002044 2.22325 0.479481 0.0481824 1028.04 0.00069486 1 -0.0885626 -0.187223 0.05 7284.01
0 1860 8 phononTS 0.000630432 -0.0885626 -0.187223 0.049999 7284.01 0.00034743 1 0.0595193 -0.115968 0.05 8688.6
0 1881 3 phononTF 0.00219081 2.25338 0.372723 -0.0181641 165.15 0.00069486 1 -0.0517002 -0.295596 0.05 14249.5
0 1895 3 phononTS 0.000793856 2.09812 0.0599665 0.049999 1036.89 0.00034743 1 -0.0666803 -0.205869 0.05 2451.82
0 1898 3 phononL 0.0018108 2.22066 -0.198936 -0.0399739 568.847 0.00034743 1 -0.0470254 -0.177926 0.05 5938.19
0 1912 4 phononTS 0.000547562 2.12283 0.0153713 0.049999 422.892 0.00034743 1 0.0726906 -0.236545 0.05 26556.6
0 1919 3 phononTS 0.000824093 2.46066 0.0865756 0.049999 265.463 0.00034743 1 0.101024 -0.17575 0.05 14243.2
0 1953 2 phononTS 0.0020123 2.36599 0.406114 -0.0112919 4225.13 0.00034743 1 -0.0940779 -0.270872 0.05 14607.9
0 1965 2 phononTS 0.00175035 1.80031 0.0411499 0.02162 1065.84 0.00069486 1 -0.113355 -0.175609 0.05 2734.55
0 1979 3 phononTS 0.00228835 2.30429 0.218162 -0.0326882 13.1927 0.00034743 1 -0.0542255 -0.131986 0.05 7538.67
0 2002 4 phononL 0.000818693 1.70114 0.0488976 0.049999 476.989 0.00034743 1 0.0614309 -0.270548 0.05 2328.88
0 2016 3 phononL 0.00220734 0.865529 0.982531 -0.00865588 14049.6 0.00138972 1 -0.0170279 -0.221122 0.05 24870.9
0 2022 3 phononTS 0.00260203 2.58708 0.0740493 -0.0281606 923.208 0.00104229 1 -0.0379545 -0.278754 0.05 11455.2
0 2053 3 phononL 0.00139105 1.984 0.656243 0.0240353 787.578 0.00034743 1 0.0430383 -0.271777 0.05 26133.7
0 2090 3 phononTF 0.00195614 2.33792 0.221337 -0.0394742 864.963 0.00034743 1 -0.0296731 -0.2825 0.05 35810.3
0 2090 6 phononTF 0.000810689 -0.0296731 -0.2825 0.049999 35810.3 0.00034743 1 -0.0238221 -0.27093 0.05 35970.8
0 2095 1 phononTF 0.004 2.25 0.25 0 0 0.00034743 1 0.104516 -0.170652 0.05 12685.9
0 2101 2 phononTS 0.00203691 2.21359 0.241242 -0.0133612 7.8271 0.00069486 1 0.0507017 -0.193251 0.05 6353.38
0 2143 3 phononL 0.00168059 1.81213 0.031957 -0.0236223 4187.22 0.00034743 1 0.0325776 -0.296796 0.05 5239.51
0 2143 4 phononTF 0.00102398 0.0325776 -0.296796 0.049999 5239.51 0.00034743 1 -0.0961941 -0.247527 0.05 5469.19
0 2171 5 phononTS 0.00158483 2.33067 3.56952 -0.0402031 14576.3 0.00069486 1 0.077545 -0.233618 0.05 31425.1
0 2171 6 phononTF 0.00037223 0.077545 -0.233618 0.049999 31425.1 0.00034743 1 -0.0283934 -0.288112 0.05 31975.9
0 2224 2 phononTF 0.000819875 2.01092 0.105519 0.049999 2074.11 0.00034743 1 -0.0305413 -0.260517 0.05 37749.6
0 2278 2 phononTS 0.00049022 2.22319 0.231995 0.0133295 27.5315 0.00034743 1 0.0238784 -0.19862 0.05 1333.28
0 2298 4 phononTS 0.00102914 0.619217 -1.7996 0.0103663 40865.3 0.00034743 1 -0.0845367 -0.214092 0.05 47539.1
0 2355 3 phononTS 0.00245259 0.970824 -0.565172 -0.0392097 6255.84 0.00034743 1 0.0889293 -0.247391 0.05 67413.3
0 2438 3 phononTF 0.00232567 2.30074 0.320273 0.0215304 584.864 0.00034743 1 -0.075011 -0.278992 0.05 5349.95
0 2516 3 phononTF 0.00147935 1.82955 -1.06704 0.0204875 3900.66 0.00034743 1 -0.0195529 -0.166883 0.05 57990
0 2523 3 phononTF 0.00234297 1.4957 1.08098 -0.0083401 5647.07 0.00034743 1 -0.0304489 -0.118627 0.05 17485.6
0 2561 3 phononTF 0.00185239 3.26939 0.625988 -0.0375847 2191.85 0.00034743 1 0.0640421 -0.156075 0.05 4513.14
0 2561 4 phononL 0.00103321 0.0640421 -0.156075 0.049999 4513.14 0.00034743 1 0.0556673 -0.205154 0.05 7411.15
0 2728 2 phononTS 0.00243736 1.98791 0.282883 -0.0215003 961.369 0.00069486 1 0.0752074 -0.28115 0.05 7170.27
0 2772 4 phononTS 0.00122588 1.47881 -1.82626 -0.0160359 3658.43 0.00034743 1 0.0852874 -0.175523 0.05 39119.3
0 2811 2 phononTS 0.000466573 2.11605 0.0527037 0.049999 866.669 0.00034743 1 -0.0842909 -0.142224 0.05 79603.3
0 2839 4 phononTS 0.000406156 2.32852 0.100928 0.049999 104.206 0.00034743 1 0.0908491 -0.242459 0.05 2330.25
0 2843 5 phononTS 0.000963998 0.388014 0.451176 -0.0366507 14824 0.00034743 1 -0.0887793 -0.181095 0.05 18553.2
0 2870 2 phononTS 0.00165156 1.9047 0.390457 0.00946024 122.276 0.00034743 1 0.0665887 -0.179672 0.05 6633.37
0 2870 4 phononTF 0.0011621 0.0665887 -0.179672 0.049999 6633.37 0.00034743 1 0.0403919 -0.100226 0.05 6702.29
0 2886 3 phononTF 0.000862124 2.98056 0.0895452 0.049999 520.285 0.00034743 1 -0.0469142 -0.214385 0.05 23968.2
0 2898 6 phononTF 0.00168278 -1.44822 1.48648 0.048093 37107.8 0.00034743 1 -0.00450442 -0.200604 0.05 114894
0 2906 3 phononL 0.00248754 2.5704 1.12752 0.0180388 1120.61 0.00069486 1 -0.0897197 -0.262097 0.05 9367.86
0 2906 5 phononTS 0.00111716 -0.0897197 -0.262097 0.049999 9367.86 0.00034743 1 -0.0437514 -0.154174 0.05 9570.7
0 2913 1 phononTF 0.004 2.25 0.25 0 0 0.00104229 1 0.0219285 -0.139774 0.05 10593.2
0 2913 2 phononTF 0.00187372 0.0219285 -0.139774 0.049999 10593.2 0.00034743 1 0.0278607 -0.132072 0.05 10661.6
0 2934 3 phononTS 0.000621565 3.24387 0.0384794 0.049999 1794.51 0.00034743 1 0.0645866 -0.111761 0.05 31618.8
0 2944 3 phononTS 0.000827228 2.28905 0.0161664 0.049999 164.687 0.00034743 1 0.10498 -0.200174 0.05 127186
0 2963 4 phononTS 0.000429379 2.46705 0.0856992 0.049999 1596.91 0.00034743 1 -0.0916653 -0.256264 0.05 52870.1
0 3004 5 phononTS 0.000514952 2.04284 0.0572528 0.049999 216.851 0.00034743 1 -0.0304439 -0.208548 0.05 49010.6
0 3071 4 phononTS 0.000660433 2.8051 0.0147558 0.049999 4378.87 0.00034743 1 0.0326159 -0.15588 0.05 31118.9
0 3089 2 phononTF 0.00236539 2.95943 0.128999 0.0344587 2450.47 0.00034743 1 -0.106812 -0.221805 0.05 69355.6
0 3089 4 phononTF 0.00122943 -0.106812 -0.221805 0.049999 69355.6 0.00034743 1 -0.106566 -0.161638 0.05 69436
0 3123 1 phononTF 0.004 2.25 0.25 0 0 0.00034743 1 0.024785 -0.15965 0.05 14506
0 3135 2 phononTS 0.000531667 2.20346 0.0589871 0.049999 670.566 0.00034743 1 0.0295538 -0.186236 0.05 22195.5
0 3151 2 phononTF 0.00247158 2.07656 0.737228 0.00731138 9736.83 0.00104229 1 0.0496751 -0.108224 0.05 23932.4
0 3157 2 phononTS 0.00219759 1.44883 1.05347 0.042739 3696.72 0.00034743 1 0.0749067 -0.270227 0.05 25519.8
0 3157 6 phononTS 0.00107038 0.0749067 -0.270227 0.049999 25519.8 0.00034743 1 0.0779086 -0.176242 0.05 25599.8
0 3174 4 phononTS 0.000783296 1.89066 0.0116098 0.049999 8183.55 0.00034743 1 0.0961727 -0.149261 0.05 14736.8
0 3180 3 phononTS 0.000441091 1.50384 0.102349 0.049999 4182.39 0.00034743 1 -0.102993 -0.151906 0.05 31260.8
0 3192 2 phononTF 0.00172429 2.23842 0.228447 -0.01473 5.30138 0.00034743 1 -0.0426076 -0.216435 0.05 26408.8
0 3192 6 phononTF 0.00100699 -0.0426076 -0.216435 0.049999 26408.8 0.00069486 1 -0.0733214 -0.172211 0.05 26475.5
0 3220 1 phononTS 0.004 2.25 0.25 0 0 0.00034743 1 0.0915808 -0.265017 0.05 11913.8
0 3282 3 phononTF 0.000872109 2.7811 -0.0100887 0.049999 705.973 0.00034743 1 -0.0657487 -0.122297 0.05 17005.5
0 3286 5 phononL 0.00118358 2.24238 1.0731 0.026723 18273.3 0.00069486 1 0.0964547 -0.190158 0.05 102726
0 3310 3 phononTS 0.000745242 1.1367 0.0722922 0.049999 4300.11 0.00034743 1 -0.0381576 -0.258073 0.05 47551.5
0 3314 5 phononL 0.000592741 2.25334 0.0652402 0.049999 84.5928 0.00034743 1 0.105813 -0.237718 0.05 1614.91
0 3321 2 phononTS 0.00254821 0.439401 -0.0390364 0.0290418 11231.2 0.00034743 1 0.108674 -0.23343 0.05 12111.1
0 3321 5 phononTF 0.0012422 0.108674 -0.23343 0.049999 12111.1 0.00034743 1 -0.0363933 -0.213083 0.05 12622.8
0 3321 4 phononTF 0.000535416 0.108674 -0.23343 0.049999 12111.1 0.00034743 1 -0.107513 -0.177513 0.05 12435.2
0 3332 5 phononTF 0.000546729 2.20286 0.0754715 0.049999 158.697 0.00034743 1 -0.0258411 -0.269807 0.05 18730.7
0 3367 5 phononTS 0.000601989 2.67005 0.069894 0.049999 5098.3 0.00034743 1 0.0390693 -0.231632 0.05 86189.1
0 3483 2 phononTS 0.00180511 2.22749 0.393897 -0.00557826 318.14 0.00034743 1 -0.0577291 -0.196633 0.05 3827.67
0 3483 6 phononTS 0.00135625 -0.0577291 -0.196633 0.049998 3827.67 0.00069486 1 -0.0489076 -0.111003 0.05 3907.35
0 3533 3 phononTS 0.00272964 2.34559 -0.0598737 -0.0484514 827.288 0.00104229 1 0.0967129 -0.238022 0.05 45747.3
0 3568 4 phononTS 0.000849912 4.95309 4.3065 -0.0436958 7232.12 0.00034743 1 0.0460253 -0.162429 0.05 68670.6
0 3571 2 phononTF 0.00228733 2.35385 0.163641 -0.0155934 33.7437 0.00069486 1 0.0431146 -0.223183 0.05 11333.4
0 3572 1 phononTF 0.004 2.25 0.25 0 0 0.00138972 1 -0.0837363 -0.252233 0.05 4429.83
0 3572 11 phononL 0.00066357 -0.0837363 -0.252233 0.049999 4429.83 0.00034743 1 -0.0519929 -0.122486 0.05 4579.59
0 3575 3 phononTS 0.00244634 1.14698 -0.82134 0.025289 9376.81 0.00069486 1 0.0454725 -0.152893 0.05 20982.8
0 3592 2 phononTS 0.00152921 2.14197 0.244079 0.0232985 655.459 0.00034743 1 -0.0913487 -0.126089 0.05 3688.98
0 3592 4 phononTF 0.000927753 -0.0913487 -0.126089 0.049998 3688.98 0.00034743 1 -0.0229109 -0.209202 0.05 3771.44
0 3642 5 phononTS 0.00145909 1.20195 2.03916 -0.0129627 24076.4 0.00069486 1 -0.0989938 -0.159255 0.05 78306.7
0 3711 2 phononL 0.0022645 1.9722 0.424055 0.0478681 3560.63 0.00069486 1 -0.0228071 -0.254381 0.05 42609.5
0 3772 3 phononTF 0.00212597 2.0416 1.13961 0.0450761 2597.07 0.00034743 1 0.0588601 -0.122119 0.05 42575.7
0 3772 5 phononTS 0.00135758 0.0588601 -0.122119 0.049999 42575.7 0.00034743 1 0.0412315 -0.10758 0.05 42802.6
0 3783 3 phononTF 0.00236011 2.53257 -1.15502 -0.0382265 2680.69 0.00034743 1 0.0407247 -0.288772 0.05 5172.36
0 3786 2 phononTS 0.00219076 1.77915 0.930233 0.0338883 1522.14 0.00104229 1 0.0694162 -0.167241 0.05 16915.8
0 3850 4 phononTF 0.00112083 2.92892 -2.12006 -0.0149097 18570.1 0.00069486 1 0.0693962 -0.265546 0.05 73423.7
0 3857 2 phononL 0.00183061 1.99513 0.396583 -0.00848898 1647.83 0.00034743 1 0.030871 -0.202034 0.05 5133.51
0 3895 2 phononL 0.000496703 0.671933 0.0814856 0.049999 7345.08 0.00034743 1 0.0686715 -0.255138 0.05 8126.92
0 3902 2 phononTS 0.00163367 2.37409 -0.699335 0.0112717 2413.76 0.00034743 1 0.0717686 -0.230918 0.05 12923
0 3902 6 phononTF 0.00121609 0.0717686 -0.230918 0.049999 12923 0.00069486 1 -0.0180903 -0.169636 0.05 12991.4
0 4000 4 phononTS 0.000592907 4.50801 -0.95243 0.0110598 7260.06 0.00034743 1 -0.0530026 -0.140544 0.05 24123.7
0 4065 3 phononL 0.00221056 3.23199 0.124954 -0.0255811 2367.09 0.00034743 1 -0.0499547 -0.128129 0.05 84093.3
0 4065 5 phononTS 0.00130611 -0.0499547 -0.128129 0.049999 84093.3 0.00034743 1 -0.0763684 -0.117261 0.05 84153.5
0 4073 3 phononTS 0.000558973 0.87428 0.0112906 0.049999 9077.91 0.00034743 1 -0.0391649 -0.173348 0.05 14984.8
0 4092 2 phononL 0.00110897 2.29157 0.993768 0.0334095 12213.7 0.00034743 1 -0.104621 -0.198002 0.05 43533.5
0 4108 2 phononTF 0.00193976 2.46948 -0.329452 0.0024203 5950.64 0.00069486 1 -0.0614239 -0.212842 0.05 34319
0 4114 2 phononTS 0.00176607 2.75676 0.371884 0.00133452 2482.65 0.00069486 1 0.104149 -0.161351 0.05 30976.5
0 4115 2 phononTS 0.00251133 2.2711 0.511573 0.0105735 499.381 0.00069486 1 -0.0462579 -0.23568 0.05 5173.16
0 4157 3 phononTS 0.000748709 2.46437 0.0975265 0.049999 397.819 0.00034743 1 0.0150891 -0.200375 0.05 1394.79
0 4160 5 phononTS 0.000704984 1.39997 0.0667321 0.049999 1648.62 0.00034743 1 0.118342 -0.217988 0.05 3926.42
0 4195 5 phononTS 0.000832886 3.59205 1.98452 0.0112213 30889.2 0.00034743 1 0.0657981 -0.229142 0.05 49778.7
0 4218 5 phononTS 0.000382563 -0.232879 0.0746925 0.049999 3764.64 0.00034743 1 -0.107975 -0.158327 0.05 3883.03
0 4244 4 phononL 0.000727749 -0.341629 -1.41587 0.0164101 28118.8 0.00034743 1 -0.11168 -0.241375 0.05 38883
0 4246 3 phononTS 0.00188429 1.80824 0.689995 -0.00180374 4862.6 0.00069486 1 0.0782192 -0.22247 0.05 10721.2
0 4272 3 phononL 0.00270502 0.850705 -0.785391 -0.0178068 3080.93 0.00034743 1 0.0695122 -0.156206 0.05 13479.5
0 4272 6 phononTS 0.00215511 0.0695122 -0.156206 0.049998 13479.5 0.00034743 1 0.0420354 -0.160374 0.05 13539.9
0 4272 11 phononTS 0.00176246 0.0420354 -0.160374 0.049998 13539.9 0.00034743 1 0.0439457 -0.167933 0.05 13595.9
0 4293 2 phononTS 0.00260281 2.18825 0.463644 -0.000546509 1425.79 0.00138972 1 -0.0738889 -0.13328 0.05 17801.8
0 4319 4 phononTS 0.000822557 1.66444 0.0239858 0.049999 826.281 0.00034743 1 -0.0391873 -0.138721 0.05 24442.4
0 4320 2 phononL 0.00189922 1.87725 0.441439 0.0150842 316.759 0.00034743 1 0.0246852 -0.1198 0.05 16763.9
0 4387 3 phononL 0.00281003 2.44484 -1.55988 0.0495285 10651.4 0.00034743 1 0.0327394 -0.20073 0.05 14584.4
0 4400 3 phononTS 0.00237065 1.46198 2.19506 0.0327864 3106.03 0.00034743 1 -0.044967 -0.201408 0.05 30545.9
0 4452 3 phononTS 0.000751344 1.12581 0.0711389 0.049999 1457.85 0.00034743 1 0.10739 -0.152489 0.05 20759.5
0 4463 2 phononTF 0.000866578 2.35748 0.0399841 0.049998 780.67 0.00034743 1 0.0439215 -0.217885 0.05 82065.7
0 4468 3 phononTS 0.0029913 1.79351 0.238612 0.000401722 2014.79 0.00138972 1 0.0795413 -0.189003 0.05 15425.7
0 4484 3 phononTS 0.00177123 2.61939 0.784139 -0.0026181 3450.11 0.00069486 1 -0.0407498 -0.259948 0.05 25572.2
0 4495 3 phononL 0.0021427 1.71942 -0.734342 -0.0470978 2129.8 0.00069486 1 0.0877118 -0.22451 0.05 5973.31
0 4509 4 phononTS 0.000543123 2.32687 0.0881164 0.049999 270.297 0.00034743 1 -0.0685732 -0.209332 0.05 57859.7
0 4530 3 phononTS 0.000804041 3.54468 0.0718211 0.049999 9870.88 0.00034743 1 -0.0543647 -0.152571 0.05 19411.3
0 4550 2 phononTF 0.00256954 3.06057 0.302325 -0.0250068 4454.68 0.00069486 1 -0.0352245 -0.0949932 0.05 19920.6
0 4560 3 phononL 0.0020902 1.26331 -0.0863404 -0.0175206 1488.14 0.00069486 1 0.0468292 -0.273835 0.05 2982.17
0 4587 3 phononTF 0.000767174 1.12495 0.0314769 0.049999 9268.44 0.00034743 1 0.0308472 -0.234729 0.05 12714
0 4598 5 phononTF 0.00149427 0.305904 -3.85542 0.0425006 54807.4 0.00034743 1 0.0925439 -0.178916 0.05 61522.7
0 4624 2 phononL 0.00171223 1.09313 0.834124 0.00696672 3110.56 0.00034743 1 0.0572904 -0.135223 0.05 17191.2
0 4651 3 phononTS 0.00193862 2.71549 0.238332 0.0326105 604.307 0.00069486 1 -0.0847757 -0.250252 0.05 10216.5
0 4693 2 phononTF 0.000842777 2.25132 0.0366031 0.049999 711.332 0.00034743 1 -0.0991077 -0.21838 0.05 21959.6
0 4713 3 phononTF 0.00233393 1.38013 -1.46149 0.000223733 8747.11 0.00034743 1 0.0889374 -0.255213 0.05 23457.1
0 4756 3 phononTS 0.00246036 2.49494 0.230229 -0.0175968 50.4793 0.00104229 1 0.0585592 -0.123594 0.05 3650.64
0 4762 2 phononL 0.00283387 2.13729 0.143036 0.0416129 29.8454 0.00034743 1 -0.11749 -0.207749 0.05 9883.07
0 4766 3 phononTS 0.00175733 2.07733 0.134391 0.0328161 313.428 0.00069486 1 -0.0750998 -0.138131 0.05 3050.27
0 4769 3 phononTF 0.00251354 2.43345 0.927642 -0.0057496 6286.32 0.00069486 1 -0.0549967 -0.13274 0.05 20735.8
0 4769 7 phononTF 0.00161376 -0.0549967 -0.13274 0.049999 20735.8 0.00104229 1 -0.108979 -0.177948 0.05 20799.2
0 4798 3 phononTS 0.00237031 4.18343 3.11004 -0.0359431 11422.6 0.00069486 1 -0.0836165 -0.246564 0.05 58422
0 4798 4 phononL 0.000642132 -0.0836165 -0.246564 0.049999 58422 0.00034743 1 -0.0628768 -0.106209 0.05 58483
0 4798 22 phononTF 0.000893554 1.74238 1.41256 0.0171947 29660.4 0.00034743 1 0.021859 -0.162543 0.05 52014.3
0 4798 24 phononTF 0.000372928 0.021859 -0.162543 0.049999 52014.3 0.00034743 1 0.0351916 -0.163072 0.05 52089.1
0 4836 2 phononTF 0.000837841 1.59205 0.106059 0.049998 3894.96 0.00034743 1 0.0602282 -0.23983 0.05 15340.4
0 4874 1 phononTF 0.004 2.25 0.25 0 0 0.00104229 1 0.0842168 -0.20799 0.05 6512.91
0 4925 4 phononL 0.00168046 2.58888 -4.21472 0.0168337 18928.9 0.00069486 1 -0.0550207 -0.270848 0.05 156029
0 4939 2 phononTS 0.000409154 2.78526 0.00289904 0.049999 477.24 0.00034743 1 -0.0989342 -0.20963 0.05 94727.1
0 4940 4 phononL 0.00167959 0.408447 -0.720817 -0.0190063 5053.9 0.00069486 1 -0.0783708 -0.116113 0.05 96430.5
0 4962 2 phononTF 0.0014287 2.47363 0.378904 -0.0315385 525.133 0.00034743 1 0.0190017 -0.225786 0.05 7034.89
0 4963 1 phononL 0.004 2.25 0.25 0 0 0.00104229 1 0.0533721 -0.183566 0.05 3801.15
0 4986 3 phononTF 0.00138279 2.23691 0.248773 -0.0220384 4.93738 0.00069486 1 0.0345079 -0.262677 0.05 30824.6
