Run ID,Event ID,Track ID,Particle Name,Start Energy [eV],Start X [mm],Start Y [mm],Start Z [mm],Start Time [ns],Energy Deposited [eV],Track Weight,End X [mm],End Y [mm],End Z [mm],Final Time [ns],Volume Name
0 19 4 phononTS 0.00125234 -1.10461 -0.246887 -0.018231 26937.6 0.00069486 1 -0.0376761 -0.301531 0.05 36055.6
0 20 3 phononTF 0.00289986 -0.874119 3.7242 0.0291307 3135.99 0.00104229 1 0.012859 -0.18408 0.05 31014.8
0 20 4 phononTF 0.000710866 0.012859 -0.18408 0.049999 31014.8 0.00034743 1 0.0805328 -0.227506 0.05 31169.8
0 20 2 phononTF 0.00110014 -0.874119 3.7242 0.0291307 3135.99 0.00034743 1 -0.0459237 -0.177501 0.05 9888.07
0 25 2 phononTS 0.00185664 -1.76087 3.84513 0.0306001 24.8007 0.00034743 1 0.0264099 -0.115587 0.05 126485
0 33 4 phononTS 0.000528671 -1.44284 2.10254 0.0238154 37757.7 0.00034743 1 -0.10177 -0.196535 0.05 107755
0 129 3 phononTF 0.00250104 -1.78927 2.06235 -0.0198608 7652.9 0.00104229 1 -0.103775 -0.172694 0.05 30338.6
0 158 2 phononTF 0.00144641 -1.17995 3.40064 -0.00955523 610.923 0.00034743 1 -0.0383415 -0.217459 0.05 23779.1
0 166 4 phononTS 0.00193673 -2.9422 -0.746622 -0.0219232 23709.8 0.00069486 1 -0.0579888 -0.258842 0.05 137788
0 167 2 phononL 0.00199442 -3.3234 3.57383 0.0415535 5599.48 0.00069486 1 -0.0950376 -0.218295 0.05 26232.4
0 246 3 phononTS 0.00224783 -1.64965 3.96301 -0.0408299 202.279 0.00104229 1 0.0511646 -0.204739 0.05 57431.9
0 305 2 phononTS 0.00207679 -1.85575 3.7348 -0.0394655 1359.56 0.00069486 1 0.0357178 -0.23269 0.05 50231
0 320 5 phononTS 0.00170638 -2.33179 3.9712 -0.0354918 2668.14 0.00069486 1 -0.0748712 -0.25923 0.05 15910.7
0 353 3 phononL 0.00204255 -2.48191 4.19646 -0.0327366 1520.16 0.00069486 1 0.0789915 -0.179748 0.05 15436.5
0 368 4 phononTF 0.00117168 -1.62851 1.7574 0.0410998 17198.5 0.00034743 1 0.0657755 -0.215662 0.05 47413.5
0 453 2 phononTF 0.00124615 -1.05966 3.62015 0.0347325 2397.32 0.00069486 1 -0.119648 -0.195678 0.05 13305.8
0 487 2 phononL 0.00217887 -2.08104 4.16645 -0.0101831 847.001 0.00034743 1 -0.0717739 -0.288695 0.05 48127.4
0 546 2 phononTS 0.00173926 -1.89013 4.57834 -0.0464991 2218.89 0.00034743 1 0.0321985 -0.209545 0.05 20707.4
0 554 4 phononTS 0.00113757 2.08 -3.48933 -0.00975988 52080.4 0.00034743 1 0.0378655 -0.243711 0.05 69994.6
0 597 3 phononL 0.00252205 0.274554 2.89363 0.00148571 4705.68 0.00104229 1 -0.0490341 -0.290586 0.05 28846
0 653 4 phononL 0.00090497 1.0996 -0.0959506 -0.00548662 32610.1 0.00034743 1 0.0770107 -0.268037 0.05 141725
0 659 6 phononL 0.00132675 -0.319044 4.9454 0.0245041 4860.43 0.00069486 1 -0.0371467 -0.298436 0.05 28876.9
0 663 2 phononL 0.00205888 -3.35879 3.10571 0.0427189 5410.39 0.00104229 1 0.107316 -0.163301 0.05 56136.9
0 697 5 phononTF 0.00113492 -1.41645 0.762321 -0.0485871 39523.9 0.00034743 1 -0.0838132 -0.240236 0.05 56487.5
0 698 3 phononL 0.00185751 -2.87937 3.58269 -0.00477341 5452.39 0.00034743 1 0.0997245 -0.236458 0.05 49326
0 721 5 phononTS 0.000989832 -1.83942 3.9098 0.0271611 1184.49 0.00034743 1 -0.037223 -0.20475 0.05 55072.2
0 749 5 phononTS 0.000732089 4.97648 0.253599 -0.0273748 18419.1 0.00034743 1 0.0287119 -0.166612 0.05 54324.7
0 759 2 phononTS 0.00203653 -1.70309 3.77232 -0.0481985 520.493 0.00034743 1 0.100535 -0.185672 0.05 30042
0 765 2 phononTS 0.00172562 -1.3077 3.86291 -0.0366541 3439.89 0.00034743 1 -0.0630455 -0.112336 0.05 42055.2
0 795 3 phononTS 0.00200919 -1.61389 3.39484 0.0485917 1064.4 0.00138972 1 -0.0318382 -0.225372 0.05 214295
0 795 2 phononL 0.00199081 -1.61389 3.39484 0.0485917 1064.4 0.00034743 1 -0.0787682 -0.226699 0.05 3445.73
0 847 2 phononTS 0.00228039 -3.64526 4.59218 -0.0222716 17176.4 0.00069486 1 0.104079 -0.17391 0.05 24526.5
0 876 5 phononTF 0.0018932 -1.17066 3.78961 0.0351553 6004.55 0.00034743 1 0.11094 -0.195017 0.05 113413
0 876 9 phononTS 0.000407375 0.11094 -0.195017 0.049999 113413 0.00034743 1 0.0356541 -0.270236 0.05 113678
0 898 2 phononTS 0.00192795 -1.63221 3.51731 -0.019089 1464.4 0.00034743 1 -0.0550662 -0.203835 0.05 29935.3
0 927 5 phononTS 0.00188035 -2.41161 3.00363 0.00382544 13540.1 0.00104229 1 0.0759198 -0.211127 0.05 171587
0 942 2 phononTF 0.00159308 -3.27878 2.54345 -0.01613 10823.7 0.00034743 1 -0.0462993 -0.151791 0.05 53373.2
0 942 5 phononTS 0.00119672 -0.0462993 -0.151791 0.049999 53373.2 0.00034743 1 -0.072737 -0.135395 0.05 53468.8
0 947 2 phononL 0.00115538 -1.48945 4.16188 0.041112 15183 0.00069486 1 -0.0797203 -0.268036 0.05 88058
0 987 5 phononL 0.000951993 -2.36842 1.33547 0.0213071 13108.6 0.00034743 1 0.0246425 -0.180617 0.05 50884.5
0 987 4 phononTF 0.0015818 -2.36842 1.33547 0.0213071 13108.6 0.00034743 1 0.101615 -0.200984 0.05 39090
0 1073 5 phononL 0.00140055 -3.77093 3.65013 -0.026316 35905.2 0.00104229 1 -0.112433 -0.172597 0.05 64162.8
0 1116 2 phononTS 0.00216315 -1.84799 3.94487 1.32983e-05 84.6815 0.00034743 1 -0.0478727 -0.253833 0.05 15565.8
0 1127 4 phononTF 0.00133179 -3.77854 2.25184 0.0449554 29265.6 0.00069486 1 0.0312114 -0.160619 0.05 36323.8
0 1168 3 phononTS 0.00161624 -1.62675 4.73471 0.00931445 5755.61 0.00034743 1 -0.0238465 -0.230236 0.05 72923.6
0 1178 3 phononL 0.00248602 -2.29576 3.31705 0.0282312 913.784 0.00069486 1 0.115074 -0.189643 0.05 75010
0 1189 3 phononTF 0.00207908 -1.40526 2.48464 0.0430157 4377.92 0.00069486 1 0.0393867 -0.13233 0.05 28458.8
0 1190 3 phononTS 0.00228405 -2.01685 3.98799 -0.00150138 3915.11 0.00069486 1 -0.0541917 -0.219516 0.05 11469.9
0 1196 3 phononTF 0.000948438 -1.81691 3.5961 -0.0266871 267.899 0.00034743 1 0.0835502 -0.253635 0.05 2639.78
0 1228 3 phononL 0.00188846 -3.09689 4.45724 0.00747798 18650.5 0.00069486 1 -0.0473911 -0.202769 0.05 62439.6
0 1238 5 phononTF 0.00139555 -0.217419 3.09333 0.0168258 6475.83 0.00069486 1 0.0429533 -0.151473 0.05 23847
0 1246 2 phononTS 0.00231286 -1.60567 3.18574 0.0363934 1405.29 0.00104229 1 -0.0910677 -0.234938 0.05 9237.08
0 1246 5 phononTF 0.000447875 -0.0910677 -0.234938 0.049999 9237.08 0.00034743 1 -0.0681825 -0.225697 0.05 9294.31
0 1269 3 phononTS 0.00229451 -1.10575 3.5499 -0.0172252 5074.25 0.00069486 1 0.0851894 -0.154554 0.05 20306.2
0 1273 2 phononTS 0.00267573 -1.76508 4.51813 -0.00601112 2371.13 0.00069486 1 0.0787714 -0.250983 0.05 35618.6
0 1273 6 phononTS 0.000566906 0.0787714 -0.250983 0.049999 35618.6 0.00034743 1 0.0744183 -0.178869 0.05 35882.3
0 1275 2 phononL 0.00226821 -3.72669 3.98276 -0.0156585 4771.45 0.00069486 1 0.0261928 -0.30363 0.05 76478.2
0 1297 3 phononTS 0.00261696 -1.85768 3.85347 -0.00630368 599.827 0.00034743 1 -0.110208 -0.200418 0.05 15551.8
0 1311 3 phononTS 0.0026791 0.0629482 3.55455 0.0374903 15005 0.00034743 1 -0.0664067 -0.252441 0.05 26499.2
0 1341 2 phononTS 0.000806119 -2.10177 3.12353 0.0316154 2247.96 0.00069486 1 0.103858 -0.151682 0.05 77305.8
0 1369 3 phononTF 0.00163138 0.154822 3.53381 -0.0234637 9686.58 0.00034743 1 0.11012 -0.211064 0.05 23390.1
0 1381 4 phononTF 0.0010518 -1.90049 4.86635 -0.020487 41330.9 0.00034743 1 0.0673021 -0.284302 0.05 101667
0 1393 3 phononTS 0.00202741 -1.03659 3.21396 -0.0436152 9275.34 0.00069486 1 0.0699227 -0.279613 0.05 14833.1
0 1410 2 phononTF 0.00126304 -0.0559865 1.24068 -0.0200414 12660 0.00034743 1 -0.0319887 -0.137341 0.05 18961.1
0 1433 3 phononTS 0.00128695 -3.2436 1.80553 -0.0336416 5596.38 0.00034743 1 -0.0934851 -0.194323 0.05 65252
0 1484 5 phononTF 0.00139239 -4.06452 1.39585 -0.0145842 37322.2 0.00069486 1 -0.0752489 -0.181219 0.05 47816.6
0 1487 4 phononTS 0.000882473 -0.0885231 2.49356 -0.0312735 22376.5 0.00034743 1 0.114696 -0.190748 0.05 52059.7
0 1495 4 phononTS 0.000878884 -2.98193 0.74395 0.0482136 10376.5 0.00034743 1 0.112282 -0.237111 0.05 22485.5
0 1495 6 phononTF 0.00035516 0.112282 -0.237111 0.049999 22485.5 0.00034743 1 0.110088 -0.191958 0.05 22555.1
0 1499 3 phononTF 0.00235738 -1.52946 3.50721 -0.00355215 2305.57 0.00069486 1 -0.0242882 -0.204012 0.05 6111.15
0 1503 3 phononTS 0.00234244 -2.06816 3.81022 -0.0350503 1535.71 0.00034743 1 0.0822992 -0.228477 0.05 44509.8
0 1555 4 phononTF 0.000734769 -3.36495 -3.75487 0.0180428 66455.2 0.00034743 1 0.0694383 -0.161472 0.05 73874
0 1560 7 phononTF 0.00106601 0.607502 -4.43677 0.0179569 57149.9 0.00034743 1 -0.0682765 -0.143664 0.05 126217
0 1606 2 phononTS 0.00072512 -1.45158 2.82332 0.00895358 14862 0.00034743 1 -0.0719331 -0.131355 0.05 86812.5
0 1609 3 phononTF 0.001599 -1.76358 3.75958 0.0346278 15.0145 0.00069486 1 0.0505547 -0.249857 0.05 24540.6
0 1635 4 phononTF 0.000880773 0.111921 2.15421 0.0348925 36133.8 0.00034743 1 0.049654 -0.104445 0.05 51408.4
0 1644 2 phononTS 0.0012536 -1.64629 3.2662 -0.00690763 5021.32 0.00034743 1 -0.066736 -0.130011 0.05 26477.8
0 1647 2 phononTF 0.00127518 -2.34236 3.27338 0.040798 9971.05 0.00034743 1 -0.0222547 -0.175521 0.05 14763.1
0 1647 7 phononL 0.000546412 -0.0222547 -0.175521 0.049998 14763.1 0.00034743 1 0.0907622 -0.208815 0.05 14886.2
0 1652 5 phononTF 0.00154903 0.850622 3.20053 0.0228493 9808.15 0.00069486 1 -0.0402356 -0.122205 0.05 18058.2
0 1656 2 phononTS 0.00247269 -1.72964 3.75878 -0.0114223 58.45 0.00069486 1 0.110767 -0.184006 0.05 26473.8
0 1657 2 phononL 0.00218904 -2.6264 2.12749 -0.00491873 14639.6 0.00034743 1 0.0222582 -0.154089 0.05 85840.2
0 1681 4 phononTF 0.000870897 -0.996731 3.65419 -0.0432043 58197.8 0.00034743 1 -0.0606794 -0.141275 0.05 167316
0 1693 2 phononTS 0.00189393 -1.00473 2.97339 0.0233827 10105 0.00034743 1 0.0834538 -0.217347 0.05 12043.9
0 1718 4 phononL 0.000964298 -1.54236 3.33225 0.0376836 18051.4 0.00034743 1 -0.0174392 -0.210975 0.05 109432
0 1780 5 phononL 0.00151954 0.156684 -0.653443 0.0180116 40686.1 0.00069486 1 0.0175043 -0.1816 0.05 41072.4
0 1808 3 phononTF 0.00197077 -3.55494 3.14107 0.0118764 2438.78 0.00104229 1 0.0462915 -0.290801 0.05 21037.7
0 1831 5 phononTS 0.0006202 -3.49772 -0.690087 0.0286223 23329.1 0.00034743 1 -0.0694417 -0.209066 0.05 34552.4
0 1849 2 phononTF 0.00114759 -2.46349 4.53181 0.0280953 2677.89 0.00034743 1 0.0290436 -0.194838 0.05 31256.7
0 1852 2 phononTS 0.00196969 0.184695 2.91987 0.0377301 19148.3 0.00069486 1 0.0210386 -0.217375 0.05 26646.4
0 1892 3 phononTF 0.00248056 0.301522 2.60909 0.00827157 10587.3 0.00104229 1 0.0270197 -0.183735 0.05 28195.7
0 1938 3 phononTS 0.00147832 -0.735336 4.18193 -0.0477122 3844.85 0.00104229 1 -0.0607442 -0.137338 0.05 103136
0 1975 3 phononTS 0.00190427 -2.07943 3.76333 -0.0401828 4077.49 0.00069486 1 -0.0677229 -0.280513 0.05 31814.3
0 1990 2 phononTS 0.00198185 -2.42698 4.0239 -0.0177372 1438.29 0.00069486 1 -0.0836308 -0.221104 0.05 37737.6
0 2008 5 phononTF 0.00226467 -3.0478 -0.13832 -0.0281832 22039.4 0.00034743 1 -0.0787611 -0.161228 0.05 111220
0 2008 6 phononTS 0.00159466 -0.0787611 -0.161228 0.049999 111220 0.00034743 1 -0.0863204 -0.159999 0.05 111279
0 2027 3 phononTS 0.00194599 -0.916066 3.37777 0.023512 5388.96 0.00034743 1 0.0668727 -0.265365 0.05 18770.7
0 2034 3 phononL 0.0025756 -1.49055 3.2904 -0.0123074 2734.8 0.00069486 1 0.0804283 -0.146616 0.05 19144.6
0 2082 2 phononTS 0.00246901 -1.96514 2.96816 -0.0120351 2139.52 0.00069486 1 -0.0476591 -0.154164 0.05 47366.2
0 2118 3 phononL 0.00178891 -1.46344 3.8784 0.0278313 11795 0.00069486 1 -0.0607728 -0.262823 0.05 24362.3
0 2118 10 phononTF 0.00039564 -0.0607728 -0.262823 0.049999 24362.3 0.00034743 1 -0.0952157 -0.226097 0.05 24625.2
0 2118 4 phononTF 0.000492354 -0.0607728 -0.262823 0.049999 24362.3 0.00034743 1 0.0804468 -0.262858 0.05 24432.1
0 2126 4 phononTS 0.00104427 -0.589871 4.19625 0.0116499 18370.4 0.00034743 1 0.0728618 -0.276158 0.05 28393.2
0 2172 3 phononTS 0.000897829 0.529797 4.30775 -0.0479819 5513.08 0.00034743 1 0.0633343 -0.262664 0.05 48606.3
0 2178 3 phononTS 0.00288611 -1.4459 3.67895 -0.0485633 633.181 0.00069486 1 -0.10553 -0.239455 0.05 21522.2
0 2178 13 phononTS 0.00040577 -0.10553 -0.239455 0.049998 21522.2 0.00034743 1 0.0742058 -0.282013 0.05 21648
0 2201 2 phononTS 0.0021048 -1.79189 3.19056 0.0383956 1505.93 0.00034743 1 -0.0852206 -0.238591 0.05 104718
0 2204 3 phononL 0.0034043 -0.096526 0.515675 0.0232993 14235.6 0.00104229 1 -0.0542849 -0.12918 0.05 17983.9
0 2212 3 phononTS 0.00244798 -2.2692 4.99612 0.0279129 3208.68 0.00069486 1 -0.0781563 -0.280469 0.05 28219.9
0 2294 2 phononTF 0.00220602 0.912603 4.42924 -0.000616669 7012.5 0.00104229 1 -0.0505649 -0.222875 0.05 26919.1
0 2299 2 phononL 0.00223028 -0.308387 3.19981 -0.00805037 17059.9 0.00034743 1 -0.110685 -0.228195 0.05 44825
0 2368 2 phononTS 0.00081692 -1.97798 3.78589 0.0225322 886.553 0.00034743 1 -0.0434857 -0.293553 0.05 34777.1
0 2420 2 phononTS 0.00173111 -1.9217 2.72517 -0.010618 17274.2 0.00069486 1 0.0287953 -0.241334 0.05 29390.4
0 2422 2 phononTS 0.0028678 -1.65329 3.08974 -0.00986601 3928.83 0.00069486 1 -0.0567205 -0.222161 0.05 20410.8
0 2427 2 phononTS 0.000879844 -1.81126 4.85129 -0.0423258 4811.98 0.00034743 1 -0.0847033 -0.124526 0.05 41573
0 2434 3 phononTS 0.00225941 -2.36695 4.82425 -0.047662 2851.41 0.00034743 1 -0.058829 -0.157674 0.05 28528.6
0 2451 3 phononL 0.00218949 -1.18843 4.34659 -0.0178245 10504.2 0.00104229 1 0.0887998 -0.180789 0.05 43397.6
0 2491 2 phononTS 0.00239845 -1.50349 2.84073 -0.0187701 2495.8 0.00034743 1 0.0699636 -0.21219 0.05 8906.1
0 2491 4 phononTF 0.001758 0.0699636 -0.21219 0.049999 8906.1 0.00034743 1 0.0446267 -0.222248 0.05 8968.53
0 2491 10 phononTF 0.0006885 0.0446267 -0.222248 0.049999 8968.53 0.00034743 1 -0.0932071 -0.162459 0.05 9202.27
0 2519 2 phononTS 0.00193227 -1.7863 3.74438 -0.0423388 14.5884 0.00034743 1 -0.111099 -0.19352 0.05 23591.9
0 2562 3 phononTF 0.00279851 -2.12615 3.62975 -0.00267245 1784.89 0.00069486 1 -0.064044 -0.212519 0.05 23989.1
0 2643 4 phononTS 0.00146927 -3.23069 3.83503 0.0447787 13362 0.00034743 1 0.0340609 -0.263617 0.05 85316.4
0 2643 7 phononTS 0.000459591 0.0340609 -0.263617 0.049999 85316.4 0.00034743 1 -0.0887223 -0.221226 0.05 85491.3
0 2703 5 phononTS 0.00209245 3.37354 -0.665769 -0.0254306 63734.8 0.00034743 1 -0.081836 -0.243583 0.05 73357.8
0 2715 2 phononTS 0.00233232 -1.91473 3.49649 0.026443 57.9165 0.00069486 1 0.0233781 -0.16214 0.05 18158.8
0 2715 8 phononTF 0.000513464 0.0233781 -0.16214 0.049999 18158.8 0.00034743 1 -0.0528259 -0.203882 0.05 38516.2
0 2736 5 phononTF 0.00165565 -0.525361 4.01588 0.0388293 10637.3 0.00034743 1 0.0962089 -0.249675 0.05 57907.1
0 2736 7 phononTS 0.000485991 0.0962089 -0.249675 0.049999 57907.1 0.00034743 1 0.0361817 -0.216324 0.05 58431.8
0 2745 5 phononTS 0.00118437 -2.91801 -1.13795 -0.0132977 9227.37 0.00034743 1 0.0713805 -0.224587 0.05 24567.6
0 2745 7 phononTF 0.000823124 0.0713805 -0.224587 0.049999 24567.6 0.00034743 1 0.0671844 -0.204423 0.05 24664.2
0 2767 3 phononTS 0.00178805 -1.84293 3.80147 -0.0317527 3395.49 0.00104229 1 0.0351537 -0.218643 0.05 17525.6
0 2774 2 phononTS 0.00182139 -3.82746 3.46571 -0.00989019 19099.8 0.00034743 1 0.0491016 -0.178554 0.05 35134.3
0 2774 5 phononTF 0.0010772 0.0491016 -0.178554 0.049999 35134.3 0.00034743 1 -0.0864825 -0.236788 0.05 35826.3
0 2782 3 phononTF 0.00196115 -1.49283 3.65673 0.0451059 9192.74 0.00104229 1 0.0297283 -0.165342 0.05 30420.5
0 2787 2 phononTF 0.00155184 -0.0973924 4.55706 0.00246407 7449.36 0.00034743 1 0.067795 -0.242039 0.05 14566.7
0 2806 4 phononTF 0.00122754 -0.545395 1.50415 0.00298737 27845.8 0.00034743 1 0.0868561 -0.132675 0.05 80697.7
0 2806 7 phononTF 0.000478013 0.0868561 -0.132675 0.049999 80697.7 0.00034743 1 0.0635154 -0.184153 0.05 81425.4
0 2814 2 phononTS 0.00206076 -1.95336 2.02635 -0.0311967 9002.44 0.00034743 1 0.0538177 -0.265285 0.05 71410.8
0 2861 3 phononTS 0.00187042 -0.409025 4.52534 0.0214998 12495.9 0.00034743 1 -0.11354 -0.238652 0.05 63962
0 2866 2 phononTS 0.00164053 -0.492887 4.98638 -0.0476751 31405.1 0.00034743 1 -0.0774735 -0.276247 0.05 75680.4
0 2866 6 phononTF 0.00104125 -0.0774735 -0.276247 0.049998 75680.4 0.00034743 1 0.0629585 -0.112394 0.05 75832.9
0 2868 2 phononTS 0.000743878 -2.11403 3.22813 0.0349447 3232.1 0.00034743 1 -0.0732963 -0.191783 0.05 116200
0 2869 3 phononTS 0.00221129 -2.3912 3.66688 0.0289209 2338.47 0.00069486 1 0.0607138 -0.231527 0.05 33556.8
0 2919 4 phononTF 0.00154559 -3.54102 3.99511 0.0052446 6860.3 0.00034743 1 -0.10938 -0.241748 0.05 54234.2
0 2919 7 phononTS 0.000727636 -0.10938 -0.241748 0.049999 54234.2 0.00069486 1 -0.0646616 -0.121137 0.05 54330
0 2934 2 phononL 0.00120416 -2.71948 3.3786 0.0275492 17612.3 0.00069486 1 0.0810652 -0.145998 0.05 69037.3
0 2959 3 phononTS 0.00220528 -1.0397 4.18864 0.0344179 3097.3 0.00069486 1 -0.0309904 -0.110334 0.05 35542.2
0 2982 2 phononTF 0.000907947 0.127541 3.47458 0.00733158 4086.39 0.00034743 1 -0.047946 -0.147521 0.05 37655.6
0 2988 4 phononTS 0.00158041 -3.37242 3.31926 0.0467137 44357.5 0.00069486 1 0.075624 -0.117097 0.05 79777.7
0 2993 2 phononTS 0.0012841 -1.14285 4.9403 -0.0156773 12382.9 0.00034743 1 -0.055218 -0.185391 0.05 23327.3
0 3000 3 phononTS 0.00209993 -1.72801 3.43223 -0.0465207 7728.05 0.00034743 1 -0.0870008 -0.209789 0.05 56037.1
0 3000 6 phononL 0.00113746 -0.0870008 -0.209789 0.049999 56037.1 0.00034743 1 -0.0625811 -0.169558 0.05 59367.7
0 3029 5 phononL 0.00157983 -0.0345313 4.81597 0.0021508 3764.69 0.00034743 1 0.0574107 -0.189723 0.05 63617.7
0 3043 3 phononTS 0.00108861 -0.780004 4.06902 -0.0480372 9795.68 0.00034743 1 -0.111177 -0.241287 0.05 55288.1
0 3063 4 phononTS 0.00113152 -2.22403 3.9696 -0.0231931 5288.99 0.00034743 1 -0.0872166 -0.203789 0.05 59656.6
0 3063 7 phononTS 0.000373603 -0.0872166 -0.203789 0.049999 59656.6 0.00034743 1 -0.0841997 -0.265861 0.05 59899.8
0 3096 5 phononTS 0.00124412 -4.00644 -2.07242 0.0345163 55167.1 0.00034743 1 0.0998803 -0.157421 0.05 103010
0 3118 2 phononTF 0.000726227 -1.4512 3.99526 -0.0107072 329.985 0.00034743 1 -0.103631 -0.154399 0.05 28705.7
0 3124 2 phononL 0.00257568 -1.86454 3.63152 0.0284744 3028.28 0.00069486 1 0.051423 -0.230051 0.05 23107.7
0 3147 3 phononTF 0.0017428 -1.19956 2.25518 0.0305057 2472.99 0.00034743 1 0.0757431 -0.129913 0.05 21398.1
0 3163 2 phononTS 0.00181146 -2.35372 3.96057 0.00166094 1981.09 0.00034743 1 -0.088095 -0.260801 0.05 37165.4
0 3211 4 phononL 0.00132443 -0.102965 3.50473 -0.000517818 7870.91 0.00034743 1 0.0237685 -0.19632 0.05 33946.4
0 3211 2 phononTF 0.000510816 -1.36386 4.02884 0.0331681 3048.01 0.00034743 1 0.0928218 -0.178325 0.05 14089.6
0 3295 3 phononL 0.00250588 -1.06974 0.145634 0.00618786 14138.4 0.00104229 1 -0.0651217 -0.191775 0.05 19928.2
0 3328 3 phononL 0.00125866 -1.32885 3.75135 0.0478511 789.219 0.00034743 1 -0.0684602 -0.289961 0.05 32172.8
0 3328 4 phononTS 0.000866739 -0.0684602 -0.289961 0.049999 32172.8 0.00069486 1 -0.0705245 -0.215803 0.05 32244.5
0 3384 4 phononTS 0.00187559 -1.13317 4.15898 0.0410632 8316.01 0.00034743 1 -0.100684 -0.207247 0.05 27214.1
0 3384 7 phononTF 0.000981703 -0.100684 -0.207247 0.049999 27214.1 0.00034743 1 -0.0355897 -0.124247 0.05 58894.7
0 3384 12 phononTS 0.000390808 -0.0355897 -0.124247 0.049999 58894.7 0.00034743 1 0.0519955 -0.228621 0.05 59736.6
0 3384 6 phononTS 0.00049269 -0.100684 -0.207247 0.049999 27214.1 0.00034743 1 0.0724764 -0.200423 0.05 39406.2
0 3386 3 phononTF 0.00137036 -1.82957 3.71956 -0.0227791 30.6549 0.00034743 1 0.102854 -0.180993 0.05 9433.59
0 3395 2 phononTF 0.00136867 0.000752261 2.64804 -0.0452955 19871.7 0.00034743 1 -0.0372522 -0.272498 0.05 46905.9
0 3400 5 phononTF 0.00147821 0.152226 2.04544 -0.0265111 47512.3 0.00034743 1 -0.0671811 -0.266339 0.05 50391.5
0 3402 2 phononTS 0.00174701 -0.866419 3.53011 0.00330598 6169.22 0.00069486 1 0.0725842 -0.110251 0.05 12132.2
0 3420 2 phononTS 0.00161822 -1.75487 4.3875 -0.0393646 17999.8 0.00034743 1 -0.0393848 -0.206926 0.05 125166
0 3427 4 phononTS 0.00125796 -4.13665 3.08668 0.0423462 13494.3 0.00034743 1 0.0846926 -0.216261 0.05 67069.5
0 3449 2 phononL 0.00233121 -4.31866 3.75095 -0.0489009 9604.41 0.00069486 1 -0.0664178 -0.129967 0.05 19953.2
0 3449 5 phononTF 0.000485666 -0.0664178 -0.129967 0.049999 19953.2 0.00034743 1 -0.074832 -0.13646 0.05 20087.4
0 3450 2 phononTS 0.00198259 0.389646 2.11582 -0.0370315 30429.2 0.00034743 1 -0.0519278 -0.134786 0.05 34844.4
0 3480 3 phononTS 0.00148786 -1.68296 3.60986 -0.0103688 469.274 0.00034743 1 0.0792131 -0.12734 0.05 26329.3
0 3502 3 phononTS 0.00230941 -1.75544 3.75142 0.0102433 2.26279 0.00069486 1 0.0178002 -0.200893 0.05 11877.4
0 3523 5 phononTS 0.00128346 3.55525 1.03345 -0.00560801 10025.3 0.00034743 1 0.0736253 -0.240555 0.05 50042.3
0 3547 2 phononTS 0.0016209 -0.749635 3.74694 -0.0409132 10578.8 0.00069486 1 -0.0292276 -0.11753 0.05 18738.5
0 3564 2 phononTS 0.00183329 -1.46848 3.6181 -0.0117743 256.785 0.00034743 1 -0.0523804 -0.210334 0.05 19623
0 3564 7 phononTS 0.00107701 -0.0523804 -0.210334 0.049999 19623 0.00069486 1 0.100644 -0.182432 0.05 19833.1
0 3584 2 phononTS 0.00237326 -2.07448 3.99916 0.00256956 1661.33 0.00034743 1 -0.0441754 -0.172814 0.05 21842.7
0 3623 3 phononTS 0.00219314 -2.10523 3.78655 -0.0484245 541.22 0.00104229 1 0.0778969 -0.270062 0.05 44191.9
0 3658 3 phononTS 0.000928346 -1.76941 3.75355 -0.0210644 26.0681 0.00034743 1 0.0220128 -0.145158 0.05 37663.8
0 3660 3 phononTS 0.00186379 -1.82418 3.63824 -0.0203631 386.775 0.00069486 1 -0.030027 -0.253406 0.05 15524.4
0 3660 9 phononTF 0.000480872 -0.030027 -0.253406 0.049999 15524.4 0.00034743 1 -0.0825374 -0.133411 0.05 15607.4
0 3672 2 phononTF 0.00179468 1.93958 1.135 0.00538298 10289.7 0.00069486 1 -0.105591 -0.187449 0.05 37699.5
0 3685 2 phononL 0.00227231 -2.58359 1.96292 -0.0248446 3483.93 0.00034743 1 -0.0652922 -0.108367 0.05 32315.7
0 3693 2 phononTS 0.002368 -0.918999 4.60354 -0.0281535 6493.43 0.00069486 1 -0.0368845 -0.259 0.05 18125.4
0 3712 3 phononTF 0.00268402 -1.3936 3.5606 0.0209975 1559.55 0.00034743 1 0.0787498 -0.267319 0.05 18766.2
0 3718 3 phononTS 0.00183685 -1.45805 4.23622 0.00525023 1780.08 0.00034743 1 0.032361 -0.258484 0.05 26896.8
0 3751 3 phononL 0.00147605 -1.58331 3.81783 -0.0463344 5689.16 0.00069486 1 0.0453397 -0.170469 0.05 69432.7
0 3762 3 phononTS 0.00214446 -1.69891 4.26614 -0.00164374 722.973 0.00069486 1 -0.0406653 -0.1514 0.05 15392.4
0 3769 2 phononTS 0.00212522 -1.7372 3.7766 0.0307412 136.191 0.00034743 1 0.0605952 -0.12336 0.05 100608
0 3769 6 phononTF 0.00159807 0.0605952 -0.12336 0.049999 100608 0.00069486 1 -0.0907796 -0.205854 0.05 100693
0 3772 2 phononTS 0.00214382 -2.50155 3.65933 0.0381992 5020.46 0.00034743 1 0.0524583 -0.214499 0.05 12926
0 3772 4 phononTF 0.000477328 0.0524583 -0.214499 0.049999 12926 0.00034743 1 0.0490194 -0.202294 0.05 13004.7
0 3786 3 phononTF 0.0020686 -1.80051 3.77734 -0.0396004 15.5884 0.00069486 1 -0.0247932 -0.279835 0.05 6696.91
0 3857 2 phononTF 0.00284037 -1.46943 3.65704 0.0426606 6316.69 0.00034743 1 -0.010371 -0.201612 0.05 19817.1
0 3857 5 phononTF 0.00119478 -0.010371 -0.201612 0.049999 19817.1 0.00034743 1 -0.075591 -0.191776 0.05 19877.5
0 3857 4 phononTS 0.000569171 -0.010371 -0.201612 0.049999 19817.1 0.00034743 1 -0.0259375 -0.186128 0.05 19880.1
0 3881 2 phononTS 0.00229213 -0.462519 2.94601 -0.0218678 6831.04 0.00069486 1 0.0420105 -0.171844 0.05 84729.9
0 3916 3 phononL 0.00211802 -1.78767 3.78082 -0.0312492 10.5574 0.00034743 1 -0.0687221 -0.206033 0.05 7046.57
0 3933 4 phononTS 0.00150409 -3.76799 3.79842 -0.0371226 4671.85 0.00069486 1 -0.0192313 -0.210168 0.05 50203.2
0 4085 5 phononTF 0.00185728 -3.24493 4.66676 0.0102352 57246.6 0.00069486 1 -0.113279 -0.211543 0.05 71640.2
0 4116 3 phononL 0.00150366 -1.90566 4.14085 -0.0434664 6934.41 0.00069486 1 0.0745918 -0.111538 0.05 20160.6
0 4132 3 phononTS 0.00277428 -1.4739 3.84392 0.0312308 1807.18 0.00104229 1 -0.0795073 -0.187797 0.05 28476.5
0 4151 2 phononTF 0.00131576 -1.61993 4.63465 0.0121689 1935.79 0.00034743 1 0.0798425 -0.123894 0.05 60042.5
0 4202 3 phononTF 0.00113107 -1.86937 1.76244 0.0257827 7878.83 0.00034743 1 -0.00114104 -0.198868 0.05 35955.8
0 4229 4 phononTF 0.00142104 2.72892 2.76643 -0.00863349 16060.2 0.00034743 1 0.0831694 -0.166105 0.05 25264.1
0 4229 7 phononTS 0.000463333 0.0831694 -0.166105 0.049999 25264.1 0.00034743 1 0.0829067 -0.181438 0.05 25323.7
0 4374 2 phononTF 0.00229621 -1.70841 3.22813 0.00102707 435.807 0.00034743 1 -0.0341787 -0.09682 0.05 72707.9
0 4374 4 phononTS 0.00150881 -0.0341787 -0.09682 0.049999 72707.9 0.00034743 1 -0.0722523 -0.186088 0.05 72845.2
0 4374 10 phononTS 0.000622367 -0.0722523 -0.186088 0.049999 72845.2 0.00034743 1 -0.0710703 -0.288437 0.05 73301.8
0 4381 5 phononTS 0.00139899 3.00203 0.171724 -0.00163417 24881 0.00069486 1 -0.0720368 -0.203017 0.05 61818.5
0 4391 2 phononTS 0.00103344 -1.80898 3.64326 0.0220061 916.741 0.00034743 1 -0.083379 -0.210243 0.05 19597.1
0 4424 5 phononTS 0.00183633 -3.05099 1.87415 0.00552032 29877.6 0.00034743 1 0.0355684 -0.135058 0.05 51129.4
0 4424 7 phononL 0.00133079 0.0355684 -0.135058 0.049999 51129.4 0.00069486 1 -0.0359082 -0.279125 0.05 51309.6
0 4458 4 phononTF 0.00122006 -3.93351 4.16495 0.0489666 10840.4 0.00069486 1 -0.0355831 -0.251651 0.05 34032.7
0 4459 3 phononTF 0.00233401 -2.50514 4.33005 -0.0234501 6104.48 0.00069486 1 0.0387054 -0.24201 0.05 22300
0 4476 2 phononL 0.0012011 -3.67385 1.57257 -0.0236145 25545.2 0.00034743 1 -0.0508361 -0.116442 0.05 31878.8
0 4476 6 phononTF 0.000757618 -0.0508361 -0.116442 0.049999 31878.8 0.00034743 1 -0.0631842 -0.252971 0.05 31955.4
0 4486 3 phononL 0.00208876 -1.43714 3.61002 0.0300645 270.255 0.00034743 1 0.0728156 -0.200567 0.05 26574.2
0 4612 2 phononTS 0.00150609 -1.89447 3.4609 -0.0172765 484.855 0.00034743 1 0.0952561 -0.144402 0.05 54211.7
0 4626 2 phononL 0.0023562 -1.86116 3.13487 -0.00260467 9509.22 0.00034743 1 -0.0945309 -0.143158 0.05 42008.8
0 4626 4 phononTF 0.000538287 -0.0945309 -0.143158 0.049998 42008.8 0.00034743 1 0.0724338 -0.11332 0.05 42095.2
0 4645 3 phononTF 0.00208077 -3.56336 4.82358 -0.00298319 13167.5 0.00034743 1 -0.0634034 -0.267643 0.05 32475.2
0 4674 3 phononTS 0.00200087 -2.70812 3.82202 -0.0375468 5511.5 0.00034743 1 0.102561 -0.158575 0.05 44650.8
0 4674 4 phononTS 0.00059422 0.102561 -0.158575 0.049999 44650.8 0.00034743 1 0.0965378 -0.138006 0.05 44710.1
0 4685 3 phononTF 0.00145347 -1.77581 2.19618 0.0192171 18534.7 0.00069486 1 -0.0470995 -0.1355 0.05 25831.9
0 4730 2 phononTF 0.00226187 -2.74502 3.97614 -0.0414972 4101.86 0.00104229 1 -0.0401792 -0.120592 0.05 59129
0 4734 2 phononTF 0.00210529 -0.876477 4.70812 -0.00788534 5508.56 0.00069486 1 -0.036866 -0.195095 0.05 50601.9
0 4742 5 phononTF 0.000544955 0.254309 0.671651 -0.0480282 17185.8 0.00034743 1 0.0450156 -0.132262 0.05 18747.5
0 4774 2 phononTF 0.0023393 -0.657993 3.97489 -0.00353001 6768.3 0.00034743 1 -0.0247018 -0.165223 0.05 26397
0 4775 5 phononTF 0.0025249 1.18989 -1.8592 -0.0265018 37861.4 0.00034743 1 0.0285413 -0.275712 0.05 92876.7
0 4775 9 phononL 0.000490233 0.0285413 -0.275712 0.049999 92876.7 0.00034743 1 -0.0519188 -0.244256 0.05 93159.3
0 4775 7 phononTF 0.000533302 0.0285413 -0.275712 0.049999 92876.7 0.00034743 1 0.0407224 -0.146742 0.05 93171
0 4785 5 phononTS 0.0013516 -1.37797 4.39934 0.0362313 1291.67 0.00034743 1 -0.0496512 -0.263639 0.05 13938.6
0 4842 3 phononTS 0.00262704 -0.221866 4.54523 0.0163955 5166.07 0.00069486 1 -0.0887581 -0.221888 0.05 31757.2
0 4842 6 phononTF 0.000970179 -0.0887581 -0.221888 0.049999 31757.2 0.00034743 1 -0.0882458 -0.22617 0.05 31813.7
0 4865 3 phononTS 0.00193233 -1.38193 3.71367 -0.0107206 2011.71 0.00069486 1 -0.0836471 -0.14935 0.05 22886.9
0 4875 2 phononTS 0.00181783 -3.78124 3.87379 -0.0158968 6253.38 0.00034743 1 0.0155078 -0.177576 0.05 37351.4
0 4884 4 phononTS 0.00173527 -1.78879 4.14016 -0.00758383 1593.87 0.00034743 1 0.0393938 -0.251865 0.05 72966.1
0 4925 2 phononTS 0.00237561 -1.04686 3.6669 -0.0293552 1621.15 0.00034743 1 -0.0419103 -0.171356 0.05 44561.1
0 4979 2 phononTF 0.00159132 -0.999769 4.44401 0.0360415 1244.1 0.00034743 1 0.030808 -0.100048 0.05 7412
