Run ID,Event ID,Track ID,Particle Name,Start Energy [eV],Start X [mm],Start Y [mm],Start Z [mm],Start Time [ns],Energy Deposited [eV],Track Weight,End X [mm],End Y [mm],End Z [mm],Final Time [ns],Volume Name
0 21 2 phononTS 0.00192784 2.19835 4.53014 0.0491106 691.546 0.00034743 1 -0.0228701 -0.194228 0.05 45463.1
0 21 4 phononTS 0.0013839 -0.0228701 -0.194228 0.049999 45463.1 0.00034743 1 -0.0206002 -0.158466 0.05 45529.1
0 21 9 phononTS 0.000777835 -0.0206002 -0.158466 0.049999 45529.1 0.00034743 1 -0.100353 -0.190289 0.05 90507.8
0 28 2 phononL 0.001781 2.73967 4.86379 0.0421327 148.066 0.00034743 1 0.060589 -0.118995 0.05 47229.8
0 33 3 phononTF 0.00223171 3.51841 4.14235 0.042829 5340.27 0.00034743 1 -0.0189248 -0.150008 0.05 36039.7
0 33 4 phononTF 0.000838932 -0.0189248 -0.150008 0.049998 36039.7 0.00034743 1 -0.0739369 -0.211217 0.05 36429
0 57 3 phononTS 0.00192846 2.09415 3.03164 -0.0383178 13136.8 0.00069486 1 0.0179832 -0.217577 0.05 69370.1
0 64 2 phononTF 0.00231287 2.15292 2.18098 0.0237558 11660 0.00034743 1 -0.0655255 -0.231293 0.05 47279.4
0 91 2 phononTF 0.00092483 2.04204 4.22919 -9.58937e-05 291.664 0.00034743 1 0.0939397 -0.184789 0.05 16240.1
0 127 4 phononTS 0.000976258 3.71551 4.40414 -0.0377967 26244.3 0.00034743 1 0.0259474 -0.24365 0.05 47259.4
0 153 3 phononTS 0.00178736 4.05632 2.84961 0.00198752 3107.33 0.00069486 1 0.0345502 -0.294074 0.05 93257.8
0 157 3 phononTS 0.00120132 1.27681 4.96653 -0.0194102 10300.1 0.00034743 1 -0.0706459 -0.144706 0.05 66590.6
0 161 2 phononTS 0.00268472 1.86804 4.06262 -0.0149505 7335.5 0.00104229 1 -0.0300582 -0.222385 0.05 33028.8
0 167 2 phononTS 0.00126233 2.26754 4.43808 0.0165944 822.599 0.00034743 1 0.100067 -0.203415 0.05 43675.5
0 185 3 phononTS 0.00247293 3.0817 3.91065 0.0330231 13540.3 0.00034743 1 -0.0486318 -0.300911 0.05 70652.8
0 237 3 phononTS 0.002562 4.43198 2.4441 0.0153791 9367.49 0.00069486 1 0.0591415 -0.293392 0.05 28573.7
0 301 3 phononL 0.000994431 1.49523 4.48295 -0.00997335 4630.51 0.00034743 1 -0.0208054 -0.145178 0.05 17701.4
0 401 3 phononTF 0.00201536 -0.640592 4.18321 0.0428482 11751.4 0.00104229 1 -0.0969839 -0.132937 0.05 26676.9
0 494 2 phononTS 0.00165209 2.35285 3.33784 0.0462069 5575.14 0.00034743 1 0.0318307 -0.197338 0.05 9794.87
0 506 3 phononL 0.00241879 2.25269 3.79586 -0.0373557 7958.07 0.00069486 1 -0.0201698 -0.185581 0.05 26643.2
0 564 3 phononL 0.0015906 1.69032 3.57015 -0.000295485 3176.41 0.00034743 1 -0.0450005 -0.144318 0.05 126770
0 564 5 phononTF 0.000467468 -0.0450005 -0.144318 0.049999 126770 0.00034743 1 0.0386904 -0.122523 0.05 126900
0 575 4 phononTF 0.00134808 4.3297 4.25708 0.00880277 3253.12 0.00069486 1 0.0595097 -0.283289 0.05 24829.8
0 587 5 phononTS 0.0012512 1.13235 -1.06881 0.0225482 18066.5 0.00069486 1 -0.105375 -0.173582 0.05 26559.7
0 602 3 phononL 0.00239907 4.98497 4.35276 -0.0282075 9693.97 0.00069486 1 0.107783 -0.238559 0.05 68626.4
0 631 2 phononTS 0.00241233 0.942088 0.604274 -0.0285239 22440.3 0.00034743 1 -0.0752147 -0.163928 0.05 23753.1
0 631 4 phononTS 0.00128319 -0.0752147 -0.163928 0.049999 23753.1 0.00034743 1 -0.048564 -0.135539 0.05 23878.8
0 668 5 phononTS 0.00143285 -1.32807 1.67 -0.00588185 62151.5 0.00069486 1 0.0242219 -0.134023 0.05 116401
0 673 3 phononTS 0.00256931 1.27941 4.87581 0.0210928 2808.11 0.00034743 1 -0.064655 -0.111926 0.05 60931.2
0 689 2 phononTF 0.00135018 1.76524 4.93086 -0.0155674 1547.03 0.00034743 1 -0.0198677 -0.25003 0.05 35929.5
0 724 2 phononL 0.00133256 1.22677 4.80979 0.0404676 11550.6 0.00034743 1 -0.0714818 -0.170251 0.05 47377.5
0 756 2 phononTF 0.0019374 0.882759 3.96848 0.0406741 17877.2 0.00034743 1 -0.0576886 -0.186993 0.05 58401.4
0 778 4 phononTS 0.000428985 -0.0719276 0.0696881 0.049999 12029.8 0.00034743 1 0.0851673 -0.191544 0.05 16088.5
0 781 3 phononTF 0.00221246 3.19925 4.24096 0.00287048 5053.22 0.00069486 1 0.0750389 -0.163086 0.05 99220.8
0 781 4 phononTS 0.000485017 0.0750389 -0.163086 0.049999 99220.8 0.00034743 1 -0.0537166 -0.252526 0.05 137910
0 801 5 phononL 0.00107513 -1.23779 1.66935 -0.0247713 26260.5 0.00034743 1 0.109782 -0.162535 0.05 48757.1
0 802 2 phononL 0.00187072 2.40453 4.72573 -0.0199187 11981.1 0.00069486 1 0.0316683 -0.123281 0.05 55490.4
0 804 3 phononTS 0.0020543 2.56637 3.72334 0.0268917 4274.13 0.00034743 1 0.0411106 -0.202489 0.05 52459.3
0 813 3 phononTF 0.0013769 2.52871 4.48523 0.0157282 7678.56 0.00034743 1 0.0960634 -0.249314 0.05 41418.7
0 850 7 phononTF 0.000977996 4.01737 4.0305 0.0455206 31254.1 0.00034743 1 -0.0518635 -0.19823 0.05 102920
0 878 2 phononTS 0.00208454 4.12052 4.40855 0.0265582 12057.5 0.00104229 1 0.100077 -0.165418 0.05 42855.7
0 887 3 phononTS 0.00118011 3.21459 2.54992 0.0190706 6546.9 0.00034743 1 0.103961 -0.200854 0.05 55477.1
0 893 2 phononTS 0.00269425 2.7039 3.53152 -0.041751 5293.75 0.00069486 1 -0.0796031 -0.247519 0.05 25521.6
0 1020 5 phononTF 0.00131467 3.41408 -0.777026 0.046204 57451.8 0.00069486 1 0.0631461 -0.229791 0.05 171797
0 1069 2 phononTF 0.00156117 1.30849 4.13976 0.00735784 3844.55 0.00034743 1 -0.0305687 -0.196476 0.05 80507.7
0 1080 2 phononL 0.00173049 3.43693 4.071 -0.0240006 6239.83 0.00034743 1 0.0649418 -0.204194 0.05 55000.2
0 1107 4 phononTF 0.00163957 4.22916 2.12617 -0.007084 8468.92 0.00069486 1 0.0240235 -0.180045 0.05 23315.9
0 1107 9 phononTF 0.000442354 0.0240235 -0.180045 0.049999 23315.9 0.00034743 1 -0.063596 -0.239466 0.05 23503.6
0 1131 3 phononTS 0.00234096 3.12924 3.64736 -0.0433346 4326.13 0.00069486 1 0.0322013 -0.253429 0.05 21002
0 1131 8 phononTS 0.000533585 0.0322013 -0.253429 0.049999 21002 0.00034743 1 0.0672492 -0.156503 0.05 24655
0 1148 3 phononTS 0.00118511 2.38545 3.0309 -0.015737 9535.54 0.00069486 1 -0.101376 -0.182104 0.05 21597
0 1184 2 phononL 0.00216639 2.36006 3.87487 -0.0481452 2000.56 0.00034743 1 -0.108848 -0.194601 0.05 14425.8
0 1186 3 phononL 0.0025461 1.74045 4.00449 -0.0174688 2657.75 0.00034743 1 0.0819024 -0.133614 0.05 11932.5
0 1186 6 phononTS 0.00197347 0.0819024 -0.133614 0.049999 11932.5 0.00069486 1 0.0828039 -0.123632 0.05 11990.6
0 1186 12 phononTF 0.000719428 0.0828039 -0.123632 0.049999 11990.6 0.00034743 1 0.0579517 -0.209224 0.05 12751.1
0 1200 3 phononTS 0.00246942 1.64289 4.80888 -0.00399576 6541.73 0.00104229 1 -0.101481 -0.205555 0.05 14538.9
0 1200 8 phononTF 0.000474389 -0.101481 -0.205555 0.049999 14538.9 0.00034743 1 -0.0792481 -0.217732 0.05 70357.7
0 1252 2 phononTS 0.00190157 2.70148 4.27787 -0.0450284 797.061 0.00069486 1 -0.051153 -0.228046 0.05 13544.8
0 1292 7 phononTF 0.000840344 1.48234 -2.76881 0.00780932 28341.1 0.00034743 1 0.0180437 -0.200405 0.05 94316.8
0 1298 4 phononTS 0.0017289 2.91559 3.80571 -0.0332442 1327.18 0.00034743 1 0.0613702 -0.15003 0.05 81780.1
0 1355 3 phononTS 0.00152459 1.45347 3.95304 0.033864 6304.38 0.00034743 1 -0.060005 -0.154872 0.05 47064.1
0 1377 4 phononTS 0.00106369 -0.0735441 4.12136 -0.0433805 18837.9 0.00034743 1 0.0459672 -0.293763 0.05 25676.9
0 1389 3 phononTF 0.00183383 2.45056 4.92148 0.0137647 1021.08 0.00069486 1 0.0711881 -0.165118 0.05 19239.9
0 1396 2 phononTF 0.000759411 2.24636 4.25973 0.0112572 2.85182 0.00034743 1 -0.0280899 -0.24547 0.05 39286.5
0 1495 2 phononTS 0.0021813 0.619317 4.13354 0.000835684 4673.97 0.00069486 1 -0.031016 -0.287286 0.05 21063.1
0 1503 3 phononTF 0.0014693 2.6083 4.96752 0.0276947 3205.95 0.00069486 1 -0.0865826 -0.234418 0.05 67836.6
0 1518 2 phononL 0.00193836 2.22896 4.2784 0.020349 7.48164 0.00034743 1 -0.0737134 -0.138914 0.05 31924
0 1518 7 phononTF 0.000433642 -0.0737134 -0.138914 0.049999 31924 0.00034743 1 0.0547331 -0.164401 0.05 32718.5
0 1519 5 phononTF 0.00158833 -1.83043 -0.464326 0.0225156 14435.1 0.00034743 1 0.0557788 -0.136474 0.05 119529
0 1523 5 phononTS 0.00144345 -1.30648 -0.900813 -0.0180743 20972.4 0.00069486 1 -0.0332537 -0.258049 0.05 61107.7
0 1579 6 phononTS 0.000896277 -0.239479 2.90708 -0.0232818 18685.2 0.00034743 1 0.0723813 -0.19519 0.05 21727.7
0 1621 3 phononTS 0.00167075 1.55431 4.34328 0.0488592 14703.7 0.00104229 1 0.0115114 -0.207235 0.05 65392.4
0 1658 3 phononTF 0.00227064 3.5701 4.41751 0.0357605 9699.81 0.00138972 1 -0.0592527 -0.167869 0.05 48135.4
0 1678 3 phononTS 0.0019442 1.41169 4.44203 -0.0120977 1727.97 0.00069486 1 -0.0639837 -0.267344 0.05 23330.8
0 1687 2 phononL 0.00116798 2.89479 4.35059 0.00709342 2422.08 0.00034743 1 -0.0770335 -0.15731 0.05 83154
0 1747 4 phononTS 0.00121318 0.773565 4.47884 -0.0316651 18418 0.00069486 1 -0.0452453 -0.246757 0.05 41244.7
0 1763 3 phononTF 0.00133205 1.15549 4.4379 0.0200472 5576.78 0.00034743 1 0.0303675 -0.135501 0.05 22808.2
0 1773 2 phononTF 0.00191499 2.5367 4.93921 -0.0205075 3834.05 0.00069486 1 -0.0777284 -0.143961 0.05 14380.5
0 1842 5 phononL 0.00115424 -4.41381 -1.41585 0.0212343 17215.8 0.00034743 1 0.0971931 -0.245439 0.05 24623.3
0 1847 3 phononTF 0.00276162 2.60149 4.18495 -0.00394589 2003.39 0.00104229 1 0.0853158 -0.214043 0.05 40428.3
0 1847 12 phononTF 0.000422511 0.0853158 -0.214043 0.049999 40428.3 0.00034743 1 -0.0343953 -0.22011 0.05 41419.8
0 1855 2 phononTF 0.00210134 1.97654 1.41305 -0.0385824 10619.4 0.00104229 1 -0.0784675 -0.244644 0.05 15118.7
0 1857 3 phononTF 0.00160619 0.986489 3.81218 0.0236574 3279.31 0.00034743 1 0.0789899 -0.127579 0.05 21749.9
0 1857 7 phononTS 0.000609055 0.0789899 -0.127579 0.049999 21749.9 0.00034743 1 0.0816271 -0.121094 0.05 22092.6
0 1859 3 phononL 0.0016957 2.26727 3.0197 0.00679778 3250.19 0.00034743 1 0.102577 -0.243291 0.05 8629.5
0 1859 5 phononTS 0.00059334 0.102577 -0.243291 0.049999 8629.5 0.00034743 1 0.0274124 -0.190376 0.05 8707.51
0 1859 2 phononTS 0.0023043 2.26727 3.0197 0.00679778 3250.19 0.00069486 1 0.0355516 -0.166105 0.05 34250.5
0 1951 2 phononL 0.00191086 0.606108 4.9684 0.0452867 5884.39 0.00034743 1 -0.0319058 -0.107216 0.05 68575
0 2015 2 phononTF 0.00136365 2.22193 4.21415 -0.00649311 8.64681 0.00069486 1 0.05038 -0.277162 0.05 3260.15
0 2051 4 phononTF 0.00162101 3.77961 4.30347 -0.0150082 21065.6 0.00034743 1 -0.0612318 -0.201797 0.05 86332.6
0 2062 3 phononTS 0.00233902 2.26447 4.48594 -0.0312743 1444.34 0.00034743 1 -0.0940802 -0.170636 0.05 33428.5
0 2067 5 phononTF 0.00156651 2.60658 4.85462 -0.00845 8321.76 0.00069486 1 0.0972577 -0.15285 0.05 69185.2
0 2079 3 phononTS 0.00186578 1.6548 2.85201 -0.00078251 6057.47 0.00034743 1 0.0876515 -0.227804 0.05 64210.8
0 2079 5 phononL 0.00123341 0.0876515 -0.227804 0.049999 64210.8 0.00069486 1 0.0726081 -0.290057 0.05 64377.3
0 2130 2 phononTS 0.0014276 2.14685 4.15952 0.0285633 47.3512 0.00069486 1 0.0260453 -0.234585 0.05 3421.46
0 2165 2 phononL 0.00273529 2.82866 4.56021 -0.0087568 6846.79 0.00034743 1 -0.0761389 -0.253965 0.05 32790.3
0 2219 5 phononL 0.0018261 3.34447 4.2345 -0.0466558 23422.3 0.00069486 1 0.0596244 -0.125147 0.05 74365.5
0 2219 2 phononTF 0.000852761 2.0189 4.55302 -0.00140258 3388.04 0.00034743 1 -0.0707905 -0.127656 0.05 10268.7
0 2239 3 phononTF 0.00156847 1.75996 1.03529 0.0403016 24732.8 0.00034743 1 0.116706 -0.178424 0.05 59181.9
0 2242 3 phononTF 0.00258152 1.45724 4.84502 0.044572 580.33 0.00069486 1 -0.0294306 -0.27354 0.05 10476.3
0 2289 3 phononTF 0.00177991 2.51488 4.64871 -0.00716156 1115.31 0.00069486 1 -0.0352618 -0.134449 0.05 25556.2
0 2309 4 phononTS 0.00176071 -1.50433 2.32441 -0.040794 39088.9 0.00069486 1 0.0594177 -0.210772 0.05 46013.7
0 2432 3 phononTF 0.00194323 2.08056 2.68689 0.00355625 6799.43 0.00034743 1 0.0412847 -0.118417 0.05 41163.9
0 2432 8 phononTF 0.000466265 0.0412847 -0.118417 0.049999 41163.9 0.00034743 1 -0.0477062 -0.121223 0.05 41339.8
0 2432 4 phononTS 0.000700895 0.0412847 -0.118417 0.049999 41163.9 0.00034743 1 -0.0510412 -0.216308 0.05 41330.6
0 2459 3 phononTF 0.00160685 2.97243 3.97749 0.0263047 3474.2 0.00069486 1 -0.0307842 -0.184271 0.05 58690.4
0 2472 2 phononTF 0.00130397 2.44114 3.95942 0.0335009 1458.21 0.00034743 1 -0.0951072 -0.172639 0.05 29986.6
0 2472 4 phononL 0.000769831 -0.0951072 -0.172639 0.049999 29986.6 0.00034743 1 -0.0234741 -0.267679 0.05 39858.2
0 2526 3 phononL 0.00189422 1.02741 3.86079 -0.0474222 4350.25 0.00034743 1 -0.0998314 -0.242189 0.05 32193.9
0 2647 2 phononL 0.00211764 2.16404 4.21769 0.0400979 451.767 0.00069486 1 0.11246 -0.238834 0.05 42753.2
0 2648 5 phononTS 0.00131195 2.01968 4.95576 0.00787546 9605.35 0.00034743 1 0.113032 -0.188741 0.05 95015.1
0 2667 3 phononTF 0.00152327 2.15426 4.52649 0.0143228 1542.97 0.00034743 1 -0.0970438 -0.139089 0.05 21424.8
0 2674 3 phononTS 0.00153314 2.96142 3.49907 -0.0332051 6447.65 0.00034743 1 -0.0481655 -0.162192 0.05 28714.8
0 2675 2 phononTS 0.00290243 2.10751 4.2329 -0.0266367 69.2451 0.00034743 1 0.0333413 -0.195766 0.05 24308.7
0 2693 2 phononTF 0.00100084 2.13059 4.31025 0.0215455 4106.89 0.00034743 1 -0.0492699 -0.292882 0.05 64148.4
0 2706 3 phononL 0.00295633 1.35979 4.98926 -0.00220405 3224.72 0.00034743 1 -0.0277052 -0.193098 0.05 22688.6
0 2707 3 phononL 0.00145191 2.94735 4.48586 -0.0371283 5280.35 0.00034743 1 -0.0319079 -0.20627 0.05 18297.2
0 2707 11 phononTF 0.00153251 2.11066 2.20971 -0.00300337 20176 0.00034743 1 0.0188222 -0.238575 0.05 43705.1
0 2707 12 phononTF 0.000955249 0.0188222 -0.238575 0.049999 43705.1 0.00034743 1 -0.0909155 -0.261935 0.05 43775.4
0 2748 4 phononTF 0.00123731 3.81137 3.64184 0.0202534 15412.4 0.00034743 1 -0.035283 -0.249296 0.05 19842.5
0 2812 5 phononTF 0.000559192 -4.52775 -4.04581 0.0320839 9320.93 0.00034743 1 0.0537159 -0.195221 0.05 51601.4
0 2819 2 phononTS 0.00167429 2.3186 3.41754 0.00835489 7121.38 0.00034743 1 -0.0768554 -0.22671 0.05 37740.6
0 2823 2 phononTS 0.00268348 2.31523 4.14147 -0.0395346 1622.59 0.00104229 1 0.104531 -0.144152 0.05 19075.9
0 2836 3 phononTS 0.00136423 1.44865 4.18751 0.0416027 997.512 0.00104229 1 0.0451905 -0.259383 0.05 22147.8
0 2889 2 phononTS 0.00219366 3.94066 3.7817 -0.0494114 5633.25 0.00104229 1 0.062362 -0.159219 0.05 14933.1
0 2915 2 phononTS 0.00240386 1.15668 2.98148 0.0070799 14130.5 0.00034743 1 0.0384824 -0.270746 0.05 69676
0 2915 7 phononTF 0.000433335 0.0384824 -0.270746 0.049999 69676 0.00034743 1 -0.0584151 -0.129367 0.05 69811.6
0 2937 3 phononTS 0.00269263 2.17642 3.19747 -0.0402213 5223.23 0.00104229 1 -0.0781305 -0.208886 0.05 17519.5
0 2974 3 phononTS 0.0025367 1.42937 4.38401 -0.0429454 7844.65 0.00034743 1 -0.0411579 -0.29244 0.05 16813.3
0 2974 5 phononTS 0.00121551 -0.0411579 -0.29244 0.049999 16813.3 0.00034743 1 -0.0263227 -0.267763 0.05 16872.5
0 2991 4 phononTF 0.000712836 2.86562 4.03876 -0.0486135 14141.6 0.00034743 1 -0.0731702 -0.130705 0.05 20442.9
0 2999 3 phononTF 0.00222954 2.00439 3.50671 0.00482624 11057.7 0.00034743 1 0.107137 -0.148943 0.05 28679.8
0 3014 3 phononL 0.001174 2.19343 4.26597 0.0457944 13.9299 0.00034743 1 -0.0522534 -0.140613 0.05 84415.9
0 3067 2 phononTF 0.00143773 2.36133 4.20474 0.00759814 60.3 0.00034743 1 -0.0878858 -0.129337 0.05 86571.3
0 3085 2 phononTF 0.00145643 2.00153 4.63773 -0.0263265 4800.72 0.00034743 1 -0.0887187 -0.226488 0.05 31539.5
0 3085 7 phononTS 0.000745972 -0.0887187 -0.226488 0.049999 31539.5 0.00034743 1 0.110406 -0.162776 0.05 43654.1
0 3133 2 phononTS 0.00147528 2.85084 4.47933 -0.0185584 902.706 0.00069486 1 0.0205 -0.213128 0.05 70856.3
0 3136 5 phononTS 0.000817315 0.86955 4.68057 -0.0134066 14299.8 0.00034743 1 0.0516914 -0.206914 0.05 18516.5
0 3140 2 phononTF 0.00156826 2.27429 4.00433 -0.00516559 4507.65 0.00034743 1 -0.0295284 -0.267833 0.05 9871.15
0 3140 6 phononTS 0.000807257 -0.0295284 -0.267833 0.049999 9871.15 0.00034743 1 -0.0266266 -0.177011 0.05 10013.4
0 3154 2 phononTS 0.00129 2.38932 3.98675 -0.00846325 4332.72 0.00069486 1 0.0412647 -0.286411 0.05 22088.5
0 3155 3 phononTF 0.00243595 2.38967 4.06964 0.031225 545.411 0.00069486 1 0.0345503 -0.261854 0.05 27554.7
0 3189 3 phononTF 0.00263348 1.76675 4.09224 -0.0305643 1677.36 0.00034743 1 0.0844402 -0.24084 0.05 24699.5
0 3238 3 phononTF 0.00169093 2.31428 4.17383 0.0487356 20.3583 0.00069486 1 0.0631 -0.18409 0.05 52424.6
0 3240 2 phononTF 0.00147336 4.08046 3.78884 0.0192582 36143.3 0.00034743 1 -0.0809979 -0.268169 0.05 70419.6
0 3273 5 phononTS 0.00117151 2.18895 2.17213 0.0410127 23018 0.00034743 1 0.0714585 -0.276039 0.05 62513.8
0 3297 3 phononTS 0.00272227 2.24465 4.29735 -0.0393002 17.4719 0.00138972 1 0.0231542 -0.198327 0.05 15945.3
0 3333 3 phononTF 0.00303691 1.67984 4.42889 -0.0208451 3894.94 0.00069486 1 -0.0682212 -0.196617 0.05 51214.8
0 3340 4 phononTS 0.0011586 0.387758 -0.764731 0.0295508 44428.5 0.00069486 1 0.0977722 -0.196409 0.05 77330.1
0 3349 2 phononTS 0.00281227 2.10989 4.275 -0.0177972 1800.4 0.00069486 1 0.109898 -0.224416 0.05 30009.5
0 3367 3 phononTF 0.00240397 2.75093 1.06338 -0.0239824 28175.2 0.00034743 1 0.0510223 -0.207363 0.05 63503.6
0 3371 3 phononTS 0.00322719 -0.421847 4.26216 0.0413518 27634.9 0.00069486 1 -0.0685431 -0.137578 0.05 35388.3
0 3412 5 phononTS 0.00141543 -2.59086 2.15817 -0.00345674 64240 0.00069486 1 0.0323784 -0.173702 0.05 96647.1
0 3412 7 phononL 0.000366122 0.0323784 -0.173702 0.049999 96647.1 0.00034743 1 0.0382877 -0.248416 0.05 96695.6
0 3416 2 phononTS 0.00227052 0.289223 4.27349 0.0387026 9290.54 0.00069486 1 0.0501007 -0.152056 0.05 50923.9
0 3416 8 phononTS 0.000780573 0.0501007 -0.152056 0.049999 50923.9 0.00034743 1 0.0944319 -0.198097 0.05 50992.3
0 3416 18 phononTS 0.000395986 0.0944319 -0.198097 0.049999 50992.3 0.00034743 1 0.0356378 -0.26045 0.05 51265
0 3422 4 phononTS 0.00198631 2.54846 3.23723 -0.000435192 7075.35 0.00069486 1 -0.0490308 -0.232997 0.05 29036.8
0 3424 2 phononL 0.00278151 1.50133 3.83747 -0.0494266 16948.6 0.00034743 1 -0.0763015 -0.121055 0.05 29088.8
0 3451 3 phononTS 0.00165375 2.94931 3.45979 -0.00414645 10761.8 0.00069486 1 -0.0696744 -0.267362 0.05 51663.4
0 3459 5 phononL 0.00143011 -1.00695 -4.88013 -0.0347209 13338.1 0.00034743 1 -0.0933468 -0.243326 0.05 30856.5
0 3486 3 phononTF 0.00159351 2.80819 2.61823 0.0121766 5954.43 0.00034743 1 -0.0620627 -0.175447 0.05 29825.1
0 3509 2 phononTF 0.00172915 4.56141 3.32041 -0.0243629 8028.8 0.00034743 1 -0.0817652 -0.254283 0.05 42842.8
0 3523 2 phononTS 0.00139436 1.66923 4.07137 -0.0116571 5565.8 0.00034743 1 -0.0470864 -0.166809 0.05 23178.8
0 3528 2 phononTF 0.00186259 2.42815 2.89713 0.0123772 4819.9 0.00069486 1 0.101731 -0.231482 0.05 22803.8
0 3596 2 phononTF 0.001024 2.66414 3.07691 0.00280427 4014.62 0.00034743 1 -0.021533 -0.227803 0.05 50018
0 3608 3 phononTF 0.00118739 1.36327 3.96545 0.0435599 2669.51 0.00069486 1 -0.0661105 -0.259119 0.05 6821.12
0 3626 4 phononTF 0.000526684 2.98485 4.84354 0.0258852 27674.1 0.00034743 1 -0.101086 -0.173345 0.05 150779
0 3686 2 phononTS 0.00184403 2.70209 4.32348 0.00356702 2313.86 0.00034743 1 0.0731819 -0.187736 0.05 13656.4
0 3686 4 phononTF 0.00140967 0.0731819 -0.187736 0.049998 13656.4 0.00034743 1 0.0774837 -0.27194 0.05 13749.3
0 3686 9 phononTF 0.00078335 0.0774837 -0.27194 0.049999 13749.3 0.00034743 1 0.081916 -0.144747 0.05 13907.1
0 3702 2 phononTF 0.00158118 2.20667 4.4311 -0.0473884 3646.16 0.00069486 1 0.048045 -0.294504 0.05 8650.49
0 3734 3 phononTF 0.00228774 0.92739 4.75927 -0.0315488 3235.57 0.00034743 1 -0.0926176 -0.160362 0.05 168003
0 3764 5 phononTF 0.00100687 2.26051 4.00102 0.029596 8337.41 0.00034743 1 0.0596102 -0.130172 0.05 53593.4
0 3765 5 phononTS 0.000959321 0.238426 0.660029 0.0101643 15704.6 0.00034743 1 -0.084593 -0.270182 0.05 57682.5
0 3783 3 phononTF 0.00222804 1.95882 3.6727 -0.0391843 4037.79 0.00069486 1 0.0246591 -0.150816 0.05 68737.3
0 3793 2 phononL 0.00168005 2.42247 4.95013 -0.0273136 26668.3 0.00034743 1 -0.0578428 -0.24324 0.05 53782.5
0 3793 4 phononTF 0.00054928 -0.0578428 -0.24324 0.049999 53782.5 0.00034743 1 0.0158038 -0.17699 0.05 53852.6
0 3801 2 phononTF 0.00188842 1.56596 4.19724 0.0203232 403.151 0.00104229 1 -0.0566315 -0.296219 0.05 19759.5
0 3803 3 phononTF 0.0015694 2.43582 4.79204 -0.0319084 935.921 0.00034743 1 -0.066966 -0.150997 0.05 15761.5
0 3829 2 phononTS 0.0016158 0.167468 4.58493 -0.0174671 12971 0.00034743 1 -0.0962078 -0.256316 0.05 62356.9
0 3871 2 phononTS 0.00178773 2.3302 3.98348 -0.0271303 715.05 0.00069486 1 0.0391889 -0.230704 0.05 9734.31
0 3890 2 phononTS 0.00109057 2.50483 3.63097 -0.0303341 8535.09 0.00034743 1 0.0163969 -0.198446 0.05 48949.8
0 3926 5 phononL 0.0015459 4.023 4.59335 0.0258275 11951.6 0.00034743 1 0.0789079 -0.169857 0.05 53753.7
0 3929 4 phononTF 0.00131691 1.7116 4.53767 0.0355967 3135.63 0.00034743 1 -0.0368556 -0.228295 0.05 38890.5
0 3929 7 phononTS 0.00050512 -0.0368556 -0.228295 0.049999 38890.5 0.00034743 1 -0.0896752 -0.247385 0.05 38958
0 4015 3 phononTS 0.00164264 2.93689 3.90412 0.0324622 7660.24 0.00069486 1 0.104061 -0.252519 0.05 15042.5
0 4033 4 phononL 0.00122516 4.29976 3.19362 0.027647 4919.18 0.00069486 1 -0.0631819 -0.228585 0.05 69694.2
0 4094 4 phononL 0.0014975 -0.232361 3.59334 0.00787438 34275.4 0.00069486 1 0.0645739 -0.278609 0.05 94089.5
0 4096 2 phononTF 0.0011873 2.5454 4.23102 0.0430599 1679.09 0.00034743 1 -0.103624 -0.240026 0.05 24258.6
0 4139 3 phononTF 0.0019552 3.1572 3.8093 -0.037702 2120.63 0.00069486 1 0.093661 -0.156266 0.05 10748.5
0 4164 3 phononTF 0.00145102 1.6038 4.98042 0.0298979 7592.78 0.00034743 1 0.0938146 -0.220008 0.05 156236
0 4164 4 phononL 0.000561763 0.0938146 -0.220008 0.049999 156236 0.00034743 1 0.0375529 -0.190927 0.05 156348
0 4177 2 phononTS 0.00143269 2.40699 4.3761 0.0232325 2503.91 0.00069486 1 0.0252209 -0.18132 0.05 49098.7
0 4191 2 phononTS 0.00297451 4.04991 3.75993 0.00905475 8148.32 0.00069486 1 0.019764 -0.177986 0.05 67424.4
0 4220 3 phononTS 0.00184664 0.867366 4.32638 -0.0377823 4989.8 0.00034743 1 -0.055889 -0.256868 0.05 20567.1
0 4232 5 phononTF 0.001915 1.28631 3.91065 -0.0411784 6015.28 0.00104229 1 -0.110053 -0.159593 0.05 52207.3
0 4255 3 phononTS 0.00159851 2.16747 3.8707 0.0375235 5091.63 0.00034743 1 0.10227 -0.180319 0.05 9557.36
0 4271 4 phononTS 0.00197245 1.88293 4.32675 0.0160957 18391.4 0.00034743 1 0.0386896 -0.122818 0.05 39760.8
0 4271 8 phononTS 0.000435275 0.0386896 -0.122818 0.049999 39760.8 0.00034743 1 0.063649 -0.160697 0.05 39825.6
0 4275 2 phononL 0.00231753 1.76379 4.82162 0.0334445 921.045 0.00069486 1 -0.0666027 -0.205144 0.05 26711.1
0 4275 4 phononTF 0.000529679 -0.0666027 -0.205144 0.049999 26711.1 0.00034743 1 -0.0607128 -0.167423 0.05 26772.2
0 4334 5 phononTS 0.00124891 4.24474 0.803878 -0.0345092 20946.3 0.00034743 1 0.110377 -0.227896 0.05 98596.2
0 4371 2 phononTF 0.00166243 3.69016 2.5577 -0.0177043 3954.1 0.00034743 1 -0.102935 -0.187031 0.05 26234
0 4371 4 phononTS 0.000463195 -0.102935 -0.187031 0.049999 26234 0.00034743 1 -0.053798 -0.147266 0.05 26304.1
0 4379 2 phononL 0.00145417 2.31037 3.85998 0.00101445 637.884 0.00034743 1 -0.0725999 -0.247331 0.05 130000
0 4380 2 phononTF 0.000982584 2.58072 4.9107 0.0257211 1933.42 0.00034743 1 0.063158 -0.271379 0.05 7095.08
0 4408 3 phononL 0.00270969 1.89728 3.30902 -0.0093438 5096.18 0.00104229 1 -0.0547292 -0.266999 0.05 11246.5
0 4411 4 phononTF 0.000770638 3.67903 2.74811 -0.0373152 52660.3 0.00034743 1 -0.0456737 -0.11715 0.05 54475.8
0 4437 3 phononL 0.00249297 2.31776 4.88366 0.00526723 3764.54 0.00069486 1 0.0498111 -0.220743 0.05 20913.2
0 4437 9 phononTS 0.00056079 0.0498111 -0.220743 0.049998 20913.2 0.00034743 1 0.0620226 -0.235004 0.05 20984.6
0 4437 5 phononTF 0.000662532 0.0498111 -0.220743 0.049998 20913.2 0.00034743 1 0.0785868 -0.1385 0.05 21158
0 4443 2 phononL 0.00149653 1.26641 3.07849 -0.0230257 15570.5 0.00034743 1 -0.0766586 -0.158274 0.05 24102.3
0 4444 2 phononTS 0.00207115 2.00127 3.84935 0.0477587 6489.35 0.00034743 1 -0.0239948 -0.128797 0.05 11694.1
0 4458 2 phononTF 0.00171084 -0.0603145 2.2319 -0.0495887 10635.6 0.00034743 1 -0.0483754 -0.146024 0.05 27319.2
0 4458 4 phononTS 0.000834677 -0.0483754 -0.146024 0.049999 27319.2 0.00034743 1 0.0509828 -0.242761 0.05 85549.3
0 4460 3 phononTS 0.00213105 2.30316 2.35987 -0.0244512 7313.95 0.00069486 1 -0.0508711 -0.216946 0.05 58503.1
0 4502 3 phononL 0.00143129 1.73884 2.9932 0.0301368 2043.32 0.00034743 1 -0.0364861 -0.108292 0.05 13294.9
0 4513 2 phononTS 0.00140702 2.00316 4.09784 -0.0429065 950.132 0.00034743 1 0.104895 -0.152845 0.05 49244.8
0 4532 2 phononTF 0.00206483 1.93725 3.32644 0.0111428 13972.8 0.00034743 1 -0.0573318 -0.160501 0.05 17421.1
0 4532 4 phononL 0.000645844 -0.0573318 -0.160501 0.049999 17421.1 0.00034743 1 -0.0929026 -0.178622 0.05 18422.8
0 4560 2 phononTF 0.00211554 2.00241 4.65056 -0.0295864 472.479 0.00034743 1 -0.0435282 -0.18121 0.05 86123.8
0 4560 5 phononTF 0.00114002 -0.0435282 -0.18121 0.049999 86123.8 0.00034743 1 -0.0335124 -0.13933 0.05 86196.4
0 4560 4 phononTF 0.000492763 -0.0435282 -0.18121 0.049999 86123.8 0.00034743 1 -0.108614 -0.168286 0.05 86247.1
0 4563 2 phononTS 0.00180866 0.721831 4.54333 -0.0405989 9138.72 0.00069486 1 0.0906144 -0.170863 0.05 38818.7
0 4575 2 phononTS 0.0019453 -0.143851 4.69212 0.000334869 8684.26 0.00069486 1 0.0586793 -0.158878 0.05 16167.2
0 4577 5 phononTS 0.000761151 -0.354953 -0.00765064 -0.00192272 20850.4 0.00034743 1 -0.0226734 -0.138643 0.05 28232.2
0 4588 3 phononTF 0.00275843 3.49054 4.24366 0.0273325 2223.42 0.00069486 1 0.0569111 -0.154566 0.05 17434.9
0 4588 9 phononTF 0.00105418 0.0569111 -0.154566 0.049999 17434.9 0.00034743 1 0.0663179 -0.14866 0.05 17809
0 4597 3 phononTS 0.0027098 3.0797 3.10912 0.00257781 7034.93 0.00034743 1 0.0467329 -0.205506 0.05 18218.2
0 4597 2 phononTF 0.0012902 3.0797 3.10912 0.00257781 7034.93 0.00034743 1 0.0925839 -0.135876 0.05 80466.5
0 4626 4 phononTS 0.00203055 1.08777 3.85635 0.00747566 9490 0.00034743 1 -0.112146 -0.226731 0.05 26086.6
0 4630 5 phononTS 0.00101117 -0.731901 -1.17831 -0.00122343 25192.8 0.00034743 1 0.0561462 -0.269363 0.05 25837
0 4654 2 phononTF 0.00275031 2.56191 2.55661 0.0403237 3193.19 0.00034743 1 0.0684544 -0.284184 0.05 24449.6
0 4657 5 phononTS 0.00146471 2.70645 4.03401 0.0306122 4355.94 0.00034743 1 -0.0712121 -0.281792 0.05 57398
0 4657 9 phononTS 0.000402916 -0.0712121 -0.281792 0.049999 57398 0.00034743 1 0.0615451 -0.25537 0.05 58394.1
0 4715 2 phononTS 0.00241473 2.71641 4.81038 -0.00384364 1367.33 0.00034743 1 -0.0242204 -0.156802 0.05 10391.9
0 4742 5 phononTF 0.000917586 1.86993 2.00542 -0.0397783 27705.5 0.00034743 1 0.0314694 -0.203338 0.05 31565
0 4754 2 phononTS 0.00220615 2.20871 4.28676 0.0275954 71.0224 0.00034743 1 -0.0387172 -0.098771 0.05 10240.2
0 4755 3 phononTS 0.00191794 3.01557 4.25169 -0.0376146 1122.38 0.00104229 1 0.0542869 -0.167068 0.05 30206.8
0 4765 2 phononTS 0.000997742 -0.0367298 4.67312 -0.0432829 6613.21 0.00034743 1 -0.0145375 -0.185925 0.05 133140
0 4881 3 phononTF 0.00125989 1.46137 4.13029 0.0100861 5148.65 0.00034743 1 0.0860588 -0.24668 0.05 9818.11
0 4995 2 phononTS 0.00146349 2.54136 3.26517 0.0138711 8443.09 0.00034743 1 -0.0857844 -0.267568 0.05 74518.6
0 4995 4 phononTF 0.000464506 -0.0857844 -0.267568 0.049998 74518.6 0.00034743 1 -0.0375903 -0.253388 0.05 74578.4
