Run ID,Event ID,Track ID,Particle Name,Start Energy [eV],Start X [mm],Start Y [mm],Start Z [mm],Start Time [ns],Energy Deposited [eV],Track Weight,End X [mm],End Y [mm],End Z [mm],Final Time [ns],Volume Name
0 34 4 phononTF 0.00155537 -4.85284 4.37359 0.0479618 5156.37 0.00034743 1 -0.0439223 -0.243055 0.05 31711.5
0 34 7 phononTS 0.00116092 -0.0439223 -0.243055 0.049999 31711.5 0.00069486 1 0.0331424 -0.30445 0.05 32023.8
0 159 3 phononTS 0.0016277 -3.9492 4.32412 0.025016 10185.4 0.00034743 1 -0.113422 -0.177966 0.05 28279.9
0 159 7 phononTS 0.000452048 -0.113422 -0.177966 0.049999 28279.9 0.00034743 1 0.0733265 -0.249905 0.05 39253
0 186 2 phononTS 0.00124077 -4.01418 4.25635 -0.0322426 705.861 0.00034743 1 0.0513348 -0.120723 0.05 43762
0 234 3 phononTS 0.00182903 -4.06107 3.89672 -0.00165895 825.338 0.00034743 1 -0.0261122 -0.287413 0.05 39427.5
0 234 4 phononTS 0.000465599 -0.0261122 -0.287413 0.049999 39427.5 0.00034743 1 -0.0662158 -0.196283 0.05 39683.2
0 240 3 phononTF 0.00220797 -4.48677 4.82926 -0.00631764 7674.15 0.00034743 1 -0.0315454 -0.266553 0.05 50820.7
0 331 3 phononL 0.00217753 -2.13753 3.78087 0.029653 15036 0.00069486 1 -0.0721244 -0.170779 0.05 123064
0 331 4 phononTS 0.0011803 -0.0721244 -0.170779 0.049999 123064 0.00034743 1 -0.0832362 -0.217459 0.05 123130
0 373 2 phononTS 0.0018087 -4.18305 4.03565 0.0253267 86.381 0.00069486 1 -0.0563778 -0.125128 0.05 75423.4
0 407 3 phononTF 0.00268825 -3.38815 2.22356 0.0461905 23272.6 0.00034743 1 -0.034619 -0.22562 0.05 34580.7
0 411 2 phononTS 0.00133893 -4.33471 4.2802 0.0465537 169.084 0.00034743 1 -0.064265 -0.169469 0.05 22767.4
0 411 4 phononL 0.000501899 -0.064265 -0.169469 0.049999 22767.4 0.00034743 1 0.0549131 -0.248204 0.05 22912.9
0 429 2 phononL 0.00197444 -2.11695 4.11629 -0.0335649 6978.95 0.00104229 1 0.0682604 -0.142706 0.05 48153.9
0 438 3 phononTF 0.00213345 -3.90306 4.17485 -0.0225565 236.221 0.00069486 1 0.0314565 -0.249887 0.05 36320.5
0 448 3 phononTS 0.00161251 0.22287 4.21567 0.000957572 14645.5 0.00034743 1 -0.0525699 -0.107009 0.05 67786.8
0 480 2 phononTS 0.00163804 -4.16898 4.21704 0.00982355 39.3121 0.00069486 1 -0.0553127 -0.267121 0.05 20141.4
0 507 3 phononTS 0.00225508 -4.86216 3.52952 -0.0303612 9601.04 0.00034743 1 -0.0973751 -0.154199 0.05 37476.5
0 561 3 phononTF 0.00204659 -3.92941 4.01219 0.0313945 3973.53 0.00104229 1 0.0594196 -0.16756 0.05 16908.8
0 580 3 phononTS 0.00266087 -4.24898 4.21672 -0.0159193 4918.41 0.00034743 1 -0.116159 -0.174833 0.05 36299.3
0 580 4 phononTS 0.00136877 -0.116159 -0.174833 0.049999 36299.3 0.00069486 1 -0.0339128 -0.288584 0.05 36386.7
0 609 3 phononL 0.00204403 -4.79691 1.81223 -0.0203735 28869.5 0.00069486 1 -0.0555194 -0.190466 0.05 98147.6
0 634 4 phononTF 0.000836001 -2.53926 -4.80572 -0.024975 23927.9 0.00034743 1 0.0493189 -0.280612 0.05 85037.3
0 648 4 phononTS 0.000881289 -2.79355 -3.25304 0.0359422 20933.8 0.00034743 1 0.0411504 -0.246433 0.05 34735.7
0 656 2 phononTS 0.000821225 -3.97427 4.35254 -0.00813002 183.751 0.00069486 1 -0.0973581 -0.162688 0.05 19979.6
0 661 5 phononTF 0.000767452 -1.50349 3.59386 0.0499716 11918.8 0.00034743 1 -0.0372181 -0.268153 0.05 27441.1
0 693 2 phononTS 0.0020632 -4.80301 2.46096 -0.00642188 4626.11 0.00104229 1 -0.0607124 -0.138502 0.05 27509.3
0 696 3 phononTF 0.00223925 -3.81799 4.68493 0.00319871 2322.62 0.00104229 1 0.0244456 -0.186642 0.05 72178.8
0 696 16 phononTF 0.00035206 0.0244456 -0.186642 0.049999 72178.8 0.00034743 1 -0.0410211 -0.184653 0.05 72272.5
0 722 2 phononTF 0.00184639 -4.90006 3.47639 0.00244255 1999.71 0.00034743 1 -0.0421041 -0.193154 0.05 12916.3
0 732 3 phononTS 0.00160311 -4.77974 3.22581 0.034111 5495.52 0.00034743 1 -0.0354498 -0.104741 0.05 26289.2
0 794 2 phononTF 0.00256082 -1.7869 3.50909 -0.0377894 6229.12 0.00034743 1 0.0677294 -0.121865 0.05 38684.9
0 794 4 phononTS 0.000885414 0.0677294 -0.121865 0.049999 38684.9 0.00034743 1 -0.0640202 -0.252382 0.05 39082.4
0 794 11 phononTS 0.0005247 -0.0640202 -0.252382 0.049998 39082.4 0.00034743 1 -0.0482125 -0.224296 0.05 39215.8
0 798 2 phononTS 0.00124535 -3.7942 4.84595 -0.0154335 2468.43 0.00034743 1 0.0303234 -0.256778 0.05 26242
0 798 4 phononTS 0.000420028 0.0303234 -0.256778 0.049999 26242 0.00034743 1 -0.115429 -0.218572 0.05 31636
0 822 3 phononTF 0.00182248 -4.55391 4.6234 0.0420326 658.044 0.00104229 1 0.0209168 -0.171505 0.05 21079.6
0 826 3 phononTF 0.00112718 -2.65117 3.63617 -0.0362235 4016.92 0.00034743 1 0.0502709 -0.282347 0.05 13595
0 826 12 phononTS 0.000806965 -4.57331 1.76263 0.0157842 7157.4 0.00034743 1 -0.0531019 -0.292425 0.05 12927.1
0 833 5 phononTS 0.00086744 0.635563 1.6677 -0.0193527 23621.6 0.00034743 1 -0.0385699 -0.187813 0.05 131052
0 867 3 phononL 0.00110588 -4.0649 3.91743 0.00523613 1103.78 0.00034743 1 0.0466755 -0.107027 0.05 28408.6
0 868 2 phononTS 0.00267443 -4.29401 4.33262 -0.0375659 86.9677 0.00034743 1 -0.0669313 -0.293362 0.05 21572
0 868 4 phononTF 0.00095738 -0.0669313 -0.293362 0.049999 21572 0.00034743 1 -0.0735827 -0.229468 0.05 21745.2
0 883 5 phononL 0.00124365 -4.59683 4.95851 0.021893 4322.84 0.00034743 1 0.0529308 -0.120179 0.05 62492.8
0 883 6 phononTS 0.000356811 0.0529308 -0.120179 0.049999 62492.8 0.00034743 1 -0.0557036 -0.201736 0.05 62574.2
0 884 2 phononTF 0.00185598 -4.33376 3.00681 -0.0041443 12746.5 0.00069486 1 0.0710188 -0.227069 0.05 21751.9
0 1037 3 phononTS 0.00157018 -3.99016 4.37187 0.0488513 7064.24 0.00034743 1 0.0517532 -0.12055 0.05 13174.3
0 1039 5 phononTS 0.0014915 -3.44076 4.45556 -0.0254802 10467.1 0.00034743 1 -0.0494481 -0.299555 0.05 39037.8
0 1074 3 phononTS 0.00235332 -4.13979 4.69905 0.0499661 1713.31 0.00034743 1 -0.107032 -0.19938 0.05 35188.2
0 1122 2 phononTS 0.00088053 -4.48928 4.70907 0.0259082 1711.15 0.00034743 1 0.0286914 -0.182087 0.05 54473.2
0 1159 2 phononTF 0.00191622 -2.75775 4.11074 0.0121322 6589.16 0.00069486 1 0.118829 -0.193309 0.05 16366.3
0 1186 2 phononTS 0.00187665 -4.47223 4.13093 -0.00307909 258.449 0.00034743 1 -0.054448 -0.125819 0.05 14235.9
0 1186 5 phononTS 0.000912548 -0.054448 -0.125819 0.049999 14235.9 0.00069486 1 -0.03907 -0.236609 0.05 14452.4
0 1196 3 phononTS 0.0026082 -1.86932 0.626283 -0.0297621 18219.2 0.00069486 1 0.0738642 -0.206652 0.05 21408.6
0 1196 8 phononL 0.0010543 0.0738642 -0.206652 0.049999 21408.6 0.00034743 1 0.0510428 -0.276969 0.05 21684.6
0 1196 17 phononL 0.000510845 0.0510428 -0.276969 0.049999 21684.6 0.00034743 1 0.0462957 -0.278056 0.05 21899.8
0 1270 4 phononL 0.0015291 -1.43755 -0.396853 0.0423227 64745 0.00069486 1 -0.0432544 -0.126018 0.05 82157
0 1283 2 phononTS 0.00184666 -4.80847 2.30981 0.0161449 10769.4 0.00034743 1 -0.0355964 -0.127933 0.05 49415.6
0 1292 3 phononTF 0.00271835 -3.3574 3.39412 -0.0485263 4166.4 0.00069486 1 -0.0326155 -0.151334 0.05 29130.3
0 1324 2 phononTS 0.00271234 -4.21913 4.03202 -0.0492622 1419.88 0.00034743 1 0.0671158 -0.12648 0.05 17519.1
0 1376 2 phononTF 0.00244516 -4.91457 4.47999 0.00687838 5535.36 0.00034743 1 -0.0660754 -0.15159 0.05 26549
0 1422 2 phononTF 0.00233136 -4.15208 2.95586 0.00202769 1057.46 0.00069486 1 -0.0446592 -0.134692 0.05 14415.4
0 1462 4 phononTS 0.000666824 0.228731 0.802619 -0.0320753 19132.4 0.00034743 1 0.0648528 -0.135467 0.05 22455.4
0 1508 3 phononTS 0.00161614 -3.93824 3.98397 0.0333071 1667.51 0.00034743 1 -0.0284273 -0.106759 0.05 21077.6
0 1508 4 phononTS 0.000562402 -0.0284273 -0.106759 0.049999 21077.6 0.00034743 1 -0.0613299 -0.251683 0.05 54313.8
0 1566 3 phononTS 0.002008 -4.84615 3.48838 0.0411703 9864.54 0.00034743 1 0.0717491 -0.180648 0.05 24877.5
0 1596 4 phononTS 0.00106768 -4.61741 4.92084 -0.0382394 30544.4 0.00069486 1 0.0549898 -0.258999 0.05 69344.8
0 1599 3 phononTF 0.00149579 -4.3003 4.11821 -0.0283438 4713.24 0.00069486 1 0.0948424 -0.260657 0.05 14737.8
0 1615 2 phononTF 0.00191953 0.732849 1.95237 -0.010782 13107.4 0.00034743 1 0.087554 -0.273174 0.05 81917
0 1625 2 phononTS 0.00104815 -3.74496 4.01021 0.0312369 12066.2 0.00034743 1 -0.0549953 -0.210831 0.05 28640.6
0 1625 5 phononTS 0.000484218 -0.0549953 -0.210831 0.049999 28640.6 0.00034743 1 -0.0350529 -0.208472 0.05 28780.2
0 1626 4 phononTS 0.000981187 -0.26661 0.561404 -0.000314752 21745.6 0.00034743 1 0.041427 -0.296315 0.05 23831.2
0 1626 8 phononTS 0.000584408 0.041427 -0.296315 0.049998 23831.2 0.00034743 1 -0.0321806 -0.101375 0.05 24010.3
0 1645 3 phononL 0.00232819 -4.95569 3.90121 0.0495182 3663.28 0.00034743 1 -0.0704459 -0.256784 0.05 18057
0 1660 3 phononTF 0.00148139 -3.61021 4.58849 0.0279127 3173.84 0.00034743 1 -0.0598959 -0.282692 0.05 13460.8
0 1693 2 phononL 0.00188216 -4.59479 3.36459 0.00442 1317.5 0.00034743 1 0.0342007 -0.223628 0.05 36068.6
0 1698 3 phononTS 0.00277152 -4.59637 3.75389 0.00504162 4670.68 0.00069486 1 -0.0717682 -0.141734 0.05 17647.4
0 1698 4 phononTS 0.00133818 -0.0717682 -0.141734 0.049999 17647.4 0.00034743 1 0.0722284 -0.146304 0.05 74494.9
0 1728 5 phononTF 0.000987871 -2.67441 4.87395 0.024697 5918.23 0.00034743 1 0.0427857 -0.125182 0.05 11493
0 1733 4 phononTS 0.00208693 -2.44601 4.38734 0.034336 23321.6 0.00034743 1 -0.0580171 -0.155112 0.05 31399.2
0 1733 6 phononTS 0.000993395 -0.0580171 -0.155112 0.049999 31399.2 0.00034743 1 -0.0167865 -0.177419 0.05 31486.4
0 1765 5 phononTF 0.00171988 -3.40943 1.98802 0.0203061 13639.1 0.00034743 1 0.06501 -0.27881 0.05 64764.8
0 1765 7 phononL 0.000879713 0.06501 -0.27881 0.049999 64764.8 0.00034743 1 0.0511273 -0.289338 0.05 64819.4
0 1765 13 phononTS 0.000400826 0.0511273 -0.289338 0.049999 64819.4 0.00034743 1 -0.0550765 -0.147219 0.05 65361.7
0 1788 3 phononTS 0.00170727 -4.77569 3.74313 -0.00957361 3195.67 0.00034743 1 0.0624173 -0.106781 0.05 45785.4
0 1788 6 phononL 0.00129318 0.0624173 -0.106781 0.049999 45785.4 0.00034743 1 -0.0270049 -0.128195 0.05 46296.3
0 1803 3 phononL 0.00183549 -2.62811 4.76412 0.0190198 8044.87 0.00069486 1 0.0927728 -0.1282 0.05 11994
0 1804 2 phononTS 0.00225151 -4.32678 4.09945 -0.0484148 234.54 0.00104229 1 0.0258697 -0.236249 0.05 10864.8
0 1868 4 phononTF 0.0013679 -4.98224 3.63284 -0.0138585 5124.62 0.00034743 1 0.0697619 -0.173753 0.05 27964.2
0 1868 7 phononTS 0.000592605 0.0697619 -0.173753 0.049999 27964.2 0.00034743 1 0.0168626 -0.179263 0.05 28121
0 1875 3 phononL 0.00178405 -3.3475 4.09379 0.00717393 1213.31 0.00069486 1 -0.0364426 -0.25772 0.05 23212.7
0 1875 4 phononTF 0.000781902 -0.0364426 -0.25772 0.049999 23212.7 0.00034743 1 -0.0842496 -0.233167 0.05 23273.2
0 1877 4 phononTF 0.00035763 -3.72796 0.334983 -0.01626 57233.9 0.00034743 1 -0.05361 -0.248976 0.05 153390
0 1890 5 phononTF 0.000955717 -3.52767 -0.765201 -0.0350666 11187.1 0.00034743 1 -0.0674733 -0.1989 0.05 45207.9
0 1899 2 phononTS 0.00222579 -2.52779 3.43887 -0.0293385 13216.3 0.00034743 1 0.0413834 -0.25123 0.05 67516.5
0 1928 2 phononTS 0.00147116 -4.02648 3.27937 -0.0481739 643.689 0.00069486 1 0.0318556 -0.223724 0.05 42372.3
0 2024 5 phononTF 0.00142156 -3.51456 3.26249 -0.0405072 22695.4 0.00034743 1 0.0685855 -0.14462 0.05 54527.8
0 2024 4 phononTS 0.00132297 -3.51456 3.26249 -0.0405072 22695.4 0.00034743 1 -0.106642 -0.180558 0.05 32828.1
0 2079 3 phononTF 0.00195772 -3.47652 2.34693 0.0287222 16348.1 0.00034743 1 0.112194 -0.210373 0.05 41169.3
0 2089 2 phononTF 0.00175479 -3.37739 3.90573 -0.0177803 9992.97 0.00034743 1 -0.0785691 -0.156204 0.05 44723.1
0 2089 4 phononL 0.000878354 -0.0785691 -0.156204 0.049999 44723.1 0.00034743 1 -0.0363812 -0.144819 0.05 44842.2
0 2108 3 phononTF 0.00230602 0.00336003 3.45336 0.0203226 11538.4 0.00069486 1 0.0455247 -0.18106 0.05 53568
0 2108 2 phononL 0.00169398 0.00336003 3.45336 0.0203226 11538.4 0.00034743 1 0.0558011 -0.156501 0.05 12793.9
0 2108 16 phononTS 0.00071402 0.0558011 -0.156501 0.049999 12793.9 0.00034743 1 0.0624751 -0.164084 0.05 12850.7
0 2167 2 phononTS 0.00234589 -3.20953 3.66135 0.00294777 9937.94 0.00034743 1 0.0689386 -0.224876 0.05 90882.5
0 2177 2 phononTS 0.00270189 -2.5401 2.96164 -0.0196545 4426.85 0.00034743 1 0.0420661 -0.182561 0.05 84922.2
0 2188 2 phononTS 0.00165428 -4.11773 4.15059 0.0468955 32.1457 0.00034743 1 -0.0517445 -0.196275 0.05 10721.4
0 2201 3 phononTF 0.00155238 -3.52696 4.0324 -0.0479535 1656.49 0.00069486 1 0.0505679 -0.222782 0.05 21718.5
0 2222 3 phononTS 0.00217868 -4.45823 4.93159 -0.0227613 2428.08 0.00138972 1 0.0439823 -0.164132 0.05 38730.9
0 2232 3 phononTS 0.00238308 -4.27565 4.27238 0.00321374 6.40732 0.00138972 1 -0.0894908 -0.265943 0.05 62610.6
0 2242 2 phononTS 0.00119814 -4.20975 4.22672 -0.00461976 5570.46 0.00034743 1 -0.0593149 -0.135523 0.05 30672.9
0 2248 3 phononTS 0.00234344 -4.31917 4.38171 -0.0339832 4956.49 0.00069486 1 -0.118205 -0.208929 0.05 49232.5
0 2248 9 phononTS 0.000420389 -0.118205 -0.208929 0.049999 49232.5 0.00034743 1 -0.0898261 -0.204774 0.05 50167.8
0 2251 3 phononTF 0.001703 -4.03817 3.96999 -0.0283639 288.05 0.00034743 1 -0.0938115 -0.25054 0.05 34018.2
0 2295 5 phononTF 0.00108005 -0.207991 -3.28859 0.0285325 25220.9 0.00034743 1 -0.0285272 -0.28076 0.05 69511.5
0 2318 2 phononTS 0.00158807 -3.97581 1.46321 -0.0110585 11991.1 0.00069486 1 -0.0264113 -0.138248 0.05 97538.4
0 2325 2 phononTS 0.00222013 -3.46921 4.4752 0.0288439 2389.53 0.00034743 1 -0.0577313 -0.242019 0.05 18378.8
0 2325 4 phononTF 0.00124499 -0.0577313 -0.242019 0.049999 18378.8 0.00034743 1 -0.0841367 -0.124642 0.05 19055.1
0 2328 2 phononTS 0.00198584 -4.2567 4.6949 0.0150665 1641.37 0.00034743 1 0.0198449 -0.245133 0.05 24275.5
0 2349 4 phononTF 0.00205537 -3.35947 -0.592268 0.0246699 44477.5 0.00034743 1 0.0977234 -0.198442 0.05 47508.8
0 2359 3 phononTF 0.00109251 -2.21894 3.93565 0.00680285 13430.7 0.00069486 1 -0.0663894 -0.161119 0.05 79506.5
0 2377 3 phononTS 0.00256013 -2.29874 4.69191 0.0291135 6528.14 0.00069486 1 -0.0296851 -0.243519 0.05 53644.9
0 2396 3 phononTS 0.00133086 -3.82484 4.86968 0.0149501 143.022 0.00069486 1 -0.0546516 -0.291677 0.05 30317.4
0 2431 3 phononL 0.00280675 -4.41122 4.79577 -0.0243516 11912.4 0.00069486 1 -0.115429 -0.209606 0.05 39229.9
0 2431 4 phononTF 0.000942493 -0.115429 -0.209606 0.049999 39229.9 0.00034743 1 0.0547716 -0.211523 0.05 39309.6
0 2457 3 phononTF 0.00210972 -4.01735 2.06263 -0.010624 8295.46 0.00069486 1 0.0743672 -0.166435 0.05 21108.3
0 2473 5 phononTF 0.00122759 -4.78343 4.50571 -0.0110867 14563.5 0.00034743 1 0.0385429 -0.159127 0.05 34500.6
0 2478 2 phononTS 0.00253916 -4.09681 4.44077 0.0256791 1946.32 0.00034743 1 0.107012 -0.212668 0.05 58258.8
0 2541 2 phononTF 0.00281987 -3.02638 4.24131 -0.0496799 5129.38 0.00104229 1 -0.0940166 -0.155259 0.05 32446.7
0 2579 4 phononTS 0.000902924 2.55461 2.16315 -0.0381927 60932.1 0.00034743 1 -0.0737652 -0.128266 0.05 72288.5
0 2585 3 phononTF 0.00261873 -2.96114 4.40653 0.00774571 2035.67 0.00104229 1 -0.0816391 -0.15937 0.05 30651.9
0 2605 2 phononTS 0.00168013 -2.93278 4.3709 -0.0337893 12797.7 0.00069486 1 -0.0443696 -0.262697 0.05 145829
0 2649 2 phononL 0.00232626 -3.41276 4.13166 -0.0211889 998.598 0.00069486 1 0.0700582 -0.254167 0.05 51367.6
0 2668 5 phononL 0.0011146 0.655895 -0.686244 -0.0325375 25508.8 0.00034743 1 0.0808481 -0.143145 0.05 33850.5
0 2680 4 phononTS 0.00118646 -3.42318 4.95371 0.0372829 13577.8 0.00069486 1 0.0870292 -0.188651 0.05 23886.7
0 2710 2 phononL 0.00183069 -4.00518 4.71432 0.0450573 2385 0.00034743 1 0.0154828 -0.177538 0.05 34302.4
0 2710 6 phononL 0.00112662 0.0154828 -0.177538 0.049999 34302.4 0.00034743 1 -0.0958196 -0.212477 0.05 34391
0 2722 2 phononL 0.00202909 -3.59601 3.80973 0.0281299 2306.68 0.00069486 1 0.0927963 -0.216719 0.05 20146.3
0 2759 2 phononTF 0.00189757 -4.52001 3.66735 -0.000741243 1066.69 0.00034743 1 -0.0969748 -0.160426 0.05 12818.6
0 2770 2 phononL 0.00219448 -4.8069 4.73167 -0.00527163 6506.02 0.00034743 1 0.107795 -0.159421 0.05 42502
0 2826 3 phononTF 0.00210427 -4.12518 4.90584 -0.0131963 3392.78 0.00034743 1 0.0794316 -0.265323 0.05 38489.8
0 2833 3 phononL 0.00135902 -3.66012 4.56814 0.0409779 2405.42 0.00069486 1 -0.115675 -0.191807 0.05 31109.3
0 2839 2 phononTS 0.00153619 -4.78832 4.15675 -0.0427725 6540.68 0.00104229 1 0.0532578 -0.274302 0.05 33101.7
0 2840 3 phononTS 0.00204083 -0.6258 3.63005 0.0428332 15225.1 0.00034743 1 -0.0142039 -0.176695 0.05 64137.8
0 2851 2 phononL 0.00164717 -4.0989 4.34988 -0.00643727 1352.24 0.00034743 1 -0.108404 -0.179635 0.05 23936.6
0 2915 3 phononTS 0.00150195 -3.83227 3.9833 0.00329779 2063.6 0.00034743 1 0.0473335 -0.110659 0.05 46899.5
0 2916 3 phononTF 0.00168994 -3.9659 4.67477 -0.0187923 5433.99 0.00034743 1 0.028227 -0.213465 0.05 53672.4
0 2926 3 phononTF 0.00232745 -3.89727 4.58282 -0.047222 25999.6 0.00104229 1 -0.0756402 -0.279937 0.05 68562.1
0 2926 7 phononTS 0.000718441 -0.0756402 -0.279937 0.049999 68562.1 0.00034743 1 -0.110521 -0.176375 0.05 71385.6
0 2926 2 phononL 0.00167255 -3.89727 4.58282 -0.047222 25999.6 0.00034743 1 -0.0316657 -0.22358 0.05 42779.1
0 2966 3 phononTF 0.00125107 -4.7503 3.44071 0.00147661 8532.1 0.00069486 1 -0.0860004 -0.228372 0.05 27279.9
0 2977 4 phononL 0.00105358 -4.0767 3.29282 -0.0437915 13961.5 0.00034743 1 0.0855005 -0.131543 0.05 32650.7
0 2992 2 phononTS 0.00193761 -3.58614 4.78775 0.0133249 7083.4 0.00069486 1 0.0582585 -0.272849 0.05 27180.7
0 2992 8 phononTS 0.000363852 0.0582585 -0.272849 0.049999 27180.7 0.00034743 1 -0.108585 -0.187447 0.05 28065.3
0 2996 3 phononL 0.00196175 -0.961209 4.83559 -0.0275448 15628.3 0.00034743 1 0.0770743 -0.206598 0.05 47814.1
0 3053 4 phononTF 0.00109035 -1.77767 2.56617 -0.0291301 21866.8 0.00034743 1 -0.0765305 -0.216523 0.05 43889.2
0 3095 3 phononL 0.00214275 -4.15103 4.75756 -0.00526415 8021.24 0.00069486 1 0.0820026 -0.151998 0.05 14644.3
0 3126 2 phononTS 0.00192334 -4.60381 3.36873 0.00673829 9176.56 0.00104229 1 -0.0316258 -0.134406 0.05 64991.5
0 3135 3 phononTS 0.00256266 -3.11633 4.35916 -0.0490993 4391.33 0.00104229 1 0.115265 -0.234382 0.05 17701.6
0 3135 6 phononTF 0.000477542 0.115265 -0.234382 0.049999 17701.6 0.00034743 1 0.0140331 -0.186635 0.05 17773.3
0 3189 2 phononTF 0.00118777 -3.92117 3.17054 -0.00246175 1088.34 0.00069486 1 -0.0514161 -0.284174 0.05 120823
0 3219 3 phononTF 0.00214126 -4.28524 4.57586 -0.0392204 906.557 0.00069486 1 0.118959 -0.213901 0.05 52352.3
0 3247 7 phononTF 0.000837923 -0.411419 -1.48003 -0.0336733 92725.8 0.00034743 1 -0.0637695 -0.222889 0.05 108977
0 3268 3 phononTF 0.00213226 -4.23957 4.29905 -0.0382214 11.8443 0.00069486 1 0.0628041 -0.260346 0.05 16439.8
0 3268 8 phononTS 0.000549371 0.0628041 -0.260346 0.049999 16439.8 0.00034743 1 0.0486201 -0.248872 0.05 16499
0 3281 2 phononTF 0.00194931 -4.42238 4.13385 -0.0186488 2853.99 0.00069486 1 -0.0208637 -0.151586 0.05 73933.2
0 3281 6 phononTF 0.00056363 -0.0208637 -0.151586 0.049999 73933.2 0.00034743 1 -0.0221088 -0.210688 0.05 74075.4
0 3325 3 phononTS 0.00155211 -4.22615 4.35516 0.0283812 25.8931 0.00034743 1 -0.089397 -0.234717 0.05 33158.2
0 3346 3 phononTS 0.00207053 -3.4346 4.77733 -0.016246 1659.95 0.00034743 1 -0.031633 -0.177905 0.05 29371.5
0 3354 2 phononTF 0.00165504 -3.67321 3.63793 0.0347686 6522.12 0.00034743 1 0.0542181 -0.111213 0.05 12851.1
0 3383 3 phononTS 0.00249084 -4.53197 3.22203 -0.0215175 19515.7 0.00104229 1 -0.0580284 -0.144182 0.05 58359
0 3396 5 phononL 0.00193376 -4.58279 2.71244 -0.0294251 13767 0.00104229 1 0.0207625 -0.167768 0.05 56387.8
0 3425 2 phononL 0.00194291 -4.03515 4.80467 -0.0467459 1762.34 0.00034743 1 0.042861 -0.180771 0.05 15812.2
0 3431 4 phononTS 0.00127271 -3.8993 2.4281 0.0351495 8267.57 0.00034743 1 -0.0858118 -0.207134 0.05 20991.2
0 3444 5 phononTF 0.00155166 -3.95154 3.23723 -0.000435192 7075.35 0.00069486 1 -0.0378957 -0.25714 0.05 31510.8
0 3484 4 phononTS 0.00137883 -2.74387 1.74169 -0.0210122 21813.9 0.00034743 1 0.027135 -0.109967 0.05 40666.3
0 3484 6 phononTF 0.000722752 0.027135 -0.109967 0.049999 40666.3 0.00034743 1 0.0244462 -0.245528 0.05 41382.8
0 3489 5 phononTS 0.00155722 -4.77515 2.40229 -0.0349408 12825.1 0.00034743 1 0.0408242 -0.300982 0.05 33763.5
0 3489 8 phononL 0.000445123 0.0408242 -0.300982 0.049999 33763.5 0.00034743 1 0.108992 -0.155493 0.05 34226.7
0 3491 2 phononTS 0.00177697 -4.31705 4.94162 0.0149894 5367.27 0.00069486 1 -0.0214258 -0.171264 0.05 33173.2
0 3491 9 phononL 0.000691375 -0.0214258 -0.171264 0.049999 33173.2 0.00034743 1 -0.0317244 -0.279672 0.05 35168.7
0 3554 4 phononTS 0.00144053 0.290857 0.626569 -0.0364916 45812.4 0.00034743 1 -0.0250359 -0.156953 0.05 47974.6
0 3569 3 phononTF 0.00157348 -3.64446 3.40845 -0.00348045 5524.41 0.00069486 1 -0.0605682 -0.24128 0.05 19456.4
0 3584 4 phononTS 0.000810726 0.0426244 0.934033 -0.0469642 16875.7 0.00034743 1 0.090092 -0.150707 0.05 17593.2
0 3608 3 phononTS 0.0023901 -3.91661 4.01254 -0.0363501 2743.69 0.00034743 1 0.0778934 -0.152605 0.05 16460.2
0 3614 4 phononTF 0.00196278 -0.561309 2.73698 -0.0279207 98199.6 0.00069486 1 0.0345535 -0.275357 0.05 194762
0 3614 6 phononTS 0.000766307 0.0345535 -0.275357 0.049999 194762 0.00034743 1 -0.067049 -0.190917 0.05 194842
0 3618 2 phononL 0.00128297 -4.75559 4.98056 0.0450909 5507.32 0.00034743 1 -0.0630885 -0.112208 0.05 36859.4
0 3618 6 phononTF 0.000823882 -0.0630885 -0.112208 0.049999 36859.4 0.00034743 1 0.0415641 -0.150838 0.05 37220.9
0 3692 2 phononTS 0.001562 -4.44067 4.39795 0.0282033 2985.76 0.00069486 1 0.0351702 -0.285523 0.05 44553.2
0 3696 5 phononTF 0.000958495 -0.156863 3.34582 0.0276373 37007.4 0.00034743 1 0.0944997 -0.195492 0.05 53709.6
0 3732 3 phononTS 0.00297721 -3.75432 4.6241 -0.0212961 6224.7 0.00034743 1 0.0701519 -0.269889 0.05 20789.5
0 3749 3 phononTF 0.00155751 -4.55036 4.25606 0.035775 2871.13 0.00034743 1 0.0353709 -0.229633 0.05 20659.3
0 3801 3 phononTF 0.00068344 -4.29503 0.0608273 0.049999 15582.8 0.00034743 1 -0.0448632 -0.219694 0.05 26463.8
0 3862 4 phononL 0.000741047 -4.50698 0.0932049 0.049999 16971.7 0.00034743 1 -0.0454451 -0.106205 0.05 70293.9
0 3891 2 phononTS 0.000920927 -2.71938 2.34831 -0.0342547 13514 0.00034743 1 -0.0438727 -0.22218 0.05 96844.3
0 3891 8 phononTF 0.000528839 -0.0438727 -0.22218 0.049999 96844.3 0.00034743 1 -0.0287788 -0.253672 0.05 96905.1
0 3906 3 phononTS 0.00163041 -4.04857 4.52624 0.0084202 1991.54 0.00034743 1 -0.0759901 -0.164552 0.05 41729.6
0 3916 3 phononL 0.00171122 -3.74941 4.34531 0.0253574 2377.63 0.00034743 1 0.0343902 -0.0969365 0.05 9813.26
0 3922 2 phononL 0.00210981 -4.32431 4.54062 0.021675 485.4 0.00069486 1 -0.0779307 -0.142892 0.05 15905.9
0 3922 7 phononTF 0.000456976 -0.0779307 -0.142892 0.049999 15905.9 0.00034743 1 -0.0387913 -0.258105 0.05 16388.1
0 3961 2 phononTF 0.00172028 -4.29736 4.20148 0.00327586 12.7005 0.00034743 1 -0.100375 -0.150458 0.05 27278.4
0 4047 2 phononTS 0.00249226 -3.58749 3.84688 -0.0378499 10898.1 0.00069486 1 0.0317743 -0.248622 0.05 28014.9
0 4054 2 phononL 0.00154759 -4.34251 4.07754 0.0481179 792.697 0.00069486 1 -0.101859 -0.197633 0.05 32108.5
0 4067 2 phononTF 0.00266309 -4.28198 1.8814 -0.048795 5771.33 0.00034743 1 -0.0561433 -0.166773 0.05 55738.8
0 4067 5 phononTS 0.00189199 -0.0561433 -0.166773 0.049999 55738.8 0.00069486 1 -0.0442369 -0.157579 0.05 55795
0 4068 2 phononTF 0.00120872 -4.43939 4.24006 -0.00164687 63.3919 0.00069486 1 -0.0757276 -0.157042 0.05 13708.9
0 4127 4 phononTF 0.00207141 -3.2892 3.67104 -0.0256861 3000.41 0.00034743 1 -0.0649931 -0.257448 0.05 19092.4
0 4204 3 phononTS 0.00224741 -4.63732 4.7072 -0.0180166 3976.74 0.00034743 1 0.0645822 -0.200255 0.05 73620.2
0 4230 2 phononTS 0.0015987 -3.3749 3.16711 0.0261357 11081.4 0.00034743 1 0.0679672 -0.241263 0.05 36878.2
0 4248 3 phononTS 0.00176912 -4.14572 3.62416 0.0189187 785.302 0.00034743 1 -0.0144181 -0.206753 0.05 25134.1
0 4248 4 phononTS 0.000465818 -0.0144181 -0.206753 0.049998 25134.1 0.00034743 1 -0.0197665 -0.227856 0.05 25193.9
0 4298 2 phononTS 0.000998442 -4.39192 4.14151 -0.0277867 88.8094 0.00034743 1 -0.0182582 -0.219777 0.05 39907.3
0 4298 6 phononL 0.000632537 -0.0182582 -0.219777 0.049999 39907.3 0.00034743 1 -0.0768185 -0.267236 0.05 40137.6
0 4302 2 phononTF 0.00162091 -3.52125 3.34115 -0.0259821 17478.2 0.00069486 1 -0.0690952 -0.252911 0.05 31051.4
0 4302 7 phononTS 0.000350943 -0.0690952 -0.252911 0.049999 31051.4 0.00034743 1 -0.0772421 -0.275982 0.05 31116.1
0 4316 3 phononTS 0.000940393 -4.08327 4.15535 -0.0107756 1826.19 0.00034743 1 0.0405501 -0.282483 0.05 46955.7
0 4316 5 phononTF 0.000584585 0.0405501 -0.282483 0.049999 46955.7 0.00034743 1 0.0532492 -0.280858 0.05 47018.3
0 4366 2 phononTS 0.00129207 -4.17067 4.49393 -0.0385732 1022.13 0.00069486 1 -0.098857 -0.137744 0.05 24023
0 4367 2 phononTF 0.0013612 -4.16304 4.14109 0.0106876 4752.88 0.00034743 1 -0.0463355 -0.17486 0.05 19243.2
0 4438 5 phononTS 0.00124551 -3.34205 4.00476 0.0258523 4624.91 0.00034743 1 0.0646529 -0.200742 0.05 46017
0 4455 3 phononTS 0.00228842 -3.61094 3.37577 0.0327828 1878.39 0.00034743 1 -0.102014 -0.188538 0.05 28522.4
0 4455 6 phononTS 0.000446232 -0.102014 -0.188538 0.049999 28522.4 0.00034743 1 -0.0196697 -0.248932 0.05 28656.9
0 4515 2 phononL 0.00207618 -4.58772 4.96899 -0.0372121 3912.02 0.00069486 1 -0.0736759 -0.281097 0.05 79201
0 4517 2 phononTS 0.00201902 -4.86762 3.81734 -0.0199638 3923.93 0.00069486 1 0.0818364 -0.263598 0.05 41435.6
0 4526 2 phononTF 0.00208492 -4.47504 4.69846 0.0281149 2492.81 0.00069486 1 0.0286096 -0.268245 0.05 17656.3
0 4536 2 phononTF 0.00140096 -4.44228 4.01708 -0.0464341 736.225 0.00034743 1 0.0257572 -0.185763 0.05 16850.5
0 4546 3 phononTF 0.00186081 -4.48017 0.568007 0.0300387 14905 0.00069486 1 -0.0808288 -0.204042 0.05 39518.9
0 4604 3 phononTS 0.00144561 -2.77922 4.61899 0.0373332 4132.75 0.00034743 1 0.0583713 -0.211373 0.05 90425.5
0 4604 2 phononTS 0.00255439 -2.77922 4.61899 0.0373332 4132.75 0.00138972 1 0.0436378 -0.152057 0.05 20775.3
0 4607 2 phononTF 0.00127425 -4.55396 4.94886 0.0333131 7490.45 0.00034743 1 -0.0826447 -0.248547 0.05 53411.2
0 4665 2 phononTS 0.00117149 -4.38143 4.21329 0.0327286 846.577 0.00034743 1 0.0736754 -0.165101 0.05 7516.8
0 4679 4 phononTS 0.00223433 -0.496586 -0.836899 -0.0414123 34671.7 0.00034743 1 0.0954588 -0.157401 0.05 52004.5
0 4679 6 phononTS 0.000721687 0.0954588 -0.157401 0.049999 52004.5 0.00034743 1 0.0566626 -0.285764 0.05 52143.4
0 4741 5 phononTF 0.0013407 -3.52307 3.26765 -0.0099742 14712.3 0.00034743 1 0.0560147 -0.268763 0.05 21079.6
0 4744 3 phononTS 0.00161082 -4.19551 4.50274 -0.0301338 1146.96 0.00069486 1 0.0461893 -0.201101 0.05 18658.8
0 4772 2 phononTF 0.00231141 -4.44633 4.33674 0.0417566 56.0539 0.00034743 1 0.0451209 -0.275586 0.05 20683.8
0 4772 6 phononL 0.000489098 0.0451209 -0.275586 0.049999 20683.8 0.00034743 1 -0.106985 -0.21868 0.05 20920.6
0 4785 5 phononTS 0.00159074 -2.37441 4.50377 -0.00220563 3397.89 0.00034743 1 0.0871544 -0.25017 0.05 14517.7
0 4788 3 phononTS 0.00223999 -3.68216 3.73005 0.012415 947.963 0.00034743 1 -0.0572226 -0.102559 0.05 103427
0 4887 2 phononTS 0.00203785 -4.21731 4.27329 0.0111848 20.5472 0.00034743 1 0.0688836 -0.122645 0.05 13251.4
0 4904 5 phononTS 0.000518072 -3.54306 1.35324 -0.0213083 21545 0.00034743 1 -0.0695973 -0.289255 0.05 55743
0 4914 2 phononTS 0.00178985 -4.54219 4.31163 -0.0204059 5791.53 0.00104229 1 -0.0904388 -0.129552 0.05 43651.8
0 4915 2 phononTF 0.000361562 -4.27545 4.94377 0.0248412 897.461 0.00034743 1 0.0579491 -0.138016 0.05 22795.4
0 4930 4 phononTF 0.0008531 -0.234239 0.18638 0.0415747 37391.7 0.00034743 1 -0.0375236 -0.195639 0.05 71744.3
0 4984 2 phononTS 0.00138135 -3.93229 3.08587 0.00861675 3928.12 0.00034743 1 0.0217905 -0.215996 0.05 13838.1
0 4989 2 phononTF 0.00130032 -3.77185 4.82579 0.0106603 1362.96 0.00034743 1 -0.035722 -0.224835 0.05 10310.4
0 4997 3 phononTS 0.00253536 -4.94169 4.34229 0.0470726 5136.68 0.00034743 1 -0.11743 -0.184382 0.05 30442.4
0 4997 4 phononTF 0.000932076 -0.11743 -0.184382 0.049999 30442.4 0.00069486 1 -0.0814535 -0.137653 0.05 30624.4
