Run ID,Event ID,Track ID,Particle Name,Start Energy [eV],Start X [mm],Start Y [mm],Start Z [mm],Start Time [ns],Energy Deposited [eV],Track Weight,End X [mm],End Y [mm],End Z [mm],Final Time [ns],Volume Name
0 5 3 phononL 0.00235418 2.38584 4.07535 -0.0372168 7389.07 0.00069486 1 0.0319554 -0.276039 0.05 35243.8
0 18 2 phononTF 0.00235781 -0.443516 2.45541 -0.0398781 10341.5 0.00034743 1 -0.0290135 -0.178274 0.05 22113.2
0 51 3 phononTS 0.00195235 0.0688034 4.09451 0.00498827 3522.99 0.00034743 1 -0.0637943 -0.234186 0.05 9836.54
0 51 5 phononTS 0.000380004 -0.0637943 -0.234186 0.049999 9836.54 0.00034743 1 0.0944077 -0.201478 0.05 9934.9
0 54 4 phononTS 0.00202007 -3.82277 3.69766 0.0285785 36731 0.00069486 1 -0.0669296 -0.182314 0.05 61991.4
0 67 3 phononTS 0.00246991 1.9265 3.25657 0.0235704 6880.05 0.00069486 1 0.0344991 -0.117379 0.05 52387
0 67 2 phononTS 0.00153009 1.9265 3.25657 0.0235704 6880.05 0.00034743 1 0.0829997 -0.193517 0.05 68359.3
0 75 3 phononTF 0.00226904 1.05451 3.11179 -0.0359651 544.674 0.00034743 1 -0.0638761 -0.284046 0.05 24033.2
0 75 4 phononTF 0.00154674 -0.0638761 -0.284046 0.049999 24033.2 0.00069486 1 -0.0469028 -0.208901 0.05 24248.6
0 77 2 phononTS 0.00147165 0.0371578 2.77371 -0.0356043 2464.49 0.00034743 1 0.0418463 -0.128698 0.05 7543.7
0 82 3 phononTS 0.0018354 -0.386363 1.50171 -0.001391 9237.3 0.00069486 1 -0.098331 -0.23217 0.05 28647
0 103 3 phononTS 0.00170022 0.768928 3.18105 0.0447643 1179.33 0.00034743 1 0.0887164 -0.233707 0.05 5494.98
0 150 3 phononTF 0.00161121 -0.296668 3.57712 0.02238 3137.44 0.00034743 1 -0.086758 -0.124228 0.05 36537.2
0 263 5 phononTF 0.00181306 -0.302348 3.51969 -0.0227326 1151.67 0.00069486 1 0.0238439 -0.189268 0.05 59074.9
0 330 5 phononTF 0.00140108 4.84421 2.98646 0.0479964 34703.5 0.00034743 1 -0.07704 -0.220183 0.05 61291.9
0 334 3 phononTF 0.00219776 0.742061 3.25231 -0.0190882 4.10027 0.00034743 1 -0.0552455 -0.169099 0.05 6533.22
0 334 5 phononTF 0.00108863 -0.0552455 -0.169099 0.049999 6533.22 0.00069486 1 -0.0531718 -0.106337 0.05 6651.37
0 404 5 phononTF 0.00130737 -4.06428 1.49217 0.0196689 9759.5 0.00034743 1 -0.0666736 -0.177225 0.05 16538.9
0 428 2 phononTS 0.0015126 0.741723 3.25485 0.00723079 2.20888 0.00034743 1 -0.0427214 -0.166674 0.05 20477.2
0 443 2 phononL 0.00214252 0.77962 2.74863 -0.0393459 962.054 0.00034743 1 -0.0830836 -0.245651 0.05 7283.17
0 443 5 phononTS 0.000902759 -0.0830836 -0.245651 0.049998 7283.17 0.00069486 1 -0.0976109 -0.257681 0.05 7339.32
0 450 3 phononTS 0.00240121 0.401279 3.1144 -0.00669471 205.527 0.00034743 1 -0.0974466 -0.175967 0.05 17354.1
0 492 2 phononTF 0.00160314 0.941947 3.18532 -0.0488995 59.0925 0.00034743 1 0.104136 -0.253087 0.05 27472.5
0 523 2 phononTF 0.00214774 0.253434 2.60556 0.0337562 2329.69 0.00069486 1 0.0610647 -0.145223 0.05 29605.7
0 523 6 phononTS 0.000353846 0.0610647 -0.145223 0.049998 29605.7 0.00034743 1 0.103929 -0.207891 0.05 29738.9
0 550 3 phononTS 0.00229953 1.82198 3.47828 -0.00264527 8083.49 0.00034743 1 -0.0415187 -0.281923 0.05 11924.8
0 556 2 phononTS 0.00208853 2.46835 0.97738 -0.033132 13036 0.00034743 1 0.0755822 -0.135362 0.05 53437.4
0 592 3 phononL 0.00253644 -1.47929 3.12072 0.030097 11923.5 0.00104229 1 0.0467062 -0.153884 0.05 56971
0 592 2 phononTF 0.00146356 -1.47929 3.12072 0.030097 11923.5 0.00034743 1 0.0703416 -0.162574 0.05 71601
0 594 2 phononTS 0.00159383 1.79483 2.90363 0.0304153 16019.3 0.00034743 1 -0.0345881 -0.185691 0.05 75657.3
0 622 2 phononTF 0.000606728 2.47225 2.16383 0.0143369 9755.14 0.00034743 1 -0.113639 -0.232241 0.05 22281.8
0 637 3 phononTS 0.00251485 0.450797 3.28811 0.0158214 9006.74 0.00069486 1 -0.096083 -0.149486 0.05 36911.8
0 637 13 phononTS 0.000489144 -0.096083 -0.149486 0.049999 36911.8 0.00034743 1 -0.027061 -0.13572 0.05 37109.7
0 646 2 phononTF 0.00166362 0.729815 -0.0644159 -7.95986e-05 8063.95 0.00069486 1 0.0460664 -0.118335 0.05 70992.5
0 684 2 phononL 0.00132726 0.390243 3.54469 0.008396 2372.57 0.00069486 1 0.026014 -0.235153 0.05 10901.4
0 717 2 phononTS 0.00228308 2.75407 2.96527 0.00652208 4755.14 0.00069486 1 0.0649955 -0.24172 0.05 107944
0 720 5 phononTF 0.00141536 4.27329 3.1266 -0.0105616 69726.7 0.00034743 1 -0.0456913 -0.15702 0.05 78835.3
0 736 5 phononTS 0.000902006 -2.5424 4.50113 -0.00842602 20968 0.00034743 1 -0.0865376 -0.171852 0.05 41300.7
0 741 3 phononTF 0.00175362 1.32738 2.47531 -0.0115474 12303.1 0.00034743 1 -0.0780655 -0.138637 0.05 83774.6
0 754 3 phononTS 0.00196347 0.796913 3.27232 -0.0481985 520.493 0.00034743 1 -0.0684418 -0.230561 0.05 54050.4
0 781 2 phononTF 0.00128333 1.21259 3.90628 -0.00890517 11673.5 0.00034743 1 -0.0222695 -0.254027 0.05 40256.3
0 817 3 phononTS 0.00177853 0.627929 3.16239 -0.0411063 306.292 0.00069486 1 0.076918 -0.178826 0.05 54616.9
0 817 4 phononTF 0.000668061 0.076918 -0.178826 0.049999 54616.9 0.00034743 1 -0.0532649 -0.172252 0.05 54693.5
0 830 2 phononTS 0.00203814 1.81503 3.65765 0.0127735 8503.96 0.00034743 1 -0.0512634 -0.258666 0.05 18430.5
0 841 5 phononL 0.00107694 0.797822 -3.73785 -0.0137387 32118.5 0.00034743 1 0.0388786 -0.167644 0.05 61718
0 849 4 phononTS 0.00120929 0.59652 1.09339 0.0308544 10161.6 0.00034743 1 -0.0189694 -0.235559 0.05 12070.8
0 852 3 phononTS 0.00207621 3.56484 2.9569 0.00907356 9639.38 0.00069486 1 -0.088702 -0.145591 0.05 55734.7
0 852 4 phononTS 0.000487482 -0.088702 -0.145591 0.049998 55734.7 0.00034743 1 -0.11342 -0.167324 0.05 55872.7
0 877 5 phononTF 0.00105272 -1.40166 2.3679 0.00923833 29229.5 0.00034743 1 0.0644291 -0.25784 0.05 36569.7
0 878 2 phononTF 0.00121903 0.615765 3.14293 -0.0132967 32.4141 0.00034743 1 0.0836577 -0.134035 0.05 3175.94
0 925 3 phononTS 0.00125549 -1.55022 2.79241 0.0298237 22856.8 0.00034743 1 0.0139761 -0.204056 0.05 32850.6
0 932 4 phononTF 0.000867882 -4.24862 4.95966 0.0204269 14690.5 0.00034743 1 0.0284549 -0.188454 0.05 42584.4
0 934 3 phononL 0.00264305 0.108271 2.79452 -0.0311982 1690.71 0.00034743 1 0.073973 -0.196239 0.05 16723.8
0 934 5 phononTS 0.000859846 0.073973 -0.196239 0.049999 16723.8 0.00034743 1 0.0537991 -0.174956 0.05 16783.5
0 935 2 phononTS 0.000902784 -0.542811 3.98789 0.00944154 2510.87 0.00034743 1 0.0296787 -0.151257 0.05 28811.4
0 942 2 phononTF 0.00196794 0.129825 3.27282 0.0329028 1207.38 0.00069486 1 -0.0755174 -0.171016 0.05 62886.1
0 972 3 phononTS 0.00176679 0.709824 3.34055 0.0485502 65.9107 0.00034743 1 -0.0402246 -0.172266 0.05 41732.3
0 972 5 phononTS 0.00075566 -0.0402246 -0.172266 0.049999 41732.3 0.00034743 1 -0.0330991 -0.182051 0.05 41789.2
0 983 2 phononTS 0.0012736 0.143135 3.92503 -0.00724228 1101.04 0.00034743 1 -0.0167316 -0.186946 0.05 39480.5
0 993 3 phononTS 0.00283468 1.89139 1.94866 0.00931466 2338.35 0.00034743 1 0.0684717 -0.158303 0.05 13588.6
0 993 4 phononTS 0.00115388 0.0684717 -0.158303 0.049999 13588.6 0.00034743 1 -0.0263639 -0.276422 0.05 14547.7
0 1037 2 phononTS 0.00268283 0.372833 4.86839 -0.0123033 4276.13 0.00069486 1 -0.0511883 -0.285278 0.05 13957.7
0 1037 6 phononTF 0.000389464 -0.0511883 -0.285278 0.049999 13957.7 0.00034743 1 0.0387804 -0.240227 0.05 14185.7
0 1073 2 phononTS 0.00138413 1.2009 3.23587 -0.0213908 2004.15 0.00034743 1 0.079886 -0.197163 0.05 8709.34
0 1075 2 phononTF 0.00152372 1.85668 0.739295 -0.0167604 10307.5 0.00069486 1 -0.036698 -0.184433 0.05 57329.5
0 1099 2 phononTS 0.00292448 0.494444 2.20996 -0.0323904 2147.86 0.00069486 1 -0.106235 -0.153735 0.05 31075
0 1136 3 phononTS 0.0019209 0.285743 3.50366 0.0437794 6787.22 0.00034743 1 0.0524059 -0.203313 0.05 13768.5
0 1146 2 phononTF 0.00169479 0.576592 2.69926 0.0328714 1203.55 0.00034743 1 0.0714275 -0.278619 0.05 45955.6
0 1163 3 phononTF 0.00197727 -0.255451 4.56784 -0.0364495 4812.04 0.00069486 1 -0.0186275 -0.20833 0.05 16432.4
0 1189 4 phononTF 0.00112041 2.2392 4.07736 0.0135515 4149.49 0.00034743 1 -0.0875141 -0.151553 0.05 136661
0 1189 2 phononTS 0.00145789 0.614643 3.79949 0.0272892 2710.95 0.00069486 1 -0.0156926 -0.215751 0.05 26674.5
0 1219 3 phononTF 0.00209323 1.15171 3.16382 0.0370666 418.538 0.00034743 1 -0.104882 -0.239796 0.05 21714.8
0 1231 5 phononTS 0.000437678 -0.850635 0.0780598 0.049999 10833.5 0.00034743 1 -0.0151216 -0.168469 0.05 69460.2
0 1247 3 phononTS 0.0013628 0.124665 3.34556 0.0293116 2191.08 0.00034743 1 0.043148 -0.126334 0.05 5179.88
0 1261 7 phononTS 0.00107465 0.0729547 -0.087651 0.0216163 34514.3 0.00069486 1 0.0813647 -0.208268 0.05 34594.3
0 1279 3 phononL 0.00247759 -0.2873 4.29467 0.0123676 7966.54 0.00034743 1 0.0528944 -0.275679 0.05 34541.6
0 1486 5 phononTS 0.00197414 2.852 -1.49553 0.000639653 20614.2 0.00034743 1 0.0811057 -0.275265 0.05 74810.1
0 1503 3 phononTS 0.00126811 0.381721 2.06045 -0.0040427 6655.67 0.00034743 1 -0.0159486 -0.196566 0.05 130853
0 1544 4 phononTF 0.000801142 1.0399 3.59392 0.00795124 26386 0.00034743 1 0.0711724 -0.276109 0.05 99842.1
0 1556 3 phononTF 0.00269411 1.34747 3.74245 0.0407808 1209.49 0.00069486 1 0.0828628 -0.249396 0.05 13353.1
0 1556 13 phononTF 0.00116531 0.0828628 -0.249396 0.049999 13353.1 0.00034743 1 -0.0903338 -0.193663 0.05 13437.6
0 1567 3 phononTS 0.0021089 1.43103 3.71801 -0.033457 4307.31 0.00034743 1 0.0705706 -0.163059 0.05 7304.26
0 1567 4 phononTF 0.000546171 0.0705706 -0.163059 0.049999 7304.26 0.00034743 1 0.0657373 -0.196413 0.05 45301.8
0 1573 2 phononTF 0.00209509 0.3235 2.48429 0.0388672 1290.23 0.00069486 1 -0.084849 -0.151816 0.05 29382
0 1573 11 phononTS 0.000588399 -0.084849 -0.151816 0.049999 29382 0.00034743 1 -0.0150709 -0.224773 0.05 29465.1
0 1631 2 phononL 0.00173781 0.716254 3.26744 0.00122347 7.39532 0.00069486 1 0.103285 -0.254752 0.05 6173.54
0 1682 5 phononTS 0.000971063 2.12893 -4.18907 0.00113346 11846.9 0.00034743 1 0.031308 -0.100371 0.05 30035.6
0 1713 3 phononTS 0.00184828 0.584593 3.38822 0.0169958 82.3046 0.00069486 1 0.116248 -0.21164 0.05 16599.8
0 1733 2 phononTS 0.00232113 1.34775 4.05919 0.00857659 9714.46 0.00034743 1 -0.0601262 -0.275461 0.05 19094
0 1764 2 phononTS 0.0015012 0.673962 3.35039 -0.0224624 8249.52 0.00069486 1 -0.113502 -0.221154 0.05 15741.5
0 1777 2 phononTF 0.00200598 0.526305 2.74163 -0.0312016 5251.82 0.00034743 1 -0.0439341 -0.0980519 0.05 7869.78
0 1779 2 phononTF 0.00111813 -0.148312 2.48367 -0.0157709 4785.74 0.00034743 1 0.0473837 -0.118138 0.05 7537.88
0 1784 3 phononTF 0.00110327 0.682515 3.28639 0.0279322 20.1859 0.00034743 1 -0.0392429 -0.123373 0.05 67661.1
0 1796 3 phononTS 0.00215072 -0.133794 4.95463 -0.0179813 2821.96 0.00034743 1 0.0791759 -0.201938 0.05 22464.6
0 1796 6 phononTF 0.000374518 0.0791759 -0.201938 0.049999 22464.6 0.00034743 1 0.0641362 -0.137622 0.05 22556.1
0 1802 3 phononTF 0.00363192 0.474452 1.74217 -0.0378976 6719.72 0.00034743 1 -0.0561301 -0.241447 0.05 26430.5
0 1802 5 phononTS 0.00202266 -0.0561301 -0.241447 0.049999 26430.5 0.00069486 1 -0.0325474 -0.250491 0.05 26494.6
0 1810 2 phononL 0.00185648 0.416839 3.05228 0.0132932 331.767 0.00034743 1 -0.107542 -0.214786 0.05 44986.9
0 1828 4 phononTF 0.00102835 4.81026 -3.37001 0.0184491 53277.3 0.00034743 1 0.0171802 -0.228077 0.05 74784.1
0 1893 3 phononTS 0.00286412 0.752665 3.22659 0.00197483 4.83374 0.00034743 1 0.0854261 -0.202818 0.05 16440.3
0 1893 5 phononTS 0.00113488 0.0854261 -0.202818 0.049999 16440.3 0.00034743 1 -0.0185484 -0.235102 0.05 28389.2
0 1893 4 phononTS 0.0012416 0.0854261 -0.202818 0.049999 16440.3 0.00034743 1 0.0379954 -0.253013 0.05 16508.5
0 1893 16 phononTF 0.000864706 0.0379954 -0.253013 0.049999 16508.5 0.00034743 1 0.0305178 -0.181823 0.05 16609
0 1913 2 phononTF 0.00185259 3.61924 2.67113 0.0106498 15730.7 0.00138972 1 -0.0883 -0.172842 0.05 101994
0 1959 2 phononTS 0.00155922 1.31206 3.1561 0.0240632 10388.2 0.00034743 1 -0.0420982 -0.25722 0.05 61447.6
0 1971 3 phononTF 0.00217085 1.22382 4.87647 0.0434088 17075.9 0.00104229 1 0.0290629 -0.268153 0.05 24755.3
0 2000 2 phononTS 0.00147394 -0.71152 0.830377 0.0271384 6469.51 0.00069486 1 0.0600733 -0.153078 0.05 7009.62
0 2030 4 phononTF 0.000674258 1.89926 3.43368 -0.0270766 15526.1 0.00034743 1 0.102833 -0.211796 0.05 33254.1
0 2079 5 phononTS 0.00138236 -0.953481 0.248626 0.0356949 15807.2 0.00034743 1 -0.0269647 -0.251337 0.05 18069
0 2079 9 phononTS 0.000630048 -0.0269647 -0.251337 0.049999 18069 0.00034743 1 -0.0247955 -0.265757 0.05 18347.6
0 2098 5 phononL 0.00109421 -1.07733 -0.89793 -0.00758677 22174.8 0.00034743 1 0.0356662 -0.219177 0.05 47110.9
0 2098 4 phononTF 0.00109265 -1.07733 -0.89793 -0.00758677 22174.8 0.00069486 1 0.0186027 -0.150128 0.05 53866.4
0 2137 2 phononL 0.00246901 0.534859 2.46816 -0.0120351 2139.52 0.00069486 1 -0.0604455 -0.217503 0.05 10301.9
0 2142 2 phononL 0.00229503 0.856104 3.16205 0.0458166 674.078 0.00034743 1 -0.0876815 -0.165833 0.05 55514.5
0 2186 2 phononL 0.00153541 1.33133 1.10534 -0.0496045 5162.5 0.00034743 1 0.0991692 -0.221701 0.05 29196.5
0 2220 3 phononL 0.00191229 0.491377 3.4569 -0.0105534 1204.52 0.00034743 1 -0.0439845 -0.113692 0.05 85957.4
0 2274 3 phononL 0.00162152 0.229558 4.21655 0.0102325 2463.63 0.00034743 1 0.0755526 -0.151904 0.05 15406.4
0 2275 5 phononTF 0.000531155 -4.05537 0.708222 -0.0300686 48291.4 0.00034743 1 -0.118984 -0.202529 0.05 67007.2
0 2277 2 phononTS 0.00189678 0.585291 3.5637 -0.0213559 2570.79 0.00069486 1 0.0367949 -0.103279 0.05 26008.8
0 2287 4 phononTS 0.00115467 -4.71621 3.87299 -0.0455494 43648.1 0.00034743 1 -0.0918123 -0.180163 0.05 56765
0 2288 2 phononL 0.00115275 -0.872579 3.93344 0.0353372 7934.44 0.00034743 1 -0.022296 -0.16213 0.05 85771.2
0 2298 4 phononTF 0.000356284 3.86353 -2.96201 -0.0339333 23287.1 0.00034743 1 -0.104889 -0.163214 0.05 38703.8
0 2315 2 phononTF 0.00148904 1.2407 4.47564 0.0377642 3595.76 0.00034743 1 0.103247 -0.213898 0.05 61693.5
0 2328 5 phononTS 0.00126837 -1.79367 0.143809 0.0203746 13259.3 0.00034743 1 -0.0492453 -0.210471 0.05 25894.2
0 2328 6 phononTS 0.000382789 -0.0492453 -0.210471 0.049999 25894.2 0.00034743 1 -0.0962032 -0.24058 0.05 26000.3
0 2338 3 phononTF 0.00208156 0.72202 3.42611 0.00236321 689.436 0.00069486 1 -0.0271333 -0.187522 0.05 7447.55
0 2338 7 phononL 0.000402391 -0.0271333 -0.187522 0.049999 7447.55 0.00034743 1 0.0829187 -0.242542 0.05 8378.72
0 2351 4 phononTS 0.00121458 -1.03585 -0.124418 0.0289963 33511.3 0.00034743 1 0.0288533 -0.233415 0.05 174786
0 2365 5 phononTF 0.00103955 1.13479 3.29051 -0.0324601 3837.05 0.00034743 1 -0.0915149 -0.144314 0.05 29630.2
0 2370 2 phononL 0.00249554 -0.220773 2.31309 0.0327172 2008.03 0.00069486 1 0.0858622 -0.165589 0.05 7079.96
0 2370 6 phononL 0.00123537 0.0858622 -0.165589 0.049999 7079.96 0.00034743 1 0.0360171 -0.142364 0.05 38539.9
0 2375 3 phononTS 0.00213983 1.06014 3.41155 -0.00466317 449.769 0.00104229 1 0.0895582 -0.224892 0.05 13268
0 2415 3 phononL 0.00163757 0.0255109 3.33743 0.00543622 4538.61 0.00034743 1 -0.0736686 -0.248117 0.05 34923.3
0 2531 2 phononTF 0.000509982 2.51758 2.59315 0.0164754 4380.18 0.00034743 1 -0.0220276 -0.151393 0.05 14293.1
0 2551 2 phononTS 0.00173767 1.05309 2.96711 0.0444942 1218.27 0.00034743 1 0.0404075 -0.171386 0.05 18267.1
0 2551 7 phononTS 0.00137201 0.0404075 -0.171386 0.049999 18267.1 0.00034743 1 -0.114252 -0.189116 0.05 18428.2
0 2551 9 phononL 0.00084323 -0.114252 -0.189116 0.049998 18428.2 0.00034743 1 -0.0302615 -0.224159 0.05 18488.8
0 2561 4 phononL 0.000930655 0.362353 2.38809 -0.021689 4234.43 0.00034743 1 0.0472992 -0.154288 0.05 8135.28
0 2571 3 phononTF 0.00273054 0.242492 2.84348 -0.0458011 632.896 0.00034743 1 -0.0769236 -0.164611 0.05 7757.23
0 2598 3 phononTS 0.00152979 0.649784 3.85401 -0.0139092 2053.74 0.00069486 1 0.0173842 -0.224594 0.05 17872.6
0 2627 5 phononTS 0.00128681 0.00560832 3.76635 0.0453869 6447.5 0.00034743 1 -0.0596676 -0.172525 0.05 56072.4
0 2630 2 phononTF 0.000618181 -1.80504 4.37103 -0.0339373 4922.07 0.00034743 1 -0.0440069 -0.197506 0.05 78487.2
0 2652 3 phononTF 0.00219047 1.57204 3.08289 -0.00554413 2690.29 0.00069486 1 0.0786536 -0.244348 0.05 28510.6
0 2661 2 phononTS 0.00126495 -0.179161 3.35285 -0.0206886 3510.13 0.00034743 1 0.0314621 -0.167761 0.05 11289.2
0 2661 6 phononTF 0.000807013 0.0314621 -0.167761 0.049999 11289.2 0.00034743 1 -0.0430888 -0.173837 0.05 11379.1
0 2702 2 phononTF 0.00195613 1.07134 3.5498 -0.0481217 2631.82 0.00069486 1 0.104858 -0.221984 0.05 33961.6
0 2713 5 phononL 0.0011828 1.6742 2.73914 -0.0217433 32028.2 0.00069486 1 0.0808262 -0.208241 0.05 39071.3
0 2716 3 phononTS 0.00229502 1.34592 4.33005 -0.0417079 2471.61 0.00069486 1 -0.0979782 -0.158065 0.05 31471.7
0 2765 2 phononL 0.00222639 1.56558 3.69932 0.0137337 6820.88 0.00034743 1 -0.0640388 -0.1158 0.05 47152.8
0 2797 2 phononTF 0.00185636 0.597573 3.00216 -0.0427687 10454.2 0.00069486 1 -0.1006 -0.182097 0.05 30460.9
0 2797 10 phononTF 0.000444244 -0.1006 -0.182097 0.049999 30460.9 0.00034743 1 -0.072902 -0.193921 0.05 30524.5
0 2838 4 phononTF 0.000644102 -1.39588 -0.358671 -0.0213868 47868.4 0.00034743 1 -0.0225124 -0.133355 0.05 50725.9
0 2872 2 phononTS 0.00202458 -0.214782 2.01587 -0.0128306 12367.2 0.00034743 1 -0.0604651 -0.198448 0.05 80932.3
0 2875 3 phononL 0.00217934 0.875539 4.85933 0.0489028 3321.2 0.00069486 1 0.0454798 -0.291236 0.05 50807.8
0 2889 2 phononTS 0.00180997 0.723336 3.35024 -0.0216072 42.4511 0.00069486 1 0.0549904 -0.295819 0.05 42791.4
0 2918 3 phononL 0.00182346 0.828261 4.81877 -0.0266397 13495.8 0.00034743 1 0.0930061 -0.153673 0.05 28631.5
0 2918 6 phononTF 0.00044262 0.0930061 -0.153673 0.049999 28631.5 0.00034743 1 -0.0998509 -0.21027 0.05 28895.7
0 2931 2 phononTS 0.00142865 0.685688 4.07661 -0.0216135 3476.99 0.00034743 1 0.086796 -0.16743 0.05 27400.4
0 2940 3 phononTS 0.00205491 0.928322 4.63141 -0.0120349 10740 0.00069486 1 -0.0225455 -0.145872 0.05 53126.2
0 2940 4 phononTF 0.000374842 -0.0225455 -0.145872 0.049999 53126.2 0.00034743 1 0.0470828 -0.145309 0.05 53186
0 2954 2 phononTS 0.00223227 0.574168 3.05017 -0.024944 705.615 0.00034743 1 0.0300704 -0.261741 0.05 38951
0 2969 3 phononTS 0.00160876 1.09069 2.63689 0.0272785 3124.3 0.00069486 1 -0.0362579 -0.130378 0.05 19832
0 3031 2 phononTS 0.00187831 0.873213 3.1023 -0.0278323 4777.79 0.00034743 1 -0.050683 -0.145892 0.05 29690
0 3076 4 phononTS 0.00155345 0.828956 3.49421 0.0258028 31458.8 0.00034743 1 -0.0750608 -0.133828 0.05 44214.1
0 3076 6 phononTF 0.000448731 -0.0750608 -0.133828 0.049999 44214.1 0.00034743 1 0.0244066 -0.282207 0.05 44427.1
0 3102 2 phononTF 0.00141417 2.66214 2.32587 0.0149811 5019.71 0.00034743 1 0.0604533 -0.237941 0.05 47964.8
0 3110 3 phononTS 0.00182751 0.645331 2.66945 -0.00830735 1694.78 0.00069486 1 0.0476462 -0.299189 0.05 25557.2
0 3122 3 phononTF 0.00141245 1.63382 2.49119 0.00427429 5203.33 0.00034743 1 -0.0310728 -0.167773 0.05 75276.5
0 3122 4 phononTS 0.000810178 -0.0310728 -0.167773 0.049999 75276.5 0.00034743 1 -0.0513751 -0.115867 0.05 75467
0 3145 3 phononTS 0.00187471 0.405054 1.51707 0.0328303 5308.69 0.00034743 1 -0.105668 -0.192707 0.05 24634.9
0 3165 2 phononL 0.00160236 0.332827 3.14926 -0.0337215 614.532 0.00034743 1 -0.0497813 -0.121031 0.05 39651.7
0 3165 7 phononTS 0.000824421 -0.0497813 -0.121031 0.049999 39651.7 0.00034743 1 -0.0255433 -0.149647 0.05 39714.6
0 3170 4 phononTS 0.00129859 1.51471 3.94684 -0.0384964 10626.5 0.00034743 1 0.103322 -0.17275 0.05 17703.5
0 3200 4 phononTS 0.000383884 -1.02601 4.14193 -0.0486587 6300.61 0.00034743 1 0.09346 -0.147215 0.05 99492.1
0 3217 3 phononTS 0.00262337 0.595129 2.71171 0.046951 902.659 0.00069486 1 0.0989106 -0.202899 0.05 13934.9
0 3224 6 phononTF 0.00168387 -2.18435 -2.28619 -0.0311321 37599.1 0.00069486 1 0.0662612 -0.181725 0.05 40322.2
0 3224 8 phononL 0.00045925 0.0662612 -0.181725 0.049999 40322.2 0.00034743 1 0.045451 -0.272752 0.05 40371.9
0 3253 2 phononTF 0.0017248 0.697462 -0.92607 -0.0411319 12756.5 0.00034743 1 -0.0147711 -0.177487 0.05 22675.4
0 3253 4 phononTF 0.00118946 -0.0147711 -0.177487 0.049999 22675.4 0.00034743 1 -0.0393706 -0.176882 0.05 78236.5
0 3260 5 phononTS 0.00206304 -2.18925 0.268943 0.032338 6844.13 0.00069486 1 0.0618423 -0.24007 0.05 14220.2
0 3260 10 phononTF 0.000465987 0.0618423 -0.24007 0.049999 14220.2 0.00034743 1 0.0974992 -0.134346 0.05 14372.5
0 3292 5 phononTF 0.00161517 3.51027 2.19924 0.0271937 25100.2 0.00069486 1 -0.0562771 -0.269719 0.05 30511.6
0 3310 3 phononTS 0.00209405 0.789191 4.2025 -0.0480157 13054.5 0.00034743 1 -0.0527452 -0.239835 0.05 20236.9
0 3311 2 phononTS 0.001989 0.262371 3.16704 0.0158755 519.13 0.00034743 1 -0.0491775 -0.203828 0.05 12307.2
0 3371 3 phononTS 0.0028499 1.24864 3.28902 0.00228803 2373.82 0.00034743 1 -0.079398 -0.257303 0.05 27198.1
0 3371 7 phononL 0.000461755 -0.079398 -0.257303 0.049999 27198.1 0.00034743 1 0.0355679 -0.226715 0.05 27268.9
0 3380 2 phononTS 0.00153407 0.861706 4.31583 0.010077 3976.75 0.00034743 1 0.0149723 -0.178191 0.05 16222
0 3410 9 phononTF 0.000652627 -4.06954 -0.576591 -0.0411794 78054.6 0.00034743 1 -0.0652682 -0.285855 0.05 81246.7
0 3410 8 phononTF 0.00128739 -4.06954 -0.576591 -0.0411794 78054.6 0.00034743 1 -0.0268859 -0.28435 0.05 92080.9
0 3422 3 phononL 0.00218309 0.0684479 3.5957 0.00473504 9589.61 0.00069486 1 -0.0689926 -0.237093 0.05 15217.9
0 3426 5 phononTF 0.0015624 4.8655 -1.17999 0.0222229 94713.3 0.00034743 1 0.0320641 -0.107726 0.05 112640
0 3432 2 phononTF 0.0021879 0.909168 3.4512 -0.0426826 462.401 0.00069486 1 -0.0352178 -0.276778 0.05 14774.5
0 3432 7 phononL 0.000380032 -0.0352178 -0.276778 0.049999 14774.5 0.00034743 1 0.0731262 -0.166621 0.05 14830.7
0 3456 2 phononL 0.000905882 0.449624 3.39737 0.0436302 3783.92 0.00034743 1 0.0703005 -0.225555 0.05 59117.4
0 3520 2 phononTF 0.0022805 0.541576 3.01257 0.00270542 6864.05 0.00069486 1 0.0601062 -0.253918 0.05 15924.1
0 3520 8 phononTF 0.00065872 0.0601062 -0.253918 0.049999 15924.1 0.00034743 1 -0.0214243 -0.191723 0.05 16053.9
0 3542 3 phononTS 0.0019815 0.800271 3.38257 0.0401479 379.421 0.00034743 1 0.0665372 -0.183821 0.05 24536.7
0 3542 6 phononTS 0.00127559 0.0665372 -0.183821 0.049998 24536.7 0.00034743 1 0.0413783 -0.304271 0.05 25028.6
0 3570 4 phononL 0.00109016 0.881907 -0.33811 0.0052984 19799.9 0.00034743 1 0.0582868 -0.172924 0.05 21743.3
0 3570 6 phononTF 0.000444973 0.0582868 -0.172924 0.049999 21743.3 0.00034743 1 -0.116629 -0.224877 0.05 22156.2
0 3573 4 phononTF 0.00113123 -0.736953 0.0621367 0.0193488 25302.5 0.00034743 1 0.0600577 -0.282133 0.05 25956.9
0 3627 2 phononL 0.00127456 0.729731 2.66405 -0.0146998 3389.85 0.00034743 1 0.0397344 -0.156574 0.05 13741.6
0 3627 6 phononTF 0.000717568 0.0397344 -0.156574 0.049999 13741.6 0.00034743 1 0.033924 -0.252895 0.05 13890.7
0 3667 3 phononTF 0.00207009 0.345009 4.02586 0.0432575 14307.4 0.00034743 1 0.0779727 -0.212423 0.05 47578.8
0 3667 6 phononTS 0.000571635 0.0779727 -0.212423 0.049999 47578.8 0.00034743 1 0.092994 -0.197405 0.05 47634.6
0 3682 4 phononTF 0.00131628 -1.04018 3.26379 -0.01176 6043.25 0.00034743 1 0.0716891 -0.155806 0.05 49734.8
0 3685 3 phononTS 0.00220716 -1.33948 1.69633 0.0259868 13673.3 0.00034743 1 -0.11214 -0.169694 0.05 63053.1
0 3692 2 phononTF 0.00123271 0.82069 3.95306 0.0299335 2742.36 0.00034743 1 0.104264 -0.255841 0.05 31708.4
0 3727 3 phononL 0.00215703 1.47396 4.38987 -0.0283858 6417.53 0.00069486 1 -0.0557446 -0.286522 0.05 13022.6
0 3769 2 phononTF 0.00234718 -0.482863 4.53436 0.0123779 33115 0.00034743 1 0.0257293 -0.253993 0.05 47230.2
0 3772 5 phononTS 0.00152634 -3.17751 2.41954 0.00287495 5727.84 0.00069486 1 -0.11 -0.18934 0.05 21472.6
0 3804 4 phononL 0.000766119 1.73546 -3.72366 -0.0328423 55259.5 0.00034743 1 -0.0421891 -0.243271 0.05 99945.1
0 3863 2 phononTF 0.00167703 0.72143 3.22662 -0.0129588 7.24951 0.00069486 1 -0.0319006 -0.1814 0.05 3327.94
0 3908 3 phononTS 0.0022165 -0.313149 1.26257 0.00542381 11354.7 0.00034743 1 0.0739018 -0.182667 0.05 59449.4
0 3908 4 phononTS 0.00139089 0.0739018 -0.182667 0.049999 59449.4 0.00034743 1 0.0366372 -0.0992258 0.05 60070.1
0 3934 2 phononTS 0.00223156 -1.38168 4.32582 -0.00267071 3370.67 0.00069486 1 -0.0726211 -0.254274 0.05 52996.8
0 3944 3 phononTF 0.00267227 0.886392 3.22661 -0.0421666 833.345 0.00138972 1 -0.0358282 -0.244458 0.05 6742.09
0 3953 5 phononL 0.00144218 -4.96905 4.10019 -0.043794 50244.3 0.00034743 1 -0.0353005 -0.183893 0.05 118268
0 3953 7 phononTS 0.000636249 -0.0353005 -0.183893 0.049999 118268 0.00034743 1 -0.0186662 -0.188106 0.05 118324
0 3971 2 phononTS 0.0020552 0.695513 3.29324 0.0364863 65.1969 0.00104229 1 -0.0350184 -0.233702 0.05 29478.6
0 3981 2 phononTS 0.0016524 -0.94922 3.83818 0.0120855 5854.72 0.00034743 1 0.0847988 -0.190783 0.05 21379.9
0 3984 4 phononTF 0.000498173 0.198894 3.37236 0.0252874 20659.9 0.00034743 1 0.0339174 -0.124851 0.05 89335.5
0 3986 2 phononTS 0.00239742 1.69118 3.6578 -0.0201748 4453.49 0.00034743 1 -0.0954916 -0.192498 0.05 60278
0 4011 5 phononTS 0.00166393 -2.36742 -2.4824 -0.0378493 16178.7 0.00069486 1 0.0499715 -0.228904 0.05 35612.8
0 4028 3 phononL 0.0028344 1.05637 2.98962 0.0253761 433.593 0.00069486 1 -0.0900301 -0.128665 0.05 17834
0 4044 3 phononTS 0.00161736 0.864061 3.70248 -0.00245401 5043.96 0.00069486 1 -0.0393359 -0.165454 0.05 7737.17
0 4068 2 phononL 0.00182377 0.775069 3.84686 0.0366811 1190.54 0.00034743 1 0.0777034 -0.241216 0.05 36684
0 4119 3 phononTS 0.00145436 1.91641 3.48804 0.0449991 5515.81 0.00069486 1 0.0291991 -0.199404 0.05 59342.4
0 4174 5 phononTS 0.00184248 -1.09547 1.92415 0.0214199 17952.6 0.00034743 1 0.0221342 -0.217839 0.05 74144.3
0 4191 2 phononTS 0.00237271 0.773075 0.601073 0.00521512 5542.82 0.00069486 1 -0.0419585 -0.155539 0.05 20674.6
0 4191 6 phononTS 0.000554722 -0.0419585 -0.155539 0.049999 20674.6 0.00034743 1 -0.0318727 -0.291948 0.05 82284.4
0 4194 2 phononTS 0.00122572 1.0261 3.34392 0.0312308 1807.18 0.00069486 1 0.0417471 -0.131861 0.05 53307.1
0 4200 2 phononTS 0.00169089 0.845824 1.43399 0.0380762 5143.88 0.00034743 1 -0.0938835 -0.142978 0.05 26055.8
0 4217 5 phononTF 0.000675924 -3.39969 1.28644 -0.0482585 55568.9 0.00034743 1 0.0274617 -0.255724 0.05 160942
0 4217 2 phononTS 0.00212602 2.16886 3.75684 0.0467657 5012.53 0.00034743 1 0.0445719 -0.289989 0.05 25127.9
0 4285 2 phononTS 0.0018147 1.30923 3.35947 0.0134683 6944.46 0.00069486 1 -0.016377 -0.178896 0.05 14724.8
0 4319 4 phononL 0.00142078 -0.0687705 0.840324 0.0167473 19819.4 0.00069486 1 -0.0863747 -0.232652 0.05 22439.2
0 4346 3 phononTS 0.00268739 0.434225 3.64068 -0.0221924 1448.33 0.00034743 1 0.0172793 -0.167752 0.05 24286.3
0 4368 2 phononTS 0.00279753 1.80489 2.3605 0.0143124 8803.63 0.00069486 1 0.0389889 -0.290556 0.05 24859.7
0 4380 4 phononL 0.00154509 -1.85316 -1.10465 0.00152771 56718.6 0.00069486 1 -0.0232554 -0.253671 0.05 80894.7
0 4380 7 phononTF 0.000450193 -0.0232554 -0.253671 0.049999 80894.7 0.00034743 1 0.0506085 -0.295735 0.05 81548.5
0 4407 4 phononTF 0.000758139 -0.102808 0.554859 0.0392857 24649.6 0.00034743 1 -0.0428391 -0.144894 0.05 40488.6
0 4417 3 phononTF 0.00274893 0.352299 3.37566 -0.0492991 866.671 0.00104229 1 -0.0285448 -0.119331 0.05 23718.6
0 4425 2 phononTS 0.00259893 1.38373 4.83146 -0.00470052 11187.5 0.00104229 1 -0.0236452 -0.148223 0.05 44983.4
0 4446 5 phononTS 0.00101919 0.735218 4.33217 -0.0108896 53421.8 0.00034743 1 -0.0535978 -0.15482 0.05 125283
0 4460 2 phononTF 0.00207115 0.501273 2.84935 0.0477587 6489.35 0.00069486 1 -0.0381962 -0.106565 0.05 14126.1
0 4462 3 phononTF 0.00243569 0.459519 2.14637 -0.0236694 8076.29 0.00104229 1 -0.0791339 -0.138498 0.05 28434.7
0 4462 11 phononTF 0.000370637 -0.0791339 -0.138498 0.049999 28434.7 0.00034743 1 0.0892145 -0.142724 0.05 28529.4
0 4489 2 phononTF 0.00273861 1.9958 2.16703 0.0326818 18395.8 0.00034743 1 -0.0325934 -0.115755 0.05 31238.2
0 4489 6 phononL 0.000498016 -0.0325934 -0.115755 0.049999 31238.2 0.00034743 1 -0.0387588 -0.187189 0.05 33084
0 4498 3 phononTS 0.00179954 -0.482709 3.34194 -0.0333326 5752.45 0.00104229 1 -0.0798608 -0.151581 0.05 13077.6
0 4539 5 phononTF 0.000799131 -3.33256 2.60435 -0.0367589 32316.2 0.00034743 1 -0.0305391 -0.296572 0.05 78096.9
0 4556 4 phononTF 0.00130773 -0.300526 4.2359 0.0463168 10050.9 0.00034743 1 -0.066223 -0.128721 0.05 39460.2
0 4633 3 phononTS 0.00156149 1.57972 3.20612 0.0413724 1238.63 0.00034743 1 0.0582818 -0.138012 0.05 11282.7
0 4633 4 phononTS 0.000414005 0.0582818 -0.138012 0.049999 11282.7 0.00034743 1 0.0803044 -0.243979 0.05 11838.3
0 4641 4 phononTF 0.000857374 0.140348 3.74149 -0.0372001 43817.5 0.00034743 1 -0.0191173 -0.18924 0.05 47416.7
0 4664 3 phononTS 0.00268673 -0.00595079 4.04045 -0.0105556 10737.6 0.00069486 1 -0.0476163 -0.128473 0.05 37581.9
0 4725 2 phononTF 0.00188915 0.653169 3.68439 0.0124436 1569.13 0.00034743 1 -0.0446018 -0.255938 0.05 53973.7
0 4726 3 phononTF 0.00201838 0.630239 3.19674 0.00281444 1428.53 0.00104229 1 -0.0487353 -0.131002 0.05 35060.7
0 4743 2 phononTS 0.00255917 2.40537 2.24839 -0.0235179 5096.11 0.00069486 1 -0.0585001 -0.169839 0.05 52592.4
0 4746 5 phononL 0.00159074 2.62559 3.50377 -0.00220563 3397.89 0.00069486 1 0.0302912 -0.249565 0.05 84939.6
0 4746 11 phononTS 0.000575788 0.0302912 -0.249565 0.049999 84939.6 0.00034743 1 0.0850208 -0.22014 0.05 85024.9
0 4747 3 phononTS 0.00248731 -1.08219 1.93912 -0.0047216 10676.4 0.00069486 1 0.0421047 -0.124695 0.05 16150.1
0 4778 2 phononTF 0.00196752 1.06717 2.88364 -0.0234981 1951.97 0.00104229 1 0.0502869 -0.16803 0.05 57810.2
0 4828 3 phononTS 0.00119767 -1.04707 4.91417 -0.00364937 4060.08 0.00069486 1 -0.0828728 -0.165779 0.05 64824.5
0 4828 15 phononTS 0.001538 0.916802 -4.53512 0.000170867 44720.4 0.00034743 1 -0.0243066 -0.158233 0.05 53509.1
0 4885 2 phononTS 0.001502 0.979127 4.46189 -0.0490134 2449.25 0.00034743 1 0.040518 -0.234724 0.05 31117
0 4893 2 phononTS 0.00157003 0.692559 2.53783 0.00286824 499.648 0.00069486 1 0.0477369 -0.127786 0.05 51320.7
0 4896 3 phononTS 0.00173757 1.8549 1.48775 0.0311016 15009.7 0.00034743 1 -0.035448 -0.206944 0.05 18325.7
0 4918 2 phononTS 0.00223814 1.4281 2.73813 0.0166068 6031.75 0.00104229 1 0.0408547 -0.26024 0.05 13961.5
0 4922 2 phononTF 0.0023412 0.789918 2.8826 0.0418743 391.485 0.00034743 1 0.0287851 -0.196256 0.05 16533.2
0 4958 2 phononTS 0.000903431 4.81768 1.24966 -0.0365912 13439 0.00034743 1 0.0245801 -0.257975 0.05 21478.6
