Run ID,Event ID,Track ID,Particle Name,Start Energy [eV],Start X [mm],Start Y [mm],Start Z [mm],Start Time [ns],Energy Deposited [eV],Track Weight,End X [mm],End Y [mm],End Z [mm],Final Time [ns],Volume Name
0 6 2 phononTS 0.00195334 -2.43805 1.26742 0.0353686 5600.89 0.00034743 1 -0.112674 -0.218186 0.05 28909.8
0 6 6 phononTF 0.00095396 -0.112674 -0.218186 0.049999 28909.8 0.00069486 1 -0.0232387 -0.206867 0.05 28976.6
0 9 3 phononTF 0.00187962 -1.75173 1.5466 -0.0120264 1444.94 0.00034743 1 -0.0698832 -0.218381 0.05 16585.7
0 34 3 phononTS 0.00140669 -3.35335 -0.688985 0.0101816 7808.94 0.00034743 1 -0.0974433 -0.177519 0.05 108266
0 42 2 phononTF 0.00140106 -2.13103 0.713871 -0.00643062 24.9982 0.00034743 1 0.105903 -0.239099 0.05 1353.48
0 47 3 phononL 0.00259105 -0.875153 1.08226 -0.0454212 4881.96 0.00069486 1 0.0814658 -0.145998 0.05 31816.3
0 109 1 phononTS 0.004 -2.25 0.75 0 0 0.00034743 1 -0.0361526 -0.124759 0.05 5025.92
0 109 3 phononTS 0.000448981 -0.0361526 -0.124759 0.049999 5025.92 0.00034743 1 0.0671482 -0.168589 0.05 5766.41
0 109 2 phononTF 0.00215423 -0.0361526 -0.124759 0.049999 5025.92 0.00069486 1 0.0461226 -0.134181 0.05 5538.64
0 177 3 phononTS 0.00227936 -3.75429 0.878657 -0.0342115 1378.27 0.00034743 1 0.0559715 -0.117183 0.05 30524.7
0 199 3 phononTS 0.00251314 0.906714 0.103151 -0.00434168 3960.46 0.00104229 1 0.0670761 -0.116804 0.05 5668.59
0 210 3 phononTS 0.00238675 -2.65016 0.925234 0.0137618 1437.31 0.00034743 1 0.0137888 -0.216609 0.05 62806.8
0 214 2 phononL 0.00223617 -1.30632 0.42679 0.0432464 1267.03 0.00034743 1 0.1199 -0.191608 0.05 4310.31
0 217 4 phononTS 0.000707208 -2.40048 0.0992527 0.049999 1431.99 0.00034743 1 -0.0596436 -0.163354 0.05 15356.8
0 233 2 phononTS 0.00143696 -1.50655 -0.278311 -0.042614 2365.37 0.00034743 1 -0.103807 -0.14695 0.05 14270.3
0 233 6 phononTF 0.000570558 -0.103807 -0.14695 0.049998 14270.3 0.00034743 1 0.0485888 -0.112792 0.05 85182.8
0 235 2 phononTF 0.0013719 -3.07524 0.957732 -0.0236695 1272.04 0.00034743 1 -0.0833958 -0.159034 0.05 18537.8
0 235 8 phononTF 0.000349579 -0.0833958 -0.159034 0.049999 18537.8 0.00034743 1 -0.0126779 -0.198691 0.05 18659.3
0 255 2 phononTS 0.00157187 -2.54548 1.94366 -0.0212067 6014.25 0.00034743 1 0.0327919 -0.208429 0.05 28700
0 277 2 phononTS 0.00142567 -1.63851 1.48763 -0.0284253 2361.95 0.00034743 1 0.0482615 -0.106904 0.05 89410.6
0 277 4 phononTS 0.000770527 0.0482615 -0.106904 0.049999 89410.6 0.00034743 1 0.113974 -0.231064 0.05 89551.9
0 390 5 phononTS 0.000804672 -3.41922 1.81962 0.0379154 6046.09 0.00069486 1 -0.108362 -0.165987 0.05 90674.9
0 431 4 phononTS 0.00069952 -1.27362 0.0930658 0.049999 4162.89 0.00034743 1 -0.110986 -0.220116 0.05 5779.49
0 442 3 phononTF 0.00237388 -3.91575 4.38802 0.00829128 8993.79 0.00104229 1 0.0660684 -0.194439 0.05 85282.6
0 492 3 phononTF 0.00241427 -2.00966 0.895912 0.0324234 297.723 0.00034743 1 0.0584677 -0.293533 0.05 9679.99
0 504 2 phononL 0.000646006 0.116706 0.0881462 0.049999 5519.75 0.00034743 1 -0.0229892 -0.245184 0.05 6260.95
0 509 2 phononTF 0.00212357 -0.742825 -0.180244 0.0491901 3409.07 0.00034743 1 0.0681068 -0.144807 0.05 9920.12
0 528 2 phononTF 0.00139131 -2.44847 0.451493 0.00390925 1487.35 0.00034743 1 -0.0483914 -0.168606 0.05 11603.9
0 587 3 phononL 0.00212204 -3.81726 0.908797 0.0408773 4066.33 0.00069486 1 0.0476365 -0.137733 0.05 14975
0 604 3 phononL 0.00144256 -3.29616 0.497555 -0.000450837 15154.4 0.00034743 1 -0.025731 -0.28244 0.05 64979.8
0 640 2 phononTS 0.00263152 -2.05626 0.600093 0.00233589 3707.5 0.00034743 1 -0.0217664 -0.15813 0.05 20600.9
0 645 3 phononTS 0.00155497 -2.80762 -0.397903 -0.0175476 3029.01 0.00069486 1 -0.0360096 -0.271479 0.05 166751
0 657 2 phononTS 0.00195333 -2.90973 1.13476 0.00833032 976.145 0.00034743 1 0.0206181 -0.224696 0.05 53214.2
0 687 3 phononTS 0.00183317 -1.53028 3.06003 -0.0197811 4620.16 0.00034743 1 -0.074388 -0.117492 0.05 12612.1
0 687 4 phononTF 0.00111549 -0.074388 -0.117492 0.049999 12612.1 0.00034743 1 -0.0471511 -0.291334 0.05 12751
0 691 2 phononTS 0.00147663 -2.13549 0.657743 0.0148053 74.3019 0.00034743 1 0.0837136 -0.246102 0.05 5671.66
0 695 3 phononTS 0.00192546 -1.21575 2.54959 0.0465545 3545.9 0.00034743 1 0.0831194 -0.149782 0.05 10875.4
0 695 6 phononTF 0.000529664 0.0831194 -0.149782 0.049998 10875.4 0.00034743 1 0.0760223 -0.25387 0.05 11029.6
0 696 3 phononTS 0.00197109 -2.4649 3.49363 -0.00708754 10314.7 0.00069486 1 0.0585664 -0.128087 0.05 16094.9
0 698 3 phononTF 0.00248794 -2.64806 1.0116 -0.00232615 3594.71 0.00034743 1 -0.0276617 -0.1381 0.05 12633.7
0 698 7 phononTS 0.000716349 -0.0276617 -0.1381 0.049999 12633.7 0.00034743 1 0.0957825 -0.1336 0.05 13106.4
0 703 6 phononTS 0.000439989 -2.21459 0.0371837 0.049999 406.281 0.00034743 1 -0.117285 -0.196872 0.05 3686.69
0 712 3 phononTS 0.000771887 -0.496693 0.079294 0.049999 7288.03 0.00069486 1 -0.0459344 -0.136811 0.05 9992.11
0 734 2 phononTS 0.00129932 -2.58633 1.02567 0.00242574 581.826 0.00034743 1 -0.0664545 -0.285589 0.05 135850
0 734 4 phononTS 0.00083879 -0.0664545 -0.285589 0.049999 135850 0.00034743 1 -0.0908115 -0.269808 0.05 137942
0 753 2 phononTS 0.00086063 -2.25881 0.616131 -0.041688 61.6484 0.00034743 1 -0.034637 -0.144999 0.05 5787.31
0 764 4 phononTS 0.00106998 0.394251 0.977806 0.0406457 2969.05 0.00034743 1 -0.107784 -0.161799 0.05 4955.72
0 766 4 phononL 0.00180921 -0.105175 0.551832 -0.0380102 34760.4 0.00069486 1 0.0635013 -0.251465 0.05 71567.7
0 769 4 phononTF 0.00165384 -4.10653 0.897788 -0.0333748 91031.7 0.00034743 1 0.0272698 -0.273878 0.05 213484
0 804 7 phononTF 0.00115551 -4.79143 0.695097 0.0209835 9708.41 0.00069486 1 0.0968956 -0.183127 0.05 41568.7
0 834 3 phononTS 0.000463485 -2.28273 0.0334601 0.049999 988.481 0.00034743 1 0.106859 -0.241831 0.05 1740.94
0 924 4 phononTF 0.00132263 -2.75973 0.323058 -0.0188617 1362.32 0.00034743 1 -0.0758585 -0.17066 0.05 55962.1
0 930 2 phononTF 0.00139743 -2.19908 1.40723 -0.000855326 7155.73 0.00034743 1 -0.0400211 -0.284396 0.05 19698.7
0 930 8 phononTF 0.000691058 -0.0400211 -0.284396 0.049999 19698.7 0.00034743 1 0.0384613 -0.256494 0.05 19764.2
0 962 5 phononTF 0.00244738 0.876663 1.86123 0.0140973 10012 0.00104229 1 0.0505668 -0.191257 0.05 40954.8
0 962 7 phononL 0.000400514 0.0505668 -0.191257 0.049999 40954.8 0.00034743 1 0.0427784 -0.251567 0.05 41374
0 962 6 phononL 0.000639259 0.0505668 -0.191257 0.049999 40954.8 0.00034743 1 -0.0611902 -0.118718 0.05 42232.5
0 1002 2 phononL 0.00181667 -1.09006 4.64532 -0.000974006 9468.09 0.00034743 1 0.0126039 -0.180986 0.05 32686.2
0 1006 3 phononTS 0.0013565 -2.82002 -0.00812157 -0.0169585 1931.82 0.00034743 1 0.0831181 -0.203021 0.05 20502.7
0 1006 4 phononTF 0.000352113 0.0831181 -0.203021 0.049998 20502.7 0.00034743 1 -0.0285237 -0.136991 0.05 20800.5
0 1009 3 phononL 0.00156731 -2.42782 0.849005 -0.0109496 1562.84 0.00034743 1 -0.0497726 -0.247013 0.05 87409.5
0 1009 4 phononTS 0.000620804 -0.0497726 -0.247013 0.049999 87409.5 0.00034743 1 -0.055638 -0.239692 0.05 87468.6
0 1010 3 phononTS 0.00230613 -1.65373 0.439886 0.0399049 1386.52 0.00069486 1 -0.055907 -0.133202 0.05 4460.22
0 1014 3 phononTF 0.00194235 -2.39346 0.557759 0.0212932 77.4546 0.00069486 1 -0.111594 -0.225241 0.05 45627
0 1031 2 phononTS 0.00216605 -3.36977 0.950844 0.0179397 4584.82 0.00034743 1 0.0957417 -0.220795 0.05 14064.5
0 1033 5 phononL 0.000547044 -2.25672 3.83407 0.0130382 7338.49 0.00034743 1 0.0729923 -0.155259 0.05 15757.3
0 1059 2 phononTS 0.00193013 -1.10569 2.13605 -0.00938074 14790.4 0.00104229 1 0.0784995 -0.261269 0.05 45587.7
0 1078 3 phononTS 0.000762754 0.128173 0.0617414 0.049999 19152.8 0.00034743 1 -0.0256742 -0.228186 0.05 19706.8
0 1092 2 phononTS 0.0021788 -2.52605 1.17966 -0.0499687 2267.85 0.00034743 1 0.0884862 -0.234236 0.05 37387.7
0 1092 4 phononTS 0.000723886 0.0884862 -0.234236 0.049998 37387.7 0.00034743 1 -0.0453045 -0.151601 0.05 37479.9
0 1133 5 phononTF 0.00182871 0.632639 4.84567 -0.0267739 11708.3 0.00104229 1 -0.0236634 -0.22587 0.05 43377.3
0 1139 5 phononTS 0.00098589 -2.28256 -1.73002 0.00665013 24481.2 0.00069486 1 0.0308032 -0.184213 0.05 26147.3
0 1184 4 phononTS 0.0013779 -2.8302 2.02509 0.0403232 18109.4 0.00034743 1 0.0336844 -0.142509 0.05 27190.1
0 1184 6 phononTS 0.000648687 0.0336844 -0.142509 0.049999 27190.1 0.00034743 1 -0.019328 -0.170874 0.05 29278.4
0 1197 3 phononL 0.0026707 -3.65525 1.57483 0.00600595 2692.22 0.00104229 1 0.0792762 -0.211098 0.05 13941.3
0 1202 2 phononTS 0.00180391 -1.00901 1.94291 -0.0186586 2860.08 0.00034743 1 -0.0757106 -0.201349 0.05 10429.1
0 1229 3 phononTF 0.00287634 -2.61756 0.960552 0.0187427 871.064 0.00034743 1 0.0793324 -0.126053 0.05 6380.69
0 1272 2 phononTS 0.000748555 -2.32619 0.10372 0.049999 2304.71 0.00034743 1 -0.10179 -0.241629 0.05 33914.9
0 1277 3 phononTS 0.000556389 -2.36848 0.0571302 0.049999 1388.51 0.00034743 1 -0.036215 -0.272247 0.05 193228
0 1297 4 phononL 0.000853565 -2.67516 0.0226527 0.049999 5730.13 0.00034743 1 -0.0333318 -0.259792 0.05 15642.3
0 1307 5 phononL 0.00255419 0.270718 -0.4831 -0.0103233 15083.9 0.00069486 1 -0.049429 -0.27756 0.05 15292.7
0 1369 3 phononTS 0.0030653 -4.83097 3.08896 -0.0336773 23126.3 0.00034743 1 0.0463219 -0.183161 0.05 57958.3
0 1397 4 phononTF 0.000774186 -1.11296 0.0137255 0.049999 3472.65 0.00034743 1 -0.0660325 -0.276357 0.05 4174.18
0 1413 3 phononTS 0.00173012 -2.04621 0.828188 -0.0208222 1399.73 0.00034743 1 -0.0696372 -0.116855 0.05 30635.6
0 1467 3 phononTF 0.00186721 -2.26681 0.840294 0.0313698 19.2436 0.00034743 1 -0.0327227 -0.271891 0.05 11114.4
0 1473 2 phononTF 0.00307303 -2.07201 1.01847 0.039636 1008.88 0.00104229 1 0.0707331 -0.130328 0.05 7571.21
0 1492 3 phononTS 0.00295422 -2.08976 0.761302 -0.0271373 296.012 0.00069486 1 0.0815485 -0.255509 0.05 7942.88
0 1514 3 phononTS 0.00135461 -2.99836 -0.115338 0.00547119 8035.66 0.00069486 1 -0.029703 -0.119389 0.05 45205.1
0 1547 2 phononTS 0.00142963 -2.43113 0.75123 0.0375645 47.1655 0.00034743 1 -0.0976597 -0.24935 0.05 40855.8
0 1569 3 phononTF 0.00246008 -1.32985 1.15067 -0.00811823 5226.88 0.00104229 1 0.0270954 -0.126456 0.05 17672.3
0 1573 2 phononTS 0.00244077 -3.58035 1.47953 0.0345325 4967.11 0.00034743 1 -0.0579722 -0.152812 0.05 48731.1
0 1602 5 phononTS 0.000455043 -0.52621 0.0853872 0.049999 2070.99 0.00034743 1 0.11029 -0.198049 0.05 3088.79
0 1605 2 phononTS 0.00214415 -1.80301 0.495507 -0.000930165 906.619 0.00034743 1 0.0220665 -0.220234 0.05 28070.1
0 1628 3 phononTS 0.00167944 -2.26748 0.715479 -0.0284435 8.87229 0.00069486 1 -0.039025 -0.197003 0.05 15655.4
0 1650 3 phononTS 0.000399754 -2.38496 0.0730751 0.049999 1949.89 0.00034743 1 0.104421 -0.253761 0.05 74204.9
0 1681 5 phononTS 0.00119803 3.73684 -3.0025 6.46922e-05 22538 0.00069486 1 0.0696391 -0.261518 0.05 93418.9
0 1708 5 phononTF 0.00134046 -3.83919 3.26829 -0.020673 9086.82 0.00034743 1 0.0492619 -0.163765 0.05 67677.6
0 1751 2 phononTS 0.00101383 -0.948829 0.42261 -0.0213091 8277.64 0.00034743 1 0.0219127 -0.239606 0.05 9413.39
0 1775 3 phononTF 0.000606662 -3.52308 0.102339 0.049999 2359.44 0.00034743 1 -0.0587883 -0.151226 0.05 76099.6
0 1779 2 phononTF 0.00197274 -2.42288 0.849613 0.0368374 1298.41 0.00069486 1 0.0962468 -0.138595 0.05 35015.8
0 1804 2 phononTS 0.00237027 -1.44634 2.18566 -0.0383527 2370.32 0.00034743 1 0.0648468 -0.121194 0.05 5948.7
0 1804 5 phononTS 0.000654034 0.0648468 -0.121194 0.049999 5948.7 0.00034743 1 -0.033334 -0.235873 0.05 6036.74
0 1811 3 phononTF 0.00179986 -2.1926 0.628137 0.0211245 41.7483 0.00034743 1 0.0806632 -0.164329 0.05 3770.21
0 1833 3 phononL 0.00145885 -4.93601 2.09221 0.0111022 14539.2 0.00104229 1 0.0401447 -0.191102 0.05 113604
0 1845 4 phononL 0.000863862 -2.7279 0.019419 0.049999 322.808 0.00069486 1 0.0371146 -0.247693 0.05 39310.2
0 1888 3 phononTS 0.00213665 -2.95515 0.661311 0.0208907 1494.89 0.00069486 1 0.0511978 -0.112569 0.05 33809.7
0 1894 2 phononTF 0.00176856 -2.11777 0.493404 0.0462095 780.306 0.00069486 1 -0.087531 -0.228325 0.05 42602.3
0 2015 3 phononL 0.000847865 -2.4934 0.0317577 0.049999 1479.51 0.00034743 1 0.0691981 -0.231663 0.05 135966
0 2040 2 phononTF 0.00258433 -1.17595 0.835084 -0.0483433 2321.66 0.00034743 1 -0.0824546 -0.174657 0.05 12119.2
0 2040 6 phononTS 0.00214409 -0.0824546 -0.174657 0.049999 12119.2 0.00034743 1 -0.104288 -0.166315 0.05 12177.8
0 2047 4 phononTF 0.00117594 1.92793 3.28711 0.0422683 20561.2 0.00034743 1 0.119553 -0.191837 0.05 107943
0 2055 2 phononTS 0.000776262 -1.68544 0.0893988 0.049999 794.85 0.00034743 1 -0.0732938 -0.282943 0.05 47587.6
0 2097 2 phononTS 0.000557345 -2.24175 0.983522 0.000831193 291.602 0.00034743 1 -0.111842 -0.239544 0.05 54042.2
0 2117 2 phononTS 0.0019133 -0.925233 0.55304 0.0171467 2121.57 0.00034743 1 0.0896141 -0.193159 0.05 3904.21
0 2151 5 phononTF 0.00154881 2.72901 1.41348 0.0481955 46827.2 0.00034743 1 -0.09778 -0.227154 0.05 101299
0 2179 5 phononTF 0.00135553 -4.66816 -4.96772 -0.0298126 10601.3 0.00069486 1 -0.0701084 -0.131663 0.05 18390.3
0 2179 10 phononTF 0.000488497 -0.0701084 -0.131663 0.049999 18390.3 0.00034743 1 -0.0895926 -0.133732 0.05 18448.4
0 2186 2 phononTS 0.000794597 -2.86992 1.06116 -0.0344364 2545.59 0.00034743 1 -0.036518 -0.231718 0.05 24421.7
0 2188 3 phononTF 0.00242211 -2.53213 0.660028 0.0313538 165.506 0.00034743 1 -0.0253959 -0.220136 0.05 11162.9
0 2212 3 phononTF 0.00264766 -0.574416 1.50991 -0.0185586 7178.55 0.00069486 1 0.0850563 -0.138044 0.05 14977.8
0 2228 3 phononTS 0.00185785 -2.26419 0.762776 -0.00565152 3.69234 0.00034743 1 -0.0183351 -0.202293 0.05 20738.5
0 2228 5 phononTF 0.0010289 -0.0183351 -0.202293 0.049999 20738.5 0.00069486 1 0.0585168 -0.138854 0.05 20807.9
0 2262 3 phononTF 0.00182347 -1.69413 1.56939 0.0420983 4052.12 0.00104229 1 0.0662401 -0.191676 0.05 5848.2
0 2274 2 phononTS 0.000456309 -2.14325 0.078523 0.049999 4502.96 0.00034743 1 -0.0778929 -0.182643 0.05 5800.84
0 2277 1 phononTF 0.004 -2.25 0.75 0 0 0.00034743 1 -0.0792148 -0.263387 0.05 4974.96
0 2289 3 phononTS 0.00159056 -2.20623 0.474334 0.0199279 624.112 0.00069486 1 0.0624919 -0.125753 0.05 3394.89
0 2304 2 phononTS 0.00253155 -0.537061 2.859 -0.012565 9062.27 0.00034743 1 -0.031286 -0.227247 0.05 56447
0 2304 4 phononTS 0.00190323 -0.031286 -0.227247 0.049999 56447 0.00034743 1 0.0698895 -0.139191 0.05 56529.4
0 2305 2 phononTS 0.00140961 -2.81168 0.609543 0.00177982 1682.77 0.00034743 1 -0.03748 -0.246399 0.05 6866.87
0 2305 6 phononTS 0.000512738 -0.03748 -0.246399 0.049999 6866.87 0.00034743 1 0.0286638 -0.247657 0.05 7028.66
0 2351 2 phononL 0.00155387 -1.71606 0.872342 -0.0442746 3780.34 0.00069486 1 -0.0121453 -0.196597 0.05 8830.53
0 2355 5 phononTF 0.00134534 0.424894 -2.79218 -0.0162226 34148.9 0.00069486 1 -0.0970682 -0.244691 0.05 79174.5
0 2368 2 phononTS 0.00192315 -2.13948 0.715671 -0.0423758 70.8038 0.00034743 1 0.0154617 -0.206881 0.05 6388.97
0 2374 3 phononL 0.00248755 -2.19609 0.188994 0.0114131 502.196 0.00104229 1 0.0649772 -0.13393 0.05 23724.4
0 2374 11 phononTS 0.000443667 0.0649772 -0.13393 0.049999 23724.4 0.00034743 1 0.0418473 -0.219656 0.05 23912.4
0 2394 2 phononTF 0.00144446 -2.23304 0.892776 0.0425147 1080.6 0.00034743 1 -0.0594328 -0.111213 0.05 69354.6
0 2395 3 phononTS 0.000680532 -1.92351 0.103157 0.049999 1324.47 0.00034743 1 -0.0421831 -0.223691 0.05 84108.6
0 2432 2 phononTS 0.00115648 -3.23273 -0.261881 0.0288253 4791.31 0.00034743 1 -0.0333331 -0.139344 0.05 79693.7
0 2436 3 phononTS 0.00128611 -1.63685 0.644167 0.0323102 1615.77 0.00034743 1 -0.0975894 -0.167617 0.05 87165.6
0 2436 14 phononTS 0.000905458 0.43043 1.26972 0.028396 76831.9 0.00034743 1 -0.0830511 -0.142067 0.05 84510.2
0 2485 4 phononTS 0.000487194 -1.65438 0.065365 0.049999 3224.38 0.00034743 1 0.0558799 -0.183529 0.05 29229.8
0 2495 2 phononTF 0.00281972 -2.27331 0.358031 -0.0346397 204.362 0.00069486 1 0.0562263 -0.1245 0.05 46745.9
0 2495 13 phononTS 0.00041476 0.0562263 -0.1245 0.049999 46745.9 0.00034743 1 -0.0771775 -0.163259 0.05 47431.4
0 2495 8 phononTS 0.00115291 0.0562263 -0.1245 0.049999 46745.9 0.00034743 1 -0.0280826 -0.299064 0.05 46947
0 2556 4 phononTS 0.00118576 -0.228405 -2.94135 -0.0229743 49911.5 0.00034743 1 0.10688 -0.233804 0.05 86792.9
0 2576 2 phononTS 0.000763661 -2.65964 0.0404953 0.049999 2277.4 0.00034743 1 -0.0656421 -0.244401 0.05 6152.28
0 2593 3 phononTS 0.00175118 -3.18206 1.42659 -0.0214057 10199.1 0.00069486 1 0.0217683 -0.260658 0.05 21595
0 2605 3 phononTF 0.00246354 -2.35847 0.804035 -0.00409209 31.7321 0.00034743 1 0.0116126 -0.211579 0.05 8496.5
0 2605 6 phononL 0.00117573 0.0116126 -0.211579 0.049999 8496.5 0.00034743 1 0.100208 -0.155512 0.05 8550.84
0 2605 14 phononTS 0.000478643 0.100208 -0.155512 0.049998 8550.84 0.00034743 1 0.0791607 -0.23522 0.05 9505.62
0 2644 2 phononTS 0.000978074 -2.32987 0.848668 0.0194588 43.002 0.00034743 1 0.0327486 -0.183895 0.05 28885.8
0 2654 4 phononTS 0.00151851 -1.49534 0.461995 -0.0161575 3442.31 0.00069486 1 0.0391 -0.113939 0.05 62087.6
0 2703 2 phononTF 0.00139376 -1.1363 3.11924 0.0448797 11100.4 0.00034743 1 -0.044968 -0.140946 0.05 28904.9
0 2703 6 phononTF 0.000727053 -0.044968 -0.140946 0.049999 28904.9 0.00034743 1 0.0561584 -0.138698 0.05 29011.9
0 2733 4 phononTF 0.000686192 1.30967 -3.0552 -0.0443887 22550.2 0.00034743 1 0.0678174 -0.130313 0.05 75586.7
0 2742 2 phononTF 0.00144434 -2.15303 0.869444 -0.0353867 29.4932 0.00069486 1 0.0648238 -0.128369 0.05 2639.6
0 2790 3 phononTF 0.00207258 -2.33181 0.0612339 0.0288545 982.887 0.00069486 1 0.0409619 -0.182917 0.05 96127
0 2861 1 phononTS 0.004 -2.25 0.75 0 0 0.00069486 1 -0.100162 -0.137821 0.05 2713.1
0 2889 3 phononTS 0.00230723 -2.04623 1.12123 0.0116232 1056.31 0.00104229 1 -0.0814792 -0.149485 0.05 18687.6
0 2919 3 phononTF 0.00139826 -2.29943 0.69326 0.0373159 1409.26 0.00034743 1 -0.0832771 -0.214072 0.05 61791.5
0 2919 2 phononTS 0.00260174 -2.29943 0.69326 0.0373159 1409.26 0.00069486 1 0.0291719 -0.264619 0.05 11646.7
0 2964 3 phononTF 0.00127281 -2.91993 0.662005 -0.028877 1171.97 0.00034743 1 -0.025293 -0.18046 0.05 13592.6
0 2970 3 phononTS 0.0014507 -1.44561 0.379871 0.0324279 1363.42 0.00034743 1 0.0480044 -0.18693 0.05 31642.3
0 2987 3 phononTS 0.00299589 -2.49758 0.225935 -0.0229718 1037.76 0.00034743 1 -0.0854374 -0.254788 0.05 9785.26
0 3032 3 phononTF 0.00258383 -2.08906 0.957489 -0.0119624 240.287 0.00138972 1 0.0407617 -0.166416 0.05 3585.01
0 3076 3 phononTS 0.000868618 -2.38052 0.0663143 0.049999 3237.78 0.00034743 1 -0.115144 -0.201514 0.05 62166.3
0 3193 2 phononTF 0.00215342 -1.66826 0.992987 -0.0120305 3382.47 0.00104229 1 0.0947192 -0.134897 0.05 9012.5
0 3198 1 phononTS 0.004 -2.25 0.75 0 0 0.00138972 1 0.0312255 -0.204217 0.05 11454.3
0 3321 4 phononTS 0.00155539 -3.55436 3.57813 -0.0127829 47547.9 0.00069486 1 -0.0930659 -0.229842 0.05 60885.1
0 3330 5 phononTS 0.00155632 -1.90269 0.888294 -0.02313 25564.8 0.00034743 1 -0.0896444 -0.263344 0.05 121985
0 3363 4 phononTF 0.000820481 -2.07277 0.0723452 0.049999 6685.53 0.00034743 1 0.0990252 -0.163463 0.05 41028.7
0 3369 3 phononTS 0.00236231 -2.33032 -0.552468 -0.0360866 4654.31 0.00034743 1 0.0316661 -0.26535 0.05 8315.01
0 3374 3 phononTF 0.000503834 -1.96007 0.100349 0.049999 4468.15 0.00034743 1 0.102911 -0.258646 0.05 23865.7
0 3439 3 phononTF 0.00183964 -2.21496 0.833953 0.00257288 78.8536 0.00104229 1 -0.101221 -0.214124 0.05 42526.2
0 3447 2 phononL 0.00205385 -1.5724 1.07835 -0.00739379 897.944 0.00069486 1 0.0434296 -0.150216 0.05 38936
0 3473 3 phononTF 0.00277471 -1.21616 3.09869 -0.0423632 34619.5 0.00069486 1 0.0257334 -0.258742 0.05 71210.1
0 3473 5 phononTF 0.000525029 0.0257334 -0.258742 0.049999 71210.1 0.00034743 1 0.0843006 -0.150744 0.05 71488.8
0 3473 4 phononTF 0.000853344 0.0257334 -0.258742 0.049999 71210.1 0.00069486 1 0.089246 -0.27185 0.05 71270.9
0 3483 3 phononTF 0.00303905 -2.15568 1.20922 -0.00168585 5987.31 0.00034743 1 -0.0879658 -0.25981 0.05 21099.6
0 3496 2 phononTF 0.00261549 -1.91877 0.997562 -0.0150936 536.729 0.00069486 1 -0.0424464 -0.225549 0.05 5811.71
0 3496 6 phononTS 0.000402296 -0.0424464 -0.225549 0.049999 5811.71 0.00034743 1 -0.071332 -0.178083 0.05 6520.03
0 3505 2 phononL 0.00270548 -2.71155 0.705876 0.0188403 372.152 0.00069486 1 0.0191764 -0.225142 0.05 14963.2
0 3530 3 phononTF 0.00205444 -2.12753 1.04834 0.0365407 535.64 0.00034743 1 0.0912734 -0.219294 0.05 24209
0 3530 4 phononTS 0.0011222 0.0912734 -0.219294 0.049999 24209 0.00034743 1 0.107339 -0.247342 0.05 24273.4
0 3629 2 phononTF 0.000876724 -1.57785 0.0905908 0.049999 753.136 0.00034743 1 -0.0603703 -0.219909 0.05 3017.76
0 3664 2 phononTF 0.00230175 -1.63853 0.424327 -0.00106673 3353.58 0.00034743 1 -0.0284879 -0.126782 0.05 4681.53
0 3669 2 phononTF 0.00267745 -1.402 -1.51368 0.0111354 10518 0.00034743 1 0.0623803 -0.294306 0.05 12236.2
0 3690 2 phononTS 0.00256391 -1.988 1.13627 0.0246624 654.432 0.00069486 1 0.0776921 -0.19323 0.05 21088.4
0 3703 2 phononTS 0.00168771 -3.14983 1.29138 0.00985418 2385.3 0.00069486 1 -0.0372762 -0.164967 0.05 21315.9
0 3731 2 phononTF 0.00239269 -2.58007 0.508886 0.0361241 1421.35 0.00034743 1 0.0561898 -0.136464 0.05 35636
0 3833 3 phononTS 0.00173606 -1.94549 1.35485 0.0254346 6279.4 0.00034743 1 0.0555489 -0.255824 0.05 45331.4
0 3833 5 phononTF 0.00120785 0.0555489 -0.255824 0.049999 45331.4 0.00034743 1 0.0298757 -0.301535 0.05 45391.3
0 3841 2 phononTS 0.00112842 -2.65263 0.990014 0.00178683 3021.63 0.00034743 1 -0.107982 -0.220076 0.05 29609.1
0 3870 4 phononTS 0.000721713 -1.63262 0.00278864 0.049999 1498.91 0.00034743 1 0.0577631 -0.267792 0.05 13703.6
0 3942 2 phononTS 0.00184128 -3.31786 0.788817 -0.0232686 4528.49 0.00034743 1 -0.0226739 -0.266631 0.05 39858.7
0 3942 4 phononTS 0.000589085 -0.0226739 -0.266631 0.049999 39858.7 0.00034743 1 -0.0437051 -0.289578 0.05 39919.1
0 3966 3 phononTS 0.00143983 -1.78444 0.690727 0.00999803 1314.27 0.00069486 1 0.0363418 -0.299595 0.05 15811.2
0 3999 2 phononTF 0.00144516 -1.9519 0.199076 0.0284021 3612.69 0.00034743 1 -0.0443364 -0.257685 0.05 48989.6
0 4037 3 phononTF 0.00317416 -2.12946 0.781721 -0.040644 474.052 0.00034743 1 0.0161729 -0.203976 0.05 6813.99
0 4059 2 phononTS 0.00128479 -0.628928 0.989042 0.0300104 2683.24 0.00034743 1 0.029166 -0.162299 0.05 4023.05
0 4085 4 phononTS 0.00158195 -4.41367 1.52965 0.0492198 5709.08 0.00069486 1 -0.0878752 -0.268682 0.05 57284.8
0 4110 4 phononL 0.00107937 -2.36282 -0.112542 0.0246585 3664.13 0.00069486 1 -0.0685357 -0.136697 0.05 50455.3
0 4117 2 phononTF 0.00202663 -2.14598 0.851746 0.0197274 768.167 0.00034743 1 -0.0411073 -0.299307 0.05 3137.52
0 4145 2 phononTS 0.00275511 -3.91414 1.02059 -0.0268762 3214.74 0.00069486 1 -0.0699349 -0.129579 0.05 28158.8
0 4145 4 phononTF 0.000811897 -0.0699349 -0.129579 0.049998 28158.8 0.00034743 1 -0.075514 -0.126632 0.05 28237
0 4186 2 phononTF 0.00162543 -1.95948 1.46352 -0.0245661 1684.81 0.00104229 1 0.0983727 -0.181026 0.05 63612.5
0 4187 2 phononTF 0.00234939 -1.90063 0.784822 -0.00717991 975.822 0.00069486 1 0.0560206 -0.145404 0.05 12799
0 4190 1 phononTF 0.004 -2.25 0.75 0 0 0.00069486 1 0.0260064 -0.26378 0.05 8799.12
0 4190 2 phononTS 0.00205858 0.0260064 -0.26378 0.049999 8799.12 0.00034743 1 0.0668158 -0.173699 0.05 9501.67
0 4190 18 phononTF 0.000361674 0.0668158 -0.173699 0.049999 9501.67 0.00034743 1 -0.0167119 -0.171608 0.05 9783.48
0 4190 17 phononTS 0.000778846 0.0668158 -0.173699 0.049999 9501.67 0.00034743 1 -0.0338864 -0.192726 0.05 9710.26
0 4197 2 phononTS 0.00226102 -2.30339 0.273519 -0.0206269 1744.5 0.00069486 1 0.0894302 -0.225097 0.05 8094.05
0 4205 2 phononTF 0.0027102 -1.87618 0.472928 0.0343758 1476.08 0.00034743 1 0.108192 -0.201528 0.05 8400.97
0 4247 2 phononTF 0.00154903 -3.93669 0.955632 0.0397158 8785.53 0.00034743 1 -0.0200109 -0.151948 0.05 22022.7
0 4251 4 phononTS 0.00118438 -3.2706 0.696049 -0.0123186 15413.1 0.00069486 1 -0.0343552 -0.150097 0.05 30451.8
0 4253 2 phononTF 0.00133844 -4.53138 2.17373 0.0401493 23258.1 0.00069486 1 -0.0464381 -0.170396 0.05 31848.8
0 4255 2 phononTS 0.00259042 -2.45434 0.720887 0.0435092 321.814 0.00104229 1 0.0780279 -0.285802 0.05 11134.6
0 4259 3 phononL 0.0013431 -1.9909 0.582127 -0.0335407 555.708 0.00069486 1 0.0413504 -0.20621 0.05 52661.1
0 4270 2 phononTS 0.00209616 -0.512014 1.06602 -0.039243 16472.3 0.00069486 1 0.0439436 -0.243165 0.05 30385.8
0 4271 2 phononTF 0.00163991 -1.50639 1.1633 0.0412533 1560.42 0.00034743 1 0.0431094 -0.294998 0.05 4077.33
0 4279 2 phononTF 0.00117788 -2.24211 0.756471 -0.0169165 7.09313 0.00069486 1 -0.0622654 -0.27698 0.05 22594.9
0 4305 2 phononTF 0.000567942 -0.466567 0.0868433 0.049999 7331.89 0.00034743 1 0.0769948 -0.144994 0.05 16204.2
0 4319 3 phononTS 0.00137586 -3.08211 0.854404 -0.0372995 1214.65 0.00034743 1 0.0715457 -0.192167 0.05 82494.2
0 4382 3 phononTF 0.00261265 -2.2891 0.784181 -0.0422919 12.2155 0.00034743 1 0.0458557 -0.0971644 0.05 55382.4
0 4382 6 phononTF 0.00159271 0.0458557 -0.0971644 0.049999 55382.4 0.00034743 1 -0.0976631 -0.224348 0.05 55548.7
0 4400 3 phononTF 0.00261749 -2.36872 0.480835 -0.0329383 1802.78 0.00034743 1 0.114168 -0.226376 0.05 17571.2
0 4439 5 phononTS 0.00074567 -2.15945 0.00696675 0.049999 1027.47 0.00034743 1 -0.0528755 -0.249574 0.05 5463.24
0 4439 7 phononTS 0.00035756 -0.0528755 -0.249574 0.049999 5463.24 0.00034743 1 0.0477639 -0.257627 0.05 7976.23
0 4459 5 phononTF 0.00113687 -1.82221 3.85549 0.000938285 21779.1 0.00069486 1 -0.0796288 -0.125756 0.05 29007.6
0 4462 5 phononL 0.00142378 -2.15095 1.16997 0.0384519 2173.41 0.00034743 1 0.0545935 -0.177374 0.05 41585.8
0 4488 3 phononL 0.000883202 -2.26023 0.040569 0.049999 1294.09 0.00034743 1 -0.0106155 -0.196439 0.05 30387.8
0 4493 2 phononL 0.00207125 -2.83881 0.340312 -0.0291196 881.273 0.00034743 1 0.0839769 -0.182333 0.05 20579.9
0 4493 5 phononTS 0.000725976 0.0839769 -0.182333 0.049999 20579.9 0.00034743 1 0.0585293 -0.21757 0.05 20644.3
0 4498 3 phononTS 0.00178189 -2.51382 0.14938 -0.0147708 1293.74 0.00034743 1 0.0553256 -0.101755 0.05 53257.4
0 4498 4 phononTS 0.000725934 0.0553256 -0.101755 0.049999 53257.4 0.00034743 1 0.0245811 -0.218731 0.05 53628.1
0 4501 5 phononTS 0.000640961 -1.14049 0.227475 -0.00465488 12176.9 0.00034743 1 0.0514779 -0.166654 0.05 21249.2
0 4531 3 phononTS 0.00236355 -0.902121 -0.0893549 0.0161036 2279.69 0.00069486 1 0.0789047 -0.178674 0.05 7480.5
0 4538 4 phononL 0.000741074 -2.00937 -0.00869079 0.049999 235.398 0.00034743 1 0.0206419 -0.232082 0.05 4536.98
0 4540 3 phononTS 0.00220988 -2.72716 0.598958 -0.0378349 964.493 0.00104229 1 0.0930572 -0.256681 0.05 44070.7
0 4553 3 phononTS 0.00292251 -1.60247 1.05953 -0.0140649 12730 0.00104229 1 0.0842883 -0.158863 0.05 17913.3
0 4598 3 phononTF 0.00273528 0.284365 1.02255 0.0300309 5415.73 0.00069486 1 0.0851089 -0.151459 0.05 12424.4
0 4598 8 phononTS 0.00174273 0.0851089 -0.151459 0.049999 12424.4 0.00034743 1 0.105834 -0.149912 0.05 12482.9
0 4598 13 phononL 0.00041376 0.105834 -0.149912 0.049999 12482.9 0.00034743 1 0.0187458 -0.163815 0.05 13801.3
0 4610 3 phononTS 0.000663628 -1.85087 0.0139878 0.049999 3126.43 0.00034743 1 -0.0629056 -0.231101 0.05 61589.5
0 4621 3 phononTS 0.000791294 -1.48447 0.0928799 0.049999 3148.83 0.00034743 1 -0.0644889 -0.185142 0.05 8490.13
0 4622 3 phononTS 0.00238873 -2.08111 -1.50652 0.0411611 11127.3 0.00034743 1 0.0738183 -0.204129 0.05 34510
0 4649 4 phononTF 0.00172206 -4.92406 1.29802 -0.0159974 6424.48 0.00034743 1 0.0889232 -0.251231 0.05 15885.9
0 4673 1 phononTS 0.004 -2.25 0.75 0 0 0.00104229 1 0.114203 -0.217716 0.05 7906.53
0 4673 11 phononTS 0.000950295 0.114203 -0.217716 0.049999 7906.53 0.00034743 1 -0.0947161 -0.161818 0.05 8408.56
0 4692 2 phononTS 0.00192099 -2.27745 0.74548 -0.0430341 12.59 0.00034743 1 -0.116329 -0.196879 0.05 7286.36
0 4712 2 phononTF 0.0013537 -3.12548 -0.12863 -0.00909915 3814.28 0.00034743 1 -0.107265 -0.199278 0.05 8026.61
0 4713 4 phononTS 0.0017245 1.99776 3.97837 0.0125975 66286.1 0.00034743 1 -0.118789 -0.205921 0.05 79169.1
0 4713 6 phononTS 0.00105854 -0.118789 -0.205921 0.049999 79169.1 0.00034743 1 -0.0809497 -0.247699 0.05 79878.8
0 4728 2 phononTS 0.00260609 0.673527 -0.636864 -0.00917585 13704.7 0.00069486 1 0.111003 -0.160856 0.05 14640.2
0 4751 3 phononL 0.00240526 -0.189939 0.946903 0.0372782 12153.7 0.00069486 1 0.0509765 -0.266804 0.05 24451
0 4753 5 phononTS 0.000623377 -3.05668 0.0851734 0.049999 6947.54 0.00034743 1 0.0476064 -0.110624 0.05 57105.7
0 4761 2 phononTS 0.00237546 -0.731653 1.05834 -0.0282571 14917 0.00104229 1 0.0705574 -0.2294 0.05 18198
0 4769 2 phononTF 0.00183722 -2.22269 0.872208 -0.0410995 441.983 0.00034743 1 -0.0239045 -0.218591 0.05 34365.3
0 4828 3 phononTS 0.00152286 -1.20804 0.700972 0.0143438 4955.24 0.00069486 1 0.0655802 -0.151915 0.05 70542.1
0 4843 4 phononTS 0.00144152 -0.723394 1.63464 0.0216396 19085.5 0.00034743 1 0.0710493 -0.155062 0.05 20827.2
0 4843 8 phononL 0.000837149 0.0710493 -0.155062 0.049999 20827.2 0.00034743 1 0.100576 -0.188446 0.05 20883.2
0 4843 13 phononTS 0.000356903 0.100576 -0.188446 0.049998 20883.2 0.00034743 1 0.112109 -0.166013 0.05 21007.7
0 4873 3 phononTS 0.00180709 -1.61821 0.94745 -0.0296352 2028.75 0.00034743 1 0.077917 -0.155314 0.05 37045.7
0 4882 3 phononTF 0.00180753 -1.28606 0.40563 0.030649 2768.58 0.00034743 1 0.0842607 -0.178849 0.05 18723.7
0 4946 5 phononTF 0.000542745 -0.100248 0.0511471 0.049999 17722.3 0.00034743 1 -0.0461581 -0.162784 0.05 18754.2
0 4957 3 phononL 0.00240361 -3.73413 0.764973 0.00123192 11658 0.00069486 1 -0.0898365 -0.141229 0.05 48543.8
0 4957 4 phononTS 0.0012168 -0.0898365 -0.141229 0.049999 48543.8 0.00104229 1 0.018804 -0.21307 0.05 79361.8
0 4979 2 phononTS 0.0022118 -1.92304 1.78599 -0.0439589 2752.41 0.00034743 1 -0.0438021 -0.279906 0.05 23281.2
