Run ID,Event ID,Track ID,Particle Name,Start Energy [eV],Start X [mm],Start Y [mm],Start Z [mm],Start Time [ns],Energy Deposited [eV],Track Weight,End X [mm],End Y [mm],End Z [mm],Final Time [ns],Volume Name
0 25 5 phononTS 0.00124103 -4.37628 3.47575 0.0103716 13739.4 0.00034743 1 -0.0272423 -0.275855 0.05 64652.7
0 121 3 phononTS 0.0011533 -1.72984 4.76084 -0.0442087 13.5234 0.00069486 1 -0.0801414 -0.145807 0.05 12890.6
0 124 2 phononTF 0.00211404 -1.53937 3.91833 -0.0111124 6353.72 0.00034743 1 -0.060494 -0.182474 0.05 13526.9
0 153 3 phononTF 0.00285319 -1.6959 4.45318 0.00490626 1401.82 0.00034743 1 -0.0250805 -0.242523 0.05 19613.2
0 177 3 phononL 0.0025459 -1.56937 4.04596 -0.0217384 1740.04 0.00034743 1 -0.0745923 -0.201442 0.05 44811.8
0 189 5 phononTS 0.000913508 2.02496 3.35178 -0.00941874 77276.7 0.00034743 1 0.0555705 -0.218333 0.05 93751.9
0 222 2 phononTS 0.00206609 -0.509936 2.39652 0.0010152 4675.47 0.00069486 1 -0.0917878 -0.18763 0.05 21158.6
0 261 4 phononTS 0.00188991 -0.204064 4.63325 0.0351352 13160.7 0.00069486 1 -0.0581272 -0.237912 0.05 18254.5
0 261 7 phononTF 0.00046058 -0.0581272 -0.237912 0.049999 18254.5 0.00034743 1 0.047738 -0.239014 0.05 18318.5
0 268 3 phononL 0.00240515 -1.4241 4.28052 0.0465694 8012.23 0.00034743 1 0.110105 -0.14931 0.05 20545
0 274 2 phononTF 0.00142778 -0.195605 2.61398 -0.0304862 12002.5 0.00069486 1 0.031317 -0.293613 0.05 105554
0 411 2 phononTF 0.001219 -1.6073 4.46232 0.0459286 1731.69 0.00069486 1 0.0587771 -0.255711 0.05 56700.3
0 432 2 phononTS 0.00265048 -2.36583 4.85831 0.0347918 4307.6 0.00069486 1 0.0364633 -0.183005 0.05 131035
0 490 2 phononTS 0.00284437 -1.55453 4.82592 -0.0369693 1032.27 0.00104229 1 0.100425 -0.149465 0.05 9092.82
0 490 9 phononTF 0.000869047 0.100425 -0.149465 0.049999 9092.82 0.00034743 1 0.0186903 -0.158705 0.05 9266.68
0 499 3 phononTS 0.00145319 -2.96678 4.62896 0.00814307 2117.19 0.00034743 1 -0.0692302 -0.236716 0.05 19785.6
0 567 2 phononL 0.00116242 -0.211996 -0.126978 0.0288225 23228.4 0.00034743 1 -0.0748724 -0.286411 0.05 57251.7
0 572 2 phononTS 0.000787214 -1.20306 4.03101 -0.0412073 4461.01 0.00034743 1 0.0144999 -0.188912 0.05 15225.2
0 620 5 phononTS 0.00139393 -4.02639 4.77154 0.00907153 6766.82 0.00069486 1 -0.0299141 -0.171397 0.05 18069.4
0 624 3 phononTS 0.00180707 1.25624 3.29752 0.0151989 9921.94 0.00034743 1 -0.0206613 -0.251733 0.05 172858
0 624 4 phononTS 0.000594223 -0.0206613 -0.251733 0.049999 172858 0.00034743 1 0.026969 -0.265827 0.05 173167
0 737 2 phononTS 0.00112271 -1.48245 4.65786 -0.0328623 2158.94 0.00034743 1 0.0288375 -0.097821 0.05 122284
0 760 2 phononTF 0.00114639 -1.96785 4.83763 0.0312783 2579.45 0.00034743 1 0.0532818 -0.251397 0.05 37389.3
0 774 2 phononL 0.000820079 -2.32448 4.23813 0.0399276 980.016 0.00034743 1 -0.0760765 -0.209016 0.05 65376.4
0 798 3 phononTS 0.00156041 -1.95525 3.89036 -0.0165993 9118.02 0.00034743 1 0.0864087 -0.268421 0.05 31128.1
0 825 3 phononTS 0.0025405 -1.76999 4.61126 0.047963 6614.94 0.00034743 1 -0.0483671 -0.157171 0.05 40385.9
0 825 4 phononTS 0.00127467 -0.0483671 -0.157171 0.049999 40385.9 0.00034743 1 0.0533415 -0.203212 0.05 40545
0 840 2 phononTF 0.00187094 -1.55797 3.85758 0.0224067 1708.4 0.00069486 1 0.0615475 -0.173384 0.05 18333.8
0 854 2 phononTF 0.00260784 -1.30474 3.93343 -0.0231926 5600.13 0.00069486 1 0.0766117 -0.136988 0.05 17984.8
0 884 2 phononL 0.00181682 -0.551879 3.69861 -0.0163739 13167.6 0.00069486 1 0.0333394 -0.198038 0.05 23096.6
0 919 2 phononL 0.00177848 -1.02867 4.30697 -0.00399061 5047.74 0.00069486 1 -0.0968325 -0.202129 0.05 8113.34
0 948 2 phononTF 0.000721941 -1.99933 4.74352 0.0214449 72.8576 0.00034743 1 -0.0863166 -0.181407 0.05 16740.8
0 949 4 phononTF 0.000906893 -2.19268 3.64317 0.0471452 6523.38 0.00034743 1 0.112469 -0.162585 0.05 27319.8
0 1081 3 phononTF 0.0026415 -1.756 4.88377 -0.00406567 305.49 0.00104229 1 -0.0641841 -0.161106 0.05 37133.3
0 1100 5 phononTS 0.0016352 0.266898 0.358811 0.0238589 38839.1 0.00069486 1 -0.0692426 -0.208584 0.05 44313
0 1200 2 phononTF 0.00108698 -2.15027 4.3037 0.0263115 901.882 0.00034743 1 -0.0881516 -0.202391 0.05 56339
0 1274 2 phononTS 0.00255424 -0.567153 4.43041 0.0243621 1506.47 0.00104229 1 -0.0794293 -0.123802 0.05 3807.71
0 1282 3 phononTS 0.00229472 -0.0306188 2.48764 -0.0134062 9994.64 0.00034743 1 0.112078 -0.165257 0.05 13554.3
0 1298 2 phononL 0.00298112 -4.06188 2.33772 -0.0357168 19993.1 0.00034743 1 -0.0789984 -0.245317 0.05 42774.8
0 1298 5 phononTS 0.00121495 -0.0789984 -0.245317 0.049998 42774.8 0.00069486 1 -0.0777105 -0.252864 0.05 42836.6
0 1337 2 phononTF 0.00126526 -3.62164 3.7572 -0.0256596 6708.09 0.00034743 1 0.09931 -0.160762 0.05 21431.3
0 1338 2 phononTS 0.00252684 -1.48404 3.86234 -0.0447211 852.919 0.00104229 1 -0.0748278 -0.200615 0.05 24428.5
0 1357 3 phononTS 0.00166785 -0.145969 1.53909 0.017788 15056.9 0.00069486 1 -0.0331692 -0.254168 0.05 61117.5
0 1357 2 phononTF 0.00233215 -0.145969 1.53909 0.017788 15056.9 0.00104229 1 -0.0438232 -0.282144 0.05 18778.8
0 1378 5 phononTF 0.00126248 -0.765507 4.8965 0.00999696 2469.97 0.00069486 1 0.0440154 -0.247857 0.05 19423
0 1386 2 phononTF 0.00223596 -1.53911 4.90734 0.011434 3259.73 0.00069486 1 -0.0526568 -0.266375 0.05 9874.51
0 1387 2 phononTS 0.00261587 -2.53608 4.86837 0.0078625 1668.15 0.00034743 1 -0.0750532 -0.276176 0.05 59032.3
0 1420 2 phononTF 0.00129247 -2.24689 4.9212 0.0134643 7083.94 0.00034743 1 0.0345475 -0.102567 0.05 13462.9
0 1484 2 phononTF 0.00118055 -2.63119 3.38446 -0.0466563 6585.95 0.00034743 1 0.107393 -0.207722 0.05 8319.49
0 1485 3 phononTS 0.00136311 -1.60845 4.98131 -0.0473315 2258.74 0.00034743 1 -0.0868737 -0.223303 0.05 6547.76
0 1485 4 phononL 0.000577108 -0.0868737 -0.223303 0.049999 6547.76 0.00034743 1 -0.0258355 -0.217647 0.05 6599.04
0 1529 2 phononTF 0.00177174 -1.66149 4.72569 0.0375941 19.3181 0.00104229 1 -0.0663359 -0.211816 0.05 8319.39
0 1537 5 phononTF 0.00115257 -0.247734 -1.0991 -0.0289746 54282.5 0.00034743 1 0.103775 -0.254824 0.05 55534.5
0 1546 3 phononTF 0.00205279 -1.87293 4.56516 0.000833351 2249.85 0.00069486 1 -0.0291384 -0.230371 0.05 29923.4
0 1546 10 phononTS 0.000499421 -0.0291384 -0.230371 0.049999 29923.4 0.00034743 1 -0.0972321 -0.184594 0.05 29995.1
0 1588 3 phononTS 0.00201829 -3.69211 4.8503 0.00975347 4032.53 0.00034743 1 0.0258345 -0.287227 0.05 63170.6
0 1588 4 phononL 0.0012339 0.0258345 -0.287227 0.049998 63170.6 0.00034743 1 0.0763984 -0.25702 0.05 63446
0 1588 10 phononTS 0.000726355 0.0763984 -0.25702 0.049998 63446 0.00069486 1 0.0589458 -0.268162 0.05 63504.2
0 1614 2 phononTF 0.00198878 0.146273 4.93171 -0.00336245 15068.9 0.00034743 1 0.0953581 -0.265112 0.05 67009.1
0 1614 5 phononTF 0.000963009 0.0953581 -0.265112 0.049999 67009.1 0.00034743 1 0.0355088 -0.20684 0.05 67235.1
0 1733 2 phononTF 0.00256483 -4.15519 3.54398 -0.0377446 11454.6 0.00104229 1 0.0267863 -0.205813 0.05 21629.8
0 1733 11 phononL 0.00052202 0.0267863 -0.205813 0.049998 21629.8 0.00034743 1 0.0276712 -0.245652 0.05 21888.1
0 1734 3 phononL 0.0018769 -1.73035 4.12219 -0.000681715 2235 0.00069486 1 -0.110052 -0.188061 0.05 116115
0 1742 3 phononTF 0.00287856 -0.859439 3.31022 0.0432533 7041.65 0.00069486 1 -0.0754194 -0.128992 0.05 12819.3
0 1742 4 phononL 0.000895473 -0.0754194 -0.128992 0.049999 12819.3 0.00034743 1 -0.0652342 -0.15506 0.05 13019.1
0 1753 2 phononTF 0.00187632 -2.3144 3.82676 -0.0380854 5364.55 0.00034743 1 0.0353886 -0.171625 0.05 57514.1
0 1753 5 phononTF 0.00144797 0.0353886 -0.171625 0.049999 57514.1 0.00034743 1 0.0912214 -0.128592 0.05 57597.6
0 1858 2 phononTS 0.00127357 -2.70147 4.33012 0.00969733 4856.56 0.00034743 1 -0.0951278 -0.261887 0.05 21190.5
0 1871 2 phononTF 0.00190816 -1.61503 4.7604 -0.0330961 58.003 0.00069486 1 0.0991922 -0.155319 0.05 27586.3
0 1926 4 phononL 0.00193469 -2.3797 3.53495 -0.0212271 11988.9 0.00069486 1 -0.0256087 -0.198761 0.05 50701
0 1962 3 phononL 0.00293131 -0.514198 1.5667 0.0157872 11150.1 0.00034743 1 0.0975649 -0.140519 0.05 24965.6
0 1973 4 phononTS 0.00117173 -1.84163 3.73919 0.00450442 19878.6 0.00069486 1 0.0980244 -0.219707 0.05 24296
0 2008 3 phononTF 0.00228142 -1.70767 4.62196 0.0135812 923.649 0.00034743 1 -0.0216568 -0.221391 0.05 69508.9
0 2070 2 phononTF 0.00266969 -2.44004 4.32653 -0.0359989 5531.07 0.00034743 1 -0.111794 -0.240456 0.05 14636
0 2073 2 phononTF 0.0014526 -4.84877 4.40126 0.0295202 14174.1 0.00069486 1 -0.0965766 -0.240828 0.05 22402
0 2138 2 phononTS 0.00221203 -1.35194 4.71947 0.0326127 1044.5 0.00104229 1 0.0340159 -0.305612 0.05 42229.9
0 2138 4 phononTF 0.000681837 0.0340159 -0.305612 0.049999 42229.9 0.00034743 1 -0.026038 -0.114909 0.05 42324.2
0 2146 2 phononTS 0.00194617 -1.02587 3.27954 -0.0222466 3272.24 0.00034743 1 0.0230894 -0.266457 0.05 7754.52
0 2163 3 phononTS 0.0025756 -1.49055 4.2904 -0.0123074 2734.8 0.00104229 1 0.05326 -0.257707 0.05 25381.9
0 2163 4 phononTS 0.000884365 0.05326 -0.257707 0.049999 25381.9 0.00034743 1 0.048008 -0.227859 0.05 25443.6
0 2163 18 phononTS 0.00044166 0.048008 -0.227859 0.049999 25443.6 0.00034743 1 -0.0535535 -0.24963 0.05 27077.2
0 2197 3 phononTF 0.00184087 0.0472294 3.55834 0.0321168 6068.61 0.00069486 1 0.0528369 -0.119706 0.05 24983.3
0 2212 3 phononTF 0.00189404 -2.16856 3.75774 0.00449779 4095.83 0.00069486 1 0.0427639 -0.18345 0.05 23958
0 2251 4 phononTS 0.000928456 -3.64801 1.69223 -0.0412484 34187.8 0.00069486 1 -0.0562863 -0.120678 0.05 124664
0 2270 2 phononTS 0.00238048 -0.954163 3.38164 -0.0193513 15250.7 0.00069486 1 -0.0135637 -0.206164 0.05 33369.5
0 2279 3 phononL 0.00155418 -2.37523 4.81575 -0.0341372 5174.55 0.00034743 1 -0.0577044 -0.23343 0.05 17476.1
0 2291 3 phononL 0.00190644 -0.95381 4.71454 -0.01205 2902.78 0.00034743 1 0.031011 -0.306058 0.05 24845.8
0 2348 3 phononL 0.002305 -1.21273 4.8735 0.0467541 3279.55 0.00034743 1 0.0205173 -0.255184 0.05 11492
0 2348 4 phononTS 0.00173602 0.0205173 -0.255184 0.049999 11492 0.00034743 1 0.0582222 -0.167559 0.05 12067.9
0 2348 13 phononTF 0.00122504 0.0582222 -0.167559 0.049998 12067.9 0.00034743 1 0.0813813 -0.282262 0.05 12329.5
0 2358 2 phononTS 0.00237375 -1.45484 4.52065 -0.0410422 1894.02 0.00104229 1 0.0626309 -0.126957 0.05 37052.2
0 2419 3 phononTS 0.00204074 -2.83148 4.72264 -0.0257772 7966.33 0.00069486 1 -0.0317907 -0.112511 0.05 20084.9
0 2478 2 phononTF 0.00139644 -0.920782 2.79146 -0.02076 7606.61 0.00069486 1 -0.0475868 -0.233357 0.05 19847.2
0 2502 2 phononTF 0.00119325 -1.28278 3.34264 -0.00637375 21158.3 0.00034743 1 0.0742959 -0.174294 0.05 78502.6
0 2550 5 phononL 0.00150059 -0.940374 4.65987 -0.00228629 11416.3 0.00034743 1 -0.0329939 -0.283943 0.05 71943.9
0 2615 2 phononTS 0.00263645 -2.15701 4.62396 0.0481136 2370.48 0.00104229 1 -0.0682341 -0.146697 0.05 7544.94
0 2625 2 phononL 0.000852714 -1.82826 4.99943 0.0485239 170.289 0.00034743 1 0.0863784 -0.178064 0.05 60725.5
0 2639 2 phononTS 0.00146053 -1.13514 4.23165 -0.0348733 1051.72 0.00034743 1 -0.0190791 -0.221082 0.05 28933.3
0 2644 3 phononTS 0.00166018 -1.68379 4.79237 0.00191961 1218.2 0.00069486 1 0.0596735 -0.142097 0.05 30122.3
0 2644 7 phononTS 0.000499877 0.0596735 -0.142097 0.049999 30122.3 0.00034743 1 0.0661727 -0.108848 0.05 30644.7
0 2740 2 phononTS 0.0016704 -1.72282 4.97346 -0.0341479 4380.07 0.00034743 1 0.0386133 -0.174566 0.05 36738.9
0 2755 2 phononTF 0.00188044 -1.5058 4.36401 -0.0213615 4433.09 0.00034743 1 0.0817974 -0.253902 0.05 69708.7
0 2762 3 phononTS 0.00223008 -1.9673 4.83539 0.0368643 2462.32 0.00034743 1 -0.0808212 -0.203867 0.05 48178.4
0 2780 4 phononTF 0.000920753 -0.274906 2.38822 -0.0445966 17174.5 0.00034743 1 0.0348767 -0.210491 0.05 24931
0 2787 3 phononTF 0.00153382 -4.83272 1.82657 -0.0444591 9926.23 0.00069486 1 -0.0724793 -0.208906 0.05 53096.5
0 2787 4 phononL 0.000402161 -0.0724793 -0.208906 0.049999 53096.5 0.00034743 1 0.0420426 -0.296308 0.05 54443.4
0 2788 3 phononTF 0.00174095 -2.23006 2.28185 -0.0110685 8377.3 0.00104229 1 -0.051666 -0.145401 0.05 19204.9
0 2788 7 phononTF 0.000552588 -0.051666 -0.145401 0.049999 19204.9 0.00034743 1 -0.111893 -0.194913 0.05 19785.3
0 2806 3 phononL 0.00135146 -3.85768 4.58551 0.0037461 26735.7 0.00034743 1 -0.0355579 -0.184607 0.05 55668.5
0 2810 2 phononTS 0.00225745 -1.6252 4.72923 -0.0047654 13619.6 0.00034743 1 0.0580831 -0.266187 0.05 23976.4
0 2810 4 phononTF 0.000906174 0.0580831 -0.266187 0.049999 23976.4 0.00034743 1 0.0686316 -0.252009 0.05 24043.6
0 2821 3 phononTS 0.00189784 -2.11178 4.95823 0.0390653 886.015 0.00034743 1 0.0521574 -0.214051 0.05 41643.5
0 2822 4 phononTS 0.0015988 3.00888 0.180549 -0.00238136 28198.6 0.00034743 1 -0.0631116 -0.182449 0.05 45757.7
0 2846 4 phononTS 0.00105224 -3.75539 3.77231 0.0099317 5598.63 0.00034743 1 -0.0160925 -0.168082 0.05 40430.9
0 2847 2 phononTS 0.00177529 -0.396271 4.35623 -0.0297753 5604.51 0.00069486 1 0.0844869 -0.275971 0.05 39294.6
0 2847 8 phononL 0.000398294 0.0844869 -0.275971 0.049999 39294.6 0.00034743 1 0.0430845 -0.106316 0.05 39410.7
0 2865 5 phononTS 0.00269905 -0.530337 3.294 -0.0259002 20959.8 0.00069486 1 -0.0778208 -0.181473 0.05 30235.2
0 2924 3 phononTS 0.00126741 -2.0461 3.35802 0.0431584 3630.41 0.00069486 1 -0.0416568 -0.269027 0.05 21435.2
0 2926 5 phononTS 0.000466069 4.73015 3.1796 -0.0162478 52221.9 0.00034743 1 -0.0385621 -0.221019 0.05 63762
0 2932 2 phononTS 0.00114855 -1.74941 4.27674 0.00503832 1284.04 0.00034743 1 -0.0337915 -0.305889 0.05 27936
0 2948 3 phononTF 0.00214912 -1.75883 4.73428 -0.0234972 5.56384 0.00034743 1 0.0490726 -0.17473 0.05 46639.3
0 2957 2 phononTF 0.00196721 -1.76829 4.36892 -0.0238709 1578.99 0.00069486 1 0.050763 -0.240367 0.05 9381.1
0 2981 2 phononTS 0.00106418 -0.542237 3.06509 0.00504579 7412.42 0.00034743 1 0.0282195 -0.246521 0.05 47811.3
0 2989 2 phononTS 0.00219221 -1.94139 4.78625 -0.0307747 10429.1 0.00034743 1 -0.0416989 -0.23333 0.05 55425.5
0 2989 5 phononTS 0.00181167 -0.0416989 -0.23333 0.049999 55425.5 0.00069486 1 0.0556078 -0.289509 0.05 55503.7
0 3073 3 phononL 0.00228208 -2.35512 4.48444 0.00782799 538.586 0.00034743 1 -0.0479078 -0.140177 0.05 15864.1
0 3106 2 phononL 0.0023597 -1.26583 3.57304 0.00144949 14884.9 0.00138972 1 0.0571964 -0.218592 0.05 34323
0 3134 2 phononTF 0.00210543 -1.91868 4.92475 0.0211968 4426.49 0.00069486 1 -0.0822294 -0.247747 0.05 167151
0 3155 5 phononTS 0.00131547 -1.55329 -3.35902 0.0197201 28097.2 0.00034743 1 0.0539332 -0.204291 0.05 37974.4
0 3160 3 phononTS 0.00255836 -0.871541 2.49833 0.0363144 11767.6 0.00069486 1 -0.0814254 -0.172746 0.05 17886.7
0 3171 5 phononTS 0.0011252 1.63067 3.61162 -0.012493 15102.9 0.00069486 1 -0.023864 -0.264232 0.05 36047.2
0 3192 5 phononTS 0.000935523 -1.93495 4.41271 -0.0256782 8744.92 0.00034743 1 0.0850014 -0.149356 0.05 21011.3
0 3212 2 phononTS 0.00156826 -2.30632 3.56186 0.000735122 6775.86 0.00034743 1 -0.0933652 -0.266564 0.05 45716.9
0 3221 3 phononTS 0.00247003 -2.21492 4.31636 0.0372836 1966.31 0.00034743 1 0.101295 -0.250664 0.05 63216.2
0 3221 5 phononTS 0.000958103 0.101295 -0.250664 0.049999 63216.2 0.00034743 1 0.0657852 -0.209979 0.05 63279.4
0 3268 2 phononTF 0.00194532 -4.54866 3.39844 0.0124216 15878.3 0.00034743 1 0.0754087 -0.276242 0.05 23749.7
0 3277 2 phononTF 0.0022572 -1.19956 3.25518 0.0305057 2472.99 0.00104229 1 0.0475348 -0.297465 0.05 70187
0 3403 3 phononL 0.00129636 -1.40466 3.53122 -0.0451495 6469.58 0.00034743 1 0.0728963 -0.270997 0.05 49064.6
0 3413 3 phononTS 0.00213122 -1.51892 4.92216 -0.0381473 2868.79 0.00069486 1 0.0641458 -0.105356 0.05 78770.1
0 3423 2 phononTS 0.00163723 -1.83313 4.79382 -0.0395912 921.286 0.00069486 1 -0.0309319 -0.258415 0.05 7098.48
0 3441 3 phononTS 0.00134228 -1.96454 4.83218 0.00644436 400.984 0.00034743 1 -0.0348221 -0.246244 0.05 102485
0 3530 3 phononTF 0.00270204 -1.07208 4.89858 -0.0362661 769.641 0.00069486 1 -0.0619628 -0.233181 0.05 34119.1
0 3530 8 phononTS 0.00100557 -0.0619628 -0.233181 0.049998 34119.1 0.00069486 1 0.039869 -0.153236 0.05 34206.1
0 3563 3 phononTS 0.00189715 -2.8462 3.57511 -0.0281986 13592.8 0.00034743 1 -0.0289848 -0.182805 0.05 110012
0 3563 4 phononTF 0.00125997 -0.0289848 -0.182805 0.049999 110012 0.00034743 1 -0.111944 -0.237914 0.05 138872
0 3570 3 phononL 0.00246796 -0.269764 3.99705 0.0214134 4178.61 0.00069486 1 0.0779878 -0.210408 0.05 9838.04
0 3600 3 phononTF 0.00134723 -1.62085 4.75721 -0.0304058 30.1495 0.00034743 1 0.100693 -0.14291 0.05 17536.6
0 3607 3 phononTS 0.00194193 -3.44424 2.68045 0.049678 14498.7 0.00034743 1 0.093313 -0.150671 0.05 84553
0 3643 4 phononTF 0.00146958 1.37042 4.79184 -0.00390972 11434.2 0.00069486 1 -0.0263477 -0.306565 0.05 17084.2
0 3668 3 phononTF 0.00149522 -2.99163 3.59297 -0.00504594 3284.69 0.00034743 1 -0.0662705 -0.195029 0.05 41850
0 3734 5 phononTS 0.00181572 4.57282 1.0577 -0.0126272 43226.3 0.00034743 1 0.0887325 -0.131028 0.05 58073.1
0 3739 2 phononTS 0.00179445 -1.41981 4.04652 0.0462962 675.252 0.00104229 1 0.0580919 -0.206821 0.05 32641.2
0 3785 2 phononL 0.00146013 -0.893261 2.15568 -0.0453823 4481.73 0.00034743 1 0.0531849 -0.277974 0.05 20323.6
0 3804 5 phononTF 0.0010969 1.00134 -2.45066 0.0259348 28519.6 0.00034743 1 -0.0729399 -0.249425 0.05 35747.8
0 3805 5 phononTS 0.00160694 0.585981 3.36106 -0.0347988 9401.86 0.00034743 1 -0.0339092 -0.305142 0.05 59063.2
0 3805 4 phononTS 0.000792402 0.585981 3.36106 -0.0347988 9401.86 0.00034743 1 -0.0454419 -0.146189 0.05 48478.4
0 3837 2 phononTF 0.00064866 -2.27895 2.21618 -0.0347187 7424.45 0.00034743 1 -0.109155 -0.220745 0.05 22289.2
0 3846 3 phononTS 0.0023139 -1.76264 4.83126 -0.0476216 18.2492 0.00034743 1 -0.0388335 -0.194948 0.05 73160.8
0 3888 3 phononTF 0.00263376 -1.64808 4.67959 0.000232154 6094.55 0.00104229 1 -0.0780738 -0.174305 0.05 86500.5
0 3894 2 phononTF 0.00189926 -3.30073 4.60472 -0.0403646 2623.53 0.00104229 1 -0.105354 -0.254351 0.05 8902.5
0 3900 2 phononTS 0.00125167 0.817013 4.93805 -0.00340164 22466.3 0.00034743 1 -0.0825161 -0.252723 0.05 33161.8
0 3902 2 phononL 0.00156856 -1.59791 4.63356 0.00229861 56.8379 0.00034743 1 -0.0179879 -0.234454 0.05 19180
0 3902 5 phononTS 0.000708118 -0.0179879 -0.234454 0.049999 19180 0.00034743 1 -0.0416662 -0.107958 0.05 19274.3
0 3929 6 phononTS 0.000931283 1.97871 -1.55783 0.0455304 162185 0.00034743 1 -0.0385279 -0.304796 0.05 186990
0 3953 2 phononTS 0.00277177 -1.36814 4.20566 0.0332826 3205.88 0.00104229 1 -0.0486249 -0.290519 0.05 14359.9
0 3953 6 phononTS 0.00054533 -0.0486249 -0.290519 0.049999 14359.9 0.00034743 1 -0.0442873 -0.288849 0.05 14416.1
0 3967 3 phononL 0.00232366 -1.75046 3.93341 -0.00310562 4199.58 0.00034743 1 -0.0738676 -0.225916 0.05 35917.5
0 3990 3 phononL 0.00204745 -1.67857 4.83146 0.0206373 653.784 0.00104229 1 -0.0586594 -0.119273 0.05 28271.4
0 4065 5 phononTF 0.00140113 4.85348 1.55124 0.00530328 23102.2 0.00034743 1 -0.0539258 -0.267635 0.05 37952.1
0 4082 4 phononTS 0.000550974 -4.52975 2.21807 0.00221851 23025.5 0.00034743 1 0.0334955 -0.0964561 0.05 68808.5
0 4132 2 phononTS 0.00197672 -2.97556 3.94188 0.0252927 4079.19 0.00034743 1 0.0292798 -0.262017 0.05 60672.5
0 4132 6 phononTF 0.00125422 0.0292798 -0.262017 0.049999 60672.5 0.00034743 1 0.0326753 -0.192494 0.05 60743.9
0 4184 2 phononL 0.00204387 -2.94531 4.94883 0.0399581 6884.74 0.00069486 1 -0.0438283 -0.241836 0.05 42244.4
0 4184 8 phononTF 0.000733593 -0.0438283 -0.241836 0.049998 42244.4 0.00069486 1 -0.0456775 -0.168673 0.05 42329.1
0 4222 3 phononTF 0.00247493 -1.81843 4.0666 0.0469377 2642.22 0.00069486 1 -0.0423549 -0.125905 0.05 12333.3
0 4225 3 phononTF 0.00199631 2.31771 4.27746 0.038934 14134.5 0.00034743 1 0.0767049 -0.222835 0.05 28286.3
0 4241 2 phononTS 0.00252359 -2.66657 4.3568 0.0167681 13423.5 0.00034743 1 -0.0660972 -0.199149 0.05 58607.4
0 4281 2 phononTS 0.00192226 -1.37314 4.35999 0.0372054 11381.5 0.00069486 1 0.0719317 -0.125784 0.05 84504.6
0 4324 5 phononTS 0.00112122 -1.52512 4.62156 0.000324469 846.435 0.00069486 1 0.0507071 -0.300376 0.05 4836.02
0 4353 2 phononTF 0.00161203 -1.67721 4.9734 -0.0400366 598.603 0.00034743 1 -0.0752667 -0.120903 0.05 68188.8
0 4393 5 phononTS 0.000999032 -0.224674 3.20708 0.0346322 13616 0.00034743 1 -0.0373606 -0.256628 0.05 80664.5
0 4409 3 phononTS 0.00229711 -1.77265 4.77826 -0.0322425 16.1546 0.00069486 1 -0.0431674 -0.148621 0.05 32904
0 4493 3 phononTS 0.00239955 -1.05526 4.75008 -0.0484603 3615.44 0.00034743 1 -0.0896045 -0.155446 0.05 19629.7
0 4583 3 phononTF 0.00229145 -0.765699 4.85121 -0.0232986 3701.46 0.00069486 1 0.0392427 -0.292021 0.05 25387.3
0 4583 11 phononL 0.000759402 0.0392427 -0.292021 0.049999 25387.3 0.00034743 1 0.0789447 -0.176242 0.05 25628.2
0 4583 10 phononTS 0.000566537 0.0392427 -0.292021 0.049999 25387.3 0.00034743 1 0.0306822 -0.283627 0.05 25443.6
0 4612 2 phononTS 0.00200717 -3.37091 4.22281 -0.00861911 3982.79 0.00034743 1 -0.0923683 -0.182135 0.05 13371.7
0 4612 4 phononTS 0.00114238 -0.0923683 -0.182135 0.049999 13371.7 0.00034743 1 0.0897117 -0.135407 0.05 13887.3
0 4612 10 phononTS 0.00063137 0.0897117 -0.135407 0.049999 13887.3 0.00034743 1 -0.0703021 -0.120766 0.05 13991.7
0 4635 2 phononTS 0.00148767 -3.39016 3.57701 0.0337245 5221.19 0.00034743 1 0.0474362 -0.120756 0.05 54576.7
0 4675 3 phononTS 0.00200091 -2.32766 3.68428 -0.0231393 11576.3 0.00034743 1 -0.0986621 -0.154411 0.05 38420.3
0 4679 4 phononTS 0.000422301 -0.638419 4.31664 0.0434974 26642.4 0.00034743 1 0.0139325 -0.201068 0.05 33308
0 4718 3 phononL 0.00173994 -1.57692 3.2493 0.0492836 5728.51 0.00034743 1 -0.101222 -0.194875 0.05 38779.1
0 4738 2 phononTS 0.0024279 -1.05442 4.06895 0.0105046 13504.4 0.00069486 1 -0.0292799 -0.242355 0.05 24795.3
0 4740 5 phononTS 0.00132233 -2.21485 0.667464 0.0341669 19954.6 0.00104229 1 0.104392 -0.213137 0.05 100702
0 4758 3 phononTS 0.00226004 -1.64415 4.89284 0.0138825 851.173 0.00034743 1 0.0288871 -0.0950558 0.05 5757.36
0 4758 4 phononTS 0.00103461 0.0288871 -0.0950558 0.049999 5757.36 0.00034743 1 -0.0845372 -0.223387 0.05 5850.06
0 4770 3 phononTF 0.00206677 -1.73224 4.73761 -0.00279896 4.13732 0.00034743 1 -0.0231346 -0.139235 0.05 41866.6
0 4770 5 phononTS 0.000457396 -0.0231346 -0.139235 0.049999 41866.6 0.00034743 1 0.0432175 -0.122957 0.05 42572.9
0 4782 3 phononTS 0.00135694 -0.972983 2.9273 -0.0369906 9501.71 0.00034743 1 -0.0835772 -0.125926 0.05 14071.7
0 4795 2 phononTS 0.00151903 -1.5977 3.99497 0.0167409 2321.23 0.00034743 1 -0.0259695 -0.154912 0.05 30841.8
0 4824 4 phononL 0.00162118 1.84694 3.40061 -0.0128717 33037.6 0.00069486 1 -0.0454545 -0.294297 0.05 37322.2
0 4865 2 phononTF 0.00147685 -2.8168 2.92761 0.00239546 16280.8 0.00069486 1 -0.0955531 -0.211299 0.05 32477.2
0 4892 3 phononL 0.00148928 -2.86069 3.68754 0.0184602 3244.15 0.00069486 1 0.116278 -0.196691 0.05 170816
0 4901 2 phononTF 0.00117763 -1.0105 4.13963 -0.0384481 15762.9 0.00034743 1 -0.0340355 -0.134278 0.05 114607
0 4901 6 phononL 0.000407322 -0.0340355 -0.134278 0.049999 114607 0.00034743 1 -0.068478 -0.177197 0.05 114662
0 4922 3 phononTS 0.00221326 -1.24718 4.33799 0.0297731 626.84 0.00034743 1 -0.0953677 -0.265527 0.05 17918.2
0 4942 2 phononTF 0.00220264 -0.829179 4.76044 0.0387279 1486.28 0.00104229 1 -0.0992777 -0.17321 0.05 30477.6
0 4953 4 phononTF 0.00119179 2.57028 4.76144 0.0475436 9512.37 0.00034743 1 -0.0348541 -0.200712 0.05 21497.3
0 4967 2 phononTS 0.00170915 -3.3738 3.8658 0.0323005 3440.29 0.00034743 1 0.0314314 -0.275979 0.05 57090
