Run ID,Event ID,Track ID,Particle Name,Start Energy [eV],Start X [mm],Start Y [mm],Start Z [mm],Start Time [ns],Energy Deposited [eV],Track Weight,End X [mm],End Y [mm],End Z [mm],Final Time [ns],Volume Name
0 1 2 phononTF 0.00237444 -0.117444 -2.53157 -0.0476465 5290.98 0.00034743 1 0.0175681 -0.183839 0.05 6046.93
0 1 7 phononTS 0.000481281 0.0175681 -0.183839 0.049999 6046.93 0.00034743 1 -0.0317079 -0.120477 0.05 6117.94
0 1 5 phononTS 0.00113015 0.0175681 -0.183839 0.049999 6046.93 0.00034743 1 0.0918857 -0.22942 0.05 6552.46
0 20 2 phononL 0.000898559 2.00276 -3.70705 -0.0348778 7902.88 0.00034743 1 -0.0455352 -0.12882 0.05 20074.7
0 29 3 phononL 0.00243529 1.26891 -3.96912 0.0101377 86.169 0.00104229 1 -0.0724254 -0.275115 0.05 68731.4
0 29 10 phononL 0.000735514 -0.0724254 -0.275115 0.049998 68731.4 0.00034743 1 0.100491 -0.260811 0.05 68787.9
0 67 4 phononTF 0.00153274 3.03785 -4.94088 0.00860802 8245.3 0.00034743 1 -0.0325171 -0.147235 0.05 67514.8
0 71 4 phononTS 0.000868439 -1.35662 -1.02338 -0.0402791 11915.3 0.00034743 1 -0.092723 -0.192472 0.05 33122.8
0 92 2 phononL 0.00160676 2.99033 -2.35124 -0.0241828 4810.52 0.00034743 1 -0.0509877 -0.212987 0.05 18274.2
0 96 2 phononTF 0.0021026 1.7496 -4.64815 -0.0443347 9120.43 0.00034743 1 -0.0758765 -0.26599 0.05 31428.4
0 126 2 phononL 0.00163656 1.55884 -4.9472 -0.0293005 2566.5 0.00069486 1 -0.0388867 -0.112077 0.05 35895.5
0 126 8 phononTS 0.000359979 -0.0388867 -0.112077 0.049999 35895.5 0.00034743 1 0.0284689 -0.142034 0.05 36613.5
0 146 5 phononTS 0.00146641 0.814038 -0.0542559 -0.0298265 31444.9 0.00034743 1 0.0894206 -0.22386 0.05 32346.6
0 146 6 phononTS 0.00108043 0.0894206 -0.22386 0.049999 32346.6 0.00069486 1 0.0582362 -0.110648 0.05 32428.7
0 167 4 phononL 0.000583485 -4.95193 -2.56849 0.0107355 55286.5 0.00034743 1 0.0645799 -0.213826 0.05 156249
0 191 3 phononTF 0.00119232 1.38464 -4.3816 -0.0240156 39.5037 0.00034743 1 -0.0439252 -0.169963 0.05 9902.67
0 196 3 phononTF 0.00201834 0.365281 -4.70744 -0.0402866 2165.08 0.00034743 1 0.0261943 -0.183986 0.05 39571.1
0 208 5 phononTF 0.00106619 -0.930355 -1.62353 -0.0418311 5271.63 0.00034743 1 0.103729 -0.1679 0.05 7841.17
0 210 3 phononTS 0.00144849 1.78565 -3.51436 0.0413186 8409.25 0.00034743 1 -0.0365287 -0.300763 0.05 20968.1
0 212 2 phononTF 0.00116937 0.767304 -3.99574 -0.0487559 2541.43 0.00034743 1 -0.0296284 -0.237794 0.05 58555.8
0 212 7 phononTS 0.000500178 -0.0296284 -0.237794 0.049999 58555.8 0.00034743 1 0.0402924 -0.260396 0.05 58637.9
0 243 3 phononTS 0.00162904 1.21622 -4.64306 -0.0141853 5998.3 0.00069486 1 -0.10366 -0.233359 0.05 11156.2
0 346 2 phononTS 0.000996113 0.392427 -4.45064 0.00710474 19262 0.00069486 1 0.0955446 -0.15609 0.05 49044.5
0 357 5 phononTS 0.000927088 3.08111 -0.469411 0.0370702 23798 0.00069486 1 0.0783267 -0.118341 0.05 105322
0 362 3 phononL 0.00115609 1.04659 -3.88161 -0.0416938 18899.1 0.00034743 1 -0.0487108 -0.177923 0.05 57881.9
0 369 3 phononTS 0.00284548 2.78681 -3.51878 -0.0391673 5102.39 0.00034743 1 -0.0714907 -0.268259 0.05 13979.9
0 393 5 phononTS 0.000901162 0.466633 -3.33684 -0.034819 29227.1 0.00034743 1 -0.0245861 -0.232313 0.05 198283
0 404 2 phononL 0.00206885 1.62465 -4.29891 -0.0170583 644.804 0.00034743 1 -0.0664777 -0.108005 0.05 15785.4
0 404 8 phononTS 0.00148627 -0.0664777 -0.108005 0.049999 15785.4 0.00034743 1 0.064014 -0.211684 0.05 31005.5
0 411 2 phononL 0.00133864 3.27392 -4.87477 0.00539363 8414.87 0.00034743 1 0.0914917 -0.220932 0.05 170390
0 411 6 phononTF 0.000894918 0.0914917 -0.220932 0.049999 170390 0.00034743 1 0.0176994 -0.229877 0.05 170536
0 419 1 phononTS 0.004 1.25 -4.25 0 0 0.00034743 1 0.0743468 -0.153403 0.05 11141.3
0 419 2 phononTF 0.00178459 0.0743468 -0.153403 0.049999 11141.3 0.00104229 1 0.0433524 -0.115976 0.05 11202.4
0 458 4 phononL 0.00173105 0.442446 2.85747 -0.0453355 25384.7 0.00069486 1 -0.0270138 -0.122536 0.05 35163.7
0 505 3 phononL 0.00227703 -1.39323 -3.60207 0.0313863 11747.4 0.00034743 1 -0.0478762 -0.243328 0.05 44247.4
0 509 3 phononTF 0.00261851 1.36182 -4.33045 0.0430946 26.9894 0.00104229 1 -0.0484215 -0.162138 0.05 8591.22
0 585 3 phononTS 0.00223281 2.74344 -3.49676 -0.0264115 7490.56 0.00138972 1 0.077272 -0.214747 0.05 10866.4
0 600 2 phononTS 0.00156899 1.31916 -4.90545 0.0100673 3050.43 0.00069486 1 0.0701945 -0.239396 0.05 6085.32
0 615 5 phononTS 0.00129711 0.170634 3.03021 0.00218693 67805.6 0.00034743 1 -0.0496757 -0.214711 0.05 87951.1
0 615 6 phononTS 0.000380939 -0.0496757 -0.214711 0.049999 87951.1 0.00034743 1 -0.0496615 -0.271209 0.05 168469
0 640 5 phononL 0.00144402 1.33327 -3.08637 0.0218167 7903.58 0.00069486 1 -0.0848641 -0.144472 0.05 47563.6
0 641 3 phononL 0.00156495 2.21494 -3.967 0.0378686 7362.21 0.00069486 1 0.0638393 -0.115581 0.05 35320.5
0 646 2 phononTF 0.00195219 1.25741 -4.28525 0.0161992 25.4928 0.00069486 1 0.0937917 -0.259891 0.05 160252
0 653 5 phononTS 0.00130214 2.16287 1.29533 0.0430672 68043.2 0.00069486 1 -0.0277374 -0.128223 0.05 178096
0 667 2 phononTS 0.00243198 -0.0218315 -4.51167 -0.0253643 12671.3 0.00034743 1 0.0667264 -0.265828 0.05 29585
0 718 2 phononTS 0.00204022 1.13685 -3.85118 -0.0237611 7924.36 0.00069486 1 0.0763927 -0.225171 0.05 14288.7
0 757 3 phononTS 0.00180608 0.440742 -2.31693 0.0310816 22263.5 0.00034743 1 -0.0396626 -0.101895 0.05 68580.8
0 761 2 phononTS 0.00180616 1.0543 -2.71201 0.0345627 6394.75 0.00069486 1 -0.0625196 -0.229308 0.05 16445.4
0 765 4 phononTS 0.000977752 2.45323 -3.58102 -0.0240577 8886.45 0.00034743 1 -0.0975664 -0.255747 0.05 20311.1
0 784 2 phononTS 0.00156819 1.05253 -4.12847 -0.0335813 508.67 0.00069486 1 0.0947193 -0.246565 0.05 6100.4
0 809 2 phononTS 0.00232551 0.930768 -4.06376 -0.00401412 1068 0.00034743 1 0.0710257 -0.253647 0.05 66638.9
0 812 2 phononTF 0.00184893 0.471768 -4.88205 -0.0477979 2034.29 0.00034743 1 0.0553694 -0.136942 0.05 65779.2
0 812 4 phononTF 0.000977237 0.0553694 -0.136942 0.049999 65779.2 0.00034743 1 0.0877563 -0.142674 0.05 65981.2
0 838 3 phononTS 0.00145224 -0.310026 -4.54311 -0.0329253 17174.5 0.00034743 1 -0.04585 -0.162544 0.05 64540.2
0 838 6 phononTS 0.000468561 -0.04585 -0.162544 0.049999 64540.2 0.00034743 1 -0.0590547 -0.270023 0.05 64762.5
0 861 2 phononTS 0.00173335 1.96125 -4.66892 -0.00122559 3437.05 0.00069486 1 -0.0216356 -0.199053 0.05 61432
0 887 2 phononTF 0.00160825 1.5694 -4.99242 0.0290506 20074 0.00069486 1 -0.0321231 -0.188941 0.05 29988.9
0 887 7 phononTS 0.000710795 -0.0321231 -0.188941 0.049999 29988.9 0.00034743 1 -0.0710365 -0.222826 0.05 30057.3
0 911 3 phononTF 0.00195779 2.08068 -4.94054 0.00530574 4468.8 0.00034743 1 -0.0972356 -0.260062 0.05 20969.9
0 915 3 phononTS 0.00186087 1.7203 -4.69782 0.0095889 1296.58 0.00069486 1 -0.0853121 -0.220595 0.05 84977
0 916 3 phononTF 0.00121507 0.771965 -4.19877 -0.0397472 4456.18 0.00034743 1 0.0485443 -0.121267 0.05 45480.2
0 923 2 phononL 0.00240559 1.46575 -3.32262 0.017615 3020.63 0.00034743 1 -0.03219 -0.149324 0.05 19229.2
0 923 5 phononTS 0.000467436 -0.03219 -0.149324 0.049999 19229.2 0.00034743 1 -0.0848134 -0.174111 0.05 19421.5
0 939 3 phononTS 0.00169439 -0.448246 -4.9906 0.00305157 10472 0.00069486 1 0.0616821 -0.292371 0.05 19602.8
0 964 5 phononTS 0.00123573 0.16209 -4.5944 0.0273377 16182 0.00069486 1 -0.0779568 -0.139641 0.05 26489
0 979 2 phononTS 0.00179218 -0.687276 -4.69073 0.0351529 8015.97 0.00034743 1 0.0967612 -0.19349 0.05 11282.5
0 979 5 phononTS 0.000757336 0.0967612 -0.19349 0.049999 11282.5 0.00034743 1 -0.0768595 -0.129403 0.05 12036.4
0 993 3 phononTF 0.00244696 1.43099 -4.69486 0.0193924 2029.1 0.00034743 1 -0.0685427 -0.249281 0.05 18939.2
0 995 2 phononTF 0.00247493 0.0388357 -4.41654 -0.00874716 2543.95 0.00034743 1 0.0284426 -0.305023 0.05 12653.4
0 1065 3 phononTF 0.00260417 1.66981 -3.67838 -0.0202664 5937.94 0.00138972 1 0.0289136 -0.178483 0.05 14377.7
0 1065 6 phononTS 0.000382679 0.0289136 -0.178483 0.049998 14377.7 0.00034743 1 0.0352389 -0.301737 0.05 31369.1
0 1073 2 phononTF 0.00130859 -0.738509 -4.69419 -0.0217708 11138.1 0.00069486 1 0.0920897 -0.178168 0.05 23916.9
0 1098 2 phononL 0.00246698 1.15384 -4.24874 -0.0127194 53.7986 0.00069486 1 0.0411053 -0.228986 0.05 22696
0 1128 3 phononTF 0.0012247 0.86142 -4.23207 0.0388505 4826.18 0.00069486 1 -0.107815 -0.204573 0.05 66987
0 1134 3 phononTS 0.00225763 1.26791 -4.35023 -0.037543 49.0217 0.00069486 1 -0.117966 -0.202024 0.05 27112.3
0 1137 3 phononTF 0.00247969 2.80441 -4.25711 0.020177 18505.8 0.00034743 1 -0.047905 -0.140887 0.05 36954.3
0 1144 2 phononTS 0.00177542 -0.651747 -3.2513 0.0402989 13594.9 0.00034743 1 0.0188247 -0.231381 0.05 35684
0 1148 3 phononTS 0.00257324 0.841598 -4.09 -0.0400775 4585.74 0.00034743 1 0.0940471 -0.187844 0.05 20121.8
0 1186 3 phononTF 0.00204836 1.40262 -3.79094 -0.0350916 2599.31 0.00034743 1 0.0868477 -0.273061 0.05 16523.1
0 1186 5 phononTS 0.000414843 0.0868477 -0.273061 0.049998 16523.1 0.00034743 1 0.0889418 -0.149897 0.05 16611.7
0 1228 3 phononTS 0.00181664 1.31665 -4.30029 -0.0319207 16.585 0.00069486 1 0.0783856 -0.203451 0.05 40486.5
0 1285 2 phononL 0.00139498 0.401726 -3.10289 0.0486883 9377.7 0.00069486 1 0.011269 -0.189086 0.05 16053.1
0 1329 3 phononTS 0.00207735 1.01892 -3.40535 -0.0298943 7888.93 0.00034743 1 -0.0717182 -0.196299 0.05 73416.8
0 1329 4 phononL 0.00118532 -0.0717182 -0.196299 0.049999 73416.8 0.00069486 1 0.0601818 -0.256195 0.05 73724.9
0 1373 2 phononL 0.00183391 1.08268 -4.36926 0.0356749 1892.99 0.00069486 1 -0.0665237 -0.276276 0.05 45299.2
0 1382 5 phononTF 0.0016326 2.60729 -0.380988 -0.0313849 9304.54 0.00034743 1 -0.0453679 -0.1502 0.05 31209
0 1392 2 phononTF 0.00180401 0.098591 -3.62736 0.000330286 1742.5 0.00034743 1 -0.0726446 -0.171056 0.05 11802.4
0 1489 3 phononTS 0.00198929 1.51785 -2.66802 -0.00209294 3179.22 0.00034743 1 -0.0462211 -0.124177 0.05 17898.4
0 1491 2 phononTS 0.00141838 0.559068 -4.27935 0.0379348 1270.02 0.00034743 1 0.0578713 -0.232654 0.05 18493
0 1543 3 phononL 0.00160401 1.26018 -4.10683 -0.0364444 47.1721 0.00069486 1 0.086701 -0.159441 0.05 24693.1
0 1556 5 phononL 0.00152136 -1.22775 -3.61223 -0.0128357 14063.8 0.00034743 1 -0.0185105 -0.214633 0.05 24971.3
0 1569 5 phononTS 0.00181477 3.36002 -2.57543 0.049869 24561.5 0.00069486 1 -0.0356315 -0.216431 0.05 119204
0 1574 2 phononL 0.00264361 1.25381 -3.73852 0.0138012 1330.9 0.00069486 1 0.0978882 -0.182167 0.05 28964.3
0 1581 4 phononTF 0.00114209 0.850726 -3.41697 0.00277026 3803.95 0.00069486 1 0.0716281 -0.199301 0.05 27900.7
0 1600 3 phononTS 0.00229655 1.25222 -4.2469 -0.00233296 0.819702 0.00034743 1 -0.106976 -0.18138 0.05 43854.4
0 1613 2 phononL 0.00163037 1.98757 -3.50682 -0.000283797 9499.87 0.00104229 1 -0.0438894 -0.135178 0.05 52798.3
0 1639 2 phononTF 0.00199082 1.26145 -3.92776 0.00135763 411.683 0.00034743 1 -0.0674658 -0.159033 0.05 6713.79
0 1646 2 phononTF 0.00174423 0.793491 -3.19265 0.0194639 4537.69 0.00069486 1 -0.0844648 -0.238602 0.05 48874.4
0 1649 3 phononL 0.00249426 0.184309 -4.77234 -0.00404914 5377.53 0.00104229 1 0.0639587 -0.144125 0.05 38246.7
0 1664 2 phononTS 0.00171658 0.498006 -4.37767 0.027182 6005.83 0.00034743 1 -0.081586 -0.258477 0.05 11673.7
0 1667 3 phononTS 0.00288958 0.680369 -2.2531 -0.01881 5570.67 0.00034743 1 -0.0521969 -0.121985 0.05 16745.9
0 1667 5 phononTF 0.00230001 -0.0521969 -0.121985 0.049999 16745.9 0.00138972 1 -0.0625421 -0.285512 0.05 17468.3
0 1691 3 phononTS 0.00235993 0.378087 -4.22719 -0.0417913 2068.02 0.00034743 1 -0.0848924 -0.253165 0.05 26594.5
0 1719 3 phononTS 0.00158056 1.30602 -3.7347 -0.0214185 1982.69 0.00069486 1 -0.0568601 -0.236335 0.05 7777.91
0 1725 4 phononTF 0.00107995 2.07018 -4.56244 0.0152904 24502.8 0.00034743 1 -0.0448583 -0.113507 0.05 70629
0 1725 6 phononL 0.000392756 -0.0448583 -0.113507 0.049999 70629 0.00034743 1 0.119333 -0.214777 0.05 70728.1
0 1743 3 phononTS 0.00111848 1.33672 -4.11255 -0.00996331 473.296 0.00069486 1 0.0612982 -0.230053 0.05 2610.41
0 1744 3 phononTS 0.00197965 0.700392 -4.53925 -0.0259826 1468.34 0.00069486 1 0.10114 -0.206464 0.05 77817.1
0 1744 5 phononTS 0.000385882 0.10114 -0.206464 0.049999 77817.1 0.00034743 1 0.111938 -0.231042 0.05 124347
0 1764 2 phononL 0.00160209 0.862697 -4.62231 -0.035772 100.718 0.00034743 1 0.0322019 -0.186654 0.05 21997.9
0 1778 3 phononTS 0.00281814 0.600671 -3.98149 -0.000327086 1166.26 0.00034743 1 -0.0853996 -0.227583 0.05 10945.8
0 1786 3 phononTF 0.00210007 1.53838 -4.28648 0.0454759 4693.13 0.00034743 1 -0.0229626 -0.237714 0.05 29269.4
0 1786 8 phononTS 0.000544559 -0.0229626 -0.237714 0.049999 29269.4 0.00034743 1 0.0194663 -0.175875 0.05 29336.3
0 1794 3 phononTS 0.00222572 0.45341 -3.59173 -0.0378054 1130.55 0.00034743 1 -0.0460477 -0.227889 0.05 13986.6
0 1794 5 phononTS 0.00056414 -0.0460477 -0.227889 0.049999 13986.6 0.00034743 1 0.0714843 -0.168378 0.05 14106.8
0 1796 2 phononTS 0.00256786 1.322 -4.27836 -0.0354126 16.2526 0.00104229 1 -0.0587909 -0.246407 0.05 25525.9
0 1802 4 phononTF 0.00175225 1.85068 -0.375019 -0.0446265 13785.6 0.00034743 1 -0.0724079 -0.163986 0.05 14863.8
0 1802 7 phononTS 0.00112361 -0.0724079 -0.163986 0.049999 14863.8 0.00034743 1 -0.080358 -0.197732 0.05 14922.9
0 1806 3 phononTS 0.00248678 1.1968 -4.23684 0.0352819 688.903 0.00069486 1 -0.067417 -0.122365 0.05 36590.1
0 1836 3 phononTS 0.00164966 0.594276 -3.36519 -0.0211605 1035.26 0.00034743 1 -0.0727127 -0.169948 0.05 97148.5
0 1844 2 phononTS 0.00198204 0.669499 -4.76312 -0.0157967 9610.76 0.00069486 1 0.0563738 -0.208844 0.05 30519.5
0 1875 3 phononL 0.00259653 -0.8026 -2.70611 -0.0217282 3829.27 0.00034743 1 0.11311 -0.203626 0.05 25976.9
0 1880 5 phononTS 0.00155935 2.15974 -2.90754 -0.000396713 7169.29 0.00034743 1 0.0801776 -0.151316 0.05 114453
0 1880 7 phononTS 0.000600002 0.0801776 -0.151316 0.049999 114453 0.00034743 1 0.0461966 -0.124645 0.05 114520
0 1884 3 phononL 0.00240836 1.18129 -4.18736 0.0356548 2173.03 0.00069486 1 -0.0439953 -0.24217 0.05 17393.6
0 1894 3 phononTS 0.00225655 0.732553 -4.61649 0.00462407 2459.17 0.00034743 1 -0.0682061 -0.147501 0.05 27916.4
0 1915 2 phononTF 0.00182915 1.79888 -2.54841 0.0391042 17075.9 0.00069486 1 0.0320271 -0.113354 0.05 66201.6
0 1915 7 phononTF 0.00057643 0.0320271 -0.113354 0.049999 66201.6 0.00034743 1 0.0808532 -0.205259 0.05 66350.2
0 1924 3 phononTS 0.0016177 1.84513 -3.43095 0.0444197 3732.23 0.00069486 1 0.0462029 -0.15117 0.05 11099.5
0 1943 2 phononTS 0.00170617 1.37111 -4.27888 0.00728917 31.0767 0.00034743 1 0.0711362 -0.116161 0.05 6678.14
0 1949 5 phononTF 0.00125897 -2.88308 -2.77555 0.02991 22447.3 0.00034743 1 0.0372312 -0.136523 0.05 77338
0 1977 5 phononTF 0.00130163 0.806547 -1.1131 -0.0156153 14917.5 0.00034743 1 0.0394517 -0.10384 0.05 16374.8
0 1997 2 phononTF 0.00146956 1.57459 -4.49513 0.0212447 2347.78 0.00034743 1 -0.0332496 -0.253254 0.05 31837
0 2037 3 phononL 0.00166904 1.2296 -4.24993 -0.0156018 4.85023 0.00069486 1 -0.0565902 -0.181675 0.05 10765.5
0 2062 2 phononTS 0.00122047 1.88506 -4.97151 -0.0209359 2279.75 0.00034743 1 0.055279 -0.260828 0.05 153343
0 2091 2 phononTF 0.00193385 1.10612 -4.15206 -0.010543 334.28 0.00069486 1 -0.0975821 -0.192684 0.05 11195.5
0 2096 4 phononL 0.00190511 4.81775 -4.34424 0.0227004 12952.2 0.00034743 1 0.0491438 -0.101311 0.05 45522.3
0 2096 8 phononTF 0.00071707 0.0491438 -0.101311 0.049999 45522.3 0.00034743 1 -0.0739727 -0.12559 0.05 45595.9
0 2107 2 phononTS 0.00278875 2.35959 -4.65163 -0.0260325 6070.24 0.00034743 1 0.0862869 -0.162566 0.05 13232.8
0 2143 2 phononL 0.00168551 -0.00375739 -2.06994 0.0191474 12749.5 0.00069486 1 0.0772508 -0.155234 0.05 17150.5
0 2157 2 phononTF 0.00181117 1.3385 -4.46621 0.0295446 856.905 0.00069486 1 -0.0199351 -0.233958 0.05 83460.9
0 2219 2 phononTF 0.00156994 1.79753 -4.68817 0.00996349 4467.62 0.00034743 1 0.0744765 -0.242027 0.05 30486.3
0 2219 4 phononTS 0.000799387 0.0744765 -0.242027 0.049999 30486.3 0.00034743 1 0.0803662 -0.180665 0.05 30780.2
0 2245 2 phononTS 0.00194793 1.87077 -4.23202 0.0278342 7374.05 0.00034743 1 -0.0205679 -0.189525 0.05 34415.1
0 2248 3 phononL 0.00201792 -0.12079 -4.59101 0.0446922 14430.7 0.00034743 1 0.0318724 -0.244112 0.05 51624
0 2248 6 phononL 0.000657465 0.0318724 -0.244112 0.049999 51624 0.00034743 1 -0.0152496 -0.172722 0.05 51820
0 2257 3 phononTF 0.00172624 1.6736 -4.74999 -0.0247926 6097.91 0.00034743 1 0.104161 -0.188317 0.05 36680.5
0 2270 2 phononTF 0.00208623 1.33875 -4.40062 -0.0343245 34.0724 0.00034743 1 0.0695886 -0.246549 0.05 18801.7
0 2298 3 phononL 0.00210594 2.99106 -4.71533 0.000721053 7290.63 0.00104229 1 -0.0468702 -0.285424 0.05 15001.3
0 2331 4 phononTF 0.00114459 1.45505 -3.50028 -0.0401185 21801 0.00034743 1 0.0668923 -0.254164 0.05 57321.8
0 2332 2 phononTF 0.00131521 0.902647 -3.99706 -0.0239418 29836 0.00034743 1 0.108429 -0.224496 0.05 53761.4
0 2340 2 phononTF 0.00120908 -0.903077 -4.45622 0.0282573 2906.45 0.00034743 1 -0.112691 -0.203113 0.05 158329
0 2340 5 phononTS 0.000793442 -0.112691 -0.203113 0.049999 158329 0.00034743 1 -0.0636466 -0.195551 0.05 158396
0 2350 2 phononTS 0.00135938 -0.514051 -4.99962 -0.0410676 13121.9 0.00034743 1 0.0752541 -0.112748 0.05 33052.7
0 2369 2 phononTS 0.00192549 3.49981 -3.81091 0.0187801 4204.78 0.00034743 1 0.104191 -0.236636 0.05 27774.9
0 2387 2 phononL 0.00245851 0.861999 -4.03165 0.017736 10106.7 0.00069486 1 -0.0282642 -0.122798 0.05 18809.3
0 2397 3 phononTF 0.00207112 -0.186071 -3.15445 0.0276854 8097.7 0.00069486 1 0.0648679 -0.195438 0.05 43415.2
0 2418 3 phononTF 0.000940898 -2.12744 -2.78105 0.0366478 8833.32 0.00034743 1 -0.0626522 -0.176782 0.05 49741.1
0 2425 2 phononTF 0.00269513 1.37149 -3.79396 -0.00119299 1779.14 0.00034743 1 -0.0172743 -0.179433 0.05 28805.2
0 2425 6 phononTF 0.000644885 -0.0172743 -0.179433 0.049998 28805.2 0.00034743 1 0.0293557 -0.286154 0.05 30275.1
0 2469 3 phononL 0.00166175 1.93719 -2.38396 0.0102883 12395.4 0.00034743 1 -0.0627515 -0.220818 0.05 136824
0 2469 6 phononTS 0.000464013 -0.0627515 -0.220818 0.049999 136824 0.00034743 1 -0.0340906 -0.164211 0.05 136895
0 2496 3 phononTF 0.00227099 -1.15719 -3.26141 0.042711 9653.09 0.00034743 1 -0.0781542 -0.12292 0.05 41193.1
0 2496 8 phononTS 0.000457679 -0.0781542 -0.12292 0.049999 41193.1 0.00034743 1 -0.0514124 -0.100677 0.05 41257.4
0 2497 3 phononTF 0.00115862 1.80864 -4.50822 0.029565 2680.72 0.00034743 1 0.0197918 -0.162309 0.05 59214.7
0 2521 5 phononTS 0.00110454 -0.0469935 -1.78584 -0.0458288 6284.14 0.00034743 1 -0.0835456 -0.151009 0.05 122207
0 2565 3 phononL 0.00188703 0.744259 -4.78004 0.0257651 7670.59 0.00069486 1 0.0751366 -0.280496 0.05 15389.6
0 2609 3 phononL 0.00209255 0.854657 -3.69754 -0.0382703 1747.92 0.00069486 1 0.109231 -0.245613 0.05 13368.7
0 2614 2 phononTF 0.00227428 0.721056 -2.22231 0.0461649 6953 0.00069486 1 0.0858744 -0.232721 0.05 11670.7
0 2625 3 phononTF 0.00276831 0.918523 -4.09754 -0.0384001 80.3961 0.00034743 1 0.0346744 -0.175957 0.05 25120.9
0 2633 5 phononTS 0.0012966 -0.408852 -1.69496 -0.0191978 4625.83 0.00069486 1 -0.110566 -0.243602 0.05 14668.9
0 2638 3 phononTS 0.00115907 3.70007 -3.93455 0.0451026 3722.94 0.00034743 1 -0.0583948 -0.246915 0.05 52120.9
0 2644 2 phononTF 0.0025939 0.440226 -0.635292 -0.0112348 15847.2 0.00069486 1 -0.0450551 -0.116145 0.05 17333.8
0 2646 5 phononTS 0.00097386 2.97907 -4.79419 -0.0369105 18557.9 0.00034743 1 -0.0628598 -0.135609 0.05 21558.6
0 2663 3 phononTS 0.00230603 1.85264 -2.29143 0.0378742 29785.2 0.00034743 1 -0.101609 -0.236579 0.05 62963.3
0 2663 4 phononTS 0.0014123 -0.101609 -0.236579 0.049999 62963.3 0.00034743 1 -0.0846435 -0.244701 0.05 63024.1
0 2686 2 phononTS 0.00227825 1.07539 -4.10273 0.0408662 315.219 0.00034743 1 -0.0565604 -0.199724 0.05 32776.8
0 2723 5 phononTF 0.000755681 -2.63174 -4.05158 -0.03942 20669.6 0.00069486 1 0.0530148 -0.208406 0.05 50335.4
0 2800 2 phononTF 0.00284132 1.25675 -3.7695 0.00886418 1181.43 0.00034743 1 -0.109708 -0.234619 0.05 22119.1
0 2800 6 phononTS 0.00201278 -0.109708 -0.234619 0.049999 22119.1 0.00034743 1 0.086902 -0.219473 0.05 23665.8
0 2800 11 phononTS 0.000701248 0.086902 -0.219473 0.049999 23665.8 0.00034743 1 0.0864881 -0.202636 0.05 23722
0 2832 3 phononL 0.00196659 0.530615 -3.83841 -0.0315077 1847.23 0.00034743 1 -0.0360883 -0.126805 0.05 31602.4
0 2832 4 phononTS 0.000661534 -0.0360883 -0.126805 0.049999 31602.4 0.00034743 1 -0.0544526 -0.138574 0.05 31663.4
0 2835 2 phononL 0.00203582 0.343227 -3.55152 0.0419215 4079.66 0.00034743 1 -0.0976194 -0.185926 0.05 14421.2
0 2840 3 phononTF 0.00134414 1.72916 -4.86849 -0.045235 3544.29 0.00069486 1 0.0690758 -0.273981 0.05 8345.24
0 2856 5 phononTF 0.00254238 3.91031 -2.7959 -0.01971 25912.5 0.00069486 1 -0.0300052 -0.263 0.05 42124.5
0 2857 5 phononTF 0.00163075 -0.706587 -4.318 0.0407814 24798.4 0.00034743 1 -0.0765796 -0.260151 0.05 199294
0 2863 2 phononTS 0.00153835 1.25387 -4.24532 0.0385104 7.96131 0.00034743 1 -0.0917906 -0.158811 0.05 40829.2
0 2863 7 phononTS 0.000398524 -0.0917906 -0.158811 0.049999 40829.2 0.00034743 1 -0.0581691 -0.156033 0.05 41021.4
0 2892 3 phononTS 0.00221306 1.51209 -3.20747 -0.0417343 7965.38 0.00034743 1 -0.0540744 -0.163028 0.05 31683.8
0 2892 5 phononTF 0.00122628 -0.0540744 -0.163028 0.049998 31683.8 0.00034743 1 -0.0404743 -0.230878 0.05 31754.3
0 2905 3 phononL 0.00265976 1.94354 -3.05814 -0.0116151 3262.25 0.00034743 1 0.0153407 -0.189721 0.05 14014.9
0 2905 5 phononTS 0.000374833 0.0153407 -0.189721 0.049999 14014.9 0.00034743 1 -0.103476 -0.181721 0.05 36623
0 2918 2 phononTF 0.00102166 4.50078 -4.14651 -0.02198 22332.8 0.00034743 1 0.0838267 -0.125384 0.05 94849.5
0 2921 3 phononTF 0.00262191 1.52033 -4.18971 -0.000826614 1177.2 0.00034743 1 -0.0535818 -0.230139 0.05 10763.5
0 2969 3 phononTS 0.00172264 0.952111 -3.26769 0.0398787 9086.07 0.00034743 1 -0.0427946 -0.261684 0.05 14924.2
0 2969 4 phononTS 0.00077941 -0.0427946 -0.261684 0.049999 14924.2 0.00034743 1 0.0306806 -0.202634 0.05 15265
0 2995 2 phononTS 0.00132202 1.3952 -4.79229 0.0466918 1151.07 0.00069486 1 0.0622583 -0.294824 0.05 17532.1
0 3049 2 phononL 0.00198091 1.89156 -3.82617 -0.0381065 3404 0.00104229 1 0.111592 -0.224994 0.05 15774.6
0 3076 3 phononTS 0.00196221 1.24628 -4.2984 0.0110796 24821.9 0.00034743 1 -0.0626793 -0.265273 0.05 101681
0 3077 2 phononTF 0.00106887 1.11317 -4.46343 -0.00603122 573.221 0.00034743 1 -0.0814367 -0.282841 0.05 5564.94
0 3089 5 phononTF 0.00152431 1.3356 -4.14857 0.00834527 25701.3 0.00034743 1 -0.0303286 -0.262443 0.05 39951.3
0 3136 5 phononTF 0.00138739 4.29806 -0.506631 0.0310137 22236.5 0.00034743 1 0.0802058 -0.190856 0.05 55716.3
0 3235 4 phononTS 0.00133732 2.12822 -2.08497 -0.0425452 51042.1 0.00034743 1 -0.0942542 -0.235125 0.05 60968.7
0 3236 2 phononTS 0.00254177 1.06103 -4.37207 0.0221109 5093.87 0.00034743 1 0.104101 -0.191102 0.05 15481
0 3236 4 phononTF 0.00145579 0.104101 -0.191102 0.049999 15481 0.00069486 1 0.0611918 -0.251461 0.05 15547.5
0 3264 3 phononTF 0.00248872 1.09962 -4.96305 0.0489254 8143.33 0.00034743 1 0.120645 -0.20683 0.05 19208.9
0 3297 2 phononTS 0.00247992 -0.150512 -3.48505 0.0391101 4946.18 0.00069486 1 -0.0278965 -0.205089 0.05 66590.1
0 3297 9 phononTS 0.000362905 -0.0278965 -0.205089 0.049999 66590.1 0.00034743 1 0.0136204 -0.175254 0.05 66657.3
0 3310 4 phononTF 0.00202966 -1.72055 0.0504923 -0.0303695 30908.1 0.00104229 1 0.0250847 -0.118228 0.05 95334.6
0 3392 7 phononTS 0.00079177 3.57686 -2.10967 0.044803 41559.3 0.00034743 1 0.0554577 -0.297906 0.05 69750.1
0 3456 3 phononTS 0.00169414 -2.03867 -4.39446 0.0386596 5478.33 0.00069486 1 0.0830683 -0.182 0.05 13509.5
0 3504 2 phononTS 0.00280678 0.674627 -4.5511 0.0363474 673.309 0.00034743 1 -0.105062 -0.247594 0.05 8168.51
0 3515 3 phononTF 0.00186004 1.37608 -4.29117 0.0269428 37.2074 0.00104229 1 -0.0677471 -0.109605 0.05 9619.56
0 3567 5 phononTF 0.00201059 -0.817684 -1.78578 -0.0237259 22873.3 0.00069486 1 0.0544205 -0.239928 0.05 38605.1
0 3581 2 phononTS 0.00169738 0.443366 -4.52732 0.00641661 4113.36 0.00034743 1 -0.0252637 -0.262362 0.05 24086.1
0 3638 3 phononTF 0.00238159 1.4433 -3.42547 -0.0465549 2203.24 0.00034743 1 -0.075291 -0.221549 0.05 4427.14
0 3692 5 phononTF 0.00175231 3.17999 -4.08598 0.0413406 19049.9 0.00104229 1 -0.0625629 -0.190877 0.05 40212.5
0 3699 3 phononTS 0.00236474 0.837563 -4.27353 4.48639e-05 2324.24 0.00034743 1 0.0427764 -0.126092 0.05 27477.7
0 3699 4 phononTS 0.000795883 0.0427764 -0.126092 0.049999 27477.7 0.00034743 1 0.0427869 -0.132142 0.05 27536
0 3733 3 phononL 0.00229849 0.00252557 -4.42201 0.0344898 4583.3 0.00069486 1 0.0921147 -0.230941 0.05 10058.1
0 3734 2 phononTS 0.00150457 1.81255 -3.86338 0.0053752 2053.58 0.00034743 1 -0.0387446 -0.215997 0.05 94287.4
0 3760 3 phononTF 0.00213093 1.51139 -2.7636 -0.0390823 1668.8 0.00069486 1 -0.103288 -0.224176 0.05 39375.9
0 3768 2 phononTS 0.00103555 0.0135911 -4.61035 0.0158617 8650.3 0.00034743 1 -0.0131658 -0.175652 0.05 106649
0 3783 3 phononL 0.00220147 -0.0559146 -2.49027 -0.00643115 11573 0.00034743 1 -0.0162743 -0.177828 0.05 17035.1
0 3791 2 phononL 0.0016861 1.23736 -4.16874 -0.0476216 18.2492 0.00069486 1 0.0280636 -0.107008 0.05 11702
0 3791 6 phononTS 0.000546656 0.0280636 -0.107008 0.049999 11702 0.00034743 1 -0.0764628 -0.271224 0.05 11807.8
0 3821 2 phononTF 0.00192877 2.47508 -4.6504 0.0308606 6473.3 0.00069486 1 0.0933064 -0.206905 0.05 56164
0 3839 3 phononL 0.00161611 0.532614 -4.74469 0.0466335 2442.52 0.00069486 1 0.0485583 -0.158393 0.05 21798.7
0 3867 2 phononL 0.00137858 -1.34478 -2.90663 -0.0378923 7997.07 0.00034743 1 0.103044 -0.187975 0.05 28924.6
0 3873 3 phononTF 0.00187395 1.38402 -3.29507 -0.0220925 2387.64 0.00034743 1 0.0293922 -0.302694 0.05 82060.1
0 3874 2 phononTS 0.00142909 -0.38913 -4.89982 0.00527986 3082.56 0.00034743 1 0.0830733 -0.22004 0.05 27605.1
0 3874 6 phononTS 0.000422723 0.0830733 -0.22004 0.049999 27605.1 0.00034743 1 0.0414368 -0.186398 0.05 27672.1
0 3892 4 phononTS 0.000942843 1.79492 1.84657 0.0422347 180512 0.00034743 1 0.0998529 -0.255588 0.05 183045
0 3894 2 phononL 0.00244627 1.931 -4.48396 -0.00220185 4250.93 0.00104229 1 -0.103201 -0.238019 0.05 26503.7
0 3896 3 phononTF 0.0025011 1.50829 -3.64353 0.00980022 3817.05 0.00034743 1 -0.038344 -0.30425 0.05 24668.2
0 3896 6 phononTS 0.000520043 -0.038344 -0.30425 0.049999 24668.2 0.00034743 1 -0.103535 -0.255664 0.05 25170.5
0 3949 3 phononTS 0.00163499 1.33596 -4.19896 -0.0422455 459.811 0.00104229 1 0.0520284 -0.297946 0.05 43215.6
0 3953 4 phononTS 0.00177421 3.21533 -3.99942 -0.0130149 7701.79 0.00069486 1 0.0762014 -0.211141 0.05 22097.5
0 3954 2 phononTS 0.0024403 3.24869 -3.44153 0.00693733 42214.2 0.00034743 1 -0.0992182 -0.180025 0.05 95551.1
0 3954 5 phononTS 0.00084582 -0.0992182 -0.180025 0.049999 95551.1 0.00034743 1 -0.0309291 -0.221051 0.05 95624.1
0 3954 13 phononTF 0.000475268 -0.0309291 -0.221051 0.049999 95624.1 0.00034743 1 0.0462604 -0.245549 0.05 95686.5
0 3971 2 phononL 0.00145514 1.61919 -3.85618 0.0462775 3025.69 0.00034743 1 0.0927722 -0.195648 0.05 63896.8
0 3979 2 phononTS 0.00173885 1.72474 -4.49295 0.019212 3145.42 0.00034743 1 -0.114993 -0.213806 0.05 20927.7
0 3994 2 phononTS 0.00166139 0.313074 -4.86817 0.0387921 1915.79 0.00069486 1 -0.0577468 -0.107612 0.05 45189.5
0 4013 3 phononTS 0.00136683 0.901208 -3.39651 -0.0498585 6979.27 0.00069486 1 0.0260236 -0.249777 0.05 103789
0 4031 3 phononTS 0.00138663 -0.380669 -1.56926 0.0138113 8198.2 0.00069486 1 -0.0287513 -0.200424 0.05 25047.5
0 4059 4 phononTS 0.00121213 2.05536 -1.59849 0.00578895 14758 0.00034743 1 -0.0697973 -0.124325 0.05 74333.7
0 4062 2 phononTS 0.00187304 1.09903 -4.71714 0.0479055 617.547 0.00034743 1 0.0194623 -0.174131 0.05 44234.1
0 4062 4 phononL 0.000852176 0.0194623 -0.174131 0.049999 44234.1 0.00034743 1 0.115306 -0.223133 0.05 44337.3
0 4090 3 phononTF 0.00201426 2.4767 -4.68509 -0.0030462 17949 0.00034743 1 0.0769812 -0.25654 0.05 24980.7
0 4098 5 phononTS 0.00117757 -0.417136 0.214184 -0.00374205 73208.6 0.00034743 1 0.022107 -0.137146 0.05 133900
0 4104 4 phononTS 0.000770701 0.29814 -0.411148 -0.00143058 38869 0.00034743 1 0.051025 -0.138999 0.05 40132.5
0 4140 3 phononTF 0.00277111 0.201364 -4.9862 -0.0316685 10412.3 0.00034743 1 -0.0256694 -0.286151 0.05 37671.6
0 4199 5 phononTS 0.00102391 -0.259319 -3.94496 0.0264494 4765.2 0.00034743 1 -0.0821071 -0.283008 0.05 45485.9
0 4203 2 phononL 0.00246045 0.859553 -3.27539 -0.0488008 4328.76 0.00069486 1 0.0426315 -0.290853 0.05 64748.9
0 4209 2 phononTS 0.00163193 0.547421 -4.14306 -0.0407239 1329.25 0.00034743 1 0.0641865 -0.1531 0.05 6735.21
0 4218 3 phononTS 0.00250474 1.83372 -2.57226 0.0204974 7466.5 0.00034743 1 0.0444285 -0.195513 0.05 23009
0 4218 9 phononTS 0.000353852 0.0444285 -0.195513 0.049998 23009 0.00034743 1 0.0800245 -0.186082 0.05 23070.7
0 4222 4 phononTS 0.00123562 -0.338713 -1.37078 -0.00148346 34855.9 0.00034743 1 0.0246469 -0.164905 0.05 45027.5
0 4222 6 phononTF 0.000726502 0.0246469 -0.164905 0.049999 45027.5 0.00034743 1 0.0226483 -0.271128 0.05 45181.7
0 4231 5 phononTF 0.00112753 -3.63951 -2.17118 0.0485375 67006.7 0.00034743 1 -0.0848357 -0.129448 0.05 108942
0 4237 2 phononL 0.0021946 0.894547 -4.51939 0.0196858 1173.01 0.00034743 1 0.116645 -0.19599 0.05 7691.63
0 4291 3 phononL 0.00201585 1.59671 -3.7531 0.0121884 4474.74 0.00069486 1 -0.0978076 -0.253534 0.05 7844.56
0 4343 2 phononTF 0.00141705 1.5008 -4.366 -0.0448423 8230.85 0.00034743 1 0.0396506 -0.125681 0.05 27340.4
0 4349 3 phononTS 0.00190595 1.23522 -4.36853 -0.00506714 6574.19 0.00034743 1 -0.0556161 -0.133725 0.05 9587.43
0 4373 3 phononTS 0.00214703 1.08049 -4.53512 -0.0264211 797.713 0.00034743 1 0.0900945 -0.184069 0.05 9958.54
0 4373 4 phononTS 0.000699669 0.0900945 -0.184069 0.049999 9958.54 0.00034743 1 -0.0472116 -0.241653 0.05 10047.4
0 4377 2 phononTS 0.00150344 1.71792 -4.45522 -0.0134352 3031.7 0.00069486 1 -0.0634315 -0.143848 0.05 20836.1
0 4383 2 phononTF 0.00209277 1.11531 -4.54738 -0.0184975 1759.7 0.00034743 1 -0.0411096 -0.183595 0.05 35224.1
0 4394 3 phononL 0.00139791 2.53603 -3.99774 0.0443206 9327.14 0.00069486 1 -0.0753622 -0.271692 0.05 25804.4
0 4415 2 phononTF 0.00167514 0.900882 -3.71355 -0.037279 483.47 0.00069486 1 0.0269404 -0.247687 0.05 46648.3
0 4422 3 phononTF 0.00203438 1.41886 -4.535 0.0486832 1701.09 0.00069486 1 0.0260457 -0.283228 0.05 11189.8
0 4424 5 phononTF 0.00172367 3.90482 -3.56174 0.011736 13086.9 0.00104229 1 -0.0881761 -0.162878 0.05 61277
0 4451 3 phononTS 0.00265098 0.73313 -3.15723 0.0429577 25557.8 0.00034743 1 -0.0988474 -0.135469 0.05 33553.6
0 4451 4 phononTS 0.0020511 -0.0988474 -0.135469 0.049999 33553.6 0.00104229 1 -0.0483318 -0.25042 0.05 39707.6
0 4453 2 phononTS 0.00170511 1.62431 -4.45145 -0.0142726 426.782 0.00034743 1 -0.0175426 -0.158913 0.05 18962.6
0 4496 4 phononTF 0.00186432 2.38099 -0.232499 -0.0436677 20752.9 0.00034743 1 0.0678226 -0.14289 0.05 31581.2
0 4515 5 phononL 0.00123887 -0.593793 -4.03649 -0.0230332 14934.6 0.00034743 1 -0.0631528 -0.147194 0.05 44598.5
0 4542 2 phononTS 0.00206839 1.36876 -3.01103 0.0077998 6228.24 0.00034743 1 0.02213 -0.197387 0.05 87149.2
0 4578 3 phononTF 0.00245207 -2.18722 -4.22433 -0.0114584 16413.5 0.00138972 1 -0.033408 -0.105271 0.05 28770.7
0 4636 2 phononTF 0.0018862 1.3667 -4.39247 0.00688199 969.745 0.00069486 1 0.047301 -0.101831 0.05 9343.59
0 4648 2 phononL 0.00223758 1.3761 -0.941258 0.0243595 12594 0.00034743 1 0.0666573 -0.284109 0.05 13689.7
0 4689 4 phononTF 0.00119219 2.3807 -4.07419 0.0114372 10629.5 0.00034743 1 -0.0852063 -0.118979 0.05 25910.4
0 4732 2 phononTF 0.00201582 1.02619 -4.39133 -0.0104096 5900.81 0.00034743 1 0.0590549 -0.282438 0.05 26031.9
0 4739 2 phononTS 0.00148755 4.3521 -4.69594 0.0410949 17453.1 0.00069486 1 0.035008 -0.248268 0.05 35420.8
0 4764 2 phononL 0.00183335 -0.482834 -4.34238 -0.0317338 4611.22 0.00069486 1 -0.0495146 -0.270934 0.05 44321.7
0 4778 2 phononL 0.0015663 -1.34049 -3.54601 -0.0143002 36160.5 0.00034743 1 0.0742599 -0.150331 0.05 76021.4
0 4785 4 phononTS 0.0016342 2.18676 1.74526 0.0486187 15121.7 0.00034743 1 -0.0486762 -0.252755 0.05 29822.7
0 4785 6 phononTS 0.000478272 -0.0486762 -0.252755 0.049998 29822.7 0.00034743 1 -0.0589133 -0.230896 0.05 29885.7
0 4804 2 phononTF 0.00227377 2.2957 -3.56172 0.00455393 4279.53 0.00104229 1 0.115786 -0.182485 0.05 53442.9
0 4804 9 phononTS 0.000505843 0.115786 -0.182485 0.049999 53442.9 0.00034743 1 0.0544019 -0.174658 0.05 53651.2
0 4806 3 phononTF 0.00178943 1.04927 -3.74524 -0.010711 639.495 0.00104229 1 0.0752943 -0.226493 0.05 32208.1
0 4820 3 phononTS 0.00110818 1.47705 -4.47923 0.0057361 1850.72 0.00034743 1 -0.0598977 -0.185586 0.05 60160.7
0 4820 6 phononTS 0.000379039 -0.0598977 -0.185586 0.049999 60160.7 0.00034743 1 0.0361157 -0.0982636 0.05 60254.1
0 4850 3 phononTS 0.00241419 0.721582 -4.84881 -0.0307582 671.3 0.00034743 1 -0.0429816 -0.164943 0.05 10485.1
0 4850 6 phononTS 0.000364206 -0.0429816 -0.164943 0.049999 10485.1 0.00034743 1 -0.0914909 -0.156328 0.05 47351.4
0 4871 5 phononTF 0.00120242 1.33379 -2.73125 -0.0364222 13361.6 0.00069486 1 0.0708373 -0.275067 0.05 45567.1
0 4875 3 phononL 0.00164477 1.11322 -4.06081 0.0218912 307.679 0.00069486 1 0.0325727 -0.220159 0.05 19461.7
0 4875 6 phononTS 0.00046859 0.0325727 -0.220159 0.049999 19461.7 0.00034743 1 -0.0320817 -0.143013 0.05 19628.7
0 4887 4 phononTS 0.000875341 0.840283 -3.9648 -0.00538359 18387 0.00034743 1 -0.0366082 -0.168418 0.05 23804.3
0 4906 2 phononL 0.00210934 1.54043 -3.79603 0.0307497 2837.47 0.00069486 1 0.0472353 -0.15992 0.05 10926.1
0 4906 6 phononTS 0.000472635 0.0472353 -0.15992 0.049999 10926.1 0.00034743 1 -0.0608017 -0.19755 0.05 13986.4
0 4912 3 phononL 0.00201404 0.98691 -3.59553 0.000565349 3911.23 0.00104229 1 0.0708821 -0.290412 0.05 41397.6
0 4932 2 phononTF 0.00180933 1.83424 -3.64731 -0.0264185 5467.27 0.00069486 1 -0.0694537 -0.212055 0.05 6979.41
0 4937 3 phononTS 0.00249111 1.31725 -4.32028 -0.0289088 1490.29 0.00034743 1 0.0214133 -0.23254 0.05 8858.75
0 4950 4 phononTS 0.00107922 0.847809 -4.86006 0.000489921 2336.95 0.00034743 1 0.0703929 -0.184104 0.05 43718.2
0 4953 3 phononTS 0.00189299 1.13043 -4.74072 -0.0389882 462.858 0.00034743 1 0.0424246 -0.131007 0.05 6113.7
0 4953 6 phononL 0.00088717 0.0424246 -0.131007 0.049999 6113.7 0.00034743 1 -0.0466295 -0.290679 0.05 6168.55
0 4972 5 phononTS 0.00134303 -0.81066 -0.96137 -0.0324655 24545.8 0.00069486 1 -0.10668 -0.181507 0.05 25803.9
0 4986 3 phononTS 0.00181109 0.799463 -3.63316 -0.0412103 5102.1 0.00069486 1 -0.0425502 -0.2498 0.05 17559.5
0 4986 9 phononTS 0.000745957 -0.0425502 -0.2498 0.049999 17559.5 0.00069486 1 -0.0592839 -0.260361 0.05 17620.3
0 4987 2 phononTF 0.00229464 -0.202958 -2.64979 -0.0104391 9104.8 0.00069486 1 -0.0555303 -0.161358 0.05 32890.9
