Run ID,Event ID,Track ID,Particle Name,Start Energy [eV],Start X [mm],Start Y [mm],Start Z [mm],Start Time [ns],Energy Deposited [eV],Track Weight,End X [mm],End Y [mm],End Z [mm],Final Time [ns],Volume Name
0 12 3 phononTS 0.00134184 -1.09063 -2.26741 -0.00180726 3885.89 0.00034743 1 0.0215757 -0.23619 0.05 23792.9
0 15 2 phononL 0.00124832 -2.40653 -2.10381 0.0354607 4803.8 0.00069486 1 0.0761583 -0.14731 0.05 9203.12
0 35 3 phononL 0.00220764 -0.568177 -1.37952 -0.00342919 11198.9 0.00034743 1 0.0812449 -0.185979 0.05 42140.5
0 35 4 phononTF 0.000683531 0.0812449 -0.185979 0.049999 42140.5 0.00034743 1 -0.0251668 -0.206086 0.05 42206.5
0 39 3 phononTS 0.00231426 -1.08716 -1.40943 -0.0240492 4726.72 0.00069486 1 -0.109337 -0.227963 0.05 7518.28
0 39 4 phononTF 0.000882345 -0.109337 -0.227963 0.049999 7518.28 0.00034743 1 0.0243846 -0.251981 0.05 7594.9
0 43 3 phononTF 0.00185182 -1.76515 -1.22432 0.0258047 3282.4 0.00069486 1 -0.0776914 -0.120681 0.05 4617.81
0 46 2 phononTS 0.00256281 -1.2943 -0.450748 -0.0209063 10026.3 0.00104229 1 0.0348784 -0.16173 0.05 11535.7
0 86 3 phononTS 0.00250347 -0.98131 -2.21774 -0.0362542 2719.07 0.00034743 1 0.0701432 -0.225298 0.05 17155.5
0 103 1 phononTS 0.004 -1.25 -1.25 0 0 0.00104229 1 0.0816396 -0.212935 0.05 4124.61
0 103 6 phononTS 0.000426024 0.0816396 -0.212935 0.049999 4124.61 0.00034743 1 -0.0704689 -0.264497 0.05 5964.71
0 103 2 phononTS 0.0018908 0.0816396 -0.212935 0.049999 4124.61 0.00034743 1 0.0735898 -0.203909 0.05 4137.5
0 103 18 phononTF 0.000527894 0.0735898 -0.203909 0.049999 4137.5 0.00034743 1 0.0807528 -0.238158 0.05 61688.4
0 104 2 phononTF 0.00165998 -0.900654 -1.93591 0.00950605 491.591 0.00034743 1 -0.0596612 -0.220099 0.05 83879
0 112 2 phononTS 0.00261029 -0.663257 -0.918073 0.0154349 3437.98 0.00034743 1 -0.084877 -0.181088 0.05 4179.34
0 131 1 phononTF 0.004 -1.25 -1.25 0 0 0.00034743 1 0.0662401 -0.281227 0.05 4355.48
0 136 3 phononTS 0.00280638 0.00501119 -1.29968 0.0381781 1406.35 0.00034743 1 0.049523 -0.194169 0.05 10160.1
0 159 1 phononTS 0.004 -1.25 -1.25 0 0 0.00104229 1 -0.0444572 -0.263915 0.05 10350.6
0 162 3 phononTF 0.00239267 0.234887 -1.4605 0.0178153 5867.38 0.00069486 1 -0.0789554 -0.173575 0.05 33064.1
0 164 1 phononTS 0.004 -1.25 -1.25 0 0 0.00104229 1 0.0163494 -0.194138 0.05 6638.15
0 164 6 phononTF 0.000516717 0.0163494 -0.194138 0.049999 6638.15 0.00034743 1 0.0277163 -0.189579 0.05 6705.18
0 164 5 phononL 0.000546598 0.0163494 -0.194138 0.049999 6638.15 0.00034743 1 0.0375691 -0.236994 0.05 6686.7
0 165 3 phononTF 0.00187869 -2.97739 -1.31187 -0.0183591 3495.68 0.00069486 1 -0.105995 -0.199946 0.05 12674.8
0 165 4 phononTS 0.000882417 -0.105995 -0.199946 0.049999 12674.8 0.00034743 1 -0.0632712 -0.215166 0.05 12751.3
0 175 4 phononL 0.00134043 -3.72264 0.587418 0.00487104 36158.7 0.00034743 1 -0.0720617 -0.279545 0.05 39089.1
0 185 1 phononTS 0.004 -1.25 -1.25 0 0 0.00034743 1 0.0309253 -0.151465 0.05 3374.09
0 185 4 phononL 0.00134044 0.0309253 -0.151465 0.049999 3374.09 0.00034743 1 0.0121218 -0.199679 0.05 100674
0 185 2 phononL 0.00207981 0.0309253 -0.151465 0.049999 3374.09 0.00069486 1 0.0880729 -0.160823 0.05 8293.39
0 196 4 phononL 0.000789078 -0.374142 0.0344117 0.049999 4344.15 0.00034743 1 0.0518445 -0.150622 0.05 7195.09
0 207 2 phononTS 0.00230493 -0.718327 -1.07795 -0.0115967 783.65 0.00069486 1 0.0132269 -0.225806 0.05 79211.4
0 224 1 phononTS 0.004 -1.25 -1.25 0 0 0.00138972 1 -0.0786475 -0.185621 0.05 3944.82
0 249 3 phononTF 0.00252491 -0.280881 -2.95802 -0.0476968 14794.5 0.00104229 1 -0.117648 -0.17554 0.05 19203.7
0 252 3 phononL 0.00187962 -0.433913 -0.391554 0.0242123 2438.65 0.00034743 1 -0.0284487 -0.262295 0.05 3032.51
0 252 5 phononTF 0.000624259 -0.0284487 -0.262295 0.049999 3032.51 0.00034743 1 -0.0721621 -0.261489 0.05 3092.77
0 285 3 phononTF 0.00228836 -1.06285 -1.16077 -0.0408457 3569.24 0.00104229 1 0.0609624 -0.296784 0.05 7753.82
0 289 3 phononTS 0.00160592 -1.92866 -0.52823 0.0461153 1485.58 0.00034743 1 -0.0314666 -0.215154 0.05 82205
0 289 4 phononTF 0.000989597 -0.0314666 -0.215154 0.049999 82205 0.00069486 1 -0.0245449 -0.15277 0.05 82277.7
0 297 1 phononTS 0.004 -1.25 -1.25 0 0 0.00034743 1 -0.0669715 -0.226216 0.05 5405.58
0 297 3 phononTS 0.0011251 -0.0669715 -0.226216 0.049999 5405.58 0.00034743 1 -0.0868031 -0.254697 0.05 5468.86
0 299 1 phononL 0.004 -1.25 -1.25 0 0 0.00069486 1 -0.0413935 -0.125937 0.05 1533.51
0 301 2 phononTF 0.00294509 -1.59553 -0.386947 -0.0335385 1712.49 0.00104229 1 -0.0695191 -0.270736 0.05 6073.29
0 325 4 phononTF 0.0013227 4.7964 3.20689 -0.0331871 20975.9 0.00069486 1 -0.0677472 -0.141223 0.05 44127.7
0 326 2 phononTS 0.00176636 -1.76398 -0.753677 -0.0428919 790.712 0.00104229 1 -0.0787791 -0.193105 0.05 48307.9
0 368 1 phononL 0.004 -1.25 -1.25 0 0 0.00034743 1 -0.0673946 -0.162343 0.05 2972.62
0 368 2 phononTS 0.00337806 -0.0673946 -0.162343 0.049999 2972.62 0.00034743 1 -0.0861353 -0.161023 0.05 2988.43
0 415 2 phononTS 0.00224921 -1.27865 -1.22053 -0.0464937 15.2849 0.00034743 1 0.071092 -0.195392 0.05 20202.9
0 428 1 phononTF 0.004 -1.25 -1.25 0 0 0.00034743 1 0.0644038 -0.190705 0.05 4346.39
0 442 4 phononTS 0.0015948 -0.143132 -0.40938 -0.013072 3552.72 0.00069486 1 0.0681538 -0.25599 0.05 4907.63
0 458 2 phononTF 0.000901518 -1.96708 -0.550793 -0.036977 14659.4 0.00034743 1 -0.0741171 -0.284358 0.05 28677.7
0 458 4 phononTF 0.000461825 -0.0741171 -0.284358 0.049999 28677.7 0.00034743 1 -0.0368155 -0.262051 0.05 46690.8
0 476 4 phononTF 0.00138503 0.693634 -0.409705 -0.0403215 11947.2 0.00034743 1 0.0515331 -0.103414 0.05 19322.5
0 483 4 phononTS 0.000444313 -1.73266 0.0582209 0.049999 7673.12 0.00034743 1 0.0828583 -0.217235 0.05 9548.74
0 490 2 phononL 0.00206046 -1.14826 -1.18567 0.00328545 852.818 0.00069486 1 -0.0408679 -0.130954 0.05 17157.8
0 494 3 phononL 0.000789172 -0.0123833 0.0266391 0.049999 14175.2 0.00034743 1 -0.0392007 -0.112932 0.05 14225.3
0 509 1 phononTF 0.004 -1.25 -1.25 0 0 0.00069486 1 -0.0628575 -0.149645 0.05 1810.66
0 510 3 phononTS 0.00231727 -1.28052 -1.23175 0.046074 12.7935 0.00034743 1 0.0363731 -0.202355 0.05 23057
0 528 3 phononL 0.00220663 -1.20481 -1.30562 -0.0485147 17.8019 0.00069486 1 -0.0568172 -0.193172 0.05 10438.9
0 535 3 phononL 0.00206463 -3.73628 -3.36662 -0.00626933 13039.8 0.00069486 1 0.0586081 -0.229347 0.05 49379
0 563 3 phononTS 0.0019099 -1.33677 -2.48585 0.0423567 15798.1 0.00069486 1 -0.0158448 -0.198534 0.05 49648.2
0 567 4 phononTS 0.000861239 -3.59833 -4.24331 0.0233569 77096.2 0.00034743 1 0.0308954 -0.10835 0.05 89874.9
0 610 2 phononL 0.00232397 -1.45614 -1.00898 -0.00330718 417.986 0.00034743 1 -0.0471 -0.147117 0.05 3152.24
0 630 1 phononTF 0.004 -1.25 -1.25 0 0 0.00034743 1 0.039672 -0.292086 0.05 2422.05
0 630 2 phononTF 0.00200051 0.039672 -0.292086 0.049999 2422.05 0.00034743 1 -0.109257 -0.171166 0.05 5778.05
0 647 5 phononL 0.000372455 -1.25605 0.0202065 0.049999 8141.41 0.00034743 1 -0.104192 -0.181386 0.05 12304.6
0 684 3 phononTS 0.00187788 -2.30702 -0.76843 0.0448702 2653.54 0.00034743 1 -0.0439305 -0.248192 0.05 40561.9
0 706 3 phononTF 0.00204061 -1.18432 -1.41986 -0.0175996 666.865 0.00069486 1 0.0788047 -0.263643 0.05 4480.56
0 709 1 phononTS 0.004 -1.25 -1.25 0 0 0.00104229 1 -0.0566715 -0.21858 0.05 2458.87
0 719 5 phononTF 0.00127208 0.494021 -2.78297 0.0297497 8604.25 0.00034743 1 -0.0696864 -0.258111 0.05 13493
0 727 3 phononTS 0.00159935 -1.55006 -0.746203 0.0269779 2115.05 0.00034743 1 -0.076153 -0.209131 0.05 3149.84
0 737 1 phononTF 0.004 -1.25 -1.25 0 0 0.00034743 1 0.049555 -0.273622 0.05 14468.5
0 750 4 phononTF 0.000614351 -0.370861 0.0118731 0.049999 3834.14 0.00034743 1 -0.0765553 -0.12045 0.05 41472.6
0 771 3 phononL 0.00236206 -1.47108 -1.03569 -0.00246647 986.347 0.00104229 1 -0.0807663 -0.237248 0.05 11423.1
0 776 3 phononTS 0.00253613 -1.28627 -1.22552 -0.0433958 11.3492 0.00138972 1 0.103 -0.221395 0.05 10403.2
0 781 3 phononTF 0.0028032 0.246871 -3.54645 -0.0268129 5626.4 0.00034743 1 0.0602415 -0.239969 0.05 11163.7
0 804 3 phononTS 0.00202607 -1.71003 -1.19151 -0.0411926 3140.31 0.00034743 1 -0.0477328 -0.243349 0.05 58552.5
0 818 2 phononTS 0.00289121 -1.68428 -0.0246185 0.0422973 981.957 0.00034743 1 0.0921103 -0.143823 0.05 44809.1
0 821 3 phononL 0.00150635 -1.43933 -2.06617 -0.0438278 4705.55 0.00034743 1 0.0328651 -0.268199 0.05 43469.8
0 826 3 phononTS 0.00167472 -1.24222 -2.61863 -0.0207099 12841.9 0.00069486 1 -0.107064 -0.213723 0.05 53193.9
0 837 3 phononTS 0.00116993 -0.395045 -1.08861 -0.0170006 1353.17 0.00034743 1 -0.0701157 -0.221486 0.05 2391.45
0 842 3 phononL 0.00172481 -2.27011 -0.921674 -0.0354004 7778.48 0.00069486 1 0.0619727 -0.218106 0.05 14578.4
0 851 2 phononL 0.00158881 -1.55323 -1.1332 0.000910249 1002.75 0.00034743 1 0.0486292 -0.178814 0.05 71625.6
0 858 2 phononTS 0.00220173 -1.26799 -0.865013 0.033607 4067.11 0.00034743 1 0.0573437 -0.118506 0.05 12763.9
0 872 2 phononTF 0.002121 -1.65353 -0.844663 -0.0178409 1031.71 0.00069486 1 0.0881986 -0.222811 0.05 8745.59
0 897 4 phononTF 0.00146637 -2.03429 3.00806 -0.0296168 6402.9 0.00034743 1 -0.0310434 -0.115462 0.05 97322.6
0 917 3 phononL 0.00241758 -1.04372 -1.07703 0.0229133 1200.28 0.00034743 1 -0.0720088 -0.269758 0.05 2820.03
0 920 3 phononTF 0.00240297 -1.57439 -1.73577 -0.0157768 698.218 0.00069486 1 -0.111411 -0.201948 0.05 84076.6
0 951 5 phononL 0.00177787 -3.03293 -0.653559 0.0312735 29649 0.00034743 1 0.100735 -0.163403 0.05 79044.5
0 975 2 phononTS 0.00201063 -0.778208 -0.663422 -0.0467594 1868.87 0.00104229 1 -0.113105 -0.190343 0.05 20390.5
0 995 2 phononTS 0.00181381 -1.24869 -1.22237 0.0190125 63.2077 0.00069486 1 0.0631676 -0.161056 0.05 4315.76
0 1001 3 phononTS 0.00214876 -0.199484 -1.81338 0.0293423 8090.04 0.00069486 1 -0.0461382 -0.30113 0.05 10425.7
0 1019 3 phononL 0.00235582 -1.24274 -0.977159 0.030672 271.542 0.00069486 1 -0.0647366 -0.192969 0.05 15464.9
0 1030 5 phononTF 0.00136084 1.39987 -1.16908 0.0488334 14665.2 0.00034743 1 -0.0543178 -0.298789 0.05 42005.6
0 1030 7 phononTF 0.000706173 -0.0543178 -0.298789 0.049999 42005.6 0.00034743 1 0.0619016 -0.289109 0.05 42216.5
0 1037 1 phononTF 0.004 -1.25 -1.25 0 0 0.00034743 1 0.0400581 -0.282609 0.05 2376.69
0 1048 2 phononTS 0.00242322 -0.862746 -1.76157 -0.0441045 4069.7 0.00104229 1 0.111611 -0.241973 0.05 8249.84
0 1048 7 phononTS 0.000403875 0.111611 -0.241973 0.049999 8249.84 0.00034743 1 0.0301241 -0.149121 0.05 8342.58
0 1066 4 phononTS 0.000729772 0.277043 -1.73521 -0.00985071 2424.45 0.00034743 1 0.0461744 -0.143701 0.05 11585.7
0 1089 3 phononL 0.00210477 1.49376 -1.59574 0.0353376 8760.26 0.00034743 1 0.0775936 -0.177446 0.05 17179
0 1120 2 phononTS 0.00143333 -1.01382 -3.39717 0.0332731 6344.26 0.00034743 1 -0.089369 -0.209606 0.05 8914.1
0 1122 2 phononL 0.00252893 0.771151 0.225009 0.0287242 12503.7 0.00034743 1 -0.0609891 -0.131174 0.05 12983.7
0 1129 1 phononTS 0.004 -1.25 -1.25 0 0 0.00104229 1 0.0508719 -0.197071 0.05 10495.4
0 1129 6 phononTF 0.000783903 0.0508719 -0.197071 0.049999 10495.4 0.00034743 1 0.0468194 -0.297308 0.05 10558.8
0 1135 3 phononTF 0.00184572 -0.356408 -3.18955 -8.12216e-05 6521.11 0.00034743 1 0.057934 -0.166141 0.05 28800.5
0 1136 3 phononTF 0.00171457 -0.220314 -1.07245 0.00168159 2871.12 0.00069486 1 0.0188555 -0.205685 0.05 11073.5
0 1136 4 phononTS 0.000528591 0.0188555 -0.205685 0.049999 11073.5 0.00034743 1 0.0198288 -0.234444 0.05 11133.9
0 1146 3 phononTF 0.00188991 -1.28101 -1.3632 -0.00868362 3417.26 0.00069486 1 -0.061314 -0.155604 0.05 23267.3
0 1151 2 phononTS 0.00115309 -1.19672 -1.03933 -0.0416213 336.642 0.00034743 1 0.0307515 -0.306945 0.05 2599.43
0 1151 8 phononL 0.000599122 0.0307515 -0.306945 0.049999 2599.43 0.00034743 1 -0.0216097 -0.202597 0.05 2660.62
0 1171 3 phononL 0.0024871 -1.05405 -0.0850039 -0.0210915 1612.52 0.00069486 1 -0.073397 -0.231161 0.05 2725.77
0 1171 7 phononTS 0.000457771 -0.073397 -0.231161 0.049998 2725.77 0.00034743 1 -0.068366 -0.230916 0.05 2782.71
0 1186 3 phononTS 0.00174855 -1.22054 -0.846085 -0.0229299 4317.41 0.00034743 1 -0.0882961 -0.193533 0.05 24004
0 1200 3 phononTS 0.0023356 -1.40318 -1.84757 -0.00374358 6140.03 0.00069486 1 -0.0581529 -0.210327 0.05 47632.9
0 1221 3 phononL 0.00256887 -1.47962 -0.969944 -0.0444514 5072.16 0.00034743 1 -0.0985087 -0.180843 0.05 15123.9
0 1224 2 phononTS 0.00161854 -1.28095 -1.02355 0.0358085 145.424 0.00034743 1 0.0597585 -0.132151 0.05 3395.91
0 1242 2 phononTF 0.00275286 -2.22603 -0.0583292 -0.00244119 2191.07 0.00104229 1 0.0356678 -0.2467 0.05 4893.84
0 1242 4 phononTS 0.000640468 0.0356678 -0.2467 0.049999 4893.84 0.00034743 1 0.039725 -0.285905 0.05 4955.57
0 1248 3 phononTS 0.00218449 0.0894019 -1.40203 -0.0286438 4748.42 0.00034743 1 -0.0162224 -0.236023 0.05 5563.22
0 1249 2 phononTS 0.00254041 -2.2684 -1.69702 -0.046889 2500.49 0.00034743 1 -0.0368794 -0.0998427 0.05 22817.6
0 1249 4 phononTF 0.00135918 -0.0368794 -0.0998427 0.049999 22817.6 0.00034743 1 0.0620517 -0.10378 0.05 22893.9
0 1259 4 phononTS 0.00107726 -0.853426 -0.691931 -0.0379238 32706.1 0.00034743 1 -0.0261165 -0.221113 0.05 34008.1
0 1259 7 phononTF 0.000365343 -0.0261165 -0.221113 0.049999 34008.1 0.00034743 1 -0.0193406 -0.213881 0.05 34081
0 1313 2 phononTF 0.00199595 0.0431895 -1.35912 0.0411491 1338.51 0.00069486 1 0.0610939 -0.115117 0.05 5605.87
0 1337 3 phononTF 0.00264154 -0.758294 -0.234788 0.00849657 8576.53 0.00034743 1 0.0911155 -0.226918 0.05 9545.11
0 1337 4 phononTS 0.00133094 0.0911155 -0.226918 0.049999 9545.11 0.00104229 1 0.0469177 -0.243441 0.05 9622.37
0 1337 2 phononTS 0.00135846 -0.758294 -0.234788 0.00849657 8576.53 0.00034743 1 -0.0304698 -0.230085 0.05 23113.7
0 1337 20 phononTS 0.00074709 -0.0304698 -0.230085 0.049999 23113.7 0.00034743 1 -0.0205077 -0.212345 0.05 23172.2
0 1345 1 phononTS 0.004 -1.25 -1.25 0 0 0.00138972 1 0.0916832 -0.160532 0.05 5505.97
0 1345 2 phononTS 0.00116059 0.0916832 -0.160532 0.049999 5505.97 0.00069486 1 -0.0247173 -0.282446 0.05 6548.32
0 1356 2 phononTF 0.00275422 -0.775495 -1.01947 0.0191229 1079.88 0.00034743 1 0.0770281 -0.249794 0.05 6810.22
0 1372 3 phononTS 0.00182632 -0.316569 -2.43456 0.0095704 3569.79 0.00034743 1 0.0594503 -0.104336 0.05 54217.4
0 1372 5 phononTF 0.00117483 0.0594503 -0.104336 0.049999 54217.4 0.00034743 1 -0.0625047 -0.244667 0.05 55090.9
0 1374 2 phononL 0.0012622 -2.18362 -0.806796 -0.0298909 1177.64 0.00034743 1 0.0924543 -0.173009 0.05 11856.9
0 1390 1 phononTF 0.004 -1.25 -1.25 0 0 0.00208458 1 0.0690425 -0.26363 0.05 2100.15
0 1392 3 phononTS 0.00192922 -1.7416 -3.75891 -0.0225501 5904.63 0.00034743 1 -0.118428 -0.217272 0.05 52082.9
0 1392 6 phononTS 0.000714994 -0.118428 -0.217272 0.049999 52082.9 0.00034743 1 -0.0848121 -0.237365 0.05 52147
0 1411 3 phononL 0.00282649 0.980335 -0.913977 0.0368142 20262.8 0.00034743 1 -0.0772388 -0.268495 0.05 26178.2
0 1447 2 phononTS 0.00139618 -1.25995 -1.25694 0.0052295 2.45184 0.00034743 1 -0.0907275 -0.168041 0.05 5186.96
0 1450 3 phononTS 0.00202976 0.857229 -1.71003 -0.0426875 8410.68 0.00069486 1 0.0552498 -0.152946 0.05 11951.1
0 1465 2 phononTF 0.00122541 -1.38993 -0.607016 0.038859 4701.17 0.00034743 1 0.102994 -0.233264 0.05 43939.6
0 1489 1 phononL 0.004 -1.25 -1.25 0 0 0.00034743 1 -0.116041 -0.181061 0.05 7499.05
0 1522 3 phononTF 0.00125913 -1.28057 -1.5388 -0.0381345 1257.17 0.00069486 1 0.0985457 -0.166388 0.05 11797.8
0 1539 2 phononTF 0.00113381 -1.30772 -1.43222 -0.0295708 3663.77 0.00034743 1 0.0980244 -0.138579 0.05 23324.9
0 1539 4 phononL 0.000522743 0.0980244 -0.138579 0.049999 23324.9 0.00034743 1 0.115483 -0.190672 0.05 23382.8
0 1591 2 phononTF 0.00242654 -1.23325 -1.26007 -0.00605126 7.12644 0.00069486 1 -0.0256376 -0.122855 0.05 9994.03
0 1602 3 phononTS 0.00199514 -2.37568 1.36655 -0.0233541 5963.99 0.00034743 1 -0.0583725 -0.123565 0.05 29358.6
0 1621 3 phononTS 0.00293232 -1.57892 -1.07277 -0.03808 3217.44 0.00069486 1 0.0979486 -0.174506 0.05 13017
0 1621 4 phononTF 0.000957496 0.0979486 -0.174506 0.049999 13017 0.00034743 1 0.016171 -0.207183 0.05 13561.8
0 1657 2 phononL 0.00229159 -1.38155 -1.9552 0.0363925 1533.69 0.00034743 1 -0.0688844 -0.257481 0.05 35444.1
0 1661 2 phononL 0.0016813 -0.602384 -1.2914 -0.0363582 1298.46 0.00034743 1 -0.105413 -0.159464 0.05 2536.72
0 1675 1 phononTF 0.004 -1.25 -1.25 0 0 0.00069486 1 -0.0592764 -0.198336 0.05 5479.64
0 1698 1 phononTF 0.004 -1.25 -1.25 0 0 0.00069486 1 0.0357809 -0.26713 0.05 2371.48
0 1698 10 phononL 0.000467247 0.0357809 -0.26713 0.049999 2371.48 0.00034743 1 -0.0483165 -0.111585 0.05 2435.69
0 1705 3 phononTF 0.00148614 -1.25718 -1.15827 -0.0430389 104.315 0.00034743 1 0.0947854 -0.149165 0.05 30738.3
0 1724 5 phononTS 0.00221988 -1.66323 -0.337965 0.0236474 2701.48 0.00034743 1 -0.0402515 -0.118391 0.05 9087.42
0 1733 2 phononTF 0.00169684 -1.33012 -1.55224 -0.0117488 5777.48 0.00034743 1 0.0390987 -0.224643 0.05 19742.8
0 1733 4 phononTS 0.000936424 0.0390987 -0.224643 0.049999 19742.8 0.00034743 1 0.0889743 -0.246641 0.05 19862.5
0 1754 2 phononTS 0.00260621 -0.862864 -0.845692 0.0461858 2393.18 0.00034743 1 -0.0991221 -0.199901 0.05 4776.8
0 1754 5 phononTS 0.0011451 -0.0991221 -0.199901 0.049999 4776.8 0.00069486 1 0.0915137 -0.172742 0.05 5003.33
0 1763 2 phononTF 0.00130494 -0.976482 -1.11397 0.0459926 331.44 0.00069486 1 0.0697057 -0.160866 0.05 83886.3
0 1776 2 phononTS 0.00232492 -2.85275 -0.850129 -0.0341378 4429.91 0.00069486 1 -0.105537 -0.196944 0.05 46708.4
0 1776 4 phononTF 0.0012694 -0.105537 -0.196944 0.049999 46708.4 0.00034743 1 -0.10491 -0.180093 0.05 46767.6
0 1776 13 phononL 0.000637772 -0.10491 -0.180093 0.049999 46767.6 0.00034743 1 -0.10382 -0.233763 0.05 47839.1
0 1812 3 phononTS 0.00226471 -1.38818 -0.771764 -0.00892693 627.333 0.00034743 1 0.0628964 -0.233133 0.05 39835.4
0 1816 2 phononTF 0.00286588 -0.940402 -1.10855 0.00106301 230.9 0.00034743 1 -0.0578232 -0.21924 0.05 26450.1
0 1816 6 phononTF 0.000662755 -0.0578232 -0.21924 0.049999 26450.1 0.00034743 1 0.101016 -0.225199 0.05 26703.4
0 1850 3 phononTS 0.00230332 -1.49533 0.302699 0.012518 8918.76 0.00034743 1 -0.037696 -0.296489 0.05 40952.5
0 1857 2 phononL 0.00244262 -0.994245 -0.762099 -0.0203919 554.364 0.00034743 1 0.0798374 -0.214918 0.05 5061.18
0 1877 1 phononTS 0.004 -1.25 -1.25 0 0 0.00034743 1 -0.065601 -0.1402 0.05 3039.76
0 1877 2 phononTS 0.00113549 -0.065601 -0.1402 0.049999 3039.76 0.00034743 1 -0.0677985 -0.16458 0.05 3101.2
0 1877 12 phononTS 0.000421466 -0.0677985 -0.16458 0.049999 3101.2 0.00034743 1 -0.0363566 -0.171095 0.05 3163.56
0 1882 5 phononTS 0.00171504 -4.13037 1.10988 0.0182088 32489.4 0.00034743 1 0.0848403 -0.124171 0.05 61362.9
0 1887 2 phononTF 0.00225282 -1.09892 -1.85113 0.0250054 10568.5 0.00069486 1 -0.045276 -0.245956 0.05 23006.6
0 1893 2 phononL 0.00322266 -0.285013 -1.19729 -0.0376202 2263.75 0.00069486 1 -0.0344023 -0.171533 0.05 3963.34
0 1906 3 phononTS 0.00269053 -2.42316 -0.366171 0.035526 14363 0.00069486 1 -0.084537 -0.266189 0.05 21265.1
0 1906 9 phononTS 0.00057378 -0.084537 -0.266189 0.049999 21265.1 0.00034743 1 -0.0395879 -0.224341 0.05 21352.3
0 1915 3 phononTS 0.00264352 -1.30044 -1.74722 -0.0431975 1256.27 0.00069486 1 -0.0639947 -0.165169 0.05 7173.66
0 1927 2 phononL 0.000636449 -1.68296 0.051512 0.049999 3532.67 0.00034743 1 -0.0988016 -0.176286 0.05 16572.9
0 1946 2 phononL 0.00240158 -0.777963 -1.12127 0.00843748 1774.77 0.00034743 1 -0.0405091 -0.200205 0.05 6134.05
0 1950 3 phononTF 0.0025364 -0.653863 -0.703652 -0.0481604 462.982 0.00034743 1 -0.020731 -0.177894 0.05 11671.4
0 1957 2 phononTF 0.00135021 -0.947029 -1.02413 -0.0132103 2233.63 0.00069486 1 0.103075 -0.242022 0.05 3553.39
0 1974 1 phononTF 0.004 -1.25 -1.25 0 0 0.00069486 1 -0.0343788 -0.109821 0.05 5999.65
0 1974 8 phononTS 0.000610174 -0.0343788 -0.109821 0.049999 5999.65 0.00034743 1 -0.0316337 -0.108796 0.05 6056.89
0 1975 3 phononTF 0.00190714 -1.31976 -1.19523 -0.00979283 16.7923 0.00104229 1 0.113101 -0.228817 0.05 58103.1
0 1993 2 phononTS 0.0017567 -1.17404 -1.9042 -0.0130447 4859.66 0.00034743 1 -0.0625206 -0.128907 0.05 21836.3
0 1998 5 phononTF 0.000731405 -1.5929 -1.52183 0.0135042 5437.19 0.00034743 1 -0.0785703 -0.155144 0.05 141074
0 2004 5 phononTF 0.00109324 0.134 0.132672 -0.0292024 24842.7 0.00069486 1 0.0864298 -0.204566 0.05 25386.8
0 2031 5 phononTF 0.00158461 -1.02548 -0.899725 -0.0433084 2035.22 0.00034743 1 0.0646038 -0.240014 0.05 19134.2
0 2031 9 phononTS 0.000681699 0.0646038 -0.240014 0.049999 19134.2 0.00034743 1 -0.114039 -0.201873 0.05 20817.9
0 2055 1 phononTS 0.004 -1.25 -1.25 0 0 0.00034743 1 -0.100158 -0.187859 0.05 3699.97
0 2055 3 phononTF 0.00115472 -0.100158 -0.187859 0.049999 3699.97 0.00034743 1 0.0199815 -0.202854 0.05 8611.15
0 2060 2 phononL 0.00152731 -1.53907 -1.37622 -0.0212691 438.634 0.00034743 1 0.0381712 -0.296956 0.05 11260.7
0 2067 3 phononL 0.00235893 -0.868091 -1.17028 -0.0391928 1734.62 0.00034743 1 0.0231614 -0.27169 0.05 6541.29
0 2097 2 phononTS 0.00128278 -1.1224 -1.19666 -0.00937304 1537.88 0.00034743 1 -0.076183 -0.228911 0.05 98574.3
0 2106 3 phononTS 0.00168005 -1.98352 -1.71215 0.0228 3869.64 0.00034743 1 0.0458918 -0.109917 0.05 32648.5
0 2118 3 phononTF 0.00183833 -1.57954 -3.37468 -0.0338703 8580.19 0.00069486 1 0.0289316 -0.219233 0.05 11363
0 2128 2 phononTS 0.00255795 -1.28209 -1.27041 -0.0249282 2761.77 0.00104229 1 -0.0249909 -0.267098 0.05 7093.15
0 2140 3 phononTS 0.00233574 -0.257539 -1.41564 -0.0411644 11218.8 0.00034743 1 0.0372632 -0.231029 0.05 12320
0 2180 3 phononTF 0.00189716 -0.548126 -1.44132 0.01939 6329.61 0.00069486 1 0.0348222 -0.232255 0.05 50845.6
0 2205 3 phononTS 0.00279486 -1.24864 -0.991413 -0.00617902 217.946 0.00104229 1 0.0280381 -0.175397 0.05 3638.57
0 2205 7 phononTS 0.000607268 0.0280381 -0.175397 0.049999 3638.57 0.00034743 1 0.0434374 -0.184218 0.05 5912.36
0 2208 2 phononTF 0.00126048 -0.845182 -2.08965 -0.0261324 2150.45 0.00034743 1 -0.0375737 -0.204857 0.05 45710.9
0 2220 1 phononTS 0.004 -1.25 -1.25 0 0 0.00138972 1 -0.112382 -0.179468 0.05 3621.78
0 2240 2 phononTS 0.00215352 -0.814627 -1.11353 0.0465931 3108.44 0.00034743 1 -0.0689422 -0.270213 0.05 52889.4
0 2240 4 phononL 0.00102645 -0.0689422 -0.270213 0.049999 52889.4 0.00069486 1 0.0404073 -0.215194 0.05 78137.9
0 2244 2 phononTF 0.00223812 1.02928 -2.11583 -0.0219589 8358 0.00034743 1 0.053981 -0.165077 0.05 16131.8
0 2263 3 phononL 0.00261873 0.038864 -1.09347 0.00774571 2035.67 0.00034743 1 0.0378742 -0.290691 0.05 2949.56
0 2263 5 phononTF 0.001916 0.0378742 -0.290691 0.049999 2949.56 0.00034743 1 0.034503 -0.274404 0.05 3070.92
0 2276 3 phononTF 0.00184821 -2.04428 -1.59211 -0.0234002 8431.29 0.00034743 1 -0.0456862 -0.290923 0.05 13190.9
0 2287 3 phononTS 0.00172891 0.406507 -1.17102 -0.00668942 3793.32 0.00069486 1 -0.0839342 -0.152308 0.05 6872.94
0 2287 4 phononTS 0.000528956 -0.0839342 -0.152308 0.049999 6872.94 0.00034743 1 -0.0915632 -0.171403 0.05 6934.88
0 2294 2 phononTS 0.00171734 -1.18333 -1.22027 0.0322577 52.1411 0.00069486 1 -0.0883533 -0.253335 0.05 73120.8
0 2311 3 phononTS 0.00277062 0.74207 -1.62127 -0.0363491 3332.98 0.00034743 1 -0.0909813 -0.131841 0.05 6776.36
0 2320 3 phononTF 0.00111318 -1.33199 0.352539 0.0422947 4477.14 0.00069486 1 0.0425282 -0.161557 0.05 31105.8
0 2324 2 phononL 0.00309645 0.0739336 -0.959337 0.00764946 1985.63 0.00069486 1 0.0496721 -0.0984621 0.05 5785.06
0 2324 10 phononTS 0.000558684 0.0496721 -0.0984621 0.049999 5785.06 0.00034743 1 0.117439 -0.19699 0.05 5866.12
0 2329 4 phononL 0.00205259 -0.728089 -3.03914 -0.015619 10261.9 0.00034743 1 0.0948329 -0.13874 0.05 48070.1
0 2329 7 phononTS 0.000498878 0.0948329 -0.13874 0.049999 48070.1 0.00034743 1 0.0814072 -0.177789 0.05 48137
0 2362 3 phononTS 0.00207832 -0.148605 -0.831466 -0.00553561 4414.6 0.00034743 1 -0.0795836 -0.267034 0.05 4981.75
0 2362 8 phononTS 0.000609535 -0.0795836 -0.267034 0.049999 4981.75 0.00034743 1 0.071862 -0.251637 0.05 5837.92
0 2362 5 phononTF 0.000536164 -0.0795836 -0.267034 0.049999 4981.75 0.00034743 1 -0.0609675 -0.235141 0.05 5044.38
0 2362 21 phononTF 0.00124614 0.163714 -0.552945 -0.0038226 8555.55 0.00034743 1 -0.0220095 -0.247212 0.05 8859.71
0 2362 24 phononTF 0.000697298 -0.0220095 -0.247212 0.049999 8859.71 0.00034743 1 0.0521898 -0.255911 0.05 8920.74
0 2367 4 phononTF 0.0010978 1.11394 0.655896 -0.039233 11691.4 0.00034743 1 -0.0491718 -0.224193 0.05 13632.7
0 2367 7 phononL 0.000567777 -0.0491718 -0.224193 0.049999 13632.7 0.00034743 1 -0.114572 -0.20236 0.05 27534.4
0 2388 2 phononTF 0.00282961 -0.139562 -0.944218 0.0499344 8678.01 0.00069486 1 0.0866868 -0.226661 0.05 10342.3
0 2403 1 phononTS 0.004 -1.25 -1.25 0 0 0.00034743 1 -0.0590491 -0.271523 0.05 2908.14
0 2426 3 phononL 0.00227576 -0.171529 -0.603544 -0.00347548 1248.56 0.00069486 1 0.0503659 -0.199145 0.05 2374.5
0 2480 1 phononTS 0.004 -1.25 -1.25 0 0 0.00034743 1 -0.0438356 -0.188375 0.05 7421.72
0 2480 6 phononTF 0.000643261 -0.0438356 -0.188375 0.049999 7421.72 0.00034743 1 -0.0534558 -0.287907 0.05 8094.5
0 2480 4 phononL 0.000392403 -0.0438356 -0.188375 0.049999 7421.72 0.00034743 1 0.0987931 -0.185698 0.05 7771.16
0 2480 3 phononTF 0.00155815 -0.0438356 -0.188375 0.049999 7421.72 0.00034743 1 -0.114928 -0.190781 0.05 7537.9
0 2480 19 phononTF 0.000740397 -0.114928 -0.190781 0.049999 7537.9 0.00034743 1 -0.0427497 -0.108382 0.05 7978.62
0 2490 1 phononTF 0.004 -1.25 -1.25 0 0 0.00034743 1 -0.0530186 -0.298302 0.05 4447.47
0 2490 4 phononTF 0.000381417 -0.0530186 -0.298302 0.049999 4447.47 0.00034743 1 0.0544405 -0.217046 0.05 4526.49
0 2491 3 phononTF 0.00168719 0.212315 -0.458209 0.0368363 4285.11 0.00104229 1 -0.0331898 -0.297293 0.05 4663.85
0 2499 2 phononL 0.00212457 2.33009 -2.80363 0.0490283 29898.4 0.00034743 1 0.0317945 -0.298228 0.05 115888
0 2499 7 phononTS 0.0013606 0.0317945 -0.298228 0.049999 115888 0.00034743 1 0.0302906 -0.283782 0.05 116167
0 2502 4 phononTS 0.0010082 1.0975 1.56245 -0.00339369 41912.6 0.00034743 1 0.0636885 -0.277893 0.05 155202
0 2502 8 phononTS 0.000417236 0.0636885 -0.277893 0.049999 155202 0.00034743 1 -0.0381146 -0.234597 0.05 155336
0 2508 5 phononTS 0.000681233 -0.237869 0.0117484 0.049999 2583.08 0.00034743 1 0.0525201 -0.13559 0.05 2936.02
0 2525 3 phononTF 0.00260507 -1.49953 -1.23996 -0.0011374 7355.42 0.00069486 1 -0.0958666 -0.236151 0.05 8783.51
0 2525 4 phononL 0.00133454 -0.0958666 -0.236151 0.049999 8783.51 0.00069486 1 0.0146955 -0.229016 0.05 8833.66
0 2529 3 phononTS 0.00212061 -1.80164 -0.179762 -0.0132985 1538.2 0.00069486 1 -0.0198802 -0.167108 0.05 4603.82
0 2535 2 phononTS 0.00198186 -1.09886 -2.11964 -0.0251949 4706.42 0.00138972 1 -0.0244053 -0.262284 0.05 21522.6
0 2558 3 phononTS 0.00275491 -1.14172 -1.65279 0.0139207 678.063 0.00034743 1 -0.0346179 -0.147568 0.05 2317.78
0 2558 4 phononTS 0.00128592 -0.0346179 -0.147568 0.049999 2317.78 0.00034743 1 -0.0728776 -0.252627 0.05 2454.56
0 2558 12 phononTF 0.000416128 -0.0728776 -0.252627 0.049999 2454.56 0.00034743 1 -0.048573 -0.294316 0.05 10718.5
0 2564 3 phononTS 0.00205246 -0.615422 -0.662924 -0.00787213 1316.06 0.00034743 1 0.0844287 -0.254801 0.05 5119.31
0 2578 4 phononTS 0.00090742 -0.621593 0.0709484 0.049999 5138.55 0.00034743 1 0.107356 -0.205374 0.05 7508.57
0 2582 3 phononTS 0.00252517 -1.31553 -1.35831 0.00858287 381.251 0.00034743 1 0.0400824 -0.123031 0.05 8374.24
0 2582 6 phononTS 0.00113494 0.0400824 -0.123031 0.049999 8374.24 0.00034743 1 0.088567 -0.262408 0.05 8525.02
0 2583 2 phononL 0.00114863 -1.65131 -4.06828 0.0436454 12972.6 0.00034743 1 0.0913506 -0.235467 0.05 68371.5
0 2587 2 phononTF 0.000759804 1.42991 -1.02398 0.0321938 6459.28 0.00034743 1 -0.0375902 -0.112086 0.05 18252.9
0 2589 3 phononTS 0.00189806 -0.209376 -0.310646 -0.0154805 2759.73 0.00034743 1 0.0591012 -0.111882 0.05 3543.26
0 2598 5 phononL 0.000987299 -2.02239 1.62789 0.0136159 50015.7 0.00034743 1 -0.102972 -0.153126 0.05 85327.5
0 2633 2 phononTS 0.000570898 -0.838728 -0.140051 0.0314712 11633.8 0.00034743 1 -0.0451909 -0.235451 0.05 16049.2
0 2641 3 phononTF 0.0025338 -1.27119 -1.12986 -0.0183973 15187.7 0.00034743 1 -0.088675 -0.227035 0.05 16419.3
0 2641 5 phononTS 0.00113221 -0.088675 -0.227035 0.049999 16419.3 0.00069486 1 -0.0964535 -0.237278 0.05 16475.6
0 2648 2 phononTF 0.00176968 -0.87174 -1.54764 0.00861589 1222 0.00034743 1 0.0763855 -0.260948 0.05 2595.32
0 2666 3 phononTS 0.00284076 -2.13453 -0.508758 -0.0238421 8511.94 0.00034743 1 0.0595957 -0.227479 0.05 18992.7
0 2666 6 phononTF 0.000440077 0.0595957 -0.227479 0.049999 18992.7 0.00034743 1 0.0854698 -0.149467 0.05 19318.9
0 2673 3 phononTF 0.00191938 -0.552268 -1.73232 -0.0169275 2505.84 0.00069486 1 0.0290571 -0.297236 0.05 31852.2
0 2702 2 phononTS 0.0018105 -3.19714 -1.06462 -0.00358111 15146.8 0.00069486 1 -0.046569 -0.273404 0.05 18338.6
0 2709 1 phononTS 0.004 -1.25 -1.25 0 0 0.00104229 1 -0.05085 -0.256489 0.05 5256.07
0 2709 7 phononL 0.000351947 -0.05085 -0.256489 0.049999 5256.07 0.00034743 1 -0.0816571 -0.123522 0.05 12423.5
0 2726 6 phononL 0.000792553 -0.882276 -0.754381 0.0101174 27643.3 0.00034743 1 0.0127089 -0.182802 0.05 30074.5
0 2739 4 phononTS 0.000759144 -4.45487 -1.51847 -0.0335504 8535.41 0.00034743 1 -0.0975751 -0.16617 0.05 34844.6
0 2741 2 phononTS 0.00158618 -1.65365 -0.933167 -0.018626 3712.41 0.00034743 1 0.100151 -0.214992 0.05 62538.2
0 2753 3 phononTS 0.00234627 -1.78715 -2.19974 -0.00566599 5051.17 0.00069486 1 0.0787281 -0.239187 0.05 62393.6
0 2770 1 phononTS 0.004 -1.25 -1.25 0 0 0.00138972 1 0.108349 -0.24496 0.05 10257.4
0 2770 6 phononTF 0.000874073 0.108349 -0.24496 0.049999 10257.4 0.00034743 1 0.0989594 -0.227534 0.05 10487.6
0 2770 2 phononTF 0.000730285 0.108349 -0.24496 0.049999 10257.4 0.00034743 1 0.0428856 -0.217816 0.05 10322.1
0 2804 1 phononTF 0.004 -1.25 -1.25 0 0 0.00069486 1 0.0751857 -0.176733 0.05 4786.28
0 2832 2 phononTF 0.00250301 -1.50037 -0.477827 0.00777989 17874.5 0.00069486 1 0.0565927 -0.202943 0.05 26424.4
0 2832 6 phononTS 0.000737538 0.0565927 -0.202943 0.049999 26424.4 0.00034743 1 -0.0777271 -0.196103 0.05 26573.8
0 2848 2 phononTF 0.00244265 -2.03197 -1.90404 -0.0173093 2714.87 0.00069486 1 0.108359 -0.223605 0.05 16470.1
0 2852 3 phononL 0.00248316 -1.22358 -0.672161 -0.00288208 2162.71 0.00104229 1 -0.11989 -0.201639 0.05 22536.7
0 2852 4 phononTS 0.000608858 -0.11989 -0.201639 0.049999 22536.7 0.00034743 1 -0.0182475 -0.20498 0.05 22784.9
0 2859 3 phononTS 0.00233893 -3.60635 -3.28447 -0.00748879 19237.2 0.00069486 1 -0.0703407 -0.17368 0.05 27985.5
0 2859 10 phononTS 0.000537189 -0.0703407 -0.17368 0.049999 27985.5 0.00034743 1 -0.0631946 -0.153987 0.05 28061.3
0 2859 4 phononTS 0.000807011 -0.0703407 -0.17368 0.049999 27985.5 0.00034743 1 -0.0446831 -0.187054 0.05 28054
0 2895 1 phononTF 0.004 -1.25 -1.25 0 0 0.00034743 1 0.0747986 -0.149385 0.05 8089.11
0 2895 2 phononTS 0.00255168 0.0747986 -0.149385 0.049999 8089.11 0.00138972 1 0.038079 -0.114948 0.05 8161.45
0 2908 1 phononTF 0.004 -1.25 -1.25 0 0 0.00034743 1 0.0739656 -0.184322 0.05 4126.8
0 2908 3 phononL 0.00166427 0.0739656 -0.184322 0.049999 4126.8 0.00034743 1 -0.0359968 -0.195429 0.05 4201.25
0 2921 4 phononTS 0.000577013 -2.16127 0.0308438 0.049999 11072.7 0.00034743 1 -0.0580982 -0.120694 0.05 30551.7
0 2930 2 phononTS 0.00100796 -0.0530774 -1.86434 -0.0120213 2458.42 0.00034743 1 0.0295475 -0.24284 0.05 14072.7
0 2932 3 phononTS 0.00221343 -0.764144 -0.590049 -0.0296749 1497.47 0.00034743 1 0.0648022 -0.205747 0.05 27434.4
0 2951 2 phononTS 0.0018496 -0.436499 -2.46412 -0.017872 1089.69 0.00034743 1 -0.0202094 -0.249355 0.05 20320.4
0 2951 5 phononTF 0.000771032 -0.0202094 -0.249355 0.049999 20320.4 0.00034743 1 0.119229 -0.201771 0.05 20533
0 2951 10 phononTS 0.000398599 0.119229 -0.201771 0.049999 20533 0.00034743 1 0.0792848 -0.220651 0.05 20879.6
0 2960 2 phononL 0.00235568 -1.03387 -2.10236 0.0350269 1985.32 0.00069486 1 0.110395 -0.166408 0.05 40951.7
0 2960 6 phononTF 0.000720542 0.110395 -0.166408 0.049999 40951.7 0.00034743 1 0.0287474 -0.204984 0.05 41019
0 3005 5 phononTS 0.00132369 -2.28699 -3.82015 0.0476521 11271.4 0.00034743 1 -0.0407332 -0.264086 0.05 21773.9
0 3005 8 phononTS 0.000590847 -0.0407332 -0.264086 0.049999 21773.9 0.00034743 1 -0.105478 -0.198587 0.05 21846.2
0 3017 4 phononTF 0.00211606 -1.56559 -2.19054 0.0385394 2090.15 0.00104229 1 0.0337392 -0.190719 0.05 60679.3
0 3017 8 phononTS 0.000360872 0.0337392 -0.190719 0.049999 60679.3 0.00034743 1 0.0584734 -0.202645 0.05 60738.5
0 3024 2 phononL 0.00180855 -1.09651 -0.610274 0.0403577 4180.49 0.00034743 1 0.0429847 -0.246824 0.05 10843.3
0 3024 7 phononTF 0.000468822 0.0429847 -0.246824 0.049998 10843.3 0.00034743 1 0.0260316 -0.175534 0.05 10999.8
0 3024 4 phononTS 0.000703274 0.0429847 -0.246824 0.049998 10843.3 0.00034743 1 0.0859649 -0.278239 0.05 10912
0 3032 2 phononTF 0.00166812 -1.79313 -2.02973 0.0360687 1616.62 0.00034743 1 -0.0473365 -0.187448 0.05 23385.6
0 3043 2 phononTS 0.00250173 -1.27848 -1.21366 -0.0222675 48.3119 0.00034743 1 0.0236029 -0.200986 0.05 9029.22
0 3055 4 phononTS 0.000534878 -0.279524 0.04477 0.049999 2577.26 0.00034743 1 -0.0611123 -0.187205 0.05 6566.13
0 3092 3 phononTS 0.00164058 -1.48138 -2.07981 0.0346094 468.002 0.00069486 1 0.00955373 -0.199453 0.05 4901.73
0 3093 3 phononL 0.00145992 -1.26371 -1.28885 -0.0330092 9.82105 0.00034743 1 0.0119831 -0.200539 0.05 82373.8
0 3106 3 phononL 0.00134723 -1.12085 -1.24279 -0.0304058 30.1495 0.00034743 1 -0.107242 -0.163095 0.05 15063.7
0 3113 2 phononTS 0.00138226 -1.12266 -2.82199 -0.0234003 4658.89 0.00034743 1 -0.0756392 -0.160538 0.05 13913
0 3113 4 phononTS 0.000397076 -0.0756392 -0.160538 0.049999 13913 0.00034743 1 0.0474076 -0.155184 0.05 15968.3
0 3135 2 phononTS 0.00119989 -1.24032 -1.5284 0.0256794 1704.35 0.00034743 1 0.0147782 -0.209014 0.05 5605.48
0 3147 3 phononTS 0.00243208 -0.734575 -1.71604 0.0072973 3620.51 0.00034743 1 0.0463554 -0.110266 0.05 6060
0 3147 6 phononTS 0.00182485 0.0463554 -0.110266 0.049999 6060 0.00069486 1 0.0361027 -0.102572 0.05 6121.65
0 3169 5 phononL 0.00129801 -0.960411 -4.23245 0.0419363 12143 0.00069486 1 0.0618859 -0.283532 0.05 24091.6
0 3180 2 phononTS 0.00223509 -1.06707 -0.883254 -0.0169834 6269.45 0.00069486 1 0.090223 -0.141268 0.05 15538.1
0 3189 2 phononTS 0.00250904 -1.445 -0.901601 0.0332432 3689.88 0.00069486 1 0.0288088 -0.250388 0.05 43361.4
0 3235 2 phononTS 0.00253832 -0.779102 -3.64328 0.00634498 10446 0.00069486 1 0.0483322 -0.181863 0.05 17465.7
0 3265 1 phononTS 0.004 -1.25 -1.25 0 0 0.00138972 1 0.0758804 -0.215419 0.05 3260.61
0 3288 3 phononTF 0.00241653 -1.60051 -1.02695 -0.0316695 319.761 0.00069486 1 0.0275506 -0.294833 0.05 20641.7
0 3298 3 phononTF 0.001696 -1.28632 -0.982489 -0.0466999 1295.93 0.00034743 1 0.112072 -0.171777 0.05 42445.8
0 3298 4 phononL 0.000848827 0.112072 -0.171777 0.049999 42445.8 0.00034743 1 -0.113101 -0.180831 0.05 42947.3
0 3321 3 phononTS 0.00295518 -0.882044 -1.70148 -0.00215664 2362.3 0.00034743 1 0.027831 -0.212914 0.05 3798.59
0 3321 5 phononTF 0.00165522 0.027831 -0.212914 0.049998 3798.59 0.00069486 1 0.0326835 -0.291321 0.05 51383
0 3321 16 phononTS 0.000809089 0.0326835 -0.291321 0.049999 51383 0.00034743 1 -0.107761 -0.211948 0.05 112032
0 3339 3 phononL 0.00209766 -0.717477 -0.669347 -0.0122972 2001.06 0.00069486 1 -0.0520788 -0.210894 0.05 3062.19
0 3343 4 phononL 0.00134617 0.479934 -0.557423 0.00244241 3133.12 0.00034743 1 -0.0798104 -0.273124 0.05 5835.6
0 3353 3 phononTS 0.00271336 -0.85251 -2.51245 -0.034775 5537.7 0.00034743 1 -0.0610383 -0.117157 0.05 27488.1
0 3359 3 phononTS 0.00255941 -0.472598 -0.328443 0.0296827 5601.12 0.00104229 1 -0.0389606 -0.227505 0.05 25142.8
0 3370 2 phononTF 0.00158378 -0.813519 -0.913104 0.0428711 2761.47 0.00034743 1 0.0458419 -0.142288 0.05 5204.58
0 3377 2 phononTS 0.000627848 -0.388014 -0.00343721 0.049999 2995.08 0.00034743 1 0.054885 -0.165332 0.05 16867.3
0 3387 2 phononTS 0.00258999 1.31268 -0.926597 -0.0244956 4856.31 0.00069486 1 -0.0853428 -0.232751 0.05 9960.13
0 3387 4 phononTF 0.000861208 -0.0853428 -0.232751 0.049999 9960.13 0.00034743 1 0.0360744 -0.22237 0.05 10541
0 3391 5 phononTS 0.00107607 -0.305548 1.00528 0.0131859 16237.6 0.00069486 1 -0.0563645 -0.1304 0.05 17690.2
0 3400 2 phononTS 0.00193091 -0.971171 -1.33537 -0.0355441 2182.67 0.00104229 1 0.0349133 -0.124218 0.05 22501.8
0 3403 2 phononTS 0.0018901 -1.32149 -0.755843 -0.020351 445.585 0.00034743 1 -0.104655 -0.145695 0.05 29112.2
0 3403 6 phononTS 0.00131139 -0.104655 -0.145695 0.049999 29112.2 0.00034743 1 -0.101514 -0.146705 0.05 29169.5
0 3416 1 phononTS 0.004 -1.25 -1.25 0 0 0.00208458 1 0.0440147 -0.194544 0.05 3536.13
0 3423 3 phononL 0.00263402 -1.63703 -0.79372 -0.0159279 2697.58 0.00034743 1 -0.0495285 -0.226442 0.05 11532.3
0 3429 2 phononL 0.00239959 -1.21554 -1.23861 0.0224092 1664.51 0.00034743 1 -0.0396872 -0.108213 0.05 4847.1
0 3448 2 phononTF 0.00293634 -1.25979 -1.00181 0.0190023 1536.94 0.00104229 1 -0.0135838 -0.21523 0.05 7998.17
0 3472 2 phononTF 0.00284037 -0.969428 -1.34296 0.0426606 6316.69 0.00069486 1 -0.0892659 -0.25525 0.05 8888.96
0 3476 4 phononTF 0.00175788 -4.17542 -2.85891 -0.0423283 54110.6 0.00069486 1 0.0626902 -0.228032 0.05 79768.2
0 3477 2 phononTS 0.00190159 -0.175503 -1.49712 0.0258983 4900.21 0.00034743 1 -0.0324613 -0.217357 0.05 24272.6
0 3477 7 phononTS 0.000870483 -0.0324613 -0.217357 0.049999 24272.6 0.00034743 1 -0.076013 -0.262743 0.05 24337.8
0 3490 5 phononTF 0.00143769 -2.65777 -4.4773 0.0278878 25867.4 0.00069486 1 -0.0310493 -0.201743 0.05 45731.9
0 3494 3 phononL 0.00175186 -0.581368 -2.36267 0.0107229 15945.3 0.00069486 1 0.0413604 -0.207203 0.05 29954.8
0 3531 1 phononTS 0.004 -1.25 -1.25 0 0 0.00034743 1 -0.0292497 -0.138993 0.05 6896.34
0 3531 3 phononTF 0.00292892 -0.0292497 -0.138993 0.049999 6896.34 0.00034743 1 0.10068 -0.161439 0.05 7003.29
0 3531 9 phononTS 0.00190339 0.10068 -0.161439 0.049999 7003.29 0.00034743 1 0.104037 -0.16505 0.05 7007.04
0 3532 3 phononTS 0.00243261 -1.11122 -1.49443 -0.003801 4376.02 0.00104229 1 -0.045286 -0.234947 0.05 11776.1
0 3532 2 phononTS 0.00156739 -1.11122 -1.49443 -0.003801 4376.02 0.00069486 1 -0.0401887 -0.109411 0.05 33481.3
0 3549 3 phononTS 0.00239254 -0.242128 -0.879498 -0.0094878 3456.39 0.00034743 1 -0.0369638 -0.157142 0.05 4469.24
0 3549 4 phononTS 0.000637016 -0.0369638 -0.157142 0.049999 4469.24 0.00034743 1 -0.0643681 -0.150421 0.05 4530.83
0 3554 2 phononL 0.00267745 -0.401997 -3.51368 0.0111354 10518 0.00034743 1 0.0530033 -0.118813 0.05 17205.1
0 3554 4 phononTS 0.00162624 0.0530033 -0.118813 0.049999 17205.1 0.00034743 1 -0.0926501 -0.173744 0.05 26946.8
0 3554 10 phononTS 0.000667474 -0.0926501 -0.173744 0.049999 26946.8 0.00034743 1 -0.0610008 -0.188037 0.05 27006.6
0 3580 2 phononTS 0.00149128 -1.72342 -2.24695 0.0399841 7901.15 0.00034743 1 -0.0597141 -0.243884 0.05 11831.5
0 3582 4 phononTF 0.000916859 -1.85275 -2.77395 0.00470273 1334.73 0.00034743 1 0.0903257 -0.171035 0.05 42209.5
0 3597 3 phononTF 0.00194661 -1.57359 -0.664223 0.0274291 20206.4 0.00138972 1 -0.035928 -0.237341 0.05 21890
0 3636 2 phononTF 0.00246508 -0.948357 -3.14702 0.032144 6985.07 0.00034743 1 0.0393016 -0.298464 0.05 95801.5
0 3695 1 phononTF 0.004 -1.25 -1.25 0 0 0.00069486 1 -0.0963498 -0.263313 0.05 3541.88
0 3695 6 phononL 0.000732526 -0.0963498 -0.263313 0.049999 3541.88 0.00034743 1 -0.0944815 -0.229413 0.05 3863.08
0 3713 2 phononTF 0.00284427 -1.33363 -1.50255 0.0278719 2339.46 0.00034743 1 -0.0650421 -0.21575 0.05 25872.8
0 3713 8 phononL 0.000716537 -0.0650421 -0.21575 0.049999 25872.8 0.00034743 1 -0.0703076 -0.16085 0.05 50475.9
0 3720 3 phononL 0.00240559 -0.904249 -1.13595 0.00674259 1498.71 0.00034743 1 0.0510927 -0.203472 0.05 10730.1
0 3720 5 phononTS 0.00190869 0.0510927 -0.203472 0.049999 10730.1 0.00069486 1 -0.0285366 -0.10827 0.05 10808.6
0 3731 3 phononTS 0.00280126 -0.444882 -0.534053 0.0348461 3003.01 0.00034743 1 -0.037585 -0.150502 0.05 4549
0 3733 2 phononTF 0.00208766 -1.59934 -0.4335 0.0458466 4141.42 0.00034743 1 0.0885262 -0.202682 0.05 26422.8
0 3737 4 phononTF 0.000978196 -0.746384 -0.611823 0.0248497 6184.33 0.00034743 1 -0.0441599 -0.187145 0.05 15623.9
0 3763 5 phononTS 0.00106867 -1.47332 -1.06108 -0.0141442 7858.46 0.00034743 1 0.112443 -0.188775 0.05 36585.9
0 3763 6 phononTF 0.000379518 0.112443 -0.188775 0.049999 36585.9 0.00034743 1 0.0821957 -0.240292 0.05 36715.7
0 3780 3 phononTF 0.00298968 -1.44796 -0.117032 -0.000359633 752.317 0.00069486 1 -0.101894 -0.254977 0.05 4393.01
0 3780 2 phononTS 0.00101032 -1.44796 -0.117032 -0.000359633 752.317 0.00034743 1 -0.0503961 -0.176712 0.05 7182.43
0 3784 3 phononTF 0.00264315 -1.64294 -0.77053 0.00458238 817.107 0.00069486 1 -0.0932279 -0.174467 0.05 13984.4
0 3785 3 phononTF 0.00193864 -0.517078 -0.746592 0.0212279 4677.33 0.00034743 1 -0.0231481 -0.124364 0.05 28707.5
0 3788 3 phononL 0.00162022 -4.05826 -4.78288 -0.0077038 24562.9 0.00069486 1 0.0855117 -0.211167 0.05 75959.1
0 3788 7 phononTS 0.000387922 0.0855117 -0.211167 0.049999 75959.1 0.00034743 1 -0.0460737 -0.127805 0.05 192749
0 3819 2 phononTS 0.00266206 -0.935652 -1.13187 -0.0305708 438.383 0.00069486 1 0.0880826 -0.198966 0.05 3418.13
0 3819 6 phononTF 0.00082696 0.0880826 -0.198966 0.049999 3418.13 0.00034743 1 -0.0355141 -0.273437 0.05 3782.86
0 3819 4 phononL 0.000350613 0.0880826 -0.198966 0.049999 3418.13 0.00034743 1 0.0605856 -0.168884 0.05 3466.2
0 3878 3 phononTS 0.00204166 -1.0581 -2.60359 0.0077657 6469.11 0.00034743 1 0.101859 -0.162274 0.05 26920.8
0 3888 5 phononL 0.00123649 -0.96115 -2.61982 -0.0235184 7291.6 0.00034743 1 -0.0160082 -0.195656 0.05 9835.5
0 3910 3 phononL 0.00126792 -1.59834 -0.667363 -0.00348571 2477.16 0.00034743 1 0.0578279 -0.241423 0.05 4199.39
0 3910 4 phononTS 0.000465628 0.0578279 -0.241423 0.049999 4199.39 0.00034743 1 0.0464169 -0.294651 0.05 4593.7
0 3915 3 phononTS 0.00216061 -0.427793 -1.75297 0.0358628 6558.42 0.00034743 1 -0.08322 -0.140386 0.05 7713.71
0 3935 2 phononTF 0.00151576 -2.01012 -2.83381 -0.0205344 6534.08 0.00069486 1 0.108945 -0.227362 0.05 10291.4
0 3939 3 phononTS 0.00263911 -2.197 -3.08151 0.0400662 5771.65 0.00069486 1 0.0981057 -0.237395 0.05 10308.7
0 3939 8 phononL 0.000669965 0.0981057 -0.237395 0.049999 10308.7 0.00034743 1 -0.0822283 -0.272268 0.05 10583.5
0 3939 4 phononTF 0.00108951 0.0981057 -0.237395 0.049999 10308.7 0.00034743 1 -0.0863249 -0.262722 0.05 10548.6
0 3945 4 phononTS 0.000972065 -0.49145 -2.04045 -0.025779 62523.2 0.00069486 1 0.0720659 -0.174919 0.05 79875.7
0 3955 2 phononL 0.00213968 -1.31856 -1.13132 -0.0408821 88.1808 0.00069486 1 -0.0747419 -0.164095 0.05 22456.6
0 3955 4 phononTS 0.000979319 -0.0747419 -0.164095 0.049999 22456.6 0.00069486 1 0.0776264 -0.203349 0.05 22630
0 3983 2 phononTF 0.000657701 -0.589845 0.058899 0.049999 3790.5 0.00034743 1 -0.0653951 -0.154902 0.05 4255.09
0 3989 1 phononTS 0.004 -1.25 -1.25 0 0 0.00034743 1 0.0552883 -0.219476 0.05 2593.89
0 4029 3 phononL 0.00262417 -1.37057 -1.69011 -0.0369851 2732.37 0.00069486 1 0.023794 -0.22243 0.05 9750.99
0 4029 4 phononTS 0.00125162 0.023794 -0.22243 0.049999 9750.99 0.00104229 1 0.0311961 -0.290434 0.05 9819.22
0 4040 3 phononL 0.00121206 -1.71522 -1.14188 0.040323 1595.49 0.00069486 1 -0.06527 -0.165114 0.05 27765.2
0 4045 5 phononTS 0.00140782 -3.19858 -1.54602 0.0192458 44563.3 0.00069486 1 0.0574148 -0.103817 0.05 134692
0 4047 2 phononTF 0.00152503 -1.23555 -1.80599 -0.023278 1693.97 0.00069486 1 -0.0121441 -0.205054 0.05 63747.7
0 4063 3 phononTF 0.00376421 -0.618324 -0.0413039 0.0478673 2308.03 0.00034743 1 0.0410663 -0.232738 0.05 3788.19
0 4063 4 phononTS 0.00292136 0.0410663 -0.232738 0.049999 3788.19 0.00069486 1 0.111095 -0.17016 0.05 5100.49
0 4073 1 phononTS 0.004 -1.25 -1.25 0 0 0.00104229 1 -0.0808953 -0.162967 0.05 5312.49
0 4073 12 phononTS 0.00121543 -0.0808953 -0.162967 0.049999 5312.49 0.00069486 1 0.0280615 -0.278586 0.05 5405.81
0 4092 3 phononL 0.00152941 -0.488827 -1.32043 0.000481724 8502.26 0.00034743 1 0.0616497 -0.185014 0.05 24325
0 4092 4 phononTS 0.000648435 0.0616497 -0.185014 0.049999 24325 0.00034743 1 0.11163 -0.229948 0.05 24453.5
0 4173 1 phononTS 0.004 -1.25 -1.25 0 0 0.00104229 1 -0.0958727 -0.161157 0.05 9823.4
0 4173 2 phononL 0.00141344 -0.0958727 -0.161157 0.049999 9823.4 0.00069486 1 -0.0658389 -0.2158 0.05 9872.45
0 4178 3 phononL 0.00210845 -0.577371 -0.760729 0.0237304 3241.71 0.00069486 1 -0.0595695 -0.194064 0.05 4566.02
0 4186 2 phononTF 0.00156404 -2.54464 -1.38995 -0.0247406 3645.96 0.00034743 1 0.0976256 -0.19894 0.05 16892.2
0 4271 3 phononTF 0.00173621 -0.771057 -0.965358 0.0445988 640.034 0.00034743 1 0.0410815 -0.199286 0.05 13657.6
0 4285 3 phononTS 0.00159433 -1.63378 -0.465471 0.0449092 19587.7 0.00034743 1 -0.0795591 -0.11704 0.05 32921.8
0 4324 3 phononTS 0.00257871 -1.21572 0.213432 0.0398043 2432.27 0.00034743 1 -0.0532439 -0.189158 0.05 16016.5
0 4324 6 phononTS 0.00176455 -0.0532439 -0.189158 0.049999 16016.5 0.00069486 1 -0.0858208 -0.130269 0.05 16098.3
0 4324 10 phononTS 0.000380283 -0.0858208 -0.130269 0.049999 16098.3 0.00034743 1 -0.0970631 -0.224864 0.05 16293.3
0 4352 2 phononTF 0.00190189 -1.68427 -1.8675 -0.0284277 3268.2 0.00104229 1 0.100515 -0.212995 0.05 25146.3
0 4352 5 phononTS 0.000409161 0.100515 -0.212995 0.049999 25146.3 0.00034743 1 0.0876242 -0.145435 0.05 25252.2
0 4353 3 phononTS 0.00257345 -0.103778 -1.11749 -0.0325416 5988.77 0.00034743 1 -0.0456109 -0.250701 0.05 6564.97
0 4355 2 phononTS 0.00188077 -0.997499 -1.63272 -0.039874 1358.94 0.00104229 1 -0.0561607 -0.267049 0.05 8123.77
0 4355 8 phononTF 0.000527062 -0.0561607 -0.267049 0.049999 8123.77 0.00034743 1 -0.0594399 -0.172321 0.05 8229.56
0 4448 3 phononTF 0.00125523 -1.50662 -2.90626 0.024813 4440.73 0.00034743 1 -0.0215184 -0.214038 0.05 31855.3
0 4457 3 phononTF 0.00270142 -1.21838 -1.54962 -0.0338063 682.478 0.00069486 1 0.0765572 -0.162814 0.05 45518.6
0 4457 4 phononTF 0.000772797 0.0765572 -0.162814 0.049999 45518.6 0.00034743 1 -0.028632 -0.160118 0.05 45587.7
0 4461 3 phononTS 0.00278476 0.423849 -0.88357 0.00237306 17056.9 0.00069486 1 0.0617353 -0.238306 0.05 17823.3
0 4469 3 phononTF 0.0020751 -1.40757 -1.14752 0.0101478 79.3633 0.00034743 1 -0.106157 -0.15191 0.05 38520.8
0 4502 2 phononTF 0.00152205 -0.785516 -1.13753 0.0249911 1467.16 0.00104229 1 0.0453561 -0.257321 0.05 46730.4
0 4512 2 phononTF 0.00204661 -0.957246 -0.974348 0.0219315 3095.13 0.00104229 1 -0.0636748 -0.208057 0.05 8227.95
0 4512 11 phononTS 0.000531493 -0.0636748 -0.208057 0.049998 8227.95 0.00034743 1 -0.0763605 -0.182968 0.05 8384.04
0 4517 3 phononL 0.00158433 -0.253279 -2.61851 0.0220824 8509.41 0.00034743 1 0.0389186 -0.126221 0.05 44184.4
0 4520 7 phononL 0.00148887 -0.087328 -0.27247 0.0175859 9969.77 0.00069486 1 -0.0323384 -0.206941 0.05 9986.68
0 4583 1 phononTF 0.004 -1.25 -1.25 0 0 0.00034743 1 0.0811476 -0.125752 0.05 4275.52
0 4588 3 phononTF 0.00165726 -0.767594 -3.05493 -0.0252869 20088.4 0.00069486 1 -0.0165438 -0.209427 0.05 28173.3
0 4615 2 phononTS 0.00226636 -1.24885 -1.52629 0.0284988 2705.47 0.00069486 1 -0.117165 -0.185149 0.05 16238.3
0 4625 3 phononTS 0.000725612 -1.75469 0.0639524 0.049999 4020.48 0.00034743 1 -0.0730245 -0.21465 0.05 28248.8
0 4646 5 phononTF 0.00204923 1.29628 0.37549 0.0273157 22407.4 0.00034743 1 0.0195623 -0.175755 0.05 81934
0 4646 6 phononTS 0.00044432 0.0195623 -0.175755 0.049999 81934 0.00034743 1 0.0410563 -0.123922 0.05 82145.7
0 4656 1 phononL 0.004 -1.25 -1.25 0 0 0.00069486 1 0.0465757 -0.280243 0.05 4716.06
0 4656 5 phononTF 0.000397381 0.0465757 -0.280243 0.049999 4716.06 0.00034743 1 -0.0333933 -0.280121 0.05 4793.76
0 4666 5 phononTS 0.00186977 2.96218 -3.08483 0.0444001 12998 0.00034743 1 0.026108 -0.279682 0.05 20978.9
0 4668 2 phononTS 0.0019462 -0.623301 -1.24887 0.0324065 5471.69 0.00034743 1 0.0488445 -0.254755 0.05 79395.7
0 4668 4 phononTF 0.00106159 0.0488445 -0.254755 0.049999 79395.7 0.00034743 1 0.0382415 -0.240977 0.05 79472.8
0 4674 1 phononTS 0.004 -1.25 -1.25 0 0 0.00104229 1 -0.0644871 -0.226218 0.05 6664.96
0 4675 3 phononTS 0.00292869 -0.37239 -1.32676 -0.0282612 6776.54 0.00069486 1 -0.0743809 -0.277205 0.05 11968.9
0 4675 8 phononTF 0.000955157 -0.0743809 -0.277205 0.049999 11968.9 0.00034743 1 -0.0742854 -0.185178 0.05 12031.8
0 4676 3 phononL 0.00162454 -1.68562 -3.17735 0.0171946 7774.98 0.00034743 1 -0.0818823 -0.124599 0.05 21199.3
0 4683 1 phononTF 0.004 -1.25 -1.25 0 0 0.00069486 1 -0.0459667 -0.101625 0.05 3258.21
0 4683 2 phononTF 0.00256638 -0.0459667 -0.101625 0.049999 3258.21 0.00069486 1 -0.106721 -0.183525 0.05 4019.15
0 4689 3 phononTF 0.00250246 -1.19978 -1.69509 -0.0373091 1830.41 0.00069486 1 -0.0491942 -0.178301 0.05 18289.8
0 4733 3 phononTS 0.000994202 -1.06068 -3.50492 -0.0288133 2833.47 0.00034743 1 0.0322778 -0.176306 0.05 50809
0 4741 3 phononTS 0.00191288 -1.88821 -1.6633 -0.0439007 2546.09 0.00069486 1 -0.060611 -0.245022 0.05 100726
0 4751 3 phononL 0.0019892 -1.37346 -1.25859 0.0321431 156.932 0.00069486 1 -0.0407066 -0.241102 0.05 17947.4
0 4751 4 phononTF 0.000663401 -0.0407066 -0.241102 0.049999 17947.4 0.00034743 1 -0.0745869 -0.245969 0.05 18225.8
0 4785 5 phononTF 0.00158057 2.25359 -0.349741 0.0392698 25235.8 0.00104229 1 -0.0658587 -0.226175 0.05 33690.7
0 4788 7 phononTS 0.00125308 -2.76076 1.27415 -0.0468695 80865.6 0.00069486 1 0.0956258 -0.220291 0.05 92417.3
0 4788 4 phononTS 0.000464279 -4.10673 -2.14791 0.0206134 12354.5 0.00034743 1 -0.0506122 -0.222055 0.05 39916.6
0 4796 4 phononTS 0.000915738 -1.40628 0.0298904 0.049999 7138.47 0.00034743 1 0.0438894 -0.270502 0.05 16457.8
0 4802 3 phononTF 0.00258964 -1.01111 -1.16906 0.00396172 279.166 0.00069486 1 0.0428363 -0.299371 0.05 9296.34
0 4802 4 phononTF 0.00129661 0.0428363 -0.299371 0.049999 9296.34 0.00034743 1 0.0537596 -0.227203 0.05 9357.11
0 4804 3 phononL 0.00299151 0.866505 -2.00254 0.0488565 15238 0.00104229 1 -0.0362179 -0.104131 0.05 18097.6
0 4821 3 phononTS 0.00237065 -1.46062 -0.281374 0.00118986 638.382 0.00034743 1 0.0772994 -0.20189 0.05 56277.7
0 4841 2 phononL 0.00205884 -2.71582 -1.09334 -0.0277083 3485.84 0.00034743 1 0.0243856 -0.205045 0.05 6113.14
0 4841 4 phononTF 0.00091655 0.0243856 -0.205045 0.049999 6113.14 0.00034743 1 0.0561922 -0.14752 0.05 6302.9
0 4844 1 phononTS 0.004 -1.25 -1.25 0 0 0.00034743 1 -0.0319437 -0.13179 0.05 2445.12
0 4844 4 phononTS 0.000385558 -0.0319437 -0.13179 0.049999 2445.12 0.00034743 1 -0.108295 -0.22577 0.05 2523.98
0 4848 3 phononTF 0.00259775 -1.56635 -1.8529 0.00713005 1577.13 0.00104229 1 0.0329863 -0.289493 0.05 12772.7
0 4884 1 phononTF 0.004 -1.25 -1.25 0 0 0.00069486 1 0.101259 -0.229578 0.05 3869.4
0 4921 4 phononTS 0.00163957 1.35138 -3.27117 -0.0279473 26308.9 0.00034743 1 0.0245989 -0.152106 0.05 34394.8
0 4922 3 phononTS 0.0021356 -1.49162 -1.9589 0.0471167 1559.13 0.00034743 1 0.0295654 -0.174718 0.05 27050
0 4922 5 phononTS 0.000444519 0.0295654 -0.174718 0.049999 27050 0.00034743 1 0.0320283 -0.156538 0.05 27110.8
0 4927 6 phononTS 0.000492832 -0.0544855 0.043795 0.049999 4594.71 0.00034743 1 -0.0647018 -0.287549 0.05 5073.98
0 4938 2 phononTS 0.00133332 -1.06428 -1.47227 -0.0417238 214.205 0.00034743 1 0.016226 -0.184133 0.05 25692.7
0 4946 4 phononTF 0.00112894 -1.8939 2.3902 0.0302893 118785 0.00069486 1 0.0653128 -0.133325 0.05 160092
0 4968 5 phononTS 0.00245902 -2.98933 -2.77283 -0.0176073 38724 0.00069486 1 0.0776525 -0.282608 0.05 57497.6
0 4979 1 phononTS 0.004 -1.25 -1.25 0 0 0.00104229 1 0.068332 -0.253288 0.05 5128.34
0 4982 4 phononTS 0.0014053 -0.801764 -0.689651 -0.0468464 4775.63 0.00034743 1 0.0621684 -0.244473 0.05 5812.8
0 4982 8 phononTS 0.000944155 0.0621684 -0.244473 0.049999 5812.8 0.00034743 1 0.105004 -0.1921 0.05 5946.93
