Run ID,Event ID,Track ID,Particle Name,Start Energy [eV],Start X [mm],Start Y [mm],Start Z [mm],Start Time [ns],Energy Deposited [eV],Track Weight,End X [mm],End Y [mm],End Z [mm],Final Time [ns],Volume Name
0 13 1 phononTS 0.004 0.25 0.25 0 0 0.00034743 1 0.105619 -0.219164 0.05 1727.2
0 13 2 phononTF 0.00207515 0.105619 -0.219164 0.049999 1727.2 0.00069486 1 0.0588368 -0.145717 0.05 1797.12
0 14 4 phononTS 0.00141272 -1.39029 2.23099 0.0225221 12474 0.00034743 1 -0.0892058 -0.262125 0.05 48798.4
0 26 3 phononTS 0.00201883 0.761556 0.0418891 0.0480732 1672.68 0.00069486 1 0.0234428 -0.206139 0.05 2958.62
0 31 1 phononTS 0.004 0.25 0.25 0 0 0.00034743 1 0.0715966 -0.116869 0.05 1434.79
0 31 2 phononL 0.000939477 0.0715966 -0.116869 0.049999 1434.79 0.00034743 1 0.0421782 -0.121647 0.05 18541.8
0 36 2 phononL 0.000511779 0.133117 0.0478605 0.049999 163.521 0.00034743 1 0.0553567 -0.219016 0.05 563.65
0 44 2 phononTS 0.00289548 3.0295 -0.841264 -0.0208482 11945.2 0.00034743 1 0.103478 -0.188479 0.05 15260
0 44 5 phononTS 0.000432392 0.103478 -0.188479 0.049998 15260 0.00034743 1 0.0744881 -0.182681 0.05 15318.9
0 54 1 phononTS 0.004 0.25 0.25 0 0 0.00069486 1 0.0747209 -0.248336 0.05 509.136
0 54 2 phononL 0.00240207 0.0747209 -0.248336 0.049999 509.136 0.00034743 1 -0.0224989 -0.164847 0.05 628.425
0 56 1 phononTS 0.004 0.25 0.25 0 0 0.00069486 1 0.059959 -0.111883 0.05 665.656
0 57 3 phononTS 0.000535939 0.162742 0.0926426 0.049999 805.987 0.00034743 1 0.0591743 -0.223023 0.05 6244.08
0 72 1 phononTF 0.004 0.25 0.25 0 0 0.00104229 1 0.0568332 -0.171099 0.05 1661.18
0 72 5 phononTS 0.00164686 0.0568332 -0.171099 0.049999 1661.18 0.00034743 1 -0.0510025 -0.17424 0.05 1797.49
0 72 3 phononTS 0.000930285 0.0568332 -0.171099 0.049999 1661.18 0.00034743 1 0.0687941 -0.168281 0.05 1728.39
0 76 2 phononTS 0.00183498 0.0444006 -0.950599 0.0231935 2008.75 0.00069486 1 0.0866317 -0.2612 0.05 6634.34
0 81 2 phononTS 0.00159292 0.449724 -0.719264 0.00419755 1353.02 0.00034743 1 -0.107593 -0.23035 0.05 13301.5
0 81 5 phononTF 0.000766007 -0.107593 -0.23035 0.049999 13301.5 0.00069486 1 -0.0395612 -0.205843 0.05 13364.9
0 87 1 phononTF 0.004 0.25 0.25 0 0 0.00138972 1 0.0664974 -0.224397 0.05 501.256
0 98 1 phononTF 0.004 0.25 0.25 0 0 0.00104229 1 0.0183734 -0.157622 0.05 347.264
0 101 2 phononL 0.00282281 -2.79222 2.00177 -0.0293679 12470.5 0.00069486 1 -0.0706403 -0.24745 0.05 54693.1
0 106 3 phononL 0.00268997 0.294045 1.13806 -0.0374747 2195.45 0.00069486 1 -0.0460145 -0.248798 0.05 9326.4
0 115 3 phononTF 0.00185533 0.216811 0.32393 0.0432188 17.2888 0.00034743 1 0.0328882 -0.105984 0.05 1639.47
0 118 3 phononTS 0.00296893 0.119465 0.229527 -0.0274143 47.8233 0.00069486 1 0.0470143 -0.261606 0.05 12771.9
0 118 4 phononTS 0.00042913 0.0470143 -0.261606 0.049998 12771.9 0.00034743 1 -0.013878 -0.218958 0.05 12840.3
0 127 1 phononTS 0.004 0.25 0.25 0 0 0.00069486 1 0.0666206 -0.258649 0.05 1031.16
0 127 7 phononTF 0.000689507 0.0666206 -0.258649 0.049999 1031.16 0.00034743 1 0.0366735 -0.16494 0.05 1116.77
0 128 1 phononTS 0.004 0.25 0.25 0 0 0.00104229 1 -0.0422079 -0.203556 0.05 3361.36
0 135 5 phononL 0.00109623 0.0648149 -0.352231 -0.00858478 594.522 0.00069486 1 0.0252054 -0.267738 0.05 615.053
0 135 4 phononTF 0.000735949 0.0648149 -0.352231 -0.00858478 594.522 0.00034743 1 0.0283496 -0.199755 0.05 7550.6
0 135 2 phononTF 0.00216783 0.00894812 0.11891 -0.0259727 355.202 0.00034743 1 0.0873321 -0.142852 0.05 958
0 147 4 phononTF 0.00151644 0.0906119 0.25595 0.0098395 1060.86 0.00069486 1 0.0944549 -0.267128 0.05 3766.74
0 147 2 phononTF 0.00147167 -0.00407161 0.294927 0.0418543 392.036 0.00034743 1 0.0575871 -0.121026 0.05 727.464
0 152 2 phononTF 0.00194953 -0.70226 0.682812 0.0428125 2868.49 0.00034743 1 0.0785038 -0.275599 0.05 12974.5
0 160 1 phononL 0.004 0.25 0.25 0 0 0.00069486 1 0.0153821 -0.22123 0.05 1658.34
0 166 2 phononTS 0.00071152 0.142474 0.0865919 0.049999 346.385 0.00034743 1 -0.0745745 -0.282719 0.05 32634.6
0 174 3 phononTS 0.000694969 0.609843 0.100266 0.049999 1987.57 0.00034743 1 -0.0601211 -0.17371 0.05 22847.4
0 182 1 phononL 0.004 0.25 0.25 0 0 0.00034743 1 0.0333059 -0.14942 0.05 1816.62
0 182 6 phononTS 0.000383282 0.0333059 -0.14942 0.049999 1816.62 0.00034743 1 -0.0362971 -0.289095 0.05 2632.4
0 189 4 phononL 0.000730716 -0.155342 0.0634313 0.049999 3833.92 0.00034743 1 -0.102787 -0.144479 0.05 4093.34
0 194 1 phononL 0.004 0.25 0.25 0 0 0.00104229 1 0.0523026 -0.190402 0.05 200.599
0 194 4 phononTF 0.00119955 0.0523026 -0.190402 0.049999 200.599 0.00034743 1 -0.0839036 -0.182303 0.05 333.533
0 207 1 phononTS 0.004 0.25 0.25 0 0 0.00034743 1 0.0749691 -0.164814 0.05 328.664
0 210 1 phononTS 0.004 0.25 0.25 0 0 0.00034743 1 -0.0441615 -0.273918 0.05 179.4
0 210 3 phononL 0.000464251 -0.0441615 -0.273918 0.049999 179.4 0.00034743 1 0.0291851 -0.302698 0.05 223.042
0 210 2 phononTS 0.00213707 -0.0441615 -0.273918 0.049999 179.4 0.00034743 1 0.0288642 -0.290337 0.05 360.413
0 215 2 phononTF 0.00178112 1.60223 3.22387 -0.0295789 9493.03 0.00069486 1 0.0991496 -0.166231 0.05 15974.3
0 234 1 phononL 0.004 0.25 0.25 0 0 0.00104229 1 0.0372824 -0.246902 0.05 1879.3
0 240 4 phononTS 0.000695937 0.466385 0.0761795 0.049998 1912.96 0.00034743 1 0.0575412 -0.178008 0.05 4312.78
0 243 3 phononTF 0.00264675 0.2188 0.21847 0.0218188 9.04882 0.00138972 1 -0.028287 -0.24122 0.05 14551.3
0 251 5 phononL 0.000408983 0.641999 0.0715493 0.049999 2088.05 0.00034743 1 0.117226 -0.182452 0.05 3671.14
0 256 4 phononTF 0.000654918 0.178972 0.0789544 0.049999 341.228 0.00034743 1 -0.0934937 -0.26418 0.05 20186.4
0 272 2 phononTF 0.00228021 -0.06596 0.482942 0.0349626 10886.8 0.00034743 1 0.0895056 -0.177559 0.05 55197.9
0 274 2 phononL 0.00254245 -0.093258 0.353751 0.048589 1234.27 0.00069486 1 -0.0721882 -0.226643 0.05 2100.92
0 279 1 phononL 0.004 0.25 0.25 0 0 0.00069486 1 -0.118476 -0.20316 0.05 1124.41
0 285 5 phononTS 0.000644162 0.0137765 0.0992039 0.049999 1918.1 0.00034743 1 0.0846433 -0.200208 0.05 2074.39
0 297 2 phononTS 0.000357416 0.187153 0.068203 0.049999 542.025 0.00034743 1 0.0292827 -0.112899 0.05 874.054
0 301 3 phononTS 0.00220417 0.079393 0.673781 0.0461188 1145.93 0.00069486 1 -0.0525275 -0.135177 0.05 7023.66
0 312 3 phononTS 0.000545442 0.814549 0.0011811 0.049999 3671.78 0.00034743 1 -0.0576663 -0.166051 0.05 6496.33
0 313 1 phononTS 0.004 0.25 0.25 0 0 0.00069486 1 -0.0559204 -0.107676 0.05 1107.32
0 319 2 phononTS 0.00145318 0.37487 0.726503 0.0108658 3734.71 0.00034743 1 0.105239 -0.147134 0.05 8763.54
0 319 4 phononTS 0.000454377 0.105239 -0.147134 0.049998 8763.54 0.00034743 1 0.0574726 -0.164456 0.05 8829.82
0 325 3 phononTF 0.00208314 -0.148907 0.381525 0.0332846 754.298 0.00069486 1 -0.0320394 -0.196765 0.05 2963.19
0 325 4 phononTF 0.000360908 -0.0320394 -0.196765 0.049999 2963.19 0.00034743 1 -0.0665767 -0.275366 0.05 6081.55
0 326 3 phononTF 0.00158025 -0.936539 -1.09694 0.0221859 4451.58 0.00104229 1 -0.0978965 -0.227258 0.05 14032.3
0 331 3 phononTS 0.00219917 0.268391 0.200572 0.0451325 14.5858 0.00069486 1 0.0528246 -0.169778 0.05 718.804
0 331 4 phononTS 0.000468062 0.0528246 -0.169778 0.049999 718.804 0.00034743 1 0.100875 -0.179182 0.05 785.233
0 338 4 phononL 0.000361463 0.333963 0.0672764 0.049999 1471.39 0.00034743 1 -0.044083 -0.13327 0.05 6248.92
0 360 5 phononTF 0.000424857 0.228666 -0.00323379 0.049999 336.275 0.00034743 1 0.114558 -0.210505 0.05 513.939
0 375 1 phononTF 0.004 0.25 0.25 0 0 0.00034743 1 -0.0545095 -0.197263 0.05 973.443
0 382 3 phononTS 0.00089582 -0.448797 0.0508641 0.049999 2565.25 0.00034743 1 -0.020786 -0.156899 0.05 4389.57
0 392 4 phononTS 0.000910738 0.184845 0.0652244 0.049999 71.8141 0.00034743 1 0.108733 -0.161571 0.05 261.625
0 394 2 phononL 0.0020787 0.347411 0.239591 0.0144436 20.1762 0.00104229 1 -0.0528967 -0.212239 0.05 1126.18
0 394 4 phononTS 0.000483051 -0.0528967 -0.212239 0.049999 1126.18 0.00034743 1 -0.0206674 -0.231055 0.05 1187.1
0 399 4 phononTS 0.0008111 -0.360379 0.0926575 0.049999 296.062 0.00034743 1 0.0405267 -0.237383 0.05 29867.3
0 411 2 phononL 0.0015451 0.324552 0.225673 -0.0146923 105.634 0.00034743 1 0.0958193 -0.253614 0.05 2168.84
0 419 1 phononTS 0.004 0.25 0.25 0 0 0.00034743 1 0.0333716 -0.0983086 0.05 816.764
0 420 3 phononTS 0.00277842 0.28544 0.356595 0.0358618 2000.46 0.00138972 1 0.103551 -0.166171 0.05 2381.44
0 427 3 phononTS 0.00215336 0.0477731 0.306913 -0.00519378 960.968 0.00034743 1 -0.116832 -0.22546 0.05 22040
0 430 3 phononTS 0.00277777 0.159776 0.137073 -0.0486357 388.238 0.00069486 1 0.0728149 -0.161034 0.05 6155.94
0 434 1 phononTF 0.004 0.25 0.25 0 0 0.00034743 1 0.0697421 -0.127409 0.05 1206.93
0 443 5 phononTF 0.000660266 0.892124 0.0296431 0.049999 436.874 0.00034743 1 -0.0763886 -0.256518 0.05 1675.79
0 462 2 phononTS 0.000565113 0.0873945 0.067286 0.049999 162.309 0.00034743 1 0.0572246 -0.234654 0.05 404.878
0 478 1 phononTF 0.004 0.25 0.25 0 0 0.00069486 1 0.0681665 -0.170661 0.05 700.587
0 485 2 phononL 0.000743784 0.284067 0.0498418 0.049999 104.387 0.00034743 1 -0.0494887 -0.199691 0.05 388.169
0 494 3 phononTS 0.00199198 0.170043 -0.237449 -2.89201e-05 726.642 0.00034743 1 -0.0280826 -0.259484 0.05 7812.07
0 501 1 phononTF 0.004 0.25 0.25 0 0 0.00034743 1 0.104061 -0.175878 0.05 831.418
0 508 5 phononTS 0.00166041 0.161292 -0.112971 -0.0416743 26061.6 0.00034743 1 0.0588399 -0.2823 0.05 26884.6
0 519 2 phononTS 0.00247924 0.603275 0.562943 -0.0249496 496.582 0.00104229 1 0.0919468 -0.190438 0.05 2128.81
0 528 1 phononTS 0.004 0.25 0.25 0 0 0.00069486 1 -0.0350798 -0.100109 0.05 2202.55
0 528 2 phononTF 0.000474336 -0.0350798 -0.100109 0.049999 2202.55 0.00034743 1 -0.0566463 -0.272284 0.05 2336.05
0 535 2 phononTS 0.000708508 0.396824 0.0714256 0.049999 69.1977 0.00034743 1 0.0283855 -0.164044 0.05 1687.91
0 536 2 phononTF 0.000378668 -0.241878 0.535944 -0.00516226 787.214 0.00034743 1 -0.0790881 -0.211982 0.05 1153.75
0 539 3 phononTF 0.00298612 0.285291 0.462273 -0.0390842 534.158 0.00034743 1 0.0847829 -0.237774 0.05 2079.24
0 539 5 phononTS 0.00217179 0.0847829 -0.237774 0.049999 2079.24 0.00104229 1 0.0427934 -0.210345 0.05 2145.88
0 542 3 phononL 0.00246223 -0.754907 0.61437 -0.0199519 1184.25 0.00034743 1 -0.0504296 -0.135975 0.05 9046.93
0 542 4 phononTS 0.000818713 -0.0504296 -0.135975 0.049998 9046.93 0.00034743 1 -0.0986879 -0.200061 0.05 9123.97
0 542 13 phononTF 0.000396916 -0.0986879 -0.200061 0.049999 9123.97 0.00034743 1 -0.100763 -0.214958 0.05 9184.56
0 555 2 phononTF 0.00238578 0.27489 0.264421 0.0212554 6.57963 0.00104229 1 0.0798642 -0.14405 0.05 717.493
0 556 3 phononTF 0.00202567 0.521545 -0.835101 0.016404 1911.21 0.00034743 1 0.0980452 -0.215858 0.05 3288.23
0 556 4 phononL 0.000882021 0.0980452 -0.215858 0.049999 3288.23 0.00069486 1 -0.0249387 -0.201779 0.05 3344.55
0 565 1 phononTS 0.004 0.25 0.25 0 0 0.00069486 1 -0.059363 -0.196272 0.05 392.245
0 583 2 phononTS 0.00177351 0.372461 0.507901 -0.024174 1309.96 0.00104229 1 -0.0678455 -0.134547 0.05 6300.99
0 593 2 phononTF 0.00150658 0.27431 0.170713 -0.0429173 105.033 0.00069486 1 -0.0330538 -0.094325 0.05 556.123
0 597 1 phononL 0.004 0.25 0.25 0 0 0.00069486 1 0.102248 -0.136476 0.05 635.399
0 597 6 phononL 0.00090596 0.102248 -0.136476 0.049998 635.399 0.00069486 1 0.0485 -0.102177 0.05 684.549
0 632 3 phononTS 0.00120337 -0.767869 1.11809 -0.0274723 2894.74 0.00069486 1 0.0217829 -0.185924 0.05 60716
0 652 2 phononTF 0.000761595 -0.109466 -0.00834077 0.049999 343.541 0.00034743 1 -0.0340218 -0.100871 0.05 501.11
0 658 1 phononTS 0.004 0.25 0.25 0 0 0.00104229 1 -0.0030997 -0.199139 0.05 2318.72
0 658 2 phononTS 0.00117842 -0.0030997 -0.199139 0.049999 2318.72 0.00034743 1 0.0626095 -0.291319 0.05 2503.19
0 661 2 phononTS 0.000458915 0.160009 0.00213117 0.049999 173.328 0.00034743 1 0.0583756 -0.140327 0.05 328.948
0 665 6 phononTF 0.000428682 0.115621 0.0605539 0.049999 185.059 0.00034743 1 -0.0198014 -0.25919 0.05 372.58
0 678 5 phononTS 0.0003928 0.244088 0.00767514 0.049999 887.494 0.00034743 1 0.0626299 -0.262776 0.05 1555.8
0 682 1 phononTF 0.004 0.25 0.25 0 0 0.00069486 1 -0.0261572 -0.255263 0.05 471.387
0 682 4 phononTF 0.000787016 -0.0261572 -0.255263 0.049998 471.387 0.00034743 1 -0.0980555 -0.258135 0.05 553.299
0 695 1 phononTF 0.004 0.25 0.25 0 0 0.00069486 1 0.0609273 -0.120195 0.05 1461.14
0 711 1 phononTS 0.004 0.25 0.25 0 0 0.00069486 1 0.0506187 -0.193476 0.05 579.286
0 711 7 phononTF 0.0015997 0.0506187 -0.193476 0.049999 579.286 0.00069486 1 0.116164 -0.187198 0.05 668.734
0 714 2 phononTS 0.00195068 -0.0830964 0.422674 -0.020681 475.958 0.00069486 1 0.0970594 -0.209273 0.05 1016.93
0 720 3 phononTF 0.00157625 0.0351085 -0.0565113 -0.00580852 449.206 0.00069486 1 -0.0904159 -0.207266 0.05 1601.58
0 720 2 phononTF 0.00242375 0.0351085 -0.0565113 -0.00580852 449.206 0.00034743 1 -0.0257799 -0.139268 0.05 505.526
0 720 15 phononTS 0.00171573 -0.0257799 -0.139268 0.049999 505.526 0.00069486 1 -0.0733305 -0.183691 0.05 572.579
0 721 3 phononTF 0.000895008 0.259635 0.0959784 0.049999 68.6004 0.00034743 1 -0.108794 -0.20681 0.05 239.313
0 727 2 phononTF 0.00296063 0.265624 0.191457 -0.0303516 19.3786 0.00034743 1 0.0618201 -0.145381 0.05 14011.8
0 739 3 phononTF 0.00239475 0.41364 -0.361775 -0.0488588 1625.46 0.00069486 1 -0.0408418 -0.299513 0.05 2410.01
0 745 1 phononTS 0.004 0.25 0.25 0 0 0.00069486 1 -0.0894622 -0.237199 0.05 9823.14
0 748 3 phononTS 0.00144272 0.601185 0.717603 -0.0267275 386.033 0.00034743 1 -0.0730623 -0.27483 0.05 46884.3
0 751 1 phononL 0.004 0.25 0.25 0 0 0.00034743 1 0.0661875 -0.198636 0.05 523.115
0 751 8 phononTF 0.000495961 0.0661875 -0.198636 0.049999 523.115 0.00034743 1 0.0626373 -0.129476 0.05 626.83
0 752 3 phononTS 0.00216772 0.652912 -0.0421019 0.0337134 450.418 0.00034743 1 0.0718517 -0.161518 0.05 3613.31
0 754 1 phononTS 0.004 0.25 0.25 0 0 0.00034743 1 0.0767344 -0.128637 0.05 5347.02
0 754 2 phononTS 0.00136174 0.0767344 -0.128637 0.049999 5347.02 0.00069486 1 0.0349125 -0.158862 0.05 10277.9
0 770 4 phononTS 0.00123553 -0.803207 -0.395935 0.0218337 9872.81 0.00034743 1 -0.0476557 -0.207372 0.05 42002.6
0 775 1 phononTF 0.004 0.25 0.25 0 0 0.00104229 1 -0.0589526 -0.280886 0.05 1887.07
0 775 7 phononTF 0.000978722 -0.0589526 -0.280886 0.049999 1887.07 0.00069486 1 0.0946606 -0.197114 0.05 2152.11
0 775 6 phononTS 0.000698198 -0.0589526 -0.280886 0.049999 1887.07 0.00034743 1 -0.0519473 -0.236808 0.05 1965.74
0 780 3 phononTF 0.00158114 0.0329013 -0.181753 -0.00598066 94.264 0.00034743 1 0.0339504 -0.201661 0.05 111.001
0 780 5 phononTS 0.000559432 0.0339504 -0.201661 0.049999 111.001 0.00034743 1 0.028906 -0.220581 0.05 170.952
0 781 1 phononTF 0.004 0.25 0.25 0 0 0.00138972 1 -0.0362641 -0.30702 0.05 5195.05
0 800 1 phononTF 0.004 0.25 0.25 0 0 0.00208458 1 -0.111808 -0.168219 0.05 954.79
0 833 1 phononTS 0.004 0.25 0.25 0 0 0.00104229 1 -0.0623893 -0.237386 0.05 1955.13
0 833 2 phononTF 0.000669445 -0.0623893 -0.237386 0.049999 1955.13 0.00034743 1 0.0167051 -0.174314 0.05 23134.9
0 839 1 phononTS 0.004 0.25 0.25 0 0 0.00069486 1 0.0792681 -0.115772 0.05 2283.66
0 839 7 phononTS 0.000623742 0.0792681 -0.115772 0.049999 2283.66 0.00034743 1 -0.0618405 -0.267677 0.05 2483.76
0 850 3 phononTF 0.000877714 0.0612414 0.0197456 0.049999 177.538 0.00034743 1 0.0870528 -0.178996 0.05 263.37
0 871 2 phononTS 0.00249913 -0.00935947 1.42168 0.0299844 9356.12 0.00034743 1 0.0363414 -0.185789 0.05 17193.6
0 879 1 phononTS 0.004 0.25 0.25 0 0 0.00138972 1 -0.0728842 -0.137952 0.05 780.089
0 881 3 phononTF 0.00196432 0.309941 1.27988 -0.0376235 1523.17 0.00034743 1 -0.0264201 -0.256439 0.05 30578.5
0 881 2 phononTS 0.00203568 0.309941 1.27988 -0.0376235 1523.17 0.00034743 1 0.0800836 -0.194714 0.05 8965.52
0 887 3 phononTS 0.00224189 0.31 0.183282 0.0499195 18.7716 0.00069486 1 0.0863185 -0.199665 0.05 124549
0 887 2 phononL 0.00175811 0.31 0.183282 0.0499195 18.7716 0.00034743 1 -0.0735364 -0.231296 0.05 1467.03
0 892 5 phononTS 0.000648145 0.201055 -0.00408969 0.049999 1387.94 0.00034743 1 -0.0563204 -0.145918 0.05 2086.29
0 894 3 phononTS 0.00147126 0.215434 2.77701 0.016402 15528.7 0.00069486 1 -0.08116 -0.151265 0.05 27797
0 899 3 phononL 0.00139826 -0.205965 0.547359 0.0418317 18395.8 0.00034743 1 0.0350148 -0.21774 0.05 18967
0 899 4 phononTF 0.000657752 0.0350148 -0.21774 0.049999 18967 0.00034743 1 0.0691484 -0.277619 0.05 19029.3
0 900 1 phononTS 0.004 0.25 0.25 0 0 0.00034743 1 0.0592432 -0.245786 0.05 699.968
0 900 3 phononTF 0.001763 0.0592432 -0.245786 0.049999 699.968 0.00034743 1 -0.0247841 -0.210165 0.05 2254.25
0 900 2 phononL 0.0012208 0.0592432 -0.245786 0.049999 699.968 0.00034743 1 -0.0824177 -0.273705 0.05 889.602
0 903 3 phononTS 0.00258444 4.27317 -1.40984 -0.0345187 16149.1 0.00034743 1 -0.0925849 -0.179599 0.05 81065.4
0 912 1 phononTF 0.004 0.25 0.25 0 0 0.00104229 1 0.0504637 -0.210894 0.05 1142.79
0 912 3 phononTS 0.000382086 0.0504637 -0.210894 0.049999 1142.79 0.00034743 1 0.0643364 -0.176478 0.05 1205.04
0 917 3 phononTF 0.00326172 0.180388 0.222195 -0.0413012 16.1617 0.00034743 1 -0.0698048 -0.198155 0.05 788.172
0 918 1 phononTS 0.004 0.25 0.25 0 0 0.00034743 1 -0.0614778 -0.120987 0.05 3769.71
0 949 1 phononTS 0.004 0.25 0.25 0 0 0.00069486 1 -0.0941839 -0.218989 0.05 551.903
0 949 4 phononTF 0.000364009 -0.0941839 -0.218989 0.049999 551.903 0.00034743 1 -0.0490041 -0.260956 0.05 699.301
0 950 2 phononTS 0.000867542 0.671014 0.00672096 0.049999 683.95 0.00034743 1 0.0627098 -0.22462 0.05 1654.45
0 963 3 phononTF 0.000370516 -0.17203 0.0401604 0.049999 573.658 0.00034743 1 -0.0310602 -0.221554 0.05 1244.08
0 968 2 phononL 0.000447608 0.165393 0.0747558 0.049999 206.996 0.00034743 1 -0.0808956 -0.163963 0.05 2097.15
0 995 3 phononTF 0.00272293 -0.135941 1.09186 -0.0419718 875.191 0.00069486 1 0.0906504 -0.234852 0.05 4103.54
0 995 7 phononL 0.000401561 0.0906504 -0.234852 0.049999 4103.54 0.00034743 1 0.0515426 -0.155203 0.05 5255.65
0 995 4 phononTF 0.00130759 0.0906504 -0.234852 0.049999 4103.54 0.00034743 1 0.034 -0.183308 0.05 4304.57
0 999 2 phononTF 0.00122501 0.4074 -0.118714 -0.040278 1530.94 0.00069486 1 -0.0432618 -0.227666 0.05 1724.29
0 1007 4 phononTS 0.00135966 0.0157669 -3.12007 -0.0331656 41742.5 0.00034743 1 0.102077 -0.210426 0.05 66457.3
0 1007 6 phononTS 0.000416436 0.102077 -0.210426 0.049999 66457.3 0.00034743 1 -0.0557217 -0.204774 0.05 66554.6
0 1015 4 phononL 0.000517409 0.33781 0.0331567 0.049999 1387.49 0.00034743 1 0.0386801 -0.0954357 0.05 3503.09
0 1020 4 phononTS 0.000892218 -0.312171 0.0252153 0.049999 433.536 0.00034743 1 -0.115578 -0.183848 0.05 2538.83
0 1025 1 phononTF 0.004 0.25 0.25 0 0 0.00208458 1 -0.0631385 -0.115381 0.05 1712.19
0 1026 2 phononTF 0.0022952 -0.190622 0.847098 0.0246199 1974.81 0.00034743 1 -0.0651682 -0.105321 0.05 5361
0 1044 4 phononTS 0.00113575 3.12519 -3.80404 0.0397081 47208.1 0.00034743 1 0.0448563 -0.180813 0.05 80143.7
0 1044 7 phononTF 0.000622121 0.0448563 -0.180813 0.049999 80143.7 0.00034743 1 0.04389 -0.12984 0.05 80202
0 1050 1 phononTF 0.004 0.25 0.25 0 0 0.00138972 1 0.042274 -0.180777 0.05 4281.96
0 1060 1 phononTS 0.004 0.25 0.25 0 0 0.00034743 1 -0.020213 -0.244909 0.05 2321.07
0 1066 1 phononL 0.004 0.25 0.25 0 0 0.00034743 1 -0.104154 -0.161898 0.05 565.687
0 1072 3 phononTF 0.00243713 0.344796 0.271534 -0.0219813 637.782 0.00034743 1 -0.0807262 -0.229429 0.05 29296.9
0 1072 5 phononTS 0.00179932 -0.0807262 -0.229429 0.049999 29296.9 0.00034743 1 0.0547896 -0.119493 0.05 29754.7
0 1072 13 phononTF 0.000819844 0.0547896 -0.119493 0.049998 29754.7 0.00069486 1 0.037471 -0.177655 0.05 29882.2
0 1073 3 phononL 0.00268316 0.773031 -0.118015 -0.037366 4696.96 0.00034743 1 0.0600014 -0.153178 0.05 6088.85
0 1080 3 phononL 0.00156518 -0.325094 0.933072 -0.00275236 983.138 0.00069486 1 -0.0789928 -0.144389 0.05 26608.3
0 1080 7 phononL 0.00053736 -0.0789928 -0.144389 0.049999 26608.3 0.00034743 1 -0.0518205 -0.107272 0.05 26655.5
0 1080 2 phononTF 0.00243482 -0.325094 0.933072 -0.00275236 983.138 0.00034743 1 0.0491236 -0.229202 0.05 5328.34
0 1080 21 phononTS 0.000446703 0.0491236 -0.229202 0.049999 5328.34 0.00034743 1 0.0333094 -0.232821 0.05 5395.7
0 1085 2 phononTS 0.00212539 0.234619 0.463284 -0.0110081 200.337 0.00069486 1 -0.0140274 -0.190753 0.05 11370.7
0 1087 5 phononL 0.00101415 1.76672 3.9548 0.0262683 35142.4 0.00034743 1 0.0158677 -0.21568 0.05 47708.9
0 1096 3 phononL 0.00108339 0.421285 -0.179721 0.0205917 541.564 0.00034743 1 -0.0777156 -0.126665 0.05 1407.34
0 1098 2 phononL 0.000461929 -0.123138 0.0348143 0.049999 5128.1 0.00034743 1 0.0656279 -0.17254 0.05 5588.95
0 1103 3 phononTS 0.00201403 0.218638 0.282502 0.0208065 9.11855 0.00069486 1 -0.0407793 -0.20675 0.05 809.326
0 1103 5 phononTS 0.000414665 -0.0407793 -0.20675 0.049999 809.326 0.00034743 1 -0.0599978 -0.258321 0.05 878.124
0 1103 2 phononTF 0.00198597 0.218638 0.282502 0.0208065 9.11855 0.00034743 1 0.11866 -0.208786 0.05 3290.19
0 1115 2 phononTF 0.00245943 0.0644463 0.129882 -0.0194311 827.645 0.00069486 1 0.0682809 -0.155483 0.05 9953.84
0 1115 4 phononTS 0.000739507 0.0682809 -0.155483 0.049999 9953.84 0.00034743 1 0.0132132 -0.183854 0.05 10019.6
0 1115 17 phononL 0.000356561 0.0132132 -0.183854 0.049999 10019.6 0.00034743 1 0.0608183 -0.200721 0.05 11500.3
0 1134 2 phononTS 0.0016496 0.38085 0.469952 0.0224361 2366.31 0.00069486 1 0.0664901 -0.155797 0.05 4281.27
0 1135 2 phononTS 0.0018966 0.622785 0.956059 0.0451818 1141.29 0.00034743 1 -0.0558493 -0.197987 0.05 46027.9
0 1140 3 phononL 0.00235394 0.0212136 0.201523 0.0015356 168.18 0.00034743 1 0.0551441 -0.100059 0.05 343.878
0 1141 1 phononL 0.004 0.25 0.25 0 0 0.00173715 1 -0.0589066 -0.252852 0.05 328.976
0 1167 2 phononTF 0.000647585 0.521892 0.08892 0.049998 262.922 0.00034743 1 0.0898684 -0.18378 0.05 14342.9
0 1179 1 phononTF 0.004 0.25 0.25 0 0 0.00138972 1 0.061529 -0.129577 0.05 510.6
0 1192 2 phononTF 0.00204527 0.578326 0.417636 -0.031173 75.7505 0.00034743 1 -0.0472333 -0.114945 0.05 2807.16
0 1195 2 phononTF 0.00134765 0.207302 0.407609 -0.0125573 56.4487 0.00034743 1 -0.0968738 -0.224013 0.05 927.945
0 1196 2 phononTS 0.00149362 0.265921 0.23966 -0.0190579 4.95918 0.00034743 1 0.0951337 -0.165002 0.05 70308.7
0 1200 4 phononTF 0.000727519 0.467408 0.0153343 0.049999 2233.9 0.00034743 1 -0.0188222 -0.250163 0.05 4152.88
0 1203 1 phononTS 0.004 0.25 0.25 0 0 0.00069486 1 -0.0803937 -0.174854 0.05 440.55
0 1222 1 phononTF 0.004 0.25 0.25 0 0 0.00034743 1 0.0965124 -0.20447 0.05 519.528
0 1245 4 phononTF 0.000727808 0.132206 0.00159653 0.049999 853.262 0.00034743 1 0.0728645 -0.146448 0.05 1203.89
0 1257 3 phononTS 0.000506015 0.5705 0.000113727 0.049999 2028.71 0.00034743 1 0.0679572 -0.204829 0.05 3215.81
0 1260 4 phononTS 0.000570428 0.351577 0.0419383 0.049999 160.173 0.00034743 1 0.101757 -0.159822 0.05 2405.86
0 1261 4 phononTS 0.000833413 0.268589 0.0779511 0.049999 715.864 0.00034743 1 -0.0271782 -0.2855 0.05 6719.41
0 1263 5 phononTS 0.00155951 -0.542778 -4.92976 0.0159511 63708.4 0.00034743 1 -0.00649853 -0.199174 0.05 100025
0 1263 6 phononTF 0.00104813 -0.00649853 -0.199174 0.049999 100025 0.00034743 1 0.0489854 -0.13965 0.05 100309
0 1265 2 phononTS 0.0019501 -0.869386 1.96605 0.041059 7944.56 0.00034743 1 -0.0260028 -0.165772 0.05 45784.8
0 1267 1 phononTF 0.004 0.25 0.25 0 0 0.00104229 1 0.029548 -0.217999 0.05 431.524
0 1278 2 phononTS 0.00214549 -0.442866 1.81205 -0.00384213 12580 0.00034743 1 -0.0521154 -0.10533 0.05 14675.2
0 1278 5 phononTF 0.000398016 -0.0521154 -0.10533 0.049999 14675.2 0.00034743 1 -0.0920395 -0.150744 0.05 14736.4
0 1278 4 phononTF 0.00130289 -0.0521154 -0.10533 0.049999 14675.2 0.00034743 1 -0.0612404 -0.134598 0.05 14872.3
0 1281 3 phononTS 0.00187336 0.139756 0.0330643 -0.0349376 128.48 0.00034743 1 0.0821058 -0.216447 0.05 1496.89
0 1301 2 phononTF 0.00165241 0.208515 0.249191 0.0293111 9.64527 0.00034743 1 0.0810072 -0.219271 0.05 220.932
0 1306 4 phononTS 0.000881756 0.636994 0.0373831 0.049999 810.05 0.00034743 1 -0.11209 -0.217048 0.05 1476.68
0 1308 2 phononTS 0.00169544 -0.194339 0.156412 -0.0466448 188.449 0.00034743 1 -0.0243768 -0.231736 0.05 768.055
0 1320 4 phononL 0.000639313 0.266026 0.0460906 0.049999 1466.98 0.00034743 1 0.0681371 -0.190121 0.05 2279.94
0 1325 1 phononTF 0.004 0.25 0.25 0 0 0.00104229 1 -0.0942341 -0.136149 0.05 580.212
0 1340 3 phononTS 0.000463805 0.402957 -0.00136379 0.049999 2690.35 0.00034743 1 0.041586 -0.247012 0.05 3307.64
0 1351 3 phononL 0.00196926 0.234616 0.86238 -0.00605631 2807.88 0.00069486 1 -0.117515 -0.208556 0.05 4812.33
0 1352 3 phononTF 0.000914746 -0.00590805 0.056737 0.049998 1819.29 0.00034743 1 -0.019364 -0.222714 0.05 2134.29
0 1356 2 phononL 0.00103344 0.408767 -0.0867 -0.0413548 12983.8 0.00034743 1 -0.0491399 -0.141022 0.05 13409.9
0 1365 1 phononTS 0.004 0.25 0.25 0 0 0.00034743 1 0.0754524 -0.128843 0.05 1249.88
0 1366 1 phononTS 0.004 0.25 0.25 0 0 0.00034743 1 0.027728 -0.132093 0.05 1974.55
0 1379 2 phononTS 0.000651138 0.234974 0.0412615 0.049999 959.644 0.00034743 1 -0.0388432 -0.202077 0.05 1862.77
0 1392 1 phononTS 0.004 0.25 0.25 0 0 0.00104229 1 0.0531025 -0.119797 0.05 1840.24
0 1402 1 phononTF 0.004 0.25 0.25 0 0 0.00208458 1 0.0381297 -0.23415 0.05 730.173
0 1411 2 phononTF 0.00153015 0.367755 0.342204 0.0247896 50.9501 0.00069486 1 -0.0816572 -0.228086 0.05 27699.5
0 1411 5 phononTS 0.000382838 -0.0816572 -0.228086 0.049999 27699.5 0.00034743 1 -0.0820316 -0.14772 0.05 27775.1
0 1415 1 phononTS 0.004 0.25 0.25 0 0 0.00208458 1 0.0558425 -0.14336 0.05 1111.56
0 1437 3 phononTF 0.00238421 -0.413837 -0.163134 0.0224435 2564.34 0.00034743 1 0.0419756 -0.140757 0.05 5964.14
0 1446 5 phononTS 0.000408008 -0.0806657 0.0595731 0.049999 142.434 0.00034743 1 -0.0379144 -0.298075 0.05 364.012
0 1448 1 phononL 0.004 0.25 0.25 0 0 0.00104229 1 0.0694617 -0.291712 0.05 3948.94
0 1449 2 phononL 0.000697675 0.0792843 0.0822569 0.049999 422.532 0.00034743 1 0.0997272 -0.231413 0.05 2069.32
0 1455 2 phononTS 0.00298407 0.112434 0.630605 0.0269102 3264.56 0.00069486 1 0.092325 -0.196096 0.05 6378.38
0 1478 3 phononTS 0.000612538 0.810592 0.0879405 0.049999 803.424 0.00034743 1 -0.0579563 -0.248164 0.05 3033.19
0 1480 3 phononTS 0.00212242 0.115879 -0.743852 0.043066 3781.85 0.00104229 1 -0.0427007 -0.104679 0.05 4820.52
0 1483 2 phononTF 0.00231424 0.219405 0.225294 -0.0159717 7.83935 0.00104229 1 0.0424551 -0.106999 0.05 369.51
0 1485 1 phononL 0.004 0.25 0.25 0 0 0.00104229 1 0.0488617 -0.108172 0.05 1618.32
0 1485 7 phononTS 0.000822933 0.0488617 -0.108172 0.049999 1618.32 0.00034743 1 -0.0184291 -0.181818 0.05 1691.63
0 1503 5 phononTS 0.00110994 1.30906 1.31295 0.0454639 86827.6 0.00069486 1 0.070453 -0.124009 0.05 284592
0 1505 3 phononTF 0.00282211 0.437322 0.233133 -0.0464387 1992.68 0.00138972 1 -0.0222251 -0.25558 0.05 5622.27
0 1506 1 phononL 0.004 0.25 0.25 0 0 0.00104229 1 0.0984458 -0.218968 0.05 1567.09
0 1517 2 phononTS 0.00158698 0.693977 0.331917 0.0202573 843.081 0.00034743 1 0.0891388 -0.26894 0.05 14183
0 1527 5 phononL 0.00161483 -3.38155 2.47395 0.0201768 21638.8 0.00034743 1 0.0221483 -0.213599 0.05 41034.5
0 1536 5 phononTF 0.000637922 0.220019 0.045521 0.049999 271.779 0.00034743 1 0.0169395 -0.188904 0.05 616.291
0 1546 2 phononTS 0.000630965 0.123295 0.0651768 0.049999 419.436 0.00034743 1 -0.118544 -0.207597 0.05 6403.13
0 1555 1 phononTS 0.004 0.25 0.25 0 0 0.00034743 1 -0.0281605 -0.289494 0.05 1265.02
0 1559 4 phononTS 0.00128405 2.65866 -4.1098 -0.0460098 25225 0.00034743 1 0.071998 -0.15616 0.05 55755.9
0 1582 3 phononL 0.00102859 0.2124 0.251636 -0.0373497 9.92155 0.00034743 1 0.0620699 -0.126895 0.05 8354.51
0 1582 6 phononTF 0.000557493 0.0620699 -0.126895 0.049999 8354.51 0.00034743 1 0.1075 -0.179655 0.05 8926.42
0 1585 3 phononTS 0.000792608 0.150779 0.0465124 0.049999 134.563 0.00034743 1 -0.108803 -0.170671 0.05 5935.96
0 1585 7 phononL 0.000359024 -0.108803 -0.170671 0.049999 5935.96 0.00034743 1 0.0230633 -0.125971 0.05 6003.16
0 1587 3 phononTS 0.000671123 0.191966 0.0986529 0.049999 663.959 0.00034743 1 -0.0440917 -0.148302 0.05 1035.13
0 1590 1 phononTF 0.004 0.25 0.25 0 0 0.00104229 1 0.0670598 -0.122046 0.05 562.915
0 1606 3 phononTS 0.000539799 1.10066 0.093308 0.049999 5512.99 0.00034743 1 -0.0421458 -0.233184 0.05 64087.4
0 1615 3 phononL 0.00289341 0.460639 0.595056 0.0459767 567.001 0.00069486 1 -0.104676 -0.143107 0.05 48712.3
0 1624 3 phononTF 0.00252268 -0.297154 -0.0309852 0.0471954 1000.56 0.00034743 1 0.0930883 -0.153145 0.05 1759.64
0 1636 1 phononTF 0.004 0.25 0.25 0 0 0.00069486 1 0.0593471 -0.155115 0.05 597.421
0 1636 2 phononTS 0.00229779 0.0593471 -0.155115 0.049999 597.421 0.00034743 1 0.0978165 -0.161309 0.05 666.87
0 1638 2 phononTS 0.0027792 -0.990883 1.66346 0.000910076 4428.98 0.00138972 1 0.10314 -0.168627 0.05 32016.2
0 1641 2 phononTS 0.00192406 0.358777 0.257567 0.00226134 257.603 0.00034743 1 0.0905417 -0.149305 0.05 1053.06
0 1645 3 phononTF 0.00260203 0.587084 0.0740493 -0.0281606 923.208 0.00034743 1 -0.0496047 -0.158383 0.05 1946.72
0 1645 8 phononTS 0.000596841 -0.0496047 -0.158383 0.049999 1946.72 0.00034743 1 0.0756909 -0.128927 0.05 8798.42
0 1654 2 phononTF 0.000444854 0.478024 0.0204027 0.049999 584.794 0.00034743 1 -0.10899 -0.232508 0.05 2624.57
0 1656 1 phononL 0.004 0.25 0.25 0 0 0.00069486 1 0.106486 -0.187447 0.05 1054.5
0 1666 2 phononTF 0.00162974 0.408731 0.234294 0.00128797 2075.68 0.00034743 1 -0.105086 -0.238798 0.05 3735.18
0 1668 1 phononTS 0.004 0.25 0.25 0 0 0.00034743 1 0.0679966 -0.275816 0.05 607.398
0 1668 2 phononTS 0.00109018 0.0679966 -0.275816 0.049999 607.398 0.00034743 1 0.0891172 -0.244008 0.05 672.767
0 1674 3 phononL 0.00083378 0.133796 0.0817236 0.049999 399.45 0.00069486 1 0.0536315 -0.187432 0.05 1126.06
0 1677 1 phononL 0.004 0.25 0.25 0 0 0.00034743 1 -0.100853 -0.152581 0.05 500.187
0 1677 2 phononTS 0.00266432 -0.100853 -0.152581 0.049999 500.187 0.00104229 1 0.0545618 -0.21756 0.05 720.211
0 1677 18 phononTS 0.000412459 0.0545618 -0.21756 0.049999 720.211 0.00034743 1 0.0712993 -0.196755 0.05 778.925
0 1679 1 phononTF 0.004 0.25 0.25 0 0 0.00069486 1 -0.0572139 -0.19256 0.05 2151.09
0 1679 6 phononTS 0.00163923 -0.0572139 -0.19256 0.049999 2151.09 0.00034743 1 0.0775865 -0.182817 0.05 2242.76
0 1679 17 phononTS 0.000568909 0.0775865 -0.182817 0.049999 2242.76 0.00034743 1 -0.068855 -0.121524 0.05 2385.21
0 1679 15 phononTS 0.000601359 0.0775865 -0.182817 0.049999 2242.76 0.00034743 1 -0.0988633 -0.171028 0.05 2532.01
0 1679 2 phononTS 0.000777943 -0.0572139 -0.19256 0.049999 2151.09 0.00034743 1 0.0349806 -0.165269 0.05 2327.03
0 1695 2 phononL 0.00195589 0.0367025 0.175022 0.0125616 147.44 0.00034743 1 0.0694157 -0.281765 0.05 1322.72
0 1701 2 phononTS 0.000831205 0.288613 0.0515726 0.049999 236.914 0.00034743 1 -0.0378751 -0.284103 0.05 3890.76
0 1710 3 phononTS 0.00295458 -0.0252274 0.1486 0.0448272 572.287 0.00104229 1 0.0452787 -0.13132 0.05 6309.1
0 1722 1 phononTS 0.004 0.25 0.25 0 0 0.00069486 1 0.0133488 -0.21167 0.05 2273.1
0 1722 5 phononTS 0.000573465 0.0133488 -0.21167 0.049999 2273.1 0.00034743 1 0.0899694 -0.173007 0.05 2415.49
0 1724 1 phononTS 0.004 0.25 0.25 0 0 0.00069486 1 0.108117 -0.233993 0.05 4262.9
0 1729 1 phononTF 0.004 0.25 0.25 0 0 0.00104229 1 0.0937846 -0.170768 0.05 456.262
0 1729 2 phononTS 0.00200254 0.0937846 -0.170768 0.049999 456.262 0.00069486 1 0.0698528 -0.158984 0.05 630.577
0 1733 1 phononL 0.004 0.25 0.25 0 0 0.00104229 1 0.0473688 -0.135978 0.05 594.545
0 1733 13 phononTS 0.00128723 0.0473688 -0.135978 0.049999 594.545 0.00069486 1 -0.0409224 -0.183914 0.05 931.397
0 1737 1 phononTF 0.004 0.25 0.25 0 0 0.00034743 1 0.0879637 -0.217696 0.05 381.824
0 1737 3 phononTS 0.00355386 0.0879637 -0.217696 0.049999 381.824 0.00069486 1 -0.0432597 -0.217303 0.05 1730.53
0 1742 3 phononL 0.000478763 0.0623966 0.0692556 0.049999 904.055 0.00034743 1 -0.0523918 -0.169824 0.05 1561.86
0 1754 1 phononTS 0.004 0.25 0.25 0 0 0.00138972 1 0.0486614 -0.214178 0.05 1944.46
0 1754 5 phononTS 0.000509793 0.0486614 -0.214178 0.049999 1944.46 0.00034743 1 -0.076742 -0.1856 0.05 3086.1
0 1757 5 phononTS 0.00162552 0.74868 1.70979 0.0222225 7567.8 0.00034743 1 -0.0148101 -0.186299 0.05 66142.2
0 1762 1 phononTS 0.004 0.25 0.25 0 0 0.00173715 1 -0.0399414 -0.189894 0.05 1138.87
0 1774 2 phononTS 0.00233232 0.0852654 -0.00351252 0.026443 57.9165 0.00034743 1 0.0266548 -0.129605 0.05 144.876
0 1774 4 phononTS 0.0012832 0.0266548 -0.129605 0.049999 144.876 0.00034743 1 -0.0669829 -0.111135 0.05 231.759
0 1792 4 phononL 0.000918042 -0.053574 0.0529571 0.049999 397.519 0.00034743 1 -0.0456668 -0.154963 0.05 500.158
0 1805 1 phononTF 0.004 0.25 0.25 0 0 0.00034743 1 0.0746627 -0.119239 0.05 296.709
0 1830 1 phononTS 0.004 0.25 0.25 0 0 0.00034743 1 -0.0144857 -0.213194 0.05 972.246
0 1830 4 phononTF 0.00044929 -0.0144857 -0.213194 0.049999 972.246 0.00034743 1 -0.0725543 -0.19299 0.05 1166.49
0 1837 3 phononTS 0.000455632 -0.553671 0.0446034 0.049999 2680.78 0.00034743 1 -0.0764178 -0.275196 0.05 4439.5
0 1841 2 phononTS 0.000422967 -0.144994 0.0217445 0.049999 2345.24 0.00034743 1 -0.0400468 -0.268315 0.05 2636.19
0 1844 2 phononL 0.0022632 0.860273 -0.976366 -0.0336501 3503.72 0.00104229 1 -0.030071 -0.176209 0.05 70227.4
0 1859 1 phononTS 0.004 0.25 0.25 0 0 0.00104229 1 -0.0535922 -0.13747 0.05 6523.18
0 1859 2 phononTF 0.00194771 -0.0535922 -0.13747 0.049999 6523.18 0.00034743 1 -0.0259578 -0.18038 0.05 6572.62
0 1862 3 phononTS 0.00062944 -0.0227367 0.0733534 0.049999 1546.64 0.00034743 1 -0.0622248 -0.125 0.05 2187.49
0 1880 1 phononL 0.004 0.25 0.25 0 0 0.00034743 1 -0.031713 -0.109523 0.05 526.698
0 1885 3 phononTF 0.00278983 0.1804 0.1279 0.0479991 42.3331 0.00069486 1 0.0374865 -0.191415 0.05 1041.87
0 1912 1 phononL 0.004 0.25 0.25 0 0 0.00034743 1 0.0692294 -0.266359 0.05 1989
0 1913 5 phononL 0.000579911 -0.223421 0.038916 0.049999 1191.68 0.00034743 1 -0.101408 -0.223825 0.05 2198.18
0 1915 2 phononL 0.000753029 0.0909413 0.0366983 0.049999 192.367 0.00034743 1 0.0500189 -0.134572 0.05 460.16
0 1922 5 phononTF 0.0013041 -3.78629 0.230712 -0.030541 13746.3 0.00034743 1 -0.0439668 -0.163156 0.05 17424.4
0 1935 1 phononTS 0.004 0.25 0.25 0 0 0.00104229 1 0.0703356 -0.124765 0.05 669.422
0 1935 9 phononTS 0.00047552 0.0703356 -0.124765 0.049999 669.422 0.00034743 1 0.081462 -0.175612 0.05 734.537
0 1939 1 phononTS 0.004 0.25 0.25 0 0 0.00034743 1 -0.0625549 -0.136519 0.05 452.346
0 1939 8 phononTS 0.00131169 -2.23434 -1.16746 0.0106204 27013.3 0.00034743 1 0.0377516 -0.18971 0.05 35365.2
0 1941 4 phononL 0.000908303 -0.0835539 0.0381194 0.049999 551.627 0.00034743 1 0.08431 -0.124231 0.05 1030.78
0 1954 3 phononTS 0.00215867 0.490381 -0.343122 0.021057 1095.79 0.00034743 1 0.0458745 -0.18785 0.05 1552.06
0 1954 4 phononTS 0.000449442 0.0458745 -0.18785 0.049999 1552.06 0.00034743 1 0.108727 -0.204324 0.05 1913.57
0 1959 2 phononTS 0.00124375 0.0627798 -0.0859464 0.00712944 346.784 0.00034743 1 0.0295608 -0.246977 0.05 14592
0 1966 2 phononTF 0.00116468 0.261279 1.34907 -0.045193 5427.77 0.00034743 1 -0.0792988 -0.275164 0.05 12360.2
0 1971 4 phononTF 0.000543904 0.0791525 0.0866461 0.049999 192.771 0.00034743 1 0.0907197 -0.142294 0.05 395.564
0 1987 4 phononTF 0.000721171 -0.140177 0.0458581 0.049999 1614.03 0.00034743 1 -0.0788791 -0.22679 0.05 169344
0 2010 2 phononTF 0.00166871 0.0374427 0.303499 -0.0396882 398.058 0.00034743 1 0.0727084 -0.280371 0.05 603.916
0 2013 2 phononTF 0.00127083 0.261854 0.25673 -0.0133163 3.51562 0.00034743 1 -0.0927872 -0.209324 0.05 63714.9
0 2036 1 phononL 0.004 0.25 0.25 0 0 0.00034743 1 -0.104477 -0.179281 0.05 276.133
0 2036 2 phononTS 0.0020512 -0.104477 -0.179281 0.049999 276.133 0.00034743 1 -0.0701333 -0.13058 0.05 367.274
0 2036 11 phononTF 0.00106663 -0.0701333 -0.13058 0.049999 367.274 0.00034743 1 -0.0154463 -0.230198 0.05 440.275
0 2036 15 phononTF 0.000494645 -0.0154463 -0.230198 0.049999 440.275 0.00034743 1 -0.0130717 -0.217444 0.05 508.991
0 2041 5 phononL 0.000348365 0.649369 0.0879022 0.049999 1306.79 0.00034743 1 -0.0603237 -0.158299 0.05 3655.76
0 2045 1 phononL 0.004 0.25 0.25 0 0 0.00104229 1 -0.0361475 -0.219083 0.05 1233.23
0 2045 4 phononL 0.000794797 -0.0361475 -0.219083 0.049999 1233.23 0.00034743 1 -0.0303632 -0.186527 0.05 1384.52
0 2051 1 phononTF 0.004 0.25 0.25 0 0 0.00104229 1 0.0607694 -0.184253 0.05 2127.34
0 2063 1 phononTF 0.004 0.25 0.25 0 0 0.00069486 1 -0.0635832 -0.127402 0.05 1402.71
0 2063 3 phononTS 0.0012359 -0.0635832 -0.127402 0.049999 1402.71 0.00034743 1 -0.0608067 -0.258593 0.05 2940.97
0 2067 4 phononTS 0.000849241 -0.00334004 0.0296841 0.049999 316.618 0.00034743 1 -0.0839689 -0.280077 0.05 847.354
0 2078 4 phononTF 0.000736706 0.218873 0.0500756 0.049999 1935.55 0.00034743 1 0.0830041 -0.130991 0.05 2312.41
0 2079 3 phononTS 0.000719855 -0.30404 0.0873451 0.049999 1126 0.00034743 1 -0.105599 -0.163427 0.05 1739.85
0 2083 4 phononTF 0.000869489 -0.00248767 0.0845659 0.049999 363.875 0.00034743 1 -0.0652712 -0.121382 0.05 646.392
0 2083 7 phononTF 0.000424003 -0.0652712 -0.121382 0.049999 646.392 0.00034743 1 0.0212917 -0.205466 0.05 719.179
0 2109 1 phononTS 0.004 0.25 0.25 0 0 0.00034743 1 0.0669892 -0.14039 0.05 491.115
0 2109 2 phononTF 0.00074845 0.0669892 -0.14039 0.049999 491.115 0.00034743 1 -0.0965022 -0.20391 0.05 588.163
0 2113 4 phononTS 0.000642338 0.952795 0.100367 0.049999 608.15 0.00034743 1 -0.057491 -0.16215 0.05 9920.04
0 2114 4 phononL 0.000417974 -0.0859106 0.0981423 0.049999 977.666 0.00034743 1 0.0164464 -0.17826 0.05 1067.57
0 2122 1 phononTS 0.004 0.25 0.25 0 0 0.00138972 1 0.111931 -0.23075 0.05 918.369
0 2125 5 phononL 0.000452576 0.16961 0.0127111 0.049998 627.655 0.00034743 1 -0.0547315 -0.118151 0.05 3133.66
0 2127 3 phononTS 0.0018068 -1.4298 2.82602 -0.0478052 5133.53 0.00034743 1 -0.0405212 -0.164771 0.05 20360.1
0 2137 2 phononTS 0.000525165 0.310888 0.0943409 0.049999 159.346 0.00034743 1 -0.0345166 -0.280622 0.05 1898.07
0 2144 2 phononTS 0.000705461 0.0262673 0.0150297 0.049999 631.153 0.00034743 1 -0.075681 -0.119142 0.05 721.707
0 2150 2 phononTF 0.00125747 0.326549 0.758591 0.0376228 6764.17 0.00034743 1 0.0669093 -0.284175 0.05 8230.6
0 2159 2 phononTF 0.00167805 0.254728 0.235796 0.0120742 3.58107 0.00034743 1 0.0903264 -0.174962 0.05 225.736
0 2161 4 phononL 0.000486129 0.545313 0.04818 0.049999 1635.45 0.00034743 1 0.0648239 -0.204301 0.05 4024.02
0 2176 7 phononTF 0.000788727 -0.250471 -0.653487 -0.0475623 3927.05 0.00034743 1 0.039825 -0.286246 0.05 82499.6
0 2179 3 phononTS 0.002292 0.4063 0.309069 0.0349611 188.528 0.00104229 1 -0.0736228 -0.172593 0.05 3350.5
0 2194 3 phononTF 0.00218803 -0.0531838 0.451218 0.0366676 375.047 0.00034743 1 -0.0785971 -0.226155 0.05 3305.51
0 2194 2 phononTS 0.00181197 -0.0531838 0.451218 0.0366676 375.047 0.00034743 1 0.0532968 -0.289743 0.05 1853.37
0 2194 9 phononTS 0.000366587 0.0532968 -0.289743 0.049999 1853.37 0.00034743 1 -0.0707325 -0.279138 0.05 1942.02
0 2198 4 phononL 0.000888832 0.104275 0.0448159 0.049999 1972.44 0.00034743 1 -0.0780406 -0.217924 0.05 2076.9
0 2207 3 phononTF 0.00270851 0.0172393 1.90388 -0.0177339 7236.23 0.00069486 1 -0.117815 -0.176826 0.05 23783.1
0 2221 1 phononL 0.004 0.25 0.25 0 0 0.00034743 1 0.0226423 -0.127785 0.05 4992.78
0 2226 1 phononTS 0.004 0.25 0.25 0 0 0.00104229 1 -0.0120824 -0.216426 0.05 701.685
0 2231 1 phononTF 0.004 0.25 0.25 0 0 0.00034743 1 -0.10438 -0.181048 0.05 8451.89
0 2231 3 phononTF 0.000763656 -0.10438 -0.181048 0.049999 8451.89 0.00034743 1 -0.0631718 -0.233014 0.05 8598.79
0 2233 2 phononTS 0.00285277 0.919534 0.374302 -0.00637959 1915.3 0.00069486 1 0.0930744 -0.166398 0.05 4118.9
0 2238 1 phononTF 0.004 0.25 0.25 0 0 0.00034743 1 0.0579272 -0.108797 0.05 155.858
0 2244 3 phononTF 0.00275004 0.664302 0.263542 -0.0190057 675.734 0.00034743 1 -0.0587182 -0.135879 0.05 19974.5
0 2244 6 phononL 0.0010306 -0.0587182 -0.135879 0.049999 19974.5 0.00069486 1 -0.102153 -0.16717 0.05 20478.2
0 2268 1 phononL 0.004 0.25 0.25 0 0 0.00034743 1 -0.0848053 -0.122784 0.05 823.278
0 2268 2 phononL 0.00152783 -0.0848053 -0.122784 0.049999 823.278 0.00034743 1 -0.0789523 -0.25107 0.05 1448.58
0 2283 3 phononTS 0.00181241 -0.35502 0.270361 -0.0419406 972.92 0.00034743 1 0.101413 -0.243252 0.05 2331.78
0 2286 4 phononTS 0.000704628 0.198059 0.0872887 0.049999 475.626 0.00034743 1 0.104773 -0.143301 0.05 1023.47
0 2312 1 phononTF 0.004 0.25 0.25 0 0 0.00034743 1 0.0820114 -0.181901 0.05 346.616
0 2312 3 phononTS 0.0023036 0.0820114 -0.181901 0.049998 346.616 0.00034743 1 0.0454682 -0.260642 0.05 373.436
0 2318 1 phononL 0.004 0.25 0.25 0 0 0.00138972 1 0.0294152 -0.302511 0.05 6105.28
0 2318 8 phononTS 0.000416683 0.0294152 -0.302511 0.049999 6105.28 0.00034743 1 -0.0581874 -0.288402 0.05 6187.29
0 2325 5 phononTS 0.00268984 0.694146 1.25102 0.0145342 4263.61 0.00034743 1 0.023877 -0.270934 0.05 32048.5
0 2327 1 phononTS 0.004 0.25 0.25 0 0 0.00104229 1 -0.0861375 -0.254846 0.05 564.645
0 2327 6 phononL 0.00106692 -0.0861375 -0.254846 0.049999 564.645 0.00034743 1 0.0816558 -0.200077 0.05 1443.57
0 2328 1 phononTF 0.004 0.25 0.25 0 0 0.00104229 1 -0.0834138 -0.209745 0.05 1765.64
0 2332 3 phononTS 0.0025513 0.64279 0.0637175 -0.00772489 1267.92 0.00034743 1 -0.112762 -0.202976 0.05 6369.73
0 2332 4 phononL 0.00138574 -0.112762 -0.202976 0.049999 6369.73 0.00069486 1 0.0347388 -0.305107 0.05 8971.17
0 2342 3 phononL 0.0022631 0.272144 0.337252 -0.03271 22.2958 0.00034743 1 0.0265836 -0.155154 0.05 7007.69
0 2342 4 phononTS 0.00119634 0.0265836 -0.155154 0.049999 7007.69 0.00069486 1 -0.0213606 -0.143361 0.05 7203.66
0 2356 2 phononTS 0.00108426 -1.07396 -1.89457 -0.0221564 9637.26 0.00069486 1 0.0541774 -0.119047 0.05 12744.2
0 2361 2 phononL 0.00181019 0.159989 0.686208 0.00242527 913.956 0.00034743 1 0.05317 -0.143416 0.05 9102.41
0 2372 2 phononTF 0.000522574 0.30054 0.013349 0.049999 1344.94 0.00034743 1 -0.0670823 -0.21724 0.05 43502.8
0 2374 1 phononTF 0.004 0.25 0.25 0 0 0.00069486 1 0.0180909 -0.153828 0.05 1921.33
0 2385 1 phononL 0.004 0.25 0.25 0 0 0.00034743 1 0.0551235 -0.105949 0.05 6881.11
0 2398 1 phononL 0.004 0.25 0.25 0 0 0.00104229 1 0.0425224 -0.292291 0.05 2372.83
0 2398 5 phononTS 0.000988237 0.0425224 -0.292291 0.049998 2372.83 0.00034743 1 -0.0257369 -0.24032 0.05 2697.03
0 2399 1 phononL 0.004 0.25 0.25 0 0 0.00069486 1 -0.105142 -0.144706 0.05 2615.21
0 2408 3 phononTF 0.0012965 0.510243 0.579417 -0.0197647 235.467 0.00034743 1 0.0941673 -0.166504 0.05 18838.9
0 2408 2 phononTS 0.0027035 0.510243 0.579417 -0.0197647 235.467 0.00104229 1 0.0327812 -0.223823 0.05 1381.45
0 2408 11 phononTS 0.000699815 0.0327812 -0.223823 0.049998 1381.45 0.00034743 1 0.0916299 -0.209334 0.05 1513.1
0 2409 3 phononTF 0.00274939 1.02954 0.645073 -0.0173712 831.737 0.00034743 1 -0.0652003 -0.144303 0.05 17071
0 2409 4 phononTS 0.00147315 -0.0652003 -0.144303 0.049999 17071 0.00034743 1 -0.0636231 -0.144826 0.05 17128.5
0 2414 4 phononTS 0.000716669 0.34532 -0.000803563 0.049999 748.845 0.00034743 1 -0.110102 -0.232249 0.05 1754.27
0 2422 3 phononTF 0.00252496 0.812941 0.546166 0.0347934 1113.66 0.00034743 1 0.109476 -0.204024 0.05 9062.66
0 2422 4 phononL 0.00144212 0.109476 -0.204024 0.049999 9062.66 0.00034743 1 -0.0520517 -0.199386 0.05 9169.89
0 2426 5 phononTS 0.00107568 0.590937 -1.52954 0.0022521 7371.39 0.00034743 1 -0.0365454 -0.237488 0.05 30428.6
0 2443 1 phononL 0.004 0.25 0.25 0 0 0.00069486 1 0.0964743 -0.21996 0.05 259.393
0 2443 5 phononL 0.000650579 0.0964743 -0.21996 0.049999 259.393 0.00034743 1 -0.0158113 -0.218618 0.05 3087.03
0 2443 3 phononTF 0.000378475 0.0964743 -0.21996 0.049999 259.393 0.00034743 1 0.0276605 -0.197546 0.05 390.576
0 2447 3 phononTS 0.000504178 -0.681925 0.0463645 0.049998 1440.85 0.00034743 1 -0.0591282 -0.251705 0.05 1829.09
0 2460 2 phononTF 0.00122054 0.902775 1.54711 0.0340805 9253.85 0.00034743 1 -0.0682033 -0.283034 0.05 59754.6
0 2463 1 phononTF 0.004 0.25 0.25 0 0 0.00104229 1 0.0514194 -0.252099 0.05 217.905
0 2463 2 phononTS 0.00171153 0.0514194 -0.252099 0.049999 217.905 0.00034743 1 0.0532663 -0.27184 0.05 275.505
0 2472 2 phononTS 0.000457298 0.266617 -0.000799262 0.049999 252.689 0.00034743 1 0.0432313 -0.277493 0.05 829.558
0 2475 4 phononTS 0.00182394 0.297423 0.353128 0.0229663 875.635 0.00034743 1 -0.0904285 -0.183687 0.05 2412.47
0 2504 3 phononTS 0.00282939 0.183871 0.331443 -0.042704 20.9148 0.00104229 1 0.0825949 -0.259517 0.05 1758.89
0 2506 1 phononTF 0.004 0.25 0.25 0 0 0.00034743 1 -0.0439417 -0.11754 0.05 506.912
0 2508 3 phononTS 0.000804287 0.204495 0.0435874 0.049999 43.4941 0.00034743 1 -0.041716 -0.154293 0.05 1184.55
0 2519 1 phononL 0.004 0.25 0.25 0 0 0.00069486 1 0.0752587 -0.268367 0.05 1020.08
0 2524 3 phononL 0.000441115 0.424119 0.0994357 0.049999 497.532 0.00034743 1 -0.0325145 -0.132196 0.05 21204.3
0 2537 5 phononTS 0.000872782 -0.646545 0.702865 0.00135909 2751.88 0.00034743 1 -0.10984 -0.19765 0.05 43033.5
0 2540 1 phononTS 0.004 0.25 0.25 0 0 0.00138972 1 0.07384 -0.143083 0.05 862.4
0 2540 12 phononL 0.000419928 0.07384 -0.143083 0.049999 862.4 0.00034743 1 -0.0149177 -0.18672 0.05 42626.2
0 2551 3 phononTS 0.000618782 -0.0448689 0.0435015 0.049999 716.162 0.00034743 1 0.095543 -0.196604 0.05 842.554
0 2552 1 phononL 0.004 0.25 0.25 0 0 0.00104229 1 0.0805805 -0.117427 0.05 272.383
0 2552 2 phononTF 0.00134977 0.0805805 -0.117427 0.049999 272.383 0.00069486 1 0.0907714 -0.175426 0.05 574.733
0 2553 1 phononTF 0.004 0.25 0.25 0 0 0.00104229 1 0.0386798 -0.128923 0.05 1173.53
0 2553 9 phononL 0.000726943 0.0386798 -0.128923 0.049999 1173.53 0.00034743 1 0.0880496 -0.141198 0.05 1308.93
0 2553 2 phononTS 0.000392667 0.0386798 -0.128923 0.049999 1173.53 0.00034743 1 0.0283642 -0.270318 0.05 4509.78
0 2561 2 phononTS 0.000622481 0.0811407 0.076722 0.049999 3001.06 0.00034743 1 0.0807752 -0.120209 0.05 3155.42
0 2565 1 phononTS 0.004 0.25 0.25 0 0 0.00034743 1 0.0486328 -0.205822 0.05 918.845
0 2565 3 phononTS 0.00134646 0.0486328 -0.205822 0.049999 918.845 0.00034743 1 -0.0862602 -0.126815 0.05 1101.53
0 2565 2 phononTS 0.000751946 0.0486328 -0.205822 0.049999 918.845 0.00034743 1 -0.0689449 -0.170079 0.05 2199.39
0 2568 1 phononL 0.004 0.25 0.25 0 0 0.00138972 1 -0.0528452 -0.245129 0.05 618.53
0 2568 5 phononL 0.00154765 -0.0528452 -0.245129 0.049999 618.53 0.00034743 1 -0.0913465 -0.273097 0.05 669.361
0 2568 20 phononTF 0.000854415 -0.0913465 -0.273097 0.049999 669.361 0.00034743 1 -0.0666969 -0.275791 0.05 893.548
0 2570 2 phononTS 0.00150664 0.342682 0.102219 0.0236837 141.118 0.00034743 1 0.0544427 -0.174193 0.05 652.913
0 2572 3 phononL 0.000536866 0.623142 0.0271469 0.049999 1163.14 0.00034743 1 0.0738438 -0.271465 0.05 3463.74
0 2580 1 phononTF 0.004 0.25 0.25 0 0 0.00104229 1 -0.0753148 -0.221239 0.05 1061.68
0 2580 2 phononTF 0.00183527 -0.0753148 -0.221239 0.049999 1061.68 0.00034743 1 -0.069375 -0.190741 0.05 1125.2
0 2602 3 phononTS 0.00073773 0.417031 0.0750539 0.049999 4870.63 0.00034743 1 0.0468529 -0.114019 0.05 5192.52
0 2606 3 phononL 0.000738982 0.42534 0.0143637 0.049999 190.916 0.00069486 1 0.0168384 -0.162337 0.05 28934.2
0 2610 1 phononL 0.004 0.25 0.25 0 0 0.00104229 1 0.0835602 -0.210899 0.05 298.192
0 2610 4 phononTS 0.000413243 0.0835602 -0.210899 0.049999 298.192 0.00034743 1 0.0626563 -0.212053 0.05 364.629
0 2615 1 phononTS 0.004 0.25 0.25 0 0 0.00034743 1 -0.0929177 -0.158844 0.05 1124.71
0 2615 3 phononTS 0.000819972 -0.0929177 -0.158844 0.049999 1124.71 0.00034743 1 0.115768 -0.218097 0.05 1336.37
0 2616 4 phononTS 0.00135569 0.342568 -1.76524 0.0307377 3929.38 0.00069486 1 -0.0527217 -0.148203 0.05 23198.5
0 2626 3 phononTS 0.00041603 0.365082 0.00847701 0.049999 4276.03 0.00034743 1 0.0688545 -0.229775 0.05 5118.61
0 2638 1 phononTS 0.004 0.25 0.25 0 0 0.00034743 1 0.0922178 -0.250605 0.05 2884.07
0 2638 4 phononL 0.00156263 0.0922178 -0.250605 0.049999 2884.07 0.00069486 1 -0.0369947 -0.28239 0.05 4537.8
0 2656 1 phononTS 0.004 0.25 0.25 0 0 0.00104229 1 0.0638688 -0.120538 0.05 208.323
0 2656 3 phononL 0.000493237 0.0638688 -0.120538 0.049999 208.323 0.00034743 1 -0.0758096 -0.135406 0.05 275.374
0 2676 5 phononL 0.000353532 0.843886 0.0661584 0.049999 3123.96 0.00034743 1 0.0159195 -0.183349 0.05 4225.18
0 2687 1 phononTS 0.004 0.25 0.25 0 0 0.00034743 1 -0.0779043 -0.160911 0.05 4101.19
0 2707 1 phononTF 0.004 0.25 0.25 0 0 0.00173715 1 0.0916383 -0.190334 0.05 498.111
0 2707 11 phononTS 0.00107191 0.0916383 -0.190334 0.049999 498.111 0.00069486 1 0.0786065 -0.178321 0.05 556.108
0 2714 2 phononTF 0.00231929 0.478506 0.884493 0.0075387 12472.4 0.00034743 1 -0.101789 -0.154783 0.05 16133
0 2719 4 phononL 0.000351362 -0.0591708 0.0859448 0.049999 2294.48 0.00034743 1 -0.103569 -0.254871 0.05 3177.74
0 2722 1 phononTS 0.004 0.25 0.25 0 0 0.00034743 1 0.111362 -0.193217 0.05 551.006
0 2723 7 phononTF 0.000441682 0.166287 0.0800984 0.049999 503.502 0.00034743 1 0.116825 -0.228172 0.05 909.833
0 2726 1 phononTS 0.004 0.25 0.25 0 0 0.00173715 1 -0.0460222 -0.2077 0.05 743.911
0 2730 1 phononTF 0.004 0.25 0.25 0 0 0.00104229 1 0.0456123 -0.222876 0.05 1195.75
0 2733 1 phononTS 0.004 0.25 0.25 0 0 0.00138972 1 -0.100325 -0.235964 0.05 348.844
0 2733 7 phononL 0.00177832 -0.100325 -0.235964 0.049999 348.844 0.00034743 1 -0.109979 -0.227228 0.05 782.026
0 2750 3 phononTS 0.000685285 0.169197 -0.00837526 0.049999 405.215 0.00034743 1 0.073227 -0.28295 0.05 1013.11
0 2755 4 phononTF 0.000880545 0.0805453 0.0217262 0.049998 395.809 0.00034743 1 0.0537653 -0.101871 0.05 14050.9
0 2756 2 phononTF 0.00132433 0.248504 0.31243 -0.0301492 112.731 0.00034743 1 0.0835616 -0.118377 0.05 742.029
0 2776 3 phononTS 0.00292993 0.15748 0.461346 -0.0115067 337.539 0.00034743 1 0.0216491 -0.15287 0.05 2052.19
0 2776 2 phononTS 0.00107007 0.15748 0.461346 -0.0115067 337.539 0.00034743 1 0.0923185 -0.196049 0.05 7323.43
0 2784 3 phononTS 0.000867939 0.487646 0.0765122 0.049999 220.626 0.00034743 1 -0.0858724 -0.145196 0.05 1506.77
0 2789 5 phononTS 0.000442374 -2.51661 3.45942 -0.0462542 59154.3 0.00034743 1 0.0345028 -0.27504 0.05 145403
0 2792 3 phononTS 0.000430663 0.0810946 0.0119443 0.049999 530.602 0.00034743 1 -0.0366493 -0.217769 0.05 4080.45
0 2794 1 phononTF 0.004 0.25 0.25 0 0 0.00104229 1 0.0581083 -0.214459 0.05 526.494
0 2794 5 phononTS 0.000349876 0.0581083 -0.214459 0.049999 526.494 0.00034743 1 -0.114432 -0.225415 0.05 2282.25
0 2796 3 phononTS 0.000711471 0.645604 0.0138584 0.049999 1883.05 0.00034743 1 -0.0626474 -0.167057 0.05 5072.96
0 2803 2 phononTS 0.00172198 0.263456 0.310976 -0.0338733 43.8009 0.00069486 1 0.065195 -0.218309 0.05 14936.7
0 2811 1 phononL 0.004 0.25 0.25 0 0 0.00104229 1 0.0685958 -0.268273 0.05 982.355
0 2821 2 phononTS 0.00104562 0.223478 0.145185 -0.0142269 960.81 0.00034743 1 -0.0399489 -0.250833 0.05 12372.5
0 2837 2 phononTS 0.00049366 0.335033 0.0724352 0.049999 630.739 0.00034743 1 0.0469151 -0.191703 0.05 3037.26
0 2839 2 phononTF 0.000776438 -0.242517 -0.244285 -0.0352785 130.7 0.00034743 1 -0.0593114 -0.192911 0.05 263.285
0 2842 1 phononL 0.004 0.25 0.25 0 0 0.00034743 1 -0.0654663 -0.233931 0.05 871.368
0 2842 5 phononTS 0.00130296 -0.0654663 -0.233931 0.049999 871.368 0.00034743 1 0.104885 -0.229828 0.05 45041
0 2842 4 phononL 0.00117532 -0.0654663 -0.233931 0.049999 871.368 0.00034743 1 0.0291246 -0.109393 0.05 1215.45
0 2842 12 phononTF 0.000653679 0.0291246 -0.109393 0.049999 1215.45 0.00034743 1 0.0309425 -0.0956611 0.05 1274.31
0 2869 4 phononTS 0.00104756 -0.182445 0.333717 0.0302162 3079.64 0.00034743 1 -0.0709451 -0.123684 0.05 3375.89
0 2874 1 phononTS 0.004 0.25 0.25 0 0 0.00034743 1 -0.104454 -0.184155 0.05 2184.03
0 2877 3 phononTS 0.00160264 -0.10824 -0.230561 0.0318442 713.432 0.00069486 1 -0.0548223 -0.141614 0.05 789.276
0 2890 2 phononTS 0.00034782 0.0368501 0.0845898 0.049999 4316.55 0.00034743 1 -0.0310552 -0.228363 0.05 5894.52
0 2902 1 phononTF 0.004 0.25 0.25 0 0 0.00138972 1 0.0879851 -0.221594 0.05 1117.93
0 2902 7 phononTS 0.000715797 0.0879851 -0.221594 0.049999 1117.93 0.00034743 1 0.0791255 -0.221418 0.05 1181.12
0 2905 1 phononTS 0.004 0.25 0.25 0 0 0.00138972 1 0.0895498 -0.177497 0.05 1316.35
0 2905 11 phononTS 0.000560959 0.0895498 -0.177497 0.049999 1316.35 0.00034743 1 0.102307 -0.250294 0.05 1611.3
0 2905 3 phononTF 0.000630803 0.0895498 -0.177497 0.049999 1316.35 0.00034743 1 0.0767275 -0.122047 0.05 1378.23
0 2911 1 phononL 0.004 0.25 0.25 0 0 0.00034743 1 -0.0571554 -0.145386 0.05 680.663
0 2917 1 phononTF 0.004 0.25 0.25 0 0 0.00034743 1 -0.0939398 -0.166983 0.05 1097.33
0 2917 3 phononTS 0.00280365 -0.0939398 -0.166983 0.049999 1097.33 0.00069486 1 -0.041449 -0.236148 0.05 1207.03
0 2920 1 phononTS 0.004 0.25 0.25 0 0 0.00104229 1 0.0588397 -0.15596 0.05 1383.71
0 2920 2 phononTF 0.00244185 0.0588397 -0.15596 0.049999 1383.71 0.00069486 1 0.0814304 -0.155665 0.05 1449.76
0 2935 1 phononTF 0.004 0.25 0.25 0 0 0.00034743 1 -0.0541065 -0.13975 0.05 4874.06
0 2936 1 phononTS 0.004 0.25 0.25 0 0 0.00069486 1 0.0426341 -0.235327 0.05 864.817
0 2936 2 phononL 0.00121849 0.0426341 -0.235327 0.049999 864.817 0.00034743 1 0.0784357 -0.260275 0.05 919.91
0 2945 2 phononTF 0.00261003 -0.274603 -0.314925 0.0486961 2053.62 0.00034743 1 -0.0861414 -0.124856 0.05 2471.48
0 2950 5 phononTS 0.000927251 0.966579 -0.382171 0.0215021 11822.6 0.00034743 1 0.0674632 -0.241792 0.05 13143.7
0 2955 5 phononTS 0.00042051 0.422641 0.102156 0.049999 291.962 0.00034743 1 0.059799 -0.123927 0.05 560.887
0 2956 3 phononL 0.0008441 -0.771685 0.0615838 0.049999 2506.06 0.00034743 1 0.0248682 -0.280209 0.05 3783.3
0 2959 2 phononTS 0.00194001 0.350962 0.379857 -0.00333254 804.384 0.00034743 1 -0.019239 -0.195725 0.05 29082
0 2964 5 phononTS 0.00063811 0.637982 0.0133607 0.049999 2444.81 0.00034743 1 -0.0304363 -0.157151 0.05 11628
0 2975 1 phononTS 0.004 0.25 0.25 0 0 0.00069486 1 0.0716254 -0.137625 0.05 362.927
0 2980 5 phononTF 0.00146698 1.03579 0.672918 -0.0317029 22340.2 0.00034743 1 -0.0752651 -0.242955 0.05 104442
0 2983 1 phononTS 0.004 0.25 0.25 0 0 0.00104229 1 -0.0401065 -0.212126 0.05 467.565
0 2986 4 phononTS 0.000906786 0.204655 6.65258e-05 0.049999 1595.01 0.00034743 1 -0.0962244 -0.135275 0.05 1738.37
0 2990 3 phononTF 0.00217349 0.392556 0.533841 0.0409091 3974.07 0.00034743 1 -0.0691438 -0.207622 0.05 24851.9
0 2993 1 phononTF 0.004 0.25 0.25 0 0 0.00104229 1 -0.0395355 -0.273641 0.05 4086.07
0 3001 2 phononTF 0.00285063 -0.44688 0.352602 0.00191433 400.875 0.00069486 1 -0.0920366 -0.144755 0.05 7801.47
0 3001 4 phononTS 0.000771508 -0.0920366 -0.144755 0.049999 7801.47 0.00034743 1 -0.036045 -0.237929 0.05 37106.4
0 3005 5 phononTS 0.00183287 1.28649 0.188798 -0.000650802 5843.35 0.00034743 1 -0.047804 -0.181541 0.05 7155.85
0 3005 7 phononTF 0.00067655 -0.047804 -0.181541 0.049999 7155.85 0.00034743 1 -0.0650717 -0.243024 0.05 7540.95
0 3032 1 phononTF 0.004 0.25 0.25 0 0 0.00034743 1 0.0764229 -0.231258 0.05 6286.5
0 3032 3 phononTS 0.0028751 0.0764229 -0.231258 0.049999 6286.5 0.00104229 1 0.0492262 -0.129273 0.05 6406.13
0 3033 1 phononTF 0.004 0.25 0.25 0 0 0.00138972 1 0.0272791 -0.115915 0.05 2222.97
0 3033 4 phononL 0.000878201 0.0272791 -0.115915 0.049999 2222.97 0.00034743 1 -0.0533706 -0.223489 0.05 4938.81
0 3047 4 phononTS 0.000452611 -0.0325591 0.0687559 0.049999 359.738 0.00034743 1 0.0767483 -0.273005 0.05 39060.7
0 3058 1 phononTS 0.004 0.25 0.25 0 0 0.00104229 1 -0.0194418 -0.190609 0.05 870.907
0 3059 3 phononTS 0.00233574 0.115415 1.57459 0.0118913 6622.29 0.00034743 1 -0.066293 -0.251497 0.05 83400.2
0 3059 4 phononTS 0.00185532 -0.066293 -0.251497 0.049999 83400.2 0.00034743 1 -0.062129 -0.260477 0.05 83456.8
0 3059 9 phononTS 0.0011113 -0.062129 -0.260477 0.049999 83456.8 0.00069486 1 -0.0367668 -0.282656 0.05 83520.8
0 3060 1 phononTF 0.004 0.25 0.25 0 0 0.00104229 1 -0.0474426 -0.117251 0.05 1001.84
0 3062 2 phononTS 0.0020881 -0.197021 -0.0671583 -0.0474809 1236.31 0.00034743 1 -0.0941531 -0.258994 0.05 2042.42
0 3062 5 phononTS 0.00151808 -0.0941531 -0.258994 0.049999 2042.42 0.00034743 1 -0.0648157 -0.245443 0.05 2512.01
0 3062 10 phononTS 0.000560566 -0.0648157 -0.245443 0.049999 2512.01 0.00034743 1 -0.038932 -0.145301 0.05 2727.68
0 3067 5 phononL 0.000697601 2.00889 0.0162643 0.049999 3856.6 0.00034743 1 0.10573 -0.197935 0.05 6948.24
0 3076 3 phononTF 0.00258212 0.248637 0.273634 -0.0142848 5.31195 0.00034743 1 0.103917 -0.21005 0.05 2191.2
0 3076 5 phononL 0.00084983 0.103917 -0.21005 0.049999 2191.2 0.00034743 1 0.00968585 -0.192861 0.05 3039.88
0 3076 4 phononTF 0.000880476 0.103917 -0.21005 0.049999 2191.2 0.00034743 1 0.0686693 -0.179729 0.05 2257.32
0 3078 4 phononTS 0.0019681 -0.446419 -1.22178 0.0200006 37809.4 0.00034743 1 -0.0797395 -0.146295 0.05 55227.2
0 3084 3 phononTF 0.0005581 -0.223002 0.08198 0.049999 929.83 0.00034743 1 0.113236 -0.181113 0.05 2682.5
0 3092 1 phononTS 0.004 0.25 0.25 0 0 0.00034743 1 -0.0633137 -0.137059 0.05 1430.14
0 3093 1 phononTF 0.004 0.25 0.25 0 0 0.00034743 1 0.0633258 -0.236964 0.05 956.108
0 3093 2 phononTS 0.00243649 0.0633258 -0.236964 0.049999 956.108 0.00034743 1 -0.0937239 -0.267448 0.05 1610.92
0 3093 11 phononL 0.000402864 -0.0937239 -0.267448 0.049999 1610.92 0.00034743 1 0.020844 -0.198253 0.05 1825.67
0 3098 1 phononL 0.004 0.25 0.25 0 0 0.00069486 1 0.0393709 -0.176434 0.05 539.211
0 3098 3 phononTF 0.000741799 0.0393709 -0.176434 0.049999 539.211 0.00034743 1 0.0425183 -0.183873 0.05 595.672
0 3098 2 phononL 0.000945815 0.0393709 -0.176434 0.049999 539.211 0.00034743 1 -0.100282 -0.158275 0.05 636.57
0 3106 5 phononTF 0.000436734 0.0569375 0.0542938 0.049999 1537.35 0.00034743 1 0.0573035 -0.182502 0.05 18402
0 3108 4 phononL 0.000848636 -0.382118 0.105919 0.049999 1048.56 0.00034743 1 -0.0350614 -0.136755 0.05 3673.7
0 3115 1 phononL 0.004 0.25 0.25 0 0 0.00104229 1 -0.0618983 -0.121853 0.05 770.82
0 3115 2 phononTS 0.000480837 -0.0618983 -0.121853 0.049999 770.82 0.00034743 1 -0.0604569 -0.1125 0.05 827.927
0 3143 4 phononTS 0.000454601 0.209701 0.10556 0.049999 67.2567 0.00034743 1 -0.0410883 -0.137891 0.05 332.334
0 3151 1 phononTS 0.004 0.25 0.25 0 0 0.00173715 1 -0.105307 -0.191816 0.05 2283.57
0 3158 2 phononTS 0.00127077 0.239946 0.276735 0.0353848 8.52929 0.00034743 1 -0.0937781 -0.211962 0.05 1468.4
0 3170 2 phononTS 0.00183514 0.138408 0.16722 0.0462494 27.5579 0.00069486 1 -0.0613701 -0.117243 0.05 210.237
0 3172 2 phononTS 0.000860021 0.248888 0.218486 0.0290514 8.03037 0.00069486 1 -0.0208506 -0.185437 0.05 2496.78
0 3174 4 phononTF 0.00138136 0.534557 -0.229119 0.0438622 13258.2 0.00069486 1 0.104405 -0.200724 0.05 35609
0 3183 2 phononTF 0.00148689 0.543309 -0.380756 0.0398875 1500.29 0.00034743 1 0.11804 -0.205529 0.05 2612.7
0 3198 6 phononTS 0.000406327 0.213013 0.0393213 0.049999 86.6763 0.00034743 1 0.0942839 -0.244739 0.05 276.566
0 3204 4 phononTS 0.000855833 0.0142934 -0.00690061 0.049999 490.878 0.00034743 1 -0.0446493 -0.252263 0.05 1199.82
0 3205 3 phononTF 0.00177653 -0.180844 0.377179 -0.0132443 4237.78 0.00069486 1 -0.0393012 -0.206959 0.05 8369.89
0 3205 4 phononTF 0.000707446 -0.0393012 -0.206959 0.049999 8369.89 0.00034743 1 0.0876276 -0.223554 0.05 8834.51
0 3213 4 phononTF 0.000697346 0.0946454 0.0103739 0.049999 945.285 0.00034743 1 -0.0132552 -0.203817 0.05 44553.4
0 3224 2 phononTS 0.0004385 0.00798653 0.0750301 0.049999 672.227 0.00034743 1 -0.0221404 -0.194079 0.05 911.733
0 3229 4 phononTS 0.000583027 0.195214 0.0670727 0.049999 1888.47 0.00034743 1 0.0755942 -0.201788 0.05 2088.16
0 3235 1 phononTF 0.004 0.25 0.25 0 0 0.00138972 1 -0.0302011 -0.305205 0.05 957.876
0 3235 2 phononTF 0.00103578 -0.0302011 -0.305205 0.049999 957.876 0.00034743 1 -0.0946754 -0.144738 0.05 1089.35
0 3239 4 phononL 0.000685307 0.287764 0.00214911 0.049999 1187.75 0.00034743 1 0.051631 -0.263046 0.05 2599.15
0 3247 1 phononTF 0.004 0.25 0.25 0 0 0.00104229 1 0.0387445 -0.197454 0.05 461.452
0 3247 5 phononTS 0.00174706 0.0387445 -0.197454 0.049999 461.452 0.00034743 1 0.0350293 -0.194347 0.05 518.085
0 3247 17 phononTS 0.000900039 0.0350293 -0.194347 0.049999 518.085 0.00034743 1 -0.0973374 -0.202967 0.05 1211.94
0 3247 26 phononTF 0.000451952 -0.0973374 -0.202967 0.049999 1211.94 0.00034743 1 0.0629808 -0.184738 0.05 1493.8
0 3248 3 phononTS 0.00066841 0.0232432 0.0693351 0.049999 502.235 0.00034743 1 0.0652286 -0.190076 0.05 1525.73
0 3261 2 phononTF 0.0019461 3.13591 1.84742 0.0392233 11142.9 0.00034743 1 0.03723 -0.287112 0.05 52545.2
0 3266 3 phononTS 0.00224646 0.723983 1.0324 0.0396337 2013.78 0.00069486 1 -0.11073 -0.229357 0.05 15768.7
0 3301 4 phononL 0.000710148 0.391419 0.0243014 0.049999 57.0338 0.00034743 1 -0.101749 -0.259837 0.05 11578.3
0 3312 3 phononTF 0.00240261 0.263299 0.573121 -0.0315997 314.837 0.00069486 1 0.0229027 -0.198764 0.05 2426.67
0 3323 1 phononTS 0.004 0.25 0.25 0 0 0.00069486 1 0.102892 -0.19604 0.05 2870.45
0 3323 3 phononTS 0.00159336 0.102892 -0.19604 0.049999 2870.45 0.00034743 1 0.038602 -0.133499 0.05 2941.91
0 3328 1 phononTF 0.004 0.25 0.25 0 0 0.00069486 1 -0.0615692 -0.251079 0.05 1118.98
0 3328 2 phononTS 0.00142274 -0.0615692 -0.251079 0.049999 1118.98 0.00034743 1 -0.0733579 -0.264563 0.05 1140.14
0 3328 15 phononTF 0.000444779 -0.0733579 -0.264563 0.049999 1140.14 0.00034743 1 0.016992 -0.189658 0.05 1506.72
0 3332 3 phononTF 0.00044303 0.208842 0.0896065 0.049999 159.61 0.00034743 1 0.0828844 -0.256727 0.05 415.538
0 3336 1 phononTF 0.004 0.25 0.25 0 0 0.00069486 1 0.109857 -0.153499 0.05 268.202
0 3344 1 phononTF 0.004 0.25 0.25 0 0 0.00034743 1 0.0558682 -0.172418 0.05 1151.36
0 3344 2 phononL 0.00278861 0.0558682 -0.172418 0.049998 1151.36 0.00104229 1 0.107869 -0.169205 0.05 1228.6
0 3358 2 phononTS 0.00183007 0.316408 -0.409728 0.0110974 2973.43 0.00034743 1 -0.022607 -0.258209 0.05 3128.19
0 3363 1 phononTF 0.004 0.25 0.25 0 0 0.00138972 1 -0.0192417 -0.216988 0.05 921.878
0 3363 10 phononTS 0.0013484 -0.0192417 -0.216988 0.049999 921.878 0.00034743 1 0.0769906 -0.124773 0.05 3327.44
0 3397 2 phononTF 0.00295112 0.441867 0.0606654 0.0199281 1109.2 0.00034743 1 0.0751182 -0.169144 0.05 1596.54
0 3399 1 phononTF 0.004 0.25 0.25 0 0 0.00034743 1 0.0931867 -0.210473 0.05 1381.48
0 3402 1 phononTF 0.004 0.25 0.25 0 0 0.00034743 1 -0.0908855 -0.132379 0.05 465.669
0 3402 2 phononL 0.00267826 -0.0908855 -0.132379 0.049999 465.669 0.00034743 1 -0.0791683 -0.12246 0.05 7329.61
0 3402 10 phononL 0.00129729 -0.0791683 -0.12246 0.049999 7329.61 0.00034743 1 -0.0683328 -0.253896 0.05 7608.98
0 3412 1 phononL 0.004 0.25 0.25 0 0 0.00138972 1 0.0378096 -0.294366 0.05 9947.91
0 3412 4 phononTS 0.00101945 0.0378096 -0.294366 0.049999 9947.91 0.00069486 1 0.0411922 -0.293621 0.05 10006.3
0 3413 2 phononTS 0.0015398 0.613453 0.00794625 -0.0353116 91.2359 0.00034743 1 0.102798 -0.213901 0.05 26883.7
0 3415 3 phononTF 0.000788449 0.20073 -0.00292061 0.049999 352.963 0.00034743 1 -0.0745535 -0.156874 0.05 625.645
0 3426 1 phononTS 0.004 0.25 0.25 0 0 0.00034743 1 -0.0561823 -0.179257 0.05 605.193
0 3432 1 phononTS 0.004 0.25 0.25 0 0 0.00138972 1 -0.0963765 -0.245976 0.05 1078.9
0 3433 5 phononTF 0.000403929 0.622723 0.102692 0.049999 537.841 0.00034743 1 -0.0514085 -0.101577 0.05 1306.88
0 3437 3 phononTF 0.00264606 0.494275 0.43401 -0.0479444 2479.91 0.00069486 1 -0.0316266 -0.182932 0.05 3865.06
0 3447 4 phononTS 0.00066436 0.150507 0.105013 0.049999 141.968 0.00034743 1 0.0151287 -0.170592 0.05 892.575
0 3459 3 phononTS 0.00153185 0.295108 0.890102 -0.0436063 2329.69 0.00034743 1 0.0692505 -0.23894 0.05 17190.3
0 3462 4 phononL 0.000393764 -0.0791374 0.00276673 0.049999 1551.21 0.00034743 1 -0.106302 -0.158059 0.05 1893.49
0 3471 4 phononL 0.000480809 0.308985 0.0944244 0.049999 291.235 0.00034743 1 -0.0180564 -0.222699 0.05 1779.25
0 3476 1 phononTS 0.004 0.25 0.25 0 0 0.00069486 1 0.0923655 -0.15605 0.05 2609.48
0 3478 2 phononTS 0.000457804 0.140431 0.045404 0.049999 1753.09 0.00034743 1 0.0561323 -0.124675 0.05 1857.29
0 3482 1 phononTF 0.004 0.25 0.25 0 0 0.00069486 1 -0.0293322 -0.104989 0.05 2793.24
0 3485 3 phononTF 0.00182112 0.720795 0.624683 0.0283456 1716.31 0.00069486 1 0.111615 -0.157325 0.05 8449.58
0 3511 1 phononTS 0.004 0.25 0.25 0 0 0.00069486 1 0.0736015 -0.133495 0.05 1479.25
0 3513 1 phononTS 0.004 0.25 0.25 0 0 0.00104229 1 0.0522305 -0.21379 0.05 416.126
0 3513 6 phononTS 0.000750413 0.0522305 -0.21379 0.049999 416.126 0.00034743 1 0.0290958 -0.240415 0.05 479.051
0 3515 1 phononTF 0.004 0.25 0.25 0 0 0.00034743 1 -0.057895 -0.221878 0.05 343.978
0 3525 1 phononL 0.004 0.25 0.25 0 0 0.00069486 1 0.0578662 -0.103735 0.05 198.77
0 3525 2 phononTS 0.00159426 0.0578662 -0.103735 0.049999 198.77 0.00034743 1 -0.0379012 -0.246458 0.05 289.666
0 3528 2 phononTF 0.002171 0.208958 0.416205 0.000163799 612.456 0.00069486 1 -0.0290441 -0.0963992 0.05 1100.92
0 3541 1 phononTS 0.004 0.25 0.25 0 0 0.00104229 1 0.0583446 -0.171736 0.05 1669
0 3548 3 phononTS 0.00166056 0.505969 2.1083 -0.00205875 11673.6 0.00069486 1 0.0763891 -0.18963 0.05 31983.8
0 3597 2 phononTF 0.000636366 -0.963132 -0.0011424 0.049999 2112.4 0.00034743 1 -0.0749964 -0.199904 0.05 5322.28
0 3600 2 phononL 0.0026005 0.0974259 0.154963 0.0346673 104.296 0.00034743 1 -0.0779062 -0.211203 0.05 292.705
0 3600 4 phononL 0.000688624 -0.0779062 -0.211203 0.049999 292.705 0.00034743 1 -0.108338 -0.164152 0.05 473.865
0 3604 2 phononTS 0.000369974 0.818713 0.626495 0.0437933 1303 0.00034743 1 -0.0430164 -0.133358 0.05 3276.37
0 3623 1 phononTS 0.004 0.25 0.25 0 0 0.00034743 1 0.0632452 -0.157927 0.05 213.766
0 3643 1 phononTF 0.004 0.25 0.25 0 0 0.00104229 1 0.0380528 -0.25048 0.05 1383.29
0 3646 1 phononL 0.004 0.25 0.25 0 0 0.00104229 1 -0.0760954 -0.164575 0.05 1312.09
0 3647 5 phononTF 0.000386012 0.165898 0.0976505 0.049999 293.694 0.00034743 1 -0.0275528 -0.282257 0.05 4468.89
0 3648 3 phononTF 0.000545065 0.191004 0.0394144 0.049999 1068.73 0.00034743 1 0.0966835 -0.154331 0.05 1895.18
0 3649 1 phononTS 0.004 0.25 0.25 0 0 0.00069486 1 0.0906712 -0.127156 0.05 1760.88
0 3651 2 phononTS 0.00279781 0.212429 0.157037 -0.0290759 23.516 0.00104229 1 -0.0616215 -0.147846 0.05 155.131
0 3685 4 phononL 0.000415361 -0.609318 -0.00848097 0.049999 1049.68 0.00034743 1 0.0719018 -0.225547 0.05 1434.23
0 3696 3 phononL 0.00220368 0.131933 -0.419409 0.0363304 688.107 0.00034743 1 0.0494103 -0.298454 0.05 799.796
0 3696 4 phononTS 0.00162871 0.0494103 -0.298454 0.049999 799.796 0.00069486 1 0.0400426 -0.264129 0.05 942.765
0 3698 5 phononTS 0.000945887 4.82147 -0.576624 0.048075 68063.3 0.00034743 1 0.117175 -0.171955 0.05 100947
0 3705 2 phononL 0.00218034 -0.0142001 0.230183 0.00814113 8173.41 0.00104229 1 0.0202513 -0.170316 0.05 8678.68
0 3715 5 phononTS 0.000666417 0.0449832 0.0944377 0.049999 225.999 0.00034743 1 0.0487856 -0.235479 0.05 55861
0 3755 5 phononTS 0.00225815 2.52247 0.597261 0.0188991 14418.2 0.00034743 1 -0.0369182 -0.172236 0.05 29562.5
0 3755 6 phononTS 0.000987848 -0.0369182 -0.172236 0.049999 29562.5 0.00069486 1 0.0354313 -0.132652 0.05 29807.6
0 3755 2 phononTF 0.00112283 0.390786 0.251026 0.0337809 43.8138 0.00034743 1 0.0888345 -0.147663 0.05 10520
0 3757 3 phononTS 0.00127982 -0.354588 1.08331 0.028294 2045.62 0.00034743 1 -0.0686546 -0.25828 0.05 114758
0 3757 2 phononTS 0.00272018 -0.354588 1.08331 0.028294 2045.62 0.00069486 1 0.065256 -0.15815 0.05 7277.43
0 3757 10 phononTS 0.00103313 0.065256 -0.15815 0.049999 7277.43 0.00034743 1 -0.0895107 -0.192969 0.05 8468.16
0 3761 3 phononL 0.0019177 0.0975663 0.635649 0.00279762 618.193 0.00069486 1 0.0471623 -0.122891 0.05 6264.67
0 3771 3 phononTS 0.00205507 1.16547 1.34101 -0.0205074 5215.83 0.00034743 1 -0.106932 -0.168265 0.05 18291.7
0 3783 3 phononL 0.000746205 -0.478184 0.0421327 0.049999 2438.8 0.00034743 1 -0.0813404 -0.217638 0.05 11581.5
0 3790 3 phononTS 0.00169718 0.23944 0.169704 -0.0217922 42.9405 0.00034743 1 -0.0660057 -0.181245 0.05 5192.63
0 3790 2 phononTF 0.00230282 0.23944 0.169704 -0.0217922 42.9405 0.00069486 1 -0.0630345 -0.124767 0.05 187.961
0 3794 4 phononTS 0.000354617 -0.866465 0.0479031 0.049999 984.059 0.00034743 1 0.0693262 -0.158001 0.05 3028.49
0 3797 3 phononL 0.00254414 -0.32957 -0.232152 0.0225792 1285.7 0.00104229 1 -0.112881 -0.20017 0.05 1482.07
0 3797 4 phononTS 0.000908793 -0.112881 -0.20017 0.049999 1482.07 0.00034743 1 -0.104569 -0.172899 0.05 1615.29
0 3828 3 phononTS 0.0024231 0.248058 0.24617 -0.00167561 0.87536 0.00034743 1 0.0558502 -0.269211 0.05 8805.33
0 3828 8 phononTF 0.000364996 0.0558502 -0.269211 0.049999 8805.33 0.00034743 1 0.107998 -0.204994 0.05 8870.6
0 3828 5 phononTF 0.000666999 0.0558502 -0.269211 0.049999 8805.33 0.00034743 1 0.0969493 -0.215977 0.05 14890.6
0 3830 3 phononTS 0.00177639 0.329664 -0.0997522 -0.0436168 298.838 0.00034743 1 -0.0865206 -0.250522 0.05 5045.04
0 3847 4 phononTS 0.000840889 -0.559266 -0.00720449 0.049999 5964.62 0.00034743 1 0.0336028 -0.141062 0.05 7510.03
0 3857 1 phononTS 0.004 0.25 0.25 0 0 0.00069486 1 0.0400315 -0.186409 0.05 695.781
0 3857 6 phononTS 0.0010645 0.0400315 -0.186409 0.049999 695.781 0.00034743 1 -0.0934917 -0.206084 0.05 19317.5
0 3874 1 phononTS 0.004 0.25 0.25 0 0 0.00104229 1 -0.0598422 -0.111184 0.05 1059.42
0 3874 7 phononL 0.000745427 -0.0598422 -0.111184 0.049999 1059.42 0.00034743 1 0.061066 -0.144961 0.05 1105.86
0 3885 1 phononTS 0.004 0.25 0.25 0 0 0.00104229 1 0.0269508 -0.186752 0.05 3467.82
0 3888 1 phononTS 0.004 0.25 0.25 0 0 0.00034743 1 0.0766459 -0.155861 0.05 319.232
0 3888 2 phononTF 0.000753588 0.0766459 -0.155861 0.049999 319.232 0.00034743 1 0.0253214 -0.119617 0.05 381.25
0 3899 2 phononTS 0.000526487 0.151109 0.0457365 0.049998 107.516 0.00034743 1 0.1076 -0.186078 0.05 290.641
0 3900 3 phononTF 0.000797922 0.198094 0.00768724 0.049999 562.154 0.00034743 1 0.109259 -0.155256 0.05 880.686
0 3905 1 phononL 0.004 0.25 0.25 0 0 0.00034743 1 -0.0445091 -0.261177 0.05 2669.23
0 3912 3 phononTS 0.00284992 0.239931 0.197907 0.0181418 1543.81 0.00034743 1 0.0929697 -0.247061 0.05 8380.68
0 3916 3 phononTS 0.00069859 0.290445 0.100039 0.049999 59.1781 0.00034743 1 -0.0269253 -0.162522 0.05 51410.9
0 3919 1 phononTF 0.004 0.25 0.25 0 0 0.00034743 1 0.0279424 -0.236027 0.05 1014.51
0 3927 2 phononTS 0.00109521 0.622702 0.452578 -0.00154306 717.942 0.00034743 1 0.0917458 -0.147944 0.05 11516.3
0 3930 1 phononTF 0.004 0.25 0.25 0 0 0.00138972 1 -0.0740017 -0.172028 0.05 676.296
0 3930 2 phononTF 0.000890847 -0.0740017 -0.172028 0.049999 676.296 0.00034743 1 -0.0319816 -0.206919 0.05 3981.26
0 3935 2 phononTS 0.0010339 -2.05184 1.72173 0.0395824 11017.5 0.00034743 1 0.0369137 -0.215479 0.05 20818.2
0 3943 2 phononTF 0.000617753 -0.0413455 -0.00340413 0.049999 342.885 0.00034743 1 -0.0447572 -0.103815 0.05 408.238
0 3953 1 phononTS 0.004 0.25 0.25 0 0 0.00034743 1 0.0656927 -0.242907 0.05 2005.39
0 3961 1 phononL 0.004 0.25 0.25 0 0 0.00104229 1 0.0627756 -0.295487 0.05 652.233
0 3967 3 phononTF 0.00172276 0.58492 0.417956 0.0197912 5628.75 0.00069486 1 -0.0509182 -0.158894 0.05 14192.5
0 3976 2 phononTS 0.00211149 0.351066 0.585673 -0.00796723 3501.6 0.00069486 1 -0.0989955 -0.135772 0.05 8621.99
0 3976 4 phononTS 0.00118247 -0.0989955 -0.135772 0.049999 8621.99 0.00034743 1 0.116252 -0.178069 0.05 10929.6
0 4013 4 phononL 0.000511648 0.00849992 0.0967036 0.049999 1161.72 0.00034743 1 0.0392996 -0.291558 0.05 6591.06
0 4050 2 phononTF 0.00110436 0.440621 0.123653 -0.0180535 4089.07 0.00034743 1 0.115593 -0.188138 0.05 6452.6
0 4059 4 phononTS 0.000485396 0.286238 0.0865309 0.049999 587.18 0.00034743 1 -0.0820157 -0.242656 0.05 1485.83
0 4077 2 phononTS 0.00272183 0.211567 0.222748 0.043524 11.77 0.00104229 1 -0.0298576 -0.110174 0.05 302.965
0 4082 2 phononL 0.000769396 0.257322 0.0253947 0.049999 87.2191 0.00034743 1 0.0715642 -0.113432 0.05 960.259
0 4083 4 phononTF 0.000965297 1.4559 -0.592833 -0.00724259 3764.63 0.00034743 1 0.0254143 -0.210138 0.05 4704.96
0 4083 10 phononTS 0.00107387 3.11875 2.09479 -0.0140266 9515.1 0.00034743 1 0.0405333 -0.160687 0.05 38687.2
0 4086 3 phononTS 0.00222644 0.253939 0.32906 -0.0309589 2237.78 0.00034743 1 0.11793 -0.182494 0.05 3001.26
0 4093 5 phononTS 0.000604625 0.442599 0.0657844 0.049999 671.29 0.00034743 1 -0.0292887 -0.188507 0.05 54971.7
0 4099 5 phononTS 0.000575234 0.0842178 0.0565016 0.049999 296.349 0.00034743 1 -0.0821632 -0.163727 0.05 3074.9
0 4100 2 phononL 0.00261647 0.528237 0.841353 0.0373805 1109.81 0.00034743 1 0.0596802 -0.279063 0.05 2134.99
0 4104 3 phononTF 0.000725915 -0.00521513 0.0845394 0.049999 298.45 0.00034743 1 0.086105 -0.133399 0.05 492.386
0 4115 1 phononL 0.004 0.25 0.25 0 0 0.00104229 1 0.0497394 -0.120208 0.05 254.818
0 4119 5 phononTS 0.000629002 1.41865 0.0944317 0.049999 3846.05 0.00034743 1 0.0494984 -0.243944 0.05 4720.83
0 4120 2 phononTS 0.0020902 0.1956 0.398738 -4.95417e-05 148.056 0.00069486 1 -0.0761167 -0.202687 0.05 1327.72
0 4120 4 phononTS 0.000443683 -0.0761167 -0.202687 0.049999 1327.72 0.00034743 1 0.0733152 -0.28597 0.05 2132.24
0 4122 2 phononTF 0.00109192 0.853458 0.937438 0.00830712 1916.23 0.00034743 1 -0.0147863 -0.198115 0.05 119973
0 4125 1 phononL 0.004 0.25 0.25 0 0 0.00069486 1 0.0262074 -0.282843 0.05 215.77
0 4128 5 phononTS 0.000508044 -0.127625 0.0628422 0.049999 441.229 0.00034743 1 -0.0619971 -0.159817 0.05 558.02
0 4132 3 phononL 0.00177217 -1.1145 0.836113 0.00948133 5161.3 0.00069486 1 0.108596 -0.222018 0.05 46461.1
0 4139 3 phononTS 0.00233233 0.287455 0.128517 -0.0369493 27.4418 0.00069486 1 -0.0393327 -0.10086 0.05 1406.46
0 4147 2 phononL 0.00215235 0.796508 1.77352 0.0205897 5184.33 0.00069486 1 -0.0441847 -0.209209 0.05 6105.99
0 4148 1 phononTF 0.004 0.25 0.25 0 0 0.00034743 1 -0.0208852 -0.135293 0.05 2007.19
0 4155 3 phononTS 0.00162913 1.22776 0.696307 0.00896006 2062.57 0.00034743 1 0.0264119 -0.15794 0.05 4561.2
0 4169 2 phononL 0.00222156 0.336449 0.833127 0.00383406 441.6 0.00069486 1 0.052755 -0.273899 0.05 6263.3
0 4181 2 phononTS 0.00132618 0.3357 0.459832 -0.00162791 2140.08 0.00034743 1 -0.0379696 -0.278599 0.05 43666.5
0 4183 2 phononTS 0.000906795 0.267394 0.101162 0.049999 188.198 0.00034743 1 0.10023 -0.227503 0.05 58329.9
0 4187 4 phononTF 0.000480673 0.281829 0.0932111 0.049999 231.692 0.00034743 1 -0.0634634 -0.11853 0.05 1194.82
0 4188 1 phononTF 0.004 0.25 0.25 0 0 0.00069486 1 0.0923076 -0.215141 0.05 816.778
0 4188 8 phononTF 0.000349165 0.0923076 -0.215141 0.049999 816.778 0.00034743 1 -0.0632378 -0.149079 0.05 902.052
0 4188 2 phononTS 0.00244293 0.0923076 -0.215141 0.049999 816.778 0.00069486 1 -0.0944556 -0.16962 0.05 3045.35
0 4191 2 phononTS 0.000901031 -1.12164 0.84046 -0.0480346 14917.7 0.00034743 1 0.0900115 -0.13656 0.05 31635.9
0 4197 3 phononL 0.00224767 -0.00635483 -0.094664 -0.0302263 2052.26 0.00104229 1 0.0391581 -0.253003 0.05 2166.86
0 4203 3 phononL 0.00321483 0.0450621 -0.230265 0.0382432 235.94 0.00104229 1 0.0347042 -0.238339 0.05 239.167
0 4204 4 phononTS 0.00082493 0.24032 0.0940023 0.049999 164.952 0.00034743 1 -0.0898067 -0.196697 0.05 801.651
0 4226 1 phononTS 0.004 0.25 0.25 0 0 0.00069486 1 0.0513662 -0.169679 0.05 643.756
0 4233 1 phononTS 0.004 0.25 0.25 0 0 0.00104229 1 0.0268509 -0.196009 0.05 337.921
0 4239 1 phononL 0.004 0.25 0.25 0 0 0.00104229 1 -0.0167652 -0.17956 0.05 3709.65
0 4239 10 phononTS 0.00140007 -0.0167652 -0.17956 0.049999 3709.65 0.00069486 1 0.0832072 -0.231618 0.05 4907.16
0 4250 4 phononTS 0.000398407 -0.197108 0.0691851 0.049999 395.53 0.00034743 1 -0.0557831 -0.260156 0.05 2392.19
0 4253 3 phononTF 0.000433313 0.875864 0.058994 0.049999 727.4 0.00034743 1 -0.0611468 -0.121197 0.05 11627.9
0 4255 3 phononTS 0.000678662 0.45555 0.0460352 0.049999 276.045 0.00034743 1 0.0807279 -0.204227 0.05 990.718
0 4274 1 phononTF 0.004 0.25 0.25 0 0 0.00069486 1 0.0560975 -0.174358 0.05 2042.37
0 4274 4 phononTF 0.00100103 0.0560975 -0.174358 0.049999 2042.37 0.00034743 1 0.078389 -0.166534 0.05 2184.33
0 4275 2 phononTF 0.000688403 0.347056 0.0853978 0.049999 128.011 0.00034743 1 0.0762298 -0.193957 0.05 1236.34
0 4279 5 phononTS 0.000846927 -0.968971 -0.423318 -0.0188052 4634.91 0.00034743 1 0.0635418 -0.157993 0.05 31483.5
0 4280 3 phononTS 0.00221476 0.269587 0.399988 0.0201982 232.182 0.00069486 1 -0.0376179 -0.172807 0.05 1016
0 4281 3 phononTF 0.00268019 -0.845309 2.06253 -0.0366196 11694.6 0.00069486 1 -0.0855181 -0.236905 0.05 19054.5
0 4281 4 phononTS 0.000424895 -0.0855181 -0.236905 0.049999 19054.5 0.00034743 1 -0.0421475 -0.237792 0.05 19479
0 4290 1 phononL 0.004 0.25 0.25 0 0 0.00034743 1 -0.0398702 -0.197464 0.05 500.057
0 4294 2 phononTF 0.000655057 0.777881 0.0311251 0.049999 1351.94 0.00034743 1 -0.0446675 -0.302022 0.05 67282.5
0 4300 4 phononTF 0.000814793 0.531827 0.190266 0.0390387 1518.87 0.00034743 1 0.112152 -0.171048 0.05 5490.37
0 4307 3 phononTS 0.00215628 0.246056 0.251241 -0.000207089 0.82997 0.00034743 1 0.032937 -0.131915 0.05 2283.05
0 4307 2 phononTS 0.00184372 0.246056 0.251241 -0.000207089 0.82997 0.00034743 1 0.0740092 -0.172603 0.05 6232.51
0 4334 2 phononTS 0.000422573 0.564051 0.00387385 0.049999 1533.46 0.00034743 1 -0.0660515 -0.182382 0.05 6190.64
0 4335 1 phononL 0.004 0.25 0.25 0 0 0.00069486 1 -0.0684604 -0.247709 0.05 1144.15
0 4338 2 phononTS 0.00195643 -0.0144084 -0.216921 -0.0329512 3960.28 0.00034743 1 0.0505521 -0.196827 0.05 4091.01
0 4339 4 phononTF 0.000387094 0.32153 0.0535404 0.049998 259.245 0.00034743 1 0.0432792 -0.156827 0.05 622.853
0 4344 4 phononTS 0.000853913 -0.419738 0.0339973 0.049998 1843.13 0.00034743 1 0.0396957 -0.28024 0.05 2778.57
0 4345 1 phononTF 0.004 0.25 0.25 0 0 0.00104229 1 0.0349422 -0.241582 0.05 1104.59
0 4345 4 phononTF 0.000610837 0.0349422 -0.241582 0.049999 1104.59 0.00034743 1 -0.0799626 -0.123781 0.05 3072.54
0 4388 2 phononTS 0.00128299 0.183916 0.137363 0.0253282 316.057 0.00034743 1 0.0727394 -0.191731 0.05 512.381
0 4409 3 phononTS 0.00239103 -1.29536 0.656799 -0.0272686 3292.27 0.00069486 1 -0.0927043 -0.172876 0.05 14003.2
0 4414 1 phononTF 0.004 0.25 0.25 0 0 0.00069486 1 -0.0502447 -0.189916 0.05 4690.13
0 4414 3 phononTS 0.00119591 -0.0502447 -0.189916 0.049999 4690.13 0.00069486 1 0.096821 -0.139361 0.05 6007.18
0 4414 2 phononTF 0.00177245 -0.0502447 -0.189916 0.049999 4690.13 0.00069486 1 0.0941503 -0.156474 0.05 7895.69
0 4415 5 phononTS 0.00113797 0.000674508 0.0115567 0.0150649 218.769 0.00034743 1 0.031303 -0.155 0.05 472.99
0 4438 1 phononTS 0.004 0.25 0.25 0 0 0.00208458 1 0.0713353 -0.137461 0.05 981.652
0 4454 3 phononTF 0.00178174 0.0568858 -0.644398 -0.0391348 2714.81 0.00069486 1 0.0586499 -0.202039 0.05 6297.84
0 4458 2 phononTS 0.000698173 0.429434 0.0615631 0.049999 62.5606 0.00034743 1 0.0513831 -0.157753 0.05 1830.49
0 4472 3 phononTF 0.000741 0.526764 0.0874587 0.049999 1151.86 0.00034743 1 -0.0210484 -0.234272 0.05 1704.99
0 4474 2 phononTF 0.00255151 1.19442 -1.00566 0.0343779 9072.81 0.00034743 1 -0.0480672 -0.244834 0.05 11150.9
0 4481 2 phononTF 0.00266745 0.409833 0.706627 -0.00116238 3188.82 0.00069486 1 -0.0594182 -0.127785 0.05 38648.3
0 4481 9 phononTS 0.000698628 -0.0594182 -0.127785 0.049999 38648.3 0.00034743 1 -0.080658 -0.153672 0.05 38772.4
0 4481 6 phononTS 0.000375394 -0.0594182 -0.127785 0.049999 38648.3 0.00034743 1 0.0480548 -0.19365 0.05 38961
0 4496 3 phononTS 0.000681681 -0.171184 0.0998765 0.049999 1009.36 0.00034743 1 0.0819 -0.264841 0.05 7784.38
0 4500 1 phononTF 0.004 0.25 0.25 0 0 0.00034743 1 0.0491114 -0.160514 0.05 542.312
0 4502 1 phononTF 0.004 0.25 0.25 0 0 0.00069486 1 -0.0537177 -0.183666 0.05 8684.64
0 4503 2 phononL 0.00231684 -0.131653 0.529577 0.00475216 637.806 0.00034743 1 0.0934714 -0.23513 0.05 18093.2
0 4503 5 phononTF 0.000700944 0.0934714 -0.23513 0.049998 18093.2 0.00034743 1 0.0300097 -0.237322 0.05 18389.5
0 4517 1 phononTF 0.004 0.25 0.25 0 0 0.00034743 1 0.0503167 -0.145976 0.05 468.125
0 4533 1 phononTF 0.004 0.25 0.25 0 0 0.00069486 1 -0.0139856 -0.211609 0.05 677.475
0 4544 1 phononTF 0.004 0.25 0.25 0 0 0.00104229 1 0.0140528 -0.187041 0.05 594.198
0 4544 12 phononTS 0.000918924 0.0140528 -0.187041 0.049999 594.198 0.00069486 1 0.000818424 -0.200156 0.05 650.011
0 4544 2 phononTF 0.000474444 0.0140528 -0.187041 0.049999 594.198 0.00034743 1 -0.0422081 -0.16325 0.05 830.734
0 4553 5 phononTS 0.000635098 0.126333 0.00274695 0.049999 538.999 0.00034743 1 0.0643772 -0.164032 0.05 1150.2
0 4574 4 phononTF 0.00062679 -3.91385 4.72969 -0.00692245 30853.8 0.00034743 1 -0.0690091 -0.11983 0.05 52389.1
0 4578 2 phononTS 0.000602082 -0.345955 0.00186557 0.049999 1366.71 0.00034743 1 -0.0202891 -0.203226 0.05 27978.7
0 4579 2 phononL 0.000758015 0.319648 0.0287051 0.049999 690.89 0.00034743 1 0.108525 -0.210464 0.05 925.726
0 4585 2 phononTS 0.00231498 0.0134975 0.108847 -0.0243855 256.362 0.00069486 1 0.0548258 -0.267624 0.05 1228.33
0 4585 4 phononTF 0.000670794 0.0548258 -0.267624 0.049999 1228.33 0.00034743 1 0.0746572 -0.188069 0.05 1294.99
0 4586 3 phononTF 0.000585931 -0.00155117 0.0974986 0.049999 607.862 0.00034743 1 0.0253442 -0.241629 0.05 1159.68
0 4611 3 phononTF 0.00337425 0.550699 0.514101 0.0120358 961.846 0.00034743 1 0.0324047 -0.140229 0.05 6045.94
0 4611 5 phononTS 0.00133993 0.0324047 -0.140229 0.049999 6045.94 0.00034743 1 -0.0403899 -0.276069 0.05 6256.57
0 4611 11 phononTS 0.000602658 -0.0403899 -0.276069 0.049999 6256.57 0.00034743 1 0.0389132 -0.214492 0.05 6425.44
0 4616 6 phononTF 0.00042425 -0.398811 0.063512 0.049998 817.971 0.00034743 1 0.0394527 -0.257002 0.05 2343.4
0 4618 1 phononTF 0.004 0.25 0.25 0 0 0.00034743 1 -0.083964 -0.132817 0.05 283.036
0 4618 2 phononTS 0.00245285 -0.083964 -0.132817 0.049999 283.036 0.00034743 1 -0.0540006 -0.118589 0.05 347.12
0 4620 1 phononTF 0.004 0.25 0.25 0 0 0.00034743 1 0.0543424 -0.292457 0.05 290.106
0 4631 6 phononL 0.000551824 0.301058 0.00288869 0.049999 381.253 0.00034743 1 0.0436479 -0.168818 0.05 10932.9
0 4635 1 phononTS 0.004 0.25 0.25 0 0 0.00138972 1 0.0258143 -0.238679 0.05 281.427
0 4635 16 phononTS 0.000815273 0.0258143 -0.238679 0.049999 281.427 0.00034743 1 -0.0200968 -0.214899 0.05 1360.06
0 4635 5 phononL 0.00079972 0.0258143 -0.238679 0.049999 281.427 0.00034743 1 0.105599 -0.164254 0.05 332.789
0 4639 1 phononTF 0.004 0.25 0.25 0 0 0.00034743 1 0.0413115 -0.278565 0.05 1460.6
0 4652 3 phononTF 0.00240234 0.239087 0.288513 -0.0332886 36.7445 0.00069486 1 -0.031593 -0.184692 0.05 2034.23
0 4652 2 phononTS 0.00159766 0.239087 0.288513 -0.0332886 36.7445 0.00034743 1 0.0827196 -0.127168 0.05 205.223
0 4652 15 phononTF 0.000658525 0.0827196 -0.127168 0.049999 205.223 0.00034743 1 0.0233476 -0.270919 0.05 350.63
0 4653 4 phononL 0.000420222 -0.213096 0.0807229 0.049999 2869.35 0.00034743 1 0.0338214 -0.19217 0.05 3452.52
0 4667 4 phononL 0.000789299 0.370751 0.0238888 0.049999 181.913 0.00034743 1 0.0624438 -0.215588 0.05 2552.23
0 4669 3 phononTS 0.00274413 0.0489414 0.384876 0.00404233 97.3386 0.00069486 1 0.0556266 -0.145503 0.05 1907.15
0 4669 4 phononTS 0.000482221 0.0556266 -0.145503 0.049999 1907.15 0.00034743 1 0.0553113 -0.12296 0.05 2078.52
0 4671 2 phononTS 0.00190648 0.15534 0.304946 -0.0471767 116.889 0.00034743 1 0.0833902 -0.260181 0.05 5140.61
0 4671 4 phononTF 0.00044091 0.0833902 -0.260181 0.049999 5140.61 0.00034743 1 0.0696327 -0.188652 0.05 5211.04
0 4672 3 phononL 0.00242427 0.942713 -0.683532 0.0377488 753.47 0.00034743 1 0.0265794 -0.127648 0.05 3575.47
0 4672 6 phononTF 0.00108126 0.0265794 -0.127648 0.049999 3575.47 0.00034743 1 0.0175868 -0.24183 0.05 3656.14
0 4672 4 phononTF 0.000450613 0.0265794 -0.127648 0.049999 3575.47 0.00034743 1 0.0237022 -0.174673 0.05 3641.08
0 4685 1 phononTF 0.004 0.25 0.25 0 0 0.00104229 1 -0.064523 -0.123202 0.05 1420.2
0 4685 6 phononTF 0.000467787 -0.064523 -0.123202 0.049999 1420.2 0.00034743 1 0.0806752 -0.273027 0.05 1582.8
0 4686 1 phononTS 0.004 0.25 0.25 0 0 0.00069486 1 0.0468482 -0.220208 0.05 222.609
0 4686 2 phononTF 0.00192933 0.0468482 -0.220208 0.049999 222.609 0.00034743 1 0.0823363 -0.213726 0.05 1023.5
0 4689 2 phononTS 0.00202104 0.36978 -0.095747 -0.0431532 1445.66 0.00069486 1 0.0246812 -0.207701 0.05 2097.3
0 4693 4 phononL 0.000482058 -1.46378 0.0912664 0.049999 2907.09 0.00034743 1 0.0682431 -0.282808 0.05 6897.33
0 4700 1 phononTS 0.004 0.25 0.25 0 0 0.00069486 1 0.0575167 -0.175064 0.05 671.338
0 4700 5 phononTS 0.00180702 0.0575167 -0.175064 0.049999 671.338 0.00034743 1 0.0277614 -0.111469 0.05 751.405
0 4713 2 phononL 0.00070631 0.019281 0.0983248 0.049999 331.633 0.00034743 1 -0.111012 -0.226274 0.05 2956.82
0 4717 1 phononTS 0.004 0.25 0.25 0 0 0.00104229 1 -0.115381 -0.173928 0.05 668.435
0 4717 7 phononTF 0.000393553 -0.115381 -0.173928 0.049999 668.435 0.00034743 1 -0.050575 -0.176648 0.05 733.074
0 4717 6 phononTS 0.000447912 -0.115381 -0.173928 0.049999 668.435 0.00034743 1 -0.0357331 -0.267302 0.05 751.92
0 4719 5 phononTS 0.000352656 0.216456 0.0773198 0.049999 1422.51 0.00034743 1 -0.109649 -0.233043 0.05 4540.21
0 4727 4 phononTS 0.000504896 -0.220219 0.035368 0.049999 1965.16 0.00034743 1 -0.0885295 -0.236816 0.05 2410.78
0 4734 2 phononTF 0.00159368 0.155057 0.103463 0.0114742 588.862 0.00034743 1 0.0533939 -0.21851 0.05 13727.4
0 4756 3 phononTF 0.00276533 0.220431 0.192203 -0.0123003 39.0107 0.00069486 1 0.0894616 -0.165555 0.05 246.214
0 4757 1 phononL 0.004 0.25 0.25 0 0 0.00069486 1 0.0713359 -0.247504 0.05 2298.12
0 4757 8 phononTS 0.000546175 0.0713359 -0.247504 0.049999 2298.12 0.00034743 1 -0.0711967 -0.264112 0.05 3295.9
0 4766 2 phononTS 0.000635737 0.271366 0.269619 -0.0278682 1317.38 0.00034743 1 -0.107553 -0.196548 0.05 1920.05
0 4768 3 phononL 0.000413483 0.146507 0.0707443 0.049999 2367.06 0.00034743 1 -0.0792561 -0.220308 0.05 7078.48
0 4769 2 phononTF 0.00176074 -1.39542 -0.53613 -0.0433835 7367.67 0.00069486 1 0.0270445 -0.28551 0.05 14044.5
0 4771 1 phononTS 0.004 0.25 0.25 0 0 0.00034743 1 0.0281377 -0.105332 0.05 805.461
0 4773 1 phononTS 0.004 0.25 0.25 0 0 0.00104229 1 0.0485194 -0.241398 0.05 6619.14
0 4779 3 phononTS 0.00272725 0.106202 0.359975 0.0111208 1936.02 0.00069486 1 0.0435083 -0.291123 0.05 5579.86
0 4779 4 phononTS 0.000962831 0.0435083 -0.291123 0.049999 5579.86 0.00034743 1 0.0600471 -0.127314 0.05 6073.49
0 4779 14 phononL 0.000471638 0.0600471 -0.127314 0.049999 6073.49 0.00034743 1 0.0447459 -0.109339 0.05 17538.8
0 4788 1 phononTF 0.004 0.25 0.25 0 0 0.00034743 1 -0.100336 -0.140654 0.05 1434.28
0 4788 5 phononTF 0.000751124 -0.100336 -0.140654 0.049999 1434.28 0.00034743 1 -0.106762 -0.230005 0.05 1663.2
0 4798 3 phononTS 0.00275384 0.230765 0.25817 -0.02042 5.41403 0.00104229 1 0.0567367 -0.246481 0.05 1015.64
0 4801 3 phononTS 0.00273018 0.0750016 -0.213015 -0.0370953 1359.74 0.00069486 1 0.113919 -0.180788 0.05 1393.05
0 4801 5 phononTF 0.000613302 0.113919 -0.180788 0.049999 1393.05 0.00034743 1 0.0547348 -0.154748 0.05 1473.78
0 4809 3 phononL 0.00177578 -0.28305 0.57192 0.0208731 458.095 0.00104229 1 0.091407 -0.141567 0.05 4731.07
0 4814 1 phononTS 0.004 0.25 0.25 0 0 0.00104229 1 -0.0559644 -0.173261 0.05 645.749
0 4814 6 phononTF 0.000357934 -0.0559644 -0.173261 0.049999 645.749 0.00034743 1 -0.0154503 -0.182028 0.05 715.895
0 4814 4 phononTS 0.000355315 -0.0559644 -0.173261 0.049999 645.749 0.00034743 1 0.0642036 -0.132275 0.05 107325
0 4817 4 phononTS 0.000680617 0.512412 0.0593462 0.049999 266.347 0.00034743 1 -0.0288298 -0.291038 0.05 10482.8
0 4824 4 phononL 0.000836518 0.0523959 0.0863 0.049999 1800.68 0.00034743 1 0.0971007 -0.247508 0.05 2497.47
0 4833 2 phononTF 0.00244531 0.383428 0.246273 -0.0378299 254.292 0.00034743 1 0.0803456 -0.204441 0.05 5212.79
0 4850 1 phononL 0.004 0.25 0.25 0 0 0.00069486 1 -0.0783785 -0.282468 0.05 1644.57
0 4850 3 phononTS 0.000353314 -0.0783785 -0.282468 0.049999 1644.57 0.00034743 1 0.0221585 -0.144816 0.05 1735.99
0 4868 1 phononTF 0.004 0.25 0.25 0 0 0.00138972 1 0.0190414 -0.215581 0.05 1199.15
0 4880 2 phononTS 0.00198076 0.318162 0.21644 -0.0349804 214.523 0.00034743 1 -0.0895796 -0.250226 0.05 708.438
0 4880 4 phononTF 0.000700442 -0.0895796 -0.250226 0.049999 708.438 0.00034743 1 -0.0413177 -0.303726 0.05 892.438
0 4893 3 phononTS 0.0021496 0.249005 0.248962 -0.000544498 0.283368 0.00034743 1 -0.0822139 -0.272645 0.05 1185.34
0 4909 2 phononTS 0.00159408 0.252001 0.48063 0.00782127 273.648 0.00069486 1 0.0498012 -0.186883 0.05 6255.54
0 4920 2 phononTS 0.000845988 0.0862773 0.0277986 0.049999 313.861 0.00069486 1 -0.118126 -0.217605 0.05 41476.6
0 4930 3 phononTS 0.000757181 0.461174 0.00448283 0.049999 331.067 0.00034743 1 0.111339 -0.156125 0.05 1656.58
0 4939 3 phononTS 0.00127483 0.146874 0.452243 0.00652291 44.2444 0.00034743 1 0.115751 -0.214322 0.05 2589.28
0 4941 3 phononL 0.000596924 0.263471 0.0641913 0.049999 597.463 0.00034743 1 -0.0847765 -0.268545 0.05 32856.3
0 4942 2 phononL 0.000895557 0.51376 0.0397182 0.049999 544.957 0.00034743 1 -0.0314997 -0.131147 0.05 30958.9
0 4959 3 phononTS 0.00138151 1.42293 0.657313 0.0119368 2526.64 0.00069486 1 0.0335058 -0.283455 0.05 62334.3
0 4963 1 phononTS 0.004 0.25 0.25 0 0 0.00104229 1 0.0299702 -0.252661 0.05 257.263
0 4963 5 phononL 0.000585761 0.0299702 -0.252661 0.049999 257.263 0.00034743 1 -0.0646133 -0.231969 0.05 1707.97
0 4967 2 phononTS 0.00261192 -0.177351 0.877844 -0.0432675 6708.42 0.00069486 1 -0.0473336 -0.103236 0.05 24978.4
0 4967 7 phononTS 0.00188344 -0.0473336 -0.103236 0.049999 24978.4 0.00069486 1 -0.0659911 -0.293922 0.05 25097.6
0 4968 3 phononL 0.000683271 -0.523343 0.00775992 0.049999 2410.11 0.00034743 1 0.120108 -0.205605 0.05 3395.15
0 4972 1 phononTS 0.004 0.25 0.25 0 0 0.00034743 1 -0.0581986 -0.236994 0.05 649.172
0 4972 6 phononTS 0.00167724 -0.0581986 -0.236994 0.049999 649.172 0.00069486 1 0.03448 -0.218543 0.05 744.72
0 4972 12 phononTS 0.000389783 0.03448 -0.218543 0.049999 744.72 0.00034743 1 -0.0779931 -0.267974 0.05 1188.65
0 4974 3 phononTF 0.00216261 -0.24476 0.849654 -0.020789 576.843 0.00104229 1 -0.0433127 -0.185781 0.05 1718.82
0 4974 10 phononTS 0.00051518 -0.0433127 -0.185781 0.049999 1718.82 0.00034743 1 -0.0367939 -0.127953 0.05 1932.11
0 4977 3 phononTS 0.00229294 0.347966 0.202253 -0.035551 166.598 0.00069486 1 -0.0208413 -0.15909 0.05 955.305
0 4977 2 phononTF 0.00170706 0.347966 0.202253 -0.035551 166.598 0.00034743 1 -0.0196203 -0.245352 0.05 1263.99
