Run ID,Event ID,Track ID,Particle Name,Start Energy [eV],Start X [mm],Start Y [mm],Start Z [mm],Start Time [ns],Energy Deposited [eV],Track Weight,End X [mm],End Y [mm],End Z [mm],Final Time [ns],Volume Name
0 17 3 phononL 0.00122664 0.9152 -1.78369 0.00737222 331.627 0.00034743 1 -0.0217183 -0.139085 0.05 1976.41
0 18 3 phononTS 0.00252039 0.831633 -0.00501892 -0.00155479 6251.03 0.00034743 1 0.0641978 -0.213953 0.05 12845.6
0 18 6 phononTF 0.000539915 0.0641978 -0.213953 0.049999 12845.6 0.00034743 1 0.0725833 -0.253872 0.05 12903.7
0 20 3 phononTF 0.00172658 -0.0259221 0.729418 0.0404155 11719 0.00034743 1 -0.120423 -0.200375 0.05 14922.3
0 20 4 phononL 0.000465273 -0.120423 -0.200375 0.049999 14922.3 0.00034743 1 0.0484722 -0.173139 0.05 15184.5
0 20 2 phononL 0.00227342 -0.0259221 0.729418 0.0404155 11719 0.00069486 1 -0.0555354 -0.136685 0.05 13392.4
0 26 3 phononL 0.00220976 0.654424 -3.86383 0.0442216 8609.19 0.00034743 1 0.0757793 -0.143451 0.05 26466.6
0 26 5 phononTS 0.000709389 0.0757793 -0.143451 0.049999 26466.6 0.00034743 1 0.0745153 -0.125963 0.05 26919.7
0 70 2 phononL 0.00116403 0.982293 -1.70809 0.0215232 1805.76 0.00034743 1 0.0878364 -0.249956 0.05 22541.6
0 73 2 phononTF 0.00235485 2.08946 -2.79943 -0.0379995 7022.84 0.00104229 1 -0.0677157 -0.288142 0.05 27198.8
0 89 3 phononTS 0.00198932 0.2435 -0.19494 -0.001115 5592.04 0.00069486 1 0.0400414 -0.146795 0.05 5981.18
0 89 4 phononTF 0.000457747 0.0400414 -0.146795 0.049999 5981.18 0.00034743 1 0.047996 -0.215272 0.05 6403.86
0 96 5 phononL 0.000473251 0.957351 0.007359 0.049999 4012.29 0.00034743 1 0.0791904 -0.282329 0.05 11167
0 112 3 phononL 0.0026566 -0.669698 -1.56952 -0.0103996 11708.4 0.00069486 1 0.0755101 -0.131853 0.05 24773
0 112 7 phononTF 0.000521479 0.0755101 -0.131853 0.049999 24773 0.00034743 1 0.0974771 -0.215727 0.05 42401.9
0 112 5 phononTF 0.000916811 0.0755101 -0.131853 0.049999 24773 0.00034743 1 0.100335 -0.144656 0.05 24838.7
0 122 2 phononL 0.0022431 1.41214 -1.72532 -0.0234116 321.828 0.00069486 1 0.0724107 -0.225401 0.05 3005.53
0 130 1 phononL 0.004 1.25 -1.75 0 0 0.00104229 1 0.04835 -0.143251 0.05 5193.96
0 130 5 phononL 0.000992806 0.04835 -0.143251 0.049999 5193.96 0.00034743 1 0.067804 -0.182142 0.05 5598.46
0 162 2 phononTS 0.00169062 1.42899 -2.26414 -0.0452339 3420.05 0.00034743 1 0.0691216 -0.229962 0.05 28897.9
0 165 1 phononTS 0.004 1.25 -1.75 0 0 0.00034743 1 0.0768418 -0.265875 0.05 9403.38
0 166 2 phononL 0.00223777 0.763934 -1.98973 -0.033839 1324.49 0.00104229 1 -0.0234954 -0.176541 0.05 7916.78
0 208 2 phononL 0.0017681 1.38043 -2.51745 0.0260706 530.743 0.00069486 1 -0.0423591 -0.204915 0.05 9107.51
0 216 4 phononTS 0.00172061 1.34249 -3.23584 0.0388586 3408.68 0.00034743 1 -0.0383891 -0.257093 0.05 8172.39
0 231 2 phononTS 0.00199676 1.10712 -1.12869 -0.0167494 720.67 0.00034743 1 0.0512177 -0.186767 0.05 20694.6
0 232 3 phononTS 0.00300474 1.3407 -1.80699 0.00408175 375.44 0.00104229 1 0.0338921 -0.302217 0.05 5694.62
0 267 2 phononTF 0.00142136 0.176216 -1.31095 -0.0266377 6759.48 0.00069486 1 -0.0272618 -0.153387 0.05 101091
0 313 4 phononTF 0.00154186 -0.496444 -4.71094 -0.0177653 8359.17 0.00069486 1 -0.0339829 -0.168216 0.05 39335.5
0 330 1 phononTF 0.004 1.25 -1.75 0 0 0.00104229 1 0.0523444 -0.225142 0.05 17599.1
0 334 3 phononL 0.00227769 1.47314 -1.25643 0.00722584 3863.08 0.00069486 1 0.0304913 -0.212838 0.05 9143.78
0 336 5 phononL 0.00119455 -1.11482 -2.77874 -0.0157831 14921.3 0.00069486 1 0.116284 -0.204264 0.05 48289.9
0 353 5 phononTS 0.00140404 0.196733 -0.502955 0.00782709 17926.3 0.00034743 1 0.0339231 -0.121622 0.05 28322.9
0 365 4 phononTF 0.0013286 3.67421 -4.28436 0.0477362 9096.01 0.00034743 1 -0.119146 -0.19985 0.05 53265.1
0 368 3 phononTS 0.00251889 0.642871 -1.01205 -0.0385489 1917.67 0.00104229 1 -0.0759061 -0.286635 0.05 3575.77
0 368 4 phononTS 0.00052026 -0.0759061 -0.286635 0.049999 3575.77 0.00034743 1 0.0405067 -0.174194 0.05 3662.74
0 421 2 phononTS 0.000833712 1.20718 0.085313 0.049999 12854.7 0.00034743 1 -0.061897 -0.285276 0.05 14249
0 433 2 phononTS 0.00169824 0.898718 -3.22369 -0.0394236 5718.75 0.00034743 1 0.0657724 -0.200661 0.05 12831.9
0 436 1 phononTF 0.004 1.25 -1.75 0 0 0.00104229 1 0.0267297 -0.242192 0.05 15453.8
0 436 4 phononTS 0.00200703 0.0267297 -0.242192 0.049999 15453.8 0.00069486 1 -0.086987 -0.181937 0.05 17303.9
0 436 13 phononTS 0.000983214 -0.086987 -0.181937 0.049999 17303.9 0.00034743 1 -0.0691109 -0.279846 0.05 17892.7
0 441 2 phononL 0.00207938 1.33037 -0.95901 0.0221498 954.111 0.00069486 1 -0.10143 -0.182372 0.05 10986.1
0 441 4 phononTS 0.000752191 -0.10143 -0.182372 0.049998 10986.1 0.00034743 1 0.116998 -0.173793 0.05 11098.4
0 445 2 phononTF 0.00198684 0.856804 -2.61508 -0.0212867 3058.19 0.00034743 1 0.019945 -0.224059 0.05 13677.5
0 450 3 phononTF 0.0025499 2.21325 -2.35856 0.0358406 4794.41 0.00069486 1 0.0988618 -0.13909 0.05 17362.3
0 450 8 phononTF 0.000664314 0.0988618 -0.13909 0.049999 17362.3 0.00034743 1 0.0738046 -0.140032 0.05 17426
0 469 3 phononTF 0.00170387 0.0876566 -1.23889 0.00545853 5666.98 0.00034743 1 -0.0990288 -0.136647 0.05 13000.8
0 478 2 phononTS 0.00184518 2.01634 0.30697 -0.0193092 6126.3 0.00069486 1 0.106406 -0.161418 0.05 10173.3
0 516 1 phononTF 0.004 1.25 -1.75 0 0 0.00069486 1 -0.0915258 -0.265813 0.05 6224.59
0 551 3 phononTF 0.000735056 0.833962 0.0355791 0.049998 5889.27 0.00034743 1 -0.0891547 -0.214513 0.05 44156.5
0 569 3 phononL 0.00233317 1.88096 -0.398493 -0.0363899 2440.08 0.00034743 1 -0.0731622 -0.162171 0.05 8111.8
0 570 5 phononTF 0.000774015 4.00691 -1.65098 0.0162876 13285.1 0.00034743 1 -0.0615942 -0.224965 0.05 35962.1
0 576 3 phononTS 0.00213107 1.65017 -1.81031 -0.0110889 11031.9 0.00069486 1 -0.110996 -0.197618 0.05 22225.3
0 576 8 phononTS 0.000534955 -0.110996 -0.197618 0.049999 22225.3 0.00034743 1 0.0431571 -0.143158 0.05 28591
0 582 5 phononTF 0.000617237 1.58602 0.0628343 0.049999 2343.78 0.00034743 1 -0.0608822 -0.190851 0.05 28181.6
0 613 2 phononTF 0.001981 1.24176 -1.56707 -0.00390302 4407.76 0.00104229 1 -0.0794648 -0.126209 0.05 7568.83
0 613 5 phononTS 0.000601913 -0.0794648 -0.126209 0.049999 7568.83 0.00034743 1 -0.037317 -0.217754 0.05 7646.65
0 630 3 phononL 0.00159054 2.1273 -2.75948 -0.0425556 7205.28 0.00034743 1 0.0475074 -0.223211 0.05 20538
0 635 3 phononL 0.00209757 0.925501 -2.2215 -0.0389746 825.072 0.00069486 1 -0.0397699 -0.150527 0.05 1671.33
0 653 1 phononTS 0.004 1.25 -1.75 0 0 0.00034743 1 0.0179927 -0.221461 0.05 4444.89
0 653 3 phononTF 0.00354322 0.0179927 -0.221461 0.049999 4444.89 0.00104229 1 -0.108137 -0.18897 0.05 4538.11
0 662 1 phononTF 0.004 1.25 -1.75 0 0 0.00034743 1 -0.0492999 -0.124841 0.05 1519.15
0 662 4 phononL 0.00117206 -0.0492999 -0.124841 0.049999 1519.15 0.00034743 1 0.0999798 -0.139948 0.05 4374.5
0 662 2 phononTF 0.00187597 -0.0492999 -0.124841 0.049999 1519.15 0.00069486 1 0.0240447 -0.22109 0.05 1593.79
0 671 3 phononTS 0.0021136 1.18668 -1.71317 -0.0326426 15.0203 0.00104229 1 -0.020138 -0.179801 0.05 108734
0 687 3 phononTF 0.002201 1.61621 -1.54699 -0.0183103 6298.46 0.00069486 1 -0.0332075 -0.294913 0.05 15618.9
0 745 3 phononTS 0.00253613 1.21373 -1.72552 -0.0433958 11.3492 0.00104229 1 -0.0348207 -0.263617 0.05 10970.6
0 752 2 phononTS 0.00115709 1.26772 -0.765414 0.00377277 4301.98 0.00034743 1 -0.0920358 -0.247226 0.05 37834.4
0 755 5 phononL 0.00189005 2.19125 -0.521898 -0.0034509 14423.5 0.00104229 1 0.108382 -0.195069 0.05 49301.3
0 786 3 phononL 0.00217847 1.2037 -1.93545 0.0403928 91.3645 0.00069486 1 -0.0773842 -0.275813 0.05 3649.59
0 786 5 phononTF 0.00126521 -0.0773842 -0.275813 0.049999 3649.59 0.00034743 1 0.078073 -0.11665 0.05 4016.59
0 786 13 phononTS 0.000745956 0.078073 -0.11665 0.049999 4016.59 0.00034743 1 0.0869243 -0.139621 0.05 4210.43
0 830 2 phononTS 0.000917771 0.331953 -0.0196297 -0.0351133 6763.96 0.00034743 1 0.0377215 -0.112566 0.05 6951.01
0 834 5 phononTF 0.00162771 0.454773 -0.604343 0.0459425 2145.53 0.00069486 1 0.0539598 -0.261174 0.05 20587.2
0 866 3 phononTS 0.00245606 0.413544 -0.406906 -0.0243717 14230.1 0.00069486 1 0.0798706 -0.172964 0.05 14904.3
0 866 8 phononL 0.000605379 0.0798706 -0.172964 0.049999 14904.3 0.00034743 1 -0.0506349 -0.157061 0.05 15981.9
0 887 2 phononTF 0.00242478 1.49327 -0.760671 -0.0342817 1285.67 0.00104229 1 0.0580658 -0.23467 0.05 9742.08
0 897 5 phononTF 0.00125833 -0.858635 -1.27695 0.0270197 14481.3 0.00069486 1 0.0465142 -0.189078 0.05 15546.7
0 915 3 phononTS 0.00266266 1.08324 -2.31684 0.00485709 1123.79 0.00104229 1 0.113881 -0.232183 0.05 8027.86
0 915 4 phononTS 0.000443262 0.113881 -0.232183 0.049999 8027.86 0.00034743 1 0.0927861 -0.249305 0.05 8087.8
0 916 3 phononL 0.00307315 0.50676 -0.34925 0.0333093 3947.45 0.00069486 1 0.0435814 -0.217921 0.05 24222.1
0 928 1 phononTF 0.004 1.25 -1.75 0 0 0.00034743 1 -0.0317564 -0.182605 0.05 3918.79
0 928 2 phononTF 0.00132238 -0.0317564 -0.182605 0.049999 3918.79 0.00034743 1 -0.0522371 -0.206292 0.05 3976.51
0 928 9 phononTF 0.00050806 -0.0522371 -0.206292 0.049999 3976.51 0.00034743 1 -0.0287757 -0.231628 0.05 4400.58
0 941 3 phononTF 0.00184125 -0.196256 -0.425228 0.042282 17395.8 0.00034743 1 0.0945954 -0.154595 0.05 18288.2
0 950 3 phononL 0.00196295 0.0330331 -2.04976 -0.0148009 7064.37 0.00034743 1 -0.029985 -0.267798 0.05 11092.1
0 950 5 phononTS 0.000441883 -0.029985 -0.267798 0.049999 11092.1 0.00034743 1 -0.0416785 -0.112947 0.05 11385.5
0 951 3 phononL 0.0027595 4.16841 1.08795 -0.00376103 6158.51 0.00069486 1 0.0322197 -0.220872 0.05 49274.4
0 975 3 phononL 0.002214 2.56209 -0.535785 0.00428864 4116.51 0.00034743 1 -0.027216 -0.264035 0.05 31493.4
0 975 5 phononTF 0.00130469 -0.027216 -0.264035 0.049999 31493.4 0.00069486 1 -0.0209068 -0.206056 0.05 31647.5
0 982 3 phononTF 0.00163517 1.55967 -1.67035 -0.0427683 1173.17 0.00069486 1 -0.00961219 -0.192328 0.05 8374.99
0 1025 3 phononTS 0.00161764 0.681867 -1.04994 -0.0035411 3146.26 0.00069486 1 -0.101324 -0.198572 0.05 5806.84
0 1025 4 phononTF 0.000457823 -0.101324 -0.198572 0.049999 5806.84 0.00034743 1 -0.102403 -0.245729 0.05 5867.3
0 1041 2 phononTS 0.00205026 1.871 -2.57661 0.0381693 18712.2 0.00034743 1 -0.0348546 -0.29597 0.05 21138
0 1045 4 phononTF 0.00088794 -2.12571 0.250105 -0.00956451 23023.5 0.00034743 1 0.058754 -0.285256 0.05 55820.3
0 1090 3 phononL 0.00209843 1.70148 -1.72213 -0.0450284 797.061 0.00069486 1 0.115171 -0.179265 0.05 23066.3
0 1112 3 phononL 0.00176693 1.23922 -1.21853 0.0208485 5313.42 0.00034743 1 -0.0511777 -0.101349 0.05 6665.56
0 1115 2 phononL 0.0020977 3.40115 -0.294014 0.00233076 10529.7 0.00104229 1 -0.0774427 -0.137068 0.05 28101.6
0 1120 2 phononTS 0.00249757 1.01589 -0.432263 -0.00450768 18554 0.00034743 1 -0.0215215 -0.262543 0.05 20893.2
0 1120 6 phononTF 0.000962669 -0.0215215 -0.262543 0.049999 20893.2 0.00034743 1 0.0577918 -0.211027 0.05 20980.9
0 1124 3 phononTF 0.00129495 1.6403 -1.41864 -0.0363166 536.889 0.00034743 1 -0.0917769 -0.227413 0.05 24317.6
0 1132 2 phononTS 0.00244846 0.833338 -1.2692 -0.00814758 970.623 0.00034743 1 0.084742 -0.128129 0.05 45143.4
0 1138 4 phononL 0.00156436 2.39416 0.252035 -0.00454908 83393.4 0.00069486 1 0.0558084 -0.266274 0.05 121624
0 1150 2 phononTF 0.00180362 1.98802 -1.33979 -0.0293555 5499.72 0.00034743 1 -0.0860285 -0.175425 0.05 25973.3
0 1150 6 phononTF 0.00129787 -0.0860285 -0.175425 0.049999 25973.3 0.00034743 1 -0.114121 -0.197787 0.05 26110.5
0 1164 3 phononTF 0.00146193 2.32017 -2.84415 0.0384381 4033.39 0.00034743 1 -0.0958937 -0.176638 0.05 23342.5
0 1169 2 phononTS 0.00170415 1.70574 -1.58 -0.0218952 13144.1 0.00034743 1 -0.0212683 -0.181321 0.05 38317.7
0 1209 4 phononL 0.000934467 1.62828 1.25219 -0.00746028 29180.2 0.00069486 1 0.0506632 -0.197248 0.05 53003.8
0 1241 4 phononTS 0.000912256 2.48761 2.35693 0.0123886 10201 0.00034743 1 0.111126 -0.213515 0.05 94256.9
0 1300 2 phononL 0.00273979 1.22851 0.470058 0.0374318 3196.92 0.00034743 1 0.043871 -0.23301 0.05 9078.38
0 1303 2 phononTS 0.00203032 1.12312 -1.83096 -0.0275543 284.499 0.00034743 1 0.0370105 -0.154075 0.05 25010.6
0 1314 3 phononTF 0.00186023 2.91884 -3.04043 -0.0147492 6928.49 0.00069486 1 -0.0479082 -0.102945 0.05 34850.5
0 1324 3 phononTF 0.00212206 1.35396 -1.47182 0.017018 8832.15 0.00034743 1 0.0472347 -0.178191 0.05 12322.6
0 1324 5 phononTS 0.00151356 0.0472347 -0.178191 0.049999 12322.6 0.00069486 1 0.0429178 -0.173139 0.05 12379.7
0 1333 5 phononTS 0.00166811 -0.322309 -4.86519 0.00522604 25042.3 0.00069486 1 -0.0794031 -0.160048 0.05 29633.5
0 1358 3 phononTF 0.00219309 0.00507399 -0.483851 -0.0349464 16801 0.00034743 1 0.0525188 -0.226012 0.05 17062.1
0 1358 4 phononTF 0.000601444 0.0525188 -0.226012 0.049998 17062.1 0.00034743 1 -0.0730857 -0.222906 0.05 17131
0 1364 5 phononTS 0.00128146 4.99396 -1.28273 -0.000997705 4120.96 0.00034743 1 -0.10825 -0.217301 0.05 19326.7
0 1390 3 phononTS 0.00128391 -0.0027197 -2.72017 0.0045669 3483.23 0.00034743 1 -0.108805 -0.159375 0.05 60741
0 1390 11 phononL 0.00112778 -0.13991 -2.86453 0.000388105 6027.68 0.00069486 1 -0.0864105 -0.183112 0.05 12568.3
0 1422 2 phononTS 0.00159084 1.69021 -1.43751 0.0206358 3220.85 0.00034743 1 -0.0813249 -0.124058 0.05 14791.1
0 1426 2 phononTS 0.00125106 1.85964 -2.62123 -0.0298002 3301.62 0.00034743 1 -0.0260172 -0.188393 0.05 77720
0 1426 4 phononTS 0.000656457 -0.0260172 -0.188393 0.049999 77720 0.00034743 1 -0.0483389 -0.174222 0.05 77863
0 1452 3 phononTS 0.00241167 -1.17066 -2.46199 -0.00603465 17332.1 0.00034743 1 0.090426 -0.266988 0.05 24016.5
0 1453 2 phononTS 0.00220425 0.969643 -2.27193 -0.0423165 2218.34 0.00034743 1 0.0478244 -0.108444 0.05 38618.2
0 1453 4 phononTF 0.00103268 0.0478244 -0.108444 0.049999 38618.2 0.00034743 1 -0.0558449 -0.284382 0.05 41612
0 1458 4 phononTS 0.00145859 1.29291 1.63077 0.015433 5520.13 0.00034743 1 0.0518616 -0.159841 0.05 97478.6
0 1462 3 phononTS 0.00182986 0.743504 -1.73489 0.00575316 3011.36 0.00069486 1 -0.0586563 -0.209035 0.05 5389.12
0 1480 2 phononTS 0.00142999 1.33096 -1.62113 0.0205343 6963.75 0.00034743 1 -0.0803509 -0.198304 0.05 9307.58
0 1485 3 phononTF 0.00244352 0.893581 -1.48929 0.00942186 1164.23 0.00034743 1 -0.0498214 -0.207349 0.05 3680.82
0 1496 2 phononTS 0.0020558 0.411691 -1.55797 -0.0120977 1727.97 0.00034743 1 0.0431601 -0.227707 0.05 3777.83
0 1496 7 phononTS 0.000792337 0.0431601 -0.227707 0.049999 3777.83 0.00034743 1 0.0361148 -0.132179 0.05 3855.91
0 1526 3 phononTS 0.0029548 0.828911 0.0233689 -0.0287051 10877.8 0.00138972 1 -0.0367677 -0.202004 0.05 17268.7
0 1526 7 phononTF 0.000679271 -0.0367677 -0.202004 0.049999 17268.7 0.00034743 1 -0.0456911 -0.112249 0.05 17394.7
0 1532 3 phononL 0.00256912 1.0214 -1.53237 0.0281198 3761.38 0.00034743 1 0.0719322 -0.175784 0.05 9351.38
0 1532 4 phononTS 0.000587073 0.0719322 -0.175784 0.049999 9351.38 0.00034743 1 -0.0726877 -0.245964 0.05 12916.6
0 1535 3 phononTF 0.00226376 2.2298 -1.41023 0.0417874 3006.32 0.00034743 1 0.0739061 -0.149287 0.05 26177.4
0 1555 2 phononL 0.00153078 1.06625 -1.715 0.00470064 12008.4 0.00034743 1 0.0592639 -0.141847 0.05 42918.7
0 1559 1 phononTS 0.004 1.25 -1.75 0 0 0.00138972 1 0.0873943 -0.124072 0.05 6883.51
0 1607 3 phononTF 0.00208554 1.60753 -1.8853 -0.042506 236.756 0.00104229 1 0.0676898 -0.136655 0.05 37285.9
0 1620 1 phononTS 0.004 1.25 -1.75 0 0 0.00034743 1 -0.0765814 -0.2803 0.05 1885.41
0 1625 3 phononTF 0.00142808 1.29904 -1.5706 -0.0082291 1526.21 0.00034743 1 -0.112683 -0.17136 0.05 18357.8
0 1625 6 phononTF 0.000455589 -0.112683 -0.17136 0.049998 18357.8 0.00034743 1 -0.0364671 -0.298229 0.05 18548.2
0 1632 3 phononTS 0.00170022 1.49218 -0.260891 -0.00675002 7442.44 0.00104229 1 -0.0898316 -0.215251 0.05 35758.1
0 1634 2 phononTF 0.00211014 1.32902 -0.627083 0.00470777 2430.5 0.00034743 1 0.0555109 -0.273675 0.05 5654.46
0 1637 2 phononTF 0.0020809 -0.100657 -1.74484 -0.00330765 2078.35 0.00034743 1 0.0269608 -0.190165 0.05 61126.5
0 1655 3 phononTS 0.00151087 1.41724 -1.36934 0.0246099 2175.68 0.00034743 1 -0.0769889 -0.147162 0.05 37189.2
0 1660 4 phononTF 0.000853654 4.9314 -4.35627 -0.03342 14592.3 0.00034743 1 0.0527355 -0.138683 0.05 37203.5
0 1665 2 phononTF 0.00204835 1.17234 -1.48519 -0.00767038 2891.07 0.00034743 1 0.0952894 -0.205148 0.05 6331.69
0 1711 2 phononTS 0.00128248 2.74836 -1.22155 0.00499164 8515.02 0.00069486 1 0.0210106 -0.199333 0.05 16171.2
0 1759 2 phononTS 0.00239352 -0.213095 -0.924105 0.0401353 4909.96 0.00034743 1 -0.0134181 -0.188338 0.05 12558.9
0 1759 6 phononTS 0.000529113 -0.0134181 -0.188338 0.049999 12558.9 0.00034743 1 0.0955958 -0.161403 0.05 12705.7
0 1782 2 phononTS 0.00220354 -0.200058 -1.68556 0.0272459 8450.38 0.00069486 1 0.0275197 -0.254672 0.05 13131.2
0 1789 1 phononL 0.004 1.25 -1.75 0 0 0.00034743 1 -0.040742 -0.132385 0.05 5347.33
0 1792 3 phononTF 0.00168322 0.510529 -2.14841 -0.0488221 1642.9 0.00034743 1 0.0264459 -0.246862 0.05 8992.38
0 1798 3 phononTS 0.00243232 0.994995 -1.01627 -0.0482395 4594.67 0.00069486 1 -0.0255685 -0.155836 0.05 23380.6
0 1798 4 phononL 0.00116521 -0.0255685 -0.155836 0.049999 23380.6 0.00069486 1 -0.0807829 -0.231424 0.05 28826.9
0 1804 1 phononTF 0.004 1.25 -1.75 0 0 0.00173715 1 -0.0528999 -0.237093 0.05 9813.09
0 1829 3 phononTF 0.00266833 0.427283 -1.31358 0.0201743 3621.26 0.00034743 1 -0.0571845 -0.122126 0.05 5133.08
0 1868 4 phononTF 0.00168695 1.35717 -1.89745 -0.0222617 96.0946 0.00069486 1 -0.0813749 -0.257041 0.05 2310.34
0 1877 2 phononL 0.00173512 1.39146 -1.44303 -0.00998918 9402.17 0.00034743 1 -0.0736526 -0.186763 0.05 13856.9
0 1877 5 phononTS 0.000739017 -0.0736526 -0.186763 0.049999 13856.9 0.00034743 1 -0.0551583 -0.204348 0.05 14970.4
0 1880 2 phononTS 0.00156679 0.844743 -1.88812 0.0155579 1128.57 0.00069486 1 -0.0271589 -0.27543 0.05 2208.75
0 1925 5 phononTS 0.00162979 1.37265 -0.602887 -0.0187917 4614.62 0.00069486 1 0.0599225 -0.15054 0.05 19438.7
0 1936 3 phononTS 0.00190987 1.35479 -1.99978 -0.0272819 4277.55 0.00034743 1 -0.087832 -0.23991 0.05 14294.9
0 1936 6 phononTF 0.00118711 -0.087832 -0.23991 0.049999 14294.9 0.00034743 1 -0.0933091 -0.236231 0.05 14361.6
0 1951 2 phononTF 0.00204145 -0.913837 -1.29129 0.0281326 25541.6 0.00034743 1 0.0195447 -0.166592 0.05 104034
0 1951 7 phononTF 0.000625531 0.0195447 -0.166592 0.049999 104034 0.00034743 1 0.0321877 -0.294771 0.05 104180
0 1952 2 phononL 0.000911618 1.26551 -1.73434 -0.0276456 15.7923 0.00034743 1 -0.0642979 -0.18983 0.05 5514.02
0 1956 3 phononTS 0.00260413 1.26956 -1.71223 -0.0475252 85.9372 0.00069486 1 0.0877794 -0.170768 0.05 8671.99
0 1956 4 phononTS 0.00147566 0.0877794 -0.170768 0.049999 8671.99 0.00104229 1 0.0654668 -0.164699 0.05 8728.84
0 1969 3 phononTS 0.00288611 1.5541 -1.82105 -0.0485633 633.181 0.00069486 1 0.0597102 -0.276025 0.05 71742.3
0 1974 2 phononTS 0.00194291 -1.77319 -0.840479 -0.00438242 10371.8 0.00069486 1 0.0708927 -0.118526 0.05 35038.9
0 1978 2 phononTF 0.000747112 1.22927 -1.71992 -0.0469329 12.8475 0.00034743 1 -0.0577123 -0.112825 0.05 22419.1
0 2025 4 phononTS 0.000839077 -2.03698 -1.8264 -0.0403654 16276.2 0.00034743 1 -0.0926996 -0.269443 0.05 18657.9
0 2042 2 phononTS 0.00181992 2.247 -1.16522 -0.0140202 4914.26 0.00069486 1 -0.0492843 -0.290107 0.05 32972.2
0 2053 1 phononTS 0.004 1.25 -1.75 0 0 0.00034743 1 0.0868501 -0.223576 0.05 7467.76
0 2053 2 phononTS 0.00265033 0.0868501 -0.223576 0.049999 7467.76 0.00034743 1 0.0610412 -0.187929 0.05 7622.76
0 2066 1 phononTS 0.004 1.25 -1.75 0 0 0.00138972 1 0.087535 -0.274523 0.05 4198.69
0 2103 2 phononTF 0.00123934 1.37676 -0.696092 -0.0140679 5264.6 0.00034743 1 0.0807338 -0.246834 0.05 9737.75
0 2103 5 phononTS 0.000544868 0.0807338 -0.246834 0.049999 9737.75 0.00034743 1 0.0279382 -0.186519 0.05 10211
0 2127 3 phononTF 0.00246023 1.00013 -1.16784 0.049006 690.535 0.00069486 1 0.053513 -0.157802 0.05 7862.99
0 2129 2 phononTS 0.00227752 1.22652 -1.71023 -0.035427 417.633 0.00104229 1 0.0115579 -0.194389 0.05 20845.4
0 2132 1 phononTS 0.004 1.25 -1.75 0 0 0.00069486 1 -0.0768719 -0.236777 0.05 2839.03
0 2170 1 phononTS 0.004 1.25 -1.75 0 0 0.00173715 1 0.0383269 -0.137381 0.05 6890.14
0 2177 3 phononTF 0.00240047 -0.410695 -0.905433 0.0321496 6083.86 0.00069486 1 -0.107048 -0.211621 0.05 41738.4
0 2183 2 phononTS 0.00168962 0.0225845 -2.44633 0.0370059 5406.14 0.00069486 1 0.0209114 -0.232783 0.05 61688
0 2192 2 phononTS 0.00132611 0.834887 -1.90528 -0.0257389 1049.23 0.00034743 1 0.084275 -0.248779 0.05 23901.5
0 2210 3 phononL 0.00201747 1.65645 -0.542338 0.0449085 5300.62 0.00069486 1 0.0210848 -0.195419 0.05 8841.11
0 2216 1 phononTS 0.004 1.25 -1.75 0 0 0.00069486 1 0.102219 -0.202667 0.05 7693.73
0 2218 4 phononTF 0.000874623 -1.63501 -4.84476 -0.0205386 6894.26 0.00069486 1 -0.110735 -0.167275 0.05 37939.6
0 2224 3 phononTS 0.0012911 1.69689 -1.30451 -0.0112046 1878.25 0.00069486 1 -0.0738378 -0.118989 0.05 14513.4
0 2225 3 phononTF 0.00133314 0.438932 -1.59342 -0.0369591 3870.35 0.00034743 1 0.0159412 -0.198508 0.05 5482.76
0 2225 4 phononTS 0.000360012 0.0159412 -0.198508 0.049999 5482.76 0.00034743 1 -0.106413 -0.229235 0.05 5629.82
0 2226 3 phononTF 0.00271978 1.99981 -0.404997 0.037608 11066.4 0.00069486 1 0.0433191 -0.212628 0.05 26941.1
0 2226 8 phononTF 0.000547783 0.0433191 -0.212628 0.049999 26941.1 0.00034743 1 0.103589 -0.146072 0.05 27421.6
0 2262 3 phononTS 0.00296312 1.10001 -2.60429 0.0265085 3002.34 0.00069486 1 0.0331055 -0.204531 0.05 7891.11
0 2262 9 phononTS 0.000381129 0.0331055 -0.204531 0.049999 7891.11 0.00034743 1 0.0553164 -0.141287 0.05 7963.88
0 2262 8 phononL 0.000860024 0.0331055 -0.204531 0.049999 7891.11 0.00034743 1 0.0785043 -0.230905 0.05 8403.75
0 2299 3 phononL 0.00247577 -0.20076 -0.898783 -0.00356603 8094.14 0.00034743 1 0.0266921 -0.257126 0.05 8614.41
0 2303 3 phononTS 0.00214337 0.935492 -1.67346 -0.0161293 1684.99 0.00034743 1 0.0571761 -0.102806 0.05 80555.6
0 2308 3 phononTS 0.00190234 4.64138 -2.23974 0.0101554 7415.45 0.00034743 1 -0.056471 -0.138489 0.05 54353.4
0 2311 6 phononTF 0.0013272 -0.282702 -1.16419 0.011984 27142.3 0.00034743 1 -0.100522 -0.232416 0.05 29659.6
0 2320 2 phononTS 0.000471496 0.999144 -0.912074 -0.0410343 1859.65 0.00034743 1 -0.0491326 -0.18667 0.05 21170.6
0 2327 1 phononL 0.004 1.25 -1.75 0 0 0.00034743 1 -0.00200582 -0.199056 0.05 4436.38
0 2327 4 phononL 0.00112588 -0.00200582 -0.199056 0.049999 4436.38 0.00034743 1 0.115187 -0.181106 0.05 4599.18
0 2327 2 phononTS 0.00251734 -0.00200582 -0.199056 0.049999 4436.38 0.00104229 1 -0.0672039 -0.119597 0.05 4513.98
0 2327 15 phononTF 0.000674537 -0.0672039 -0.119597 0.049999 4513.98 0.00034743 1 -0.0721564 -0.123164 0.05 4574.77
0 2353 3 phononTS 0.00171845 2.13137 -1.92987 0.00304106 6942.36 0.00069486 1 -0.021658 -0.192675 0.05 67588.2
0 2388 3 phononTS 0.00252648 1.64391 -1.40808 -0.00565815 645.143 0.00069486 1 -0.0348814 -0.214622 0.05 10372.8
0 2388 6 phononTS 0.000423784 -0.0348814 -0.214622 0.049999 10372.8 0.00034743 1 0.100625 -0.157274 0.05 11089.7
0 2411 2 phononTF 0.00169572 0.405647 -3.04285 0.0404861 6886.04 0.00034743 1 -0.105756 -0.229616 0.05 69556.7
0 2413 1 phononTF 0.004 1.25 -1.75 0 0 0.00138972 1 0.0656988 -0.157597 0.05 11248.3
0 2434 5 phononTF 0.00164911 -3.13301 -1.57201 0.032344 34512.3 0.00034743 1 0.0312835 -0.241544 0.05 40353.3
0 2446 2 phononL 0.00181015 1.12338 -1.94672 -0.0377289 808.148 0.00034743 1 0.0488018 -0.277455 0.05 2994.02
0 2479 3 phononL 0.00240272 1.39073 -1.54083 0.000645829 946.981 0.00034743 1 -0.0822476 -0.188775 0.05 67587.1
0 2481 3 phononTF 0.00201824 1.19537 -1.5034 -0.00846663 84.1095 0.00034743 1 0.0649851 -0.237004 0.05 1063.48
0 2481 4 phononTF 0.000463264 0.0649851 -0.237004 0.049999 1063.48 0.00034743 1 -0.101772 -0.18717 0.05 35499.6
0 2490 2 phononTF 0.00184273 0.987703 -0.668024 0.0456457 5612.32 0.00069486 1 -0.0234998 -0.157528 0.05 10781.9
0 2501 3 phononTF 0.00192713 1.61222 -1.10491 -0.0475744 4114.89 0.00069486 1 0.0422531 -0.148431 0.05 103077
0 2521 3 phononTF 0.00272657 0.775476 -0.371267 -0.0380734 2885.98 0.00104229 1 0.0901789 -0.260471 0.05 5498.59
0 2531 2 phononTS 0.00219703 -0.684885 -0.624203 -0.0421158 9288.81 0.00034743 1 0.0572122 -0.230697 0.05 14441.2
0 2544 2 phononTS 0.00249911 0.508994 -2.36724 -0.00164996 8295.96 0.00034743 1 -0.0879742 -0.257324 0.05 20606.2
0 2549 2 phononTS 0.00217654 1.32826 -0.181233 -0.0266397 13495.8 0.00069486 1 0.0569728 -0.272077 0.05 20531.4
0 2560 2 phononTS 0.00218415 1.30908 -1.07827 -0.000925545 4710.54 0.00034743 1 -0.00904429 -0.199195 0.05 6664.65
0 2562 3 phononTF 0.00181739 0.321868 -1.65501 -0.0498885 4738.16 0.00034743 1 0.047485 -0.286025 0.05 5500.47
0 2562 5 phononTS 0.00116676 0.047485 -0.286025 0.049999 5500.47 0.00034743 1 0.0259994 -0.276165 0.05 5562.39
0 2592 4 phononTS 0.00107117 2.16776 0.118857 0.0189322 11881.4 0.00069486 1 0.119045 -0.207525 0.05 15409.1
0 2604 3 phononTS 0.00144847 1.31816 -1.69927 -0.0464726 17.7884 0.00034743 1 0.032761 -0.176952 0.05 4266.12
0 2614 2 phononTF 0.000978074 1.17013 -1.65133 0.0194588 43.002 0.00034743 1 0.0315141 -0.170836 0.05 7846.62
0 2614 4 phononTS 0.000424779 0.0315141 -0.170836 0.049999 7846.62 0.00034743 1 0.061642 -0.165332 0.05 7905.35
0 2625 3 phononTS 0.000648779 0.575476 0.0768897 0.049999 2327.44 0.00034743 1 0.0343138 -0.29265 0.05 7098.71
0 2626 6 phononTF 0.000877639 0.781172 -0.255005 0.0420066 27988.2 0.00034743 1 0.103944 -0.222313 0.05 28233.9
0 2632 2 phononL 0.0026383 1.41437 -1.65852 0.0295519 107.215 0.00138972 1 0.0930761 -0.168424 0.05 11127
0 2633 3 phononL 0.0025338 1.22881 -1.62986 -0.0183973 15187.7 0.00069486 1 -0.0303073 -0.252144 0.05 62167
0 2633 5 phononTS 0.000944044 -0.0303073 -0.252144 0.049999 62167 0.00034743 1 0.0644215 -0.284694 0.05 62246.3
0 2670 3 phononTS 0.00293478 -0.278515 -1.81886 -0.0170057 11020.1 0.00034743 1 0.0352738 -0.253575 0.05 14005.8
0 2670 4 phononTF 0.000987044 0.0352738 -0.253575 0.049999 14005.8 0.00034743 1 0.047138 -0.254905 0.05 14173.6
0 2677 5 phononTS 0.00109481 4.85413 -4.39252 -0.0126463 14973.5 0.00034743 1 -0.0749259 -0.135478 0.05 44006.4
0 2690 1 phononTS 0.004 1.25 -1.75 0 0 0.00034743 1 0.0289212 -0.158393 0.05 8461.65
0 2690 2 phononTF 0.00145416 0.0289212 -0.158393 0.049999 8461.65 0.00069486 1 -0.0702022 -0.135038 0.05 8536.08
0 2695 3 phononTF 0.00239287 1.87438 -1.99761 0.0163926 2020.09 0.00069486 1 0.0730496 -0.276748 0.05 36329.2
0 2696 3 phononTS 0.00185862 0.889664 -0.268973 0.0297536 5194.69 0.00034743 1 0.0522638 -0.158706 0.05 8261.7
0 2696 5 phononTF 0.00146814 0.0522638 -0.158706 0.049999 8261.7 0.00034743 1 -0.092974 -0.249416 0.05 21739
0 2696 9 phononTS 0.000638459 -0.092974 -0.249416 0.049998 21739 0.00034743 1 -0.0618432 -0.105349 0.05 21952
0 2696 2 phononTS 0.00214138 0.889664 -0.268973 0.0297536 5194.69 0.00069486 1 -0.0452244 -0.287455 0.05 35490.6
0 2700 5 phononL 0.00168542 -4.67788 -2.95659 -0.0269954 20179.9 0.00069486 1 0.114017 -0.208093 0.05 39986.1
0 2711 3 phononTS 0.00202009 1.54414 -2.16344 -0.041982 438.878 0.00034743 1 -0.119307 -0.213542 0.05 91566.8
0 2761 2 phononTS 0.00196966 0.746528 -1.63942 0.0167347 2766.54 0.00104229 1 0.0352624 -0.25231 0.05 78053.1
0 2766 3 phononTS 0.00260429 0.763286 -2.68965 -0.0133982 4685.1 0.00138972 1 0.0744353 -0.143496 0.05 8795.11
0 2769 3 phononTS 0.00192066 2.20999 -1.01287 -0.0146514 4964.54 0.00034743 1 -0.0694157 -0.191594 0.05 13432.2
0 2795 3 phononL 0.00198779 2.08075 -1.32312 0.00662211 2170.8 0.00034743 1 0.0249153 -0.162304 0.05 56018.9
0 2795 4 phononTS 0.00155938 0.0249153 -0.162304 0.049998 56018.9 0.00034743 1 0.0786379 -0.144399 0.05 56299.5
0 2817 3 phononTS 0.00243832 1.64909 -1.81645 -0.0492133 3319.96 0.00034743 1 0.0395088 -0.188633 0.05 4569.06
0 2822 2 phononTS 0.00165874 0.494785 -2.2444 -0.0159401 1920.35 0.00069486 1 0.0428461 -0.256099 0.05 79312.5
0 2869 3 phononTF 0.00223749 0.984145 -1.17386 0.01746 8050.27 0.00069486 1 -0.0475596 -0.188808 0.05 9590.65
0 2899 3 phononTS 0.00209078 -0.117687 0.26418 0.0377167 5679.73 0.00104229 1 0.0668016 -0.137163 0.05 6633.29
0 2913 3 phononTS 0.00199366 0.832518 -2.59205 -0.004882 1283.15 0.00034743 1 0.0591997 -0.13844 0.05 16395.6
0 2923 3 phononTS 0.00167367 2.18859 -3.75919 -0.0269209 9483.71 0.00034743 1 0.0491511 -0.204493 0.05 19613.4
0 2928 5 phononTF 0.000816622 3.47975 -2.40908 -0.0147391 23724.8 0.00034743 1 0.0687714 -0.247734 0.05 102787
0 2943 3 phononTF 0.00294253 1.30946 -0.601913 0.0369843 13513.1 0.00104229 1 0.0660227 -0.21792 0.05 18664.5
0 2958 2 phononTS 0.0015655 0.658456 -1.85734 -0.00235184 4603.45 0.00069486 1 -0.0545148 -0.159847 0.05 5726.65
0 2972 2 phononL 0.00157647 1.35171 -1.22395 -0.0305907 499.801 0.00104229 1 0.0342855 -0.301823 0.05 2815.39
0 2999 3 phononL 0.00258885 1.60663 -0.502879 -0.0377082 5651.05 0.00104229 1 0.0689097 -0.14832 0.05 36113
0 3005 3 phononTS 0.00314698 1.4375 -1.39418 -0.0464675 1353.87 0.00069486 1 0.072289 -0.227671 0.05 3948.28
0 3005 4 phononTF 0.00147456 0.072289 -0.227671 0.049999 3948.28 0.00034743 1 -0.0240951 -0.251854 0.05 4080.01
0 3025 2 phononTF 0.00268865 2.1485 -1.56038 -0.0143247 2287.8 0.00034743 1 0.0355356 -0.097603 0.05 21954.3
0 3035 3 phononL 0.00246607 1.21742 -1.10927 -0.0421717 668.667 0.00034743 1 -0.0922256 -0.228574 0.05 9491.85
0 3046 2 phononL 0.00231562 1.3116 -3.41559 -0.0268742 9208.06 0.00034743 1 0.0232764 -0.161482 0.05 19204
0 3048 3 phononTF 0.00187152 0.594483 -1.82572 -0.00850492 2799.26 0.00034743 1 0.0321472 -0.133273 0.05 7674.11
0 3048 5 phononTF 0.000754876 0.0321472 -0.133273 0.049999 7674.11 0.00034743 1 0.0351354 -0.239314 0.05 7739.81
0 3059 4 phononTF 0.00098535 -0.720692 -2.11243 0.0311692 23350.6 0.00034743 1 0.0493946 -0.173726 0.05 62362.7
0 3070 3 phononL 0.00218675 0.640194 -1.69849 -0.0159368 996.403 0.00069486 1 -0.0514777 -0.102957 0.05 3810.32
0 3077 5 phononTF 0.00122862 -3.14848 1.3969 0.0467182 67818.6 0.00034743 1 0.053798 -0.198251 0.05 75215.5
0 3082 2 phononL 0.00197043 0.781872 -0.613059 -0.0488927 9356.08 0.00034743 1 -0.0450929 -0.16073 0.05 34717.6
0 3087 1 phononTS 0.004 1.25 -1.75 0 0 0.00034743 1 0.034768 -0.193693 0.05 9081.85
0 3087 2 phononTS 0.000873498 0.034768 -0.193693 0.049999 9081.85 0.00034743 1 -0.0859811 -0.222274 0.05 9282.23
0 3092 1 phononTS 0.004 1.25 -1.75 0 0 0.00069486 1 -0.0351101 -0.119671 0.05 3124.49
0 3103 1 phononTS 0.004 1.25 -1.75 0 0 0.00104229 1 -0.0574926 -0.27848 0.05 6461.53
0 3107 3 phononTF 0.00280011 1.25968 -2.0284 0.0256794 1704.35 0.00034743 1 -0.0397862 -0.169387 0.05 12889.9
0 3107 6 phononTS 0.000468324 -0.0397862 -0.169387 0.049999 12889.9 0.00034743 1 -0.0341289 -0.226986 0.05 30125.2
0 3110 2 phononTF 0.00251606 1.64469 -1.44181 0.043525 641.051 0.00069486 1 -0.066113 -0.269175 0.05 4654.13
0 3127 3 phononTS 0.00166942 1.51503 -1.59277 0.00427162 1013.06 0.00034743 1 0.03044 -0.132654 0.05 62696
0 3155 2 phononTS 0.00218048 -0.0597526 -0.577892 -0.0302096 6545.35 0.00069486 1 0.019061 -0.238371 0.05 7983.32
0 3189 2 phononTS 0.00234551 2.98005 -1.48966 0.00779338 11832.3 0.00034743 1 -0.0396071 -0.2441 0.05 20425
0 3192 2 phononTS 0.000781042 1.12444 0.0610757 0.049999 5209.78 0.00034743 1 -0.0974167 -0.228279 0.05 6198.87
0 3194 1 phononTS 0.004 1.25 -1.75 0 0 0.00034743 1 0.0807763 -0.163 0.05 4615.91
0 3194 3 phononTF 0.000968957 0.0807763 -0.163 0.049999 4615.91 0.00034743 1 0.0705404 -0.18445 0.05 4941.43
0 3194 2 phononTS 0.000929543 0.0807763 -0.163 0.049999 4615.91 0.00034743 1 0.041333 -0.194433 0.05 4681.24
0 3202 2 phononL 0.00211907 1.20681 -1.84219 -0.0172725 1640.78 0.00069486 1 0.0907063 -0.20752 0.05 6776.89
0 3213 3 phononTS 0.00223449 0.251029 -2.70087 -0.0433061 10988.7 0.00034743 1 0.026881 -0.180952 0.05 12401.4
0 3251 2 phononL 0.00232334 0.617299 -2.09566 -0.0347274 4383.66 0.00069486 1 0.0794183 -0.171183 0.05 55373.2
0 3282 4 phononTS 0.0016653 -1.34017 -4.87526 -0.0372883 16029.1 0.00034743 1 -0.0712352 -0.149471 0.05 39579.1
0 3316 3 phononTS 0.00231645 -0.00113714 -1.07091 -0.0291258 2282.56 0.00104229 1 -0.0664665 -0.225789 0.05 2645.39
0 3330 2 phononTS 0.00199873 1.3372 -1.77382 0.0241759 278.684 0.00104229 1 0.0272418 -0.24923 0.05 11042.7
0 3407 2 phononTF 0.000671376 1.53229 -0.8873 0.0454848 3095.83 0.00034743 1 0.0496983 -0.205851 0.05 53562.6
0 3435 3 phononTS 0.00276531 0.624351 -1.79941 -0.0398115 11493.2 0.00069486 1 -0.0227036 -0.171961 0.05 28820.5
0 3435 7 phononTF 0.00103834 -0.0227036 -0.171961 0.049999 28820.5 0.00034743 1 -0.0956005 -0.195084 0.05 28884.8
0 3436 1 phononTF 0.004 1.25 -1.75 0 0 0.00104229 1 0.079295 -0.268605 0.05 5194.3
0 3453 2 phononL 0.00195356 1.28545 -1.71054 -0.0324773 11.3416 0.00034743 1 -0.0478055 -0.148365 0.05 5925
0 3465 1 phononL 0.004 1.25 -1.75 0 0 0.00069486 1 0.0561878 -0.101707 0.05 9445.57
0 3465 2 phononTF 0.000683518 0.0561878 -0.101707 0.049999 9445.57 0.00034743 1 0.0893345 -0.183485 0.05 21091.2
0 3490 2 phononTF 0.0020552 1.19551 -1.70676 0.0364863 65.1969 0.00034743 1 0.0419612 -0.130498 0.05 3865.08
0 3490 6 phononL 0.000573474 0.0419612 -0.130498 0.049999 3865.08 0.00034743 1 -0.105463 -0.188891 0.05 5611.59
0 3549 5 phononTS 0.00125975 1.18367 0.580385 -0.0327421 28178.9 0.00034743 1 0.104484 -0.205617 0.05 30037.8
0 3550 3 phononTF 0.00136348 1.24318 -1.7563 -0.0218297 61.2812 0.00034743 1 -0.0494475 -0.267548 0.05 45068.3
0 3557 3 phononTS 0.00249893 0.690467 -0.394907 -0.0281846 2397.17 0.00104229 1 -0.0473433 -0.260095 0.05 2837.6
0 3560 1 phononTS 0.004 1.25 -1.75 0 0 0.00104229 1 -0.0822738 -0.133349 0.05 10290
0 3569 3 phononL 0.00128338 1.74681 -0.535197 0.037011 4614.51 0.00034743 1 0.0792902 -0.190644 0.05 7964.45
0 3603 3 phononTS 0.00252093 -0.236 -1.44468 -0.0110968 2057.42 0.00069486 1 -0.073033 -0.167046 0.05 8721.44
0 3611 3 phononTS 0.00242661 1.39172 -1.85115 -0.0179673 1781.12 0.00104229 1 -0.0803636 -0.159734 0.05 4685.85
0 3626 1 phononTS 0.004 1.25 -1.75 0 0 0.00034743 1 -0.0590751 -0.117781 0.05 5740.27
0 3631 4 phononL 0.00116232 -0.74232 -3.27552 -0.0205874 17418.6 0.00034743 1 -0.0894915 -0.241304 0.05 120544
0 3631 6 phononTS 0.00046932 -0.0894915 -0.241304 0.049998 120544 0.00034743 1 -0.0397317 -0.0951254 0.05 120640
0 3635 4 phononTF 0.00170432 -0.164428 0.340275 -0.0231677 96255.6 0.00034743 1 -0.0957253 -0.160159 0.05 96972.2
0 3645 3 phononTS 0.000729632 2.66718 0.0940571 0.049999 10723.7 0.00034743 1 -0.0410732 -0.237655 0.05 27376.8
0 3646 2 phononTF 0.00097957 1.30339 -0.872439 0.017391 3294.31 0.00034743 1 0.0512962 -0.162377 0.05 25549.2
0 3669 3 phononTS 0.00165588 1.40052 -2.65568 0.00115609 3807.98 0.00069486 1 -0.108185 -0.163993 0.05 33311
0 3682 3 phononTF 0.00355936 0.63859 -1.31892 0.03754 4826.05 0.00173715 1 -0.0457037 -0.249986 0.05 23527.9
0 3691 3 phononTS 0.00153916 -0.084076 -2.46958 -0.0290638 6439.35 0.00104229 1 0.0789966 -0.228499 0.05 9873.63
0 3719 3 phononTS 0.0019409 1.38895 -2.38296 -0.0214062 2517.38 0.00069486 1 -0.0438499 -0.235672 0.05 33838.8
0 3719 8 phononTF 0.000968217 -0.0438499 -0.235672 0.049999 33838.8 0.00034743 1 -0.0721419 -0.160392 0.05 33961.6
0 3721 2 phononTS 0.00283457 0.907986 -2.27101 0.0177979 607.719 0.00069486 1 0.0965411 -0.249495 0.05 5603
0 3729 3 phononTF 0.00248881 2.13013 -2.58565 -0.0170767 3081.39 0.00069486 1 -0.105838 -0.223144 0.05 19889.8
0 3781 3 phononTS 0.00165194 1.28527 -0.906353 0.0347356 1801.87 0.00034743 1 0.0434014 -0.131264 0.05 30189.2
0 3782 1 phononL 0.004 1.25 -1.75 0 0 0.00173715 1 0.0708107 -0.25472 0.05 3221.22
0 3785 2 phononTS 0.00109517 0.591875 -1.37156 0.0453713 11494.2 0.00034743 1 0.0207636 -0.216004 0.05 14006.5
0 3792 2 phononL 0.0014946 1.2198 -1.80766 -0.0182316 4702.42 0.00034743 1 -0.0736621 -0.237591 0.05 13558
0 3803 2 phononTS 0.00274708 1.42756 -2.09651 0.040561 583.849 0.00069486 1 0.0231748 -0.230925 0.05 5710.39
0 3808 2 phononL 0.00260631 -0.794833 -2.80234 -0.0321424 6426.85 0.00104229 1 -0.0537715 -0.10612 0.05 17936.7
0 3809 5 phononTS 0.00118178 4.78597 -3.17674 0.0157799 29864.9 0.00069486 1 -0.0423485 -0.229632 0.05 55141.6
0 3810 3 phononTS 0.00039621 -0.315502 0.0230917 0.049999 5319.49 0.00034743 1 -0.0806994 -0.160426 0.05 5826.99
0 3828 1 phononTS 0.004 1.25 -1.75 0 0 0.00138972 1 -0.0310893 -0.304459 0.05 4789.43
0 3849 2 phononTS 0.000961848 0.989468 -3.74085 0.00385813 24215.1 0.00034743 1 -0.108774 -0.220161 0.05 97133.8
0 3851 2 phononTF 0.000982584 1.58072 -1.0893 0.0257211 1933.42 0.00034743 1 -0.0531755 -0.172032 0.05 14345.9
0 3863 2 phononTF 0.00192622 0.421713 -1.10741 -0.00883148 10604.6 0.00034743 1 -0.0926368 -0.233762 0.05 13659
0 3863 5 phononTS 0.000848379 -0.0926368 -0.233762 0.049999 13659 0.00034743 1 -0.0387396 -0.156335 0.05 74586
0 3863 11 phononL 0.000461216 -0.0387396 -0.156335 0.049999 74586 0.00034743 1 -0.101149 -0.244846 0.05 76457.2
0 3873 2 phononTS 0.00194326 1.01431 -2.03841 -0.04227 77.2768 0.00034743 1 -0.117957 -0.199537 0.05 19023.3
0 3873 4 phononL 0.00129712 -0.117957 -0.199537 0.049999 19023.3 0.00034743 1 -0.041348 -0.264155 0.05 19067.9
0 3886 4 phononTF 0.000637515 1.27679 -2.61234 -0.0235679 20772.4 0.00034743 1 0.0521188 -0.230919 0.05 74987.6
0 3898 3 phononTS 0.00265108 1.11055 -1.91779 0.0335905 1699.26 0.00034743 1 -0.0374883 -0.275095 0.05 30259.7
0 3898 5 phononTS 0.00145066 -0.0374883 -0.275095 0.049999 30259.7 0.00104229 1 -0.0491083 -0.26159 0.05 30315.8
0 3908 2 phononTF 0.00182301 1.81772 -1.95386 0.031528 826.52 0.00069486 1 -0.0144469 -0.228667 0.05 14542.7
0 3915 2 phononTS 0.00215781 1.21585 -2.62269 0.00726364 10872.9 0.00104229 1 -0.0395533 -0.234675 0.05 58312.2
0 3919 2 phononTF 0.00219983 0.463815 -2.92005 -0.0132103 7835.77 0.00034743 1 -0.0340974 -0.210168 0.05 30355
0 3976 4 phononTS 0.00107937 1.20095 -2.11366 0.015147 3768.97 0.00034743 1 -0.0375953 -0.158571 0.05 5646.67
0 3981 2 phononL 0.00149171 1.91365 -1.9634 -0.00404747 2004.09 0.00034743 1 -0.0597573 -0.140449 0.05 29284.4
0 3984 5 phononTF 0.00245157 1.55441 -1.56755 -0.0496214 13130.4 0.00069486 1 0.0651425 -0.199421 0.05 17800.4
0 3984 6 phononL 0.00138578 0.0651425 -0.199421 0.049999 17800.4 0.00034743 1 -0.0231722 -0.201271 0.05 17846.2
0 3984 16 phononTF 0.0005756 -0.0231722 -0.201271 0.049999 17846.2 0.00034743 1 -0.0758444 -0.167863 0.05 17987.3
0 3996 1 phononTS 0.004 1.25 -1.75 0 0 0.00104229 1 0.0520961 -0.119621 0.05 4873.15
0 3996 7 phononTF 0.00188959 0.0520961 -0.119621 0.049999 4873.15 0.00034743 1 0.0257104 -0.147536 0.05 4979.82
0 4003 3 phononTS 0.00176533 0.984302 -2.07182 -0.0188565 2019.3 0.00034743 1 0.09057 -0.265913 0.05 5315.28
0 4003 4 phononTF 0.000664169 0.09057 -0.265913 0.049998 5315.28 0.00034743 1 0.11074 -0.160097 0.05 5384.98
0 4026 2 phononTS 0.00192531 1.42887 -1.59466 -0.00311664 1066.13 0.00034743 1 -0.0441961 -0.244707 0.05 4354.28
0 4035 3 phononL 0.00227185 0.306351 -2.55335 0.0186548 4264.82 0.00069486 1 -0.118774 -0.186264 0.05 21950.5
0 4072 2 phononTS 0.00257547 1.12119 -1.83653 -0.0101067 52.5534 0.00034743 1 0.0189047 -0.240854 0.05 1483.08
0 4114 3 phononTF 0.00199898 0.735044 -1.52303 -0.0478448 5332.27 0.00034743 1 -0.0788668 -0.1686 0.05 35327.3
0 4257 3 phononTF 0.00149008 1.10526 -1.47229 -0.00364595 1000.33 0.00069486 1 0.0179538 -0.249093 0.05 65840.9
0 4280 5 phononTS 0.00164068 2.00085 -0.136326 0.0155541 24280.5 0.00034743 1 0.0293387 -0.293124 0.05 43223.4
0 4304 2 phononTF 0.00147648 0.8037 -1.74166 -0.010014 769.313 0.00034743 1 -0.0312479 -0.219458 0.05 8034.23
0 4313 3 phononTS 0.00142601 -0.837647 -2.24068 -0.0273962 5194.34 0.00034743 1 -0.0968493 -0.146765 0.05 53822.9
0 4313 4 phononTS 0.000449215 -0.0968493 -0.146765 0.049999 53822.9 0.00034743 1 0.0858521 -0.278841 0.05 53983.5
0 4324 5 phononTS 0.00110241 0.990349 2.27754 -0.00347128 54668.4 0.00034743 1 -0.083656 -0.26528 0.05 69165.4
0 4333 2 phononL 0.00243558 0.271084 -0.404688 0.00143486 4663.1 0.00034743 1 -0.0436954 -0.111279 0.05 7885.24
0 4360 2 phononTF 0.00255591 1.65712 -0.966832 0.00896177 1802.51 0.00034743 1 -0.0398449 -0.11914 0.05 9916.69
0 4362 7 phononTS 0.00109115 3.23533 0.00636382 0.0214109 14850.8 0.00034743 1 -0.0220784 -0.243072 0.05 26274.3
0 4363 2 phononTS 0.00155838 1.75699 -2.9205 0.0312078 3898.84 0.00034743 1 0.0820683 -0.144839 0.05 8438.15
0 4399 3 phononTF 0.00250804 -0.20071 -0.670139 -0.0373931 4697.21 0.00069486 1 0.0463575 -0.159979 0.05 5022.72
0 4469 3 phononTS 0.002569 0.430641 -0.996517 0.0392862 19034.2 0.00034743 1 -0.0603743 -0.144813 0.05 22197.6
0 4470 3 phononTS 0.00237803 2.0664 -2.28854 0.0467759 8444.61 0.00034743 1 0.029197 -0.289329 0.05 16303.9
0 4478 2 phononTF 0.00214666 -0.406055 -0.656837 -0.015643 4383.53 0.00069486 1 0.0622572 -0.185217 0.05 6192.64
0 4482 4 phononTS 0.000984149 1.28421 -1.91218 0.0200381 13050.7 0.00034743 1 0.0993682 -0.245429 0.05 19111.6
0 4488 2 phononTF 0.00202811 1.23851 -0.650706 0.0167418 1411.12 0.00069486 1 0.0782763 -0.279008 0.05 9085.02
0 4489 2 phononL 0.00168921 0.89831 -1.21227 0.0149207 2954.16 0.00034743 1 -0.0847974 -0.226723 0.05 6590.69
0 4500 2 phononTF 0.00252088 1.1481 -1.56986 0.00266558 45.5761 0.00069486 1 0.0346417 -0.303505 0.05 1143.83
0 4508 1 phononTF 0.004 1.25 -1.75 0 0 0.00104229 1 0.0671371 -0.152712 0.05 2980.3
0 4576 3 phononTS 0.00246707 1.04777 -2.01516 0.0381133 826.564 0.00104229 1 0.0502982 -0.181908 0.05 37753.9
0 4576 2 phononL 0.00153293 1.04777 -2.01516 0.0381133 826.564 0.00034743 1 -0.0723721 -0.162237 0.05 9795.94
0 4606 3 phononTF 0.00209644 0.800549 -1.46554 -0.0230902 1091.8 0.00104229 1 -0.0854436 -0.238673 0.05 5359.52
0 4614 3 phononL 0.00219119 1.40734 -1.12578 -0.0461342 1687.86 0.00069486 1 0.107674 -0.15939 0.05 27682.9
0 4614 4 phononTS 0.000572115 0.107674 -0.15939 0.049999 27682.9 0.00034743 1 0.0935107 -0.176785 0.05 27744.8
0 4634 4 phononTF 0.00128689 3.33251 -4.03961 -0.0360561 39556.3 0.00034743 1 0.0158926 -0.206472 0.05 53317
0 4692 2 phononTS 0.00285875 1.45392 -2.10551 0.00753449 308.747 0.00034743 1 0.0661232 -0.280889 0.05 20288.2
0 4711 2 phononTF 0.00193568 -0.438486 -0.534009 0.00293578 2655.76 0.00034743 1 -0.0307384 -0.244737 0.05 3487.63
0 4736 3 phononTS 0.00191096 1.69791 -2.25916 0.0115537 2796.72 0.00069486 1 0.0344295 -0.149631 0.05 3715.22
0 4744 3 phononL 0.00186194 1.26719 -1.27613 0.0384556 506.861 0.00069486 1 0.0453334 -0.110649 0.05 38669.1
0 4746 3 phononL 0.00262888 1.34737 -0.800349 0.0470533 4873.94 0.00069486 1 0.119752 -0.206664 0.05 6359.99
0 4756 3 phononTS 0.00204245 0.416945 -3.16888 -0.025503 4784.04 0.00069486 1 -0.08748 -0.212809 0.05 60728.9
0 4758 6 phononL 0.000383634 2.12342 0.00892116 0.049999 9420.74 0.00034743 1 0.072983 -0.265972 0.05 10772.2
0 4760 3 phononTF 0.00226013 2.22487 -1.76298 -0.00421574 2313.38 0.00034743 1 0.108703 -0.249031 0.05 21697.7
0 4768 2 phononTF 0.00148384 1.92755 -2.09914 0.0170041 3987.36 0.00069486 1 0.0974312 -0.192446 0.05 55952
0 4802 3 phononTF 0.00283524 0.0124387 -2.74807 -0.0496648 8272.03 0.00104229 1 -0.0683353 -0.233118 0.05 10713.6
0 4822 2 phononTF 0.0015148 2.37903 -0.919328 -0.0130332 3608.8 0.00034743 1 0.0598678 -0.106736 0.05 66529.2
0 4822 5 phononTS 0.000940192 0.0598678 -0.106736 0.049999 66529.2 0.00034743 1 -0.0807669 -0.230234 0.05 66624.4
0 4823 3 phononTS 0.00283408 0.717695 -2.47652 0.0301582 666.755 0.00104229 1 0.0614508 -0.19488 0.05 15778.9
0 4833 4 phononL 0.00098761 2.71819 -4.88464 -0.00599706 21908.1 0.00069486 1 0.0614695 -0.203629 0.05 115717
0 4834 2 phononTS 0.00209037 1.28846 -1.54019 -0.00870396 321.935 0.00069486 1 -0.0154119 -0.190033 0.05 1266.57
0 4834 4 phononTS 0.000355708 -0.0154119 -0.190033 0.049999 1266.57 0.00034743 1 -0.0567058 -0.226016 0.05 1331.15
0 4846 4 phononL 0.000615231 0.353882 0.0552131 0.049999 4739.55 0.00034743 1 -0.0104858 -0.20994 0.05 12407
0 4850 3 phononTS 0.00282661 1.2258 -1.60899 -0.0361498 144.234 0.00069486 1 -0.0476104 -0.107513 0.05 2393.26
0 4850 4 phononTF 0.000850347 -0.0476104 -0.107513 0.049999 2393.26 0.00069486 1 -0.0156752 -0.189532 0.05 2459.19
0 4860 3 phononTS 0.00226359 1.30888 -1.58057 -0.0391743 3752.74 0.00104229 1 0.0641152 -0.179562 0.05 5361.15
0 4860 9 phononTF 0.000350881 0.0641152 -0.179562 0.049999 5361.15 0.00034743 1 -0.0914758 -0.173576 0.05 5434.81
0 4864 2 phononTS 0.00170377 1.94718 -0.876612 -0.0486921 1507.55 0.00034743 1 -0.0872465 -0.245056 0.05 19422.3
0 4872 3 phononTS 0.00318899 0.442316 -0.520293 -0.00292241 8778.98 0.00069486 1 -0.0500534 -0.260318 0.05 9118.3
0 4886 1 phononL 0.004 1.25 -1.75 0 0 0.00069486 1 0.053196 -0.265893 0.05 6310.55
0 4895 2 phononL 0.00151774 0.768274 -1.79122 -0.0315603 2249.2 0.00069486 1 0.04929 -0.234159 0.05 24542.6
0 4897 3 phononTS 0.00218141 0.436836 -0.631634 -0.0285232 5358.18 0.00034743 1 0.0669619 -0.125496 0.05 64606.4
0 4915 2 phononTF 0.000450691 0.794678 -2.11059 0.000485096 2569.73 0.00034743 1 0.0973065 -0.2194 0.05 47697.3
0 4927 3 phononTS 0.00210023 0.660757 -0.473716 0.0446586 7594.93 0.00034743 1 -0.0553104 -0.209413 0.05 20521.2
0 4928 1 phononL 0.004 1.25 -1.75 0 0 0.00069486 1 -0.0673711 -0.272676 0.05 5222.95
0 4952 3 phononTS 0.00256852 1.44509 -2.38252 -0.00628151 501.374 0.00034743 1 -0.0279494 -0.280472 0.05 32871.4
0 4983 4 phononTS 0.00116767 2.97428 -3.47246 0.0264205 7361.53 0.00069486 1 0.0935479 -0.131384 0.05 95949.5
0 4986 3 phononTS 0.00235448 0.0317933 -1.77648 0.0308799 4125.75 0.00034743 1 -0.0331893 -0.146926 0.05 5076.69
0 4989 4 phononTS 0.000367091 0.722753 0.0774171 0.049999 10547.9 0.00034743 1 0.0758497 -0.132696 0.05 18891.5
