Run ID,Event ID,Track ID,Particle Name,Start Energy [eV],Start X [mm],Start Y [mm],Start Z [mm],Start Time [ns],Energy Deposited [eV],Track Weight,End X [mm],End Y [mm],End Z [mm],Final Time [ns],Volume Name
0 9 3 phononTS 0.00209094 -2.73153 -1.35087 -0.0308042 1087.04 0.00034743 1 -0.0286598 -0.241867 0.05 7434.71
0 9 4 phononL 0.000692008 -0.0286598 -0.241867 0.049999 7434.71 0.00034743 1 0.0761495 -0.191775 0.05 7484.47
0 20 2 phononL 0.00227342 -4.02592 0.729418 0.0404155 11719 0.00034743 1 0.0280846 -0.205225 0.05 24585.2
0 20 6 phononL 0.0010576 0.0280846 -0.205225 0.049999 24585.2 0.00034743 1 -0.105581 -0.246072 0.05 24676.5
0 35 2 phononTS 0.00140682 -2.73926 -1.77244 0.023744 6.35718 0.00034743 1 -0.0908771 -0.146331 0.05 15948.1
0 101 4 phononTS 0.000475419 0.294758 3.5776 -0.0203762 17210.1 0.00034743 1 -0.0845995 -0.19704 0.05 60092.4
0 122 4 phononL 0.00113283 -1.9291 -3.76251 0.00239658 5108.57 0.00034743 1 0.01788 -0.175391 0.05 55465.8
0 127 2 phononTF 0.00269328 -3.17656 -0.758629 0.0349431 8617.66 0.00069486 1 -0.0622867 -0.255493 0.05 85311
0 127 5 phononTF 0.000359468 -0.0622867 -0.255493 0.049999 85311 0.00034743 1 0.0608948 -0.267484 0.05 85387.3
0 219 4 phononTF 0.00247008 -2.14157 -2.35796 -0.0323401 11074.9 0.00034743 1 0.0284437 -0.125759 0.05 27245.4
0 260 5 phononTS 0.00200137 -3.3491 -2.97052 0.0116092 3578.1 0.00034743 1 -0.104999 -0.234727 0.05 31665.9
0 268 2 phononTF 0.00206334 -1.40217 -1.97796 -0.0315898 7244.72 0.00069486 1 -0.0671121 -0.195842 0.05 31843.9
0 332 5 phononTF 0.00132641 4.58624 3.24905 0.00572132 30100.1 0.00034743 1 -0.047937 -0.235989 0.05 135495
0 332 6 phononTF 0.000564641 -0.047937 -0.235989 0.049999 135495 0.00034743 1 0.0610104 -0.229845 0.05 135569
0 428 3 phononTF 0.00209849 -2.94788 -1.88447 -0.0468536 608.291 0.00034743 1 -0.0953491 -0.254106 0.05 45768.3
0 428 5 phononTF 0.000496302 -0.0953491 -0.254106 0.049999 45768.3 0.00034743 1 -0.0972626 -0.232726 0.05 45989.2
0 432 4 phononTS 0.000639867 -0.594618 0.0938447 0.049999 9731.55 0.00034743 1 0.0346531 -0.151602 0.05 70026.8
0 440 3 phononTS 0.00138347 -1.38162 -2.48355 0.0276441 3864.18 0.00034743 1 0.0930847 -0.221383 0.05 15543.3
0 446 4 phononTS 0.000629474 -2.23234 -4.52863 0.018499 24310.3 0.00034743 1 -0.0793522 -0.17911 0.05 46744.4
0 466 3 phononTF 0.00258355 -2.73428 -1.88963 0.0219753 237.46 0.00069486 1 -0.0739073 -0.130879 0.05 3774.07
0 515 2 phononTF 0.00172674 -2.83973 -0.500066 -0.0273535 5461.44 0.00034743 1 -0.0234298 -0.217028 0.05 12678.8
0 527 3 phononTS 0.00153638 -3.79475 -1.77883 -0.0413307 9258.37 0.00069486 1 0.0476889 -0.112024 0.05 53615.9
0 531 7 phononTS 0.000944477 -4.25479 -0.604912 0.00396002 35332.3 0.00034743 1 0.100969 -0.19541 0.05 44275.1
0 553 2 phononTF 0.00248516 -2.76152 -1.73162 -0.00992186 1742.97 0.00069486 1 0.0879261 -0.141455 0.05 5652.42
0 553 5 phononTF 0.000395515 0.0879261 -0.141455 0.049999 5652.42 0.00034743 1 0.057473 -0.167072 0.05 5727.79
0 562 3 phononTS 0.00235961 -4.47981 -1.95533 -0.00163391 11091.9 0.00034743 1 0.066248 -0.14053 0.05 16056.1
0 643 5 phononTS 0.00193545 -1.52452 -0.940504 -0.00821204 13360.8 0.00034743 1 -0.0511986 -0.247322 0.05 18205
0 663 3 phononTF 0.00172425 -1.3371 -0.976591 0.00692955 3504.5 0.00069486 1 -0.0627091 -0.150135 0.05 7392.91
0 673 3 phononTS 0.00139731 -3.04865 -2.90194 -0.00295413 2418.58 0.00034743 1 -0.0711511 -0.1391 0.05 24373.2
0 684 3 phononTS 0.0025135 -3.54805 2.72383 -0.036277 8762.48 0.00069486 1 -0.0385277 -0.295892 0.05 32894.9
0 747 3 phononTS 0.00137866 -2.83658 -1.27308 -0.0203034 412.567 0.00034743 1 -0.0245328 -0.19743 0.05 32447.9
0 749 2 phononTS 0.00206615 -2.51353 -2.02909 0.0184322 1239.66 0.00104229 1 0.0562299 -0.10115 0.05 25385
0 794 3 phononTF 0.00212514 -2.61511 -2.28637 -0.0152433 2823.38 0.00034743 1 -0.0225144 -0.173531 0.05 67155.3
0 831 4 phononTF 0.00157852 -3.22753 -0.239865 0.00923659 20426.1 0.00069486 1 -0.0273032 -0.256208 0.05 53847.8
0 840 3 phononTF 0.00141723 -2.29821 -1.08652 -0.0310934 2475.23 0.00034743 1 -0.0902984 -0.247002 0.05 12576.1
0 873 3 phononTF 0.00213581 -2.83917 -1.94549 0.00314008 42.2137 0.00104229 1 0.0415341 -0.232821 0.05 33436.8
0 873 4 phononTS 0.000369221 0.0415341 -0.232821 0.049999 33436.8 0.00034743 1 0.0560131 -0.210068 0.05 33498
0 896 4 phononL 0.00089757 -0.414625 0.0725875 0.049999 7346.54 0.00034743 1 -0.101059 -0.174102 0.05 13284.5
0 960 3 phononTF 0.00118234 -0.0170391 -0.581991 -0.0377955 13521.1 0.00034743 1 0.0284551 -0.2069 0.05 14660.9
0 967 2 phononTS 0.00245116 -2.76489 -1.70145 0.0243381 11442.3 0.00034743 1 -0.0702796 -0.123964 0.05 36762.6
0 967 4 phononL 0.000618114 -0.0702796 -0.123964 0.049999 36762.6 0.00034743 1 -0.0260905 -0.184047 0.05 53602
0 970 4 phononTS 0.000786573 -2.80939 -4.33497 -0.0356198 12864.5 0.00034743 1 0.0183954 -0.221962 0.05 33041.6
0 997 2 phononTF 0.00167141 -2.73791 -1.9233 0.0383703 3300.93 0.00034743 1 0.11586 -0.216561 0.05 5825.22
0 1020 2 phononTS 0.00131714 -2.1531 -1.41687 -0.0388388 472.083 0.00034743 1 0.0348952 -0.100841 0.05 19509.1
0 1040 6 phononL 0.0011654 1.67436 4.34557 -0.0133359 38298.2 0.00034743 1 -0.0729614 -0.136807 0.05 67080.8
0 1040 8 phononTF 0.000718258 -0.0729614 -0.136807 0.049999 67080.8 0.00034743 1 -0.0179057 -0.188632 0.05 99389.9
0 1051 3 phononTF 0.00108403 -1.66714 0.481795 0.0330384 19098.8 0.00034743 1 -0.110248 -0.172509 0.05 38264.9
0 1074 3 phononL 0.00178932 -3.7484 -2.60659 0.0115132 7338.29 0.00034743 1 0.0689187 -0.183123 0.05 24953.1
0 1106 2 phononTF 0.00187297 -2.68871 -1.73586 -0.0183661 29.9117 0.00034743 1 -0.0928788 -0.265019 0.05 29036.5
0 1236 2 phononTS 0.000929349 -2.84023 -1.81272 0.0385646 59.2976 0.00034743 1 -0.0711284 -0.177049 0.05 24338.3
0 1265 2 phononTS 0.00200818 -1.49764 2.38413 0.0229166 20573.9 0.00034743 1 -0.0332221 -0.110343 0.05 73669.6
0 1265 6 phononTS 0.000896659 -0.0332221 -0.110343 0.049999 73669.6 0.00069486 1 -0.0831267 -0.25886 0.05 74701.6
0 1270 4 phononTS 0.00118016 -1.90893 -4.93803 0.0399387 13150.1 0.00034743 1 -0.0629477 -0.181101 0.05 40669.1
0 1275 3 phononTF 0.00168359 -2.813 -1.84351 0.0381376 23.0857 0.00034743 1 -0.0674528 -0.215673 0.05 37155.4
0 1288 2 phononTS 0.00164935 -1.76269 -1.38895 -0.00581542 5388.19 0.00034743 1 -0.0878433 -0.275349 0.05 122214
0 1311 6 phononL 0.00103622 -0.253404 -4.91525 0.00878204 109962 0.00034743 1 0.0541203 -0.136941 0.05 135409
0 1356 3 phononTF 0.00132289 -1.77019 -0.9954 0.0335913 4162.85 0.00034743 1 -0.0307685 -0.129632 0.05 93212.9
0 1356 4 phononTS 0.000490449 -0.0307685 -0.129632 0.049999 93212.9 0.00034743 1 0.0823253 -0.241696 0.05 93486.7
0 1357 3 phononTF 0.00180093 -1.13768 -2.38748 -0.0250578 2925.07 0.00034743 1 -0.0551523 -0.202149 0.05 26978.7
0 1363 2 phononTS 0.00269719 -1.9082 -1.54029 -0.0109708 2786.08 0.00034743 1 0.0369816 -0.108006 0.05 12441.8
0 1409 3 phononTS 0.00124827 -2.54747 -1.69033 0.0391479 122.047 0.00034743 1 0.0402863 -0.245913 0.05 8220.88
0 1414 2 phononTS 0.00271537 -3.85033 -2.91714 -0.0079277 3117.89 0.00138972 1 0.0494375 -0.259102 0.05 14063.9
0 1415 3 phononTS 0.00218449 -1.4106 -1.90203 -0.0286438 4748.42 0.00034743 1 0.0501519 -0.145707 0.05 57630.7
0 1422 2 phononTF 0.000759411 -2.75364 -1.74027 0.0112572 2.85182 0.00034743 1 0.057375 -0.243241 0.05 44451.4
0 1465 6 phononTF 0.00105608 -1.63517 -2.58822 -0.0198734 12414.9 0.00034743 1 0.0400971 -0.16974 0.05 33784.3
0 1476 5 phononTS 0.00130287 -0.0367627 4.25884 0.0121943 24008 0.00034743 1 -0.0356114 -0.217658 0.05 75279.3
0 1503 3 phononTF 0.00206405 -3.12774 -1.27102 -0.00766181 1921.13 0.00034743 1 0.0908844 -0.16875 0.05 30468.4
0 1506 3 phononTF 0.0022907 -3.37294 -2.80404 -0.048907 3760.7 0.00069486 1 0.039499 -0.137776 0.05 14062.2
0 1512 3 phononTF 0.00244255 -2.6712 -1.7091 -0.0392394 21.011 0.00104229 1 -0.0901219 -0.160296 0.05 11383
0 1512 4 phononL 0.000400529 -0.0901219 -0.160296 0.049999 11383 0.00034743 1 -0.0694099 -0.210093 0.05 11608.1
0 1541 5 phononTF 0.00139748 1.25845 -3.23141 -0.00663621 83633.5 0.00034743 1 0.0442489 -0.252906 0.05 126831
0 1569 2 phononTF 0.00138707 -3.93444 -3.20641 -0.0407013 8927.02 0.00034743 1 -0.0547918 -0.207441 0.05 21260.5
0 1569 4 phononTS 0.00052364 -0.0547918 -0.207441 0.049999 21260.5 0.00034743 1 0.0367433 -0.161894 0.05 21446.8
0 1594 2 phononTF 0.0016359 -2.64793 -1.70408 0.00541964 769.224 0.00034743 1 -0.0455996 -0.144252 0.05 14565.1
0 1594 7 phononTF 0.000589343 -0.0455996 -0.144252 0.049999 14565.1 0.00034743 1 0.104304 -0.207721 0.05 14818
0 1594 6 phononTF 0.000621922 -0.0455996 -0.144252 0.049999 14565.1 0.00034743 1 -0.0843183 -0.143483 0.05 14624.9
0 1604 3 phononTF 0.00191547 -1.38107 -0.46071 0.032263 7179.44 0.00104229 1 -0.0435212 -0.179332 0.05 64395.4
0 1613 5 phononTF 0.000974066 -0.966906 -2.60657 -0.0284657 33025.8 0.00034743 1 0.0424707 -0.292704 0.05 50108.4
0 1636 2 phononTF 0.00240226 -0.131254 -1.48491 -0.0268292 18273.9 0.00069486 1 -0.0860858 -0.13333 0.05 22830.7
0 1636 5 phononTF 0.00122672 -0.0860858 -0.13333 0.049999 22830.7 0.00069486 1 -0.109804 -0.175108 0.05 22918.3
0 1670 2 phononTS 0.0024328 0.648 -2.52588 0.0423872 8503 0.00034743 1 -0.0389476 -0.24205 0.05 13988.7
0 1670 6 phononTS 0.000649551 -0.0389476 -0.24205 0.049999 13988.7 0.00034743 1 -0.0373773 -0.266582 0.05 14047.3
0 1690 2 phononTS 0.00232731 -3.95588 -2.108 0.0393589 3955.68 0.00104229 1 0.0495667 -0.300369 0.05 51541.5
0 1703 2 phononL 0.00187208 -2.8664 -2.31418 -0.035822 2072.13 0.00034743 1 0.0586798 -0.143898 0.05 39564.3
0 1712 3 phononTS 0.00167887 -2.15225 -0.940813 0.00857659 9714.46 0.00034743 1 0.081334 -0.180917 0.05 14468.2
0 1721 5 phononTF 0.00171542 1.3099 -4.0075 0.00393282 21506.1 0.00104229 1 0.103594 -0.219642 0.05 68874.8
0 1740 2 phononTF 0.00134849 -3.64349 -1.18255 0.0228474 1659.32 0.00034743 1 0.116212 -0.210996 0.05 40716
0 1740 6 phononTS 0.000688742 0.116212 -0.210996 0.049999 40716 0.00034743 1 0.0770973 -0.171516 0.05 41402.7
0 1748 3 phononTF 0.00168953 -3.10665 -1.79256 0.042016 794.582 0.00069486 1 0.0549361 -0.283113 0.05 15388.5
0 1749 3 phononTF 0.00152132 -2.80323 -1.86879 -0.0426132 828.555 0.00034743 1 -0.0455183 -0.203153 0.05 173259
0 1770 4 phononTS 0.00123934 -4.89888 -2.9585 -0.00891253 16295 0.00034743 1 -0.0608144 -0.14058 0.05 22279.2
0 1794 2 phononTS 0.00208688 -2.2529 -2.76996 0.0468333 3681.51 0.00069486 1 -0.075398 -0.24087 0.05 75368.4
0 1820 2 phononL 0.00112076 -2.56623 -1.59021 -0.0457087 7981.23 0.00069486 1 -0.0412027 -0.158057 0.05 37447.9
0 1846 3 phononL 0.00175429 -4.02605 -1.57198 0.00433786 7482.28 0.00034743 1 0.089771 -0.273864 0.05 59835.7
0 1879 3 phononTS 0.00195165 -2.82766 -1.48519 -0.00767038 2891.07 0.00034743 1 -0.0543063 -0.203572 0.05 12246.8
0 1919 3 phononTS 0.00212007 -1.76204 -3.84382 -0.027784 5573.57 0.00034743 1 -0.0755647 -0.123934 0.05 61940.2
0 1923 3 phononTS 0.00199306 -2.81425 -1.95804 -0.014385 291.053 0.00069486 1 0.014677 -0.211338 0.05 3497.15
0 1946 5 phononL 0.000968688 -0.726684 -0.697401 -0.00642759 11504.3 0.00034743 1 -0.0736154 -0.191326 0.05 15106.1
0 1954 3 phononTS 0.00234955 -4.31259 -2.45356 0.0395055 7355.84 0.00104229 1 0.0361703 -0.218859 0.05 24189.1
0 1975 2 phononTS 0.00273824 -2.99169 -1.0776 0.0457123 2005.14 0.00034743 1 -0.0309659 -0.0942782 0.05 14284.3
0 1975 6 phononTS 0.000840617 -0.0309659 -0.0942782 0.049999 14284.3 0.00034743 1 0.0870305 -0.234804 0.05 14656.5
0 1982 3 phononL 0.00167508 -4.35275 -1.35013 -0.0341378 4429.91 0.00034743 1 -0.0543171 -0.261701 0.05 14841
0 2000 1 phononTS 0.004 -2.75 -1.75 0 0 0.00034743 1 -0.0110149 -0.194731 0.05 15069.8
0 2011 2 phononTF 0.00224017 -3.47438 -0.242176 -0.00609206 5351.43 0.00034743 1 -0.0341092 -0.110653 0.05 28584.5
0 2021 2 phononL 0.00207833 -2.86939 -1.06001 0.0341875 2816.38 0.00034743 1 -0.0661458 -0.145382 0.05 8223.56
0 2037 3 phononTF 0.00144205 -3.41528 -0.346165 -0.00932454 5354.93 0.00069486 1 -0.0426896 -0.0968422 0.05 60195.8
0 2040 5 phononTF 0.000636955 -2.28269 -4.93916 0.0336407 36399.9 0.00034743 1 -0.0361385 -0.222625 0.05 49363.5
0 2066 4 phononTS 0.00150747 -4.97583 -1.79892 0.00156671 11456.8 0.00034743 1 0.0577465 -0.160137 0.05 27385.5
0 2069 3 phononTF 0.00229604 -2.90889 -1.82952 0.0121277 2605.79 0.00104229 1 -0.0750353 -0.127629 0.05 7593.22
0 2114 2 phononTS 0.00185578 -2.85519 -2.01512 0.0482338 2269.15 0.00069486 1 0.109341 -0.161826 0.05 10366.3
0 2126 2 phononTS 0.000792217 -3.33154 -1.69319 -0.0441528 360.894 0.00034743 1 0.0444688 -0.138764 0.05 25512.4
0 2148 4 phononTF 0.000831247 0.0217261 -0.431198 0.0455903 19444 0.00034743 1 0.0478064 -0.172376 0.05 20985.9
0 2149 2 phononL 0.00227926 -2.90453 -1.53848 -0.00622015 320.033 0.00069486 1 -0.118334 -0.176722 0.05 67933.1
0 2171 2 phononL 0.00135021 -2.44703 -1.52413 -0.0132103 2233.63 0.00069486 1 -0.0136515 -0.211488 0.05 7496.4
0 2172 2 phononTS 0.00247864 -1.93486 -1.49081 0.00634173 1111.28 0.00034743 1 0.062436 -0.222461 0.05 15465.9
0 2172 7 phononL 0.00142798 0.062436 -0.222461 0.049999 15465.9 0.00069486 1 0.0734447 -0.200728 0.05 15590.5
0 2183 2 phononTF 0.00253253 -3.82649 -1.03997 -0.0388761 2192.6 0.00034743 1 -0.0968823 -0.237669 0.05 21520
0 2214 3 phononTF 0.00236511 -3.09668 -1.60065 0.0169682 572.13 0.00069486 1 0.0589385 -0.233605 0.05 20259
0 2224 2 phononL 0.00197764 -2.99524 -1.35333 -0.0379401 1904.64 0.00034743 1 -0.0533657 -0.292983 0.05 35402.3
0 2228 3 phononL 0.00276326 -3.20944 -1.5946 -0.0158849 18920 0.00069486 1 0.06228 -0.256701 0.05 23695.2
0 2228 5 phononTS 0.000512563 0.06228 -0.256701 0.049999 23695.2 0.00034743 1 0.0531542 -0.276338 0.05 23881.1
0 2237 5 phononTS 0.00162754 -1.44853 0.354149 0.0376643 53075.3 0.00034743 1 0.0829625 -0.201166 0.05 59451.6
0 2265 3 phononTS 0.00243041 -2.46448 -1.08731 -0.0025674 726.45 0.00069486 1 -0.0440716 -0.200044 0.05 62105
0 2274 2 phononTF 0.00156777 -2.5554 -0.804135 0.0106104 1738.24 0.00069486 1 0.054724 -0.263034 0.05 9574.6
0 2279 3 phononTS 0.00216756 -2.72498 -1.29544 0.045986 2292.97 0.00069486 1 -0.0678312 -0.293134 0.05 10669.9
0 2291 3 phononTF 0.00202711 -2.71963 -1.73088 0.00624738 6.94166 0.00069486 1 0.0578883 -0.129774 0.05 90101
0 2291 7 phononTS 0.000911318 0.0578883 -0.129774 0.049999 90101 0.00034743 1 0.0644647 -0.135554 0.05 90157.7
0 2370 2 phononTF 0.00146792 -3.0815 -1.91931 0.0259166 4108.22 0.00069486 1 0.0453557 -0.29531 0.05 31498.2
0 2409 3 phononTS 0.00274356 -1.77974 -1.01387 -0.047452 6734.99 0.00104229 1 0.113183 -0.200622 0.05 23265.2
0 2413 3 phononTF 0.00238207 -1.47251 -4.48159 -0.0170139 16707.6 0.00034743 1 0.0397333 -0.0962755 0.05 22200.3
0 2413 5 phononL 0.00193066 0.0397333 -0.0962755 0.049999 22200.3 0.00034743 1 -0.0356598 -0.151085 0.05 25231.5
0 2413 8 phononTS 0.00103688 -0.0356598 -0.151085 0.049999 25231.5 0.00034743 1 0.107844 -0.180736 0.05 104503
0 2413 16 phononL 0.00040213 0.107844 -0.180736 0.049999 104503 0.00034743 1 -0.0555599 -0.251217 0.05 104920
0 2421 2 phononTS 0.00241621 -2.99742 -1.74575 0.0308989 2005.55 0.00069486 1 -0.036794 -0.241033 0.05 8078.46
0 2435 3 phononTS 0.00254628 -1.2891 -2.71277 0.00603413 6284.47 0.00034743 1 0.0572744 -0.175128 0.05 23920
0 2438 2 phononTF 0.00134652 -1.10531 -2.93218 -0.0200598 5778.15 0.00069486 1 0.0219144 -0.151434 0.05 21321.9
0 2480 2 phononL 0.0025172 -4.55829 0.923722 5.41229e-05 8205.48 0.00104229 1 -0.10698 -0.21071 0.05 61632.3
0 2504 3 phononTF 0.00134013 -2.98168 -1.91491 -0.0241039 4712.61 0.00034743 1 0.0893812 -0.235869 0.05 22797.4
0 2556 3 phononTF 0.00251594 -2.46635 -0.841834 0.0146762 2373.09 0.00104229 1 0.0995301 -0.156222 0.05 16126.6
0 2556 14 phononL 0.000582653 0.0995301 -0.156222 0.049999 16126.6 0.00034743 1 -0.0557148 -0.180268 0.05 19625.3
0 2556 2 phononTF 0.00148406 -2.46635 -0.841834 0.0146762 2373.09 0.00034743 1 0.100676 -0.254112 0.05 40720.9
0 2595 2 phononTS 0.00165957 -2.50075 -1.53338 -0.0160261 216.481 0.00034743 1 -0.0764706 -0.217176 0.05 105696
0 2595 4 phononTF 0.000566924 -0.0764706 -0.217176 0.049999 105696 0.00034743 1 -0.0378451 -0.226098 0.05 105760
0 2598 7 phononTS 0.000984667 2.63898 -4.58274 0.0397337 11721.3 0.00069486 1 -0.0558858 -0.190138 0.05 32074
0 2632 2 phononTS 0.00237717 -2.20896 -2.01962 0.00300215 4305.51 0.00069486 1 0.0590467 -0.266892 0.05 9071.1
0 2632 8 phononL 0.000436121 0.0590467 -0.266892 0.049999 9071.1 0.00034743 1 -0.0264054 -0.130301 0.05 9222.02
0 2656 3 phononTF 0.00166136 -3.06514 -2.57231 -0.00123178 1056.33 0.00069486 1 -0.106803 -0.240127 0.05 26637.1
0 2661 2 phononTS 0.00254848 -2.81139 -1.67497 -0.0223993 24010.6 0.00069486 1 -0.0345337 -0.275424 0.05 80061.7
0 2678 2 phononL 0.0015295 -2.49843 -2.04706 0.0493497 4934.57 0.00034743 1 -0.0651186 -0.226115 0.05 39313.8
0 2680 3 phononTS 0.00230893 -0.282746 -2.75814 -0.00222236 11019.2 0.00104229 1 0.0377321 -0.294352 0.05 32070.5
0 2680 7 phononTS 0.000594116 0.0377321 -0.294352 0.049998 32070.5 0.00034743 1 0.0341392 -0.241582 0.05 32137.9
0 2684 3 phononTF 0.0027157 -2.1628 -2.11936 -0.0324801 4507.58 0.00034743 1 0.0341297 -0.173303 0.05 50718.4
0 2685 5 phononTF 0.00148588 -3.82003 -4.41403 0.00917261 6009.07 0.00069486 1 0.0236693 -0.126279 0.05 104123
0 2724 3 phononTS 0.0019263 -2.93803 -1.63181 0.0153105 1406.8 0.00069486 1 0.0154886 -0.22179 0.05 29894.1
0 2730 3 phononTS 0.00185766 -2.84521 -3.69753 0.0378477 7567.6 0.00069486 1 0.0356435 -0.152183 0.05 51665.8
0 2820 3 phononTF 0.00228874 -1.49708 -1.67507 0.0427243 8597.56 0.00034743 1 0.0946746 -0.154371 0.05 10739.5
0 2820 4 phononL 0.000545861 0.0946746 -0.154371 0.049999 10739.5 0.00034743 1 0.0213149 -0.223553 0.05 11649.1
0 2858 5 phononL 0.00138259 -1.5865 -2.02114 -0.000697961 14401.7 0.00034743 1 0.0302537 -0.115869 0.05 16977.6
0 2881 3 phononTF 0.00153288 -2.9344 -2.3199 -0.0227235 2760.86 0.00034743 1 -0.109389 -0.163323 0.05 5984.4
0 2924 2 phononTS 0.00187517 -2.96115 -1.92362 -0.0122655 3499.27 0.00069486 1 -0.0258881 -0.266101 0.05 28194.7
0 2948 2 phononTS 0.00121572 -4.80708 -1.5082 0.0121282 7617.43 0.00034743 1 0.0594658 -0.255943 0.05 20826.9
0 2948 5 phononTF 0.000680796 0.0594658 -0.255943 0.049999 20826.9 0.00034743 1 0.0307379 -0.133445 0.05 21399.8
0 2975 3 phononTS 0.00195858 -3.14725 -1.65025 0.000252122 2212.75 0.00069486 1 -0.0639923 -0.188773 0.05 36445.1
0 2989 2 phononL 0.00220254 -2.95623 -2.13205 0.0175348 572.949 0.00034743 1 0.0522032 -0.112336 0.05 11970.2
0 2989 7 phononTS 0.000892651 0.0522032 -0.112336 0.049999 11970.2 0.00034743 1 0.101012 -0.14723 0.05 12050.2
0 2994 5 phononTF 0.00185272 -2.62113 -1.72736 -0.0376224 547.422 0.00034743 1 -0.0945449 -0.270295 0.05 65322.3
0 2994 6 phononTF 0.000626511 -0.0945449 -0.270295 0.049999 65322.3 0.00034743 1 0.0299869 -0.227675 0.05 65948.3
0 3024 3 phononTS 0.00211524 -2.97252 -0.20554 -0.0464459 8039.83 0.00034743 1 0.0401812 -0.1115 0.05 14265.4
0 3077 3 phononTF 0.00224244 -0.496681 -1.47015 -0.0106103 7573.17 0.00104229 1 0.0815381 -0.277742 0.05 108592
0 3077 13 phononTS 0.000380367 0.0815381 -0.277742 0.049999 108592 0.00034743 1 0.0818995 -0.236402 0.05 108728
0 3083 5 phononL 0.00211626 -1.52588 -2.11874 0.0285481 18274.5 0.00034743 1 -0.0400874 -0.258455 0.05 73239.2
0 3083 6 phononTF 0.00156278 -0.0400874 -0.258455 0.049998 73239.2 0.00034743 1 -0.0430087 -0.222056 0.05 73299
0 3083 14 phononL 0.00036288 -0.0430087 -0.222056 0.049998 73299 0.00034743 1 0.0680908 -0.112507 0.05 73361.3
0 3094 3 phononL 0.00183174 -1.94148 -0.301295 0.0366497 5529.27 0.00104229 1 -0.0158874 -0.174432 0.05 65653
0 3104 3 phononTF 0.00296374 -2.74755 -1.70655 0.0354994 789.298 0.00034743 1 -0.0324117 -0.236295 0.05 9102.72
0 3104 5 phononTS 0.000503735 -0.0324117 -0.236295 0.049999 9102.72 0.00034743 1 0.0439034 -0.115255 0.05 9383.8
0 3133 3 phononTS 0.00234126 -3.50521 -2.2444 -0.0159401 1920.35 0.00069486 1 -0.0597685 -0.14331 0.05 18230.5
0 3177 3 phononTF 0.0019216 -1.73334 -0.84609 0.036974 2014.27 0.00034743 1 -0.0489728 -0.142257 0.05 109807
0 3219 2 phononTF 0.00242392 -4.4408 -2.817 0.0434415 12521.5 0.00069486 1 -0.0483264 -0.270981 0.05 41315.5
0 3219 9 phononTS 0.000374287 -0.0483264 -0.270981 0.049999 41315.5 0.00034743 1 -0.0476815 -0.120029 0.05 41457.4
0 3219 4 phononTF 0.000641076 -0.0483264 -0.270981 0.049999 41315.5 0.00034743 1 0.0672606 -0.273431 0.05 41385.4
0 3290 4 phononTS 0.00151108 -3.74313 -3.04126 0.0138676 39665.4 0.00069486 1 -0.0403919 -0.19808 0.05 50305.9
0 3312 2 phononTF 0.00218495 -2.72208 -1.46921 0.000928476 118.188 0.00034743 1 0.0413307 -0.108917 0.05 2183.3
0 3312 6 phononL 0.00155701 0.0413307 -0.108917 0.049999 2183.3 0.00034743 1 0.0727533 -0.170785 0.05 2382.49
0 3327 2 phononTF 0.00196056 -2.60027 -1.88918 -0.0354323 114.171 0.00034743 1 -0.109074 -0.245955 0.05 15071.5
0 3343 3 phononTF 0.00136224 -1.95 -0.491228 -0.0495431 6424.29 0.00034743 1 0.0968173 -0.225101 0.05 34291.8
0 3370 2 phononTF 0.00105808 -3.81863 -1.19011 0.0220283 9984.59 0.00034743 1 -0.0511153 -0.146115 0.05 17550.3
0 3425 5 phononL 0.00118176 -1.94064 -1.64047 -0.0445564 2553.69 0.00034743 1 -0.0303281 -0.24968 0.05 75187
0 3428 3 phononL 0.00180432 -4.50242 -0.659626 0.0317006 5109.1 0.00069486 1 0.0574854 -0.232107 0.05 10147.3
0 3428 4 phononTS 0.00076618 0.0574854 -0.232107 0.049999 10147.3 0.00034743 1 0.0590871 -0.215447 0.05 10263.6
0 3450 3 phononL 0.00218996 -0.328348 -1.4619 -0.00569622 6739.08 0.00069486 1 0.026066 -0.123214 0.05 33022.2
0 3487 3 phononTS 0.002427 -3.59003 -1.337 0.0489121 5867.04 0.00069486 1 0.0378764 -0.233455 0.05 42605.7
0 3492 3 phononTF 0.00242287 -2.35637 -1.26112 0.0167242 524.608 0.00069486 1 0.103728 -0.162391 0.05 3057.03
0 3506 3 phononTS 0.00207987 -3.74821 0.583882 -0.0479677 8883.05 0.00034743 1 0.0709051 -0.190406 0.05 18257.2
0 3515 3 phononTF 0.000789917 -3.23076 -2.81628 -0.00429321 12582 0.00034743 1 0.0852198 -0.182172 0.05 95283.1
0 3524 2 phononTS 0.00108426 -2.64659 -1.76224 -0.0285855 73.5981 0.00034743 1 -0.117414 -0.183167 0.05 3731.94
0 3528 2 phononTF 0.00166751 -2.17515 -1.01938 -0.0275792 10428.6 0.00034743 1 -0.043915 -0.280345 0.05 78457.7
0 3528 8 phononTS 0.000525537 -0.043915 -0.280345 0.049999 78457.7 0.00034743 1 -0.0979142 -0.245161 0.05 82408.9
0 3528 6 phononTS 0.000687798 -0.043915 -0.280345 0.049999 78457.7 0.00034743 1 -0.0723941 -0.281355 0.05 78517
0 3534 2 phononTS 0.00256428 -1.90796 -0.990964 -0.0283292 2334.38 0.00034743 1 0.0692749 -0.249002 0.05 26143
0 3534 5 phononTS 0.000674071 0.0692749 -0.249002 0.049999 26143 0.00034743 1 0.0929404 -0.248306 0.05 26203.5
0 3558 2 phononTS 0.00172273 -3.53108 -1.00189 -0.00747077 1623.73 0.00069486 1 -0.0871051 -0.254128 0.05 24650.5
0 3578 3 phononTF 0.0026622 -3.16132 -4.99521 0.0344324 16804 0.00069486 1 -0.0737068 -0.287902 0.05 27488.4
0 3599 2 phononTS 0.00118818 -3.9277 -3.02145 0.0336245 6776.24 0.00034743 1 -0.11368 -0.169533 0.05 23226.2
0 3599 6 phononTS 0.000399105 -0.11368 -0.169533 0.049999 23226.2 0.00034743 1 -0.0569252 -0.195481 0.05 23405.7
0 3602 2 phononL 0.00125061 -1.97046 -1.35493 -0.0173712 831.737 0.00034743 1 0.0240159 -0.163856 0.05 13109.8
0 3615 2 phononTS 0.00192848 -2.2426 -1.87703 0.0044999 1063.33 0.00034743 1 0.0208616 -0.156441 0.05 8281.01
0 3624 3 phononTS 0.00100449 -2.45601 -3.14899 0.00921829 9427.17 0.00069486 1 -0.0187598 -0.215387 0.05 120490
0 3643 5 phononTS 0.00155019 -1.81476 -2.92788 -0.0272889 7009.27 0.00069486 1 -0.116044 -0.210001 0.05 38337.5
0 3713 4 phononTS 0.00143367 1.30622 0.702197 0.0407564 29965.4 0.00034743 1 -0.0466578 -0.261387 0.05 31438
0 3713 9 phononL 0.000364347 -0.0466578 -0.261387 0.049999 31438 0.00034743 1 0.105846 -0.188189 0.05 35508.1
0 3725 3 phononTS 0.00170178 -2.48178 -1.18734 -0.0315642 626.014 0.00034743 1 -0.0659757 -0.227571 0.05 5630.97
0 3734 4 phononTS 0.000789515 -4.8518 -0.00837597 0.049999 14206 0.00034743 1 -0.0990301 -0.196405 0.05 35900.2
0 3791 3 phononL 0.00141493 -1.35604 -1.10901 -0.00566965 5929.37 0.00069486 1 0.0719984 -0.187511 0.05 9155.48
0 3824 2 phononTS 0.00143182 -3.15462 -2.04042 0.0231683 2523.48 0.00034743 1 0.0695301 -0.273938 0.05 9018.8
0 3840 3 phononTS 0.0015253 -2.72547 -0.278419 0.0472401 8234.86 0.00034743 1 0.0451631 -0.214901 0.05 42111.9
0 3840 6 phononTS 0.000746855 0.0451631 -0.214901 0.049999 42111.9 0.00034743 1 0.0400458 -0.239413 0.05 42168.2
0 3842 5 phononTS 0.000976385 -4.31321 -2.20259 -0.000243271 7175.2 0.00034743 1 0.0362629 -0.238395 0.05 70708.2
0 3847 2 phononTS 0.001471 -2.67664 -1.69523 -0.011829 903.22 0.00069486 1 -0.0468302 -0.298248 0.05 13875.2
0 3852 2 phononTS 0.00187963 -3.34997 -1.42566 0.0285147 2302.5 0.00034743 1 0.0193829 -0.185245 0.05 13384.5
0 3862 2 phononL 0.00241177 -4.25272 -1.69429 0.000942956 7719.24 0.00034743 1 0.0285432 -0.291031 0.05 29445.2
0 3862 6 phononTS 0.00110126 0.0285432 -0.291031 0.049998 29445.2 0.00034743 1 -0.0665632 -0.179076 0.05 29579.8
0 3870 2 phononTF 0.00217797 -3.01666 -1.86911 0.0296097 985.869 0.00069486 1 0.0525918 -0.262149 0.05 14699.1
0 3870 8 phononTF 0.000747729 0.0525918 -0.262149 0.049999 14699.1 0.00034743 1 0.0492321 -0.145717 0.05 14778.7
0 3880 2 phononTS 0.00174109 -3.32929 -1.32119 0.00617616 1458.13 0.00034743 1 0.0820092 -0.280508 0.05 32188.7
0 3888 4 phononTS 0.0014779 -1.6282 -0.423079 -0.00164536 36427.6 0.00034743 1 -0.0410322 -0.237124 0.05 47288.1
0 3903 2 phononTS 0.00235038 -1.13765 0.210165 -0.0392476 9354.81 0.00104229 1 0.0678697 -0.184613 0.05 30596.6
0 3903 8 phononTF 0.000436205 0.0678697 -0.184613 0.049999 30596.6 0.00034743 1 0.103365 -0.160999 0.05 30732.3
0 3930 2 phononTS 0.00283993 -1.41271 -2.25521 -0.0166801 2277.65 0.00034743 1 0.0747446 -0.155882 0.05 25352.7
0 3932 3 phononL 0.00210929 -2.34898 -3.44029 -0.0191704 19755.4 0.00138972 1 -0.0369357 -0.279817 0.05 103025
0 3964 2 phononTS 0.000864034 -3.48821 0.0976115 0.049999 12861.1 0.00034743 1 0.0831156 -0.136006 0.05 19161.1
0 3998 2 phononL 0.00149593 -2.46075 -1.64713 -0.019965 10641.6 0.00069486 1 0.0351404 -0.207971 0.05 26763.9
0 4006 2 phononTS 0.00153573 -2.2185 -1.42374 0.0134078 1044.94 0.00034743 1 0.0621878 -0.126434 0.05 24227.8
0 4006 4 phononTF 0.000676452 0.0621878 -0.126434 0.049999 24227.8 0.00034743 1 -0.0347646 -0.173991 0.05 24307.9
0 4027 7 phononTS 0.000947746 0.52578 4.81688 0.0249759 104596 0.00034743 1 0.102296 -0.227194 0.05 117043
0 4036 2 phononTS 0.00221534 -1.44319 -1.95203 0.0121097 7275.61 0.00034743 1 -0.0719848 -0.115896 0.05 27430.8
0 4047 3 phononTF 0.00165019 -0.82554 -3.65388 -0.0278224 10628.9 0.00069486 1 -0.0268881 -0.127948 0.05 33906.9
0 4092 5 phononTS 0.00165142 -3.15692 -1.78606 -0.0416203 4754.25 0.00034743 1 0.044732 -0.241899 0.05 49643.1
0 4115 5 phononTS 0.00150169 -2.95049 -0.979197 0.0277198 7679.14 0.00069486 1 0.0481441 -0.196609 0.05 20753.4
0 4133 3 phononL 0.00198695 -1.74995 -2.49294 0.00711019 1368.95 0.00069486 1 -0.0841076 -0.182182 0.05 30844.9
0 4153 3 phononTF 0.00155327 -1.63978 -1.22602 0.0361027 1851.37 0.00069486 1 -0.111612 -0.213293 0.05 22783.9
0 4153 6 phononTS 0.000415248 -0.111612 -0.213293 0.049999 22783.9 0.00034743 1 -0.0792824 -0.227857 0.05 22846.7
0 4157 3 phononTS 0.00224669 0.298028 -1.14465 0.0233957 7374.18 0.00069486 1 0.045997 -0.106298 0.05 15177.6
0 4200 2 phononTS 0.0014082 -0.0814459 -2.75467 0.00917228 24380 0.00034743 1 0.0510857 -0.148013 0.05 33057.9
0 4234 3 phononTS 0.00136627 -2.32764 -0.925069 0.0183245 3007.39 0.00034743 1 -0.108124 -0.208706 0.05 55231.3
0 4262 3 phononTF 0.00186836 -2.52256 -1.57967 0.0175668 1443.07 0.00034743 1 -0.0371645 -0.20902 0.05 10127
0 4262 4 phononL 0.00110973 -0.0371645 -0.20902 0.049999 10127 0.00034743 1 -0.0503443 -0.231855 0.05 10193.5
0 4282 2 phononTS 0.00169876 -0.464955 0.45668 -0.0260859 4849.8 0.00034743 1 0.0353825 -0.174367 0.05 40904.5
0 4331 2 phononTS 0.0015425 -2.77103 -1.72177 0.0260381 81.9685 0.00034743 1 -0.0257772 -0.259329 0.05 70428.8
0 4371 2 phononTS 0.000774701 -3.03739 -1.78946 0.00312054 1217.19 0.00034743 1 -0.104686 -0.241841 0.05 30183.6
0 4371 4 phononL 0.000410422 -0.104686 -0.241841 0.049999 30183.6 0.00034743 1 -0.0581962 -0.184166 0.05 30285.5
0 4373 3 phononTF 0.00251879 -0.12172 -2.90837 0.0380983 19421.1 0.00069486 1 0.0710279 -0.171096 0.05 25284.5
0 4373 4 phononTF 0.00053121 0.0710279 -0.171096 0.049999 25284.5 0.00034743 1 0.108284 -0.191433 0.05 25348.6
0 4381 3 phononTS 0.00224986 -2.47654 -1.62711 0.0330656 729.124 0.00069486 1 -0.0571883 -0.23049 0.05 2231.76
0 4381 7 phononTF 0.000629396 -0.0571883 -0.23049 0.049999 2231.76 0.00034743 1 -0.0587332 -0.127429 0.05 2298.75
0 4384 2 phononL 0.00150017 -4.02326 -0.648509 0.0463072 4143.24 0.00069486 1 -0.0908257 -0.163585 0.05 23799.2
0 4414 5 phononTF 0.00105281 -2.7394 -3.20234 0.0232767 18790.6 0.00034743 1 -0.118617 -0.17811 0.05 25557.6
0 4418 3 phononTF 0.0020793 -2.40315 -1.97874 0.0141209 395.174 0.00034743 1 -0.0924924 -0.198899 0.05 12906.1
0 4427 2 phononTF 0.000413002 -3.12579 0.0210437 0.049999 8841.01 0.00034743 1 -0.0196527 -0.185004 0.05 61948.2
0 4443 2 phononTF 0.00244397 -2.89417 -0.483242 -0.00324713 3834.4 0.00034743 1 0.0152162 -0.200489 0.05 37495.4
0 4443 7 phononTF 0.000371221 0.0152162 -0.200489 0.049999 37495.4 0.00034743 1 -0.0765417 -0.266261 0.05 37745.4
0 4446 5 phononTS 0.000636578 -2.93813 -0.662779 0.0165413 21240.6 0.00034743 1 0.0615384 -0.209126 0.05 24004.6
0 4475 2 phononL 0.00215814 -2.47409 -2.78924 -0.0457978 6408.58 0.00034743 1 0.115117 -0.173428 0.05 67315.4
0 4500 3 phononTF 0.000626954 2.46353 0.019977 0.049999 20344.2 0.00034743 1 0.0390684 -0.227698 0.05 33519.5
0 4508 3 phononTF 0.00162585 -4.06384 -1.96805 0.0337491 10866.9 0.00034743 1 -0.0999885 -0.247025 0.05 18825.7
0 4508 5 phononTF 0.00101985 -0.0999885 -0.247025 0.049999 18825.7 0.00034743 1 -0.0777359 -0.248347 0.05 19031.4
0 4512 3 phononTF 0.00240403 -3.16794 -1.54066 -0.0241505 1003.09 0.00034743 1 0.112238 -0.198191 0.05 10274.6
0 4518 2 phononTS 0.00207978 -2.93298 -1.89344 -0.00593223 1422.71 0.00069486 1 -0.0413585 -0.122117 0.05 33738.2
0 4563 5 phononTS 0.0018578 2.00054 1.04145 -0.042216 30979.5 0.00034743 1 -0.0395074 -0.112221 0.05 37743.9
0 4567 3 phononTS 0.00269409 -2.58217 -0.809946 0.0325297 18944.5 0.00069486 1 0.0259338 -0.126296 0.05 64782.2
0 4594 2 phononTS 0.00149587 -1.58115 -1.12178 0.0277897 4277.77 0.00069486 1 -0.0921579 -0.189611 0.05 9868.7
0 4609 2 phononTS 0.00189647 0.706806 -0.271632 -0.0426048 13734.5 0.00069486 1 0.0810244 -0.203392 0.05 14241.4
0 4684 3 phononTF 0.00146383 -2.76566 -1.66954 0.0428333 57.8895 0.00034743 1 0.0419126 -0.196721 0.05 19653.7
0 4722 5 phononTS 0.00169142 -1.95936 -4.07175 0.0224084 24516 0.00069486 1 -0.0967245 -0.179768 0.05 55244.3
0 4726 2 phononTF 0.00138268 -2.48905 -2.15976 0.0341142 4381.76 0.00034743 1 0.0166594 -0.162579 0.05 16721.3
0 4771 2 phononTS 0.000912248 -2.60979 -1.86134 -0.0138603 249.711 0.00034743 1 0.116036 -0.219984 0.05 3301.5
0 4779 2 phononTF 0.0021267 -3.26164 -0.634051 0.0163304 2012.57 0.00034743 1 0.0851398 -0.221264 0.05 14885.5
0 4844 2 phononTS 0.00181599 -2.29035 -0.890831 -0.0424941 2870.31 0.00034743 1 -0.0572597 -0.22839 0.05 24965.6
0 4844 7 phononL 0.000704235 -0.0572597 -0.22839 0.049999 24965.6 0.00034743 1 0.111369 -0.229232 0.05 25086.8
0 4871 2 phononTS 0.0017449 -1.84468 -1.9505 0.0274718 1953.66 0.00034743 1 0.0314885 -0.094957 0.05 7679.54
0 4872 2 phononTS 0.00189957 -2.79881 -2.29776 0.0478575 6932 0.00034743 1 -0.0348026 -0.197678 0.05 97332.2
0 4884 3 phononTS 0.00232598 -2.96663 -1.01012 -0.0121837 1125.6 0.00104229 1 -0.0261553 -0.271143 0.05 8185.48
0 4892 5 phononTS 0.00110507 -0.73691 -4.45896 0.0208921 4436.1 0.00034743 1 -0.0628815 -0.290016 0.05 82635.5
0 4897 2 phononTF 0.00170458 -4.75794 -2.0122 -0.0427065 15545.1 0.00034743 1 0.0264467 -0.177494 0.05 59886.3
0 4909 3 phononTF 0.00151578 -2.21842 -1.29069 -0.0179542 977.455 0.00104229 1 -0.0202774 -0.257862 0.05 25919.5
0 4919 2 phononTS 0.00177035 -1.35199 -1.59274 0.0200412 1346.02 0.00034743 1 0.0985306 -0.188468 0.05 7640
0 4984 2 phononL 0.00162436 -2.52708 -1.50025 0.0399805 6078.9 0.00104229 1 0.058052 -0.158123 0.05 14283
