Run ID,Event ID,Track ID,Particle Name,Start Energy [eV],Start X [mm],Start Y [mm],Start Z [mm],Start Time [ns],Energy Deposited [eV],Track Weight,End X [mm],End Y [mm],End Z [mm],Final Time [ns],Volume Name
0 14 3 phononTF 0.00195607 2.97176 -2.17235 -0.0125889 5961.72 0.00069486 1 0.100391 -0.236442 0.05 23374.9
0 17 2 phononTS 0.00148864 4.05485 -3.55349 0.0487073 1757.86 0.00069486 1 0.0591069 -0.126722 0.05 62551.9
0 19 5 phononL 0.000789514 -3.5423 -4.10727 -0.0337333 56929.8 0.00069486 1 0.0800994 -0.145789 0.05 84962.8
0 19 2 phononTF 0.00199953 4.98142 -2.16046 0.00896139 2381.63 0.00104229 1 -0.0831189 -0.231969 0.05 13752.6
0 43 2 phononL 0.0019883 4.46339 -4.31533 -0.00574817 1702.75 0.00069486 1 0.0453106 -0.287693 0.05 13622.4
0 72 2 phononL 0.00202535 3.55531 -3.12938 0.0416649 1157.22 0.00069486 1 0.0225654 -0.219183 0.05 51820.3
0 97 3 phononTS 0.00164406 4.75993 -2.30596 -0.0263136 9437.74 0.00034743 1 -0.0374827 -0.296743 0.05 22133.5
0 117 3 phononTS 0.00181821 4.61684 -2.6855 0.0224518 5509.81 0.00069486 1 -0.110133 -0.215747 0.05 19396.2
0 127 3 phononTS 0.00219488 4.17812 -3.21901 0.0419208 6019.93 0.00069486 1 0.0828181 -0.25504 0.05 16838.9
0 178 2 phononTF 0.00251175 3.43989 -3.48154 -0.0411664 4639.03 0.00034743 1 0.0404081 -0.179414 0.05 28047
0 185 3 phononL 0.00204226 3.82411 -4.38814 0.0345617 1871.83 0.00104229 1 0.0386074 -0.294379 0.05 33295.6
0 209 2 phononTS 0.00106808 3.12793 -3.60728 -0.0499278 2120.16 0.00069486 1 0.0424192 -0.295648 0.05 8960.06
0 217 2 phononTF 0.00177859 4.69781 -3.64289 0.0384024 9788.74 0.00034743 1 -0.0317161 -0.246272 0.05 32012
0 217 4 phononTS 0.000966103 -0.0317161 -0.246272 0.049999 32012 0.00034743 1 -0.0207888 -0.195394 0.05 32106.3
0 261 2 phononTS 0.00230493 4.28167 -3.07795 -0.0115967 783.65 0.00069486 1 0.101596 -0.251563 0.05 97111.1
0 305 4 phononTF 0.00173637 0.664521 -3.91748 -0.000412504 19646.8 0.00069486 1 0.0318531 -0.278619 0.05 27005.6
0 322 5 phononTS 0.00161044 1.54323 -4.85871 -0.0478924 47242.9 0.00034743 1 -0.0561693 -0.100627 0.05 57923.8
0 453 2 phononTS 0.00219723 3.54709 -2.5812 0.00158604 967.417 0.00069486 1 0.077807 -0.223185 0.05 26561.5
0 469 3 phononTF 0.00264857 2.9967 -2.83067 -0.00602674 1873.21 0.00104229 1 -0.0610271 -0.280113 0.05 95494.7
0 486 4 phononTF 0.00118995 -0.919532 4.84315 0.045517 23932.1 0.00034743 1 0.0472701 -0.169523 0.05 42564.8
0 559 2 phononTS 0.00256012 3.50441 -3.81468 0.0431735 11604.6 0.00104229 1 0.0194032 -0.170306 0.05 18954.2
0 559 7 phononTS 0.000513037 0.0194032 -0.170306 0.049999 18954.2 0.00034743 1 0.0747211 -0.117072 0.05 19061.3
0 626 2 phononL 0.00162128 3.75464 -3.34641 0.0139673 159.435 0.00069486 1 0.0449824 -0.150103 0.05 117203
0 658 2 phononTF 0.00268793 2.0543 -2.43623 -0.0348729 10754.9 0.00104229 1 0.0914347 -0.219364 0.05 20599.8
0 658 6 phononTS 0.000575269 0.0914347 -0.219364 0.049999 20599.8 0.00034743 1 0.054877 -0.288222 0.05 20746.5
0 733 4 phononTF 0.00130999 3.00043 -1.36587 -0.0105844 21832.4 0.00034743 1 0.0678175 -0.185944 0.05 79571.9
0 733 6 phononL 0.000538411 0.0678175 -0.185944 0.049999 79571.9 0.00034743 1 0.0517615 -0.21549 0.05 79617.3
0 762 4 phononTS 0.00059763 3.19689 2.64186 -0.0124719 15582.8 0.00034743 1 0.0415588 -0.208937 0.05 34386.9
0 771 2 phononTS 0.00258911 3.13795 -4.52104 0.0278561 7915.41 0.00034743 1 0.0551337 -0.272334 0.05 41327.2
0 837 2 phononTS 0.00195397 3.83007 -4.52521 0.0374515 21192.8 0.00034743 1 -0.0707495 -0.178447 0.05 46715.9
0 837 5 phononTS 0.000537127 -0.0707495 -0.178447 0.049999 46715.9 0.00034743 1 0.0551895 -0.231108 0.05 58624.9
0 838 3 phononTF 0.00285724 3.79044 -2.77297 -0.0452844 1507.27 0.00034743 1 0.0240895 -0.145584 0.05 20585.7
0 838 6 phononTF 0.00107701 0.0240895 -0.145584 0.049999 20585.7 0.00034743 1 -0.0177945 -0.195706 0.05 20647.9
0 870 2 phononTS 0.00111796 3.57972 -2.73658 -0.0206735 1648.57 0.00034743 1 0.0250883 -0.26593 0.05 42494.2
0 891 5 phononTS 0.00226738 -1.34095 -1.29862 -0.0403511 36959.8 0.00034743 1 -0.0530626 -0.129446 0.05 45447
0 893 3 phononTS 0.00214053 3.94158 -3.27907 0.0272677 182.323 0.00034743 1 0.0801696 -0.222083 0.05 82877.2
0 893 4 phononL 0.0010634 0.0801696 -0.222083 0.049999 82877.2 0.00069486 1 0.0970506 -0.142077 0.05 83034.5
0 913 3 phononL 0.00250305 2.07015 -3.40111 -0.0388694 8689.36 0.00034743 1 -0.0933743 -0.152205 0.05 12106.4
0 975 2 phononTS 0.00202117 2.6782 -3.46329 -0.0241936 4529.18 0.00069486 1 0.0682831 -0.13871 0.05 22694.1
0 992 3 phononTS 0.00241119 3.44677 -3.1332 0.000910249 1002.75 0.00034743 1 -0.0825878 -0.248054 0.05 25430
0 992 6 phononTF 0.00106249 -0.0825878 -0.248054 0.049999 25430 0.00034743 1 -0.097291 -0.171973 0.05 25504.7
0 992 4 phononTS 0.000674472 -0.0825878 -0.248054 0.049999 25430 0.00034743 1 -0.0242328 -0.204232 0.05 25524.5
0 996 2 phononTS 0.00109839 3.76692 -3.22384 -0.0174514 6.59166 0.00034743 1 -0.0689434 -0.279573 0.05 69245.5
0 1021 4 phononTS 0.00111394 1.30431 0.772788 -0.0145008 21397.4 0.00034743 1 -0.0507633 -0.135876 0.05 61569.6
0 1028 5 phononTS 0.00142556 3.72833 -3.57112 -0.00817468 306.065 0.00034743 1 -0.0383218 -0.15616 0.05 12776.7
0 1028 8 phononTF 0.000871004 -0.0383218 -0.15616 0.049999 12776.7 0.00034743 1 0.0550952 -0.128263 0.05 12919.6
0 1042 2 phononTS 0.00215947 3.59239 -3.24115 -0.038869 32.8764 0.00034743 1 0.0943741 -0.136262 0.05 81606.2
0 1054 3 phononTS 0.00121139 2.8132 -3.8304 0.0471751 13382.6 0.00034743 1 0.0861819 -0.204328 0.05 40207.3
0 1076 2 phononL 0.00236636 4.76178 -3.22833 0.0161575 4130.96 0.00034743 1 0.0589235 -0.109957 0.05 48375.8
0 1119 2 phononL 0.002032 2.85672 -1.67188 0.0152929 3369.65 0.00034743 1 0.0253724 -0.203155 0.05 16088.4
0 1132 2 phononL 0.00150725 2.17306 -3.67328 0.027485 4481.61 0.00069486 1 -0.0388174 -0.0976767 0.05 26128.3
0 1132 4 phononTF 0.00048201 -0.0388174 -0.0976767 0.049998 26128.3 0.00034743 1 0.0355669 -0.120177 0.05 26252.3
0 1192 2 phononTF 0.000582393 3.76406 -3.31218 -0.0233405 559.79 0.00034743 1 0.0448464 -0.268588 0.05 25797.8
0 1194 2 phononTS 0.00122092 3.58107 -3.31612 0.0254474 169.34 0.00034743 1 0.0335548 -0.179873 0.05 13097.6
0 1233 7 phononTS 0.00137114 3.42998 -4.16448 0.011473 12462.8 0.00069486 1 -0.0534762 -0.237712 0.05 44859.8
0 1250 3 phononTS 0.00159144 3.93777 -3.21579 -0.041897 469.696 0.00069486 1 0.0437968 -0.247727 0.05 48946.7
0 1266 2 phononTS 0.00175983 2.83047 -4.8761 0.0333378 7502.17 0.00069486 1 0.0438705 -0.12878 0.05 75925.9
0 1275 2 phononTS 0.00163952 3.03326 -4.15906 -0.0494788 4022.34 0.00034743 1 0.0766383 -0.196349 0.05 44493.3
0 1289 2 phononTF 0.00179104 3.99325 -2.99342 -0.04302 585.396 0.00034743 1 0.0664252 -0.116086 0.05 45618.4
0 1289 4 phononTS 0.0013726 0.0664252 -0.116086 0.049999 45618.4 0.00034743 1 -0.0668028 -0.130093 0.05 45901.7
0 1297 5 phononTF 0.00161486 3.07385 4.81945 -0.0166673 26088.7 0.00069486 1 0.0682571 -0.207731 0.05 47635.4
0 1309 3 phononTF 0.00257427 3.08001 -2.18752 0.0446215 3387.53 0.00104229 1 -0.100419 -0.260752 0.05 19111.8
0 1319 3 phononTS 0.00119304 3.88285 -2.72511 0.0272526 7317.06 0.00034743 1 -0.0539569 -0.128777 0.05 78234.6
0 1319 4 phononTS 0.000711667 -0.0539569 -0.128777 0.049999 78234.6 0.00034743 1 -0.119517 -0.182471 0.05 78306.1
0 1397 3 phononTF 0.00232717 3.20674 -3.45722 -0.0477696 5145.56 0.00069486 1 0.0121047 -0.192254 0.05 15513.3
0 1433 3 phononL 0.00245134 3.633 -3.75277 -0.00608099 2551.76 0.00069486 1 -0.0994115 -0.190667 0.05 27357
0 1433 4 phononTF 0.000612442 -0.0994115 -0.190667 0.049999 27357 0.00034743 1 0.0439256 -0.214275 0.05 33249
0 1455 2 phononTS 0.00231173 2.69579 -4.77135 -0.0273495 7418.86 0.00069486 1 0.0488003 -0.281704 0.05 27885.7
0 1455 9 phononTF 0.000353564 0.0488003 -0.281704 0.049999 27885.7 0.00034743 1 -0.0278784 -0.2727 0.05 28051.1
0 1455 4 phononTS 0.000798162 0.0488003 -0.281704 0.049999 27885.7 0.00034743 1 -0.0740846 -0.269316 0.05 28411.7
0 1455 17 phononTS 0.00040491 -0.0740846 -0.269316 0.049998 28411.7 0.00034743 1 -0.0715202 -0.268794 0.05 28467.5
0 1507 3 phononTS 0.0012411 3.79603 -3.42565 -0.0105605 99.7361 0.00034743 1 0.0407196 -0.12943 0.05 23123.7
0 1540 2 phononTF 0.00236808 2.72367 -3.47294 0.0110395 3521.22 0.00034743 1 -0.0813648 -0.121914 0.05 62574.2
0 1540 5 phononTS 0.00132957 -0.0813648 -0.121914 0.049998 62574.2 0.00069486 1 -0.0625915 -0.135054 0.05 62670.6
0 1547 2 phononTF 0.0020263 4.22896 -3.48416 0.00273373 2267.78 0.00069486 1 -0.031444 -0.217224 0.05 88386
0 1595 2 phononTS 0.000611861 3.76773 -3.32579 -0.0077059 54.9072 0.00034743 1 -0.0347025 -0.224537 0.05 32129.2
0 1655 2 phononTS 0.00242441 2.65525 -2.78381 0.0246721 1176.87 0.00069486 1 0.0263188 -0.240013 0.05 35800.5
0 1668 2 phononTS 0.001952 4.03823 -3.22344 -0.00296554 1980.29 0.00034743 1 0.0474936 -0.238833 0.05 8843.69
0 1668 5 phononTF 0.000673582 0.0474936 -0.238833 0.049999 8843.69 0.00034743 1 -0.0376125 -0.0982328 0.05 10470.3
0 1670 5 phononTF 0.00186162 1.08191 -3.35083 -0.0200698 6904.84 0.00069486 1 0.0724821 -0.166846 0.05 8737.84
0 1685 3 phononTS 0.00247488 3.69217 -3.8129 -0.00661731 1753.25 0.00069486 1 0.0447012 -0.130135 0.05 30958.3
0 1705 2 phononTS 0.00203071 4.95712 -3.72549 -0.0108747 9213.01 0.00069486 1 -0.0492879 -0.292548 0.05 18557.1
0 1722 3 phononTS 0.0019442 2.91169 -3.05797 -0.0120977 1727.97 0.00034743 1 0.0625801 -0.159569 0.05 15463.2
0 1762 2 phononL 0.00250434 3.76384 -4.38307 -0.0390338 28264.7 0.00034743 1 0.106456 -0.168542 0.05 54709.2
0 1762 4 phononTF 0.00184606 0.106456 -0.168542 0.049999 54709.2 0.00069486 1 0.0851449 -0.199044 0.05 54832.1
0 1770 5 phononTF 0.000651533 -1.32772 -0.536864 -0.0419103 30205.8 0.00034743 1 -0.0649505 -0.140312 0.05 32602.9
0 1780 4 phononTF 0.00132657 4.29882 -4.83663 0.0091121 5117.96 0.00069486 1 -0.0798296 -0.274832 0.05 44040.5
0 1782 5 phononTS 0.00205293 2.41468 -3.2785 -0.0226403 41170.6 0.00034743 1 -0.0287454 -0.159419 0.05 111053
0 1793 7 phononTF 0.000829381 -0.451953 0.909837 0.0141571 143458 0.00069486 1 -0.0738169 -0.220556 0.05 214064
0 1797 2 phononTS 0.00277405 3.9092 -2.90426 -0.0405046 1093.38 0.00034743 1 0.0281576 -0.286729 0.05 14371.8
0 1842 2 phononTS 0.00195356 3.24863 -3.70863 0.0328616 6739.05 0.00069486 1 0.0819773 -0.188571 0.05 16977.8
0 1849 5 phononTS 0.0015118 4.31302 -3.91048 -0.0310168 4262.08 0.00104229 1 0.0361151 -0.139017 0.05 15329.6
0 1955 3 phononTS 0.00224526 4.76971 -0.696807 0.0486798 5421.24 0.00034743 1 -0.0571249 -0.163305 0.05 17071.9
0 1955 6 phononTS 0.000737513 -0.0571249 -0.163305 0.049999 17071.9 0.00034743 1 0.0691511 -0.216959 0.05 17161.9
0 1965 3 phononTS 0.00219543 3.33786 -3.32258 -0.034698 1548.88 0.00104229 1 0.0586282 -0.176998 0.05 27500.9
0 1968 5 phononTF 0.00160402 -4.48764 -2.85529 0.0152128 26391.6 0.00034743 1 0.0674877 -0.255243 0.05 48687.8
0 1968 6 phononTS 0.000980166 0.0674877 -0.255243 0.049999 48687.8 0.00034743 1 0.0405274 -0.155743 0.05 50394.9
0 1985 3 phononTF 0.00213025 1.80858 -2.05078 0.0140849 10170.3 0.00069486 1 0.0787677 -0.154776 0.05 22364.5
0 2056 3 phononL 0.00203937 3.64618 -2.63328 0.0131216 1693.32 0.00034743 1 -0.0884602 -0.245951 0.05 34577.3
0 2056 4 phononL 0.00118793 -0.0884602 -0.245951 0.049999 34577.3 0.00034743 1 -0.0722698 -0.14596 0.05 34626.1
0 2056 11 phononTF 0.00082427 -0.0722698 -0.14596 0.049999 34626.1 0.00034743 1 0.11175 -0.239577 0.05 34858.1
0 2056 13 phononTF 0.00035052 0.11175 -0.239577 0.049999 34858.1 0.00034743 1 0.0741927 -0.233991 0.05 35276.2
0 2144 2 phononTF 0.00156679 3.34474 -3.38812 0.0155579 1128.57 0.00034743 1 0.0824909 -0.26212 0.05 54999.2
0 2163 4 phononTS 0.00136631 3.87261 -2.81565 -0.0416313 1724.85 0.00034743 1 -0.120702 -0.192972 0.05 36124.6
0 2281 2 phononL 0.00169382 3.48737 -4.99155 0.0435461 6229.91 0.00104229 1 -0.0441569 -0.175225 0.05 26271.1
0 2331 3 phononTS 0.00158212 3.82718 -3.3689 -0.00764178 590.613 0.00034743 1 0.0649225 -0.208092 0.05 26332.7
0 2333 3 phononTF 0.00162938 3.73175 -3.2289 0.0185592 6.1078 0.00069486 1 0.0724636 -0.271667 0.05 23364.1
0 2390 4 phononL 0.000924937 3.11344 -4.0931 0.0308607 10189.6 0.00034743 1 -0.0842529 -0.216347 0.05 34073.4
0 2399 2 phononTS 0.00180124 3.60436 -3.34031 -0.000779661 145.842 0.00034743 1 0.0753734 -0.141543 0.05 31351.7
0 2422 2 phononTF 0.00172991 3.27218 -3.67394 0.0254768 546.853 0.00034743 1 0.0485504 -0.277219 0.05 137613
0 2428 3 phononTF 0.00212208 1.60396 -1.74713 0.0144395 11762.4 0.00034743 1 0.042195 -0.174787 0.05 19358.6
0 2428 4 phononTS 0.00110933 0.042195 -0.174787 0.049998 19358.6 0.00034743 1 0.0273077 -0.17576 0.05 19415.9
0 2428 10 phononTS 0.000382816 0.0273077 -0.17576 0.049999 19415.9 0.00034743 1 0.0266837 -0.189189 0.05 19472.6
0 2437 2 phononL 0.00133206 3.99124 -2.72971 0.0154678 1698.36 0.00034743 1 -0.0640329 -0.220102 0.05 23431.7
0 2483 3 phononTF 0.00150479 4.81462 -2.53168 0.000752203 1279.49 0.00034743 1 0.102967 -0.19739 0.05 40108.4
0 2483 4 phononL 0.000718303 0.102967 -0.19739 0.049999 40108.4 0.00034743 1 -0.100825 -0.250276 0.05 43724.5
0 2489 4 phononTF 0.000523909 -4.88644 -1.84704 -0.0272866 74059.7 0.00034743 1 -0.0382972 -0.109376 0.05 131344
0 2503 3 phononTS 0.00122848 3.93216 -3.62828 0.0486524 230.629 0.00069486 1 0.0181685 -0.180332 0.05 87084.3
0 2576 3 phononL 0.00190877 3.55171 -4.99436 0.0132903 5730.74 0.00069486 1 0.0863062 -0.138338 0.05 28766.5
0 2581 3 phononTS 0.00126517 3.20318 -1.59066 -0.0282067 3243.69 0.00069486 1 0.058696 -0.143162 0.05 20064.6
0 2601 7 phononTF 0.00099396 -3.86151 1.31 0.00591391 87992 0.00034743 1 -0.0628707 -0.128424 0.05 107408
0 2625 5 phononL 0.00127162 4.91918 -0.926402 -0.0182838 14984.3 0.00034743 1 0.064379 -0.114867 0.05 55105.7
0 2640 2 phononTS 0.00171965 1.45759 -2.53958 0.0261359 5254.03 0.00069486 1 0.03384 -0.284796 0.05 8059.07
0 2662 3 phononL 0.00183285 4.58699 -2.6007 -0.00269817 4214.28 0.00104229 1 -0.0749174 -0.174946 0.05 35502.1
0 2680 4 phononTF 0.00161187 2.61124 -2.87319 0.0352856 10053.1 0.00034743 1 -0.0790402 -0.246108 0.05 72242.7
0 2706 2 phononTS 0.00195064 3.91339 -3.36346 -0.0355287 598.036 0.00069486 1 0.0852656 -0.194728 0.05 18688.9
0 2751 2 phononTF 0.00129115 3.31533 -4.48145 -0.0226318 9597.31 0.00069486 1 -0.0825632 -0.2178 0.05 57747.5
0 2794 4 phononTF 0.000603784 4.57301 3.04945 -0.0394638 41425.1 0.00034743 1 0.0608522 -0.153332 0.05 45635.7
0 2807 3 phononL 0.00139503 4.98121 -3.40829 0.0124834 11774 0.00069486 1 0.0342441 -0.270601 0.05 18630.3
0 2807 4 phononTF 0.00048195 0.0342441 -0.270601 0.049999 18630.3 0.00034743 1 -0.035402 -0.213846 0.05 18701.3
0 2847 2 phononTF 0.00120881 3.61409 -2.99481 -0.0235463 1692.22 0.00034743 1 0.0528591 -0.294125 0.05 34556.1
0 2871 4 phononTS 0.00124134 2.21095 -3.74838 0.0295375 44841.7 0.00034743 1 0.0372658 -0.208089 0.05 53140.2
0 2910 3 phononTS 0.00285104 3.72738 -2.40454 -0.0496084 3142.16 0.00069486 1 0.0389405 -0.176897 0.05 28468.9
0 2910 9 phononTS 0.000360557 0.0389405 -0.176897 0.049999 28468.9 0.00034743 1 0.0400515 -0.244525 0.05 28670
0 2912 4 phononTS 0.000915972 0.0616945 0.520647 -0.0487937 17995.9 0.00034743 1 -0.0952087 -0.190459 0.05 30029.3
0 2918 5 phononTF 0.0012174 4.15589 -2.90257 0.0277411 16502.8 0.00069486 1 0.0982372 -0.173538 0.05 41464.4
0 2935 3 phononTF 0.00213305 4.68035 -3.31314 0.0144471 2336.03 0.00069486 1 0.050284 -0.108568 0.05 15459.6
0 2948 2 phononL 0.000808587 2.69234 -3.15809 -0.0242997 751.969 0.00034743 1 0.0233956 -0.133345 0.05 54481.2
0 2994 5 phononTS 0.00215993 3.2517 -4.70542 -0.0347154 32981.9 0.00104229 1 0.0309605 -0.259481 0.05 70827.7
0 2996 3 phononTS 0.00224046 3.74799 -3.25225 -0.00329544 0.826115 0.00034743 1 0.093532 -0.264939 0.05 18972.3
0 3014 2 phononTS 0.00162552 4.19378 -3.47841 0.0433094 5103.15 0.00034743 1 -0.0527354 -0.268684 0.05 35189.9
0 3022 2 phononTS 0.00153098 3.82965 -1.4111 0.0135046 4776.06 0.00034743 1 -0.0931594 -0.19809 0.05 61883.7
0 3023 5 phononTS 0.00148941 0.839478 -2.57817 -0.0201999 57055.2 0.00034743 1 -0.0298515 -0.105483 0.05 150718
0 3026 2 phononTS 0.00143933 2.44655 -2.13882 -0.039972 7181.76 0.00069486 1 0.0582796 -0.117764 0.05 47873.7
0 3043 2 phononTF 0.00124971 3.41243 -2.59179 -0.0440684 7074.53 0.00034743 1 0.0427027 -0.15184 0.05 32402.3
0 3043 7 phononTS 0.000721545 0.0427027 -0.15184 0.049999 32402.3 0.00034743 1 0.118937 -0.21291 0.05 32487.6
0 3048 3 phononL 0.00296126 3.7503 -3.2499 -0.00038853 0.0939431 0.00104229 1 -0.059722 -0.155801 0.05 37067.9
0 3057 5 phononTF 0.00189334 2.09158 -3.02434 0.00627912 8502.42 0.00069486 1 0.0176504 -0.186801 0.05 26458.4
0 3098 2 phononL 0.00122171 3.45035 -3.16576 -0.0319582 554.624 0.00069486 1 -0.114823 -0.180225 0.05 13846.1
0 3159 4 phononTF 0.00157434 2.28633 -3.84924 -0.0451534 2124.79 0.00034743 1 -0.114794 -0.16517 0.05 35411.8
0 3159 7 phononTS 0.000476695 -0.114794 -0.16517 0.049998 35411.8 0.00034743 1 -0.0137716 -0.21847 0.05 35493.3
0 3167 6 phononTF 0.000791185 1.37854 -1.57434 -0.0489673 36552 0.00034743 1 0.110246 -0.201125 0.05 61319.4
0 3176 5 phononTS 0.00127048 1.48172 0.215425 0.0321993 71028 0.00034743 1 0.113931 -0.186234 0.05 75099.9
0 3176 7 phononTS 0.000908643 0.113931 -0.186234 0.049999 75099.9 0.00034743 1 0.114618 -0.181767 0.05 75248.5
0 3197 5 phononL 0.00141112 0.954323 -0.71431 -0.031545 7200.52 0.00069486 1 0.0376359 -0.0957567 0.05 8082.43
0 3234 2 phononTF 0.00218773 4.44128 -4.44428 -0.0346991 17800.7 0.00034743 1 -0.109967 -0.153065 0.05 29946.6
0 3253 4 phononTS 0.00132762 1.95392 -3.04844 0.031835 6627.94 0.00034743 1 -0.106531 -0.207515 0.05 21163.8
0 3253 7 phononTS 0.000707316 -0.106531 -0.207515 0.049999 21163.8 0.00034743 1 -0.0840307 -0.234458 0.05 21226.3
0 3258 5 phononTS 0.000560555 3.78053 -3.30293 -0.00630397 8129.85 0.00034743 1 -0.0195933 -0.235063 0.05 89270.9
0 3262 3 phononTF 0.00178456 3.33229 -3.2733 0.0364069 2151.56 0.00069486 1 0.0973431 -0.179753 0.05 14622.6
0 3265 2 phononTF 0.00188982 3.19443 -4.65262 0.0128622 14131.3 0.00034743 1 0.0892217 -0.181583 0.05 97811.8
0 3274 2 phononTF 0.000349955 3.75812 -3.46979 0.0270698 754.738 0.00034743 1 0.0205491 -0.206043 0.05 29556.7
0 3294 2 phononTS 0.0017269 4.0643 -3.53681 -0.0311389 1018.72 0.00034743 1 0.0203764 -0.231925 0.05 22493.2
0 3294 5 phononTF 0.000965272 0.0203764 -0.231925 0.049999 22493.2 0.00034743 1 0.0434241 -0.262242 0.05 22552.6
0 3306 2 phononTF 0.00188878 2.05634 -4.92801 0.00335246 4692.5 0.00034743 1 -0.025679 -0.181595 0.05 26304.3
0 3379 2 phononTF 0.00153434 3.7218 -3.20149 -0.00328731 35.3916 0.00069486 1 0.0720523 -0.234697 0.05 36731.1
0 3405 2 phononTS 0.00183816 3.58266 -3.35123 -0.00950133 271.452 0.00034743 1 0.0674991 -0.144446 0.05 137493
0 3447 3 phononTF 0.0024895 2.71278 -2.01739 -0.0444793 17092 0.00069486 1 -0.0603411 -0.260751 0.05 35291.1
0 3475 2 phononTF 0.000999653 3.48296 -3.0442 -0.0045238 410.172 0.00034743 1 -0.0926978 -0.239043 0.05 34890.9
0 3480 3 phononL 0.00134322 4.13513 -2.85189 -0.0406322 1801.24 0.00069486 1 0.081983 -0.243437 0.05 60698.6
0 3495 3 phononTS 0.00199747 1.96877 -3.61255 0.0428645 11392.5 0.00069486 1 0.056852 -0.229935 0.05 18336
0 3495 8 phononTS 0.000505679 0.056852 -0.229935 0.049998 18336 0.00034743 1 0.0556903 -0.231383 0.05 18391.9
0 3505 5 phononTS 0.00186868 4.35622 -4.88072 0.00422259 37946.6 0.00034743 1 -0.0966617 -0.137575 0.05 43837.9
0 3542 3 phononTF 0.00240095 4.24331 -3.40952 0.0325652 3639.88 0.00069486 1 0.0237187 -0.262371 0.05 8923.8
0 3585 2 phononTS 0.00112536 3.48937 -3.76009 -0.00529822 5089.43 0.00069486 1 0.0985375 -0.213092 0.05 24014.7
0 3638 3 phononTS 0.00301467 3.46319 -3.18404 -0.00820589 438.163 0.00104229 1 -0.0637589 -0.214397 0.05 65519.9
0 3659 3 phononTS 0.00213681 2.29905 -4.05984 -0.0191672 2690.74 0.00069486 1 0.0736685 -0.255827 0.05 35686.9
0 3663 5 phononTS 0.00191851 3.98161 -1.95395 -0.0189917 2565.4 0.00104229 1 0.0485854 -0.208251 0.05 38692.5
0 3676 5 phononL 0.000866152 -2.87404 0.305415 0.0411694 47835.4 0.00034743 1 -0.108918 -0.183649 0.05 63799.1
0 3693 2 phononTS 0.00145595 3.71805 -2.41052 -0.0194357 2851.93 0.00034743 1 0.0711526 -0.130266 0.05 22304.5
0 3744 2 phononTF 0.00151794 3.37365 -3.0271 0.0207133 199.405 0.00069486 1 0.0758819 -0.146009 0.05 117091
0 3747 3 phononL 0.00216042 3.82159 -2.4461 -0.0325372 9424.09 0.00104229 1 0.108926 -0.197445 0.05 18904.6
0 3775 3 phononTS 0.0023984 2.36652 -3.99725 0.00457303 3917.14 0.00034743 1 0.0347767 -0.294187 0.05 21449
0 3785 5 phononL 0.00237566 3.13549 -3.58964 0.0191036 7704.11 0.00104229 1 -0.0632046 -0.13765 0.05 18357.8
0 3791 3 phononL 0.0017031 3.18728 -4.23313 0.0482073 18236.1 0.00034743 1 0.0360724 -0.277076 0.05 64906.1
0 3813 2 phononTF 0.00118681 4.86046 -3.57092 0.0268795 3060.29 0.00034743 1 0.055028 -0.239331 0.05 26182.2
0 3813 7 phononTF 0.000702162 0.055028 -0.239331 0.049999 26182.2 0.00034743 1 0.0395782 -0.249085 0.05 26244.3
0 3835 2 phononTF 0.00189223 3.84492 -3.59396 0.047453 254.213 0.00034743 1 0.00938227 -0.201962 0.05 27320.7
0 3853 4 phononTS 0.00151677 2.47682 -3.51621 0.00680844 8710.73 0.00069486 1 -0.0584226 -0.297703 0.05 16797.6
0 3853 9 phononL 0.000357603 -0.0584226 -0.297703 0.049999 16797.6 0.00034743 1 -0.0795432 -0.274904 0.05 17022.8
0 3883 2 phononTS 0.0014212 3.23352 -2.49433 -0.00854502 6629.85 0.00034743 1 -0.0293884 -0.304565 0.05 33493.3
0 3883 4 phononTF 0.000924342 -0.0293884 -0.304565 0.049999 33493.3 0.00069486 1 -0.0347691 -0.188477 0.05 33570.8
0 3903 2 phononTF 0.00192315 3.93463 -2.46783 -0.0493966 1417.65 0.00069486 1 0.0462274 -0.148048 0.05 56620.4
0 3903 4 phononTF 0.000738425 0.0462274 -0.148048 0.049999 56620.4 0.00034743 1 -0.0996848 -0.263918 0.05 58454.9
0 3920 5 phononTF 0.00115915 -2.13981 -3.29821 -0.00809338 20419.6 0.00034743 1 -0.0929148 -0.248371 0.05 35307.4
0 3938 2 phononTS 0.00164695 4.77228 -4.16286 -0.0151219 13628.5 0.00069486 1 -0.0737529 -0.210262 0.05 24091.5
0 3938 8 phononTS 0.000365672 -0.0737529 -0.210262 0.049999 24091.5 0.00034743 1 -0.103294 -0.184875 0.05 24159.2
0 3945 2 phononTF 0.00237442 2.57042 -4.11605 0.0142228 3935.5 0.00034743 1 -0.0575366 -0.259478 0.05 18455.9
0 3945 5 phononL 0.000357468 -0.0575366 -0.259478 0.049999 18455.9 0.00034743 1 -0.0284524 -0.13973 0.05 22025.7
0 3956 3 phononTS 0.00235357 0.793209 -0.590542 -0.0444107 23437.2 0.00034743 1 -0.0425051 -0.103635 0.05 29342.7
0 3956 4 phononTF 0.00154566 -0.0425051 -0.103635 0.049999 29342.7 0.00034743 1 -0.0405554 -0.213746 0.05 29495.6
0 3956 9 phononL 0.00054864 -0.0405554 -0.213746 0.049999 29495.6 0.00034743 1 -0.101869 -0.177953 0.05 30143.2
0 3983 3 phononTS 0.00252935 2.17165 -3.04685 0.000510784 10523.4 0.00034743 1 -0.0257285 -0.26058 0.05 37525.2
0 3983 4 phononTF 0.000360957 -0.0257285 -0.26058 0.049999 37525.2 0.00034743 1 -0.0351794 -0.147029 0.05 37763.4
0 3986 2 phononL 0.00173621 4.467 -3.37227 0.0154218 1409.82 0.00034743 1 -0.0425907 -0.112615 0.05 17291.9
0 4003 3 phononTS 0.00199454 3.83142 -3.04663 0.0412604 879.842 0.00034743 1 0.0326046 -0.279533 0.05 15660.2
0 4024 3 phononTF 0.00237451 4.42473 -3.06783 -0.0120877 3362.16 0.00034743 1 0.0490873 -0.28176 0.05 28853
0 4058 5 phononTS 0.00147755 0.430632 0.532999 -0.0274915 28697.6 0.00069486 1 -0.0352979 -0.14377 0.05 78445.4
0 4091 3 phononTS 0.00230328 3.76767 -3.23799 -0.00713138 4.2192 0.00034743 1 -0.0378724 -0.262271 0.05 79623.9
0 4116 4 phononTF 0.00143286 3.28638 -3.26245 0.0132361 20993.1 0.00034743 1 -0.0187862 -0.226227 0.05 34498.3
0 4224 2 phononTS 0.00128302 2.79694 -4.00899 0.0359946 4186 0.00034743 1 0.0654147 -0.123451 0.05 23427.8
0 4251 2 phononTF 0.00162142 4.58041 -3.69429 0.025862 9078.86 0.00069486 1 -0.0294282 -0.199148 0.05 15691.7
0 4263 2 phononTF 0.00162876 4.75274 -2.046 -0.0228719 8166.86 0.00034743 1 -0.0973995 -0.235027 0.05 12185.3
0 4263 7 phononL 0.000360437 -0.0973995 -0.235027 0.049999 12185.3 0.00034743 1 0.0593695 -0.181848 0.05 12286
0 4282 2 phononL 0.00283454 3.03389 -3.94129 -0.0390869 10737.6 0.00069486 1 -0.0862352 -0.234536 0.05 25826.9
0 4298 3 phononTS 0.00134975 4.10745 -3.48243 -0.000966663 3140.19 0.00069486 1 -0.0926863 -0.226245 0.05 11473.9
0 4352 4 phononTF 0.00142321 -2.73567 -1.75934 0.0365205 31923.7 0.00034743 1 0.0810658 -0.253276 0.05 91117.5
0 4352 9 phononTS 0.000361215 0.0810658 -0.253276 0.049999 91117.5 0.00034743 1 0.0344506 -0.206985 0.05 91188.8
0 4423 2 phononTS 0.00216096 3.06283 -4.53481 -0.0306655 5522.53 0.00034743 1 0.0790828 -0.225954 0.05 69570.5
0 4442 3 phononTF 0.00182165 3.50521 -3.74735 -0.0427463 1258.62 0.00034743 1 0.0436593 -0.142953 0.05 8208.6
0 4469 3 phononL 0.00151749 3.96883 -2.90134 0.025432 671.717 0.00034743 1 -0.0656274 -0.208067 0.05 22317.6
0 4473 2 phononTF 0.00194326 3.51431 -3.53841 -0.04227 77.2768 0.00069486 1 0.103235 -0.174923 0.05 45988.9
0 4546 2 phononTS 0.0022214 3.28081 -3.06799 -0.0353091 2322.4 0.00034743 1 0.037816 -0.162556 0.05 18846.8
0 4546 5 phononTS 0.00136772 0.037816 -0.162556 0.049999 18846.8 0.00034743 1 -0.03888 -0.195219 0.05 19391.4
0 4561 2 phononTS 0.00160326 4.92748 -3.35522 0.0264233 3984.88 0.00034743 1 0.0978635 -0.167839 0.05 26982.4
0 4603 5 phononTF 0.00111535 2.52521 -4.68393 -0.000127921 4198.23 0.00034743 1 -0.0866305 -0.161365 0.05 82376.3
0 4606 3 phononL 0.00252304 3.96896 -3.34739 0.0459493 144.813 0.00069486 1 0.0519819 -0.133588 0.05 27964.1
0 4606 4 phononTS 0.000366318 0.0519819 -0.133588 0.049998 27964.1 0.00034743 1 -0.0719851 -0.111717 0.05 28115.2
0 4621 5 phononTS 0.00125899 3.42285 -4.6759 -0.0406875 9816.4 0.00034743 1 -0.069651 -0.191388 0.05 21622.6
0 4734 5 phononTF 0.0011979 4.3194 -3.94366 -0.0440787 17943.9 0.00069486 1 0.057688 -0.235357 0.05 33684.4
0 4759 3 phononTS 0.00200903 4.44723 -2.71105 -0.0245363 4316.02 0.00069486 1 0.0350568 -0.29456 0.05 7133.3
0 4780 4 phononTS 0.000926678 2.78634 -1.6438 0.0376187 52560.6 0.00034743 1 -0.0575947 -0.279855 0.05 102475
0 4780 6 phononTS 0.000496001 -0.0575947 -0.279855 0.049999 102475 0.00034743 1 -0.0429689 -0.141329 0.05 102614
0 4824 3 phononTF 0.0024701 1.86225 -4.79012 0.0237874 16832.8 0.00069486 1 0.0713438 -0.148612 0.05 31399.2
0 4828 2 phononL 0.00172427 3.8211 -3.01093 0.0315534 4746.76 0.00034743 1 0.0873135 -0.14834 0.05 26716.9
0 4828 6 phononTF 0.00104318 0.0873135 -0.14834 0.049999 26716.9 0.00069486 1 0.0532624 -0.112889 0.05 38612.7
0 4854 7 phononTF 0.00127884 2.45819 -0.982869 -0.029166 19215.5 0.00034743 1 -0.0584737 -0.211995 0.05 29878.7
0 4908 3 phononTF 0.00225336 3.93179 -3.48902 0.0441658 430.037 0.00104229 1 -0.108932 -0.233298 0.05 18962.1
0 4911 3 phononL 0.00173621 4.22894 -2.96536 0.0445988 640.034 0.00069486 1 0.0435379 -0.127498 0.05 26611.7
0 4911 16 phononL 0.00145815 4.08961 -2.93146 0.0152273 19483.7 0.00034743 1 0.0678609 -0.135747 0.05 81225.6
0 4922 2 phononTS 0.0011814 3.6766 -2.7839 0.0329299 910.511 0.00034743 1 0.0323612 -0.115303 0.05 44217.8
0 4922 6 phononTF 0.000509849 0.0323612 -0.115303 0.049999 44217.8 0.00034743 1 0.0488742 -0.168615 0.05 44288.8
0 4942 3 phononTS 0.00234921 2.50798 -2.94351 0.0234904 2064.33 0.00034743 1 0.0221712 -0.205588 0.05 6990.64
0 4993 2 phononL 0.00208302 2.50246 -2.68776 -0.0318364 7345.84 0.00034743 1 -0.102756 -0.239969 0.05 129054
