Run ID,Event ID,Track ID,Particle Name,Start Energy [eV],Start X [mm],Start Y [mm],Start Z [mm],Start Time [ns],Energy Deposited [eV],Track Weight,End X [mm],End Y [mm],End Z [mm],Final Time [ns],Volume Name
0 4 7 phononTS 0.000801538 -1.3645 -1.14743 -0.00181956 22152.9 0.00034743 1 -0.0297123 -0.289687 0.05 38216.5
0 37 3 phononTF 0.000933608 1.93307 3.94047 -0.0216008 7401.5 0.00034743 1 0.0317604 -0.100471 0.05 36620.5
0 75 4 phononTS 0.00151463 1.98319 4.07537 0.0211695 725.162 0.00034743 1 0.0672975 -0.110849 0.05 32004.9
0 109 5 phononTS 0.00113671 4.07517 3.56143 0.0346295 23589 0.00069486 1 -0.0399295 -0.239299 0.05 29411.3
0 146 2 phononTF 0.00276385 2.15565 2.58935 -0.0400104 2102.61 0.00069486 1 0.0821673 -0.27802 0.05 61461.6
0 146 9 phononTS 0.000479009 0.0821673 -0.27802 0.049999 61461.6 0.00034743 1 0.042663 -0.253808 0.05 61541.1
0 168 2 phononTS 0.00198982 1.27588 3.95943 -0.0378134 7088.96 0.00034743 1 -0.0688933 -0.169681 0.05 23578.5
0 177 4 phononTF 0.000973025 0.566125 1.12797 -0.0262054 23721.1 0.00034743 1 -0.0567524 -0.254155 0.05 50917.1
0 188 5 phononL 0.00113631 1.67292 4.53028 0.0257624 41266.8 0.00034743 1 0.0862408 -0.153626 0.05 117406
0 196 2 phononTS 0.000399922 2.08122 4.33285 0.0106474 696.689 0.00034743 1 -0.0739417 -0.209558 0.05 25068.3
0 203 2 phononTF 0.00271452 2.48525 3.58638 0.0219598 1042.3 0.00069486 1 -0.0850671 -0.184314 0.05 35919.9
0 208 5 phononTF 0.0017432 4.24216 -2.06406 -0.00224847 22891.3 0.00034743 1 0.0600721 -0.103777 0.05 76209.3
0 252 3 phononTS 0.00205047 1.29774 4.18281 0.0428125 2868.49 0.00069486 1 0.0549857 -0.184892 0.05 20113.3
0 263 3 phononL 0.00257705 2.27129 3.46588 0.00679707 478.76 0.00034743 1 0.0554316 -0.171878 0.05 14417
0 263 5 phononL 0.000822275 0.0554316 -0.171878 0.049999 14417 0.00034743 1 -0.0661422 -0.145231 0.05 14516.1
0 274 3 phononL 0.00241656 2.60207 3.41413 -0.0256103 11546.7 0.00034743 1 0.103461 -0.226574 0.05 46899
0 297 3 phononTS 0.00230241 3.79283 4.82301 -0.0439124 6020.76 0.00138972 1 0.0976606 -0.169032 0.05 17278.6
0 310 6 phononTS 0.000943348 3.04955 2.73552 0.012086 24054.2 0.00034743 1 0.0830548 -0.265928 0.05 31665.8
0 397 4 phononTS 0.00201543 3.00044 1.8746 -0.0130682 31093.2 0.00069486 1 0.0537511 -0.286404 0.05 54319.7
0 416 3 phononTS 0.00244403 3.48136 4.51858 0.0158059 6723.92 0.00034743 1 0.0595227 -0.22125 0.05 23360
0 416 4 phononTS 0.00152266 0.0595227 -0.22125 0.049999 23360 0.00034743 1 0.0240767 -0.186742 0.05 23424
0 426 7 phononTS 0.00104723 -3.55316 -3.15249 -0.0408874 18613.7 0.00034743 1 -0.0594774 -0.186689 0.05 38319
0 426 9 phononTF 0.000436206 -0.0594774 -0.186689 0.049999 38319 0.00034743 1 0.081514 -0.187485 0.05 38389.1
0 452 4 phononL 0.00113673 0.281894 1.86316 -0.0443976 6563.21 0.00034743 1 -0.0528271 -0.227239 0.05 10016
0 463 2 phononTS 0.00101998 1.50799 1.55964 -0.0158125 20526.5 0.00069486 1 -0.0746735 -0.218322 0.05 31568
0 483 5 phononTF 0.000900966 3.50671 4.72694 -0.0213751 15537.8 0.00034743 1 0.032095 -0.29641 0.05 29026.3
0 533 3 phononTS 0.00159856 1.36488 4.28436 -0.0352308 7348.46 0.00034743 1 0.0352808 -0.132211 0.05 29931.1
0 615 5 phononTF 0.00232715 3.79116 -0.231054 0.0194548 46364.5 0.00034743 1 0.0851659 -0.184586 0.05 78657.1
0 615 7 phononTF 0.000908892 0.0851659 -0.184586 0.049999 78657.1 0.00034743 1 -0.0303922 -0.153833 0.05 78729.6
0 622 6 phononTS 0.000452234 -4.10608 0.992898 0.010655 15483.4 0.00034743 1 0.0328045 -0.185871 0.05 55546.3
0 626 3 phononTS 0.00180893 1.7779 2.83193 -0.0104562 23428.9 0.00069486 1 -0.0216486 -0.237554 0.05 99587.7
0 649 3 phononTS 0.00192527 1.28743 4.80743 -0.0409597 6842.85 0.00104229 1 0.0251718 -0.159034 0.05 21114.6
0 673 2 phononTS 0.00155453 3.40822 4.80211 0.0266635 8629.18 0.00069486 1 0.0198442 -0.162338 0.05 15045.9
0 754 2 phononTF 0.000706405 1.88489 3.63418 0.040434 1708.12 0.00034743 1 -0.084041 -0.281 0.05 12984.7
0 796 2 phononTS 0.00094727 1.82395 4.80727 0.0376939 10810.4 0.00034743 1 -0.115802 -0.210926 0.05 59236
0 797 2 phononTS 0.00146188 0.455755 2.42443 -0.0406886 7021.08 0.00034743 1 0.0884713 -0.219604 0.05 79405.1
0 826 3 phononTF 0.00178835 0.275195 4.142 0.0206956 16842.9 0.00069486 1 -0.0583618 -0.193539 0.05 33813.4
0 826 9 phononTS 0.000428813 -0.0583618 -0.193539 0.049998 33813.4 0.00034743 1 -0.111102 -0.170476 0.05 33879
0 840 3 phononTS 0.00163352 0.828259 4.19599 -0.044482 3215.43 0.00034743 1 -0.0586459 -0.263441 0.05 37247.2
0 852 3 phononTF 0.00247437 1.39653 1.50353 -0.00584049 4114.33 0.00034743 1 0.054154 -0.130076 0.05 54348.5
0 865 2 phononTS 0.00203213 2.09007 3.28721 -0.0425631 658.878 0.00034743 1 -0.0721319 -0.116918 0.05 15216.3
0 874 2 phononTF 0.00201975 0.931182 3.59167 -0.0143318 2897.46 0.00034743 1 0.0643526 -0.29447 0.05 20603.4
0 874 6 phononTF 0.0012705 0.0643526 -0.29447 0.049998 20603.4 0.00069486 1 0.0670905 -0.283112 0.05 20668.9
0 878 3 phononTS 0.00171961 0.35474 4.59218 -0.0222716 17176.4 0.00034743 1 0.0325644 -0.0958257 0.05 234464
0 885 3 phononTS 0.00162212 2.71915 3.83286 -0.0242471 2632.73 0.00034743 1 -0.0732283 -0.121158 0.05 13568.1
0 888 3 phononTS 0.00180358 1.98365 3.63641 -0.0272754 2293.21 0.00034743 1 0.0530884 -0.13591 0.05 80291.9
0 970 2 phononTS 0.00140816 3.02728 3.41423 0.0211734 1496.22 0.00034743 1 -0.0345625 -0.257905 0.05 98821
0 1003 5 phononL 0.00201649 -1.13056 1.76043 -0.0231654 47350.3 0.00034743 1 -0.102085 -0.160842 0.05 48288.1
0 1003 2 phononTF 0.0012044 -0.525666 3.16525 -0.0293135 41793.5 0.00034743 1 -0.0459073 -0.182383 0.05 58657.9
0 1028 2 phononTF 0.00161875 2.96551 3.67867 0.00672071 7504.4 0.00034743 1 -0.0776022 -0.197092 0.05 21448.1
0 1074 2 phononTF 0.00222329 2.06232 4.44297 -0.0114935 8053.66 0.00034743 1 -0.0457789 -0.135817 0.05 86958.3
0 1162 5 phononL 0.00226032 3.55501 3.27828 0.0473623 6766.83 0.00069486 1 -0.0247613 -0.200091 0.05 91113.6
0 1196 2 phononL 0.00210791 2.50572 3.84351 -0.036219 6053.02 0.00138972 1 -0.108588 -0.146835 0.05 17656.5
0 1207 3 phononTF 0.00219608 2.69017 3.92046 0.0339676 552.679 0.00104229 1 0.0487221 -0.113231 0.05 34054.1
0 1288 3 phononTS 0.00279725 1.25357 2.1593 0.0498398 8052.17 0.00069486 1 0.0378134 -0.229913 0.05 18470.2
0 1303 3 phononL 0.00212123 0.535321 3.33365 -0.0230383 3148.35 0.00069486 1 -0.0552335 -0.124567 0.05 8854.1
0 1303 8 phononTS 0.000503791 -0.0552335 -0.124567 0.049999 8854.1 0.00034743 1 0.0579705 -0.263785 0.05 16388.9
0 1304 2 phononTF 0.00187094 1.6069 3.07833 -0.00140374 2343.33 0.00069486 1 -0.108734 -0.242312 0.05 139304
0 1327 3 phononTF 0.00176693 2.23922 4.28147 0.0208485 5313.42 0.00034743 1 0.054613 -0.160495 0.05 18760.1
0 1327 5 phononTF 0.000676569 0.054613 -0.160495 0.049999 18760.1 0.00034743 1 -0.0587476 -0.14244 0.05 18969
0 1328 2 phononTF 0.00126299 1.40591 4.05034 0.0190793 2743.42 0.00069486 1 -0.120255 -0.191475 0.05 30114.8
0 1356 4 phononTS 0.0017289 2.91559 3.30571 -0.0332442 1327.18 0.00104229 1 0.0215879 -0.16307 0.05 76758.5
0 1362 3 phononTF 0.00175708 2.40817 3.59113 -0.0260174 3004.18 0.00034743 1 -0.0451271 -0.201561 0.05 47088.5
0 1397 2 phononTS 0.000806119 1.89823 3.12353 0.0316154 2247.96 0.00069486 1 0.101557 -0.15104 0.05 76651.8
0 1414 3 phononL 0.00185312 1.53253 3.92895 0.0394227 5650.27 0.00034743 1 0.0642305 -0.240985 0.05 36480.4
0 1414 5 phononTF 0.00132568 0.0642305 -0.240985 0.049999 36480.4 0.00034743 1 0.0477422 -0.129986 0.05 38298
0 1414 10 phononTS 0.000754201 0.0477422 -0.129986 0.049999 38298 0.00034743 1 0.0418961 -0.107655 0.05 38435.2
0 1418 3 phononTF 0.00234853 1.47157 4.42734 0.0432419 8231.17 0.00069486 1 -0.030048 -0.294698 0.05 36859.6
0 1429 5 phononTF 0.00204444 3.21003 4.67389 -0.0346545 18900.3 0.00069486 1 0.0408431 -0.285667 0.05 51959
0 1442 2 phononTS 0.00226305 3.44362 2.21561 0.0101471 2846.35 0.00034743 1 -0.0664764 -0.290983 0.05 101990
0 1442 6 phononTF 0.0018823 -0.0664764 -0.290983 0.049999 101990 0.00034743 1 0.0390124 -0.288204 0.05 102057
0 1442 8 phononTS 0.000926764 0.0390124 -0.288204 0.049998 102057 0.00034743 1 0.0325478 -0.180411 0.05 112286
0 1460 2 phononTF 0.000869605 2.28005 3.60639 -0.0335734 604.648 0.00069486 1 0.0508343 -0.280068 0.05 2521.8
0 1462 3 phononTS 0.00188356 -1.09386 2.38387 0.0314025 10623.3 0.00104229 1 0.046958 -0.232157 0.05 15242.8
0 1489 3 phononTS 0.00218898 2.38201 2.54272 -0.0107131 4817.41 0.00069486 1 -0.0724927 -0.127417 0.05 44622.4
0 1519 2 phononTS 0.00189626 1.91571 3.81555 -0.0327285 99.8674 0.00069486 1 -0.0759437 -0.219673 0.05 11529.5
0 1553 3 phononTS 0.00132777 2.69488 4.09503 0.0421667 8561.73 0.00069486 1 -0.0651857 -0.195209 0.05 35282.6
0 1553 8 phononTS 0.000471551 -0.0651857 -0.195209 0.049999 35282.6 0.00034743 1 -0.0829459 -0.18494 0.05 35341.8
0 1559 2 phononTS 0.00261049 2.47791 4.02489 0.0013716 1840.69 0.00069486 1 0.094751 -0.177114 0.05 10319.9
0 1582 3 phononL 0.00156563 1.92208 3.34523 0.00709277 299.246 0.00034743 1 -0.0309365 -0.224785 0.05 64213.3
0 1583 5 phononTS 0.00151999 -1.5567 3.37275 -0.00282075 34436.6 0.00069486 1 0.0493127 -0.264835 0.05 44894.7
0 1643 2 phononTF 0.00248712 2.34003 2.55073 0.0429274 2981.43 0.00104229 1 -0.0805529 -0.244853 0.05 36882.6
0 1654 3 phononTF 0.00197883 2.5104 2.99408 -0.0113964 1357.36 0.00034743 1 0.0510551 -0.243603 0.05 32346.7
0 1654 7 phononTS 0.000367676 0.0510551 -0.243603 0.049999 32346.7 0.00034743 1 0.0296647 -0.263429 0.05 32409
0 1677 2 phononTS 0.00149337 2.27583 3.50859 0.040119 2677.8 0.00104229 1 -0.0748985 -0.169779 0.05 35656.4
0 1723 4 phononTF 0.000530377 2.74935 3.89049 0.0476923 2285.22 0.00034743 1 -0.0916427 -0.134663 0.05 54708.9
0 1770 3 phononTS 0.00233577 1.07828 3.54816 0.0161981 5391.83 0.00034743 1 0.0469652 -0.142568 0.05 71935.4
0 1770 5 phononTS 0.00106624 0.0469652 -0.142568 0.049999 71935.4 0.00034743 1 0.0444423 -0.191247 0.05 72065.1
0 1772 9 phononTF 0.000897978 -3.73633 1.80494 0.0115675 83158.1 0.00034743 1 -0.0547746 -0.21063 0.05 134523
0 1777 4 phononTF 0.00177527 2.2563 -0.667348 0.0106956 48202.3 0.00034743 1 0.084151 -0.182 0.05 63299.1
0 1801 3 phononTS 0.00219932 2.079 4.5098 -0.0293315 7252.34 0.00034743 1 -0.0044423 -0.200198 0.05 32771
0 1850 3 phononTF 0.00216591 2.7224 4.53125 0.0443087 1510.49 0.00069486 1 -0.0390399 -0.287785 0.05 16055.1
0 1872 2 phononTF 0.00147038 2.20412 3.78178 -0.00932499 10.7095 0.00034743 1 0.0272531 -0.128116 0.05 19768.9
0 1933 3 phononL 0.00195722 2.63765 3.51741 0.0252851 1827.34 0.00104229 1 -0.0724172 -0.218761 0.05 20475.5
0 1933 11 phononTS 0.00054761 -0.0724172 -0.218761 0.049999 20475.5 0.00034743 1 -0.0129928 -0.211756 0.05 22225.6
0 1964 5 phononL 0.000557541 4.36699 4.88564 0.00543916 5352.16 0.00034743 1 -0.02216 -0.214007 0.05 90207.2
0 2061 4 phononTS 0.000625128 -3.15963 -3.66012 0.0211948 59228.9 0.00034743 1 0.0646372 -0.176901 0.05 73594.4
0 2099 3 phononTF 0.00247247 2.78368 4.61943 -0.0477922 2260.39 0.00034743 1 -0.0631803 -0.194437 0.05 35718.6
0 2101 5 phononTF 0.00138478 -2.93757 4.0303 -0.0271442 53346 0.00034743 1 0.0441418 -0.177476 0.05 71103.4
0 2126 2 phononTS 0.00128203 2.08487 4.77293 0.0183345 9797.34 0.00069486 1 0.077098 -0.176788 0.05 20067.8
0 2147 5 phononL 0.000842136 -3.73938 0.975954 -0.0270344 55346.6 0.00034743 1 0.0606093 -0.151962 0.05 85545.9
0 2155 2 phononTS 0.00136687 1.57128 2.21351 0.0236499 3697.05 0.00034743 1 0.0770137 -0.171649 0.05 91745.3
0 2157 4 phononTF 0.000657213 2.35738 4.06695 -0.0489567 9078.03 0.00034743 1 -0.0963969 -0.247736 0.05 29195
0 2163 5 phononTS 0.00124022 -4.91586 -0.737488 -0.0423175 27183.7 0.00034743 1 0.0388362 -0.106518 0.05 43924.6
0 2166 4 phononTS 0.00105613 3.84128 2.20435 0.0414356 8156.85 0.00034743 1 -0.0398572 -0.257194 0.05 61716.7
0 2175 3 phononL 0.00183952 -1.53544 4.01993 -0.0458681 12006.8 0.00034743 1 0.0927869 -0.150467 0.05 14855.3
0 2181 2 phononTS 0.00165419 2.31861 3.76692 -0.021167 961.947 0.00034743 1 0.104005 -0.14633 0.05 9219.68
0 2182 5 phononTS 0.00152309 3.52853 2.72048 -0.0263838 11360.1 0.00034743 1 -0.0671506 -0.190602 0.05 17327.2
0 2182 6 phononL 0.000530303 -0.0671506 -0.190602 0.049999 17327.2 0.00034743 1 0.031432 -0.136098 0.05 18066.2
0 2185 3 phononTS 0.00160279 1.72114 3.57167 0.0270766 672.484 0.00034743 1 0.0956195 -0.1687 0.05 11411.6
0 2197 4 phononTS 0.00161697 4.81386 1.89956 -0.008387 17873.5 0.00069486 1 0.0623494 -0.276904 0.05 45762.3
0 2202 4 phononTS 0.000956598 0.189698 0.694983 -0.0455978 32763.5 0.00034743 1 0.036503 -0.251969 0.05 59803
0 2224 4 phononTF 0.00182158 2.83584 1.23977 -0.0285557 18692.5 0.00034743 1 -0.04261 -0.182627 0.05 47153.2
0 2276 3 phononTS 0.00134692 2.80358 3.47873 -0.00552491 453.104 0.00069486 1 -0.0305804 -0.108047 0.05 41796.5
0 2310 3 phononTF 0.00265827 0.199841 3.01787 0.0118346 5833.64 0.00034743 1 -0.0198688 -0.210573 0.05 12114.4
0 2315 4 phononTF 0.00147702 1.14882 3.61609 0.00691323 34154.7 0.00034743 1 0.0899812 -0.167303 0.05 67461.7
0 2360 3 phononTS 0.0016595 3.32102 3.15251 0.00634922 9887.29 0.00034743 1 -0.0998415 -0.189229 0.05 31234.1
0 2360 5 phononTF 0.00107975 -0.0998415 -0.189229 0.049999 31234.1 0.00034743 1 -0.0873666 -0.135107 0.05 31294.6
0 2369 2 phononTF 0.00152293 3.30995 4.76324 -0.0381426 3971.72 0.00034743 1 -0.0615888 -0.164751 0.05 146757
0 2369 7 phononTS 0.00111044 -0.0615888 -0.164751 0.049999 146757 0.00034743 1 0.0438442 -0.170657 0.05 146836
0 2407 3 phononL 0.00136775 4.57313 3.87119 0.00185284 6255.51 0.00034743 1 0.0655231 -0.178839 0.05 11964.7
0 2415 4 phononTS 0.00141701 0.283613 -0.401059 0.00192225 40423.6 0.00034743 1 0.0797745 -0.215716 0.05 41035.1
0 2415 8 phononTS 0.000647567 0.0797745 -0.215716 0.049999 41035.1 0.00034743 1 -0.0485814 -0.272548 0.05 63135
0 2430 3 phononTS 0.00103362 3.24759 4.56728 0.0236695 5140.19 0.00034743 1 -0.042933 -0.210675 0.05 11830.6
0 2442 2 phononTS 0.00187689 2.38479 3.78041 0.006861 6939.55 0.00069486 1 0.022219 -0.174775 0.05 29378.6
0 2461 2 phononTS 0.0020759 2.5227 3.55918 0.0281705 10260 0.00104229 1 -0.0895678 -0.26011 0.05 19657.1
0 2463 3 phononL 0.00131794 1.00273 4.87681 0.0320113 8506.51 0.00034743 1 -0.0992462 -0.164537 0.05 33544.4
0 2468 3 phononTF 0.00146084 2.40319 3.94077 0.0256791 1946.32 0.00034743 1 0.0365878 -0.164832 0.05 9208.78
0 2478 3 phononTF 0.000801901 1.54077 2.40352 -0.0423531 7517.29 0.00034743 1 0.0415442 -0.0969476 0.05 33910.6
0 2502 2 phononTS 0.00127349 1.90696 3.68919 -0.0297799 998.912 0.00069486 1 0.0762656 -0.195255 0.05 37953.4
0 2519 3 phononTS 0.00178521 3.07237 2.02482 0.0117372 35883.4 0.00034743 1 0.119434 -0.186807 0.05 43599.4
0 2523 3 phononTF 0.00210993 1.26758 3.4051 0.0419569 7855.98 0.00034743 1 -0.0392211 -0.201433 0.05 115192
0 2583 2 phononTS 0.00195726 2.25408 3.84304 -0.00232715 19.1347 0.00034743 1 -0.0648341 -0.241962 0.05 27941.1
0 2583 6 phononTS 0.000892432 -0.0648341 -0.241962 0.049998 27941.1 0.00034743 1 -0.113323 -0.180414 0.05 28104.1
0 2585 2 phononTF 0.00127986 3.08343 3.07412 0.0167826 2737.33 0.00069486 1 -0.0766535 -0.2567 0.05 81436.4
0 2625 2 phononTF 0.00105856 2.402 3.54615 -0.0215012 418.76 0.00034743 1 -0.0582304 -0.196365 0.05 51949.5
0 2644 2 phononTS 0.00159874 0.57944 -0.105094 -0.017741 21083.1 0.00034743 1 -0.0750017 -0.24377 0.05 23504
0 2683 2 phononTS 0.00203805 2.31937 3.88264 -0.00809992 248.345 0.00034743 1 0.0280017 -0.190964 0.05 28552.5
0 2683 5 phononTS 0.000619251 0.0280017 -0.190964 0.049999 28552.5 0.00034743 1 -0.0510016 -0.292175 0.05 28637.3
0 2683 4 phononTS 0.000538856 0.0280017 -0.190964 0.049999 28552.5 0.00034743 1 -0.0408279 -0.297424 0.05 33268.6
0 2726 2 phononTS 0.00170161 2.26095 4.06273 -0.00647741 356.547 0.00069486 1 -0.0347116 -0.192638 0.05 130134
0 2749 2 phononTS 0.00159936 1.71142 4.33327 -0.0453636 7693.57 0.00034743 1 -0.109362 -0.221901 0.05 35312.8
0 2749 6 phononTF 0.000568856 -0.109362 -0.221901 0.049999 35312.8 0.00034743 1 -0.0958884 -0.197028 0.05 35393.9
0 2757 2 phononTS 0.00180399 1.67649 3.72335 -0.0349934 2876.18 0.00034743 1 -0.0615277 -0.249605 0.05 29962.8
0 2757 5 phononTS 0.00054982 -0.0615277 -0.249605 0.049999 29962.8 0.00034743 1 -0.0621748 -0.168854 0.05 30119.4
0 2764 3 phononL 0.00191286 2.42585 4.8969 0.0358361 16815.6 0.00069486 1 -0.086067 -0.200755 0.05 156273
0 2784 2 phononTF 0.0026542 2.63737 3.718 -0.0425853 1634.77 0.00104229 1 -0.0770369 -0.280326 0.05 20747.5
0 2797 3 phononTF 0.00236595 2.86001 4.07424 0.0285644 934.189 0.00034743 1 -0.0632821 -0.134214 0.05 29743.1
0 2797 2 phononTS 0.00163405 2.86001 4.07424 0.0285644 934.189 0.00034743 1 -0.078213 -0.205741 0.05 52912.1
0 2816 3 phononTS 0.00213622 2.26456 3.87453 -0.02813 31.2721 0.00034743 1 0.0981993 -0.19986 0.05 55715.5
0 2816 7 phononL 0.000354634 0.0981993 -0.19986 0.049998 55715.5 0.00034743 1 -0.069122 -0.163838 0.05 55892
0 2834 5 phononTS 0.00110765 4.62055 -3.86899 0.0336607 34443.4 0.00034743 1 0.0447622 -0.188682 0.05 55442
0 2854 5 phononTS 0.0015951 1.80374 0.653184 -0.0481311 14944.5 0.00069486 1 0.0239681 -0.249873 0.05 29666
0 2901 4 phononL 0.0013913 3.0801 -0.768905 -0.0218145 15459.1 0.00034743 1 -0.0737645 -0.192445 0.05 83912.8
0 2914 2 phononTF 0.00166921 3.09194 3.86552 -0.033305 810.362 0.00034743 1 0.0882714 -0.241701 0.05 20687.8
0 2941 2 phononTS 0.00155328 -0.387785 4.79693 -0.0101066 15398.8 0.00069486 1 0.0711554 -0.124757 0.05 18363.5
0 2975 5 phononTS 0.000977263 -0.0217705 4.58285 -0.0456397 24951.3 0.00034743 1 0.0522665 -0.22565 0.05 27205.9
0 3026 3 phononTS 0.00237101 1.51202 2.74408 -0.0332639 7663.65 0.00034743 1 0.0317687 -0.15362 0.05 87646.8
0 3056 2 phononTF 0.00205181 2.22275 3.66534 -0.0447853 2176.18 0.00034743 1 -0.0430194 -0.152716 0.05 16196.7
0 3056 7 phononTS 0.0012261 -0.0430194 -0.152716 0.049999 16196.7 0.00034743 1 -0.101742 -0.187945 0.05 47589.3
0 3056 11 phononTF 0.000541265 -0.101742 -0.187945 0.049999 47589.3 0.00034743 1 -0.0997064 -0.251734 0.05 47649.3
0 3059 4 phononTF 0.00103665 -0.95043 3.27689 -0.00434082 7635.77 0.00034743 1 0.0798817 -0.279867 0.05 38657.7
0 3059 9 phononTF 0.000353509 0.0798817 -0.279867 0.049999 38657.7 0.00034743 1 -0.0531476 -0.299334 0.05 38835.3
0 3083 5 phononTF 0.00132774 2.49855 -1.19383 -0.0381524 22618.9 0.00034743 1 -0.0185508 -0.250076 0.05 30198.1
0 3124 3 phononTF 0.00200434 3.51807 2.48606 0.00557891 5628.41 0.00034743 1 -0.0596095 -0.19095 0.05 34756.8
0 3129 3 phononTS 0.0021632 0.987712 2.62424 -0.0365445 20741.8 0.00104229 1 0.108323 -0.195989 0.05 54484.1
0 3179 2 phononTF 0.00129926 2.35562 3.43069 0.0305348 4620.35 0.00069486 1 -0.0267361 -0.125248 0.05 30517.6
0 3195 3 phononL 0.00178046 2.91703 3.99405 0.029342 16109.7 0.00069486 1 0.0610637 -0.176081 0.05 50313.8
0 3244 3 phononTS 0.00232394 2.06111 3.12207 -0.016264 1054.48 0.00069486 1 -0.0829697 -0.129253 0.05 41088
0 3244 4 phononTS 0.000639846 -0.0829697 -0.129253 0.049998 41088 0.00034743 1 -0.0424092 -0.130978 0.05 41307
0 3244 2 phononTF 0.00167606 2.06111 3.12207 -0.016264 1054.48 0.00034743 1 -0.0518909 -0.264758 0.05 17911.3
0 3245 2 phononTF 0.00116291 2.36112 3.66354 0.00310992 31.9829 0.00034743 1 0.0450066 -0.128116 0.05 13605.6
0 3266 5 phononTS 0.000788632 0.594426 -1.06673 -0.0415614 95924.6 0.00034743 1 -0.0416594 -0.208892 0.05 117298
0 3281 3 phononTF 0.00133322 1.57077 4.73103 -0.0176198 4195.61 0.00034743 1 0.087268 -0.228009 0.05 40690.7
0 3281 5 phononL 0.000757236 0.087268 -0.228009 0.049999 40690.7 0.00034743 1 0.0775925 -0.226689 0.05 40847.4
0 3332 2 phononTS 0.00139182 1.67036 3.84783 -0.0419283 7140.49 0.00069486 1 0.0420618 -0.248731 0.05 22026.2
0 3373 3 phononTF 0.00200628 3.15116 4.0235 -0.0440202 2900.29 0.00034743 1 0.0247984 -0.204308 0.05 27799.7
0 3387 3 phononTS 0.00232614 2.39403 3.47861 -0.0125581 1976.86 0.00104229 1 0.0605013 -0.107381 0.05 30389.4
0 3405 3 phononTS 0.00268542 0.992555 3.1396 0.00667086 3373.34 0.00069486 1 -0.0290287 -0.150353 0.05 10195.9
0 3405 7 phononTS 0.000887734 -0.0290287 -0.150353 0.049999 10195.9 0.00034743 1 0.0376307 -0.232801 0.05 10272.5
0 3417 2 phononTF 0.0016156 -0.342296 3.85721 -0.027097 10419.7 0.00069486 1 0.0512179 -0.269203 0.05 29053.6
0 3432 3 phononTS 0.00181728 3.2687 4.3233 0.025072 12581 0.00034743 1 -0.0323032 -0.142223 0.05 27033.9
0 3444 3 phononTF 0.00134322 2.63513 4.14811 -0.0406322 1801.24 0.00034743 1 -0.0649582 -0.220111 0.05 4167.69
0 3515 2 phononL 0.00192415 2.24718 3.61727 -0.0450384 281.46 0.00034743 1 0.0703025 -0.267532 0.05 56308.5
0 3515 5 phononTF 0.00115891 0.0703025 -0.267532 0.049999 56308.5 0.00034743 1 0.0656887 -0.255066 0.05 56374.7
0 3550 2 phononTS 0.00291131 0.0564025 4.88454 0.0301799 6928.36 0.00069486 1 0.0446277 -0.225052 0.05 24452.2
0 3550 8 phononTS 0.00119855 0.0446277 -0.225052 0.049999 24452.2 0.00034743 1 -0.0373216 -0.15117 0.05 24533.6
0 3578 2 phononL 0.00144942 2.19518 4.21218 0.00782914 602.754 0.00104229 1 -0.095155 -0.140141 0.05 7084.1
0 3586 4 phononL 0.000616186 2.25313 3.91589 0.0461093 14788 0.00034743 1 0.0507882 -0.139109 0.05 61519.8
0 3611 4 phononTS 0.00135778 3.14248 4.62608 0.0361919 16441.4 0.00034743 1 0.0933093 -0.145599 0.05 97570.8
0 3612 4 phononTS 0.00115399 -0.0448779 1.09285 0.00343237 20671.8 0.00034743 1 -0.0537793 -0.172199 0.05 37307.7
0 3662 2 phononL 0.00177819 2.48995 3.33669 -0.0288624 1715.48 0.00034743 1 -0.0355737 -0.177015 0.05 32212.8
0 3662 6 phononTS 0.000678574 -0.0355737 -0.177015 0.049999 32212.8 0.00034743 1 -0.0468897 -0.175289 0.05 32273.5
0 3669 2 phononTF 0.00218373 2.38976 3.79413 0.048355 103.816 0.00069486 1 0.0505148 -0.169852 0.05 65490.4
0 3680 5 phononTS 0.00136785 -0.472039 0.778663 0.00932582 17384.4 0.00034743 1 0.0990387 -0.137657 0.05 18797
0 3711 3 phononTS 0.00209068 1.88097 3.53004 0.0138014 149.395 0.00034743 1 -0.0284923 -0.26442 0.05 18128.5
0 3711 4 phononTS 0.00117511 -0.0284923 -0.26442 0.049998 18128.5 0.00034743 1 -0.0634781 -0.204285 0.05 90713.9
0 3711 11 phononTS 0.000793845 -0.0634781 -0.204285 0.049999 90713.9 0.00069486 1 0.0585534 -0.291583 0.05 90802.6
0 3712 3 phononTS 0.00265027 2.51072 4.59968 0.00105344 16334.7 0.00104229 1 -0.105411 -0.167063 0.05 52888.1
0 3754 3 phononTS 0.00222088 4.54982 2.14996 0.0405078 9828.66 0.00138972 1 0.0450132 -0.249498 0.05 37711.2
0 3835 5 phononTF 0.000818875 2.40722 2.58493 -0.0301493 16711.6 0.00034743 1 0.0521057 -0.219349 0.05 30109.6
0 3848 3 phononTF 0.00225713 2.38161 4.95759 -0.0175577 12464.9 0.00069486 1 0.0883402 -0.142197 0.05 41625.7
0 3852 7 phononTS 0.00148177 4.28168 -1.27174 -0.030351 24813.5 0.00069486 1 -0.0419886 -0.252019 0.05 40993.7
0 3871 4 phononTS 0.000576557 0.72316 -0.351819 0.0227035 22364.9 0.00034743 1 0.0412621 -0.29483 0.05 28930.3
0 3880 5 phononTS 0.00134494 3.80341 -2.27718 0.0296374 32653.9 0.00034743 1 0.0800437 -0.152008 0.05 41701
0 3955 3 phononL 0.00151684 0.861938 3.61197 -0.000853384 5303.65 0.00034743 1 0.0783068 -0.236473 0.05 9873.76
0 3959 2 phononTF 0.00127737 2.78487 3.50596 0.0340807 4748.15 0.00034743 1 0.0291716 -0.221298 0.05 22647.5
0 4038 3 phononTS 0.00163266 1.19587 3.28 0.00706706 5922.89 0.00034743 1 -0.116608 -0.181382 0.05 37550
0 4046 2 phononTS 0.00160034 3.47711 4.22563 0.0144373 3692.4 0.00034743 1 0.0785732 -0.169028 0.05 18818.5
0 4058 2 phononTS 0.00166941 3.38243 3.50575 -0.0370717 3370.04 0.00104229 1 0.0963258 -0.211451 0.05 72641.7
0 4058 4 phononTS 0.000433974 0.0963258 -0.211451 0.049999 72641.7 0.00034743 1 0.0762774 -0.225321 0.05 72705.6
0 4162 3 phononTS 0.00170638 3.41266 3.21704 0.0118747 10560.9 0.00069486 1 0.0326829 -0.214138 0.05 47595.6
0 4167 2 phononTF 0.0016383 2.24279 3.75103 -8.10456e-05 1.48957 0.00104229 1 -0.110119 -0.22162 0.05 15739.7
0 4204 4 phononTF 0.000403164 0.78149 0.780242 -0.0116375 11994.5 0.00034743 1 -0.044879 -0.263216 0.05 13804.3
0 4209 3 phononL 0.0017732 1.32875 3.68519 0.00225829 2057.34 0.00034743 1 0.0758371 -0.239907 0.05 5727
0 4210 3 phononL 0.00176949 2.04141 4.90361 -0.0376744 9865.26 0.00069486 1 0.0520766 -0.12469 0.05 44490.6
0 4218 3 phononTS 0.00153916 0.915924 3.03042 -0.0290638 6439.35 0.00069486 1 -0.0365941 -0.113101 0.05 26224.6
0 4261 3 phononTF 0.00250995 1.6174 2.41807 -0.0467337 3929.46 0.00034743 1 -0.112697 -0.232985 0.05 52525.4
0 4261 4 phononTS 0.00165197 -0.112697 -0.232985 0.049999 52525.4 0.00034743 1 -0.0623886 -0.166507 0.05 52595.4
0 4301 2 phononTF 0.00202092 1.4669 2.16709 0.025604 8282.68 0.00034743 1 0.041945 -0.142545 0.05 66796.2
0 4321 2 phononTS 0.00221368 2.04865 3.652 -0.0359273 1009.05 0.00034743 1 -0.0537266 -0.118448 0.05 47431.9
0 4336 3 phononTS 0.00115264 3.44201 4.8226 0.0390267 7296.9 0.00069486 1 0.0618432 -0.225271 0.05 12147.1
0 4351 3 phononTF 0.00175866 4.05559 2.06828 -0.0316392 3999.13 0.00069486 1 -0.109764 -0.241392 0.05 40523.2
0 4358 5 phononTF 0.00160079 0.227472 -0.0114685 -0.0404131 17107.7 0.00034743 1 -0.055158 -0.25352 0.05 19952.7
0 4358 6 phononTS 0.00058136 -0.055158 -0.25352 0.049999 19952.7 0.00034743 1 0.0644339 -0.191282 0.05 20183.3
0 4366 3 phononTS 0.00170984 3.65702 4.89309 -0.0253142 8689.68 0.00104229 1 0.097039 -0.157903 0.05 17600.8
0 4381 3 phononL 0.0019391 2.92245 3.98065 -0.0416236 4724.48 0.00034743 1 -0.0434947 -0.151399 0.05 69078.4
0 4381 5 phononTS 0.000611187 -0.0434947 -0.151399 0.049999 69078.4 0.00034743 1 -0.042251 -0.23465 0.05 69156.1
0 4393 2 phononTF 0.00172772 1.88126 4.56222 -0.0396935 1509.19 0.00034743 1 -0.039303 -0.0974155 0.05 61758.1
0 4423 5 phononTS 0.000907786 1.67127 0.45593 -0.00410679 31097.5 0.00069486 1 0.0566333 -0.110234 0.05 74510.2
0 4482 5 phononTF 0.00143203 -1.74981 3.89414 -0.0389474 13774.8 0.00034743 1 0.0411718 -0.291692 0.05 56097.4
0 4493 3 phononL 0.00289312 2.12784 3.76817 -0.011169 170.923 0.00069486 1 -0.0904594 -0.230131 0.05 36173.3
0 4504 3 phononTS 0.00191065 0.350558 4.49357 0.0495884 3901.07 0.00034743 1 0.018238 -0.233325 0.05 35205.2
0 4508 5 phononTS 0.00136808 -0.685079 -4.76243 -0.00896036 71297.8 0.00034743 1 -0.0361525 -0.294376 0.05 81650.6
0 4508 8 phononTF 0.000934035 -0.0361525 -0.294376 0.049999 81650.6 0.00034743 1 0.0281621 -0.279708 0.05 81711.6
0 4518 3 phononTF 0.00272015 3.69204 3.33439 0.0162346 4790.86 0.00069486 1 0.080264 -0.248006 0.05 44323.3
0 4538 2 phononTF 0.00145321 0.342856 4.56099 0.0206706 4910.86 0.00034743 1 -0.105389 -0.155791 0.05 22661.7
0 4555 2 phononL 0.00205788 2.10485 2.82191 0.0122638 2303.06 0.00069486 1 0.0872664 -0.256135 0.05 15177.8
0 4582 2 phononTS 0.00160137 1.2671 2.98757 -0.009171 10209.1 0.00069486 1 -0.0632102 -0.276532 0.05 41575.7
0 4605 3 phononTS 0.0022596 2.147 4.68305 0.0366963 1467.66 0.00034743 1 0.0286498 -0.113318 0.05 17443.6
0 4605 6 phononTS 0.000750545 0.0286498 -0.113318 0.049999 17443.6 0.00034743 1 0.107669 -0.224449 0.05 17697.7
0 4643 2 phononTF 0.00124359 2.25364 3.68466 0.000748708 30.224 0.00034743 1 0.0314768 -0.27916 0.05 4081.5
0 4643 4 phononTF 0.000759325 0.0314768 -0.27916 0.049999 4081.5 0.00034743 1 0.072337 -0.133514 0.05 4427.76
0 4680 2 phononTS 0.00158166 2.27489 1.35164 0.00164441 14473.5 0.00069486 1 -0.0376683 -0.245269 0.05 56546.5
0 4682 4 phononTS 0.00139361 1.18093 -1.31882 0.0386836 16750.5 0.00034743 1 0.0145507 -0.182367 0.05 19146
0 4682 7 phononTS 0.000948052 0.0145507 -0.182367 0.049999 19146 0.00034743 1 0.0790171 -0.24405 0.05 19218.7
0 4682 12 phononL 0.000359915 0.0790171 -0.24405 0.049999 19218.7 0.00034743 1 0.0307517 -0.193748 0.05 19288.5
0 4687 2 phononTS 0.00163977 4.61245 3.44802 -0.000383592 16974.9 0.00034743 1 0.0615517 -0.16126 0.05 67887.9
0 4695 2 phononL 0.00199717 2.67422 3.20139 -0.0499348 7193.12 0.00069486 1 -0.0763784 -0.195732 0.05 29022.7
0 4700 3 phononTF 0.00260841 2.41741 3.29117 0.025262 2927.71 0.00104229 1 0.0878867 -0.169038 0.05 7266.34
0 4701 2 phononTS 0.00187403 2.0416 4.63961 0.0450761 2597.07 0.00069486 1 0.0399255 -0.273754 0.05 48196.5
0 4737 2 phononTS 0.00174908 0.742811 3.471 0.0488213 4669.08 0.00034743 1 -0.0622351 -0.191848 0.05 35546.5
0 4773 5 phononTS 0.001454 3.24925 -1.92721 0.0477395 90713 0.00034743 1 -0.0999327 -0.188488 0.05 117637
0 4773 7 phononTF 0.000605341 -0.0999327 -0.188488 0.049999 117637 0.00034743 1 0.0595035 -0.155191 0.05 117869
0 4789 2 phononTS 0.00202248 2.13984 4.10111 -0.00724069 724.763 0.00034743 1 -0.0612312 -0.117583 0.05 28916.5
0 4799 4 phononTS 0.00163769 4.67067 3.10941 0.0249021 2908.95 0.00069486 1 0.0493908 -0.122668 0.05 57786.1
0 4801 5 phononL 0.000952453 3.87125 2.48565 -0.0355108 11802.9 0.00034743 1 -0.0401128 -0.119739 0.05 55352.2
0 4827 3 phononL 0.00185702 2.27079 2.68317 -0.0433906 10524 0.00034743 1 0.0825731 -0.199392 0.05 60292.9
0 4827 5 phononTF 0.00129479 0.0825731 -0.199392 0.049999 60292.9 0.00034743 1 -0.0932664 -0.259921 0.05 60385.4
0 4960 5 phononTF 0.00166133 0.627414 3.29766 0.0281003 15251.2 0.00034743 1 0.0540395 -0.144496 0.05 74265.2
0 4982 3 phononTS 0.00250804 0.79929 4.82986 -0.0373931 4697.21 0.00138972 1 0.0923768 -0.228321 0.05 22459.5
0 4982 10 phononTS 0.000420172 0.0923768 -0.228321 0.049999 22459.5 0.00034743 1 0.0121703 -0.21361 0.05 22543.2
