Run ID,Event ID,Track ID,Particle Name,Start Energy [eV],Start X [mm],Start Y [mm],Start Z [mm],Start Time [ns],Energy Deposited [eV],Track Weight,End X [mm],End Y [mm],End Z [mm],Final Time [ns],Volume Name
0 2 5 phononTF 0.0015376 -0.521116 -1.18028 -0.0315897 12040.7 0.00034743 1 0.0306528 -0.191134 0.05 21976.4
0 7 2 phononTF 0.00165821 -0.166649 -3.0134 -0.0498213 4741.07 0.00034743 1 0.040691 -0.136169 0.05 42684.1
0 29 4 phononTS 0.000546044 3.32768 -4.55726 -0.0421291 39761 0.00034743 1 -0.0373955 -0.106707 0.05 59137.3
0 43 3 phononTS 0.00148096 1.15018 -4.65029 0.00582014 1823.49 0.00034743 1 -0.0443402 -0.211988 0.05 7295.23
0 59 4 phononTS 0.00107355 1.98445 1.88169 -0.0377603 76993.5 0.00034743 1 -0.0900127 -0.180975 0.05 92427.5
0 101 3 phononTS 0.00191167 -2.42855 -3.338 -0.0138157 20753.4 0.00069486 1 -0.0560172 -0.159331 0.05 36797.7
0 110 2 phononTS 0.0008058 0.723532 -3.52836 -0.0436042 4910.55 0.00034743 1 -0.081514 -0.250974 0.05 25220.3
0 114 5 phononTS 0.0023203 0.0195191 -4.4403 0.00147774 18484.6 0.00069486 1 -0.0981873 -0.244418 0.05 57467.9
0 114 7 phononTF 0.00119888 -0.0981873 -0.244418 0.049999 57467.9 0.00034743 1 0.111912 -0.218023 0.05 57641.3
0 146 3 phononTS 0.0021056 0.417639 -4.2467 -0.0294366 743.864 0.00069486 1 -0.0674789 -0.225327 0.05 62024.7
0 146 9 phononTS 0.000364094 -0.0674789 -0.225327 0.049999 62024.7 0.00034743 1 0.114712 -0.189684 0.05 62406.1
0 149 5 phononTS 0.00161259 2.07961 -3.36011 0.00325476 7650.55 0.00034743 1 0.0453465 -0.219773 0.05 45352.3
0 192 3 phononTS 0.00173272 -0.126787 -4.58776 0.0174694 2864.6 0.00034743 1 0.0227459 -0.182916 0.05 15179.5
0 192 4 phononTS 0.00129688 0.0227459 -0.182916 0.049999 15179.5 0.00034743 1 -0.0428747 -0.306486 0.05 15699.2
0 272 5 phononL 0.00130911 2.23145 -3.37577 -0.00120681 28590.8 0.00034743 1 0.0831677 -0.201941 0.05 44447.3
0 272 8 phononL 0.000737136 0.0831677 -0.201941 0.049998 44447.3 0.00034743 1 0.0507747 -0.298722 0.05 49928.2
0 349 3 phononTF 0.00190817 2.10944 -4.84287 0.0273638 4354.01 0.00069486 1 -0.118312 -0.176834 0.05 12768.9
0 372 2 phononTF 0.000906394 -0.0129735 -4.60403 0.0320168 1191.5 0.00034743 1 0.0510527 -0.107689 0.05 5301.4
0 412 2 phononTS 0.00258303 0.653757 -2.55421 -0.0422611 20311.8 0.00069486 1 -0.0268314 -0.174587 0.05 26681.6
0 412 4 phononTS 0.000645377 -0.0268314 -0.174587 0.049998 26681.6 0.00034743 1 0.0493496 -0.276084 0.05 26761.5
0 505 2 phononTS 0.00300472 0.0343567 -4.68797 0.0152435 4201.95 0.00034743 1 -0.0908429 -0.149896 0.05 17785.9
0 505 4 phononTS 0.000713483 -0.0908429 -0.149896 0.049999 17785.9 0.00034743 1 0.0756143 -0.119856 0.05 78179.3
0 519 2 phononTS 0.00184439 1.72724 -4.79297 -0.00492548 2415.39 0.00034743 1 -0.108709 -0.218806 0.05 15771.7
0 525 3 phononTS 0.00239529 0.983626 -3.88193 -0.00034281 7089.85 0.00034743 1 -0.102917 -0.180888 0.05 23735.1
0 525 4 phononTS 0.000641692 -0.102917 -0.180888 0.049999 23735.1 0.00034743 1 -0.0183187 -0.211389 0.05 89992.3
0 527 2 phononTS 0.001735 2.80948 -3.46392 0.0414685 9035.64 0.00034743 1 -0.0405149 -0.260174 0.05 54054.6
0 527 4 phononTF 0.000802219 -0.0405149 -0.260174 0.049999 54054.6 0.00034743 1 -0.0731535 -0.122282 0.05 59171.6
0 614 5 phononTF 0.00110406 -3.1552 -4.88765 -0.0158586 53877.8 0.00034743 1 -0.104374 -0.255608 0.05 78395.6
0 621 2 phononTF 0.00186989 -2.06737 -2.92695 0.0249987 6444 0.00034743 1 0.0310438 -0.249269 0.05 14903.6
0 675 2 phononTS 0.00162814 1.03113 -2.11473 0.00135946 9154.06 0.00034743 1 0.0406273 -0.261958 0.05 61450
0 690 3 phononTS 0.00181721 0.557852 -4.41872 0.0376795 683.231 0.00069486 1 -0.0559584 -0.288433 0.05 33966.1
0 702 4 phononL 0.00124632 0.395178 -1.92357 -0.0457364 4134.29 0.00069486 1 -0.104141 -0.256648 0.05 28915.1
0 702 2 phononTF 0.00136809 0.0706317 -4.98022 -0.0431621 667.737 0.00034743 1 0.0828998 -0.187779 0.05 24849.1
0 769 2 phononTF 0.000787472 -0.989773 -4.29181 0.00520343 13984.3 0.00034743 1 0.103638 -0.241211 0.05 21590.5
0 783 3 phononTS 0.00175813 -0.682972 -4.60747 -0.0310875 3283.65 0.00034743 1 0.0509327 -0.173326 0.05 37786
0 783 4 phononTF 0.00113839 0.0509327 -0.173326 0.049998 37786 0.00034743 1 0.0595034 -0.169223 0.05 37875.8
0 803 2 phononL 0.00103191 1.63632 -4.08497 0.0493555 2396.82 0.00034743 1 0.101998 -0.157967 0.05 35857.9
0 860 2 phononTS 0.00244965 0.0596799 -4.97374 -0.00552739 3264.22 0.00034743 1 0.0805283 -0.145683 0.05 82728.9
0 863 3 phononTF 0.00164401 -0.508861 -3.01124 -0.0385886 14355.2 0.00069486 1 0.0523043 -0.154518 0.05 76818.1
0 908 2 phononTF 0.00226711 -0.405822 -4.98757 0.0282054 5714.73 0.00069486 1 -0.066842 -0.255618 0.05 20520.4
0 920 2 phononL 0.00169659 1.22942 -3.77372 -0.0385088 22024.6 0.00104229 1 -0.0261021 -0.158907 0.05 43310
0 932 2 phononTF 0.000398192 0.250412 -4.55817 -0.0400101 2122.31 0.00034743 1 0.0423062 -0.230108 0.05 28610.9
0 934 2 phononTF 0.00220521 -0.364949 -0.205343 -0.0256071 18856 0.00069486 1 -0.0982533 -0.135428 0.05 20810.5
0 1002 2 phononTF 0.00285639 0.432068 -4.72172 -0.0462433 974.167 0.00069486 1 0.0571488 -0.13501 0.05 8037.03
0 1029 3 phononTS 0.00151661 0.832199 -3.38946 0.0278745 8081.69 0.00034743 1 0.0514137 -0.26899 0.05 58579.5
0 1051 3 phononTS 0.00209055 0.209468 -4.4317 -0.0150668 16253.1 0.00034743 1 -0.0687715 -0.137986 0.05 24153.6
0 1118 3 phononTS 0.00208307 0.219111 -4.72133 -0.0111 8.09101 0.00034743 1 -0.0148856 -0.215743 0.05 53554.8
0 1123 3 phononTS 0.00252874 0.837275 -4.20872 0.0384839 1319.14 0.00069486 1 0.0982409 -0.165766 0.05 28626.9
0 1137 2 phononTS 0.00162313 -0.277712 -3.54499 -0.0108147 6800.29 0.00034743 1 -0.0141145 -0.203194 0.05 12432.5
0 1152 2 phononTS 0.00201716 0.80803 -0.856012 -0.0160349 12506.8 0.00034743 1 0.0735961 -0.216234 0.05 17143.5
0 1172 2 phononTF 0.00223388 -0.0910528 -4.91328 0.00889187 1873.92 0.00034743 1 0.0597122 -0.135166 0.05 90449.6
0 1197 4 phononTS 0.00167129 3.44882 -3.79116 0.0419042 6975.97 0.00069486 1 -0.0417088 -0.264122 0.05 154313
0 1220 2 phononTS 0.0014547 -0.730327 -3.87023 -0.0172986 5497.67 0.00034743 1 -0.0553426 -0.200868 0.05 38182.3
0 1258 5 phononTF 0.00148751 0.677553 -4.84166 0.0021191 7426.29 0.00069486 1 0.0831687 -0.191624 0.05 14994.5
0 1259 4 phononTF 0.000814317 4.4906 0.200578 0.039361 16400.8 0.00034743 1 -0.069315 -0.114136 0.05 38395.7
0 1261 2 phononTS 0.00234579 -0.522274 -4.16188 -0.0390334 2676.59 0.00069486 1 0.0347756 -0.15667 0.05 18587.4
0 1273 2 phononL 0.00134954 -1.25593 -4.47413 0.00339294 9031.73 0.00034743 1 0.0322874 -0.191285 0.05 47061.5
0 1273 5 phononTS 0.000826241 0.0322874 -0.191285 0.049999 47061.5 0.00034743 1 0.0174772 -0.229429 0.05 47125.9
0 1345 2 phononTF 0.00106555 0.657232 -4.93611 -0.0002955 2211.29 0.00034743 1 0.0943097 -0.151088 0.05 22796.8
0 1345 7 phononTS 0.000422901 0.0943097 -0.151088 0.049999 22796.8 0.00034743 1 -0.0433901 -0.283216 0.05 22891.7
0 1385 5 phononL 0.00199834 -0.0618369 -0.109035 -0.009151 18786.5 0.00104229 1 -0.0365089 -0.0992155 0.05 18799.2
0 1441 3 phononTF 0.00173493 -0.51257 -4.49581 0.0209137 1765.74 0.00034743 1 0.052744 -0.199011 0.05 53223.1
0 1458 2 phononTF 0.0014499 -0.790352 -4.89099 0.0135803 2990.81 0.00034743 1 -0.101438 -0.158984 0.05 15290.2
0 1465 3 phononTS 0.00281253 -0.755072 -4.0697 0.0358159 2185.01 0.00104229 1 0.0288514 -0.202199 0.05 18990
0 1467 3 phononTF 0.00173561 -0.169477 -4.01081 -0.0272096 2244.47 0.00069486 1 -0.0794433 -0.236603 0.05 14602.9
0 1488 2 phononTS 0.00159194 -3.85835 -4.39293 -0.0266323 8021.35 0.00069486 1 0.0446577 -0.164983 0.05 15073.2
0 1499 2 phononTS 0.00235092 1.33132 -4.0736 -0.0141449 11945.1 0.00069486 1 -0.0321665 -0.285698 0.05 38914.9
0 1499 6 phononTF 0.000953128 -0.0321665 -0.285698 0.049999 38914.9 0.00034743 1 -0.0504932 -0.287452 0.05 38985.9
0 1549 3 phononTS 0.0023654 0.389532 -4.11529 0.0481487 6086.68 0.00069486 1 -0.0191637 -0.188457 0.05 35526.7
0 1549 7 phononTS 0.000574345 -0.0191637 -0.188457 0.049999 35526.7 0.00034743 1 0.0334593 -0.284563 0.05 35836.9
0 1553 2 phononTF 0.00122296 1.64011 -3.93051 0.00891185 19104.1 0.00069486 1 -0.0597818 -0.2426 0.05 48527.9
0 1559 3 phononTF 0.00114389 0.2511 -4.72872 -0.0357998 5933.31 0.00034743 1 -0.0280162 -0.215379 0.05 87994.9
0 1598 2 phononTS 0.00199912 0.839056 -4.4103 0.0434551 2082.38 0.00069486 1 -0.0139461 -0.209823 0.05 39676.4
0 1603 3 phononTS 0.00232143 -0.0435244 -4.63028 0.0427269 481.49 0.00069486 1 -0.109215 -0.211335 0.05 58399.3
0 1629 2 phononTS 0.00286558 1.04411 -2.01608 -0.0343108 10689.2 0.00069486 1 0.0489838 -0.12875 0.05 13171.8
0 1669 3 phononTF 0.00200487 -2.66979 -1.94287 -0.00781527 19786.3 0.00069486 1 0.0377479 -0.108904 0.05 83299.4
0 1669 2 phononTF 0.00199513 -2.66979 -1.94287 -0.00781527 19786.3 0.00069486 1 0.0467813 -0.146347 0.05 75886.4
0 1671 2 phononTS 0.00166151 3.48975 -3.63499 -0.0419181 11757.5 0.00034743 1 0.101631 -0.230825 0.05 39752
0 1697 2 phononTF 0.00118307 0.106058 -4.24494 -0.00612819 4085.94 0.00069486 1 0.102798 -0.172014 0.05 30501
0 1826 3 phononTS 0.00223058 0.801029 -4.67889 0.0263904 528.754 0.00034743 1 -0.0344922 -0.166379 0.05 17022.4
0 1845 5 phononTF 0.00233284 0.302088 -0.100979 0.0165869 17425.2 0.00069486 1 -0.0793203 -0.1401 0.05 18106.6
0 1866 2 phononTF 0.00187921 -1.00782 -3.50331 0.0180861 5476.57 0.00104229 1 -0.058833 -0.113441 0.05 30378.6
0 1879 2 phononL 0.00219858 0.152561 -4.69774 -0.0047395 633.668 0.00034743 1 -0.0967764 -0.160666 0.05 8264.69
0 1879 7 phononTF 0.00044686 -0.0967764 -0.160666 0.049999 8264.69 0.00034743 1 0.0216884 -0.247215 0.05 12465.5
0 1879 6 phononTS 0.000650676 -0.0967764 -0.160666 0.049999 8264.69 0.00034743 1 -0.0966471 -0.154176 0.05 8321.12
0 1888 2 phononTS 0.00270981 -0.360158 -3.46685 -0.0134731 9996.83 0.00034743 1 0.0336987 -0.267893 0.05 13409.9
0 1888 4 phononTF 0.00191711 0.0336987 -0.267893 0.049999 13409.9 0.00034743 1 0.0705236 -0.252241 0.05 15243.9
0 1888 13 phononTS 0.000560607 0.0705236 -0.252241 0.049999 15243.9 0.00034743 1 0.0402665 -0.217908 0.05 15307.4
0 1892 2 phononL 0.00123054 0.226728 -4.99778 -0.0371937 275.681 0.00069486 1 -0.0543865 -0.167759 0.05 51541.8
0 1932 2 phononTF 0.00192832 -0.232565 -3.80929 0.0483882 5807.43 0.00034743 1 0.0591399 -0.262963 0.05 152101
0 1955 3 phononTS 0.00252383 0.353068 -3.89643 0.0325891 7784.39 0.00104229 1 -0.0330789 -0.202989 0.05 13385.1
0 1970 3 phononTF 0.00153976 0.855228 -3.29658 -0.0310247 8881.71 0.00069486 1 0.0866426 -0.172237 0.05 26422.7
0 1998 3 phononTF 0.00183975 0.448792 -4.90036 -0.0467498 3584.87 0.00034743 1 -0.0278988 -0.246891 0.05 32623.6
0 2017 4 phononTS 0.00103227 -0.821371 0.48738 0.0229441 48047.7 0.00034743 1 0.104993 -0.156679 0.05 78591.2
0 2036 4 phononL 0.00182301 -2.046 -4.37619 -0.0137203 13915.1 0.00069486 1 -0.0299927 -0.180041 0.05 51897.7
0 2053 4 phononL 0.00183499 0.707596 -3.73337 -0.0285556 6071.53 0.00034743 1 0.0476139 -0.171989 0.05 55540.7
0 2053 8 phononTS 0.00086189 0.0476139 -0.171989 0.049998 55540.7 0.00034743 1 -0.0313171 -0.216206 0.05 55748.9
0 2068 3 phononTS 0.00226124 2.41944 -4.61929 -0.00993428 14045.4 0.00034743 1 0.0372039 -0.287823 0.05 51155.1
0 2076 3 phononTS 0.00184159 -0.362882 -2.68957 -0.044071 22576.8 0.00104229 1 -0.0246185 -0.194192 0.05 93874.4
0 2084 5 phononTF 0.00126629 0.60937 -4.8698 0.0477664 8219.45 0.00034743 1 0.048601 -0.245141 0.05 64335.1
0 2097 2 phononTS 0.00206745 0.537988 -3.76195 -0.020306 7385.93 0.00034743 1 -0.106501 -0.160735 0.05 28003.9
0 2097 4 phononTS 0.000814737 -0.106501 -0.160735 0.049999 28003.9 0.00034743 1 0.034852 -0.096232 0.05 28455.9
0 2097 11 phononTS 0.000409338 0.034852 -0.096232 0.049999 28455.9 0.00034743 1 -0.0278578 -0.238384 0.05 28889.6
0 2116 3 phononTF 0.00126007 0.0817584 -4.39402 -0.0174733 737.158 0.00034743 1 -0.0475573 -0.20004 0.05 46188.8
0 2126 2 phononTF 0.00149617 -0.473421 -3.12068 0.0468041 4689.94 0.00034743 1 -0.0551557 -0.296565 0.05 12554.2
0 2126 10 phononTS 0.000868926 -0.0551557 -0.296565 0.049999 12554.2 0.00034743 1 -0.0551393 -0.284095 0.05 12611.4
0 2128 2 phononTF 0.00248323 0.177914 -4.90396 0.0140814 1401.96 0.00104229 1 -0.0648275 -0.153701 0.05 41477.4
0 2147 2 phononL 0.00177582 -0.0372189 -4.63616 0.019807 2838.4 0.00034743 1 0.0523563 -0.165159 0.05 29129.4
0 2155 2 phononTS 0.00235624 -1.2924 -4.28996 -0.0488614 2932.44 0.00069486 1 -0.0746094 -0.128773 0.05 60728.7
0 2196 3 phononTS 0.00206291 1.0379 -4.45656 0.0069895 1613.21 0.00034743 1 0.0803215 -0.239897 0.05 6234.49
0 2201 4 phononL 0.00113695 -0.392338 -4.37355 0.0308351 3283.18 0.00034743 1 0.0673992 -0.263308 0.05 103411
0 2238 2 phononL 0.00225198 0.429483 -4.96503 0.00672531 442.344 0.00104229 1 -0.0542569 -0.234084 0.05 3954.85
0 2240 4 phononL 0.000746087 -1.68079 -3.08315 -0.0109361 26914.7 0.00034743 1 0.0501483 -0.164811 0.05 106867
0 2245 3 phononTF 0.00228338 -1.022 -4.65506 0.0387906 2654.56 0.00034743 1 -0.0515024 -0.211875 0.05 16217.9
0 2251 2 phononTS 0.00187836 0.268645 -4.8553 0.00332081 75.6086 0.00034743 1 -0.102289 -0.249668 0.05 14572.9
0 2251 6 phononL 0.000394206 -0.102289 -0.249668 0.049998 14572.9 0.00034743 1 -0.113965 -0.171056 0.05 14737.3
0 2251 4 phononTF 0.000731289 -0.102289 -0.249668 0.049998 14572.9 0.00034743 1 -0.0932137 -0.248229 0.05 14635.8
0 2289 5 phononL 0.000885763 0.0344148 -3.70586 -0.0349361 46506.1 0.00034743 1 0.0476919 -0.128296 0.05 55382.3
0 2303 3 phononTS 0.00250786 0.321385 -4.74099 -0.0218919 1714.95 0.00034743 1 -0.0508263 -0.157777 0.05 23947.7
0 2314 2 phononL 0.0016829 -0.244903 -4.77164 -0.011246 2564.41 0.00034743 1 0.0822222 -0.160461 0.05 5062.88
0 2314 4 phononTS 0.000596222 0.0822222 -0.160461 0.049999 5062.88 0.00034743 1 -0.0774955 -0.123202 0.05 6493.48
0 2352 3 phononTS 0.00225067 2.0376 -4.18547 -0.0402375 17190.2 0.00034743 1 0.101943 -0.212468 0.05 43285.2
0 2352 5 phononTF 0.00161655 0.101943 -0.212468 0.049999 43285.2 0.00034743 1 -0.0334996 -0.150437 0.05 43850.5
0 2403 2 phononTF 0.00130694 -0.6919 -4.88461 0.0143038 3357.55 0.00034743 1 0.0640834 -0.221826 0.05 23634.2
0 2406 3 phononL 0.00149795 0.692715 -4.8945 0.0470479 860.404 0.00069486 1 0.0578431 -0.185013 0.05 91070.1
0 2415 2 phononTS 0.0019568 -1.29816 -4.97816 -0.0450688 11317 0.00069486 1 -0.0969138 -0.189492 0.05 17436.2
0 2459 4 phononTS 0.00145781 -1.30942 -3.78529 -0.00353873 7164.86 0.00034743 1 -0.0941027 -0.16985 0.05 16903.1
0 2521 4 phononL 0.00154227 -1.11964 -4.64146 0.00060388 7288.91 0.00034743 1 0.0307 -0.147409 0.05 25026.6
0 2525 2 phononTS 0.00160148 -0.728543 -4.71996 0.0347273 1156.59 0.00034743 1 0.098507 -0.264333 0.05 27462.3
0 2525 6 phononL 0.000544037 0.098507 -0.264333 0.049999 27462.3 0.00034743 1 -0.035907 -0.264809 0.05 27933.2
0 2562 3 phononTF 0.00183777 0.119547 -4.68657 -0.0437137 30.1736 0.00104229 1 -0.0529555 -0.20906 0.05 3843.38
0 2592 5 phononTS 0.00136488 -0.789294 -2.52751 0.0112442 8616.83 0.00069486 1 0.0287155 -0.178227 0.05 16251.6
0 2592 6 phononL 0.000391013 0.0287155 -0.178227 0.049999 16251.6 0.00034743 1 0.0886421 -0.220459 0.05 17459.1
0 2592 2 phononL 0.00149342 -0.340868 -4.75434 -0.0086848 1132.61 0.00069486 1 0.0729441 -0.139132 0.05 47143.4
0 2592 17 phononTF 0.000355133 0.0729441 -0.139132 0.049999 47143.4 0.00034743 1 -0.0958407 -0.160498 0.05 52424.6
0 2599 5 phononTS 0.00243526 3.49919 -3.3294 -0.0138361 11964.7 0.00034743 1 0.0340175 -0.227098 0.05 50428.1
0 2648 5 phononL 0.00156866 0.386678 0.092182 0.0174958 29706 0.00069486 1 0.0473805 -0.251332 0.05 31362.1
0 2648 10 phononTS 0.000473854 0.0473805 -0.251332 0.049998 31362.1 0.00034743 1 -0.0600989 -0.210557 0.05 31745.5
0 2733 3 phononL 0.00196671 1.40263 -4.99291 -0.0278628 9863.4 0.00138972 1 0.0423941 -0.277713 0.05 21099.4
0 2745 3 phononL 0.00142115 0.182667 -4.8012 -0.0036451 15.99 0.00034743 1 0.0552014 -0.209205 0.05 55271.6
0 2745 4 phononTF 0.000584154 0.0552014 -0.209205 0.049999 55271.6 0.00034743 1 0.0579394 -0.292753 0.05 55333.8
0 2823 2 phononTS 0.00196395 -0.52727 -3.97653 -0.0441486 5083.02 0.00034743 1 -0.0563295 -0.264671 0.05 35424.6
0 2830 4 phononTS 0.000879616 3.96246 -2.14716 -0.0150748 17281.8 0.00034743 1 0.0431444 -0.16355 0.05 24960.7
0 2830 8 phononTS 0.000351695 0.0431444 -0.16355 0.049999 24960.7 0.00034743 1 -0.0362234 -0.132135 0.05 25101.6
0 2833 3 phononTF 0.00213166 0.965298 -4.81011 0.0345303 1177.85 0.00069486 1 0.0626416 -0.126597 0.05 16120.4
0 2833 2 phononL 0.00186834 0.965298 -4.81011 0.0345303 1177.85 0.00069486 1 0.0778466 -0.163289 0.05 10590
0 2833 18 phononTS 0.00047717 0.0778466 -0.163289 0.049999 10590 0.00034743 1 0.0577566 -0.132442 0.05 10655.9
0 2878 2 phononTS 0.0017507 1.07674 -3.94381 0.0317686 4469.97 0.00069486 1 0.0683749 -0.113007 0.05 45214.3
0 2902 2 phononL 0.00102351 2.28622 -4.8229 0.0265012 20560.7 0.00034743 1 -0.0295794 -0.187823 0.05 68774
0 2919 3 phononTF 0.00237651 -0.142398 -3.80487 -0.0130485 9939.89 0.00034743 1 -0.0542823 -0.0996682 0.05 28645.9
0 2928 3 phononTS 0.00187533 -0.939949 -4.9323 -0.0311041 3690.03 0.00104229 1 -0.10233 -0.169279 0.05 22335.2
0 2938 5 phononL 0.00190923 1.82 -3.69648 -0.0127949 4997.57 0.00034743 1 0.045779 -0.173511 0.05 42583.4
0 2938 7 phononTS 0.00094172 0.045779 -0.173511 0.049999 42583.4 0.00034743 1 0.055619 -0.173464 0.05 42697.7
0 2940 4 phononTS 0.000487968 3.22487 0.360658 -0.0390951 35393.4 0.00034743 1 0.0349353 -0.167503 0.05 77132.8
0 2947 3 phononTF 0.00224046 0.247989 -4.75225 -0.00329544 0.826115 0.00034743 1 -0.0274939 -0.198785 0.05 23422.5
0 2947 5 phononTS 0.0015256 -0.0274939 -0.198785 0.049999 23422.5 0.00069486 1 -0.0957643 -0.245946 0.05 24013.2
0 2992 3 phononTF 0.00223267 0.250573 -4.75014 -0.000401113 0.134671 0.00069486 1 -0.0255985 -0.252767 0.05 49472.5
0 2992 4 phononTS 0.00091389 -0.0255985 -0.252767 0.049999 49472.5 0.00034743 1 -0.0206325 -0.146602 0.05 49676.3
0 2992 12 phononTF 0.000360659 -0.0206325 -0.146602 0.049999 49676.3 0.00034743 1 -0.0372184 -0.147489 0.05 49734.4
0 2997 2 phononTS 0.00158182 0.907223 -4.96297 -0.0419898 3817.64 0.00034743 1 0.0458898 -0.17447 0.05 68347.3
0 3013 5 phononL 0.00123217 -2.94524 -4.17459 0.0415372 13812.1 0.00034743 1 0.0808012 -0.180298 0.05 68321.8
0 3031 2 phononTS 0.00170102 -0.078316 -3.67104 0.000739029 4519.82 0.00034743 1 0.0437251 -0.186739 0.05 13774.1
0 3042 2 phononTF 0.00258602 1.18215 -3.37631 -0.0372249 12381.8 0.00034743 1 0.0290977 -0.304744 0.05 17822.6
0 3078 3 phononL 0.00182942 1.0256 -4.76889 0.0388321 12265 0.00034743 1 0.0558672 -0.25229 0.05 72300.2
0 3113 3 phononTF 0.00228013 0.180698 -4.77046 -0.0151507 21.7534 0.00069486 1 -0.0155895 -0.204351 0.05 52485.7
0 3171 2 phononTS 0.00138139 1.49399 -4.83575 0.00966279 10628.9 0.00034743 1 -0.0628783 -0.29552 0.05 13146.2
0 3175 3 phononTS 0.00202075 1.57411 -4.82508 0.0132576 7033.58 0.00034743 1 0.105411 -0.204262 0.05 22685.3
0 3217 2 phononTF 0.0012309 1.49131 -4.65747 -0.0136822 6707.28 0.00069486 1 0.0382703 -0.244233 0.05 71530
0 3220 2 phononTF 0.000546577 -1.25047 -4.07085 0.0366123 3988.35 0.00034743 1 0.106189 -0.249532 0.05 18768.1
0 3230 3 phononTS 0.00224515 0.773797 -4.93291 -0.0409559 2641.93 0.00138972 1 0.0315429 -0.300667 0.05 10587.6
0 3252 5 phononTS 0.00212132 1.71026 -2.402 0.0462511 12418.2 0.00034743 1 -0.0806178 -0.133407 0.05 33547.1
0 3279 2 phononTS 0.00191887 2.41623 -4.74592 0.012303 6659.45 0.00069486 1 -0.0364571 -0.2978 0.05 19366.4
0 3286 3 phononTF 0.00208183 2.56878 -1.98671 -0.0254343 10549.3 0.00034743 1 0.0739426 -0.199932 0.05 29694.6
0 3416 3 phononTS 0.00242496 0.132295 -2.49391 0.0266058 7291.89 0.00069486 1 -0.033138 -0.198775 0.05 20560.3
0 3431 2 phononTS 0.00156192 -1.33339 -2.77384 0.0343562 17821.3 0.00034743 1 0.0731889 -0.186429 0.05 40865.2
0 3439 2 phononTS 0.0022587 0.198258 -4.78805 0.0229322 14882.2 0.00069486 1 -0.0403307 -0.119 0.05 32204.4
0 3439 12 phononTS 0.000370705 -0.0403307 -0.119 0.049999 32204.4 0.00034743 1 0.0335278 -0.203122 0.05 32286.1
0 3439 4 phononTF 0.000494281 -0.0403307 -0.119 0.049999 32204.4 0.00034743 1 -0.0720269 -0.187711 0.05 32268.8
0 3441 4 phononL 0.00127494 -0.718076 -2.49555 -0.0129387 13138.9 0.00069486 1 -0.0524049 -0.185899 0.05 33047.7
0 3445 5 phononTS 0.00153009 0.859455 -4.533 0.0470391 2230.82 0.00034743 1 -0.104031 -0.197083 0.05 8361.43
0 3452 3 phononTF 0.00223627 0.640539 -1.52962 0.0473261 11085.8 0.00069486 1 -0.0940672 -0.192195 0.05 15533.1
0 3478 3 phononL 0.00178013 1.17387 -4.15917 0.0180758 12491.6 0.00034743 1 -0.0390033 -0.220725 0.05 21894.1
0 3519 3 phononTS 0.00236568 0.225369 -4.58698 -0.00704285 163.026 0.00069486 1 -0.114011 -0.211325 0.05 10652.3
0 3524 3 phononTS 0.00186004 0.376076 -4.79117 0.0269428 37.2074 0.00034743 1 -0.0498806 -0.205313 0.05 43619.6
0 3531 2 phononTS 0.00166133 0.480967 -3.77009 0.0213374 1798.78 0.00034743 1 -0.117576 -0.20375 0.05 12866.8
0 3538 2 phononL 0.00160465 0.874044 -3.70737 -0.0337407 2756.91 0.00034743 1 0.0969102 -0.177335 0.05 56957
0 3547 3 phononTF 0.00227701 -0.107548 -0.780869 -0.0128447 16934 0.00034743 1 -0.109363 -0.219264 0.05 18020.8
0 3590 3 phononTS 0.00238714 0.506612 -3.88064 -0.0439976 1742.19 0.00034743 1 0.0170027 -0.204833 0.05 11104.4
0 3590 5 phononTS 0.000484081 0.0170027 -0.204833 0.049999 11104.4 0.00034743 1 0.0152466 -0.236178 0.05 11162.4
0 3595 2 phononTF 0.00141082 -0.0217986 -4.30681 -0.0320462 14287.6 0.00034743 1 0.0284264 -0.292866 0.05 21831.9
0 3637 3 phononTS 0.00249885 1.80018 -0.263833 0.0116952 11129.4 0.00104229 1 -0.0553409 -0.103364 0.05 64848.2
0 3664 2 phononTF 0.000881192 -0.113451 -4.40565 0.02705 212.676 0.00034743 1 -0.0697353 -0.193232 0.05 32689.4
0 3699 3 phononTS 0.0020416 0.00855366 -3.78811 -0.0417326 7150.02 0.00034743 1 -0.0464448 -0.286105 0.05 13229.1
0 3699 5 phononTF 0.0012777 -0.0464448 -0.286105 0.049999 13229.1 0.00034743 1 0.0808562 -0.231277 0.05 13400
0 3702 2 phononL 0.00177804 -1.12268 -2.27692 -0.0311953 19637.1 0.00034743 1 0.0592334 -0.218412 0.05 26495.8
0 3790 3 phononTS 0.00238438 0.302829 -4.88528 0.0312608 29.1787 0.00069486 1 -0.0184271 -0.175364 0.05 35616.4
0 3790 5 phononTS 0.000580555 -0.0184271 -0.175364 0.049999 35616.4 0.00034743 1 -0.0732876 -0.157106 0.05 183494
0 3790 4 phononTS 0.000598644 -0.0184271 -0.175364 0.049999 35616.4 0.00034743 1 -0.0708435 -0.194056 0.05 36320.5
0 3819 2 phononTF 0.00135638 -0.54321 -4.77498 0.0168672 8880.85 0.00069486 1 0.110533 -0.180662 0.05 46000.6
0 3832 3 phononTS 0.00120044 2.05247 -4.04854 -0.00150552 4098.28 0.00069486 1 0.0940368 -0.184121 0.05 12240
0 3870 2 phononTS 0.00300389 0.20945 -4.71841 0.0271302 137.435 0.00034743 1 0.041628 -0.177842 0.05 20859.8
0 3876 3 phononTF 0.00150301 -2.4775 -4.34063 0.047539 3413.88 0.00034743 1 0.0696533 -0.165102 0.05 53342.2
0 3882 3 phononTS 0.00219778 1.10828 -4.04252 0.0264682 5328.95 0.00034743 1 -0.064164 -0.184787 0.05 21868.8
0 3885 2 phononTS 0.00137931 -0.303927 -4.33204 0.0331896 2795.95 0.00069486 1 0.0160352 -0.16133 0.05 39256.9
0 3898 3 phononTS 0.00214764 0.00976516 -3.72872 0.042228 5347.4 0.00034743 1 0.0654006 -0.277509 0.05 11905.6
0 3920 2 phononTF 0.0025007 3.925 -2.91958 -0.0207229 16016.1 0.00069486 1 -0.0495395 -0.219826 0.05 85741.6
0 3934 2 phononTS 0.00187634 1.26943 -4.97746 -0.0250268 4371.78 0.00034743 1 0.107987 -0.189355 0.05 9614.54
0 3936 2 phononTS 0.002215 0.267107 -4.39138 0.0371425 2312.88 0.00069486 1 0.0968929 -0.224218 0.05 11207.9
0 3936 8 phononTF 0.000760097 0.0968929 -0.224218 0.049999 11207.9 0.00034743 1 0.0329328 -0.285141 0.05 11640.7
0 3953 5 phononL 0.000846222 0.139394 -4.77469 -0.0285391 2296.51 0.00034743 1 0.0374688 -0.095806 0.05 12583.7
0 3960 2 phononTS 0.00233341 -0.654411 -4.91806 -0.0220305 3801.17 0.00069486 1 0.0556111 -0.170547 0.05 33290.6
0 3977 5 phononTS 0.00105304 3.14723 2.60692 -0.0477713 19371.9 0.00069486 1 0.0933421 -0.19838 0.05 113358
0 3979 3 phononTF 0.00138329 -0.290761 -4.22795 0.0476452 6224.37 0.00034743 1 -0.0673718 -0.187356 0.05 13193.3
0 4045 2 phononTF 0.00114338 -0.146288 -4.64327 0.00965442 10404.2 0.00034743 1 -0.112635 -0.159998 0.05 31894.5
0 4067 2 phononL 0.00184775 0.578037 -2.77194 0.0357463 3986.39 0.00104229 1 0.0276285 -0.120237 0.05 14020.4
0 4067 4 phononTF 0.000352429 0.0276285 -0.120237 0.049999 14020.4 0.00034743 1 -0.0328431 -0.138787 0.05 14081.3
0 4116 3 phononTS 0.00287149 0.164383 -4.12288 -0.00678309 4801.69 0.00104229 1 0.0403341 -0.298995 0.05 7841.26
0 4125 5 phononL 0.00118418 4.27991 -0.231001 -0.0244643 46039.2 0.00034743 1 0.0399119 -0.141876 0.05 54015.9
0 4146 2 phononTS 0.00210947 0.227197 -4.93428 0.0282425 2330.97 0.00034743 1 -0.0740623 -0.283325 0.05 10942.3
0 4166 2 phononTS 0.00161997 0.484722 -4.74077 0.00212056 2329.15 0.00034743 1 -0.0763303 -0.174729 0.05 15917.7
0 4166 5 phononTS 0.0010938 -0.0763303 -0.174729 0.049999 15917.7 0.00069486 1 -0.0166944 -0.229536 0.05 16005.6
0 4207 3 phononL 0.00220824 -0.552153 -3.93003 -0.0315253 2944.57 0.00104229 1 -0.0423653 -0.184428 0.05 14118.4
0 4223 2 phononTF 0.00187198 -0.765977 -3.88063 0.0136728 1182.3 0.00034743 1 -0.0751601 -0.130157 0.05 31491.5
0 4270 4 phononTS 0.00126417 4.87322 -3.06914 -0.0425824 24836.8 0.00034743 1 -0.053219 -0.27456 0.05 86944
0 4289 3 phononTS 0.00281521 0.0580231 -4.798 -0.043492 4044.14 0.00034743 1 0.0929281 -0.228238 0.05 17094.1
0 4376 3 phononTF 0.00134426 0.636908 -3.82432 -0.0408373 4795.21 0.00034743 1 -0.0636632 -0.121042 0.05 58776.7
0 4429 2 phononL 0.00114242 0.250571 -4.98847 -0.0277467 530.694 0.00069486 1 -0.0598244 -0.165735 0.05 42111.2
0 4433 7 phononTS 0.00140794 2.33885 4.45897 0.0208482 41455.6 0.00034743 1 0.0783589 -0.275135 0.05 141502
0 4485 5 phononTS 0.000992263 -1.95901 -4.24941 -0.00539404 7715.48 0.00069486 1 -0.0530904 -0.110359 0.05 23006.8
0 4488 2 phononTF 0.00138948 2.02472 -3.38061 -0.00310872 10141.3 0.00034743 1 0.0690929 -0.268145 0.05 98233.8
0 4488 8 phononTS 0.00061751 0.0690929 -0.268145 0.049999 98233.8 0.00034743 1 -0.075541 -0.207262 0.05 99220.8
0 4502 2 phononTS 0.0013794 1.17391 -4.70994 -0.0414747 12280.6 0.00034743 1 -0.0607618 -0.271644 0.05 36340.4
0 4513 3 phononTF 0.00199351 -1.86824 -4.8852 0.0205621 22047 0.00069486 1 0.0852819 -0.245277 0.05 39096
0 4523 3 phononTF 0.00272161 1.45682 -3.0764 0.0389688 16274.5 0.00069486 1 -0.0212356 -0.147749 0.05 47031.6
0 4523 9 phononTS 0.000639511 -0.0212356 -0.147749 0.049999 47031.6 0.00034743 1 -0.0871637 -0.21402 0.05 47108.6
0 4570 2 phononTS 0.00209714 -0.121058 -2.79202 -0.0144981 10326.1 0.00034743 1 -0.0342884 -0.124734 0.05 14148.4
0 4593 2 phononTS 0.000789917 -1.1851 -4.03903 -0.0371116 2679.42 0.00034743 1 -0.0794965 -0.214564 0.05 11252.8
0 4604 3 phononL 0.00195135 0.0271811 -4.63779 0.0213827 7645.52 0.00034743 1 0.0942531 -0.156355 0.05 40043
0 4615 3 phononTF 0.00181052 0.129394 -4.78065 -0.0474465 8289.88 0.00034743 1 -0.0345352 -0.19118 0.05 17273.4
0 4638 5 phononL 0.00161033 -3.19347 -1.73682 -0.0355141 53794.4 0.00034743 1 0.0710876 -0.202572 0.05 149720
0 4650 2 phononTS 0.00153786 -0.023111 -4.54806 0.000603088 1153.66 0.00034743 1 0.0585499 -0.194204 0.05 36075.7
0 4653 5 phononTS 0.00159355 -4.86868 -3.62717 0.0389864 8448.38 0.00069486 1 -0.0697945 -0.135763 0.05 56512.1
0 4671 3 phononTS 0.00185228 0.103897 -4.63303 0.0279146 3124.64 0.00034743 1 -0.0479496 -0.125619 0.05 22035.9
0 4707 7 phononTS 0.000831524 -0.00190113 -4.79339 0.0239836 30272.8 0.00034743 1 -0.113786 -0.188302 0.05 58647.8
0 4750 2 phononTF 0.00174908 -1.10877 -4.25033 0.030237 4709.79 0.00034743 1 -0.0739777 -0.218183 0.05 92857.6
0 4753 5 phononTS 0.00127113 -1.08063 3.12183 -0.0371871 29229.8 0.00069486 1 0.112498 -0.195219 0.05 36183.7
0 4796 3 phononTS 0.00137449 -0.255197 -4.7429 -0.0286019 4246.06 0.00034743 1 -0.0342375 -0.0974366 0.05 14862.2
0 4803 4 phononL 0.00132365 3.37006 -3.08406 -0.00182031 4579.63 0.00034743 1 0.0572831 -0.297 0.05 35422.7
0 4859 2 phononTS 0.00180883 0.77092 -4.85874 -0.019704 1473.56 0.00069486 1 0.0568056 -0.190272 0.05 50660
0 4897 3 phononL 0.00120433 -0.0602918 -4.52483 0.0480191 1623.23 0.00034743 1 0.0967401 -0.242566 0.05 32929.9
0 4897 5 phononTS 0.000633775 0.0967401 -0.242566 0.049999 32929.9 0.00034743 1 -0.0645883 -0.243 0.05 33625.4
0 4921 3 phononTF 0.00169109 -0.728615 -3.87958 -0.0473421 6894.03 0.00034743 1 0.0725267 -0.270847 0.05 16878.8
0 4947 3 phononL 0.00202222 0.5279 -4.54776 0.0039396 486.251 0.00069486 1 -0.0760083 -0.171508 0.05 23102.1
0 4947 4 phononL 0.000871065 -0.0760083 -0.171508 0.049999 23102.1 0.00034743 1 -0.079796 -0.274484 0.05 23338.8
0 4947 14 phononTF 0.000510388 -0.079796 -0.274484 0.049998 23338.8 0.00034743 1 0.0612469 -0.232354 0.05 24765.6
0 4971 5 phononTF 0.00240949 -1.92407 -3.46815 -0.0244719 19881.4 0.00069486 1 0.101804 -0.258621 0.05 99385.2
0 4971 10 phononTS 0.000826823 0.101804 -0.258621 0.049998 99385.2 0.00034743 1 0.10472 -0.255341 0.05 99441.2
0 4986 2 phononL 0.00250766 0.572938 -4.98897 0.0166659 769.73 0.00069486 1 0.0575456 -0.168218 0.05 17406.7
