Run ID,Event ID,Track ID,Particle Name,Start Energy [eV],Start X [mm],Start Y [mm],Start Z [mm],Start Time [ns],Energy Deposited [eV],Track Weight,End X [mm],End Y [mm],End Z [mm],Final Time [ns],Volume Name
0 6 3 phononTF 0.00111088 2.76792 -0.903561 0.0311379 1714.5 0.00069486 1 -0.0335063 -0.277094 0.05 7385.11
0 18 3 phononTS 0.00270782 1.77546 0.665329 0.00638306 4070.58 0.00034743 1 -0.0556182 -0.272683 0.05 9509.47
0 26 2 phononTF 0.00140227 1.61268 -3.25078 -0.048248 6685.76 0.00034743 1 -0.0761854 -0.132441 0.05 56570.7
0 29 3 phononTF 0.000791468 2.50158 0.0711511 0.049999 2604.63 0.00034743 1 -0.0143837 -0.227409 0.05 62279.2
0 45 4 phononTS 0.000764309 3.4073 0.0297547 0.049999 637.945 0.00034743 1 -0.0634656 -0.190388 0.05 6566.46
0 73 2 phononTF 0.00157744 2.92007 -0.391171 0.044103 601.283 0.00034743 1 0.0322782 -0.171518 0.05 47329.1
0 91 2 phononTS 0.0012873 1.87673 -1.61409 -0.0453621 4284.41 0.00069486 1 -0.0468341 -0.26872 0.05 19304.1
0 103 2 phononTF 0.00165377 1.62253 -0.276755 -0.00636857 2702.76 0.00069486 1 0.0431897 -0.275381 0.05 27611.4
0 103 8 phononTS 0.000384516 0.0431897 -0.275381 0.049999 27611.4 0.00034743 1 0.0499915 -0.274277 0.05 27667.4
0 118 3 phononTF 0.00298907 2.62825 -0.40087 -0.0132109 1106.34 0.00069486 1 0.0764295 -0.235042 0.05 17657
0 144 2 phononL 0.00119362 4.00501 -0.299683 0.0381781 1406.35 0.00034743 1 0.0806947 -0.283639 0.05 30097.4
0 149 4 phononTF 0.00102471 3.33138 0.187827 -0.0194821 2034.02 0.00034743 1 0.0433106 -0.151061 0.05 33826
0 176 2 phononTF 0.00215766 2.65538 -0.0346869 0.0168416 618.948 0.00034743 1 0.0236028 -0.167947 0.05 3709.58
0 192 5 phononTF 0.00143554 2.25341 -0.301274 -0.0290328 7039.5 0.00034743 1 0.0940046 -0.168796 0.05 44132
0 219 3 phononTS 0.000780488 2.72301 0.00136817 0.049999 380.243 0.00034743 1 -0.0252527 -0.266557 0.05 20262.1
0 242 4 phononTS 0.000965014 3.55278 -2.25981 0.00478169 16672.8 0.00034743 1 -0.114573 -0.216425 0.05 87426
0 252 2 phononTF 0.00108512 2.25736 -0.0425605 -0.0129366 1126.6 0.00034743 1 0.0938541 -0.19949 0.05 66361
0 271 2 phononTF 0.000774397 -0.0797851 0.102144 0.049999 8722.08 0.00069486 1 -0.019841 -0.18685 0.05 32785.2
0 287 3 phononTS 0.00153577 1.99336 -0.741097 -0.0222369 3013.94 0.00034743 1 -0.0581078 -0.289758 0.05 33534.8
0 287 4 phononL 0.000892288 -0.0581078 -0.289758 0.049999 33534.8 0.00034743 1 0.0682524 -0.134567 0.05 33587.3
0 360 2 phononTS 0.00189852 2.75031 -0.18333 0.047763 94.3455 0.00034743 1 0.0747822 -0.236754 0.05 7265.39
0 417 5 phononTF 0.000734107 2.69211 0.0828106 0.049999 260.397 0.00034743 1 0.0570721 -0.111631 0.05 27950.4
0 427 2 phononTF 0.00271411 2.92356 -0.744305 -0.00164262 940.53 0.00034743 1 0.0981749 -0.247594 0.05 20562.5
0 479 2 phononTF 0.00165904 3.65432 -0.263713 0.0162322 2679.92 0.00034743 1 0.0534205 -0.135855 0.05 118062
0 506 3 phononL 0.00277494 2.58405 1.24328 0.0276738 2263.67 0.00034743 1 0.060029 -0.227164 0.05 11944.5
0 563 2 phononTS 0.000815983 3.1941 0.00066494 0.049999 334.06 0.00034743 1 -0.105289 -0.182691 0.05 21079.8
0 568 2 phononTS 0.000880812 -0.167824 0.0421811 0.049999 5012.16 0.00034743 1 0.0961758 -0.144674 0.05 5262.56
0 614 4 phononTF 0.000574222 2.01605 4.53685 -0.0256646 49990.9 0.00034743 1 -0.0281713 -0.249012 0.05 73827.3
0 622 3 phononTF 0.00216673 2.66308 -0.408562 0.00484129 955.733 0.00104229 1 0.0507722 -0.240797 0.05 6296.23
0 622 14 phononTF 0.000456048 0.0507722 -0.240797 0.049999 6296.23 0.00034743 1 -0.0668611 -0.140873 0.05 6378.86
0 660 2 phononTS 0.00256205 2.42919 -0.90891 -0.0165323 1820.49 0.00069486 1 -0.105925 -0.250812 0.05 84534.5
0 660 4 phononTS 0.00155291 -0.105925 -0.250812 0.049999 84534.5 0.00034743 1 -0.0414517 -0.261311 0.05 84937.3
0 663 2 phononL 0.00201333 2.74887 -0.0820062 -0.0352049 45.3246 0.00069486 1 0.0709447 -0.181671 0.05 2983.79
0 663 4 phononTS 0.000347681 0.0709447 -0.181671 0.049999 2983.79 0.00034743 1 0.0406508 -0.205806 0.05 3055.31
0 690 5 phononTS 0.00195224 2.24096 -0.860593 -0.034637 7943.58 0.00069486 1 0.106452 -0.193498 0.05 25724.5
0 691 2 phononTS 0.00262831 2.27879 0.120173 0.0362186 2308.08 0.00104229 1 -0.101615 -0.240859 0.05 8675.06
0 691 8 phononTS 0.000422638 -0.101615 -0.240859 0.049999 8675.06 0.00034743 1 0.0685651 -0.259011 0.05 8770.32
0 765 2 phononTS 0.00081421 2.77545 0.105961 0.049999 5096.18 0.00034743 1 0.0135884 -0.205035 0.05 34184
0 778 2 phononTF 0.00201755 3.21868 -0.231851 -0.0305266 294.082 0.00034743 1 -0.0817228 -0.18846 0.05 20091.7
0 778 5 phononTF 0.000911085 -0.0817228 -0.18846 0.049998 20091.7 0.00034743 1 -0.0556119 -0.189591 0.05 20151
0 788 4 phononTS 0.000828012 3.70981 0.105175 0.049999 1320.7 0.00034743 1 -0.106936 -0.20895 0.05 19713.1
0 792 2 phononTS 0.00183358 2.65142 -0.581369 -0.0372132 365.965 0.00034743 1 -0.0908408 -0.235701 0.05 40588.5
0 818 2 phononL 0.00252449 2.68716 -0.342408 0.0137611 21.384 0.00034743 1 0.0667478 -0.276959 0.05 9779.54
0 827 5 phononL 0.000536419 2.46868 0.0263997 0.049998 653.705 0.00034743 1 0.0468042 -0.109468 0.05 71989.1
0 947 2 phononL 0.000467288 3.32574 0.00234992 0.049999 1282.76 0.00034743 1 0.113179 -0.220488 0.05 12302.7
0 970 3 phononTF 0.0019399 1.27067 -1.37844 0.0459291 3511.2 0.00069486 1 -0.0659309 -0.256874 0.05 23470.7
0 1017 3 phononTF 0.00225064 2.67817 -0.167765 0.0228377 20.8027 0.00034743 1 0.0741494 -0.279138 0.05 8715.68
0 1032 3 phononTS 0.000706645 2.81013 0.0457786 0.049999 352.11 0.00034743 1 0.0367453 -0.175528 0.05 24572.2
0 1113 2 phononTS 0.00115309 2.80328 -0.0393321 -0.0416213 336.642 0.00069486 1 0.0707173 -0.197435 0.05 4560.39
0 1173 2 phononTS 0.000391855 2.64987 0.0675949 0.049999 679.69 0.00034743 1 0.0810609 -0.182485 0.05 5751.58
0 1214 3 phononTS 0.00288248 2.27931 0.126181 0.0348864 1552.6 0.00104229 1 -0.048321 -0.268029 0.05 4102.44
0 1227 5 phononTS 0.000637991 2.19023 0.0235087 0.049999 811.433 0.00034743 1 0.0773125 -0.268929 0.05 3989.09
0 1266 2 phononTS 0.00044021 2.97052 0.0632584 0.049999 556.348 0.00034743 1 -0.0278693 -0.127957 0.05 37176.1
0 1289 2 phononTF 0.00219587 3.4598 -1.19724 0.0188329 3198.53 0.00034743 1 -0.0648096 -0.278048 0.05 62987.2
0 1351 3 phononL 0.002105 2.71494 -0.717715 -0.019806 1287.2 0.00069486 1 -0.101944 -0.227387 0.05 26497.2
0 1431 2 phononTS 0.00182032 2.30463 -0.101031 0.0438596 5271.94 0.00034743 1 -0.107995 -0.178733 0.05 27890.4
0 1454 2 phononL 0.00187632 2.1856 -1.17324 -0.0380854 5364.55 0.00069486 1 0.0549353 -0.265651 0.05 7118.65
0 1468 3 phononL 0.00149105 2.76044 -0.261496 -0.00821358 3.21236 0.00069486 1 0.0493529 -0.29579 0.05 9270.36
0 1468 4 phononTS 0.000478638 0.0493529 -0.29579 0.049999 9270.36 0.00034743 1 0.0180691 -0.205127 0.05 9489.57
0 1486 3 phononTS 0.00205023 2.70433 -0.196892 -0.0494418 39.5819 0.00104229 1 0.0549258 -0.264495 0.05 5221.16
0 1514 3 phononL 0.00237404 2.59224 -0.184179 -0.0493653 34.56 0.00034743 1 0.0988048 -0.145023 0.05 24330.3
0 1514 5 phononTS 0.000828067 0.0988048 -0.145023 0.049999 24330.3 0.00034743 1 0.0437698 -0.141244 0.05 24455.2
0 1514 4 phononTS 0.000700296 0.0988048 -0.145023 0.049999 24330.3 0.00034743 1 0.0487505 -0.154 0.05 24496.3
0 1520 3 phononL 0.00145185 3.74454 -1.784 0.00355451 4942.63 0.00034743 1 -0.0126157 -0.201904 0.05 19176.5
0 1564 5 phononTS 0.000995919 0.941208 -3.82185 0.0225856 14483.9 0.00034743 1 -0.0658793 -0.278226 0.05 100898
0 1567 6 phononTF 0.000428007 2.66741 0.055013 0.049999 859.236 0.00034743 1 0.0894092 -0.191704 0.05 5691.62
0 1628 2 phononTS 0.00163259 3.07018 -1.61233 0.0207212 3109.52 0.00034743 1 0.0933639 -0.243788 0.05 147208
0 1637 3 phononTS 0.000526155 2.27373 0.0839768 0.049999 871.724 0.00034743 1 0.0533095 -0.27564 0.05 34265.1
0 1640 2 phononL 0.00176159 3.8777 2.40936 0.0482594 5205.17 0.00034743 1 0.104917 -0.145114 0.05 39816.9
0 1680 3 phononTS 0.00256491 1.45982 -0.386954 0.0232045 1938.63 0.00069486 1 -0.0462393 -0.222593 0.05 9820.35
0 1688 2 phononTF 0.000398465 3.87854 0.0515945 0.049999 1716.73 0.00034743 1 0.0632007 -0.185106 0.05 30140.4
0 1695 2 phononTF 0.00267611 3.19269 -0.0184302 0.000167474 607.301 0.00104229 1 0.0284499 -0.134711 0.05 40838.1
0 1704 2 phononTS 0.00214238 2.70578 -0.187083 -0.0102504 736.098 0.00034743 1 -0.0512737 -0.291212 0.05 44025.9
0 1704 6 phononTF 0.000824844 -0.0512737 -0.291212 0.049999 44025.9 0.00034743 1 -0.0186889 -0.178848 0.05 74164.2
0 1709 2 phononTS 0.00263239 2.16654 -1.40794 0.0136445 9504.3 0.00069486 1 -0.071608 -0.226768 0.05 49009.6
0 1709 4 phononTS 0.00149842 -0.071608 -0.226768 0.049999 49009.6 0.00034743 1 -0.0608046 -0.224718 0.05 49068.1
0 1748 3 phononTS 0.000355874 0.160609 0.0501286 0.049999 5134.26 0.00034743 1 -0.047661 -0.237373 0.05 34000.2
0 1750 2 phononTF 0.00169299 2.8334 -0.214275 0.0445172 174.802 0.00069486 1 0.0175331 -0.167448 0.05 97660.6
0 1750 5 phononTS 0.000623579 0.0175331 -0.167448 0.049999 97660.6 0.00034743 1 0.0757077 -0.148322 0.05 98430.2
0 1759 2 phononTS 0.0012376 2.74709 -0.232221 -0.0208259 16.9111 0.00069486 1 -0.0256578 -0.232921 0.05 17213.4
0 1764 5 phononTS 0.00166903 2.58806 -1.44155 -0.021378 11554.3 0.00034743 1 -0.0304295 -0.119212 0.05 20224.2
0 1853 3 phononTS 0.00221899 3.93946 -0.362102 0.0024561 3718.13 0.00138972 1 0.115443 -0.191276 0.05 41524.8
0 1874 5 phononTS 0.00138395 4.38375 0.531126 0.0426292 6229.7 0.00034743 1 -0.0844344 -0.202116 0.05 15054.2
0 1874 6 phononL 0.000957053 -0.0844344 -0.202116 0.049999 15054.2 0.00034743 1 0.0656938 -0.289699 0.05 15104.8
0 1902 2 phononTF 0.00189492 1.8003 -0.769876 0.0144122 3289.85 0.00069486 1 -0.0341983 -0.200398 0.05 13748.3
0 1904 2 phononTF 0.00080334 3.39887 0.0702763 0.049999 2060.58 0.00069486 1 0.0659394 -0.191682 0.05 41662.5
0 1947 2 phononL 0.00122329 2.97852 -0.480347 -0.0139459 1646.02 0.00034743 1 0.0148767 -0.171398 0.05 69137.1
0 1953 3 phononTF 0.00199406 3.02061 -0.49987 0.0151549 399.134 0.00069486 1 0.0871233 -0.180615 0.05 40709.8
0 1953 6 phononTF 0.000612567 0.0871233 -0.180615 0.049999 40709.8 0.00034743 1 0.0868387 -0.170589 0.05 40775.8
0 1983 5 phononTS 0.000677697 2.48532 0.00800356 0.049999 237.794 0.00034743 1 -0.112148 -0.226112 0.05 27558.6
0 1992 3 phononTS 0.000352186 2.60482 0.0894768 0.049999 4601.78 0.00034743 1 0.0726926 -0.241857 0.05 30526.6
0 2052 3 phononTF 0.00189128 2.36427 -0.623076 -0.00364791 874.496 0.00034743 1 -0.079667 -0.164845 0.05 4434.32
0 2114 2 phononL 0.00229161 2.04519 -1.99669 -0.0303418 14365.9 0.00034743 1 0.0375483 -0.110674 0.05 45476.8
0 2114 7 phononTF 0.000751157 0.0375483 -0.110674 0.049999 45476.8 0.00034743 1 -0.0249951 -0.190287 0.05 45548.5
0 2114 6 phononTS 0.000632828 0.0375483 -0.110674 0.049999 45476.8 0.00034743 1 0.0772328 -0.145965 0.05 45830.5
0 2114 4 phononTS 0.000505459 0.0375483 -0.110674 0.049999 45476.8 0.00034743 1 0.0337951 -0.128741 0.05 45536
0 2120 4 phononL 0.000421573 2.4534 0.0958504 0.049999 635.775 0.00034743 1 -0.0407813 -0.150691 0.05 5368.61
0 2130 5 phononTF 0.00116863 0.548525 -0.421616 -0.000826088 9982.65 0.00034743 1 -0.0425819 -0.130196 0.05 10553.1
0 2144 3 phononTS 0.0018529 2.64234 -0.711249 -0.0337475 665.184 0.00034743 1 0.102645 -0.173177 0.05 11290.2
0 2155 4 phononTS 0.000923513 4.68181 -2.39012 0.0367366 18618.6 0.00034743 1 -0.0361488 -0.211527 0.05 87455.6
0 2159 3 phononTF 0.00233567 1.78091 -2.60825 -0.0319431 7141.26 0.00034743 1 0.112356 -0.187675 0.05 11139.9
0 2159 6 phononTS 0.00165035 0.112356 -0.187675 0.049999 11139.9 0.00034743 1 0.0873511 -0.12248 0.05 11235.4
0 2161 1 phononTS 0.004 2.75 -0.25 0 0 0.00034743 1 0.0632353 -0.208189 0.05 6221.13
0 2161 2 phononTF 0.0032896 0.0632353 -0.208189 0.049999 6221.13 0.00069486 1 0.0938686 -0.19104 0.05 6254.95
0 2190 1 phononTS 0.004 2.75 -0.25 0 0 0.00034743 1 -0.0737144 -0.154442 0.05 4337.33
0 2190 3 phononTF 0.00220247 -0.0737144 -0.154442 0.049999 4337.33 0.00034743 1 0.105196 -0.186228 0.05 5414.31
0 2199 5 phononL 0.000635823 2.63634 0.0245692 0.049999 1421.07 0.00034743 1 -0.0702118 -0.224611 0.05 25276.9
0 2241 2 phononTF 0.00140641 2.42482 -0.555928 -0.0256075 1810.15 0.00034743 1 0.0534699 -0.126596 0.05 131042
0 2244 3 phononTS 0.00069827 3.11975 0.025356 0.049999 309.531 0.00034743 1 -0.0586387 -0.276594 0.05 14126.4
0 2307 2 phononTS 0.00146045 2.77281 -0.537464 0.0425938 92.39 0.00034743 1 -0.106877 -0.184456 0.05 5057.16
0 2326 2 phononTS 0.00140801 1.76189 -2.83555 -0.0338399 8079.13 0.00034743 1 0.0368856 -0.100968 0.05 80400.3
0 2339 3 phononTS 0.00125976 2.70571 -0.538432 -0.0166777 1039.86 0.00034743 1 -0.0202329 -0.204554 0.05 4891.15
0 2392 2 phononTF 0.00128609 2.73974 -0.246535 -0.0108695 2.85233 0.00034743 1 -0.00835525 -0.198524 0.05 37360.9
0 2400 2 phononTS 0.0022069 2.65014 -0.272346 0.00142972 32.8248 0.00034743 1 0.089131 -0.153818 0.05 5627.15
0 2493 5 phononL 0.00119459 -1.53446 -1.57785 0.00270057 44732.4 0.00034743 1 -0.0850382 -0.208819 0.05 61787.7
0 2499 5 phononTF 0.00148279 4.34225 -3.558 0.0086538 7964.34 0.00034743 1 -0.0214311 -0.202035 0.05 41118.4
0 2517 3 phononTF 0.00159513 2.713 -0.381783 -0.0176379 33.2722 0.00034743 1 0.0806779 -0.232329 0.05 118005
0 2525 2 phononL 0.00184412 2.51116 -0.848644 -0.0247934 2059.49 0.00034743 1 0.073478 -0.168492 0.05 3708.88
0 2540 2 phononL 0.00135647 2.80335 -0.510292 -0.0375397 220.615 0.00069486 1 -0.0705628 -0.225226 0.05 23509.3
0 2623 2 phononTF 0.000446747 2.86399 0.0613725 0.049999 478.77 0.00034743 1 -0.0391522 -0.254153 0.05 5727.3
0 2634 3 phononTF 0.00221444 2.92201 -0.219492 0.0425542 1543.81 0.00104229 1 -0.108315 -0.177546 0.05 7535.94
0 2681 2 phononL 0.000692449 3.22848 0.0700199 0.049999 1569.17 0.00034743 1 -0.112963 -0.204576 0.05 7252.27
0 2685 2 phononTS 0.00141793 2.33119 -0.442893 0.0091125 421.135 0.00069486 1 0.0689144 -0.128745 0.05 23647.1
0 2695 5 phononTS 0.000600397 2.9957 0.0795689 0.049999 1322.82 0.00034743 1 -0.0731978 -0.184738 0.05 37019.9
0 2733 3 phononTS 0.000585988 2.68956 0.0212398 0.049999 2193.01 0.00034743 1 0.101345 -0.218379 0.05 19719.2
0 2738 2 phononTS 0.000567106 2.41927 0.0467652 0.049998 195.114 0.00034743 1 0.0754368 -0.277541 0.05 40476.1
0 2754 2 phononL 0.00167777 3.12361 1.7645 0.00760002 4638.07 0.00034743 1 -0.0363143 -0.146905 0.05 10488.7
0 2792 4 phononTF 0.00133735 3.96216 1.72963 -0.00471321 16901.8 0.00069486 1 0.0723442 -0.271028 0.05 44200.8
0 2815 3 phononL 0.00262214 2.67031 -0.339447 0.0082822 699.121 0.00069486 1 -0.0498841 -0.141106 0.05 5407.53
0 2830 2 phononTS 0.000991424 2.74807 -0.213476 0.0335466 37.0313 0.00034743 1 -0.0233972 -0.269407 0.05 134018
0 2855 5 phononTF 0.000575104 2.91983 0.0140473 0.049999 1622.6 0.00034743 1 -0.0362758 -0.173944 0.05 34531
0 2867 2 phononTS 0.000371706 3.11367 0.0205949 0.049999 1087.04 0.00034743 1 0.0673412 -0.292011 0.05 13902.4
0 2948 2 phononTS 0.00226868 4.83149 -2.55022 0.0128059 12587.3 0.00069486 1 0.080903 -0.195088 0.05 53977.1
0 2948 6 phononTS 0.000923641 0.080903 -0.195088 0.049998 53977.1 0.00069486 1 0.0996722 -0.14842 0.05 54057.2
0 2948 4 phononTS 0.000402449 0.080903 -0.195088 0.049998 53977.1 0.00034743 1 -0.0872899 -0.12274 0.05 54157.1
0 2954 3 phononTS 0.00217959 2.69308 -0.381621 -0.0362315 527.426 0.00034743 1 0.0646489 -0.271006 0.05 4680.41
0 2977 3 phononTF 0.000734885 3.08227 0.0339029 0.049999 981.034 0.00034743 1 -0.0559859 -0.259198 0.05 94603.1
0 2989 5 phononTS 0.00177202 -0.0522736 -1.7797 -0.00235667 11151.2 0.00069486 1 -0.0558229 -0.172567 0.05 19513.9
0 3040 7 phononTF 0.000353397 -2.75 4.92586 0.0422688 69295.3 0.00034743 1 0.0342891 -0.204814 0.05 80593.1
0 3043 3 phononL 0.00232809 2.80777 -0.728494 -0.0232951 2485.99 0.00034743 1 -0.0168966 -0.191828 0.05 7500.64
0 3043 5 phononTF 0.000365683 -0.0168966 -0.191828 0.049999 7500.64 0.00034743 1 0.0380905 -0.107886 0.05 7836.9
0 3043 4 phononTF 0.00139197 -0.0168966 -0.191828 0.049999 7500.64 0.00069486 1 -0.0356532 -0.120542 0.05 7562.38
0 3049 2 phononTF 0.00135803 2.23524 -0.894123 -0.0106345 3571.31 0.00069486 1 0.0777733 -0.246631 0.05 13338.9
0 3086 3 phononTF 0.00229848 2.87058 -2.20721 -0.0128792 7701.35 0.00034743 1 -0.114828 -0.199746 0.05 49982.1
0 3086 6 phononTS 0.000696623 -0.114828 -0.199746 0.049999 49982.1 0.00034743 1 -0.0642183 -0.116266 0.05 50113.6
0 3090 3 phononTF 0.00206941 2.59533 -0.0801411 0.045954 376.692 0.00034743 1 -0.0964201 -0.183947 0.05 19001.8
0 3090 4 phononTS 0.00056475 -0.0964201 -0.183947 0.049999 19001.8 0.00034743 1 -0.100822 -0.190799 0.05 19058.1
0 3117 3 phononL 0.00135985 -0.0714919 -0.626137 0.0270396 13256.4 0.00034743 1 0.0901592 -0.256722 0.05 23146.4
0 3147 5 phononTS 0.000753974 2.76604 0.0326196 0.049999 795.779 0.00034743 1 0.0770763 -0.118214 0.05 5225.5
0 3247 2 phononTS 0.00202378 2.96588 -0.722205 0.0147686 3364.82 0.00034743 1 -0.0897125 -0.143012 0.05 25140.7
0 3262 2 phononTS 0.00227226 2.26309 -0.205523 0.0282198 549.207 0.00034743 1 0.0685086 -0.129597 0.05 3426.76
0 3262 5 phononTF 0.00112082 0.0685086 -0.129597 0.049999 3426.76 0.00034743 1 0.0753495 -0.171389 0.05 3490.15
0 3276 5 phononTS 0.00168822 3.36488 1.40544 -0.0314436 2029.6 0.00034743 1 0.0290315 -0.10982 0.05 22936.5
0 3282 6 phononL 0.000510882 2.85167 0.0603794 0.049999 2659.17 0.00034743 1 -0.0455526 -0.239633 0.05 11146.6
0 3284 3 phononTS 0.000837813 2.79006 0.0360634 0.049999 1227.57 0.00034743 1 -0.106891 -0.175092 0.05 52342.1
0 3341 2 phononTF 0.00132279 1.05391 -0.829113 0.0282554 3862.95 0.00034743 1 0.0762824 -0.172819 0.05 6958.51
0 3381 5 phononL 0.000591985 2.81878 0.068298 0.049999 615.967 0.00034743 1 0.0459978 -0.303126 0.05 3003.35
0 3386 3 phononL 0.00175753 2.95047 -0.365991 0.00115952 1622.12 0.00034743 1 0.106502 -0.167687 0.05 3348.94
0 3404 3 phononTF 0.00258993 2.81652 -0.415185 -0.00933578 40.2485 0.00069486 1 0.112952 -0.165954 0.05 16120.4
0 3423 6 phononTF 0.00045465 2.66936 0.0236817 0.049999 810.811 0.00034743 1 0.109037 -0.185301 0.05 43943.3
0 3434 2 phononL 0.00150782 3.10266 0.0880249 0.0212655 1590.96 0.00034743 1 -0.0813647 -0.143034 0.05 23489
0 3434 6 phononTS 0.000800214 -0.0813647 -0.143034 0.049999 23489 0.00069486 1 -0.0994775 -0.149531 0.05 23739.5
0 3479 3 phononTF 0.00222621 4.06116 -1.30014 0.00605658 2232.63 0.00069486 1 -0.11496 -0.169237 0.05 15556.2
0 3482 3 phononL 0.00123566 2.76393 -0.118869 0.038622 27.5735 0.00034743 1 0.103469 -0.165657 0.05 54559.9
0 3504 4 phononTS 0.000831705 2.85266 0.00678346 0.049999 512.223 0.00034743 1 0.0172968 -0.228653 0.05 17093
0 3572 4 phononTS 0.00115659 -2.15496 1.25724 -0.0210305 33856.2 0.00069486 1 0.109703 -0.197774 0.05 84535.1
0 3598 1 phononTS 0.004 2.75 -0.25 0 0 0.00034743 1 0.0781791 -0.230719 0.05 6137.1
0 3598 3 phononTS 0.00222021 0.0781791 -0.230719 0.049999 6137.1 0.00069486 1 0.0723111 -0.256785 0.05 6193.26
0 3649 2 phononTF 0.00109735 1.93233 -0.04293 0.0463362 10714.7 0.00034743 1 -0.0413167 -0.27895 0.05 11883.5
0 3684 4 phononTF 0.000688387 -0.443103 -3.33721 0.0114809 54784.5 0.00034743 1 0.0663618 -0.221083 0.05 87050.3
0 3747 3 phononTF 0.00214027 2.69678 -0.562943 -0.0355535 3122.89 0.00034743 1 0.0482631 -0.270839 0.05 5600.02
0 3761 4 phononL 0.000398657 3.12918 0.0594482 0.049999 1839.27 0.00034743 1 0.0427214 -0.166679 0.05 9213.02
0 3778 2 phononTF 0.00226748 2.38004 -3.81099 0.031408 17948.6 0.00069486 1 -0.0409473 -0.230918 0.05 30571
0 3783 3 phononTS 0.00174601 3.36392 -0.0556472 -0.0176659 897.61 0.00034743 1 -0.0464658 -0.16152 0.05 81332.2
0 3866 3 phononTS 0.00224125 2.84973 -0.0840624 0.0138657 562.867 0.00069486 1 0.0873555 -0.276314 0.05 3358.3
0 3898 3 phononTF 0.00219102 2.64786 -0.0293586 -0.0107524 56.3784 0.00034743 1 0.101344 -0.245948 0.05 8241.17
0 3898 5 phononTF 0.00149748 0.101344 -0.245948 0.049999 8241.17 0.00069486 1 0.0323151 -0.238868 0.05 8443.57
0 3898 12 phononTS 0.000509622 0.0323151 -0.238868 0.049999 8443.57 0.00034743 1 0.0738599 -0.225911 0.05 8511.31
0 3921 2 phononTF 0.00035415 3.70504 0.0251611 0.049999 1614.47 0.00034743 1 -0.0851971 -0.229361 0.05 5862.63
0 3923 2 phononTF 0.00144866 2.42733 -0.363993 0.0120501 1711.85 0.00034743 1 0.0318551 -0.244667 0.05 17685.5
0 3946 2 phononL 0.00261953 2.71552 -0.287139 -0.0238997 18.8909 0.00034743 1 0.0822687 -0.242573 0.05 13957.5
0 3946 4 phononTF 0.00186522 0.0822687 -0.242573 0.049999 13957.5 0.00069486 1 -0.0974559 -0.184846 0.05 36981.9
0 3947 2 phononTS 0.000735133 2.70755 0.0319991 0.049999 219.046 0.00034743 1 0.113181 -0.162483 0.05 7377.82
0 4034 3 phononTF 0.0023015 3.16575 -2.41332 -0.00128963 14207.3 0.00069486 1 -0.0306545 -0.120251 0.05 56025.6
0 4042 3 phononTS 0.00241664 4.29882 -2.24805 -0.00773319 9308.43 0.00069486 1 0.0375306 -0.27188 0.05 36797
0 4104 1 phononTF 0.004 2.75 -0.25 0 0 0.00034743 1 -0.0788322 -0.246982 0.05 8011.09
0 4104 2 phononTF 0.00106645 -0.0788322 -0.246982 0.049998 8011.09 0.00034743 1 -0.023561 -0.262252 0.05 8072.11
0 4154 3 phononTS 0.00203893 3.13254 -1.18048 -0.0484858 4761.87 0.00104229 1 0.0992684 -0.166171 0.05 27635.8
0 4186 3 phononTF 0.00300238 2.78256 -0.238195 0.0381629 9.60524 0.00104229 1 -0.096353 -0.244982 0.05 7728.46
0 4237 3 phononTF 0.0029828 2.23006 -0.108464 -0.0221708 1838.57 0.00138972 1 -0.0440012 -0.142617 0.05 5820.82
0 4267 2 phononTS 0.000863312 4.22777 0.10017 0.049998 10860.9 0.00034743 1 -0.0151464 -0.216067 0.05 37221.9
0 4311 6 phononTS 0.0011829 1.77797 -4.33734 0.0450893 37026.5 0.00069486 1 -0.0368717 -0.200619 0.05 53685.7
0 4320 2 phononTS 0.00216414 2.86122 -0.342405 0.014965 27.2848 0.00034743 1 -0.0625491 -0.191133 0.05 14008
0 4320 5 phononTF 0.00172851 -0.0625491 -0.191133 0.049999 14008 0.00069486 1 -0.0207392 -0.182455 0.05 14298.8
0 4321 3 phononTF 0.00162474 3.31038 -0.484632 0.0076682 472.199 0.00069486 1 0.0971457 -0.226427 0.05 36955
0 4330 3 phononTS 0.00073624 2.55202 -0.00377931 0.049998 11324.4 0.00034743 1 0.0481664 -0.175141 0.05 185310
0 4347 2 phononL 0.00216152 2.97229 -0.0771073 0.0496977 356.168 0.00034743 1 0.0874608 -0.230986 0.05 3102.14
0 4385 3 phononTF 0.00194886 2.4524 -1.45755 -0.0242675 5663.25 0.00069486 1 0.0425924 -0.182301 0.05 58553
0 4390 4 phononTF 0.00121028 3.96758 0.934512 0.0331411 16239.3 0.00034743 1 0.0418978 -0.180598 0.05 46356.2
0 4390 7 phononL 0.000571344 0.0418978 -0.180598 0.049999 46356.2 0.00034743 1 -0.0984649 -0.135673 0.05 46406.9
0 4408 3 phononTS 0.00308742 2.4097 -0.389694 -0.00751003 2365.42 0.00034743 1 0.102785 -0.147718 0.05 6618.92
0 4417 4 phononTS 0.00129809 3.4145 -0.804851 -0.0412391 19294.1 0.00034743 1 0.102619 -0.254183 0.05 55967.6
0 4482 2 phononTF 0.00209176 2.18794 0.388198 0.000863006 3421.69 0.00069486 1 -0.0636843 -0.11561 0.05 36938.4
0 4494 6 phononTF 0.000409653 2.53707 0.10178 0.049999 1364.31 0.00034743 1 -0.079208 -0.144862 0.05 35935.5
0 4498 2 phononL 0.00139853 3.55471 -0.363377 -0.0104969 1910.86 0.00034743 1 -0.0444983 -0.30036 0.05 10759.8
0 4557 3 phononTF 0.00233394 2.26688 -1.06612 0.0217716 2119.52 0.00069486 1 -0.0627707 -0.152266 0.05 5015.88
0 4564 3 phononTS 0.000422689 2.29796 0.0949537 0.049999 2366.82 0.00034743 1 -0.0255845 -0.200354 0.05 3342.51
0 4580 3 phononTS 0.00244029 2.48776 -0.514827 0.00355765 889.777 0.00069486 1 -0.0617854 -0.222998 0.05 3895.93
0 4580 4 phononTS 0.000763891 -0.0617854 -0.222998 0.049999 3895.93 0.00034743 1 -0.0817917 -0.187617 0.05 3964.23
0 4587 2 phononTF 0.00241544 2.91507 -0.117314 -0.0426958 180.379 0.00034743 1 0.0271898 -0.177156 0.05 24343
0 4587 6 phononTS 0.000815581 0.0271898 -0.177156 0.049998 24343 0.00034743 1 0.0619172 -0.207886 0.05 24407.5
0 4587 5 phononTS 0.000567565 0.0271898 -0.177156 0.049998 24343 0.00034743 1 -0.10009 -0.247546 0.05 25140.9
0 4590 2 phononTS 0.00256043 -1.72932 -3.11223 -0.0444755 20174.3 0.00034743 1 -0.0662936 -0.213208 0.05 32097.5
0 4654 4 phononTF 0.00222537 3.18764 0.0270671 0.0390393 7654.97 0.00069486 1 -0.0876581 -0.195428 0.05 24074
0 4654 6 phononTF 0.000704873 -0.0876581 -0.195428 0.049998 24074 0.00034743 1 0.045565 -0.170791 0.05 24213.8
0 4692 3 phononTS 0.000436986 3.79274 0.081439 0.049999 951.407 0.00034743 1 0.0847037 -0.217392 0.05 7419.51
0 4722 3 phononTS 0.00199373 2.34717 -1.51014 -0.0239841 6420.42 0.00069486 1 -0.0630377 -0.290165 0.05 21944
0 4734 2 phononTF 0.00190035 1.03591 0.367215 0.0358365 10737.9 0.00034743 1 0.0701885 -0.275845 0.05 16357.5
0 4746 2 phononTF 0.00221953 2.73114 -0.291744 0.0324894 10.4246 0.00069486 1 -0.048892 -0.248634 0.05 12189.5
0 4806 2 phononL 0.00248269 4.19883 -1.89664 0.0414406 3423.2 0.00069486 1 -0.0888398 -0.139627 0.05 39595.1
0 4818 5 phononTF 0.000746409 2.22832 0.0385739 0.049999 7353.52 0.00034743 1 -0.0685374 -0.121354 0.05 21758.3
0 4818 7 phononTF 0.000382031 -0.0685374 -0.121354 0.049999 21758.3 0.00034743 1 -0.0781815 -0.143354 0.05 21888.2
0 4820 2 phononTF 0.00226565 3.64178 -0.293445 -0.0379828 1774.68 0.00069486 1 -0.044035 -0.239271 0.05 20149.4
0 4841 3 phononTF 0.000588266 2.48354 0.0339624 0.049999 1690.66 0.00034743 1 -0.0496164 -0.174978 0.05 41169.2
0 4887 5 phononTF 0.0010236 0.58805 -0.140561 -0.0474844 4946.83 0.00034743 1 -0.047842 -0.124707 0.05 40867.3
0 4887 6 phononTS 0.000379074 -0.047842 -0.124707 0.049999 40867.3 0.00034743 1 -0.117368 -0.225719 0.05 40951.9
0 4889 2 phononTS 0.00255168 2.75578 -0.234348 -0.016853 4.40555 0.00034743 1 -0.0228194 -0.18609 0.05 2013.71
0 4898 4 phononTS 0.000457026 2.72692 0.0463511 0.049999 319.645 0.00034743 1 -0.109883 -0.191136 0.05 28468.9
0 4923 2 phononTS 0.0018864 2.75864 -1.08175 -0.0357228 1407.62 0.00034743 1 -0.057297 -0.104878 0.05 39192.3
0 4938 3 phononTS 0.00253631 1.12533 -1.40842 0.00797084 1929.95 0.00069486 1 -0.0235618 -0.136805 0.05 5667.55
0 4938 4 phononTS 0.00058517 -0.0235618 -0.136805 0.049999 5667.55 0.00034743 1 0.0427619 -0.134088 0.05 5848.64
0 4956 2 phononTS 0.00250265 2.70376 -0.284775 -0.0220084 11.4896 0.00034743 1 0.0806857 -0.27382 0.05 8909.77
0 4964 5 phononTS 0.000358688 3.44652 -0.000720209 0.049999 1378.15 0.00034743 1 -0.0291807 -0.239733 0.05 46975.7
0 4967 3 phononTF 0.000739805 2.68834 0.00089402 0.049999 158.932 0.00034743 1 -0.0881209 -0.18164 0.05 14281.3
0 4979 2 phononTS 0.00236494 3.22377 0.498187 -0.00405809 3714.21 0.00138972 1 -0.0151291 -0.193672 0.05 16440.9
0 4979 4 phononTS 0.000561398 -0.0151291 -0.193672 0.049999 16440.9 0.00034743 1 0.0411175 -0.122238 0.05 16711.7
0 4999 2 phononL 0.000983586 2.27999 -1.12566 0.0109107 8431.2 0.00034743 1 -0.0581824 -0.135994 0.05 124168
