Run ID,Event ID,Track ID,Particle Name,Start Energy [eV],Start X [mm],Start Y [mm],Start Z [mm],Start Time [ns],Energy Deposited [eV],Track Weight,End X [mm],End Y [mm],End Z [mm],Final Time [ns],Volume Name
0 55 2 phononTF 0.00165979 -3.71803 -1.27378 0.0306503 9.18438 0.00034743 1 -0.0696891 -0.276249 0.05 12993.5
0 69 3 phononTS 0.00142155 -4.19744 -1.21191 -0.0042808 2702.49 0.00069486 1 0.0714492 -0.179262 0.05 37753.2
0 146 2 phononTF 0.00122318 -3.88893 -0.622553 0.00845965 990.387 0.00034743 1 0.0612639 -0.289281 0.05 3600.07
0 172 2 phononTF 0.000517307 -3.50466 0.0808628 0.049999 6053.84 0.00034743 1 0.0488529 -0.126851 0.05 14536.7
0 209 2 phononTS 0.0020139 -4.91511 -4.83478 -0.00092754 32307.9 0.00069486 1 -0.0723251 -0.113923 0.05 37806.1
0 243 5 phononTS 0.00114364 -2.2062 -4.20688 -0.0320366 7412.46 0.00034743 1 -0.0662389 -0.124333 0.05 61904
0 259 2 phononL 0.00135995 -2.98557 -3.67145 0.0128276 3492.05 0.00034743 1 0.0535013 -0.260989 0.05 104453
0 261 2 phononL 0.000833829 -2.32016 0.0223875 0.049999 5658.02 0.00034743 1 -0.116885 -0.176383 0.05 58533.2
0 289 3 phononTF 0.00179506 -4.01727 -2.40221 0.0415487 2944.55 0.00034743 1 -0.0463678 -0.148548 0.05 8660.84
0 314 3 phononTS 0.00267754 -1.82154 -1.18189 -0.00695586 6021.72 0.00069486 1 0.0488247 -0.149761 0.05 26818.5
0 314 6 phononTS 0.000663104 0.0488247 -0.149761 0.049999 26818.5 0.00034743 1 0.0613302 -0.144617 0.05 26878.8
0 340 3 phononTS 0.00203872 -2.70722 -1.59323 0.0439103 9631.45 0.00069486 1 0.0831036 -0.239729 0.05 15544.4
0 406 3 phononTF 0.00163002 -4.21152 -2.57483 0.0108645 4306.77 0.00104229 1 0.0672803 -0.289342 0.05 50513.3
0 419 2 phononTS 0.00213082 -3.79755 -1.38605 0.0351073 590.365 0.00104229 1 -0.0943638 -0.231724 0.05 9287.74
0 532 2 phononTS 0.0022114 -3.37644 -2.04828 0.0106531 12688.5 0.00034743 1 0.0566007 -0.27308 0.05 39858
0 547 3 phononTS 0.00191154 -3.72883 -0.984867 -0.00747093 2772.01 0.00069486 1 0.101111 -0.226071 0.05 64398.1
0 562 2 phononL 0.00193791 -4.36085 -0.668932 0.0224785 1565.89 0.00034743 1 0.0284216 -0.16185 0.05 27346.6
0 598 2 phononTS 0.001858 -4.14354 -0.853261 0.0232995 2252.71 0.00034743 1 0.0508702 -0.124933 0.05 25533.1
0 598 5 phononTF 0.000790235 0.0508702 -0.124933 0.049999 25533.1 0.00034743 1 0.040511 -0.213638 0.05 26138.4
0 630 2 phononTF 0.00262219 -4.26308 -1.2499 0.0393702 5260.29 0.00034743 1 -0.095443 -0.173841 0.05 14401.3
0 630 7 phononTS 0.000471205 -0.095443 -0.173841 0.049999 14401.3 0.00034743 1 -0.0955821 -0.161587 0.05 14457.6
0 666 3 phononTF 0.00175022 -3.65425 -1.36201 -0.024428 612.413 0.00034743 1 -0.0771802 -0.262345 0.05 23833.4
0 672 2 phononTS 0.00224105 -2.69043 -0.787066 -0.0151506 4682.24 0.00104229 1 -0.0638805 -0.257548 0.05 33357.6
0 733 5 phononL 0.0011003 3.52574 -1.9119 -0.0130248 18381.4 0.00034743 1 0.0619938 -0.19739 0.05 25125
0 733 7 phononL 0.000378423 0.0619938 -0.19739 0.049998 25125 0.00034743 1 0.0806462 -0.140594 0.05 25574
0 752 3 phononTS 0.00251854 -3.30781 -2.20267 0.0255837 7905.42 0.00069486 1 0.0460981 -0.127684 0.05 33156.2
0 752 8 phononL 0.000566215 0.0460981 -0.127684 0.049999 33156.2 0.00034743 1 -0.0422202 -0.114802 0.05 33612.3
0 752 2 phononTS 0.00148146 -3.30781 -2.20267 0.0255837 7905.42 0.00069486 1 -0.0661516 -0.23246 0.05 9520.27
0 752 25 phononTF 0.000389623 -0.0661516 -0.23246 0.049999 9520.27 0.00034743 1 0.0276295 -0.12664 0.05 10441.9
0 789 2 phononTF 0.00120836 -4.42449 -1.11296 -0.0362787 1186.91 0.00034743 1 -0.0843298 -0.123046 0.05 66164.2
0 811 2 phononL 0.00239236 -3.49641 -1.36589 0.0213344 513.748 0.00034743 1 0.0485891 -0.172028 0.05 116066
0 811 4 phononTF 0.000527655 0.0485891 -0.172028 0.049999 116066 0.00034743 1 -0.0814883 -0.258485 0.05 146673
0 843 3 phononTS 0.00208802 -2.95478 -0.671503 0.0332212 2933.62 0.00069486 1 0.0302199 -0.208242 0.05 27541.8
0 862 3 phononTF 0.00280533 -4.26707 -0.331869 -0.0450645 1463.39 0.00034743 1 -0.0401395 -0.208661 0.05 17083.8
0 869 2 phononL 0.00191525 -3.82113 -1.36174 0.049358 208.376 0.00104229 1 -0.0303422 -0.104061 0.05 5420.11
0 892 4 phononL 0.000864433 -4.90732 0.0915626 0.049998 8279.14 0.00034743 1 0.0791282 -0.186968 0.05 85825
0 902 2 phononTS 0.00164859 -4.44333 -2.45304 -0.0299232 9130.85 0.00069486 1 -0.0867363 -0.172599 0.05 17396.8
0 931 2 phononTS 0.00100165 -3.93052 -1.38233 0.00834083 276.028 0.00034743 1 -0.0776426 -0.169632 0.05 43273.5
0 962 2 phononL 0.00175731 -3.51014 -0.966804 -0.0271262 498.414 0.00034743 1 -0.0417424 -0.209722 0.05 1905.09
0 962 8 phononTS 0.000692481 -0.0417424 -0.209722 0.049998 1905.09 0.00034743 1 -0.102757 -0.201727 0.05 1973.18
0 1009 4 phononTF 0.00182653 -4.57378 0.0840252 0.00331732 25155.2 0.00069486 1 0.0556648 -0.146818 0.05 47594.5
0 1009 6 phononTF 0.000587176 0.0556648 -0.146818 0.049999 47594.5 0.00034743 1 -0.08353 -0.156225 0.05 47737.4
0 1018 5 phononTF 0.00114088 -4.48269 -3.30345 0.0150296 24746.5 0.00034743 1 0.106013 -0.222613 0.05 49572.8
0 1018 7 phononL 0.000412061 0.106013 -0.222613 0.049999 49572.8 0.00034743 1 0.0501395 -0.205939 0.05 49684.9
0 1063 3 phononTF 0.00207488 -4.52676 -1.5121 -0.0336544 1006.43 0.00034743 1 0.0508598 -0.272419 0.05 8018.24
0 1150 2 phononTF 0.00138789 -3.73283 -1.24111 -0.0472803 11.8646 0.00069486 1 -0.0440778 -0.293044 0.05 2165.18
0 1153 2 phononL 0.00119956 -4.45993 -1.58067 -0.0290129 8678.62 0.00034743 1 -0.0467804 -0.10912 0.05 17565.4
0 1154 5 phononTS 0.0012534 -3.88088 -0.0173459 -0.011639 63397.7 0.00034743 1 -0.0795213 -0.116035 0.05 159232
0 1162 3 phononTS 0.00236972 -3.32228 -1.13533 -0.0418847 6591.95 0.00034743 1 -0.0828857 -0.17353 0.05 35420.6
0 1174 3 phononTS 0.0015947 -3.35573 -0.857153 -0.0102309 15360.2 0.00034743 1 0.109372 -0.195845 0.05 63963.4
0 1174 5 phononTS 0.000705163 0.109372 -0.195845 0.049998 63963.4 0.00034743 1 0.113477 -0.175858 0.05 64024.7
0 1220 2 phononTF 0.00218514 -3.95223 -2.03631 -0.00611781 2216.5 0.00034743 1 -0.0549854 -0.292383 0.05 8753.06
0 1220 4 phononTS 0.00102658 -0.0549854 -0.292383 0.049999 8753.06 0.00034743 1 -0.0336551 -0.280543 0.05 8933.82
0 1245 2 phononTS 0.00129368 -3.28101 -0.731007 0.0132003 3709.52 0.00034743 1 -0.0812954 -0.126667 0.05 58859.8
0 1246 3 phononTF 0.0022465 -4.14094 1.64691 0.0350362 21197.1 0.00069486 1 -0.0497943 -0.271125 0.05 43701.9
0 1257 5 phononTF 0.0016067 0.236061 -1.15254 0.0281399 35135.5 0.00104229 1 0.110643 -0.216776 0.05 114988
0 1261 1 phononL 0.004 -3.75 -1.25 0 0 0.00138972 1 0.0412828 -0.168723 0.05 19894.5
0 1263 2 phononTS 0.000923734 -3.4726 -1.25711 -0.032481 398.565 0.00034743 1 -0.0809429 -0.118616 0.05 43149.9
0 1291 7 phononTS 0.000669471 0.411957 -0.365294 0.0275162 99263.5 0.00034743 1 -0.0216775 -0.243022 0.05 100687
0 1312 2 phononTS 0.00190494 -2.95983 -0.848215 0.0485055 9865.86 0.00069486 1 -0.00944028 -0.202595 0.05 15493
0 1351 2 phononTF 0.0016977 -3.35427 -1.40907 0.049715 2440.32 0.00034743 1 -0.118505 -0.184383 0.05 55403.8
0 1410 3 phononTS 0.00224616 -3.27052 -1.89042 0.0448681 838.603 0.00034743 1 0.0789363 -0.206608 0.05 14827.7
0 1438 2 phononTS 0.000438351 -4.99638 0.0843667 0.049999 3156.37 0.00034743 1 -0.0428789 -0.212904 0.05 138674
0 1474 2 phononTF 0.00225631 -4.17644 -1.41916 -0.0227638 2562.1 0.00034743 1 -0.077374 -0.176179 0.05 13382.7
0 1517 3 phononTS 0.00188271 -4.6268 -1.82833 -0.0391913 2093.12 0.00034743 1 0.0420456 -0.193295 0.05 53401.6
0 1589 2 phononTF 0.000739511 -4.50939 -1.50973 -0.012149 8895.22 0.00034743 1 -0.0514419 -0.125179 0.05 51984.2
0 1625 2 phononL 0.00164007 -4.62191 -1.22719 -0.0417913 2068.02 0.00069486 1 -0.0444825 -0.246466 0.05 12169
0 1749 4 phononTF 0.00145494 -2.11264 1.52957 0.0140559 34038.1 0.00069486 1 0.0304635 -0.306748 0.05 38039.8
0 1753 3 phononTS 0.00294884 -4.1083 -0.680864 0.0457284 1618.2 0.00069486 1 -0.0861107 -0.212951 0.05 13072.4
0 1753 9 phononL 0.00109577 -0.0861107 -0.212951 0.049998 13072.4 0.00069486 1 0.0634822 -0.242022 0.05 13340.5
0 1768 3 phononTS 0.00259929 -3.99016 -0.348406 0.0243752 4972.95 0.00069486 1 0.0539496 -0.128896 0.05 17851.5
0 1768 5 phononTS 0.000371224 0.0539496 -0.128896 0.049999 17851.5 0.00034743 1 0.0112591 -0.210763 0.05 18219.8
0 1769 3 phononTS 0.00233267 -3.41997 -1.02514 0.0256624 988.719 0.00069486 1 0.049776 -0.101264 0.05 26294.6
0 1783 2 phononL 0.00186638 -4.45803 -0.963441 0.0183984 2959.21 0.00034743 1 0.0595925 -0.140952 0.05 29127.4
0 1806 2 phononTS 0.00192938 -4.10558 -1.0756 0.0102087 612.363 0.00034743 1 0.0415408 -0.145291 0.05 15696.9
0 1827 2 phononL 0.0014829 -1.85449 -1.99379 -0.0288337 8526.93 0.00104229 1 0.0436763 -0.206093 0.05 59040.5
0 1843 2 phononL 0.0023122 -4.89642 -2.05607 0.0348442 4283.26 0.00069486 1 0.0335659 -0.134951 0.05 20234
0 1843 8 phononTS 0.000687337 0.0335659 -0.134951 0.049999 20234 0.00034743 1 0.0555255 -0.130862 0.05 55002.3
0 1882 2 phononTS 0.00210505 -3.67668 -1.249 0.0232299 20.705 0.00069486 1 -0.0364551 -0.200437 0.05 37553.5
0 1883 6 phononL 0.00149974 -4.72522 0.745299 -0.0231269 23614.5 0.00104229 1 0.0482031 -0.185708 0.05 61208
0 1885 4 phononTS 0.000804165 -4.58319 0.0983392 0.049999 2040.43 0.00034743 1 0.100091 -0.164511 0.05 37573.7
0 1894 5 phononTS 0.00195183 -1.75453 -2.27673 -0.0187552 14924.6 0.00069486 1 -0.0909837 -0.165662 0.05 97932.9
0 1894 9 phononTS 0.000522158 -0.0909837 -0.165662 0.049999 97932.9 0.00034743 1 -0.0808893 -0.150261 0.05 97988.9
0 1985 3 phononTS 0.00199739 -3.39245 -1.25016 0.0180039 1093.37 0.00069486 1 0.0361427 -0.199807 0.05 14086.2
0 1985 6 phononTF 0.00047521 0.0361427 -0.199807 0.049999 14086.2 0.00034743 1 -0.0885061 -0.242752 0.05 14572.8
0 2010 2 phononTS 0.00178574 -4.2188 -0.386715 0.000288459 3364.36 0.00069486 1 0.0219347 -0.173257 0.05 40593.7
0 2055 3 phononTS 0.00191418 -4.11955 -1.06063 -0.0197992 1655.34 0.00034743 1 0.0149185 -0.186668 0.05 33167.6
0 2080 9 phononTF 0.000998804 4.10052 0.230476 0.0216878 68752.5 0.00034743 1 0.0190551 -0.208449 0.05 88567.8
0 2122 2 phononTS 0.00187758 -4.02452 -2.7741 -0.0285518 13218 0.00069486 1 -0.0700333 -0.196163 0.05 29198.2
0 2122 4 phononTF 0.000522518 -0.0700333 -0.196163 0.049999 29198.2 0.00034743 1 0.111986 -0.232164 0.05 29286.2
0 2138 2 phononTS 0.0019918 -3.66354 -1.37114 0.0289881 221.952 0.00034743 1 -0.113374 -0.164258 0.05 46200.8
0 2171 3 phononL 0.00192725 -4.27561 -1.13659 0.0282413 338.08 0.00069486 1 -0.0382351 -0.302577 0.05 5720.99
0 2214 4 phononTS 0.000890266 -2.61596 4.56369 0.00217043 26479.1 0.00034743 1 0.0868281 -0.182364 0.05 91943.4
0 2214 7 phononTS 0.000472441 0.0868281 -0.182364 0.049999 91943.4 0.00034743 1 0.065387 -0.177816 0.05 92242.7
0 2242 3 phononTS 0.00281257 -3.82173 -1.30918 0.0286397 22.2763 0.00104229 1 -0.118827 -0.208342 0.05 11011.8
0 2242 6 phononL 0.000400091 -0.118827 -0.208342 0.049999 11011.8 0.00034743 1 -0.0896573 -0.244654 0.05 11158.4
0 2280 3 phononL 0.00200958 -4.8693 -1.7579 0.0273521 13990.5 0.00034743 1 0.0403854 -0.131033 0.05 46344
0 2319 3 phononTS 0.00276026 -4.14726 -2.23838 -0.046363 15947.8 0.00034743 1 -0.0521612 -0.244369 0.05 42135.8
0 2352 3 phononTS 0.00156952 -4.12262 0.288632 0.0377758 2124.09 0.00034743 1 0.0181968 -0.248571 0.05 11958.2
0 2373 4 phononTF 0.00041846 3.74791 -3.50204 -0.000777229 41943.3 0.00034743 1 -0.0399432 -0.208157 0.05 97582.6
0 2375 3 phononTS 0.00191891 -2.88697 -2.19621 0.0271242 8663.19 0.00034743 1 0.0937115 -0.181075 0.05 14907.2
0 2375 4 phononTS 0.00086593 0.0937115 -0.181075 0.049999 14907.2 0.00069486 1 0.10939 -0.183203 0.05 15036.8
0 2377 2 phononTF 0.000615265 -4.65221 -0.216604 -0.0380949 14562.5 0.00034743 1 0.0806033 -0.214365 0.05 21790.7
0 2398 3 phononTS 0.00163111 -4.12914 -1.26594 -0.0418485 2629.42 0.00069486 1 0.0680759 -0.131414 0.05 42800.9
0 2401 3 phononTS 0.00237615 -3.3137 -1.08326 -0.0284374 538.069 0.00069486 1 0.0460777 -0.260925 0.05 5882.21
0 2421 2 phononTS 0.00222134 -3.70051 -1.05664 0.0426861 1793.55 0.00069486 1 -0.0270345 -0.156907 0.05 10494.7
0 2452 3 phononTF 0.000493647 -3.04553 0.0867842 0.049999 1422.78 0.00034743 1 0.0263609 -0.148074 0.05 4826.99
0 2472 5 phononTF 0.000977509 -0.133077 0.151765 0.0237629 19650.7 0.00034743 1 0.0532076 -0.194737 0.05 20459.5
0 2480 3 phononTS 0.00195614 -3.08086 -0.394718 0.0378621 939.476 0.00104229 1 0.101382 -0.198444 0.05 26031.2
0 2488 2 phononTF 0.00172312 -3.49898 -3.72283 0.0492024 12142.6 0.00034743 1 0.113069 -0.196323 0.05 17588.2
0 2515 2 phononTS 0.00158437 -3.61087 -0.441969 0.0143927 14117.5 0.00069486 1 0.079278 -0.178736 0.05 33482.8
0 2536 2 phononTF 0.00199986 -3.70141 -1.227 -0.0033409 10.5447 0.00104229 1 0.0505557 -0.137211 0.05 5526.96
0 2544 3 phononL 0.00199585 -3.75301 -1.24316 -0.0049988 1.67393 0.00069486 1 0.0316912 -0.150606 0.05 9493.33
0 2544 5 phononL 0.000583213 0.0316912 -0.150606 0.049999 9493.33 0.00034743 1 0.0705443 -0.123 0.05 109403
0 2553 4 phononTS 0.000505833 -3.14912 0.0116785 0.049999 3032.35 0.00034743 1 0.058203 -0.236079 0.05 30541.6
0 2574 5 phononL 0.00125936 -4.93119 -0.184668 0.018573 2855.14 0.00069486 1 -0.0576953 -0.169581 0.05 31412.9
0 2582 3 phononTS 0.00195053 -3.72528 -0.845366 0.00963076 704.346 0.00034743 1 -0.0370622 -0.202645 0.05 21092.3
0 2615 4 phononTS 0.000974131 -3.92339 1.59121 -0.0222315 5474.56 0.00034743 1 -0.0365562 -0.211505 0.05 16842.1
0 2689 5 phononTF 0.00117307 -1.87785 -3.53772 0.0415008 50413.2 0.00034743 1 -0.0936306 -0.245388 0.05 105714
0 2761 3 phononTS 0.0024045 -4.8692 -2.04929 0.0173837 19242.1 0.00069486 1 0.0956235 -0.192058 0.05 28960.6
0 2792 7 phononTF 0.000595687 -2.22284 -1.15381 -0.0379004 50141.7 0.00034743 1 -0.0669128 -0.123107 0.05 56503.7
0 2807 2 phononTF 0.00152307 -4.84639 -1.07893 0.0226994 2610.07 0.00104229 1 0.0776891 -0.235251 0.05 14953.4
0 2816 2 phononL 0.00246096 -2.85351 -0.381051 -0.0194657 2690.77 0.00069486 1 0.0958553 -0.255332 0.05 13415.8
0 2820 2 phononL 0.00152804 -4.23797 -1.49572 0.00367416 270.709 0.00034743 1 0.0483679 -0.246538 0.05 20242.2
0 2821 2 phononTS 0.000773008 -3.95504 0.0927425 0.049999 2014.08 0.00034743 1 -0.0959022 -0.261196 0.05 47377
0 2832 3 phononTF 0.00228208 -4.35512 -1.51556 0.00782799 538.586 0.00034743 1 -0.0988112 -0.255137 0.05 55990.7
0 2860 2 phononTS 0.00177004 -4.4663 -1.97373 -0.0059539 13105 0.00069486 1 -0.0889979 -0.207883 0.05 93100.4
0 2959 2 phononTS 0.00136011 -2.00339 -0.923068 -0.0229338 8831.56 0.00034743 1 0.0460073 -0.0990194 0.05 133128
0 2959 6 phononTF 0.000500105 0.0460073 -0.0990194 0.049999 133128 0.00034743 1 0.0580569 -0.124174 0.05 133351
0 2981 3 phononTS 0.00192066 -2.79001 -0.512867 -0.0146514 4964.54 0.00069486 1 -0.07001 -0.215627 0.05 45495
0 3023 3 phononTF 0.00255566 -3.66878 -1.53667 -0.0246436 411.159 0.00069486 1 -0.018664 -0.233081 0.05 20671.6
0 3023 5 phononTS 0.00104678 -0.018664 -0.233081 0.049999 20671.6 0.00069486 1 -0.0228824 -0.220571 0.05 21749.5
0 3024 2 phononL 0.000907767 -4.32428 -0.424435 0.04135 3053.76 0.00034743 1 0.0272229 -0.182415 0.05 18814.7
0 3041 3 phononTS 0.000784228 -4.86406 -0.189449 -0.0407687 6878.24 0.00034743 1 0.101083 -0.185715 0.05 35340.2
0 3096 3 phononTF 0.00210969 -3.42233 -1.73302 0.0416455 2947.08 0.00034743 1 -0.0740088 -0.273522 0.05 5665.12
0 3096 5 phononTS 0.00122617 -0.0740088 -0.273522 0.049999 5665.12 0.00034743 1 -0.0698154 -0.282819 0.05 5724.46
0 3106 3 phononTS 0.00203999 -3.9638 -1.68247 -0.0110717 757.099 0.00069486 1 -0.0750161 -0.245505 0.05 9351.04
0 3106 6 phononTS 0.000528313 -0.0750161 -0.245505 0.049999 9351.04 0.00034743 1 -0.0832141 -0.260638 0.05 9408.35
0 3108 2 phononL 0.00167584 -3.79762 -1.66494 -0.0351527 749.34 0.00069486 1 0.0841852 -0.128642 0.05 41924.8
0 3112 2 phononTS 0.0017277 -3.4087 -2.28963 -0.0376619 6370.83 0.00034743 1 -0.10085 -0.147066 0.05 18517.5
0 3121 2 phononTS 0.00134751 -3.67085 -1.44211 0.0488573 988.545 0.00069486 1 0.0587202 -0.228412 0.05 42987.5
0 3126 2 phononTS 0.00164 -4.75357 -0.980481 -0.0148196 4759.9 0.00034743 1 0.0258118 -0.215314 0.05 11382.7
0 3126 6 phononL 0.00112211 0.0258118 -0.215314 0.049999 11382.7 0.00034743 1 0.0265018 -0.0972395 0.05 11505.9
0 3126 9 phononTF 0.000583589 0.0265018 -0.0972395 0.049999 11505.9 0.00034743 1 -0.0838641 -0.244183 0.05 12777.3
0 3200 2 phononTS 0.0030188 -4.01676 -1.73516 -0.0441997 166.17 0.00104229 1 -0.0968055 -0.235847 0.05 40353
0 3202 3 phononL 0.00179052 -1.83207 -1.61348 -0.0401208 5314.18 0.00034743 1 -0.029255 -0.10427 0.05 6330.69
0 3202 8 phononTS 0.000477495 -0.029255 -0.10427 0.049999 6330.69 0.00034743 1 -0.0609956 -0.282018 0.05 6540.71
0 3202 4 phononTF 0.000548691 -0.029255 -0.10427 0.049999 6330.69 0.00034743 1 -0.0291831 -0.15593 0.05 6400.48
0 3227 4 phononTS 0.000656296 0.239085 -1.50179 0.0254095 30121.7 0.00034743 1 -0.117866 -0.207472 0.05 31807.9
0 3247 4 phononTF 0.00176376 -4.72176 -0.749381 -0.0446098 14529 0.00104229 1 -0.0750448 -0.174972 0.05 87542.5
0 3342 2 phononTS 0.00178236 -3.37367 -1.36487 -0.0470401 2001.38 0.00069486 1 0.0544158 -0.168609 0.05 5359.13
0 3415 5 phononTS 0.00183297 -2.08888 0.837684 -0.00106607 28012 0.00034743 1 0.0520174 -0.159649 0.05 139797
0 3416 3 phononTF 0.00185199 -4.79482 -0.885921 0.0141112 6330.44 0.00034743 1 -0.0761465 -0.279671 0.05 16446.1
0 3416 4 phononTF 0.000921618 -0.0761465 -0.279671 0.049999 16446.1 0.00034743 1 -0.0410954 -0.188989 0.05 198138
0 3461 3 phononTS 0.00225887 -3.60913 -1.07525 0.0442574 2478.99 0.00104229 1 -0.0571104 -0.121534 0.05 28982
0 3481 3 phononL 0.00193144 -3.84066 -1.14606 0.0153842 1902.68 0.00034743 1 -0.0831651 -0.157424 0.05 34660.4
0 3481 5 phononL 0.00068225 -0.0831651 -0.157424 0.049999 34660.4 0.00034743 1 0.101413 -0.223197 0.05 34904.2
0 3498 2 phononL 0.000856148 -3.42265 0.0382717 0.049999 2206.88 0.00034743 1 -0.0629626 -0.26884 0.05 74164.6
0 3554 5 phononTS 0.00146311 -1.02759 -2.19481 0.0477696 7913.2 0.00034743 1 0.0506768 -0.207513 0.05 48218.5
0 3561 2 phononTF 0.00191626 -3.64191 -1.09015 -0.0182131 18776.8 0.00069486 1 0.0895183 -0.173158 0.05 29701.5
0 3579 3 phononL 0.00171167 -4.01193 -0.354689 -0.0317578 8842.8 0.00034743 1 0.0642335 -0.210332 0.05 11231.5
0 3579 5 phononTS 0.000453334 0.0642335 -0.210332 0.049999 11231.5 0.00034743 1 -0.0328379 -0.290893 0.05 11313.6
0 3600 3 phononL 0.0022182 -4.78525 -2.90263 -0.00250555 5536.65 0.00034743 1 0.0160023 -0.226332 0.05 31423.1
0 3600 6 phononTF 0.00175198 0.0160023 -0.226332 0.049999 31423.1 0.00034743 1 0.0948664 -0.228698 0.05 31489.8
0 3604 2 phononTF 0.00200429 -4.76566 -2.0229 -0.0160855 8923.27 0.00034743 1 -0.0843519 -0.231681 0.05 16656.8
0 3615 3 phononTF 0.00276789 -3.65256 -0.856364 0.0286954 8356.64 0.00104229 1 0.058214 -0.162332 0.05 20192.4
0 3677 2 phononTS 0.001851 -3.07617 0.510979 -0.0122056 9279.58 0.00069486 1 -0.0473118 -0.295493 0.05 33423.5
0 3699 2 phononTF 0.00141793 -3.61226 -2.18176 0.0360405 1850.54 0.00069486 1 -0.0800576 -0.270605 0.05 81182.7
0 3707 6 phononTS 0.000735955 3.8668 1.14184 -0.0367338 112807 0.00034743 1 0.108753 -0.208023 0.05 117523
0 3714 2 phononL 0.00143843 -4.91821 -3.45121 -0.0162689 11135.2 0.00069486 1 -0.120446 -0.204748 0.05 40628.9
0 3732 2 phononTS 0.00236951 -3.95163 1.2836 0.0042372 4332.15 0.00104229 1 -0.0658096 -0.22169 0.05 19341.4
0 3732 7 phononL 0.000367139 -0.0658096 -0.22169 0.049999 19341.4 0.00034743 1 -0.0776578 -0.184088 0.05 19389.3
0 3751 2 phononTS 0.00249455 -2.65844 -1.34541 0.00713615 14910.3 0.00069486 1 0.0611039 -0.195454 0.05 56578.4
0 3801 3 phononTF 0.00219316 -2.50535 -1.38638 0.0384298 5955.42 0.00034743 1 -0.0872263 -0.232887 0.05 14254.4
0 3801 4 phononTF 0.00158688 -0.0872263 -0.232887 0.049999 14254.4 0.00069486 1 -0.0698682 -0.276433 0.05 14314
0 3891 2 phononTS 0.00230526 -3.76466 -1.2199 0.0201437 203.3 0.00069486 1 -0.0355682 -0.244268 0.05 15752.9
0 3902 3 phononTF 0.000405922 -3.24991 0.105017 0.049999 2626.41 0.00034743 1 -0.0934169 -0.265449 0.05 27018.5
0 3931 3 phononTF 0.00218596 -3.45849 -1.78832 0.0287438 3526.21 0.00069486 1 -0.0488113 -0.17713 0.05 6197.75
0 3931 4 phononTS 0.00092974 -0.0488113 -0.17713 0.049999 6197.75 0.00034743 1 0.0395791 -0.203421 0.05 6274.57
0 3965 2 phononTS 0.00267467 -3.98182 -2.42307 0.0235716 8774.66 0.00104229 1 0.0479993 -0.286123 0.05 30319
0 3968 3 phononTF 0.00108432 -3.22242 -0.896024 -0.0307739 6016.77 0.00034743 1 0.110644 -0.179284 0.05 16096.7
0 3981 3 phononTS 0.00264803 -4.30383 -4.36844 -0.0310864 13452.7 0.00069486 1 0.068579 -0.281963 0.05 29825.7
0 3981 4 phononL 0.000916681 0.068579 -0.281963 0.049999 29825.7 0.00034743 1 0.0400938 -0.0946498 0.05 30487.2
0 3992 5 phononTS 0.00187324 1.78415 -1.095 -0.0370975 8757.35 0.00069486 1 0.0577257 -0.108959 0.05 13091.1
0 4041 3 phononTS 0.0017935 -2.98732 -0.719453 0.040989 3209.07 0.00034743 1 -0.0423147 -0.276581 0.05 24399.1
0 4066 3 phononTF 0.00113276 -4.40503 -2.18575 -0.0328409 15277.2 0.00034743 1 0.0944654 -0.212088 0.05 28031.2
0 4101 5 phononTF 0.00162578 -1.03281 0.770404 0.00187572 22742.4 0.00034743 1 -0.10116 -0.195985 0.05 33779.9
0 4115 5 phononTF 0.000921171 -2.87859 -4.57878 -0.0113618 6178.76 0.00034743 1 0.0223324 -0.243802 0.05 125454
0 4115 6 phononL 0.000463325 0.0223324 -0.243802 0.049999 125454 0.00034743 1 0.0282056 -0.254631 0.05 125953
0 4140 2 phononTS 0.00126495 -4.04448 -1.13793 0.000699597 114.957 0.00034743 1 0.0862618 -0.123917 0.05 14254.2
0 4145 4 phononTS 0.0021101 -3.52035 1.69355 0.0118249 13968.5 0.00034743 1 -0.0569039 -0.114293 0.05 27767.6
0 4249 5 phononTS 0.000373298 -2.84798 0.0532211 0.049999 1764.86 0.00034743 1 -0.0646499 -0.237071 0.05 69370.4
0 4314 5 phononTF 0.00113179 -3.30508 -3.15369 -0.00504294 78194.8 0.00069486 1 0.0303727 -0.112194 0.05 110989
0 4317 3 phononTF 0.00189044 -3.4765 -0.0498595 0.0323013 2042.56 0.00034743 1 0.0889859 -0.152804 0.05 77943.7
0 4333 3 phononL 0.00244266 -3.23833 -0.896044 -0.0305748 1066.27 0.00034743 1 -0.0732068 -0.146067 0.05 18411.3
0 4333 4 phononTF 0.00183692 -0.0732068 -0.146067 0.049998 18411.3 0.00069486 1 -0.0786082 -0.244227 0.05 18575.1
0 4394 2 phononTF 0.00218264 -3.61805 -1.15809 0.0170963 1874.88 0.00069486 1 0.0387489 -0.212349 0.05 74572.1
0 4401 2 phononTS 0.00130362 -3.30595 -1.55102 0.0425847 758.079 0.00034743 1 0.025312 -0.270187 0.05 11474
0 4414 2 phononTS 0.000592843 -4.27446 -0.00405787 0.049999 17486.8 0.00034743 1 0.0448353 -0.141595 0.05 22938.5
0 4421 3 phononTF 0.000709558 -3.35836 0.00394474 0.049999 3817.92 0.00034743 1 -0.0778731 -0.261789 0.05 11360.6
0 4437 3 phononTF 0.00185187 -3.58246 -2.02574 0.0418406 837.712 0.00034743 1 -0.0393827 -0.186554 0.05 14321.7
0 4437 4 phononTF 0.000911986 -0.0393827 -0.186554 0.049999 14321.7 0.00034743 1 -0.095643 -0.24406 0.05 14689
0 4490 2 phononTS 0.00159753 -4.85768 -3.91642 0.0484992 3575.85 0.00069486 1 -0.0595521 -0.258378 0.05 45070.1
0 4498 3 phononTF 0.00137586 -4.58211 -1.1456 -0.0372995 1214.65 0.00069486 1 0.065557 -0.192919 0.05 12120.4
0 4508 5 phononL 0.00120296 -4.43469 -3.64241 0.00941272 5204.01 0.00069486 1 0.0410601 -0.208514 0.05 68831.4
0 4510 2 phononTF 0.00167375 -2.38288 -1.58308 -0.0133994 4361.76 0.00069486 1 -0.0435692 -0.254512 0.05 35821
0 4512 3 phononTS 0.00211434 -4.01904 -1.00899 0.0133625 1041.39 0.00034743 1 0.0632451 -0.242411 0.05 57136
0 4526 2 phononL 0.00216498 -4.88267 -1.03594 0.0287142 613.629 0.00034743 1 0.0426896 -0.242003 0.05 4589.54
0 4538 3 phononTS 0.00176019 -1.89089 -3.77914 0.000207554 10705.4 0.00034743 1 -0.050032 -0.252766 0.05 12594.1
0 4558 2 phononTF 0.00230282 -3.60723 -1.18392 -0.0373227 135.165 0.00034743 1 0.0185592 -0.199301 0.05 104390
0 4558 6 phononTS 0.00141993 0.0185592 -0.199301 0.049999 104390 0.00034743 1 0.0197874 -0.215738 0.05 104450
0 4558 10 phononTS 0.000997164 0.0197874 -0.215738 0.049999 104450 0.00034743 1 0.0189554 -0.218328 0.05 104510
0 4581 3 phononTF 0.002498 -1.87152 -0.892417 -0.041544 4862.63 0.00034743 1 -0.0740668 -0.175454 0.05 11311.6
0 4581 7 phononTS 0.000475227 -0.0740668 -0.175454 0.049999 11311.6 0.00034743 1 -0.0137331 -0.173643 0.05 11410
0 4587 5 phononTF 0.00103897 -3.26592 3.87062 0.0302034 26507.8 0.00034743 1 -0.105296 -0.205947 0.05 86407.9
0 4596 3 phononTF 0.00148037 -2.2403 -1.3658 -0.0109664 1897.88 0.00069486 1 -0.100322 -0.159091 0.05 3473.88
0 4596 8 phononTS 0.000447979 -0.100322 -0.159091 0.049999 3473.88 0.00034743 1 0.0851908 -0.26405 0.05 7171.31
0 4601 5 phononTF 0.00143846 -2.50603 -3.84494 -0.0264797 13874.6 0.00034743 1 -0.0951447 -0.248195 0.05 31938
0 4602 4 phononTF 0.000952873 -0.321879 1.75797 0.0283601 22324.1 0.00034743 1 -0.0308405 -0.296457 0.05 26889
0 4602 8 phononTF 0.000542544 -0.0308405 -0.296457 0.049999 26889 0.00034743 1 -0.0325916 -0.178058 0.05 27131.3
0 4680 2 phononL 0.00148831 -4.3187 -0.565782 -0.0209799 6316.78 0.00069486 1 -0.0346857 -0.128861 0.05 20130.5
0 4717 4 phononTF 0.00167312 -1.37977 -2.63686 -0.00153196 16931.4 0.00069486 1 0.0716141 -0.2464 0.05 78905.6
0 4719 3 phononTS 0.00232457 -2.12257 -0.238852 -0.0130637 7435.25 0.00034743 1 -0.0466242 -0.131187 0.05 10796.5
0 4755 3 phononTF 0.00177658 -3.88594 -0.28988 -0.0461144 1069.32 0.00069486 1 -0.0237759 -0.263753 0.05 8868.09
0 4774 2 phononTS 0.000795995 -3.39282 -0.595725 0.045047 4241.99 0.00034743 1 0.039921 -0.162019 0.05 81051.6
0 4779 2 phononTS 0.0017006 -0.973562 -2.47694 -0.0131912 26545.4 0.00034743 1 -0.0399974 -0.284114 0.05 55859.6
0 4779 4 phononTS 0.000605758 -0.0399974 -0.284114 0.049999 55859.6 0.00034743 1 -0.0746085 -0.256291 0.05 56163.7
0 4781 5 phononTS 0.00120586 -1.30169 -1.31982 -0.0233945 30685.7 0.00034743 1 -0.074423 -0.124627 0.05 32366.2
0 4800 4 phononL 0.000641529 -4.81653 -2.52295 0.0397198 3784.68 0.00034743 1 -0.0999628 -0.249905 0.05 209143
0 4803 3 phononTF 0.00222864 -3.46687 -1.16324 0.0108892 2416.77 0.00069486 1 0.0760409 -0.248401 0.05 167049
0 4898 5 phononL 0.000824053 -0.794812 -0.735945 -0.0465776 8057.61 0.00034743 1 -0.0277325 -0.291231 0.05 31204.1
0 4900 5 phononTF 0.000532519 -3.11269 0.10471 0.049999 7720.04 0.00034743 1 -0.107403 -0.174264 0.05 84430.8
0 4973 3 phononTS 0.00288285 -3.06593 -0.944084 -0.0208997 1374.62 0.00069486 1 0.118228 -0.218126 0.05 5607.17
