Run ID,Event ID,Track ID,Particle Name,Start Energy [eV],Start X [mm],Start Y [mm],Start Z [mm],Start Time [ns],Energy Deposited [eV],Track Weight,End X [mm],End Y [mm],End Z [mm],Final Time [ns],Volume Name
0 23 3 phononTS 0.0020535 1.45982 0.344048 0.0127279 3274.08 0.00034743 1 -0.0742121 -0.162125 0.05 7856.94
0 23 4 phononL 0.00142872 -0.0742121 -0.162125 0.049999 7856.94 0.00069486 1 -0.0262059 -0.179883 0.05 7958.52
0 43 1 phononTF 0.004 1.25 -0.75 0 0 0.00034743 1 0.022445 -0.231973 0.05 1592.73
0 43 4 phononTF 0.00174135 0.022445 -0.231973 0.049999 1592.73 0.00034743 1 0.0673188 -0.124065 0.05 1666.01
0 51 2 phononTS 0.00227955 1.01054 -0.950685 -0.0111238 241.342 0.00034743 1 -0.0912892 -0.16789 0.05 1740.51
0 51 4 phononTF 0.00103312 -0.0912892 -0.16789 0.049998 1740.51 0.00034743 1 -0.0881713 -0.168972 0.05 1811.1
0 57 2 phononTS 0.0015655 0.263815 -1.14908 -0.0469081 2366.43 0.00034743 1 0.114336 -0.224299 0.05 2865.08
0 58 2 phononTS 0.000775262 0.516481 0.0838877 0.049999 8654.1 0.00034743 1 -0.0229188 -0.16989 0.05 10636.6
0 63 2 phononTF 0.000437985 1.2395 0.0016659 0.049999 9097.75 0.00034743 1 0.0424166 -0.271584 0.05 49695.8
0 78 2 phononTS 0.00171243 0.632659 -0.822189 0.0233883 3745.1 0.00104229 1 -0.0561939 -0.265321 0.05 4973.77
0 78 10 phononTS 0.000365428 -0.0561939 -0.265321 0.049999 4973.77 0.00034743 1 -0.105514 -0.23665 0.05 5038.43
0 85 4 phononTS 0.000437709 0.562911 -0.149651 -0.0318309 8299.37 0.00034743 1 -0.042314 -0.257798 0.05 9289.31
0 110 1 phononTF 0.004 1.25 -0.75 0 0 0.00034743 1 -0.0723035 -0.12947 0.05 4972.85
0 112 4 phononTF 0.000610346 1.85882 -4.79895 -0.0407252 18117.3 0.00034743 1 0.101198 -0.251158 0.05 48274
0 118 2 phononTF 0.00274208 1.11 -0.910116 -0.0488207 247.023 0.00069486 1 -0.051669 -0.167171 0.05 2057.53
0 118 4 phononTS 0.00079628 -0.051669 -0.167171 0.049999 2057.53 0.00034743 1 0.0246441 -0.243291 0.05 2133.77
0 118 18 phononTF 0.000368671 0.0246441 -0.243291 0.049999 2133.77 0.00034743 1 -0.0828525 -0.186212 0.05 2268.06
0 125 5 phononL 0.00196524 4.6486 -2.53436 -0.0494955 10963.2 0.00034743 1 0.0686179 -0.247357 0.05 19451.2
0 126 4 phononTS 0.000580713 0.844469 0.0003472 0.049999 412.312 0.00034743 1 -0.0604224 -0.151466 0.05 145556
0 136 2 phononTS 0.0011831 0.932192 -0.926532 -0.0222712 308.882 0.00034743 1 0.0859434 -0.150227 0.05 7174.14
0 145 3 phononTS 0.00202968 1.47373 -0.619056 -0.0428336 218.072 0.00034743 1 0.0705147 -0.189074 0.05 16001.3
0 149 2 phononTS 0.00214467 1.21681 -0.67607 0.0432188 17.2888 0.00069486 1 0.0969726 -0.262969 0.05 3708.49
0 170 3 phononTF 0.0023392 0.958475 -0.279753 -0.0389279 2544.97 0.00034743 1 0.0206427 -0.179982 0.05 3281.91
0 170 4 phononL 0.000509158 0.0206427 -0.179982 0.049999 3281.91 0.00034743 1 0.0203716 -0.239899 0.05 3430.58
0 184 5 phononTS 0.000433596 -0.12442 0.0701094 0.049999 2551.17 0.00034743 1 -0.0572832 -0.113526 0.05 2678.75
0 192 3 phononTF 0.00242956 1.03243 -0.77459 0.0415732 622.571 0.00069486 1 0.0603698 -0.177809 0.05 4947.21
0 197 3 phononL 0.00320873 0.362645 -0.216663 0.0133945 2716.09 0.00104229 1 0.0163221 -0.170362 0.05 2838.09
0 214 2 phononTS 0.0027395 0.387914 -1.37413 0.00800277 1721.38 0.00104229 1 0.0367131 -0.150929 0.05 7909.73
0 214 11 phononTF 0.000381295 0.0367131 -0.150929 0.049999 7909.73 0.00034743 1 -0.0859609 -0.275777 0.05 8001.31
0 218 3 phononTS 0.00256989 1.12214 -0.298454 0.0152355 2315.54 0.00034743 1 -0.0833644 -0.189263 0.05 88474.3
0 241 1 phononTF 0.004 1.25 -0.75 0 0 0.00104229 1 0.0340219 -0.262442 0.05 6516
0 261 2 phononTF 0.000583801 1.20529 0.068995 0.049999 2147.76 0.00034743 1 -0.0574119 -0.15957 0.05 60037.6
0 280 3 phononTS 0.00272956 1.33293 -1.15524 0.0424502 1026.12 0.00069486 1 -0.105979 -0.217409 0.05 3875.92
0 290 5 phononTF 0.00167625 1.52139 -1.30079 0.0410594 1805.73 0.00034743 1 0.0444786 -0.207738 0.05 32965.9
0 307 3 phononTF 0.00242823 0.58188 -1.15953 0.0133549 2505.99 0.00034743 1 0.0998118 -0.234514 0.05 4704.36
0 318 3 phononTS 0.00175673 0.804637 -0.846865 -0.0359526 1729.37 0.00034743 1 0.0581692 -0.171959 0.05 9355.85
0 318 5 phononTF 0.000546908 0.0581692 -0.171959 0.049999 9355.85 0.00034743 1 -0.110516 -0.192033 0.05 9432.89
0 335 2 phononTS 0.00120331 -0.0827406 -0.3034 -0.0120617 7189.33 0.00069486 1 -0.0646844 -0.216384 0.05 7246.43
0 338 3 phononTF 0.00307512 1.82747 -0.587286 -0.0459818 2223.41 0.00069486 1 0.0781242 -0.28155 0.05 10253.5
0 370 1 phononTF 0.004 1.25 -0.75 0 0 0.00034743 1 0.0225269 -0.165756 0.05 5406.03
0 370 3 phononTS 0.00134375 0.0225269 -0.165756 0.049999 5406.03 0.00034743 1 0.0873923 -0.19459 0.05 5858.87
0 395 5 phononTF 0.00126349 -0.181626 0.30116 0.00993953 7810.21 0.00034743 1 0.0853902 -0.147744 0.05 7998.73
0 408 2 phononTS 0.00162712 2.16225 -0.822699 -0.00153296 4031.2 0.00034743 1 0.0839716 -0.157964 0.05 5153.38
0 408 4 phononTS 0.00115884 0.0839716 -0.157964 0.049999 5153.38 0.00034743 1 0.073417 -0.179347 0.05 5212.68
0 415 2 phononTF 0.00209852 0.907819 -1.08893 0.00433531 3900.91 0.00034743 1 0.0521771 -0.267955 0.05 21430.8
0 418 2 phononTS 0.00300472 1.03436 -0.687966 0.0152435 4201.95 0.00034743 1 -0.0473759 -0.129971 0.05 23317.6
0 449 2 phononTF 0.000629696 -0.530316 0.0677096 0.049999 10300.9 0.00034743 1 -0.0999728 -0.222439 0.05 11911.3
0 459 2 phononTF 0.00172262 1.1297 -1.30472 -0.0270981 2390.34 0.00104229 1 -0.0449515 -0.286673 0.05 4616.27
0 481 3 phononL 0.00252663 0.902903 -0.827549 -0.00281941 6879.46 0.00034743 1 0.028788 -0.191109 0.05 13985.6
0 481 4 phononL 0.0012934 0.028788 -0.191109 0.049999 13985.6 0.00069486 1 -0.028285 -0.240115 0.05 14047.9
0 495 3 phononTF 0.00201022 0.414088 -1.51738 0.0105082 8523.7 0.00069486 1 0.0358824 -0.282563 0.05 49434.4
0 495 4 phononTF 0.000675177 0.0358824 -0.282563 0.049999 49434.4 0.00034743 1 0.029883 -0.275494 0.05 49491.6
0 499 3 phononTF 0.00206679 1.25358 -0.754132 -0.0431046 12.2629 0.00034743 1 -0.104604 -0.221023 0.05 1135.39
0 499 2 phononTS 0.00193321 1.25358 -0.754132 -0.0431046 12.2629 0.00034743 1 0.0932987 -0.211253 0.05 97415.9
0 543 2 phononTS 0.00205672 0.277753 0.937235 -0.0416354 8415.96 0.00104229 1 0.0952552 -0.20643 0.05 86917.1
0 570 2 phononTS 0.00109886 0.681811 0.695443 -0.0285883 6071.84 0.00034743 1 -0.0533017 -0.190801 0.05 8644.89
0 578 3 phononTS 0.00268425 1.14237 -1.01985 0.0258869 5046.86 0.00069486 1 -0.0703691 -0.164446 0.05 6237.95
0 578 8 phononTS 0.000373788 -0.0703691 -0.164446 0.049999 6237.95 0.00034743 1 -0.0851418 -0.164276 0.05 6297.8
0 586 5 phononTS 0.00165789 1.41319 -1.46968 -0.0051959 9308.08 0.00069486 1 0.056942 -0.245782 0.05 13470.7
0 593 7 phononTF 0.00142872 -2.44151 3.43183 -0.0177951 13917.8 0.00069486 1 0.0843499 -0.206755 0.05 75735.3
0 597 1 phononL 0.004 1.25 -0.75 0 0 0.00138972 1 0.08092 -0.22868 0.05 4096.26
0 597 4 phononTF 0.000685859 0.08092 -0.22868 0.049999 4096.26 0.00034743 1 0.0858613 -0.153882 0.05 4156.86
0 622 2 phononTF 0.00202832 1.40607 0.798521 0.0265443 2082.47 0.00104229 1 -0.0203019 -0.142285 0.05 4175.12
0 651 2 phononTS 0.00125013 1.48019 -1.23787 -0.00328558 1476.46 0.00069486 1 0.0316468 -0.250389 0.05 21836.7
0 659 2 phononTF 0.00180894 1.46637 -1.01257 0.0056437 302.323 0.00034743 1 0.0196912 -0.191682 0.05 1942.98
0 659 5 phononTS 0.00115152 0.0196912 -0.191682 0.049999 1942.98 0.00034743 1 -0.0216907 -0.230485 0.05 2067.71
0 665 2 phononTS 0.00237356 0.0250632 -0.0945681 -0.0330005 1939.19 0.00034743 1 -0.112209 -0.195281 0.05 2013.69
0 675 1 phononTS 0.004 1.25 -0.75 0 0 0.00138972 1 0.0794065 -0.177263 0.05 2955.09
0 678 4 phononTF 0.0022347 0.572282 -1.80393 0.0259123 4914.42 0.00034743 1 0.116799 -0.207951 0.05 24875.6
0 678 7 phononL 0.00179065 0.116799 -0.207951 0.049999 24875.6 0.00069486 1 0.0700753 -0.242795 0.05 24931.1
0 682 2 phononTS 0.00206621 0.871617 -0.578406 -0.0496432 1312.76 0.00034743 1 -0.0256055 -0.250402 0.05 2593.99
0 682 5 phononTF 0.000691924 -0.0256055 -0.250402 0.049999 2593.99 0.00034743 1 0.0654094 -0.279203 0.05 3299.87
0 702 3 phononTF 0.00257072 -1.67678 -1.4974 0.0204307 18199.9 0.00034743 1 0.0818115 -0.272658 0.05 20484.7
0 711 1 phononL 0.004 1.25 -0.75 0 0 0.00069486 1 0.0849677 -0.174756 0.05 3627.67
0 711 7 phononTS 0.000381902 0.0849677 -0.174756 0.049999 3627.67 0.00034743 1 0.11346 -0.160717 0.05 3905.49
0 711 4 phononTF 0.00124882 0.0849677 -0.174756 0.049999 3627.67 0.00034743 1 0.0571293 -0.124385 0.05 3769.49
0 721 3 phononTS 0.00222297 0.830837 -0.0221711 0.010097 2446.62 0.00034743 1 -0.107143 -0.242876 0.05 25808.2
0 727 2 phononTS 0.00145119 1.2268 -0.751783 -0.0219368 5.98503 0.00069486 1 -0.0475326 -0.25731 0.05 57188.1
0 734 4 phononTS 0.00193524 2.53938 -0.384742 -0.0474725 30209.5 0.00069486 1 -0.0497693 -0.134854 0.05 38347.5
0 736 2 phononTS 0.00194912 0.644177 -1.48793 -0.0212667 4198.15 0.00069486 1 0.0708255 -0.133639 0.05 82706.3
0 736 4 phononTF 0.000676617 0.0708255 -0.133639 0.049999 82706.3 0.00034743 1 -0.0343808 -0.295369 0.05 83654.5
0 774 1 phononTS 0.004 1.25 -0.75 0 0 0.00104229 1 -0.0418796 -0.19175 0.05 2959.36
0 774 4 phononTS 0.00100557 -0.0418796 -0.19175 0.049999 2959.36 0.00069486 1 -0.0295131 -0.186908 0.05 3091.95
0 774 2 phononTS 0.000487943 -0.0418796 -0.19175 0.049999 2959.36 0.00034743 1 -0.0640494 -0.145937 0.05 3414.65
0 792 2 phononL 0.00052089 0.119465 0.08908 0.049998 11729.6 0.00034743 1 0.0490539 -0.288203 0.05 12118.4
0 831 3 phononTF 0.00257664 1.24506 -0.757023 0.00525549 1.84758 0.00034743 1 0.114171 -0.209155 0.05 6866.15
0 831 4 phononTF 0.00164291 0.114171 -0.209155 0.049999 6866.15 0.00069486 1 -0.0222156 -0.13605 0.05 6962.79
0 833 5 phononTS 0.000759602 1.3355 0.0121266 0.049999 1051.83 0.00034743 1 0.0329447 -0.218524 0.05 2551.86
0 901 4 phononTS 0.000719743 0.851187 0.033685 0.049999 5291.35 0.00034743 1 0.0831546 -0.135401 0.05 15210.8
0 905 2 phononTF 0.000683736 1.05109 0.0150211 0.049999 692.764 0.00034743 1 0.0584616 -0.198405 0.05 27319.6
0 906 3 phononL 0.00216919 0.98003 -1.46064 -0.0107851 12802.3 0.00069486 1 0.0349064 -0.0944504 0.05 21858
0 918 2 phononTS 0.00255728 1.60119 -0.282397 -0.0267275 386.033 0.00069486 1 0.0292955 -0.131552 0.05 14474.7
0 918 7 phononTF 0.0010575 0.0292955 -0.131552 0.049999 14474.7 0.00034743 1 0.0588698 -0.281864 0.05 15130.1
0 920 5 phononTS 0.000481932 1.52495 0.0105082 0.049999 3229.98 0.00034743 1 0.113339 -0.234816 0.05 81116.2
0 926 3 phononTS 0.00165097 0.81148 -0.769998 -0.0349916 801.497 0.00069486 1 -0.035978 -0.197301 0.05 52755.6
0 951 5 phononL 0.00146424 0.422066 -0.177299 0.0134037 27052.1 0.00034743 1 0.0536164 -0.21929 0.05 27346.6
0 956 2 phononL 0.00170549 -0.045839 -1.45665 -0.0446558 4398.44 0.00034743 1 -0.020091 -0.251628 0.05 10540.3
0 958 2 phononTS 0.00245705 2.10817 -1.34308 -0.0138147 9286.01 0.00034743 1 -0.0442736 -0.173412 0.05 20152
0 968 2 phononTF 0.00195164 1.40262 -0.290945 -0.0350916 2599.31 0.00034743 1 -0.0492625 -0.20087 0.05 39243.5
0 981 1 phononTS 0.004 1.25 -0.75 0 0 0.00034743 1 -0.0163201 -0.169157 0.05 3404.25
0 981 2 phononTS 0.00317561 -0.0163201 -0.169157 0.049999 3404.25 0.00104229 1 0.116314 -0.207195 0.05 3589.66
0 981 9 phononTS 0.00117701 0.116314 -0.207195 0.049999 3589.66 0.00069486 1 -0.0696703 -0.181465 0.05 114003
0 1003 2 phononTF 0.00247019 -0.258991 -0.139421 0.0292053 4759.06 0.00069486 1 -0.0121797 -0.210237 0.05 5111.28
0 1004 2 phononTS 0.00115596 -0.667301 -1.72565 -0.0410939 7188.52 0.00034743 1 0.0956308 -0.169214 0.05 10326.5
0 1004 6 phononTF 0.000764831 0.0956308 -0.169214 0.049999 10326.5 0.00034743 1 0.0742738 -0.240594 0.05 10545.1
0 1035 2 phononTS 0.00271234 1.28087 -0.967984 -0.0492622 1419.88 0.00069486 1 -0.0197652 -0.184714 0.05 3993.45
0 1035 7 phononTS 0.000446684 -0.0197652 -0.184714 0.049999 3993.45 0.00034743 1 -0.0243593 -0.188555 0.05 4053.44
0 1084 2 phononTS 0.000409096 0.221825 0.0971463 0.049999 2082.55 0.00034743 1 -0.0736668 -0.182641 0.05 2569.73
0 1097 2 phononTF 0.00196362 1.03008 -1.91681 0.0280283 4229.57 0.00034743 1 0.0900522 -0.232844 0.05 7653.26
0 1097 4 phononTF 0.00127886 0.0900522 -0.232844 0.049999 7653.26 0.00069486 1 0.0449363 -0.166116 0.05 7724.12
0 1123 5 phononTF 0.00169258 -3.49122 -1.63353 -0.0451568 18176 0.00069486 1 -0.0458641 -0.118779 0.05 56911.9
0 1127 3 phononTF 0.00169818 0.551523 -0.434216 -0.030722 1790.5 0.00069486 1 -0.0783815 -0.181766 0.05 5812.32
0 1128 1 phononTS 0.004 1.25 -0.75 0 0 0.00034743 1 0.0315461 -0.180103 0.05 2558.44
0 1158 2 phononTF 0.00112195 1.34815 -0.703003 0.0445175 805.405 0.00034743 1 0.0808677 -0.14348 0.05 1645.43
0 1162 2 phononTS 0.00191762 1.5548 -0.319203 -0.0248865 311.657 0.00034743 1 0.0205735 -0.183727 0.05 2589.1
0 1167 2 phononTS 0.00240865 1.0651 -0.596956 0.0301839 15808.1 0.00069486 1 0.0228413 -0.265344 0.05 16691
0 1168 2 phononTS 0.00215007 2.38376 -0.610522 0.0266627 8612.21 0.00069486 1 -0.0738674 -0.15276 0.05 11250.3
0 1198 2 phononTS 0.00254525 1.35976 -0.662336 0.000423599 257.025 0.00104229 1 -0.0131774 -0.205644 0.05 3213.68
0 1198 11 phononL 0.000705061 -0.0131774 -0.205644 0.049999 3213.68 0.00034743 1 0.0618241 -0.283576 0.05 3265.1
0 1211 3 phononTS 0.00219077 0.687955 -0.514618 -0.00691453 2210.68 0.00069486 1 -0.0401657 -0.302336 0.05 13435.3
0 1215 3 phononTS 0.00215943 1.01683 -0.429762 -0.0205775 369.47 0.00034743 1 -0.050305 -0.248414 0.05 11842
0 1215 4 phononTS 0.000925123 -0.050305 -0.248414 0.049999 11842 0.00069486 1 -0.0108943 -0.190197 0.05 11914.1
0 1230 3 phononTS 0.00234596 1.10851 -1.16202 0.0492092 1925.96 0.00069486 1 -0.118828 -0.194515 0.05 52804.7
0 1273 3 phononTF 0.00150197 2.28448 -1.65931 0.0422249 1685.59 0.00069486 1 0.0541203 -0.270127 0.05 64741.3
0 1320 3 phononTS 0.00161122 0.825338 -1.24245 -0.035819 1684.6 0.00034743 1 0.0296252 -0.272281 0.05 100747
0 1335 5 phononTS 0.000461723 0.00232986 0.0244395 0.049999 3189.57 0.00034743 1 -0.02839 -0.121699 0.05 3344.72
0 1354 2 phononTS 0.00124008 1.53277 -0.638405 -0.0400728 201.869 0.00034743 1 -0.0469803 -0.262829 0.05 27631.2
0 1361 2 phononTS 0.00305662 1.4203 -1.41003 -0.0158082 2482.08 0.00034743 1 0.0414658 -0.268429 0.05 11234.4
0 1373 3 phononL 0.00208611 1.36786 -0.839409 0.0182248 16261 0.00069486 1 -0.0303288 -0.167172 0.05 34485.2
0 1391 3 phononL 0.00274656 1.25927 -0.192983 -0.0456762 1508.28 0.00069486 1 -0.0674078 -0.278269 0.05 5170.6
0 1392 3 phononTS 0.00153053 -2.38233 -2.45846 0.0242225 9300.49 0.00034743 1 -0.0655294 -0.267275 0.05 41008.9
0 1392 4 phononTF 0.000415697 -0.0655294 -0.267275 0.049999 41008.9 0.00034743 1 0.0610156 -0.13636 0.05 41274.5
0 1406 1 phononTS 0.004 1.25 -0.75 0 0 0.00034743 1 0.0531797 -0.161307 0.05 2703.79
0 1406 2 phononTF 0.00278538 0.0531797 -0.161307 0.049999 2703.79 0.00034743 1 -0.0292873 -0.177587 0.05 47207.8
0 1406 9 phononTS 0.00160296 -0.0292873 -0.177587 0.049999 47207.8 0.00034743 1 0.0712369 -0.203631 0.05 47649.6
0 1411 3 phononTF 0.00198347 1.68271 -0.430826 0.041532 2441.15 0.00104229 1 -0.0191036 -0.186255 0.05 23517.2
0 1420 1 phononTF 0.004 1.25 -0.75 0 0 0.00138972 1 0.0346346 -0.267132 0.05 10348.3
0 1420 19 phononTS 0.000350153 0.0346346 -0.267132 0.049999 10348.3 0.00034743 1 -0.0818844 -0.145943 0.05 10673.1
0 1431 5 phononTS 0.00143489 4.17764 0.807804 -0.0386303 13788.6 0.00034743 1 -0.0395372 -0.253693 0.05 56670.1
0 1440 3 phononTS 0.000473869 -0.0238472 0.0922848 0.049999 14002.1 0.00034743 1 0.0289711 -0.186068 0.05 14126
0 1449 5 phononTS 0.00176438 4.882 4.73751 0.0486201 11905.1 0.00034743 1 -0.0415688 -0.151809 0.05 29186.5
0 1461 3 phononTS 0.002161 -0.157085 -0.917758 -0.0449443 4127.97 0.00034743 1 -0.0264336 -0.134046 0.05 5806.52
0 1461 4 phononTS 0.000933353 -0.0264336 -0.134046 0.049999 5806.52 0.00069486 1 -0.0795471 -0.117907 0.05 67990.1
0 1484 1 phononL 0.004 1.25 -0.75 0 0 0.00069486 1 0.107557 -0.153315 0.05 4011.96
0 1488 3 phononL 0.00256714 -0.103616 -0.283317 0.0023193 5034.92 0.00034743 1 -0.0280441 -0.274824 0.05 5850.52
0 1488 4 phononTF 0.00139049 -0.0280441 -0.274824 0.049999 5850.52 0.00034743 1 -0.0379404 -0.243269 0.05 5912.03
0 1488 11 phononTS 0.00103601 -0.0379404 -0.243269 0.049999 5912.03 0.00034743 1 0.0910826 -0.215573 0.05 6070.39
0 1488 2 phononTF 0.00143286 -0.103616 -0.283317 0.0023193 5034.92 0.00069486 1 -0.0983515 -0.213427 0.05 5085.08
0 1488 23 phononTF 0.000451535 -0.0983515 -0.213427 0.049999 5085.08 0.00034743 1 0.0733663 -0.235207 0.05 6716.45
0 1575 2 phononTS 0.00068006 1.27493 0.0215346 0.049999 497.113 0.00034743 1 -0.0409508 -0.261116 0.05 31922.1
0 1595 3 phononTS 0.0022964 1.6508 -0.581439 0.0453655 1182.55 0.00069486 1 -0.0788552 -0.214584 0.05 4437.44
0 1626 2 phononTS 0.00124999 1.68089 -0.376535 0.022423 3313.54 0.00034743 1 -0.100647 -0.240515 0.05 3880.82
0 1628 3 phononTS 0.00239029 2.34769 -0.277113 -0.000344418 5466.98 0.00034743 1 -0.0354642 -0.109773 0.05 7737.58
0 1628 5 phononTS 0.00105646 -0.0354642 -0.109773 0.049999 7737.58 0.00034743 1 -0.0223312 -0.260494 0.05 7918.1
0 1636 3 phononL 0.00167746 1.59107 -1.05051 0.027134 368.111 0.00034743 1 0.1071 -0.227295 0.05 2936.51
0 1637 2 phononTS 0.00263961 0.0726617 -2.24325 -0.00707133 5853.01 0.00034743 1 0.0326868 -0.27866 0.05 17218.2
0 1637 4 phononTF 0.00169528 0.0326868 -0.27866 0.049999 17218.2 0.00034743 1 -0.0139998 -0.197269 0.05 17289.1
0 1650 3 phononTF 0.00168322 0.510529 -1.14841 -0.0488221 1642.9 0.00034743 1 0.0391437 -0.22711 0.05 31958.2
0 1670 1 phononTS 0.004 1.25 -0.75 0 0 0.00069486 1 0.0694846 -0.145896 0.05 1937.62
0 1670 6 phononTS 0.000985247 0.0694846 -0.145896 0.049999 1937.62 0.00034743 1 0.062354 -0.192049 0.05 2192.18
0 1670 5 phononTS 0.00100554 0.0694846 -0.145896 0.049999 1937.62 0.00034743 1 0.0176226 -0.239274 0.05 2147.02
0 1674 2 phononTF 0.00228664 2.04853 -0.367423 0.00279829 2954.3 0.00069486 1 -0.0617426 -0.14762 0.05 31697.6
0 1674 8 phononTS 0.00104437 -0.0617426 -0.14762 0.049999 31697.6 0.00069486 1 -0.0344041 -0.181521 0.05 31759.6
0 1688 1 phononTS 0.004 1.25 -0.75 0 0 0.00069486 1 0.0844219 -0.215228 0.05 4137.81
0 1688 7 phononL 0.000783073 0.0844219 -0.215228 0.049999 4137.81 0.00034743 1 -0.0888314 -0.185591 0.05 33684.3
0 1688 5 phononTF 0.000646962 0.0844219 -0.215228 0.049999 4137.81 0.00034743 1 -0.096061 -0.21743 0.05 4214.57
0 1695 3 phononTS 0.0012454 2.56009 -0.283739 -0.0251352 3225.24 0.00034743 1 -0.0922711 -0.225997 0.05 59993
0 1699 2 phononL 0.00188434 1.58422 -0.558456 0.00690906 5107.22 0.00138972 1 -0.0281814 -0.212778 0.05 12930.3
0 1717 1 phononL 0.004 1.25 -0.75 0 0 0.00034743 1 0.100559 -0.260548 0.05 576.807
0 1725 3 phononTS 0.00160174 0.684628 -1.28468 0.0457111 1454.7 0.00034743 1 0.0801545 -0.228629 0.05 4994.56
0 1730 3 phononTS 0.00269917 1.19231 -2.14962 0.0429881 7301.64 0.00138972 1 0.0539674 -0.204588 0.05 12941
0 1739 5 phononTF 0.000498322 0.907322 0.014643 0.049999 5489.17 0.00034743 1 -0.0492834 -0.171412 0.05 70420
0 1772 3 phononTF 0.00185678 1.7485 -2.16634 0.0257259 2265.22 0.00034743 1 0.113658 -0.235836 0.05 68623.3
0 1807 2 phononTS 0.00126948 1.39181 -0.852246 0.00942368 3103.34 0.00069486 1 0.0527108 -0.159921 0.05 5015.17
0 1810 2 phononTS 0.00131316 -0.708048 -1.62023 -0.0427308 8402.73 0.00069486 1 -0.0619506 -0.188185 0.05 61908.1
0 1810 8 phononTS 0.000433324 -0.0619506 -0.188185 0.049999 61908.1 0.00034743 1 -0.0658819 -0.290225 0.05 62304.5
0 1815 3 phononTF 0.00268832 1.77947 -0.325527 0.0221189 750.675 0.00104229 1 -0.045468 -0.15573 0.05 10291.5
0 1841 1 phononTS 0.004 1.25 -0.75 0 0 0.00069486 1 -0.0494374 -0.224619 0.05 3561.8
0 1866 2 phononTS 0.000462001 1.98961 0.0380297 0.049999 3296.53 0.00034743 1 0.0836658 -0.204575 0.05 38014
0 1877 3 phononL 0.00166987 1.21486 -0.320484 0.0480194 3028.02 0.00069486 1 0.061865 -0.135515 0.05 27420.8
0 1877 4 phononTF 0.000670108 0.061865 -0.135515 0.049999 27420.8 0.00034743 1 0.0814813 -0.276812 0.05 27494.9
0 1877 2 phononL 0.00233013 1.21486 -0.320484 0.0480194 3028.02 0.00034743 1 -0.0188764 -0.1878 0.05 9219.36
0 1880 2 phononTF 0.00044621 2.43027 0.095529 0.049999 10639.3 0.00034743 1 -0.061594 -0.223603 0.05 66702.2
0 1906 3 phononL 0.0023296 0.675504 -0.828433 -0.0154439 1527.78 0.00034743 1 -0.0202506 -0.214161 0.05 11932
0 1906 4 phononTS 0.00140963 -0.0202506 -0.214161 0.049999 11932 0.00034743 1 -0.0559424 -0.124353 0.05 12049.1
0 1930 6 phononTS 0.000392359 0.513731 -0.00725433 0.049999 5327.32 0.00034743 1 0.0495015 -0.167741 0.05 6217.7
0 1934 2 phononTS 0.00160655 -0.20135 -1.1318 0.0343245 5804.16 0.00034743 1 0.0992262 -0.156895 0.05 6656.78
0 1940 4 phononTS 0.0013142 -2.00119 -3.92333 -0.0476831 22199.1 0.00034743 1 -0.0552146 -0.222095 0.05 52244.8
0 1950 3 phononL 0.00174614 -0.38766 -0.640412 -0.0428851 6250.22 0.00069486 1 -0.0262528 -0.123133 0.05 7413.3
0 1984 5 phononTS 0.0016538 1.99313 1.73569 -0.0137505 8020.89 0.00034743 1 -0.059717 -0.237868 0.05 36409.5
0 1988 1 phononTF 0.004 1.25 -0.75 0 0 0.00104229 1 -0.0861744 -0.176427 0.05 3054.84
0 1988 5 phononTS 0.00142384 -0.0861744 -0.176427 0.049999 3054.84 0.00069486 1 -0.107813 -0.22915 0.05 3121.15
0 1995 3 phononTF 0.00219079 0.459098 -1.04087 -0.0145108 1447.88 0.00069486 1 0.0611573 -0.117134 0.05 35883
0 1995 4 phononTS 0.0011074 0.0611573 -0.117134 0.049999 35883 0.00034743 1 -0.0608169 -0.11055 0.05 59381.2
0 2040 3 phononTS 0.00250152 1.24181 -0.645083 0.0265504 2612.29 0.00069486 1 -0.0233039 -0.183708 0.05 11936
0 2040 4 phononTS 0.000355683 -0.0233039 -0.183708 0.049999 11936 0.00034743 1 -0.0823137 -0.265194 0.05 12070.2
0 2075 2 phononTF 0.00167122 0.462215 -1.90908 -0.0175868 1737.92 0.00069486 1 -0.0370257 -0.300096 0.05 2702.22
0 2094 1 phononTF 0.004 1.25 -0.75 0 0 0.00138972 1 0.0735971 -0.213814 0.05 4284.9
0 2094 2 phononTS 0.000683581 0.0735971 -0.213814 0.049999 4284.9 0.00034743 1 -0.0218343 -0.23056 0.05 4449.33
0 2098 1 phononTS 0.004 1.25 -0.75 0 0 0.00069486 1 -0.072792 -0.281581 0.05 1633.79
0 2099 1 phononTF 0.004 1.25 -0.75 0 0 0.00034743 1 -0.0733961 -0.272497 0.05 3165.78
0 2099 6 phononL 0.000475333 -0.0733961 -0.272497 0.049999 3165.78 0.00034743 1 0.0747348 -0.287946 0.05 16449.8
0 2110 2 phononL 0.00107291 1.05328 -0.589797 -0.0295301 339.009 0.00034743 1 0.076095 -0.159438 0.05 24116.4
0 2111 3 phononTF 0.00342589 0.362749 -1.5956 -0.0381753 5090.9 0.00104229 1 0.0811086 -0.137576 0.05 6269.75
0 2111 9 phononTS 0.00045628 0.0811086 -0.137576 0.049999 6269.75 0.00034743 1 0.0783012 -0.153278 0.05 6541.46
0 2111 7 phononTS 0.000378931 0.0811086 -0.137576 0.049999 6269.75 0.00034743 1 -0.0943625 -0.188452 0.05 6440.47
0 2127 2 phononTF 0.00258281 1.65722 -0.56727 -0.0195342 1071.45 0.00034743 1 -0.0195715 -0.166873 0.05 2144.85
0 2127 5 phononTS 0.0003925 -0.0195715 -0.166873 0.049999 2144.85 0.00034743 1 -0.0517012 -0.135264 0.05 2227.78
0 2140 1 phononTF 0.004 1.25 -0.75 0 0 0.00104229 1 -0.0636758 -0.112193 0.05 7884.8
0 2161 3 phononTF 0.00234901 0.805032 -0.905387 -0.00899467 2422.56 0.00034743 1 -0.0551088 -0.283455 0.05 3954.17
0 2161 4 phononTF 0.000468343 -0.0551088 -0.283455 0.049999 3954.17 0.00034743 1 0.0442596 -0.113458 0.05 4047.58
0 2162 2 phononTF 0.00151351 1.24317 -1.17133 0.0122629 1424.59 0.00034743 1 0.113769 -0.18053 0.05 15678.9
0 2167 3 phononTS 0.00317371 -0.759148 -1.40979 -0.00490191 3543.62 0.00104229 1 -0.11596 -0.219675 0.05 4248.89
0 2167 7 phononL 0.00108708 -0.11596 -0.219675 0.049999 4248.89 0.00034743 1 -0.0321642 -0.297491 0.05 5611.57
0 2167 2 phononTF 0.000826292 -0.759148 -1.40979 -0.00490191 3543.62 0.00034743 1 0.102112 -0.154527 0.05 6657.75
0 2172 1 phononL 0.004 1.25 -0.75 0 0 0.00034743 1 0.0358469 -0.177018 0.05 3128.25
0 2190 1 phononTS 0.004 1.25 -0.75 0 0 0.00069486 1 -0.105005 -0.147317 0.05 7017.17
0 2190 2 phononTS 0.00110907 -0.105005 -0.147317 0.049999 7017.17 0.00069486 1 0.115564 -0.189254 0.05 7571.24
0 2193 3 phononTS 0.00154199 1.06655 -0.193328 0.00790211 1939.03 0.00034743 1 0.0704845 -0.249741 0.05 6115.08
0 2194 3 phononTF 0.0025628 -1.3742 -0.295393 -0.0147241 8608 0.00069486 1 -0.0401671 -0.219989 0.05 23849.6
0 2194 4 phononTF 0.000444097 -0.0401671 -0.219989 0.049999 23849.6 0.00034743 1 -0.0594805 -0.217473 0.05 23926.6
0 2202 2 phononTS 0.00155328 1.21459 -3.75312 0.0286228 24328.9 0.00034743 1 0.0487072 -0.144845 0.05 38591.8
0 2209 3 phononTF 0.000391364 2.03961 0.100884 0.049999 5520.69 0.00034743 1 0.0498277 -0.184317 0.05 124189
0 2210 4 phononTF 0.00139832 1.57918 -0.356147 -0.0421618 4139.24 0.00069486 1 -0.0522597 -0.110541 0.05 5671.21
0 2211 3 phononTS 0.00276175 1.91363 -1.5248 0.00396951 9704.23 0.00104229 1 -0.0642519 -0.143694 0.05 17487.5
0 2211 11 phononTS 0.000375309 -0.0642519 -0.143694 0.049999 17487.5 0.00034743 1 0.0259845 -0.216944 0.05 17563.2
0 2217 2 phononTF 0.00208864 1.2572 -1.42271 0.0449404 1317.51 0.00034743 1 -0.076098 -0.239507 0.05 5449.34
0 2234 2 phononTF 0.00233232 1.08527 -1.00351 0.026443 57.9165 0.00069486 1 0.0442851 -0.125223 0.05 21089.8
0 2234 4 phononTF 0.000669827 0.0442851 -0.125223 0.049999 21089.8 0.00034743 1 0.033122 -0.126465 0.05 21148.5
0 2259 3 phononTF 0.00232072 1.3783 -0.775169 0.0402482 97.1347 0.00034743 1 -0.0794344 -0.124048 0.05 3462.86
0 2259 5 phononTF 0.000361152 -0.0794344 -0.124048 0.049999 3462.86 0.00034743 1 -0.116177 -0.214609 0.05 3531.02
0 2274 5 phononTS 0.00152101 -3.859 -1.81666 -0.00806572 39171.9 0.00034743 1 0.0123794 -0.181672 0.05 58328.6
0 2274 8 phononTS 0.000609033 0.0123794 -0.181672 0.049999 58328.6 0.00034743 1 0.0636795 -0.163152 0.05 58484.4
0 2278 4 phononTS 0.00121071 0.20455 -0.290381 0.0115105 29933.4 0.00069486 1 -0.03261 -0.146675 0.05 31362.2
0 2281 5 phononTS 0.00228932 -0.151897 -1.25254 0.0394086 10658.5 0.00104229 1 -0.0282284 -0.23408 0.05 11427.7
0 2287 1 phononTF 0.004 1.25 -0.75 0 0 0.00104229 1 0.0363426 -0.131916 0.05 1868.36
0 2287 10 phononTS 0.000981967 0.0363426 -0.131916 0.049999 1868.36 0.00069486 1 0.0350079 -0.126279 0.05 1926.23
0 2292 3 phononL 0.000415875 0.520302 0.0189142 0.049999 1458.71 0.00034743 1 -0.0196785 -0.173748 0.05 4848.06
0 2295 1 phononL 0.004 1.25 -0.75 0 0 0.00034743 1 -0.0718608 -0.132239 0.05 3059.83
0 2296 1 phononTS 0.004 1.25 -0.75 0 0 0.00104229 1 0.0316102 -0.196731 0.05 3067.47
0 2296 6 phononTS 0.00125136 0.0316102 -0.196731 0.049999 3067.47 0.00034743 1 0.0275676 -0.18403 0.05 3124.4
0 2326 5 phononTS 0.00149713 2.83666 -2.43441 0.0428295 7956.72 0.00034743 1 0.081013 -0.124291 0.05 19102.7
0 2366 1 phononTS 0.004 1.25 -0.75 0 0 0.00069486 1 -0.0354578 -0.227388 0.05 9704.23
0 2366 10 phononTF 0.000488459 -0.0354578 -0.227388 0.049999 9704.23 0.00034743 1 -0.113483 -0.233726 0.05 9796.98
0 2366 5 phononTF 0.000476821 -0.0354578 -0.227388 0.049999 9704.23 0.00034743 1 -0.0240443 -0.125269 0.05 9773.23
0 2371 5 phononTF 0.00146224 0.0300114 -0.298716 -0.00387352 3927.42 0.00069486 1 -0.107222 -0.185486 0.05 4039.88
0 2381 3 phononTS 0.00132774 0.668199 -0.936347 0.0130132 1502.56 0.00034743 1 0.0634701 -0.116806 0.05 44057.9
0 2400 1 phononTS 0.004 1.25 -0.75 0 0 0.00208458 1 0.0664449 -0.269885 0.05 3550.5
0 2419 2 phononTF 0.0026383 1.41437 -0.658525 0.0295519 107.215 0.00034743 1 -0.0785268 -0.170547 0.05 10606.8
0 2433 2 phononTS 0.000367479 0.327268 -0.002226 0.049999 1880.8 0.00034743 1 -0.0737965 -0.133124 0.05 2204.48
0 2438 2 phononTS 0.00210298 1.37376 -0.728941 -0.0122592 1197.99 0.00069486 1 0.0833363 -0.136113 0.05 3861.02
0 2438 7 phononTS 0.000837691 0.0833363 -0.136113 0.049999 3861.02 0.00069486 1 0.0443445 -0.0965844 0.05 4209.57
0 2452 2 phononTS 0.00217981 1.05778 -0.910367 -0.00506821 471.287 0.00034743 1 0.0705899 -0.179384 0.05 1990.34
0 2452 6 phononTF 0.000927862 0.0705899 -0.179384 0.049999 1990.34 0.00034743 1 -0.0278049 -0.276123 0.05 2139.84
0 2464 1 phononTF 0.004 1.25 -0.75 0 0 0.00104229 1 0.100923 -0.167998 0.05 8786.17
0 2464 9 phononTF 0.000580978 0.100923 -0.167998 0.049999 8786.17 0.00034743 1 -0.0301825 -0.294824 0.05 8922.97
0 2468 3 phononTS 0.00206914 1.66707 -0.730715 -0.0254468 675.858 0.00034743 1 -0.0288187 -0.095484 0.05 35293.1
0 2473 3 phononTF 0.0020577 0.970447 -0.263881 -0.0270676 767.542 0.00034743 1 -0.0360132 -0.128142 0.05 4680.57
0 2473 4 phononTF 0.0016601 -0.0360132 -0.128142 0.049999 4680.57 0.00034743 1 0.084523 -0.189118 0.05 5670.12
0 2480 2 phononL 0.00201511 0.40375 -0.311109 0.0104759 1591.49 0.00034743 1 -0.0461725 -0.104654 0.05 1844.32
0 2518 2 phononTF 0.00173116 0.736299 -1.71363 0.023728 3661.86 0.00069486 1 0.0976617 -0.171848 0.05 41350.7
0 2533 2 phononTF 0.00286071 1.43042 0.600954 -0.0332594 3824.48 0.00034743 1 0.0341378 -0.158178 0.05 14366.6
0 2536 2 phononTS 0.00199344 1.3057 -0.754426 0.0294181 2483.87 0.00034743 1 0.0200092 -0.219345 0.05 35105.7
0 2536 5 phononTF 0.000440957 0.0200092 -0.219345 0.049999 35105.7 0.00034743 1 -0.0500896 -0.128148 0.05 35192.9
0 2550 3 phononTS 0.00223429 1.4772 -0.11576 0.00428653 893.868 0.00034743 1 -0.0736742 -0.123199 0.05 24421.5
0 2550 5 phononTS 0.000469135 -0.0736742 -0.123199 0.049998 24421.5 0.00034743 1 -0.0777294 -0.131675 0.05 24483.5
0 2573 4 phononTF 0.00180103 1.89436 0.771292 -0.0078617 60735.9 0.00034743 1 0.0706013 -0.253349 0.05 75730.1
0 2573 9 phononTS 0.000405901 0.0706013 -0.253349 0.049999 75730.1 0.00034743 1 0.0902728 -0.260572 0.05 75800.8
0 2597 3 phononL 0.000385686 -0.0110986 0.0168936 0.049999 3764.49 0.00034743 1 0.0922051 -0.203356 0.05 13200
0 2606 2 phononTF 0.00245428 1.07284 0.122254 0.01445 2773.59 0.00034743 1 -0.0346362 -0.181439 0.05 5206.16
0 2622 5 phononTS 0.000503535 1.92016 0.0485768 0.049999 1889.19 0.00034743 1 0.06387 -0.285847 0.05 9597.86
0 2661 3 phononTS 0.00177404 0.80787 0.191342 -0.018297 1388.44 0.00069486 1 -0.0542337 -0.100169 0.05 49459.7
0 2668 2 phononTS 0.00157651 0.97959 -1.09498 0.0255357 729.864 0.00034743 1 -0.0286515 -0.262486 0.05 2041.65
0 2669 1 phononTF 0.004 1.25 -0.75 0 0 0.00069486 1 -0.0638678 -0.229386 0.05 6511.16
0 2681 6 phononTS 0.000350066 0.504672 0.0140025 0.049999 2201.73 0.00034743 1 -0.0662829 -0.190788 0.05 2952.41
0 2695 1 phononTS 0.004 1.25 -0.75 0 0 0.00173715 1 0.0303423 -0.251156 0.05 3349.82
0 2697 2 phononTS 0.000649397 1.65586 0.104432 0.049999 1088.01 0.00034743 1 0.106752 -0.251388 0.05 65224.7
0 2737 2 phononTF 0.00169359 0.556526 -0.439577 -0.0198829 4015.02 0.00034743 1 -0.0639405 -0.156695 0.05 37378.2
0 2739 4 phononTS 0.000905646 1.4431 0.0498212 0.049999 962.357 0.00034743 1 -0.0559029 -0.138716 0.05 29400.7
0 2764 3 phononTF 0.00149667 0.0964327 1.12715 0.0340677 6096.7 0.00069486 1 -0.0948363 -0.205565 0.05 7483.23
0 2778 2 phononTF 0.0019031 1.27979 -0.684873 0.00852544 35.6509 0.00069486 1 -0.103406 -0.16742 0.05 20265.3
0 2778 7 phononTS 0.000867488 -0.103406 -0.16742 0.049999 20265.3 0.00034743 1 -0.0371908 -0.29298 0.05 20360.1
0 2790 3 phononTF 0.00174988 1.24892 -0.680047 -0.0471224 17.2568 0.00069486 1 0.0813512 -0.232642 0.05 2739.09
0 2790 4 phononL 0.000404554 0.0813512 -0.232642 0.049999 2739.09 0.00034743 1 0.10486 -0.231807 0.05 2793.83
0 2793 2 phononTS 0.000892017 1.19894 -0.58539 0.0319982 7885.15 0.00069486 1 0.0963521 -0.249219 0.05 35498
0 2819 2 phononTS 0.00197634 1.70494 -1.04122 -0.0218898 5437.94 0.00069486 1 -0.0816356 -0.272274 0.05 11843.1
0 2840 5 phononTS 0.00163504 4.62374 -4.05316 -0.0343076 18266.8 0.00034743 1 -0.117541 -0.207546 0.05 26793.7
0 2852 4 phononL 0.00135936 -0.164674 2.59375 0.0153 26933.4 0.00034743 1 0.0303564 -0.103892 0.05 116937
0 2877 2 phononL 0.000897159 1.35731 -0.203696 -0.00719799 1338.16 0.00034743 1 -0.0643333 -0.12651 0.05 10475.9
0 2893 1 phononTF 0.004 1.25 -0.75 0 0 0.00138972 1 0.0933688 -0.239565 0.05 3054.12
0 2899 1 phononTS 0.004 1.25 -0.75 0 0 0.00034743 1 0.0334371 -0.217103 0.05 1505.38
0 2899 3 phononTF 0.00356077 0.0334371 -0.217103 0.049999 1505.38 0.00034743 1 0.0325364 -0.232012 0.05 1517.32
0 2905 1 phononTS 0.004 1.25 -0.75 0 0 0.00034743 1 -0.0628555 -0.263967 0.05 3078.44
0 2905 3 phononTF 0.00293682 -0.0628555 -0.263967 0.049999 3078.44 0.00034743 1 0.0776515 -0.267386 0.05 3148.7
0 2905 11 phononTS 0.00106097 0.0776515 -0.267386 0.049999 3148.7 0.00069486 1 0.0180562 -0.231703 0.05 3214.85
0 2905 10 phononTF 0.000382669 0.0776515 -0.267386 0.049999 3148.7 0.00034743 1 0.0816222 -0.218245 0.05 3231.86
0 2905 9 phononTF 0.000630324 0.0776515 -0.267386 0.049999 3148.7 0.00034743 1 0.118823 -0.182518 0.05 3316.9
0 2914 3 phononTS 0.00262735 0.606706 -0.747193 -0.04397 797.073 0.00034743 1 -0.0463729 -0.163403 0.05 10915.1
0 2915 4 phononTS 0.000854292 1.42816 0.0495387 0.049999 1838.94 0.00034743 1 -0.019638 -0.174599 0.05 33377.5
0 2927 2 phononTS 0.000417563 1.13112 0.025319 0.049999 5554.42 0.00034743 1 0.0495234 -0.192208 0.05 114472
0 2930 3 phononTF 0.00140701 0.727909 -0.307643 0.00254389 966.111 0.00034743 1 -0.117263 -0.176749 0.05 14922
0 2930 4 phononTF 0.000386302 -0.117263 -0.176749 0.049999 14922 0.00034743 1 -0.0700468 -0.158258 0.05 14985.4
0 2951 3 phononTF 0.00252851 0.105046 -1.04008 0.0243205 1499.84 0.00104229 1 -0.0537313 -0.243477 0.05 2302.46
0 2951 4 phononTS 0.000416013 -0.0537313 -0.243477 0.049999 2302.46 0.00034743 1 -0.0842186 -0.253152 0.05 2456.56
0 2955 3 phononTF 0.00279294 -0.0249836 -1.58775 0.0126018 6375.5 0.00138972 1 -0.0346467 -0.301186 0.05 13519.3
0 2957 1 phononL 0.004 1.25 -0.75 0 0 0.00104229 1 0.0459035 -0.292054 0.05 1324.03
0 2962 3 phononTS 0.00235074 1.93221 -1.84375 0.0153022 6063.15 0.00034743 1 -0.119904 -0.185995 0.05 9471.31
0 2971 3 phononTS 0.00248086 2.50898 -0.815657 0.0405571 3643.01 0.00034743 1 -0.0970452 -0.180052 0.05 22805.8
0 2971 5 phononTS 0.0017046 -0.0970452 -0.180052 0.049998 22805.8 0.00034743 1 -0.0371964 -0.253338 0.05 22884.4
0 2973 1 phononTF 0.004 1.25 -0.75 0 0 0.00104229 1 0.073931 -0.186486 0.05 4660.89
0 2973 6 phononTF 0.00157482 0.073931 -0.186486 0.049998 4660.89 0.00069486 1 0.0686402 -0.174889 0.05 4735.54
0 2979 2 phononTF 0.0011605 -1.36561 -1.30879 -0.0158047 7516.52 0.00034743 1 0.0186103 -0.246322 0.05 10754.6
0 2990 2 phononTF 0.00259407 1.13672 -0.33158 -0.0479309 4441.9 0.00034743 1 -0.0461822 -0.23824 0.05 6434.68
0 2990 5 phononTF 0.00140879 -0.0461822 -0.23824 0.049999 6434.68 0.00034743 1 -0.080005 -0.204283 0.05 6495.72
0 3006 3 phononTF 0.000738732 1.20933 0.0382316 0.049999 691.503 0.00034743 1 0.0532195 -0.127828 0.05 55714.8
0 3008 3 phononTS 0.00229908 0.458472 -1.46063 0.0283379 28976.9 0.00069486 1 0.0630609 -0.182552 0.05 108139
0 3008 4 phononTS 0.00125947 0.0630609 -0.182552 0.049999 108139 0.00034743 1 0.046582 -0.171214 0.05 108195
0 3018 6 phononTF 0.00100251 -2.92242 -0.902997 -0.0158723 26890.7 0.00034743 1 -0.0798423 -0.176046 0.05 39028.8
0 3041 2 phononTS 0.00254265 -0.438629 -0.531922 0.0464431 2934.2 0.00034743 1 0.0320492 -0.275413 0.05 3268.58
0 3049 4 phononTS 0.000461431 0.70496 0.0180768 0.049999 1284.74 0.00034743 1 0.0637309 -0.158323 0.05 21953.5
0 3051 2 phononTF 0.00230052 1.23603 -0.666088 0.0162717 27.3701 0.00034743 1 0.0901466 -0.259077 0.05 10283.4
0 3051 4 phononTS 0.0012024 0.0901466 -0.259077 0.049999 10283.4 0.00034743 1 -0.071964 -0.150981 0.05 10585.7
0 3058 2 phononTS 0.00183257 1.64448 -3.10956 0.0377193 14776.6 0.00069486 1 0.101819 -0.235664 0.05 19865
0 3063 4 phononL 0.00169007 2.43956 2.50441 0.00960952 26981.3 0.00069486 1 -0.0958516 -0.256742 0.05 101236
0 3102 1 phononTS 0.004 1.25 -0.75 0 0 0.00069486 1 -0.0646408 -0.187041 0.05 4304.44
0 3109 5 phononTS 0.00150644 4.51545 -1.36459 0.0432877 99843.4 0.00034743 1 -0.0619212 -0.125094 0.05 104630
0 3165 2 phononTS 0.00248493 1.18595 -0.850844 0.049464 24.5293 0.00034743 1 -0.0761899 -0.190699 0.05 6037.79
0 3175 2 phononTS 0.002566 1.69917 -1.00182 0.046131 398.22 0.00104229 1 -0.0430368 -0.166014 0.05 20953.3
0 3191 3 phononTF 0.0014102 0.932941 -0.60381 -0.0350593 1185.45 0.00034743 1 0.100017 -0.229115 0.05 8755.55
0 3195 1 phononTS 0.004 1.25 -0.75 0 0 0.00034743 1 0.0643006 -0.282361 0.05 6217.11
0 3195 3 phononTF 0.0018468 0.0643006 -0.282361 0.049999 6217.11 0.00069486 1 0.0617372 -0.123208 0.05 6285.77
0 3198 2 phononTS 0.0020552 1.19551 -0.706761 0.0364863 65.1969 0.00069486 1 -0.0739592 -0.220631 0.05 10654.9
0 3198 9 phononL 0.00101781 -0.0739592 -0.220631 0.049999 10654.9 0.00034743 1 0.0327091 -0.185429 0.05 16505.4
0 3206 3 phononL 0.000834583 1.30814 0.0466894 0.049999 804.8 0.00034743 1 0.0968094 -0.135173 0.05 1878.07
0 3221 3 phononTF 0.00194457 0.883388 -1.66831 -0.032838 10327.2 0.00069486 1 -0.0592141 -0.142782 0.05 12592.3
0 3221 9 phononL 0.000490857 -0.0592141 -0.142782 0.049999 12592.3 0.00034743 1 -0.0627309 -0.231092 0.05 12635.6
0 3226 3 phononTF 0.00223199 2.172 -0.787376 0.00290934 915.436 0.00138972 1 0.110111 -0.211919 0.05 5173.47
0 3231 4 phononTF 0.000788092 -2.82206 -4.03548 -0.0434792 25903.5 0.00034743 1 0.0310455 -0.218753 0.05 33060
0 3252 3 phononTF 0.00135093 -0.050295 -1.16505 0.043508 1588.3 0.00069486 1 0.0527487 -0.196861 0.05 3506.51
0 3299 1 phononTS 0.004 1.25 -0.75 0 0 0.00104229 1 0.0996323 -0.17428 0.05 11154.9
0 3299 7 phononTS 0.00191158 0.0996323 -0.17428 0.049999 11154.9 0.00034743 1 -0.0790835 -0.229683 0.05 20685.1
0 3315 3 phononTS 0.00102597 1.09287 -0.632632 -0.0388444 274.4 0.00034743 1 0.0686352 -0.252029 0.05 1368.02
0 3315 4 phononTS 0.000611275 0.0686352 -0.252029 0.049999 1368.02 0.00034743 1 0.0696152 -0.222968 0.05 1440.7
0 3315 16 phononTS 0.0016752 1.20309 -0.375277 0.0271786 4182.47 0.00034743 1 0.0452733 -0.273088 0.05 5332.9
0 3315 17 phononTS 0.000420373 0.0452733 -0.273088 0.049999 5332.9 0.00034743 1 -0.0391244 -0.218363 0.05 5449.41
0 3318 2 phononTS 0.00075646 0.414052 0.0647095 0.049999 1489.95 0.00034743 1 0.0644628 -0.208697 0.05 2069.66
0 3344 1 phononTF 0.004 1.25 -0.75 0 0 0.00104229 1 0.0529707 -0.228553 0.05 2944.51
0 3344 8 phononTS 0.000357754 0.0529707 -0.228553 0.049999 2944.51 0.00034743 1 0.0576963 -0.136431 0.05 25594.2
0 3345 1 phononTS 0.004 1.25 -0.75 0 0 0.00069486 1 -0.0421367 -0.137364 0.05 3024.97
0 3345 2 phononL 0.00152342 -0.0421367 -0.137364 0.049999 3024.97 0.00034743 1 -0.0526102 -0.141225 0.05 3744.06
0 3349 1 phononTF 0.004 1.25 -0.75 0 0 0.00034743 1 0.0606341 -0.170535 0.05 4958.53
0 3349 3 phononTF 0.00116521 0.0606341 -0.170535 0.049999 4958.53 0.00034743 1 0.0459286 -0.268278 0.05 5023
0 3364 3 phononTF 0.00294129 0.458775 -0.531137 0.0473474 3284.4 0.00104229 1 -0.114109 -0.211033 0.05 13212.3
0 3372 2 phononTS 0.00162148 1.16718 -1.11105 0.0143456 503.452 0.00034743 1 -0.0277376 -0.149722 0.05 3237.59
0 3378 3 phononTF 0.0017732 0.328752 -0.814814 0.00225829 2057.34 0.00034743 1 -0.0684887 -0.19605 0.05 2642.04
0 3378 6 phononTF 0.000761709 -0.0684887 -0.19605 0.049999 2642.04 0.00034743 1 -0.0780812 -0.243742 0.05 2700.5
0 3390 2 phononTS 0.00227104 1.20003 -0.757306 0.0215042 1276.24 0.00069486 1 0.0654577 -0.259384 0.05 9087.56
0 3409 1 phononTF 0.004 1.25 -0.75 0 0 0.00034743 1 0.113001 -0.165026 0.05 3075.38
0 3409 5 phononTS 0.00117196 0.113001 -0.165026 0.049999 3075.38 0.00034743 1 -0.061595 -0.1795 0.05 3179.79
0 3409 4 phononTS 0.000665542 0.113001 -0.165026 0.049999 3075.38 0.00034743 1 0.0374858 -0.20587 0.05 3148.74
0 3420 3 phononTF 0.00186209 1.19563 -0.864456 -0.00646253 1124.83 0.00069486 1 -0.0724381 -0.274237 0.05 6084.88
0 3437 3 phononTS 0.0021853 1.80923 -0.640533 0.0134683 6944.46 0.00104229 1 -0.0708421 -0.125376 0.05 7873.45
0 3444 2 phononTS 0.00193503 2.30304 -0.833576 -0.0126362 5914.61 0.00034743 1 0.042187 -0.169444 0.05 23561.4
0 3444 5 phononTS 0.00111635 0.042187 -0.169444 0.049999 23561.4 0.00034743 1 0.0395886 -0.273726 0.05 23862.7
0 3444 12 phononTS 0.000475465 0.0395886 -0.273726 0.049999 23862.7 0.00034743 1 0.0268727 -0.278691 0.05 28002.8
0 3452 2 phononTS 0.00243758 1.43276 -0.963453 0.0252308 73.5803 0.00034743 1 0.10383 -0.155172 0.05 9093.26
0 3503 2 phononTS 0.00208695 1.69991 -1.33686 -0.0369627 2335.86 0.00034743 1 -0.100697 -0.196556 0.05 71357.1
0 3505 2 phononTF 0.00263077 1.23501 -0.745846 -0.00451646 3.20306 0.00104229 1 0.0805371 -0.146962 0.05 5079.19
0 3506 4 phononTS 0.00126487 -0.224205 -3.82617 0.0479555 16748.2 0.00034743 1 -0.0735067 -0.210854 0.05 23241.6
0 3506 6 phononTF 0.000707529 -0.0735067 -0.210854 0.049999 23241.6 0.00034743 1 -0.111095 -0.235259 0.05 23918.7
0 3520 3 phononTS 0.00217518 0.771203 -1.73306 0.0157056 7473.81 0.00104229 1 0.0484846 -0.13572 0.05 66282.9
0 3525 1 phononTF 0.004 1.25 -0.75 0 0 0.00069486 1 -0.0751628 -0.22482 0.05 5365.62
0 3528 2 phononTS 0.00120223 0.319419 -0.692739 -0.0115192 2800.6 0.00034743 1 -0.0229747 -0.160205 0.05 3372.94
0 3533 5 phononTS 0.00107909 -4.72565 -1.98062 0.000807887 62377.4 0.00034743 1 -0.0351279 -0.116088 0.05 122659
0 3545 3 phononTF 0.00286272 1.1693 -0.649641 -0.040741 5200.92 0.00034743 1 -0.067341 -0.23247 0.05 10422.4
0 3545 6 phononL 0.00102514 -0.067341 -0.23247 0.049999 10422.4 0.00034743 1 0.0472237 -0.25929 0.05 10495.7
0 3566 5 phononTS 0.000619522 1.68706 0.065899 0.049999 13314.8 0.00034743 1 0.0521681 -0.265729 0.05 22381.2
0 3575 1 phononL 0.004 1.25 -0.75 0 0 0.00034743 1 0.0326244 -0.201631 0.05 2277.94
0 3575 2 phononTF 0.00273838 0.0326244 -0.201631 0.049999 2277.94 0.00034743 1 0.0392171 -0.194084 0.05 2393.68
0 3594 1 phononTS 0.004 1.25 -0.75 0 0 0.00034743 1 0.101331 -0.246322 0.05 21256.7
0 3594 2 phononTF 0.00147814 0.101331 -0.246322 0.049999 21256.7 0.00104229 1 0.055636 -0.219396 0.05 21325.2
0 3610 3 phononTS 0.000902251 1.12374 0.0773653 0.049999 2579.04 0.00069486 1 0.0386099 -0.141785 0.05 48005.2
0 3636 5 phononTF 0.000982644 1.27038 -3.9811 -0.0315912 24148.9 0.00034743 1 -0.027425 -0.160228 0.05 72464.9
0 3653 2 phononTS 0.0023387 1.24339 -0.754296 -0.0053067 1.74432 0.00034743 1 0.0873214 -0.162627 0.05 46164.6
0 3662 3 phononTF 0.00272813 0.905588 -0.710572 -0.0450069 880.753 0.00069486 1 0.0265156 -0.1235 0.05 1745.5
0 3675 5 phononTS 0.00152184 0.237006 -3.51973 -0.0278926 14869 0.00069486 1 0.0758334 -0.239759 0.05 27403.9
0 3676 1 phononTF 0.004 1.25 -0.75 0 0 0.00173715 1 0.05246 -0.261166 0.05 3009.13
0 3684 3 phononTS 0.00193161 1.36876 0.488971 0.0077998 6228.24 0.00034743 1 0.0706137 -0.180709 0.05 27592.7
0 3689 2 phononTF 0.00154003 3.81096 -0.686586 -0.0265858 5548.47 0.00034743 1 -0.0300232 -0.206227 0.05 8529.66
0 3692 1 phononTS 0.004 1.25 -0.75 0 0 0.00069486 1 0.0218268 -0.199451 0.05 3704.93
0 3693 4 phononTS 0.00106446 -0.339386 -1.23345 0.0393981 2373.01 0.00034743 1 -0.0716542 -0.198576 0.05 8203.56
0 3693 7 phononTF 0.00049086 -0.0716542 -0.198576 0.049999 8203.56 0.00034743 1 -0.103235 -0.181021 0.05 58267.6
0 3725 2 phononTS 0.00131227 1.75661 -0.80985 0.00565122 1141.82 0.00034743 1 -0.0259265 -0.161359 0.05 6152.41
0 3729 2 phononTS 0.00193335 0.423616 -2.1906 0.0320122 8002.09 0.00104229 1 -0.0591998 -0.260071 0.05 9857.94
0 3748 2 phononTS 0.00189167 2.67341 -2.10791 -0.0260324 5560.43 0.00069486 1 0.100807 -0.19581 0.05 50347.7
0 3762 3 phononTS 0.002273 1.69816 -0.690677 0.0137065 501.074 0.00104229 1 -0.0215967 -0.172216 0.05 31611.6
0 3762 9 phononTS 0.000436741 -0.0215967 -0.172216 0.049999 31611.6 0.00034743 1 -0.10132 -0.253337 0.05 31754.2
0 3788 4 phononTF 0.00172974 0.314324 -2.40906 -0.0429298 5476.53 0.00034743 1 0.112713 -0.199721 0.05 119222
0 3792 2 phononTF 0.00243244 1.259 -0.762079 0.00780741 1983.83 0.00104229 1 -0.0640689 -0.28053 0.05 5617.58
0 3816 4 phononTF 0.00144549 0.595392 -3.2155 0.0457409 10660.4 0.00034743 1 -0.0463122 -0.204886 0.05 83844.2
0 3826 2 phononL 0.000917301 0.958341 -1.02522 0.00185011 493.232 0.00034743 1 -0.0608965 -0.281721 0.05 25230.4
0 3839 1 phononTF 0.004 1.25 -0.75 0 0 0.00069486 1 0.062926 -0.233725 0.05 1588.1
0 3839 2 phononTF 0.000563715 0.062926 -0.233725 0.049999 1588.1 0.00034743 1 0.0697227 -0.194281 0.05 1663.84
0 3886 1 phononL 0.004 1.25 -0.75 0 0 0.00138972 1 -0.0472935 -0.243643 0.05 1298.59
0 3911 5 phononTF 0.00136424 -2.06569 -2.23098 0.0282814 20615.4 0.00034743 1 -0.022743 -0.272265 0.05 21781.7
0 3912 2 phononTS 0.00215689 1.60659 -0.858667 0.0115657 3306.27 0.00034743 1 -0.0998125 -0.222802 0.05 15817.6
0 3912 5 phononTF 0.000700504 -0.0998125 -0.222802 0.049999 15817.6 0.00034743 1 -0.0239258 -0.268269 0.05 15896.6
0 3912 4 phononTS 0.000856549 -0.0998125 -0.222802 0.049999 15817.6 0.00034743 1 -0.051922 -0.151043 0.05 18953.7
0 3913 1 phononL 0.004 1.25 -0.75 0 0 0.00138972 1 0.106019 -0.153937 0.05 4938.94
0 3929 3 phononTS 0.00254952 0.143469 -1.00548 -0.0137247 2600.21 0.00034743 1 -0.0465497 -0.217372 0.05 5631.43
0 3931 3 phononTS 0.0017931 1.13387 -0.224738 0.0496786 1518.79 0.00034743 1 0.0660393 -0.231957 0.05 6496.23
0 3931 5 phononTS 0.00126218 0.0660393 -0.231957 0.049999 6496.23 0.00034743 1 0.0548546 -0.234698 0.05 6555.44
0 3934 2 phononTS 0.00230125 1.57356 -0.729179 -0.0365561 1335.97 0.00034743 1 0.0561432 -0.187499 0.05 3551.44
0 3939 5 phononTS 0.000511689 1.42044 -0.00728184 0.049999 1216.43 0.00034743 1 0.0780027 -0.155196 0.05 2750.2
0 3954 2 phononTS 0.00162537 1.61044 0.273266 0.0321716 9150.54 0.00034743 1 0.0724724 -0.202746 0.05 38472.8
0 3960 1 phononTS 0.004 1.25 -0.75 0 0 0.00034743 1 0.0647848 -0.248669 0.05 7295.09
0 3968 4 phononTS 0.000802483 1.90355 0.102259 0.049999 3143.45 0.00034743 1 -0.042901 -0.278776 0.05 27945.6
0 3977 4 phononTF 0.00053028 2.14282 2.14752 0.0107741 39378.2 0.00034743 1 0.0636811 -0.154658 0.05 41304.3
0 3977 2 phononTS 0.00199977 0.890408 -0.351632 0.0382579 661.057 0.00104229 1 -0.092741 -0.220629 0.05 3981.7
0 3978 2 phononTF 0.00185255 1.39419 -1.12424 0.00832937 871.637 0.00034743 1 0.01816 -0.162029 0.05 4116.84
0 3988 2 phononL 0.00243614 1.13714 -0.175854 -0.0376841 2644.41 0.00069486 1 -0.0388985 -0.194477 0.05 12368
0 3990 3 phononL 0.00291905 1.12961 -1.40734 0.0288077 2320.58 0.00069486 1 0.0900076 -0.249625 0.05 22049.6
0 3990 4 phononTS 0.00179235 0.0900076 -0.249625 0.049999 22049.6 0.00034743 1 0.0892678 -0.226777 0.05 22109.3
0 3990 11 phononTS 0.00102297 0.0892678 -0.226777 0.049999 22109.3 0.00069486 1 0.101612 -0.170082 0.05 22186.2
0 3999 1 phononTF 0.004 1.25 -0.75 0 0 0.00034743 1 0.0765387 -0.256446 0.05 4589.39
0 3999 3 phononTF 0.000465546 0.0765387 -0.256446 0.049998 4589.39 0.00034743 1 0.0833628 -0.185966 0.05 4652.28
0 4025 1 phononTS 0.004 1.25 -0.75 0 0 0.00034743 1 0.0266827 -0.242262 0.05 10492.8
0 4025 3 phononTS 0.00270385 0.0266827 -0.242262 0.049999 10492.8 0.00069486 1 0.0711368 -0.290859 0.05 11238.1
0 4025 11 phononTS 0.000616335 0.0711368 -0.290859 0.049999 11238.1 0.00034743 1 0.0589314 -0.27835 0.05 11394.9
0 4057 4 phononL 0.00128673 2.1033 -0.678489 -0.0231621 28343.5 0.00034743 1 0.0915943 -0.263741 0.05 77029.4
0 4075 4 phononTS 0.000838737 0.361224 0.0940192 0.049999 1791.92 0.00034743 1 0.0781859 -0.129315 0.05 2190.92
0 4096 2 phononTF 0.00279075 2.38896 -0.700074 0.00738266 10508.8 0.00034743 1 0.0466942 -0.153856 0.05 20352.5
0 4098 3 phononL 0.0019709 1.1027 -0.631355 -0.0261019 49.4264 0.00069486 1 -0.118546 -0.193953 0.05 1981.42
0 4113 4 phononTS 0.000832913 0.625221 0.0341415 0.049999 1306.1 0.00069486 1 -0.0523698 -0.284772 0.05 11736.5
0 4126 4 phononTF 0.00107322 3.57686 4.72713 -0.0256155 114709 0.00069486 1 0.0136425 -0.212847 0.05 139242
0 4140 3 phononTS 0.00131483 3.15111 -1.62164 -0.03725 6001.08 0.00069486 1 0.106623 -0.206012 0.05 58380.3
0 4150 4 phononL 0.00101509 -3.95479 -3.17143 -0.0408676 71074.3 0.00034743 1 -0.0994156 -0.202888 0.05 102889
0 4154 2 phononTF 0.00136634 0.563773 -0.617254 0.0398847 1258.11 0.00034743 1 0.111052 -0.221559 0.05 2564.38
0 4166 3 phononTS 0.00228753 0.854303 -0.903543 -0.0292127 260.931 0.00034743 1 0.0407921 -0.222104 0.05 5218.92
0 4166 4 phononTS 0.00139681 0.0407921 -0.222104 0.049999 5218.92 0.00034743 1 0.0682951 -0.260404 0.05 5284.75
0 4177 2 phononTS 0.00288319 1.08166 -0.744141 0.00477806 91.0531 0.00138972 1 -0.0460992 -0.147197 0.05 4222.71
0 4183 2 phononL 0.0025508 0.798044 -1.52722 0.0449299 5534.87 0.00069486 1 0.0405541 -0.224737 0.05 7865.32
0 4183 5 phononTS 0.00142372 0.0405541 -0.224737 0.049999 7865.32 0.00034743 1 0.0347195 -0.110415 0.05 8212.3
0 4192 1 phononL 0.004 1.25 -0.75 0 0 0.00104229 1 0.0971632 -0.207376 0.05 2626.57
0 4192 5 phononL 0.000855998 0.0971632 -0.207376 0.049999 2626.57 0.00034743 1 -0.0634836 -0.285968 0.05 3543.2
0 4194 3 phononTF 0.00201089 1.57417 -0.759545 0.0188675 2012.43 0.00034743 1 0.0607822 -0.179011 0.05 9902
0 4194 5 phononTF 0.00113853 0.0607822 -0.179011 0.049999 9902 0.00034743 1 0.0524496 -0.195641 0.05 9990.79
0 4199 2 phononL 0.00151431 2.79114 -2.499 -0.015895 8742.3 0.00034743 1 -0.0550421 -0.271134 0.05 42624.3
0 4206 3 phononTS 0.0023675 2.39524 -1.76907 -0.0372653 3450.08 0.00069486 1 -0.0508253 -0.100933 0.05 6668.97
0 4220 1 phononTS 0.004 1.25 -0.75 0 0 0.00138972 1 0.0821246 -0.231313 0.05 1815.77
0 4229 3 phononTS 0.00228334 1.51535 -1.13343 0.0437991 4763.5 0.00034743 1 0.0755869 -0.248398 0.05 7536.21
0 4229 7 phononTS 0.00109476 0.0755869 -0.248398 0.049999 7536.21 0.00034743 1 0.0426926 -0.23777 0.05 7602.44
0 4229 4 phononL 0.000396694 0.0755869 -0.248398 0.049999 7536.21 0.00034743 1 -0.118378 -0.220994 0.05 10636.2
0 4232 3 phononTS 0.00154558 -0.416988 -1.66323 0.0197743 11534.7 0.00069486 1 0.040781 -0.0957381 0.05 15951.8
0 4238 3 phononTS 0.00267016 0.773906 -1.3991 0.0449442 2514.32 0.00034743 1 -0.0330399 -0.172408 0.05 55341
0 4238 5 phononTS 0.000471218 -0.0330399 -0.172408 0.049999 55341 0.00034743 1 -0.0636994 -0.23218 0.05 55413.7
0 4239 4 phononL 0.000487103 0.643592 5.11126e-05 0.049999 2111.69 0.00034743 1 -0.0659755 -0.157717 0.05 5755.53
0 4256 3 phononTS 0.00082357 0.807027 -0.245059 0.0279998 2916.76 0.00034743 1 -0.0916891 -0.199108 0.05 6554.64
0 4278 3 phononTS 0.00169907 0.319293 0.143398 0.0219131 1956.84 0.00034743 1 0.0415054 -0.180232 0.05 14436.2
0 4291 1 phononTS 0.004 1.25 -0.75 0 0 0.00138972 1 -0.0296913 -0.128082 0.05 5390.53
0 4301 3 phononTS 0.00162412 2.33386 -0.943951 0.0064527 8012.47 0.00034743 1 -0.0174329 -0.222718 0.05 22604.2
0 4306 1 phononTF 0.004 1.25 -0.75 0 0 0.00034743 1 -0.0280972 -0.17993 0.05 3957.58
0 4306 4 phononTS 0.0028181 -0.0280972 -0.17993 0.049999 3957.58 0.00069486 1 -0.0292536 -0.195845 0.05 4017.01
0 4319 3 phononTS 0.0028023 0.556334 -0.342283 -0.0397277 2351.45 0.00104229 1 -0.101671 -0.185538 0.05 13360
0 4319 15 phononL 0.000440196 -0.101671 -0.185538 0.049999 13360 0.00034743 1 0.015374 -0.195807 0.05 14161.8
0 4359 5 phononTS 0.00153256 2.88235 0.0754517 0.0399811 17224.7 0.00034743 1 0.0153969 -0.201142 0.05 25915
0 4421 3 phononTS 0.00186734 0.121507 -0.764474 -0.0230847 1207.75 0.00069486 1 0.0343057 -0.107308 0.05 2235.26
0 4440 1 phononTS 0.004 1.25 -0.75 0 0 0.00069486 1 -0.0485869 -0.221387 0.05 3113.95
0 4444 4 phononTF 0.00126728 4.31712 4.75154 -0.0142974 28759.2 0.00034743 1 -0.0453482 -0.108507 0.05 70029.6
0 4490 1 phononL 0.004 1.25 -0.75 0 0 0.00034743 1 -0.0349296 -0.262709 0.05 2970.27
0 4490 3 phononTS 0.00356608 -0.0349296 -0.262709 0.049999 2970.27 0.00034743 1 0.112417 -0.165245 0.05 3135.43
0 4494 1 phononTF 0.004 1.25 -0.75 0 0 0.00069486 1 -0.0577021 -0.205915 0.05 1649.03
0 4494 2 phononTS 0.00248947 -0.0577021 -0.205915 0.049999 1649.03 0.00069486 1 -0.107735 -0.190891 0.05 1776.13
0 4494 17 phononL 0.00110033 -0.107735 -0.190891 0.049999 1776.13 0.00034743 1 0.0621487 -0.183982 0.05 2111.88
0 4533 2 phononTS 0.000408874 1.48706 -1.45446 0.0210796 3362.54 0.00034743 1 -0.0400034 -0.250563 0.05 9789.49
0 4545 4 phononL 0.00045261 1.09242 0.00680725 0.049999 1007.2 0.00034743 1 -0.0728079 -0.181797 0.05 1999.5
0 4547 2 phononTS 0.00180625 0.312278 -1.33294 0.0431321 2227.9 0.00034743 1 -0.0496772 -0.18882 0.05 4964.66
0 4550 3 phononTF 0.00199373 0.84717 -2.01014 -0.0239841 6420.42 0.00069486 1 -0.0656554 -0.111032 0.05 47569.6
0 4564 3 phononTF 0.000434073 1.45241 0.011674 0.049999 1677.8 0.00034743 1 -0.0376936 -0.209815 0.05 28236.7
0 4568 4 phononTS 0.000656948 0.525099 0.0373301 0.049999 1879.01 0.00034743 1 -0.058578 -0.286925 0.05 2346.81
0 4597 5 phononTS 0.000813843 -0.233543 -4.25592 0.0452695 27676.6 0.00034743 1 -0.110853 -0.243306 0.05 42568.2
0 4599 3 phononTF 0.000899049 0.726814 0.0287244 0.049999 2406.29 0.00034743 1 0.0621324 -0.296106 0.05 62683.7
0 4599 5 phononTS 0.000491427 0.0621324 -0.296106 0.049999 62683.7 0.00034743 1 -0.0599906 -0.274134 0.05 62849.9
0 4606 3 phononL 0.0024181 1.38398 -0.744229 -0.0111063 923.345 0.00034743 1 -0.0346723 -0.259366 0.05 7203.2
0 4617 2 phononTS 0.00242408 1.21455 -0.81049 -0.00673703 279.638 0.00034743 1 -0.0611058 -0.17 0.05 4258.68
0 4617 5 phononTS 0.00102272 -0.0611058 -0.17 0.049998 4258.68 0.00034743 1 0.0198195 -0.249709 0.05 4337.68
0 4620 1 phononTS 0.004 1.25 -0.75 0 0 0.00069486 1 0.057043 -0.217838 0.05 3726.56
0 4620 3 phononTF 0.000357429 0.057043 -0.217838 0.049999 3726.56 0.00034743 1 0.115282 -0.189931 0.05 3914.54
0 4652 2 phononTS 0.00157235 -0.470279 -1.73628 0.0233687 3225.27 0.00034743 1 0.0309596 -0.0985006 0.05 56080.2
0 4661 2 phononTS 0.00198539 0.849911 -1.24896 0.00997392 2101.43 0.00069486 1 0.0891647 -0.15824 0.05 13815.7
0 4679 3 phononTF 0.00243609 0.915783 -0.127159 -0.0310399 1472.81 0.00069486 1 0.0582042 -0.15382 0.05 2013.17
0 4679 5 phononTS 0.00078585 0.0582042 -0.15382 0.049999 2013.17 0.00034743 1 0.0234605 -0.136065 0.05 2138.14
0 4681 2 phononTS 0.00144511 0.589342 -1.79999 -0.0255411 3624.19 0.00034743 1 0.0788137 -0.128073 0.05 17649.7
0 4681 7 phononL 0.000349865 0.0788137 -0.128073 0.049999 17649.7 0.00034743 1 0.0312897 -0.277298 0.05 17801.8
0 4683 1 phononL 0.004 1.25 -0.75 0 0 0.00034743 1 -0.0290463 -0.10714 0.05 4226.64
0 4683 2 phononTF 0.00300847 -0.0290463 -0.10714 0.049999 4226.64 0.00069486 1 -0.0166433 -0.176019 0.05 4353.12
0 4716 3 phononTS 0.0019504 2.551 1.36787 -0.0443609 6366.64 0.00034743 1 -0.0183022 -0.160565 0.05 36571
0 4725 2 phononL 0.00177437 0.49865 -1.0049 -0.0371715 9459.33 0.00069486 1 -0.0923854 -0.165599 0.05 38359.4
0 4729 2 phononTF 0.00275776 1.76657 -0.193155 0.0269794 13679.1 0.00034743 1 0.0665956 -0.165076 0.05 33281
0 4729 4 phononTF 0.00092893 0.0665956 -0.165076 0.049999 33281 0.00069486 1 0.0665585 -0.228525 0.05 33343.1
0 4731 2 phononTF 0.00315107 1.07598 -0.827877 0.0113394 4511.16 0.00069486 1 0.092757 -0.209115 0.05 8475.89
0 4734 3 phononL 0.000618275 1.39578 0.0569785 0.049999 8023.95 0.00034743 1 0.0737625 -0.197826 0.05 16201.4
0 4758 3 phononL 0.00251367 0.0364539 -0.409982 -0.0148592 5204.36 0.00069486 1 0.0381392 -0.259504 0.05 16230
0 4782 1 phononL 0.004 1.25 -0.75 0 0 0.00069486 1 -0.0640655 -0.161982 0.05 2593.19
0 4782 10 phononTS 0.000448241 -0.0640655 -0.161982 0.049999 2593.19 0.00034743 1 -0.0420793 -0.213642 0.05 32313.9
0 4782 6 phononTS 0.000360298 -0.0640655 -0.161982 0.049999 2593.19 0.00034743 1 0.0659305 -0.109907 0.05 2871.08
0 4793 4 phononTF 0.000693083 2.08598 -0.000769627 0.049999 11728.4 0.00034743 1 -0.0692171 -0.264005 0.05 78736.4
0 4812 5 phononTS 0.00176601 1.80084 2.42759 -0.01306 18691.7 0.00034743 1 -0.0867946 -0.145041 0.05 86926
0 4840 2 phononTF 0.00180676 1.24821 -1.21235 -0.0165634 907.625 0.00034743 1 0.0568509 -0.129759 0.05 18772.3
0 4855 1 phononTS 0.004 1.25 -0.75 0 0 0.00034743 1 0.0917949 -0.22208 0.05 6542.27
0 4855 5 phononTS 0.000649015 0.0917949 -0.22208 0.049999 6542.27 0.00034743 1 0.111154 -0.173693 0.05 6682.83
0 4863 1 phononL 0.004 1.25 -0.75 0 0 0.00173715 1 0.020904 -0.153722 0.05 2095.3
0 4868 2 phononTF 0.00258008 -0.258478 -0.947014 0.00761435 20573.4 0.00138972 1 0.0769481 -0.276722 0.05 27222.2
0 4879 2 phononL 0.00198382 1.2973 -1.1746 -0.0358336 604.003 0.00069486 1 0.0532147 -0.147438 0.05 15656.9
0 4882 1 phononTS 0.004 1.25 -0.75 0 0 0.00138972 1 0.0418664 -0.294484 0.05 1774.1
0 4888 4 phononTF 0.0013815 1.31493 -0.692621 -0.0107936 583.068 0.00034743 1 -0.115459 -0.183081 0.05 60084.3
0 4904 3 phononTS 0.00175631 1.40357 -1.90926 -0.0110557 3753.36 0.00069486 1 -0.0537479 -0.107504 0.05 5300.29
0 4934 5 phononL 0.00201303 2.10968 -0.520397 -0.0366928 7019.06 0.00034743 1 -0.0882531 -0.21708 0.05 16758.7
0 4939 2 phononTF 0.00212015 0.125385 -0.68335 -0.0395281 6812.31 0.00034743 1 0.052754 -0.223102 0.05 67640.5
0 4939 4 phononL 0.000546219 0.052754 -0.223102 0.049999 67640.5 0.00034743 1 -0.0552748 -0.239791 0.05 67742
0 4955 3 phononTF 0.00134738 0.297421 -0.57078 -0.0130028 2796.12 0.00034743 1 0.0974692 -0.178916 0.05 3676.02
0 4955 4 phononTS 0.000355103 0.0974692 -0.178916 0.049999 3676.02 0.00034743 1 0.0786145 -0.119362 0.05 4069.77
0 4960 2 phononL 0.0020345 0.294879 -2.04862 -0.0311629 1379.63 0.00069486 1 0.0591117 -0.20579 0.05 7928.91
0 4975 3 phononTS 0.00240012 0.716286 -0.333675 0.0399268 1609.69 0.00034743 1 0.0819998 -0.153771 0.05 10292.7
0 4976 3 phononL 0.00272752 2.31276 -1.40689 -0.028171 4438.66 0.00034743 1 -0.0697575 -0.15431 0.05 46935.3
0 4983 3 phononTS 0.00279267 1.62055 -0.516647 -0.0196845 420.55 0.00069486 1 0.0529189 -0.129461 0.05 5924.46
0 4994 3 phononTF 0.00190584 1.47145 1.45141 -0.016445 7428.83 0.00034743 1 0.0442035 -0.172817 0.05 35374.8
0 4994 5 phononTS 0.00134841 0.0442035 -0.172817 0.049999 35374.8 0.00034743 1 0.0753582 -0.1468 0.05 35441.4
0 4996 5 phononTF 0.000870161 4.82556 -4.88681 -0.0112772 80584 0.00034743 1 -0.0923913 -0.134123 0.05 95644.3
