Run ID,Event ID,Track ID,Particle Name,Start Energy [eV],Start X [mm],Start Y [mm],Start Z [mm],Start Time [ns],Energy Deposited [eV],Track Weight,End X [mm],End Y [mm],End Z [mm],Final Time [ns],Volume Name
0 5 2 phononTF 0.00175599 -2.59687 3.79141 -0.00251498 4863.66 0.00034743 1 0.0940447 -0.225924 0.05 41432.8
0 41 4 phononTF 0.000678092 -0.608822 -0.338923 0.0371636 12562.8 0.00034743 1 -0.0444072 -0.217556 0.05 33811.8
0 52 3 phononTF 0.00132288 -3.25703 4.63085 0.0224386 1250.09 0.00034743 1 0.0564428 -0.144616 0.05 23435.9
0 56 4 phononL 0.00185349 -3.66157 4.279 -0.00595493 18666.7 0.00034743 1 -0.0349055 -0.235735 0.05 56777.8
0 56 7 phononL 0.000776667 -0.0349055 -0.235735 0.049999 56777.8 0.00034743 1 -0.0522982 -0.263755 0.05 57416.6
0 57 3 phononTS 0.00225759 -3.25063 3.24124 0.0391363 13.1575 0.00034743 1 -0.0905612 -0.25532 0.05 21802.3
0 57 4 phononL 0.00152831 -0.0905612 -0.25532 0.049999 21802.3 0.00034743 1 -0.117994 -0.176882 0.05 84822.3
0 62 4 phononTS 0.00136446 -3.40706 3.52094 0.0173552 630.649 0.00069486 1 -0.044379 -0.228077 0.05 34460.8
0 79 2 phononTF 0.0021266 -1.26767 3.51038 0.0134317 3355.96 0.00069486 1 -0.0566956 -0.276544 0.05 13290.6
0 103 2 phononTS 0.00137803 -4.1915 3.2914 0.0242562 6719.33 0.00034743 1 -0.0170624 -0.206953 0.05 17760.6
0 125 4 phononL 0.00135585 -2.35525 4.53154 -0.0178643 2576.86 0.00034743 1 0.104126 -0.177591 0.05 40323.6
0 125 6 phononTS 0.000588064 0.104126 -0.177591 0.049999 40323.6 0.00034743 1 0.0701295 -0.205601 0.05 40393.2
0 134 3 phononTS 0.00154896 -3.45224 2.56408 -0.0418192 4216.5 0.00034743 1 -0.0531653 -0.163678 0.05 10864.4
0 134 5 phononTF 0.000405352 -0.0531653 -0.163678 0.049999 10864.4 0.00034743 1 0.0147407 -0.170832 0.05 10926.5
0 176 3 phononTS 0.00190219 -3.08424 2.27541 0.0442535 14222.6 0.00034743 1 -0.116839 -0.184301 0.05 20934.4
0 185 2 phononTS 0.00147559 -3.45024 4.35321 -0.028066 2254.38 0.00069486 1 -0.112952 -0.203343 0.05 85935.9
0 185 9 phononTF 0.000358928 -0.112952 -0.203343 0.049999 85935.9 0.00034743 1 -0.0618914 -0.124314 0.05 86240.2
0 193 2 phononTS 0.00140898 -4.06458 3.04035 -0.0186832 5635.63 0.00034743 1 0.0437609 -0.297475 0.05 173823
0 196 5 phononTS 0.0018598 -4.72912 2.6402 0.00966573 3207.46 0.00069486 1 -0.0550786 -0.14689 0.05 106035
0 212 3 phononTS 0.00213183 -3.00873 4.31844 -0.000882886 2234.1 0.00104229 1 0.0355953 -0.24985 0.05 38986.6
0 227 2 phononTF 0.00171815 -3.46054 3.93534 0.0476019 726.042 0.00034743 1 -0.0323058 -0.299482 0.05 14933
0 227 5 phononTS 0.00110822 -0.0323058 -0.299482 0.049999 14933 0.00034743 1 -0.037135 -0.303201 0.05 14991.3
0 227 8 phononL 0.000425152 -0.037135 -0.303201 0.049999 14991.3 0.00034743 1 0.0405328 -0.0947855 0.05 15392.2
0 233 3 phononTS 0.00148642 -0.149565 2.48481 0.0281414 27726 0.00069486 1 0.0389664 -0.101591 0.05 30110.1
0 233 2 phononL 0.00251358 -0.149565 2.48481 0.0281414 27726 0.00069486 1 -0.0248663 -0.244477 0.05 36222.3
0 233 21 phononTF 0.000517935 -0.0248663 -0.244477 0.049999 36222.3 0.00034743 1 -0.0366263 -0.287098 0.05 36358
0 252 3 phononTF 0.0022302 -3.99046 2.75441 -0.0147079 26286.2 0.00069486 1 -0.0473748 -0.128663 0.05 40049.3
0 273 2 phononTF 0.00221786 -2.40788 2.46799 -0.0434866 4913.57 0.00034743 1 0.0499055 -0.272594 0.05 24956.9
0 299 5 phononTF 0.000771505 -4.28867 -0.791748 -0.0489704 27070.2 0.00034743 1 0.0475818 -0.227671 0.05 106085
0 359 4 phononTS 0.000812192 -2.16078 1.17151 0.000267718 32258.9 0.00034743 1 0.113996 -0.234399 0.05 51136.6
0 389 2 phononTS 0.00173852 -1.81419 1.70877 -0.0386116 3675.75 0.00034743 1 0.0174193 -0.162195 0.05 18607
0 425 3 phononTF 0.00204855 -3.52636 3.63976 -0.0424326 1588.22 0.00034743 1 0.0791976 -0.126599 0.05 12557.1
0 430 2 phononL 0.00118093 -3.45716 4.88498 -0.040554 13069.6 0.00034743 1 -0.0343057 -0.229501 0.05 30682.2
0 451 4 phononTS 0.00129963 0.673234 -0.364301 -0.00163739 9654.16 0.00034743 1 0.0686125 -0.239512 0.05 9875.65
0 471 3 phononL 0.00251889 -2.26467 0.497166 0.0475836 18364.4 0.00069486 1 0.11743 -0.212524 0.05 34502.8
0 489 4 phononTS 0.00106552 -0.233187 2.81907 -0.0135713 22173.8 0.00034743 1 0.0439902 -0.167288 0.05 46774.9
0 505 5 phononTS 0.00139275 -2.62108 4.36229 0.00693786 12818 0.00034743 1 0.0833473 -0.238951 0.05 67137.6
0 539 2 phononL 0.0017391 -3.43368 3.89752 -0.0418135 13711.5 0.00034743 1 -0.0650933 -0.175594 0.05 16232.7
0 545 2 phononTS 0.00191437 -3.94448 3.85709 0.0226914 4071.65 0.00069486 1 -0.0607485 -0.133232 0.05 27643.3
0 548 2 phononL 0.00206046 -3.14826 3.31433 0.00328545 852.818 0.00034743 1 0.0377594 -0.136514 0.05 22420.9
0 573 2 phononL 0.0021825 -4.21315 4.08445 -0.00860852 2894.59 0.00104229 1 0.0275793 -0.181413 0.05 18945.3
0 575 3 phononTS 0.00259101 -4.76879 2.58721 -0.0323688 8104.22 0.00069486 1 0.0163541 -0.173326 0.05 39015.4
0 616 2 phononTS 0.00169124 -2.78942 3.5303 0.0476804 5612.24 0.00034743 1 -0.0188653 -0.249897 0.05 42237.4
0 650 6 phononTF 0.000877845 -3.66479 1.83858 0.0465934 45909.2 0.00034743 1 0.0512606 -0.17746 0.05 101668
0 655 5 phononTS 0.00170348 -3.11216 0.515682 -0.0115714 27050.7 0.00034743 1 0.0624893 -0.208162 0.05 47486.8
0 655 7 phononL 0.000661995 0.0624893 -0.208162 0.049999 47486.8 0.00034743 1 -0.1083 -0.228864 0.05 47615.5
0 665 3 phononTS 0.00292325 -2.99693 3.41005 -0.0137746 546.972 0.00034743 1 0.0605138 -0.137947 0.05 24064.9
0 688 3 phononTS 0.00146137 -3.63898 2.34142 -0.00503519 5080.33 0.00034743 1 0.054147 -0.298044 0.05 15047.5
0 689 7 phononTS 0.00116817 -3.01132 3.09106 0.0414496 17049.8 0.00034743 1 0.0217427 -0.176128 0.05 68609.4
0 771 2 phononTS 0.0017025 -2.47257 4.87066 0.0393302 12051.6 0.00069486 1 0.049277 -0.278131 0.05 32649
0 821 3 phononL 0.00207178 -2.37113 2.52387 0.0173696 2871.12 0.00034743 1 0.0470983 -0.147696 0.05 40949.4
0 834 3 phononL 0.00168727 -2.75397 3.19591 -0.0211934 783.2 0.00104229 1 -0.0326509 -0.214784 0.05 19905.6
0 842 4 phononTF 0.0017348 -3.97199 4.91393 -0.0177851 26052.4 0.00034743 1 -0.0609954 -0.177234 0.05 60709.2
0 865 3 phononTF 0.00183143 -2.85592 4.86988 -0.0033692 10714 0.00104229 1 0.0792322 -0.121637 0.05 21521.2
0 884 2 phononTS 0.00142928 -4.63669 4.15522 0.0343528 3876.77 0.00034743 1 -0.0333391 -0.274663 0.05 40113.2
0 895 3 phononTF 0.00174266 -2.5273 3.50033 0.00679336 4945.76 0.00034743 1 -0.111732 -0.23612 0.05 64736.5
0 895 6 phononTF 0.000952384 -0.111732 -0.23612 0.049999 64736.5 0.00034743 1 0.0346288 -0.127338 0.05 65083
0 943 3 phononTF 0.0017031 -2.79278 3.08955 -0.024768 2077.83 0.00034743 1 0.0326143 -0.160711 0.05 12951.2
0 981 5 phononL 0.00110517 0.0623602 -0.215707 -0.00613915 35150.7 0.00034743 1 0.0311665 -0.146813 0.05 36109.9
0 1001 2 phononTF 0.00151602 -3.33195 3.7773 0.0268801 4240.37 0.00069486 1 -0.0314877 -0.208329 0.05 16171.9
0 1001 4 phononL 0.000424029 -0.0314877 -0.208329 0.049999 16171.9 0.00034743 1 -0.0728937 -0.156424 0.05 16224
0 1008 3 phononTS 0.00201105 -3.34236 2.23423 0.048016 5424.45 0.00034743 1 -0.0173676 -0.208607 0.05 18537
0 1008 4 phononL 0.0013548 -0.0173676 -0.208607 0.049999 18537 0.00069486 1 0.101364 -0.173203 0.05 18800.7
0 1008 2 phononTS 0.00198895 -3.34236 2.23423 0.048016 5424.45 0.00069486 1 -0.109161 -0.172574 0.05 78486.8
0 1080 2 phononTF 0.00120172 -3.06188 3.46534 -0.0120661 3504.45 0.00034743 1 -0.0574197 -0.274474 0.05 48492.3
0 1091 2 phononTS 0.00140016 -2.80425 4.95172 -0.0110171 14669.7 0.00034743 1 -0.0399023 -0.156476 0.05 27793
0 1111 3 phononTS 0.00153302 -3.34616 3.25126 -0.0127194 53.7986 0.00069486 1 0.112485 -0.226423 0.05 22501.3
0 1207 4 phononTS 0.00175921 -1.70296 4.90262 -0.0262489 20604.4 0.00069486 1 -0.032691 -0.294712 0.05 37022.7
0 1212 3 phononTF 0.000583014 -0.712196 0.0154521 0.049999 8880.29 0.00034743 1 -0.107164 -0.216159 0.05 9989.87
0 1227 2 phononTS 0.00165279 -3.36622 2.6696 0.0307422 2984.15 0.00034743 1 0.0645102 -0.14147 0.05 8946.05
0 1251 2 phononTS 0.000991597 -2.59813 3.47466 0.0258802 1445.6 0.00034743 1 0.118419 -0.22055 0.05 20941.8
0 1287 3 phononTS 0.00229864 -3.1476 4.60446 -0.00618546 4557.26 0.00034743 1 -0.0662285 -0.130697 0.05 14884.7
0 1307 2 phononTF 0.00181554 -1.44047 2.60432 0.0303641 6083.27 0.00034743 1 -0.0384315 -0.254316 0.05 67800.3
0 1307 4 phononTS 0.00103656 -0.0384315 -0.254316 0.049999 67800.3 0.00034743 1 -0.0250722 -0.139181 0.05 68427.5
0 1332 5 phononTS 0.00188814 -3.0376 2.80462 0.0379181 7083.9 0.00034743 1 0.0332928 -0.199581 0.05 29073.6
0 1341 5 phononTS 0.000947275 -0.92429 2.92083 -0.0434544 89099 0.00034743 1 -0.0427763 -0.127213 0.05 163250
0 1361 3 phononTF 0.00191637 -3.67313 3.39695 -0.0382641 5915.87 0.00069486 1 0.0226452 -0.246108 0.05 47321.2
0 1361 4 phononL 0.000948358 0.0226452 -0.246108 0.049999 47321.2 0.00034743 1 -0.0296365 -0.189155 0.05 47378.1
0 1363 2 phononTS 0.0022077 -3.26993 3.21547 0.0266088 8.83973 0.00034743 1 -0.0647064 -0.186632 0.05 13169
0 1381 2 phononTS 0.00185445 -3.13053 3.00388 0.0325304 307.697 0.00034743 1 0.112133 -0.24135 0.05 25895.5
0 1485 2 phononL 0.00182316 -2.5896 2.49432 0.0397887 1664.17 0.00069486 1 0.0522632 -0.185824 0.05 19399
0 1513 2 phononTS 0.00164676 -3.29219 3.22593 -0.0244515 10.1441 0.00034743 1 0.0466626 -0.107146 0.05 14029.5
0 1515 2 phononTS 0.00212143 -3.54313 3.08003 0.0475415 381.367 0.00034743 1 0.0944231 -0.189344 0.05 16805.9
0 1531 4 phononTS 0.00168304 -4.94248 0.904477 0.0019374 29147.7 0.00069486 1 0.0797679 -0.260361 0.05 45810.2
0 1553 2 phononL 0.00217368 -2.31657 2.06544 0.0095704 3569.79 0.00034743 1 0.117891 -0.212676 0.05 17679.6
0 1556 7 phononTS 0.000718824 -3.78264 1.94537 -0.0155287 63083.5 0.00034743 1 0.0907547 -0.190008 0.05 128144
0 1557 3 phononTS 0.00153911 -3.91682 2.88023 -0.0390224 2668.98 0.00034743 1 0.07033 -0.282293 0.05 31591.1
0 1573 3 phononTS 0.00154757 -4.0355 2.03378 -0.0196203 2515.02 0.00069486 1 -0.0670149 -0.25026 0.05 20534.6
0 1604 6 phononL 0.00160961 -3.14016 3.98231 0.0397174 20034.9 0.00069486 1 -0.0395472 -0.199756 0.05 39063.2
0 1633 4 phononTS 0.00164698 -4.74109 4.13714 0.0130287 6627.03 0.00034743 1 0.107 -0.204444 0.05 22045.8
0 1639 3 phononTS 0.00225999 -3.38828 1.90076 0.00376447 10287.4 0.00034743 1 0.0186577 -0.22857 0.05 60226.4
0 1692 4 phononTF 0.00100054 -3.03226 2.0979 0.0186781 26103.5 0.00034743 1 -0.037221 -0.244007 0.05 51551.2
0 1703 5 phononL 0.00125743 -4.79659 0.508933 -0.0461919 30371.5 0.00034743 1 0.010784 -0.201057 0.05 42831.5
0 1703 8 phononTF 0.000615043 0.010784 -0.201057 0.049999 42831.5 0.00034743 1 0.102308 -0.227334 0.05 42898.9
0 1729 4 phononL 0.00125706 0.909649 -1.27087 0.0331838 19918.5 0.00034743 1 0.110835 -0.220932 0.05 36052.5
0 1730 2 phononTF 0.00173652 -2.83241 3.7683 0.0164498 19020.1 0.00034743 1 0.0263646 -0.140812 0.05 89876.6
0 1735 3 phononL 0.00112602 -2.60952 3.69212 -0.0339535 1689.7 0.00069486 1 0.0678161 -0.137081 0.05 8160.06
0 1739 5 phononTF 0.00137168 -3.4827 4.75457 0.0214759 26220.2 0.00069486 1 -0.0516016 -0.122922 0.05 66712.4
0 1856 4 phononTS 0.0018513 -0.0474882 -0.266944 -0.0232107 18641.2 0.00104229 1 -0.0790328 -0.210859 0.05 18689
0 1908 4 phononTF 0.000857118 -3.88752 3.33784 -0.0218863 12173.2 0.00069486 1 0.0265358 -0.210635 0.05 40241
0 2024 2 phononL 0.0027294 -1.56348 2.69135 0.0336145 7267.98 0.00034743 1 0.0400151 -0.116672 0.05 17447.8
0 2030 3 phononTF 0.00223556 -3.56056 3.38309 0.022117 1024.93 0.00034743 1 -0.094846 -0.23957 0.05 33655.6
0 2045 2 phononL 0.00111131 -2.83359 2.72131 0.0355283 4235.94 0.00034743 1 -0.0165391 -0.198084 0.05 22480.9
0 2048 2 phononL 0.0014329 -3.59514 1.94983 0.0165688 1229.97 0.00069486 1 0.07376 -0.284427 0.05 38754.2
0 2060 3 phononTF 0.00153147 -4.5778 4.58221 0.023481 6026.23 0.00069486 1 0.0340625 -0.299844 0.05 94783.5
0 2064 2 phononTF 0.00250997 -3.593 3.04613 -0.0382872 3960.06 0.00104229 1 -0.0147389 -0.174666 0.05 12803
0 2089 3 phononTS 0.00223396 -4.40049 3.61381 -0.0448874 6077.29 0.00034743 1 0.107846 -0.181703 0.05 34896.2
0 2089 4 phononTS 0.00131282 0.107846 -0.181703 0.049999 34896.2 0.00034743 1 0.108581 -0.145208 0.05 34963.6
0 2107 5 phononTF 0.00122854 -4.00817 4.56702 0.0431775 53716.4 0.00069486 1 -0.0458192 -0.119709 0.05 61481.8
0 2118 2 phononL 0.00219834 -3.08007 2.9039 -0.00349441 12936.3 0.00138972 1 -0.117864 -0.200909 0.05 23670
0 2193 2 phononTF 0.00113872 -2.82953 3.45707 0.0308812 12726.1 0.00069486 1 -0.0298122 -0.299352 0.05 14961.9
0 2214 4 phononTF 0.00114487 -3.70208 3.60191 -0.043022 15112.1 0.00034743 1 0.0634066 -0.271662 0.05 33093.4
0 2231 3 phononTF 0.00227292 -3.60013 2.48994 0.0441628 1900.99 0.00104229 1 -0.053982 -0.152249 0.05 13054.4
0 2254 4 phononTS 0.000845701 -2.6694 2.72506 0.00326616 9481.68 0.00034743 1 0.0301435 -0.101121 0.05 58534.3
0 2254 10 phononTS 0.000418412 0.0301435 -0.101121 0.049999 58534.3 0.00034743 1 0.038437 -0.110779 0.05 58590.6
0 2294 3 phononTF 0.00273975 -2.53785 3.15615 0.0457024 8400.24 0.00034743 1 0.079476 -0.269132 0.05 65290.6
0 2314 3 phononTS 0.00158729 -3.09042 3.32174 -0.00328882 410.215 0.00034743 1 0.020414 -0.225615 0.05 52918.7
0 2352 2 phononTS 0.00127591 -3.20171 3.87957 -0.0237951 1970.83 0.00069486 1 0.0684549 -0.171547 0.05 57480.9
0 2352 4 phononTS 0.00039301 0.0684549 -0.171547 0.049999 57480.9 0.00034743 1 0.0780888 -0.156083 0.05 57601.6
0 2479 5 phononTS 0.00182155 4.89701 -1.72939 0.0148765 30294.4 0.00034743 1 -0.0473679 -0.126596 0.05 74446.1
0 2489 3 phononL 0.00147177 -3.76816 1.82937 0.00491757 4514.99 0.00034743 1 0.0287141 -0.26199 0.05 38452.5
0 2489 4 phononTF 0.000762018 0.0287141 -0.26199 0.049999 38452.5 0.00034743 1 0.0787944 -0.256774 0.05 43972.2
0 2503 3 phononTS 0.00163774 -4.46421 3.7289 0.0392726 11663.2 0.00034743 1 -0.0307899 -0.298892 0.05 46252.4
0 2503 5 phononTS 0.000634753 -0.0307899 -0.298892 0.049999 46252.4 0.00034743 1 -0.0415407 -0.299493 0.05 46324.1
0 2506 3 phononL 0.00163512 -3.39922 3.69387 0.00560124 4404.06 0.00069486 1 0.0388753 -0.243152 0.05 57442.2
0 2506 2 phononTS 0.00236488 -3.39922 3.69387 0.00560124 4404.06 0.00138972 1 -0.103464 -0.221515 0.05 52655
0 2506 26 phononTF 0.000400119 -0.103464 -0.221515 0.049999 52655 0.00034743 1 -0.11517 -0.224853 0.05 52714.4
0 2515 2 phononTS 0.00144778 -3.54965 2.72563 -0.0125659 1230.51 0.00034743 1 0.0485633 -0.203408 0.05 14082.5
0 2515 4 phononTS 0.000725954 0.0485633 -0.203408 0.049999 14082.5 0.00034743 1 0.0830783 -0.156633 0.05 14150.9
0 2522 4 phononTF 0.00140308 -4.74118 4.87106 -0.0126772 4424.23 0.00034743 1 0.0159776 -0.17378 0.05 21127.5
0 2522 6 phononTS 0.000616525 0.0159776 -0.17378 0.049999 21127.5 0.00034743 1 0.109366 -0.183219 0.05 21749.4
0 2552 4 phononTS 0.00168599 -1.19211 -2.10234 0.0272349 17971.6 0.00069486 1 -0.0354303 -0.102442 0.05 20700.6
0 2562 5 phononL 0.00141239 -2.63923 -3.50879 -0.0219759 57126.1 0.00069486 1 -0.040038 -0.1216 0.05 83912.8
0 2566 5 phononTS 0.00190557 -1.59259 1.27453 0.0205389 15427 0.00069486 1 -0.0629589 -0.177845 0.05 20241
0 2612 4 phononTS 0.00109753 -3.51205 4.99061 -0.0254226 7110.88 0.00034743 1 -0.10019 -0.163066 0.05 13873
0 2612 8 phononTS 0.000575714 -0.10019 -0.163066 0.049999 13873 0.00034743 1 0.0566916 -0.164065 0.05 13970.6
0 2616 5 phononTS 0.00210141 -3.31563 3.6328 -0.0111786 31685.1 0.00069486 1 -0.104611 -0.190736 0.05 51289
0 2616 10 phononTS 0.000382522 -0.104611 -0.190736 0.049999 51289 0.00034743 1 -0.0648601 -0.222493 0.05 60368.4
0 2618 2 phononTF 0.00201893 -3.32059 2.33619 -0.0448756 2241.9 0.00034743 1 0.0404486 -0.248301 0.05 17141.4
0 2623 3 phononL 0.001814 -3.91327 4.52774 0.0381747 5045.73 0.00069486 1 0.101977 -0.224645 0.05 33466.5
0 2624 2 phononTF 0.00128406 -4.1763 4.73288 -0.00548471 19220.3 0.00034743 1 -0.0866831 -0.243011 0.05 65986.3
0 2629 3 phononTS 0.00234446 -2.93187 3.61732 0.00348528 993.711 0.00034743 1 -0.0540426 -0.133406 0.05 20037.3
0 2629 4 phononTS 0.00135292 -0.0540426 -0.133406 0.049999 20037.3 0.00034743 1 -0.060703 -0.257173 0.05 20406.8
0 2684 2 phononTF 0.000678359 -3.13066 2.58626 0.0225433 2368.5 0.00034743 1 -0.0782615 -0.144417 0.05 33563.7
0 2706 5 phononTF 0.000593666 0.296642 4.03069 0.00458468 7143.65 0.00034743 1 0.0156045 -0.230141 0.05 23551.9
0 2709 7 phononTF 0.000920319 -2.3205 -0.0413341 0.00663365 41854.4 0.00034743 1 -0.0438749 -0.26636 0.05 114508
0 2711 3 phononTF 0.00143077 -4.07984 3.3883 -0.0497125 7696.08 0.00069486 1 0.0682473 -0.115534 0.05 30864.7
0 2713 2 phononTS 0.00129148 -3.16675 3.16642 -0.0372793 833.111 0.00069486 1 0.0390722 -0.164807 0.05 19958.7
0 2713 4 phononTS 0.000428277 0.0390722 -0.164807 0.049999 19958.7 0.00034743 1 -0.0439097 -0.262663 0.05 20042.9
0 2793 2 phononTF 0.00174532 -2.9128 3.72084 0.0461399 2517.66 0.00069486 1 0.0357262 -0.28581 0.05 44381.1
0 2897 3 phononTF 0.00150302 -3.53871 3.37007 0.0188395 3764.34 0.00034743 1 0.024729 -0.231248 0.05 54170.3
0 2897 5 phononTF 0.000868599 0.024729 -0.231248 0.049999 54170.3 0.00034743 1 -0.0904685 -0.262028 0.05 56185.7
0 2897 14 phononTF 0.000395971 -0.0904685 -0.262028 0.049999 56185.7 0.00034743 1 0.0485614 -0.267778 0.05 56275.5
0 2900 2 phononL 0.00224272 -1.96978 2.73331 -0.0446358 2155.03 0.00034743 1 -0.0314231 -0.304046 0.05 34775.1
0 2905 5 phononTF 0.00111411 -3.34993 1.9771 -0.0310747 24788.9 0.00069486 1 -0.0821085 -0.152569 0.05 36464
0 2948 4 phononTS 0.0013348 0.719788 -0.285747 0.0150425 39239.3 0.00069486 1 -0.0263809 -0.284473 0.05 39451.7
0 2971 3 phononL 0.00114138 -2.84611 2.29176 -0.00175348 5240.22 0.00034743 1 -0.0400216 -0.189992 0.05 45169.4
0 2973 5 phononTF 0.00116257 -2.38955 4.77459 0.00668167 15289.5 0.00034743 1 0.085261 -0.214516 0.05 40832.8
0 2973 4 phononL 0.00129899 -2.38955 4.77459 0.00668167 15289.5 0.00034743 1 -0.056446 -0.294188 0.05 74757.3
0 2974 2 phononL 0.00147276 -1.99623 1.6915 -0.0362791 10524.8 0.00034743 1 -0.0325624 -0.266587 0.05 61474.6
0 3131 4 phononTS 0.00177059 -3.88872 0.718012 0.00868962 26756.7 0.00069486 1 -0.118102 -0.208097 0.05 44372
0 3133 2 phononTF 0.00204164 -3.21997 3.32665 -0.0398431 2174.74 0.00069486 1 0.0281093 -0.120242 0.05 38661
0 3197 2 phononTS 0.00164729 -4.46385 4.23557 -0.00926601 14826.7 0.00034743 1 -0.0834634 -0.207532 0.05 38547.5
0 3237 3 phononTS 0.00177151 -3.36173 3.33965 -0.0104056 46.2972 0.00069486 1 0.0703393 -0.225995 0.05 26265.3
0 3265 2 phononTF 0.00216328 -3.68711 3.8035 0.0364877 498.408 0.00034743 1 -0.0310891 -0.127348 0.05 16539.9
0 3265 7 phononTS 0.00102904 -0.0310891 -0.127348 0.049999 16539.9 0.00034743 1 -0.031217 -0.115518 0.05 16606.8
0 3300 2 phononTS 0.0012359 -2.17273 2.54656 0.00422252 4936.97 0.00034743 1 0.0566738 -0.141077 0.05 13675.7
0 3330 3 phononTS 0.00134632 -2.61822 4.43936 -0.000654367 2268.69 0.00034743 1 -0.0912241 -0.153056 0.05 40051.9
0 3330 11 phononTS 0.00200683 -0.430426 1.54183 -0.00309335 8241.36 0.00034743 1 -0.0801324 -0.268609 0.05 58312.2
0 3330 13 phononTS 0.000457413 -0.0801324 -0.268609 0.049999 58312.2 0.00034743 1 -0.089854 -0.274713 0.05 58368.3
0 3337 2 phononTF 0.000505796 -1.55299 1.13744 0.0292805 8971.47 0.00034743 1 -0.0426806 -0.111924 0.05 33109.4
0 3358 3 phononTS 0.00177682 -4.83737 3.39067 -0.0110861 5623.6 0.00104229 1 -0.0473726 -0.194512 0.05 12616.3
0 3418 3 phononL 0.0018038 -2.96634 2.98259 0.00530843 617.62 0.00034743 1 0.0518438 -0.142317 0.05 92051.5
0 3457 3 phononTF 0.00189986 -2.52846 4.45057 0.0279473 3284.4 0.00104229 1 -0.034589 -0.165503 0.05 27405.1
0 3522 3 phononTS 0.00229262 -4.77112 4.54241 -0.0284887 4948.03 0.00034743 1 0.0767426 -0.282452 0.05 28230.7
0 3522 5 phononTF 0.00124935 0.0767426 -0.282452 0.049999 28230.7 0.00069486 1 0.0781717 -0.137203 0.05 28301.6
0 3522 4 phononTF 0.000534949 0.0767426 -0.282452 0.049999 28230.7 0.00034743 1 0.0571959 -0.228455 0.05 28291.6
0 3642 2 phononTS 0.0011272 -2.99348 3.33894 0.029875 80.6471 0.00034743 1 -0.0988774 -0.19128 0.05 86187.1
0 3692 2 phononTS 0.00201261 -2.98944 3.31739 -0.0332164 1020.9 0.00034743 1 0.104608 -0.16661 0.05 16498.6
0 3706 2 phononTS 0.00185564 -1.62732 2.01155 0.0249738 4124.36 0.00069486 1 0.0173966 -0.188628 0.05 28887.8
0 3712 3 phononTF 0.00169909 -3.1318 3.2924 -0.000603032 128.033 0.00069486 1 0.0399169 -0.295293 0.05 69573
0 3750 4 phononTF 0.000987181 -2.86529 -2.14751 0.00334925 18992 0.00034743 1 -0.0692174 -0.23799 0.05 28078.3
0 3756 3 phononTS 0.00226071 -3.04302 1.96307 0.0102261 7928.62 0.00034743 1 -0.075968 -0.193629 0.05 24685.6
0 3779 2 phononTF 0.00209881 -2.59561 3.47487 0.0427629 2538.79 0.00069486 1 0.0912721 -0.266854 0.05 46561.1
0 3847 2 phononTS 0.00224036 -2.60338 3.3524 0.0229765 1937.24 0.00069486 1 -0.0293115 -0.112629 0.05 55944.1
0 3847 4 phononTS 0.000785702 -0.0293115 -0.112629 0.049999 55944.1 0.00034743 1 -0.072701 -0.247341 0.05 56502.1
0 3851 7 phononTS 0.000560519 -2.47565 4.37719 -0.042157 18190.3 0.00034743 1 -0.0837603 -0.141216 0.05 97210.6
0 3865 3 phononL 0.00204259 -3.39422 3.64645 -0.0216483 2398.37 0.00034743 1 0.019611 -0.209495 0.05 75245.5
0 3969 5 phononTS 0.00163876 -2.73965 1.27378 0.00628964 20301.1 0.00034743 1 0.0493812 -0.112017 0.05 52354.7
0 3969 7 phononTS 0.000431077 0.0493812 -0.112017 0.049999 52354.7 0.00034743 1 0.0371352 -0.105934 0.05 52411.5
0 3969 6 phononTS 0.000662187 0.0493812 -0.112017 0.049999 52354.7 0.00034743 1 0.064361 -0.230415 0.05 52584.1
0 3990 3 phononL 0.0023842 -3.77134 4.77088 -0.0129499 12444 0.00069486 1 0.0944956 -0.172956 0.05 41770.7
0 4070 3 phononTF 0.00168713 -3.55719 3.77438 -0.0232685 6589.72 0.00069486 1 0.070866 -0.272578 0.05 28032.5
0 4085 4 phononTS 0.00188579 -1.11114 3.96673 0.0259962 11957.8 0.00069486 1 -0.0724293 -0.188265 0.05 56283.3
0 4120 3 phononTS 0.00143947 -2.79627 4.74417 -0.0192439 4436.46 0.00069486 1 0.046684 -0.168261 0.05 11850.4
0 4145 3 phononTS 0.00226304 -3.11162 3.77583 -0.0168418 563.908 0.00034743 1 0.0944202 -0.239765 0.05 27212.3
0 4145 13 phononTS 0.00132713 -3.37472 1.44083 0.0215371 20508.5 0.00034743 1 -0.0486293 -0.212206 0.05 24453.9
0 4162 4 phononTS 0.0019282 0.0668945 -0.666872 -0.0257431 60384.6 0.00069486 1 0.0393639 -0.183427 0.05 63351.7
0 4230 2 phononTS 0.00228831 -3.72629 3.28158 0.00294205 1936.54 0.00034743 1 0.0734838 -0.284853 0.05 117774
0 4239 2 phononTS 0.00147907 -4.736 3.55532 -0.0110968 2057.42 0.00034743 1 0.0750461 -0.160588 0.05 49035.2
0 4315 5 phononTF 0.00180421 0.220116 0.282639 0.0022104 23532.6 0.00034743 1 0.0318277 -0.0977801 0.05 44154.7
0 4335 3 phononTF 0.00198179 -3.07078 3.04016 0.0361213 609.852 0.00104229 1 -0.0398262 -0.130521 0.05 32254.2
0 4361 3 phononTS 0.00223414 -3.92479 2.06793 0.0311032 3687.26 0.00034743 1 -0.104185 -0.231758 0.05 78506.1
0 4361 4 phononTS 0.00162867 -0.104185 -0.231758 0.049999 78506.1 0.00034743 1 -0.0984385 -0.206711 0.05 79211.6
0 4457 4 phononTS 0.000570353 -1.56161 0.221002 -0.0356894 21022.7 0.00034743 1 -0.116867 -0.185345 0.05 37608.5
0 4555 5 phononTF 0.00173137 -2.77802 4.1822 -0.035839 2674.99 0.00034743 1 -0.0424119 -0.13947 0.05 84561.8
0 4558 3 phononTF 0.00155147 -3.97948 3.72893 -0.024356 2321.18 0.00034743 1 -0.0630646 -0.162359 0.05 16977.5
0 4615 2 phononTF 0.00222378 -4.24662 2.39143 -0.00986026 18235.3 0.00034743 1 0.0442342 -0.178315 0.05 25988.1
0 4615 4 phononTS 0.00133485 0.0442342 -0.178315 0.049999 25988.1 0.00034743 1 -0.0735175 -0.270522 0.05 26145.8
0 4627 3 phononL 0.00189915 -3.46462 2.96373 -0.0498909 351.272 0.00069486 1 -0.0660191 -0.134252 0.05 88950.7
0 4661 5 phononTF 0.00140588 -1.59242 -0.93305 0.0267714 20297 0.00034743 1 -0.0155525 -0.168099 0.05 29604.9
0 4696 3 phononTS 0.00263473 -1.76757 2.70785 0.0253644 19322.7 0.00034743 1 0.0744911 -0.227446 0.05 88341.7
0 4696 5 phononTS 0.000744539 0.0744911 -0.227446 0.049999 88341.7 0.00034743 1 -0.0309571 -0.107527 0.05 88445.4
0 4696 4 phononTF 0.000772145 0.0744911 -0.227446 0.049999 88341.7 0.00034743 1 -0.100574 -0.262599 0.05 88433
0 4706 3 phononTS 0.00136494 -3.57125 2.88008 0.0243432 3139.04 0.00069486 1 0.0152873 -0.190381 0.05 79277.7
0 4732 5 phononTS 0.00170809 -2.75363 -0.759115 0.0292841 25382.5 0.00069486 1 0.0568152 -0.230421 0.05 97536.6
0 4732 9 phononTS 0.000539341 0.0568152 -0.230421 0.049999 97536.6 0.00034743 1 -0.0476706 -0.129997 0.05 97621
0 4742 5 phononTF 0.00241076 -4.64456 -1.15789 -0.029395 4762.79 0.00069486 1 0.0180042 -0.207425 0.05 29809.7
0 4742 10 phononTF 0.000784005 0.0180042 -0.207425 0.049999 29809.7 0.00069486 1 -0.0301886 -0.297206 0.05 29953.1
0 4760 4 phononTS 0.000728845 1.6259 4.03611 0.04514 33478.7 0.00034743 1 -0.0537501 -0.231747 0.05 61066.4
0 4794 2 phononTS 0.00192214 -3.2407 3.24808 -0.00735466 2.25424 0.00104229 1 -0.0600179 -0.188767 0.05 7926.24
0 4844 3 phononTS 0.00112096 -3.37857 2.89999 -0.0206862 2507.7 0.00034743 1 0.055918 -0.240996 0.05 53178.8
0 4889 5 phononL 0.00129593 4.23628 -4.77914 0.00337002 42585.6 0.00069486 1 -0.0483587 -0.197967 0.05 57912.6
0 4889 7 phononTF 0.000449042 -0.0483587 -0.197967 0.049999 57912.6 0.00034743 1 0.0298734 -0.119078 0.05 57990.6
0 4931 3 phononTS 0.00162204 -3.03548 2.77422 0.00433885 21288.2 0.00034743 1 0.11344 -0.177805 0.05 27374.7
0 4948 2 phononTF 0.00223009 -3.13092 3.51873 0.0320711 1503.43 0.00034743 1 -0.0836045 -0.214154 0.05 75277.2
0 4951 2 phononTF 0.00203511 -2.50899 4.77002 0.0478268 6881.54 0.00104229 1 -0.106251 -0.169146 0.05 34326
0 4991 2 phononTF 0.00200913 -3.39677 3.73623 0.0166078 1117.69 0.00034743 1 -0.0870295 -0.218943 0.05 79159.7
