Run ID,Event ID,Track ID,Particle Name,Start Energy [eV],Start X [mm],Start Y [mm],Start Z [mm],Start Time [ns],Energy Deposited [eV],Track Weight,End X [mm],End Y [mm],End Z [mm],Final Time [ns],Volume Name
0 5 4 phononTF 0.00104093 -1.51839 -0.719764 0.0276596 22004.1 0.00034743 1 0.101555 -0.171784 0.05 23745.4
0 21 3 phononTS 0.00262258 -2.41134 -2.68058 -0.00477464 6662.83 0.00034743 1 -0.107926 -0.225248 0.05 14085.1
0 25 3 phononTS 0.00126012 -1.13053 -1.36095 0.032379 17486.1 0.00034743 1 -0.102614 -0.171687 0.05 90095.6
0 25 4 phononTS 0.000363229 -0.102614 -0.171687 0.049999 90095.6 0.00034743 1 -0.0909646 -0.150742 0.05 90168.8
0 27 3 phononTS 0.00211236 -1.36237 -1.97945 0.0241916 1018.29 0.00069486 1 0.0401752 -0.228739 0.05 11063.2
0 53 2 phononL 0.00188884 -0.904127 -3.63708 0.010143 1697.85 0.00034743 1 -0.0556037 -0.20904 0.05 63726.2
0 53 5 phononTS 0.000752426 -0.0556037 -0.20904 0.049999 63726.2 0.00069486 1 -0.0701674 -0.172712 0.05 63786.9
0 55 3 phononTS 0.00237015 -1.02271 -2.90471 -0.0159821 2604.86 0.00069486 1 -0.0302624 -0.231336 0.05 4243.07
0 65 3 phononTF 0.00200838 0.153068 -2.1495 0.0378424 4188.78 0.00034743 1 -0.0146758 -0.180163 0.05 31311.9
0 73 4 phononTF 0.0015437 1.00399 -1.30286 -0.020259 15259.5 0.00034743 1 0.106332 -0.21371 0.05 43527.7
0 96 4 phononL 0.000852029 -0.516802 0.0548207 0.049999 11209.6 0.00034743 1 -0.0874054 -0.155207 0.05 11447.3
0 100 3 phononL 0.00213166 -0.89895 -2.47406 0.048568 25463.4 0.00069486 1 0.100698 -0.157308 0.05 29362.9
0 126 4 phononL 0.00134037 -4.65816 -1.68351 -0.014535 18727.2 0.00034743 1 -0.115453 -0.176482 0.05 113661
0 183 2 phononTS 0.000470525 2.16921 0.0880743 0.049999 28747.5 0.00034743 1 0.0269165 -0.118435 0.05 62839.5
0 195 5 phononTS 0.000917383 -1.31866 -4.60613 -0.0313688 13261.6 0.00034743 1 0.0227145 -0.15462 0.05 80343
0 196 4 phononTF 0.00110702 -0.741131 -3.2321 -0.047081 4032.79 0.00034743 1 0.112351 -0.236792 0.05 10914.8
0 211 3 phononTS 0.00226541 -1.15553 -3.47212 0.0261378 1073.33 0.00034743 1 -0.0534882 -0.137441 0.05 37557
0 223 2 phononTF 0.00179722 -1.06891 -2.09982 0.042057 1704.68 0.00034743 1 0.0898849 -0.152351 0.05 5028.05
0 224 3 phononTS 0.00197227 -0.950436 -3.82657 0.0422868 1605.11 0.00104229 1 -0.0229429 -0.142952 0.05 46083.3
0 251 2 phononTS 0.00143696 -0.506546 -4.27831 -0.042614 2365.37 0.00034743 1 -0.0541801 -0.2603 0.05 11079.7
0 251 7 phononL 0.000404256 -0.0541801 -0.2603 0.049999 11079.7 0.00034743 1 0.0279243 -0.196324 0.05 11133.8
0 252 3 phononTF 0.00144314 -0.276323 0.0485918 -0.0216168 7024.4 0.00034743 1 -0.0537645 -0.22402 0.05 8512.5
0 258 2 phononTF 0.00221786 -0.407883 -4.03201 -0.0434866 4913.57 0.00034743 1 0.0293855 -0.0932476 0.05 26275.6
0 258 4 phononTS 0.00142731 0.0293855 -0.0932476 0.049999 26275.6 0.00069486 1 -0.109813 -0.163656 0.05 26554.3
0 272 3 phononL 0.00176982 -0.562792 -2.11745 -0.0402569 4411.16 0.00034743 1 0.0447374 -0.139041 0.05 8311.47
0 366 2 phononL 0.00210021 -0.452267 -3.03452 -0.0337951 3448 0.00104229 1 -0.0305688 -0.28797 0.05 19473.1
0 380 3 phononTF 0.00201536 -4.14059 -3.31679 0.0428482 11751.4 0.00104229 1 0.0271801 -0.196267 0.05 91004.2
0 380 11 phononTF 0.000586284 0.0271801 -0.196267 0.049999 91004.2 0.00034743 1 -0.0331496 -0.235549 0.05 91305.6
0 391 5 phononTF 0.00163934 -3.2533 -3.35232 -0.027936 7086.93 0.00069486 1 0.041217 -0.269546 0.05 16887.1
0 391 11 phononTS 0.000481159 0.041217 -0.269546 0.049998 16887.1 0.00034743 1 -0.0303316 -0.0955152 0.05 16985.3
0 395 2 phononTS 0.00184038 -3.65502 -1.18277 -0.0102371 14601.1 0.00034743 1 0.0367639 -0.157727 0.05 34064.9
0 412 3 phononTS 0.0020877 -1.08673 -2.30568 0.0153225 7218.34 0.00034743 1 0.0563505 -0.206375 0.05 40251.2
0 412 6 phononTS 0.000666103 0.0563505 -0.206375 0.049999 40251.2 0.00034743 1 0.0464243 -0.197428 0.05 40310.8
0 420 3 phononL 0.00125541 -2.2583 -3.74335 0.0428318 7870.07 0.00034743 1 -0.114754 -0.202623 0.05 14064.7
0 449 3 phononTS 0.00266561 -1.93427 -2.84273 0.00889152 5088.01 0.00034743 1 -0.0667071 -0.207261 0.05 7921.71
0 461 3 phononTS 0.00282982 -0.962064 -1.38796 -0.00422738 23886.9 0.00104229 1 -0.0226843 -0.148465 0.05 45048.8
0 461 15 phononTS 0.000352405 -0.0226843 -0.148465 0.049999 45048.8 0.00034743 1 0.0801221 -0.248952 0.05 48488.8
0 493 2 phononTS 0.00225292 -0.81815 -3.696 -0.00420371 6794.48 0.00034743 1 -0.0539182 -0.129592 0.05 12955.8
0 566 2 phononTS 0.00255741 -1.2724 -2.48201 -0.0149863 22023.5 0.00034743 1 0.053903 -0.15799 0.05 58819.5
0 566 6 phononL 0.00178529 0.053903 -0.15799 0.049999 58819.5 0.00069486 1 -0.0600278 -0.155085 0.05 58983.9
0 569 3 phononTF 0.00283474 -1.10339 -2.70013 0.0491751 4166.9 0.00138972 1 0.0950255 -0.203844 0.05 13306.8
0 578 4 phononTF 0.000769445 4.3384 -4.10593 -0.03964 17099.6 0.00034743 1 -0.105703 -0.225873 0.05 45291.9
0 604 2 phononTF 0.0020624 -0.259941 -4.78918 0.0463982 10670.3 0.00069486 1 0.0566185 -0.248103 0.05 22245.8
0 608 2 phononTS 0.00218279 -0.724187 -2.91462 0.038209 697.652 0.00034743 1 -0.0460851 -0.162003 0.05 62717.7
0 625 2 phononTF 0.000470009 -0.495328 -4.18977 -0.0294058 21317.8 0.00034743 1 -0.0863696 -0.154243 0.05 27206.3
0 635 2 phononTS 0.00203562 -0.409297 -1.82042 0.0323344 4087 0.00034743 1 0.101131 -0.214941 0.05 16032.4
0 635 5 phononTF 0.000706734 0.101131 -0.214941 0.049999 16032.4 0.00034743 1 0.102432 -0.186975 0.05 16279.9
0 635 4 phononTS 0.000938364 0.101131 -0.214941 0.049999 16032.4 0.00034743 1 0.0890877 -0.244257 0.05 16569.5
0 648 2 phononTS 0.00195333 -1.90973 -2.86524 0.00833032 976.145 0.00034743 1 -0.0674106 -0.1214 0.05 3038.98
0 648 4 phononTF 0.00128382 -0.0674106 -0.1214 0.049999 3038.98 0.00034743 1 -0.0535035 -0.259566 0.05 3213.87
0 703 2 phononL 0.00199138 -1.51209 -4.06945 -0.0196892 6828.86 0.00034743 1 -0.0610585 -0.116643 0.05 37076.3
0 703 5 phononTF 0.0010559 -0.0610585 -0.116643 0.049999 37076.3 0.00034743 1 -0.085354 -0.184096 0.05 37139.3
0 754 2 phononTS 0.00172728 -1.21074 -2.93819 -0.034214 533.128 0.00069486 1 -0.0610819 -0.240106 0.05 9327.67
0 770 2 phononL 0.00128373 -1.76037 -3.84032 0.0399011 1541.84 0.00069486 1 0.0266785 -0.251123 0.05 38991.3
0 786 3 phononTS 0.00249996 -0.603869 -2.46958 -0.0446101 3526.4 0.00034743 1 0.0794065 -0.28336 0.05 29911.1
0 806 3 phononTF 0.00142596 -0.554196 -2.01497 0.0210642 10992.5 0.00069486 1 0.0441929 -0.157515 0.05 40880.2
0 854 3 phononTS 0.00248429 -0.605434 -3.65975 -0.0139916 5740.62 0.00069486 1 0.0503934 -0.144518 0.05 26060.6
0 872 5 phononTS 0.00104296 -1.66824 -4.61336 0.014025 20488.9 0.00069486 1 0.0388857 -0.203607 0.05 68027.6
0 873 3 phononTF 0.00216328 -1.40441 -1.45474 -0.0126828 3504.36 0.00034743 1 -0.0804304 -0.16818 0.05 7430.41
0 908 5 phononL 0.00124941 -0.491263 -1.51711 -0.024634 26374.9 0.00034743 1 -0.095606 -0.130711 0.05 35299.6
0 915 2 phononTS 0.00257026 -1.51632 -2.80975 -0.0451181 1358.31 0.00069486 1 0.0390092 -0.189088 0.05 14669.7
0 915 4 phononTF 0.000527779 0.0390092 -0.189088 0.049999 14669.7 0.00034743 1 0.0675368 -0.174527 0.05 14727.5
0 923 3 phononTS 0.00220179 -1.99891 -2.94518 0.0113259 1359.12 0.00104229 1 -0.098359 -0.165092 0.05 18354.9
0 943 2 phononTS 0.00190237 -1.1868 -3.18867 -0.0350944 17.4458 0.00034743 1 -0.0449693 -0.182302 0.05 5449.21
0 943 5 phononL 0.000888785 -0.0449693 -0.182302 0.049999 5449.21 0.00034743 1 -0.0441661 -0.280257 0.05 11798.6
0 1002 5 phononTF 0.0014667 -3.51165 -1.60713 0.00449622 16196.9 0.00034743 1 -0.0428074 -0.25802 0.05 47524.2
0 1019 4 phononTF 0.00178795 -2.48999 -3.7443 -0.0202861 5797.85 0.00104229 1 0.075954 -0.166782 0.05 32105.7
0 1052 2 phononTS 0.00268483 0.160107 -1.78589 0.0344903 5288.48 0.00069486 1 -0.0250364 -0.280591 0.05 90340.4
0 1052 7 phononTF 0.000433759 -0.0250364 -0.280591 0.049999 90340.4 0.00034743 1 0.0592222 -0.161702 0.05 90661.1
0 1052 4 phononTS 0.00115425 -0.0250364 -0.280591 0.049999 90340.4 0.00034743 1 -0.0779612 -0.259845 0.05 90452.4
0 1053 5 phononL 0.00131329 0.578103 -2.76753 0.0465146 7393.82 0.00069486 1 0.093266 -0.260197 0.05 8349.92
0 1071 2 phononTS 0.00149595 -1.98711 -3.90072 0.0497522 1595.07 0.00034743 1 0.0336777 -0.248093 0.05 8510.51
0 1073 2 phononTS 0.00172872 -0.611577 -2.67895 0.000656005 2692.93 0.00104229 1 0.104696 -0.171213 0.05 24243.8
0 1115 3 phononTS 0.00216829 -1.59723 -3.86377 -0.0277403 10620.6 0.00034743 1 0.0749456 -0.167656 0.05 50832.6
0 1115 9 phononTF 0.000409148 0.0749456 -0.167656 0.049999 50832.6 0.00034743 1 -0.0948827 -0.214717 0.05 54426.3
0 1130 3 phononTF 0.00203285 -0.787065 -3.07546 0.0213942 3757.31 0.00069486 1 0.0806526 -0.271302 0.05 32113.5
0 1180 2 phononTF 0.00140707 -2.31557 -2.98764 -0.0295718 8176.34 0.00034743 1 -0.0174161 -0.20699 0.05 17079.9
0 1202 2 phononTS 0.0018413 -1.89042 -3.62802 0.0185305 793.186 0.00034743 1 0.0376188 -0.15922 0.05 29297.1
0 1226 2 phononTF 0.00271234 -1.21913 -3.46798 -0.0492622 1419.88 0.00069486 1 0.0895036 -0.128546 0.05 33837.6
0 1226 5 phononTS 0.000776599 0.0895036 -0.128546 0.049999 33837.6 0.00034743 1 -0.0621603 -0.212346 0.05 33934.2
0 1234 5 phononL 0.00203145 0.931714 1.50732 -0.0339022 11754.1 0.00069486 1 -0.0745305 -0.237111 0.05 75304.1
0 1253 5 phononTS 0.00133353 1.85217 -3.13131 -0.0435714 11729.4 0.00034743 1 0.0209404 -0.213249 0.05 23520.7
0 1253 8 phononL 0.000501803 0.0209404 -0.213249 0.049999 23520.7 0.00034743 1 -0.0941011 -0.179943 0.05 24280.1
0 1256 1 phononTS 0.004 -1.25 -3.25 0 0 0.00034743 1 -0.0411511 -0.164885 0.05 13031.7
0 1260 3 phononTS 0.0012707 -1.2383 -3.23773 -0.0259995 5.90816 0.00034743 1 0.0407767 -0.24796 0.05 30755.3
0 1284 2 phononTS 0.000831144 -1.17158 -1.95198 -0.0241777 4819.41 0.00034743 1 -0.105267 -0.246626 0.05 25861.4
0 1306 5 phononTS 0.0012654 3.68311 -0.478891 0.0319282 28702.9 0.00034743 1 -0.0531362 -0.269413 0.05 34761.7
0 1321 5 phononL 0.00171838 -3.29708 1.18287 0.00531832 35292.2 0.00034743 1 0.0753239 -0.206407 0.05 46580.2
0 1321 7 phononTF 0.000365542 0.0753239 -0.206407 0.049999 46580.2 0.00034743 1 -0.0153125 -0.201473 0.05 46643.4
0 1351 2 phononTF 0.00153218 -1.16919 -3.18154 0.0218187 5051.84 0.00069486 1 -0.0922178 -0.226648 0.05 7817.12
0 1354 3 phononTS 0.0023547 -2.84997 -3.54406 0.0149948 3397.88 0.00104229 1 0.0912518 -0.242854 0.05 9817.96
0 1366 3 phononL 0.0016065 -1.67083 -4.56221 -0.0495256 11921.4 0.00034743 1 -0.0436888 -0.136992 0.05 54197
0 1375 3 phononTF 0.00229774 -1.93402 -2.97917 -0.00139638 9774.74 0.00034743 1 0.0961061 -0.231948 0.05 52016.4
0 1474 5 phononL 0.00136786 0.160479 -1.09209 0.0197903 37262 0.00034743 1 0.0417102 -0.231266 0.05 44694.5
0 1474 6 phononTF 0.000896045 0.0417102 -0.231266 0.049999 44694.5 0.00034743 1 0.0159814 -0.230195 0.05 44757.2
0 1484 2 phononL 0.00125163 -0.879985 -4.20595 -0.0353888 2733.09 0.00034743 1 -0.0904147 -0.13811 0.05 37270.7
0 1493 2 phononTS 0.00084481 -1.69978 -3.46028 0.0156842 2709.62 0.00034743 1 0.0439792 -0.224254 0.05 29666.7
0 1502 2 phononTF 0.000500048 -1.34491 -4.11097 -0.0118036 755.994 0.00034743 1 0.0833936 -0.146609 0.05 77172.9
0 1505 3 phononTS 0.00162217 -0.992054 -2.60956 -0.0436088 1485.55 0.00034743 1 0.067134 -0.149896 0.05 13496
0 1505 4 phononTF 0.000751343 0.067134 -0.149896 0.049999 13496 0.00034743 1 0.0834864 -0.148373 0.05 13563.5
0 1516 3 phononTF 0.00176283 -1.80889 -3.30785 -0.0218872 5755.68 0.00034743 1 0.0244238 -0.258973 0.05 17192.2
0 1549 3 phononTS 0.00205414 -1.2306 -2.80638 0.0425693 278.759 0.00034743 1 -0.0567643 -0.109523 0.05 12605.9
0 1549 5 phononTS 0.00103361 -0.0567643 -0.109523 0.049999 12605.9 0.00034743 1 -0.060693 -0.111658 0.05 12664.6
0 1578 2 phononTF 0.00222227 -1.26236 -3.77283 0.0425898 1456.77 0.00034743 1 0.0384029 -0.20391 0.05 12601.7
0 1578 8 phononTS 0.000506781 0.0384029 -0.20391 0.049999 12601.7 0.00034743 1 0.101768 -0.258426 0.05 12929.6
0 1578 5 phononTF 0.000995875 0.0384029 -0.20391 0.049999 12601.7 0.00034743 1 -0.0422525 -0.263469 0.05 12671.5
0 1588 2 phononTS 0.0021024 0.129078 -2.79163 0.0363546 2956.41 0.00034743 1 0.0856676 -0.210253 0.05 6304.71
0 1608 5 phononTF 0.00113045 1.40045 0.899608 0.0442647 40790 0.00034743 1 -0.0669362 -0.109813 0.05 45255.3
0 1631 3 phononL 0.00269367 -0.837254 -2.00033 0.0149032 3104.64 0.00069486 1 0.0555157 -0.27524 0.05 7140.75
0 1636 2 phononTS 0.00194775 -0.0566994 -2.80368 -0.0387464 25859.9 0.00034743 1 0.0387546 -0.111266 0.05 43716.8
0 1652 2 phononTF 0.00270682 -2.60997 -1.91242 -0.00695648 4957.88 0.00138972 1 -0.0601108 -0.214775 0.05 9365.02
0 1656 2 phononTS 0.00135577 -1.36846 -3.17847 -0.017738 3717.56 0.00069486 1 -0.113608 -0.213432 0.05 14524.5
0 1684 3 phononTS 0.00290259 -2.24533 -2.50106 0.0174091 3545.69 0.00034743 1 -0.0685213 -0.274637 0.05 19122.6
0 1684 4 phononTF 0.00144186 -0.0685213 -0.274637 0.049999 19122.6 0.00034743 1 0.0374422 -0.167241 0.05 19265
0 1688 2 phononTF 0.00239669 -0.675396 -3.8554 -0.000679362 2249.41 0.00069486 1 -0.0329004 -0.230805 0.05 6050.74
0 1730 2 phononTS 0.00166153 -0.0893501 -2.53236 0.0174188 5312.31 0.00034743 1 0.0999896 -0.196576 0.05 44096.9
0 1754 3 phononTS 0.00160309 -3.57256 -2.03017 0.0305413 3707.89 0.00034743 1 -0.0408724 -0.135248 0.05 27492.8
0 1772 3 phononTS 0.00178405 -0.347499 -3.40621 0.00717393 1213.31 0.00034743 1 -0.101408 -0.147001 0.05 24093.6
0 1774 2 phononTF 0.0013052 -1.48517 -3.14352 0.0285195 792.725 0.00034743 1 -0.0241584 -0.209103 0.05 26467.2
0 1775 2 phononTF 0.00207333 -2.05704 -2.85162 -0.0136526 4786.4 0.00034743 1 0.0488817 -0.13852 0.05 48624.2
0 1775 4 phononTS 0.000964626 0.0488817 -0.13852 0.049999 48624.2 0.00034743 1 0.0587249 -0.288773 0.05 51771.4
0 1777 3 phononTF 0.00209513 -1.13423 -3.493 0.0082228 117.553 0.00034743 1 -0.0918954 -0.209679 0.05 1583.54
0 1777 2 phononTF 0.00190487 -1.13423 -3.493 0.0082228 117.553 0.00034743 1 0.0404526 -0.165843 0.05 11073.5
0 1799 5 phononTF 0.00163973 -0.839845 -4.30579 0.0357069 1517.13 0.00034743 1 -0.07765 -0.188735 0.05 34359.1
0 1799 8 phononTF 0.00106686 -0.07765 -0.188735 0.049999 34359.1 0.00034743 1 -0.0850795 -0.157852 0.05 34431.6
0 1809 2 phononTS 0.00139476 -1.64977 -2.88815 0.0471348 700.353 0.00034743 1 -0.0634512 -0.261263 0.05 59559.7
0 1810 2 phononL 0.00235874 -1.19862 -3.19382 -0.031631 15.1666 0.00069486 1 -0.0723196 -0.201137 0.05 53007.5
0 1810 9 phononTS 0.000535484 -0.0723196 -0.201137 0.049999 53007.5 0.00034743 1 -0.0732844 -0.201518 0.05 53072.3
0 1845 2 phononTS 0.0011971 -0.813161 -3.47299 -0.015166 6254.87 0.00034743 1 0.112955 -0.165771 0.05 49356.8
0 1920 2 phononTS 0.00145852 -0.335836 -3.88646 -0.0272261 5580.72 0.00034743 1 0.114892 -0.16819 0.05 15216.9
0 1963 3 phononL 0.00226471 -1.38818 -2.77176 -0.00892693 627.333 0.00069486 1 0.0128739 -0.203759 0.05 39147.9
0 1963 6 phononTS 0.000365243 0.0128739 -0.203759 0.049998 39147.9 0.00034743 1 -0.0823611 -0.149358 0.05 73141.7
0 1967 2 phononL 0.00228344 -1.98659 -3.65657 -0.048332 1183.13 0.00034743 1 -0.0589068 -0.277279 0.05 38364.8
0 1973 2 phononTS 0.00130478 -0.923323 -2.6565 0.00165169 1250.02 0.00034743 1 -0.0739113 -0.241182 0.05 15762.1
0 1973 4 phononTF 0.000426401 -0.0739113 -0.241182 0.049999 15762.1 0.00034743 1 0.0712952 -0.276335 0.05 15895.7
0 1974 3 phononTF 0.00144205 -1.91528 -1.84616 -0.00932454 5354.93 0.00034743 1 0.0691489 -0.285493 0.05 56574.8
0 2051 3 phononL 0.00213665 -1.95515 -3.33869 0.0208907 1494.89 0.00034743 1 -0.0303196 -0.299729 0.05 10294.8
0 2062 1 phononTS 0.004 -1.25 -3.25 0 0 0.00069486 1 0.0313776 -0.219048 0.05 12114.6
0 2062 14 phononTF 0.000954991 -0.228956 -1.59534 -0.0315876 13931.1 0.00034743 1 -0.0846196 -0.173949 0.05 29620.8
0 2133 3 phononL 0.00260413 -1.23044 -3.21223 -0.0475252 85.9372 0.00034743 1 0.0904447 -0.180184 0.05 42744
0 2133 7 phononTF 0.00121538 0.0904447 -0.180184 0.049999 42744 0.00034743 1 0.093467 -0.232679 0.05 42884.5
0 2172 2 phononTF 0.00176157 2.62842 -4.79128 0.0335625 18443.4 0.00034743 1 0.0391866 -0.107669 0.05 43429
0 2175 3 phononTS 0.00214884 -0.503764 -0.551717 0.0385721 7104.57 0.00069486 1 0.069092 -0.176576 0.05 77958.8
0 2288 2 phononTF 0.0021262 -0.954209 -1.72648 0.0472544 3318.73 0.00069486 1 -0.0764823 -0.260687 0.05 66247.2
0 2288 6 phononTF 0.000443609 -0.0764823 -0.260687 0.049999 66247.2 0.00034743 1 -0.0282007 -0.101824 0.05 66609.1
0 2305 2 phononTS 0.00239231 -1.03558 -3.18512 -0.00479713 172.654 0.00034743 1 0.0632821 -0.291788 0.05 24676.4
0 2305 4 phononTS 0.00118628 0.0632821 -0.291788 0.049999 24676.4 0.00034743 1 0.0871376 -0.259876 0.05 24745.5
0 2325 3 phononTS 0.00198331 -1.45603 -1.43121 0.0203701 4499.25 0.00104229 1 -0.0669913 -0.211611 0.05 19631.3
0 2331 3 phononTS 0.00251085 0.113663 -2.95483 -0.0152379 14843.8 0.00034743 1 -0.0695503 -0.196949 0.05 31405.9
0 2331 4 phononTF 0.000373832 -0.0695503 -0.196949 0.049999 31405.9 0.00034743 1 -0.0813594 -0.200189 0.05 31467.7
0 2355 3 phononTS 0.00228389 -1.03319 -2.47076 -0.0414799 2611.22 0.00069486 1 -0.0784313 -0.165994 0.05 8513.07
0 2357 3 phononTS 0.00191936 0.16739 -2.35126 -0.0276044 4238.49 0.00034743 1 -0.112519 -0.210168 0.05 128905
0 2357 12 phononTF 0.000961605 -4.81451 -4.18403 -0.0244575 30491.8 0.00034743 1 -0.0814583 -0.124817 0.05 42380.1
0 2380 4 phononTS 0.00131245 -1.32931 -2.55161 -0.0256048 8347.16 0.00069486 1 -0.0880753 -0.273943 0.05 33684.9
0 2431 3 phononL 0.00194527 0.265979 -3.37947 0.0409019 8158.54 0.00069486 1 0.0841374 -0.184503 0.05 24055.5
0 2467 5 phononTF 0.00163139 3.94464 -4.04959 0.0123273 46812.4 0.00069486 1 0.058921 -0.291974 0.05 129696
0 2467 9 phononTS 0.000844128 0.058921 -0.291974 0.049999 129696 0.00034743 1 -0.0571753 -0.17537 0.05 130078
0 2475 2 phononL 0.00167212 -1.72851 -2.54224 0.00807801 5813.21 0.00034743 1 0.0334283 -0.203953 0.05 20204.7
0 2475 4 phononTF 0.000809302 0.0334283 -0.203953 0.049998 20204.7 0.00034743 1 -0.0321703 -0.254038 0.05 20968.2
0 2512 2 phononTF 0.0024181 -1.8191 -3.43927 -0.0318291 3539.16 0.00069486 1 -0.0421461 -0.100266 0.05 11467.3
0 2524 2 phononTS 0.00208295 -2.52464 -2.16603 0.0316012 2866.99 0.00034743 1 0.0298724 -0.307043 0.05 33986
0 2538 2 phononTS 0.00151662 -1.73274 -1.80082 0.0228564 11750.6 0.00069486 1 -0.100217 -0.20678 0.05 41956.3
0 2550 3 phononTS 0.00153644 -1.8312 -3.5456 0.0380885 853.336 0.00069486 1 0.0436696 -0.281057 0.05 9759.46
0 2570 2 phononL 0.00203594 -0.992527 -4.05508 -0.015818 15505.8 0.00034743 1 -0.0412062 -0.197728 0.05 22372.6
0 2580 3 phononTS 0.00209662 -1.01531 -4.27784 0.00437796 8224.12 0.00069486 1 -0.0595553 -0.28811 0.05 31805.4
0 2586 3 phononTF 0.00159404 -0.255852 -3.47089 -0.0149288 11188.1 0.00069486 1 -0.101443 -0.208438 0.05 29384.7
0 2614 4 phononTF 0.00125502 0.779568 -4.20109 0.0156402 13099.9 0.00034743 1 -0.0121251 -0.218521 0.05 119654
0 2651 4 phononTS 0.00112685 -3.31455 -1.62374 -0.0146345 30206.8 0.00034743 1 0.0271655 -0.176354 0.05 65147.7
0 2670 2 phononTF 0.00299114 -0.627136 -3.77418 -0.0327747 3659.49 0.00104229 1 -0.0264245 -0.233162 0.05 17393.9
0 2674 5 phononTS 0.00172569 -1.93909 -2.73796 0.0379685 6474.48 0.00069486 1 -0.0253236 -0.249523 0.05 22572.6
0 2696 5 phononL 0.00146884 3.18795 -2.04355 -0.00747724 57350.8 0.00034743 1 -0.0291163 -0.104763 0.05 159347
0 2720 5 phononTF 0.00191008 0.0729029 -4.46334 0.0470277 12476.5 0.00034743 1 0.104399 -0.203281 0.05 26240.2
0 2771 2 phononTF 0.00142211 -1.0141 -2.93724 -0.00289063 2059.12 0.00034743 1 -0.0543425 -0.211272 0.05 36412.1
0 2771 7 phononTS 0.0010094 -0.0543425 -0.211272 0.049999 36412.1 0.00034743 1 -0.0284614 -0.21074 0.05 36468
0 2792 3 phononL 0.00244248 -1.63255 -1.89138 -0.0272262 7056.12 0.00034743 1 -0.0828866 -0.251977 0.05 59644.2
0 2792 5 phononTF 0.00207669 -0.0828866 -0.251977 0.049999 59644.2 0.00034743 1 0.0229266 -0.267438 0.05 59713.1
0 2799 4 phononTF 0.000897749 -3.94118 -4.15301 0.00277859 16893.8 0.00034743 1 0.0333288 -0.287292 0.05 37291.8
0 2843 3 phononTS 0.00137809 -1.43748 -2.75795 -0.00656216 2190.62 0.00034743 1 0.0935096 -0.14841 0.05 70380.7
0 2873 5 phononTF 0.00170887 -0.370642 -3.60453 0.0410035 5539.27 0.00034743 1 -0.0848539 -0.191406 0.05 27130.2
0 2879 2 phononTS 0.00192242 -1.71232 -3.54685 -0.0439196 6803.02 0.00069486 1 -0.0658378 -0.211293 0.05 21276.3
0 2886 3 phononTF 0.00145394 -1.23859 -3.97633 -0.0386323 1044.14 0.00069486 1 0.0341383 -0.228601 0.05 12581.3
0 2924 3 phononTS 0.0018452 -1.21054 -3.55307 0.040663 1350.28 0.00104229 1 -0.0102426 -0.200703 0.05 4786.25
0 2941 3 phononTS 0.00172263 -2.49783 -2.72322 0.0238231 3907.6 0.00069486 1 -0.0607236 -0.226369 0.05 5798.83
0 3001 3 phononTF 0.0025872 -1.48679 -3.14881 -0.0379282 926.802 0.00034743 1 0.0795805 -0.169949 0.05 12883.9
0 3020 3 phononTF 0.00214312 -1.0471 -2.37146 -0.0341845 6566.02 0.00034743 1 0.0993816 -0.230928 0.05 12208.6
0 3048 3 phononL 0.00199375 -1.61167 -2.98013 0.0359993 4213.28 0.00034743 1 -0.0288564 -0.188616 0.05 46397.4
0 3054 2 phononTS 0.002157 -1.87687 -1.71867 0.0230977 2770.59 0.00034743 1 0.0848878 -0.217601 0.05 11407.5
0 3078 3 phononTS 0.00114365 -0.778625 -2.44344 0.0447494 3110.97 0.00034743 1 0.10358 -0.239645 0.05 17829.8
0 3108 3 phononTS 0.00221222 -1.46778 -3.51847 -0.0483978 13098.3 0.00034743 1 -0.0374515 -0.259029 0.05 18851.7
0 3147 2 phononTS 0.00121099 -2.33064 -3.43097 -0.030488 7190.53 0.00034743 1 -0.1181 -0.195309 0.05 30023.8
0 3156 3 phononTF 0.00276511 -1.17158 -3.17716 -0.0456867 150.768 0.00034743 1 -0.0328734 -0.24126 0.05 24358.2
0 3156 5 phononL 0.000915694 -0.0328734 -0.24126 0.049999 24358.2 0.00034743 1 -0.0650023 -0.186252 0.05 24454.4
0 3161 4 phononTS 0.00088054 -2.35703 1.58917 -0.0256438 49821.1 0.00069486 1 -0.0950305 -0.217947 0.05 64483.3
0 3173 3 phononTS 0.00220095 -0.0978513 -4.10853 -0.0214502 20657.3 0.00034743 1 0.020224 -0.209071 0.05 35018.7
0 3176 3 phononTF 0.0016282 0.0618903 -1.81038 -0.0297371 7646.44 0.00034743 1 -0.0363309 -0.265182 0.05 44683.2
0 3194 2 phononL 0.0018187 -1.2211 -4.52493 -0.0318963 11081.6 0.00034743 1 -0.0397011 -0.116197 0.05 25221.8
0 3197 2 phononTS 0.00124764 -0.0758434 -3.50068 0.0170419 3227.96 0.00034743 1 0.0852414 -0.205416 0.05 16772.2
0 3221 2 phononTF 0.00128504 0.816317 -2.9146 -0.0405233 12835 0.00034743 1 -0.0619032 -0.228179 0.05 63868.1
0 3233 2 phononTS 0.00163633 -1.00864 -3.33076 0.0130375 164.596 0.00034743 1 -0.0688645 -0.191827 0.05 3923.08
0 3245 3 phononTS 0.00230211 -0.679358 -2.49135 0.0418852 2393.53 0.00069486 1 -0.0290961 -0.195787 0.05 13596.5
0 3245 7 phononTS 0.000421569 -0.0290961 -0.195787 0.049999 13596.5 0.00034743 1 0.0190383 -0.240521 0.05 13748.1
0 3252 3 phononTS 0.00152955 -0.752477 -4.28491 0.029212 1782.15 0.00069486 1 -0.102702 -0.155379 0.05 3720.03
0 3257 3 phononTS 0.00249902 -0.168666 -4.87904 0.0356106 6323.43 0.00034743 1 0.0104023 -0.18909 0.05 15120.3
0 3296 3 phononTF 0.00256699 -1.44131 -4.25683 -0.0169906 2497.85 0.00069486 1 -0.0556581 -0.200669 0.05 125957
0 3299 5 phononTF 0.00184284 -1.29731 -0.370934 -0.0429427 8804.56 0.00034743 1 0.0699113 -0.291311 0.05 10117.7
0 3299 8 phononTF 0.00111025 0.0699113 -0.291311 0.049999 10117.7 0.00034743 1 0.0647385 -0.179643 0.05 10190.6
0 3312 3 phononTS 0.00189986 -0.52846 -2.04943 0.0279473 3284.4 0.00034743 1 -0.0912295 -0.145891 0.05 39406
0 3312 6 phononTS 0.000785863 -0.0912295 -0.145891 0.049999 39406 0.00034743 1 -0.0701201 -0.150713 0.05 39462.5
0 3316 4 phononL 0.000579447 -0.842546 -3.04035 -0.00308022 32705.1 0.00034743 1 0.0266664 -0.11565 0.05 57330.1
0 3343 3 phononTF 0.00212198 -0.347049 -4.79775 -0.0220103 10773 0.00034743 1 0.0291215 -0.287807 0.05 80682.8
0 3343 4 phononTS 0.000916142 0.0291215 -0.287807 0.049999 80682.8 0.00034743 1 -0.0620813 -0.268257 0.05 82353.9
0 3346 5 phononTF 0.000480693 2.90939 1.44401 0.0393018 69075.1 0.00034743 1 -0.105394 -0.203059 0.05 124563
0 3363 2 phononTF 0.00263776 -0.450005 -1.99123 -0.0495431 6424.29 0.00104229 1 -0.0435553 -0.259799 0.05 16902.7
0 3363 11 phononTS 0.00054758 -0.0435553 -0.259799 0.049999 16902.7 0.00034743 1 0.0845244 -0.132946 0.05 17215
0 3383 5 phononTS 0.00122326 0.40858 -3.78662 -0.0210851 19314.2 0.00034743 1 -0.0651181 -0.142516 0.05 93144.6
0 3418 3 phononL 0.00270765 -1.5033 -3.1871 -0.00157446 1138.76 0.00104229 1 0.093498 -0.257165 0.05 47641.6
0 3420 2 phononTF 0.00154337 0.257257 -1.06287 0.0251334 18600.8 0.00034743 1 -0.0686677 -0.267909 0.05 25305.1
0 3423 3 phononTS 0.000384542 0.949099 0.001668 0.049999 8855.18 0.00034743 1 0.0707464 -0.286591 0.05 10926.2
0 3452 3 phononTF 0.00180897 -1.97304 -2.52996 0.00676156 2002.74 0.00034743 1 0.0855756 -0.148374 0.05 24664.3
0 3475 2 phononTS 0.00208343 -1.42598 -3.32716 0.0146549 3346.12 0.00069486 1 -0.0173641 -0.181652 0.05 77842.5
0 3497 4 phononTS 0.00162994 -4.9685 -1.83422 0.0186385 9217.49 0.00034743 1 -0.0804864 -0.151082 0.05 19842.8
0 3497 6 phononTS 0.000905352 -0.0804864 -0.151082 0.049999 19842.8 0.00034743 1 0.0418429 -0.247029 0.05 19936.9
0 3518 2 phononTF 0.00230499 -1.73533 -1.90406 0.00629584 3525.49 0.00069486 1 0.0231011 -0.254472 0.05 8405.96
0 3531 2 phononTF 0.00152985 -0.473541 -3.65046 0.00868382 2857.64 0.00034743 1 0.0454834 -0.105847 0.05 6597.19
0 3557 2 phononTF 0.00272409 0.254944 -4.20295 -0.00961475 2816.41 0.00069486 1 0.0350529 -0.286293 0.05 15765.7
0 3570 2 phononL 0.0019648 -0.0773694 -1.90609 -0.0480082 33830.4 0.00034743 1 0.0709855 -0.179257 0.05 74922.4
0 3571 3 phononTS 0.00236451 -2.11439 -2.91375 0.0278205 2300.72 0.00034743 1 0.0397602 -0.212858 0.05 21343.8
0 3608 3 phononTF 0.00246621 -0.829361 -1.35349 0.00858598 18274 0.00034743 1 0.0294949 -0.220417 0.05 20139.3
0 3635 2 phononTS 0.00151794 -1.50041 -2.20931 0.0101782 4920.49 0.00034743 1 0.0565426 -0.252856 0.05 24535.1
0 3635 4 phononTF 0.000559168 0.0565426 -0.252856 0.049999 24535.1 0.00034743 1 0.0634254 -0.256064 0.05 24593
0 3640 3 phononTF 0.00246782 2.25134 -3.48074 0.0339319 13621.7 0.00069486 1 0.0463813 -0.273134 0.05 26427.5
0 3676 3 phononL 0.00159792 -2.79539 -3.92552 0.0128298 6970.91 0.00069486 1 0.058204 -0.211652 0.05 9639.82
0 3676 7 phononTS 0.000369018 0.058204 -0.211652 0.049999 9639.82 0.00034743 1 0.0891796 -0.207852 0.05 9705.63
0 3686 2 phononL 0.00242197 -1.89555 -3.86517 -0.049796 4093.12 0.00034743 1 -0.0991577 -0.168193 0.05 44250.3
0 3695 3 phononL 0.00203386 -1.031 -0.879435 -0.00274266 3761.94 0.00069486 1 -0.0502393 -0.106485 0.05 33637.1
0 3697 3 phononL 0.000491724 1.1864 0.0200448 0.049999 11961.4 0.00034743 1 0.10931 -0.230567 0.05 19575.4
0 3704 3 phononTS 0.00150987 -1.74416 -3.74616 -0.020296 11575.9 0.00069486 1 -0.044544 -0.229946 0.05 18692.3
0 3704 4 phononTF 0.000458974 -0.044544 -0.229946 0.049999 18692.3 0.00034743 1 -0.015201 -0.222537 0.05 18872.8
0 3715 4 phononTS 0.00184275 -4.65233 -2.85843 0.0182914 15808.3 0.00069486 1 0.0893554 -0.131321 0.05 30121.3
0 3717 2 phononTS 0.00235349 -1.28817 -3.25766 0.0307934 31.3898 0.00034743 1 0.0689206 -0.113506 0.05 5611.27
0 3758 3 phononTS 0.00224318 -1.15641 -3.38887 -0.0495738 177.812 0.00034743 1 -0.0803331 -0.145335 0.05 51682.1
0 3758 4 phononTS 0.000622122 -0.0803331 -0.145335 0.049998 51682.1 0.00034743 1 -0.0427452 -0.29087 0.05 51773.4
0 3770 3 phononTS 0.00256204 -0.462426 -3.78433 -0.0320851 5296.05 0.00069486 1 0.111288 -0.199253 0.05 11588.4
0 3779 3 phononTS 0.00188916 -3.23491 -1.54155 -0.0272779 21404.5 0.00104229 1 0.0214375 -0.228039 0.05 30330.5
0 3780 2 phononTS 0.00260744 -1.72219 -2.20314 -0.0018513 3327.48 0.00104229 1 -0.0416846 -0.149995 0.05 27663.3
0 3802 2 phononTS 0.00210318 -0.819873 -1.6953 -0.0461293 5935.61 0.00069486 1 -0.080125 -0.123788 0.05 152472
0 3805 5 phononTS 0.00117568 -0.792845 -2.87719 0.0249441 1254.98 0.00034743 1 0.0614929 -0.189902 0.05 4867.41
0 3807 3 phononTS 0.00184199 -1.4038 -2.71202 0.0284356 602.271 0.00034743 1 -0.0390921 -0.102088 0.05 30860.2
0 3807 5 phononTF 0.00119435 -0.0390921 -0.102088 0.049999 30860.2 0.00034743 1 -0.041631 -0.127005 0.05 30918.7
0 3807 11 phononTS 0.000819784 -0.041631 -0.127005 0.049999 30918.7 0.00069486 1 0.0275628 -0.182005 0.05 30994.3
0 3816 3 phononTF 0.00200181 -0.706062 -3.18708 -0.000275625 2897.88 0.00034743 1 0.0341767 -0.248348 0.05 13249.6
0 3816 5 phononTS 0.00115709 0.0341767 -0.248348 0.049999 13249.6 0.00034743 1 -0.0569616 -0.172058 0.05 13457.8
0 3816 4 phononTF 0.000370101 0.0341767 -0.248348 0.049999 13249.6 0.00034743 1 0.0606007 -0.111658 0.05 13326.7
0 3829 2 phononL 0.00211153 -1.70748 -2.50538 0.0286091 2051.35 0.00034743 1 0.0419014 -0.164003 0.05 28888.1
0 3829 5 phononTS 0.00102809 0.0419014 -0.164003 0.049999 28888.1 0.00034743 1 -0.100524 -0.257594 0.05 28980.3
0 3836 2 phononTS 0.00156335 -1.32736 -4.21139 0.0421068 32188.5 0.00104229 1 0.117405 -0.186232 0.05 51772.1
0 3897 2 phononTS 0.00230351 -1.69677 -3.73772 -0.0241305 2175.58 0.00138972 1 -0.0869247 -0.204702 0.05 68308.7
0 3909 2 phononTF 0.00197672 -2.47556 -4.05812 0.0252927 4079.19 0.00069486 1 0.108547 -0.197755 0.05 76517.9
0 3914 3 phononTS 0.00142234 -2.14188 -3.29946 -0.0405833 1712.54 0.00069486 1 0.080122 -0.20208 0.05 18082.3
0 3958 3 phononL 0.00196281 -1.62947 -4.88032 0.0202562 12392.1 0.00034743 1 0.0971608 -0.242648 0.05 28471.9
0 3966 3 phononL 0.00206001 -1.36425 -3.1009 0.00838291 74.121 0.00034743 1 -0.0881707 -0.134746 0.05 44772.4
0 3966 4 phononL 0.00114178 -0.0881707 -0.134746 0.049999 44772.4 0.00034743 1 0.109019 -0.172377 0.05 45749.1
0 3988 2 phononL 0.00212568 -1.64558 -4.01347 0.0495906 17841 0.00034743 1 -0.0857646 -0.233476 0.05 35359.9
0 4023 2 phononTS 0.0018895 -1.16998 -3.61319 0.0012602 416.539 0.00034743 1 0.0731878 -0.208024 0.05 19001.8
0 4027 3 phononL 0.00130699 -1.09822 -3.58653 0.0136411 16202.2 0.00069486 1 -0.0600787 -0.197033 0.05 112623
0 4027 15 phononTF 0.00182668 -4.55331 -4.39253 0.017473 55936.3 0.00034743 1 0.0622859 -0.244847 0.05 59510
0 4038 2 phononTF 0.00237756 -2.96098 -2.71253 0.0351117 5280.33 0.00069486 1 0.0579998 -0.253115 0.05 45593.8
0 4038 7 phononTS 0.00113743 0.0579998 -0.253115 0.049999 45593.8 0.00034743 1 -0.0493063 -0.161892 0.05 45681.1
0 4047 3 phononTS 0.00166367 -2.53181 -2.80827 0.0428416 10285.7 0.00069486 1 -0.0612604 -0.29678 0.05 21021.5
0 4070 3 phononTS 0.00206178 -0.520192 -2.7809 0.0386852 5465.82 0.00034743 1 -0.0455832 -0.207618 0.05 7977.37
0 4107 3 phononTS 0.00168489 -0.910045 -2.90057 0.0250296 4749.38 0.00034743 1 0.0381338 -0.25058 0.05 29742.7
0 4117 1 phononTF 0.004 -1.25 -3.25 0 0 0.00069486 1 0.0415695 -0.204056 0.05 9628.52
0 4154 2 phononTS 0.00041218 -1.79637 -2.85593 0.0126196 320.254 0.00034743 1 -0.0544746 -0.134862 0.05 10132
0 4171 2 phononTS 0.000887205 -1.46346 -3.20153 0.0460331 374.538 0.00034743 1 -0.113329 -0.17673 0.05 11997.1
0 4223 3 phononTS 0.00133794 -0.935652 -3.13187 -0.0305708 438.383 0.00034743 1 0.0515379 -0.114015 0.05 40442.2
0 4245 4 phononTF 0.00127568 0.242215 -3.55258 0.0358695 13101 0.00034743 1 -0.0428927 -0.150229 0.05 56153.4
0 4255 2 phononTF 0.000600237 -1.08426 -3.81817 0.00543811 334.262 0.00034743 1 0.0918244 -0.207759 0.05 50358.8
0 4280 2 phononTF 0.00123187 -0.622365 -3.33258 0.0336728 6809.39 0.00034743 1 0.0525043 -0.172119 0.05 26159.3
0 4296 3 phononTF 0.00175471 -1.24986 -3.45353 -0.0293196 606.568 0.00069486 1 0.0621725 -0.187891 0.05 30804.4
0 4303 2 phononTS 0.000557769 0.487103 -3.66963 -0.0225804 15924.2 0.00034743 1 -0.0526561 -0.215626 0.05 19749.8
0 4311 3 phononTS 0.00196796 -0.351719 -4.86182 -0.0203658 27798.3 0.00069486 1 0.0515367 -0.22928 0.05 37965.3
0 4311 7 phononTF 0.000893565 0.0515367 -0.22928 0.049999 37965.3 0.00034743 1 0.0478057 -0.137258 0.05 38028.5
0 4331 2 phononTF 0.00217044 -0.428281 -4.80779 -0.0126148 8723.68 0.00104229 1 0.0690312 -0.200707 0.05 49342.1
0 4336 2 phononTF 0.00112218 0.819611 -1.09274 -0.0420942 8556.62 0.00034743 1 -0.0735237 -0.192449 0.05 56172.8
0 4342 3 phononTF 0.00218182 -1.21985 -3.82724 -0.0435044 564.715 0.00069486 1 -0.070879 -0.257197 0.05 31773.4
0 4399 3 phononTS 0.0012363 -1.54779 -2.92914 0.0182155 10643 0.00034743 1 -0.0731633 -0.174362 0.05 40108.9
0 4403 3 phononTS 0.00203396 -3.66665 -4.35107 0.0188297 7570.72 0.00034743 1 0.081486 -0.271236 0.05 44032.3
0 4403 4 phononTS 0.000952376 0.081486 -0.271236 0.049999 44032.3 0.00034743 1 -0.0530632 -0.117314 0.05 49346.3
0 4406 2 phononTF 0.00208407 -1.22628 -3.82759 0.0159007 2001.84 0.00104229 1 -0.0310378 -0.259888 0.05 28676.2
0 4413 5 phononL 0.00190046 -1.28649 -4.13697 -0.0118986 9668.1 0.00034743 1 -0.119994 -0.186825 0.05 50333.3
0 4425 2 phononTS 0.00199597 -1.31707 -3.42282 0.0150244 80.3596 0.00069486 1 0.0466206 -0.243444 0.05 61975
0 4526 3 phononTS 0.00238059 -1.09252 -2.85602 0.0446248 491.119 0.00069486 1 0.0401476 -0.141311 0.05 16112
0 4530 3 phononTF 0.00234908 -1.17738 -2.28627 -0.0356491 377.242 0.00034743 1 -0.0874384 -0.204975 0.05 16622.9
0 4538 4 phononTS 0.000540814 -4.55034 -0.327864 0.0342257 31416.1 0.00034743 1 0.106871 -0.241008 0.05 67062.8
0 4545 4 phononTS 0.00100591 -0.83432 -0.526976 0.0371784 12627.6 0.00034743 1 -0.0635004 -0.132516 0.05 13481.1
0 4555 3 phononL 0.00305371 -1.33209 -3.20477 0.0442564 52.8062 0.00138972 1 0.0700987 -0.248541 0.05 9336.57
0 4588 6 phononTS 0.00162474 -3.38518 1.43602 -0.0218013 29561.7 0.00069486 1 0.01406 -0.183419 0.05 39342.2
0 4649 2 phononL 0.0030868 -0.272496 -2.26654 0.0343189 10458.9 0.00138972 1 0.108135 -0.153726 0.05 23141.9
0 4655 2 phononL 0.00239496 -0.310943 -2.6615 -0.0273644 3075.95 0.00069486 1 -0.0606106 -0.275863 0.05 15716.8
0 4705 2 phononTS 0.00191214 0.521593 -2.30848 0.030071 13483.6 0.00034743 1 -0.089988 -0.143625 0.05 88448.3
0 4705 8 phononTS 0.000825419 -0.089988 -0.143625 0.049999 88448.3 0.00034743 1 -0.0262626 -0.194993 0.05 88518.3
0 4716 2 phononTS 0.00176451 -2.91561 -1.79467 0.0342615 4292.56 0.00034743 1 0.0499855 -0.123343 0.05 37521.5
0 4716 4 phononTS 0.000884851 0.0499855 -0.123343 0.049999 37521.5 0.00034743 1 -0.0856602 -0.122847 0.05 37670.4
0 4723 3 phononTF 0.00209772 -1.14601 -4.23312 -0.000724579 2799.87 0.00069486 1 0.0959174 -0.152157 0.05 9656.63
0 4723 2 phononTS 0.00190228 -1.14601 -4.23312 -0.000724579 2799.87 0.00034743 1 0.0588319 -0.23268 0.05 8370.27
0 4782 2 phononTF 0.0018161 -2.17642 -0.779507 0.015751 7699.57 0.00034743 1 -0.0981927 -0.144768 0.05 10766.9
0 4884 3 phononTF 0.00242841 -0.516525 -2.46472 -0.0184309 3389.56 0.00034743 1 -0.0968103 -0.132745 0.05 15700
0 4910 5 phononTS 0.00197013 -1.0866 -0.364947 -0.0183108 62974.1 0.00034743 1 0.0193278 -0.250778 0.05 64559.3
0 4910 4 phononTS 0.000578542 -1.0866 -0.364947 -0.0183108 62974.1 0.00034743 1 0.04632 -0.106093 0.05 142118
0 4952 2 phononTS 0.001182 -2.46379 -3.15871 0.00953135 1416.5 0.00034743 1 -0.0590861 -0.271296 0.05 27645.4
0 4957 3 phononTF 0.00123104 1.45295 -2.44274 -0.0270435 21401.7 0.00034743 1 0.0982174 -0.151751 0.05 39466.1
