Run ID,Event ID,Track ID,Particle Name,Start Energy [eV],Start X [mm],Start Y [mm],Start Z [mm],Start Time [ns],Energy Deposited [eV],Track Weight,End X [mm],End Y [mm],End Z [mm],Final Time [ns],Volume Name
0 1 4 phononTF 0.00120508 3.81275 -4.15507 0.0327131 33565.6 0.00069486 1 -0.0303928 -0.145868 0.05 126660
0 4 2 phononTS 0.00212829 4.64064 -2.1038 -0.017506 1361.49 0.00034743 1 0.0553861 -0.288841 0.05 12267.1
0 8 4 phononTS 0.00163474 4.32223 -0.893381 -0.0285904 10076.5 0.00034743 1 -0.0138001 -0.209183 0.05 92978.5
0 12 3 phononL 0.00301146 4.62557 -1.97869 -0.0104236 4538.91 0.00034743 1 -0.0590855 -0.29261 0.05 17526.2
0 37 4 phononTF 0.000996501 -1.03175 0.00198486 -0.0225152 49024.9 0.00034743 1 0.0785395 -0.184747 0.05 50968.1
0 55 7 phononTS 0.00113723 0.610042 1.19353 0.00111675 38200.2 0.00034743 1 0.0703082 -0.136171 0.05 67931.6
0 55 2 phononTS 0.0015655 3.76381 -1.64908 -0.0469081 2366.43 0.00034743 1 -0.0872627 -0.261291 0.05 36104.5
0 92 5 phononTS 0.00156353 3.00003 -0.609214 0.0243272 11407.8 0.00069486 1 -0.0936693 -0.25255 0.05 34464.3
0 102 4 phononTF 0.000889776 4.16811 -4.46574 -0.0340938 23955.6 0.00034743 1 0.0949194 -0.136892 0.05 31564.9
0 158 3 phononTS 0.000446131 2.62547 0.0670067 0.049999 6663.11 0.00034743 1 0.0943463 -0.139175 0.05 24086.9
0 231 5 phononTS 0.00102615 -1.11805 -0.22538 -0.0437099 18264 0.00069486 1 0.0873668 -0.133593 0.05 18937.6
0 243 2 phononTF 0.00223338 4.7453 -1.01025 0.0160718 289.122 0.00104229 1 -0.0447096 -0.197448 0.05 14580.9
0 246 2 phononTF 0.0023325 4.357 -1.00699 -0.0363731 475.427 0.00069486 1 0.0652366 -0.176549 0.05 60721.4
0 275 3 phononTS 0.00193717 4.89518 -0.99268 -0.0498349 1949.48 0.00069486 1 -0.0441829 -0.300369 0.05 37750.2
0 284 4 phononL 0.0004308 2.56577 -0.113964 0.0341262 5955.93 0.00034743 1 -0.0689958 -0.186635 0.05 24821
0 320 4 phononTS 0.000816488 4.092 -2.598 0.0179092 18396.9 0.00034743 1 -0.0258949 -0.196967 0.05 39426.9
0 354 2 phononTS 0.00224327 4.30464 -1.34686 -0.0359526 1729.37 0.00069486 1 -0.077611 -0.279463 0.05 29278.8
0 356 3 phononTS 0.00195412 4.78487 -1.23191 -0.0408848 37.9437 0.00069486 1 -0.0298546 -0.10019 0.05 30942.5
0 356 7 phononTF 0.000588334 -0.0298546 -0.10019 0.049999 30942.5 0.00034743 1 -0.0365115 -0.21547 0.05 31014
0 357 2 phononTS 0.00199979 4.55424 -1.09829 0.0341709 269.635 0.00034743 1 0.0649259 -0.247741 0.05 4252.63
0 357 5 phononTS 0.000485616 0.0649259 -0.247741 0.049999 4252.63 0.00034743 1 0.0317629 -0.113124 0.05 4396.34
0 364 3 phononTF 0.00105347 4.70821 -1.46075 -0.00770228 2173.86 0.00034743 1 0.10412 -0.164352 0.05 28057.9
0 378 6 phononTS 0.000714284 2.29358 3.56887 0.0411965 31636.4 0.00034743 1 -0.101183 -0.201557 0.05 79224.7
0 416 4 phononTF 0.000848041 4.89343 0.0405139 0.049999 3761.62 0.00034743 1 0.074018 -0.201961 0.05 64587.7
0 416 5 phononL 0.000461864 0.074018 -0.201961 0.049999 64587.7 0.00034743 1 -0.0300397 -0.125993 0.05 64637
0 452 2 phononTF 0.00241381 4.65824 -1.24782 -0.0430577 2234.18 0.00104229 1 -0.0941451 -0.22195 0.05 24143.2
0 479 2 phononL 0.00104906 3.73382 -1.64356 -0.0468898 5004.48 0.00069486 1 -0.0857949 -0.278121 0.05 28661
0 487 2 phononTF 0.00171193 4.20746 -1.69564 0.0399353 6147.67 0.00069486 1 0.0224474 -0.222841 0.05 54884.8
0 489 4 phononTF 0.00120946 4.80461 0.430939 -0.0259774 10218.8 0.00069486 1 0.112495 -0.182537 0.05 92550.1
0 507 2 phononTS 0.000729061 3.9912 -1.12593 -0.00470808 1973.79 0.00034743 1 -0.0937388 -0.147478 0.05 11542.2
0 511 3 phononTF 0.0029805 2.82391 -0.447933 -0.00967288 6499.23 0.00069486 1 -0.0852119 -0.185308 0.05 10199.7
0 558 4 phononTS 0.00171702 3.42994 0.944583 -0.0152943 7194.42 0.00069486 1 0.0959454 -0.252603 0.05 10281.8
0 568 2 phononL 0.000841259 4.29262 0.01446 0.049999 4570.69 0.00034743 1 -0.093531 -0.216525 0.05 8879.58
0 581 3 phononTS 0.00155603 4.95546 -1.00915 -0.00140816 314.748 0.00034743 1 -0.0835006 -0.272954 0.05 24184.4
0 611 3 phononTF 0.00183243 4.68433 -2.42403 -0.0441652 3444.1 0.00034743 1 -0.0853909 -0.251773 0.05 31013.5
0 634 2 phononTS 0.00247376 4.3953 -1.16658 0.0425638 4227.03 0.00034743 1 0.0353129 -0.225573 0.05 43026.5
0 634 7 phononTS 0.000483252 0.0353129 -0.225573 0.049999 43026.5 0.00034743 1 0.0293902 -0.101723 0.05 43496.3
0 763 2 phononTF 0.000636955 4.76398 -1.27001 0.0358033 21.02 0.00034743 1 0.028482 -0.207501 0.05 65412.8
0 871 4 phononTS 0.000611407 4.10824 -2.74673 -0.031494 79524.6 0.00034743 1 -0.041149 -0.170625 0.05 111407
0 888 4 phononL 0.0014205 4.65632 -2.15595 -0.0217344 3059.38 0.00034743 1 0.0785752 -0.258242 0.05 30590.5
0 888 6 phononTS 0.000737664 0.0785752 -0.258242 0.049999 30590.5 0.00069486 1 0.0928434 -0.250013 0.05 30873.1
0 894 5 phononTF 0.0005453 4.82652 0.0867842 0.049999 1036.32 0.00034743 1 0.0519553 -0.0974093 0.05 20143.1
0 945 3 phononTF 0.00199448 4.99255 -1.57699 -0.00589825 1980.54 0.00034743 1 0.10538 -0.146049 0.05 48806.8
0 958 3 phononL 0.00195666 4.2566 -2.10137 0.0304467 4530.74 0.00069486 1 0.0546909 -0.197658 0.05 59187.5
0 972 2 phononTF 0.00183332 3.09926 -1.89395 -0.0457415 13081.3 0.00069486 1 -0.0585585 -0.220382 0.05 68413.2
0 988 3 phononTS 0.00214109 4.92594 -1.08504 0.0133231 1079.69 0.00104229 1 0.0305294 -0.295838 0.05 17950.5
0 1002 3 phononL 0.00214249 2.48298 -2.63144 -0.00843243 5343.78 0.00034743 1 -0.0586752 -0.123146 0.05 8040.1
0 1002 4 phononTS 0.000509366 -0.0586752 -0.123146 0.049999 8040.1 0.00034743 1 -0.0555427 -0.168612 0.05 8115.8
0 1040 2 phononTF 0.00231783 4.61757 -0.805479 -0.0321167 3140.25 0.00069486 1 -0.0956634 -0.230945 0.05 25997.4
0 1046 4 phononL 0.0013246 3.74093 -1.13352 -0.0435459 3307.34 0.00034743 1 0.0613421 -0.247995 0.05 118162
0 1076 3 phononL 0.00157632 4.25236 -1.69424 -0.0270084 5857.9 0.00034743 1 -0.0962766 -0.165769 0.05 20558.4
0 1095 3 phononTS 0.00110656 4.43547 -0.523435 0.00421771 2037.98 0.00069486 1 0.0266569 -0.25676 0.05 6763.01
0 1096 4 phononTS 0.00240029 2.03178 -0.346767 0.0380664 8137.14 0.00034743 1 -0.0525355 -0.135051 0.05 22055.3
0 1096 6 phononTS 0.00170873 -0.0525355 -0.135051 0.049999 22055.3 0.00034743 1 -0.03876 -0.140887 0.05 22583.2
0 1162 5 phononTF 0.00056595 3.82567 0.0878266 0.049999 3439.9 0.00034743 1 -0.0390339 -0.148014 0.05 112175
0 1163 2 phononTS 0.000407569 4.89912 -0.00664037 0.049999 5228.02 0.00034743 1 0.117268 -0.218628 0.05 95957.1
0 1166 5 phononL 0.00168476 2.69801 -1.46318 -0.0160132 19310.2 0.00069486 1 0.034809 -0.181315 0.05 51025.3
0 1201 2 phononTS 0.00218765 4.46316 -1.02904 0.0284302 4532.4 0.00034743 1 -0.0506319 -0.174165 0.05 40660
0 1201 4 phononTS 0.00161615 -0.0506319 -0.174165 0.049999 40660 0.00069486 1 -0.0221708 -0.227042 0.05 40729.1
0 1231 3 phononTF 0.00159308 3.03667 -2.04433 -0.0351599 3788.73 0.00069486 1 0.077013 -0.142141 0.05 27144.7
0 1232 5 phononTS 0.00199158 3.0471 -0.11023 -0.00325662 10452.1 0.00104229 1 -0.0687938 -0.182573 0.05 100845
0 1233 7 phononTS 0.00158561 -3.09042 -2.92633 -0.0441501 15023.1 0.00069486 1 0.0476404 -0.140389 0.05 27839.8
0 1306 2 phononL 0.00287473 4.88536 -1.0126 0.00376626 4627.61 0.00069486 1 -0.0688764 -0.255601 0.05 23754.9
0 1306 8 phononTS 0.000351701 -0.0688764 -0.255601 0.049999 23754.9 0.00034743 1 -0.0392465 -0.200682 0.05 23905.9
0 1306 6 phononTF 0.000759988 -0.0688764 -0.255601 0.049999 23754.9 0.00034743 1 0.0481877 -0.297235 0.05 23899.1
0 1306 4 phononTS 0.000600949 -0.0688764 -0.255601 0.049999 23754.9 0.00034743 1 -0.0616385 -0.168563 0.05 23906.8
0 1326 4 phononTF 0.000639511 4.34604 0.0821308 0.049999 1696.38 0.00034743 1 0.0203446 -0.253002 0.05 14888.9
0 1341 2 phononTS 0.00139106 3.90578 -1.27865 -0.0205611 10407.4 0.00034743 1 -0.0834059 -0.249577 0.05 36521.9
0 1341 7 phononTS 0.000866293 -0.0834059 -0.249577 0.049999 36521.9 0.00034743 1 -0.0791124 -0.282377 0.05 37047.8
0 1364 4 phononTS 0.00111612 4.02833 -2.09007 -0.014301 11645.7 0.00069486 1 0.0628606 -0.219433 0.05 128096
0 1365 2 phononTF 0.00144636 4.35954 -3.34995 -0.0418291 4581.49 0.00034743 1 -0.0218608 -0.140547 0.05 13097.9
0 1379 3 phononTF 0.00224771 3.44857 -0.251236 -0.0306622 4539.27 0.00069486 1 0.0550147 -0.1285 0.05 18346.6
0 1432 3 phononTS 0.00261121 2.98628 -2.00015 0.0394393 8534.62 0.00104229 1 0.0754495 -0.147373 0.05 23741.4
0 1461 3 phononTS 0.00193381 3.88467 -2.34034 -0.0123819 4870.9 0.00104229 1 -0.0891803 -0.210482 0.05 93204.9
0 1503 3 phononTF 0.00175731 4.84688 -2.38932 -0.0415403 2427.42 0.00034743 1 -0.0247125 -0.134388 0.05 16681.1
0 1560 3 phononTS 0.00227435 4.43011 -0.496941 -0.0239029 3285.16 0.00034743 1 -0.0593503 -0.222 0.05 123207
0 1602 2 phononL 0.00131505 4.98937 -0.183708 -0.013724 5239.49 0.00034743 1 -0.119124 -0.206259 0.05 38126.6
0 1609 2 phononTS 0.00199677 4.66322 -1.79237 0.0497598 3492.13 0.00034743 1 0.0970431 -0.231198 0.05 51674.5
0 1632 2 phononTS 0.0017693 4.89371 -1.42825 0.0232627 372.717 0.00034743 1 0.0329127 -0.140201 0.05 29900.4
0 1665 5 phononTS 0.00175835 3.2286 0.301989 0.0133223 15083.5 0.00104229 1 0.0847893 -0.122991 0.05 34600.4
0 1708 3 phononTF 0.00209513 4.86577 -1.493 0.0082228 117.553 0.00034743 1 -0.0705644 -0.199353 0.05 17650.9
0 1708 4 phononTS 0.000451668 -0.0705644 -0.199353 0.049999 17650.9 0.00034743 1 -0.0597812 -0.182475 0.05 17766.8
0 1747 2 phononTS 0.00164704 4.64987 -0.834146 0.0144767 733.678 0.00034743 1 -0.103146 -0.195741 0.05 3573.04
0 1794 2 phononTF 0.00116185 4.31166 -2.38323 0.0421359 5664.46 0.00034743 1 -0.0538777 -0.177346 0.05 44808.4
0 1802 2 phononTF 0.00226807 3.49107 -1.86744 0.0152587 6040.76 0.00104229 1 0.0617458 -0.270586 0.05 26880.2
0 1823 2 phononTS 0.00235313 4.82963 -0.686581 0.00646347 3560.36 0.00034743 1 -0.0445548 -0.111482 0.05 72019.8
0 1823 5 phononTS 0.000661142 -0.0445548 -0.111482 0.049999 72019.8 0.00034743 1 -0.035575 -0.0956887 0.05 72080.3
0 1859 4 phononTF 0.00178224 4.91806 -3.74561 0.0263701 6220.84 0.00034743 1 -0.0878428 -0.154863 0.05 54076.9
0 1871 3 phononTF 0.00116793 2.84869 -2.49731 0.0288108 17484.2 0.00034743 1 -0.0678858 -0.130533 0.05 36039.5
0 1873 2 phononTF 0.00242687 4.7888 -1.28234 0.0434798 1443.41 0.00069486 1 -0.10026 -0.204324 0.05 32646.4
0 1873 4 phononTS 0.00134858 -0.10026 -0.204324 0.049998 32646.4 0.00034743 1 -0.0690155 -0.206711 0.05 32926.7
0 1882 3 phononTS 0.00242494 4.38023 -0.253211 -0.0350501 17854.4 0.00069486 1 0.0340188 -0.215722 0.05 31728.2
0 1882 8 phononTS 0.000604304 0.0340188 -0.215722 0.049999 31728.2 0.00034743 1 0.0314459 -0.277447 0.05 31876.1
0 1883 2 phononTF 0.00206669 4.63879 -1.69113 0.0137117 1079.08 0.00034743 1 -0.0380297 -0.254135 0.05 55655.3
0 1883 4 phononTS 0.00101387 -0.0380297 -0.254135 0.049999 55655.3 0.00034743 1 -0.025997 -0.261225 0.05 55715.9
0 1937 3 phononTF 0.00298757 2.28988 -1.66688 0.00536117 4529.09 0.00069486 1 0.0989996 -0.210795 0.05 10528.8
0 1937 7 phononTF 0.00055054 0.0989996 -0.210795 0.049999 10528.8 0.00034743 1 0.0778051 -0.166142 0.05 10588.5
0 2009 3 phononTF 0.00164343 1.63833 -0.926761 -0.002963 12753 0.00034743 1 -0.109624 -0.189078 0.05 15456.9
0 2009 4 phononL 0.000896727 -0.109624 -0.189078 0.049999 15456.9 0.00034743 1 -0.0564614 -0.224197 0.05 15979.9
0 2023 2 phononTS 0.00132781 4.99898 -2.37674 -0.00706283 2598.75 0.00069486 1 0.0844818 -0.200883 0.05 25997.1
0 2049 3 phononTS 0.00223818 4.31474 -3.38852 -0.00358259 8410.88 0.00034743 1 -0.077054 -0.208848 0.05 40713.5
0 2049 5 phononTF 0.000675962 -0.077054 -0.208848 0.049998 40713.5 0.00034743 1 -0.0318441 -0.187751 0.05 40773.3
0 2049 4 phononTF 0.000499086 -0.077054 -0.208848 0.049998 40713.5 0.00034743 1 -0.0899351 -0.149543 0.05 40785.2
0 2074 5 phononL 0.000704493 2.5463 2.17851 -0.0285718 12640.1 0.00034743 1 -0.093914 -0.234684 0.05 16787.6
0 2081 2 phononTF 0.0019918 4.83646 -1.37114 0.0289881 221.952 0.00069486 1 0.0262444 -0.13643 0.05 27652.7
0 2095 2 phononTF 0.00240095 3.35989 -0.690964 -0.0404215 4569.1 0.00069486 1 0.0296789 -0.116924 0.05 33675.9
0 2095 9 phononTS 0.00059305 0.0296789 -0.116924 0.049999 33675.9 0.00034743 1 -0.0885704 -0.128475 0.05 35677
0 2107 5 phononTF 0.0011298 2.47156 -2.94088 0.00544021 32536.9 0.00034743 1 -0.0879182 -0.140624 0.05 88649.1
0 2113 2 phononTF 0.00149214 4.82139 -1.24099 -0.0218919 1714.95 0.00034743 1 0.0717026 -0.214034 0.05 33985.2
0 2140 4 phononTF 0.000946884 3.17284 -4.11075 -0.0303158 34259.8 0.00034743 1 -0.0296058 -0.249338 0.05 50958.9
0 2162 5 phononL 0.00116135 1.44111 0.602653 -0.00233472 48419.7 0.00034743 1 -0.0595421 -0.239233 0.05 50569.6
0 2199 3 phononL 0.00152815 4.80205 -1.17861 -0.00991264 91.3622 0.00034743 1 0.033433 -0.183742 0.05 24163.7
0 2199 11 phononL 0.00109717 0.627934 -1.13616 0.0183608 16865.9 0.00034743 1 -0.0458363 -0.272237 0.05 22013.4
0 2209 3 phononTF 0.00213901 4.68305 -1.07141 -0.00296892 1256.46 0.00069486 1 -0.067878 -0.277578 0.05 27497.2
0 2233 3 phononTS 0.00132447 1.96489 -0.373516 0.0490555 6070.16 0.00034743 1 0.0442626 -0.276079 0.05 38212.1
0 2304 5 phononTF 0.00135151 0.683614 -0.36556 0.0450236 46799.3 0.00034743 1 0.112229 -0.221376 0.05 49184.2
0 2323 5 phononTS 0.000933626 4.85268 -1.26962 0.0130536 2588.64 0.00069486 1 0.0234501 -0.143265 0.05 52298.2
0 2328 5 phononTF 0.00172551 -0.766108 4.14072 0.00621936 46338.1 0.00069486 1 0.026028 -0.212009 0.05 64556.4
0 2361 4 phononTS 0.00228527 3.20535 -1.74337 -0.00181971 17819.6 0.00069486 1 -0.0863084 -0.139272 0.05 22856.8
0 2381 5 phononTF 0.000701958 4.8177 0.0353756 0.049999 3897.69 0.00034743 1 0.0209693 -0.261826 0.05 58311.5
0 2399 5 phononTS 0.00144058 4.92723 -1.06351 -0.0165073 11536.8 0.00034743 1 -0.116071 -0.211967 0.05 34113.7
0 2402 4 phononTF 0.000510405 -4.2389 -4.42314 -0.021093 58520.9 0.00034743 1 0.0383875 -0.097727 0.05 79844.4
0 2490 3 phononTF 0.00304405 4.95694 -1.11749 0.0376963 3104.05 0.00069486 1 0.0694404 -0.219531 0.05 12368.8
0 2508 3 phononTS 0.00193153 4.76489 -1.10323 0.0445641 74.7646 0.00034743 1 -0.0361378 -0.145309 0.05 11213.8
0 2546 3 phononTS 0.0014169 3.6838 -0.585928 -0.0241305 5902.31 0.00069486 1 0.0473732 -0.242906 0.05 11568.3
0 2546 5 phononTS 0.000562965 0.0473732 -0.242906 0.049999 11568.3 0.00034743 1 -0.103015 -0.143044 0.05 11664.7
0 2673 2 phononTF 0.00201802 4.3913 -1.11225 -0.0481238 1444.84 0.00034743 1 0.115163 -0.192114 0.05 6759.13
0 2692 7 phononTF 0.00131646 2.5582 -0.595792 -0.0491005 46319.4 0.00069486 1 0.0855603 -0.277447 0.05 61360.2
0 2751 2 phononTS 0.00223075 3.31871 -2.45682 0.00160044 6376.61 0.00034743 1 -0.0326615 -0.165746 0.05 47718.1
0 2767 3 phononTF 0.00174188 4.57181 -1.66091 0.00999782 2861.85 0.00069486 1 -0.0382913 -0.12554 0.05 14897.1
0 2767 2 phononL 0.00225812 4.57181 -1.66091 0.00999782 2861.85 0.00034743 1 0.0683474 -0.141747 0.05 21037.8
0 2810 3 phononTS 0.000445232 3.47504 0.0660835 0.049999 2870.27 0.00034743 1 -0.0467576 -0.207593 0.05 34981.3
0 2824 2 phononTS 0.00244919 4.68699 -1.17183 -0.0243254 1213.27 0.00104229 1 0.0860159 -0.161988 0.05 27341
0 2844 2 phononTS 0.00222292 4.78735 -1.28123 0.0321676 41.0591 0.00104229 1 0.0252622 -0.208434 0.05 19637
0 2846 4 phononTS 0.000889172 2.72641 -1.31247 -0.0118713 30849.3 0.00034743 1 0.0404306 -0.134202 0.05 99127.4
0 2852 4 phononTS 0.0012037 -0.757901 -0.755604 0.0400371 44561 0.00034743 1 0.0669124 -0.257983 0.05 87688.9
0 2871 4 phononTS 0.00110099 1.20739 2.98066 0.0299472 31475 0.00034743 1 -0.074657 -0.24556 0.05 164641
0 2875 2 phononTS 0.00093044 4.89704 -1.54017 0.0464915 2636.42 0.00034743 1 0.024524 -0.2336 0.05 8057.89
0 2884 4 phononTF 0.00083627 3.31918 0.0617049 0.049999 10201.3 0.00034743 1 -0.0511762 -0.260397 0.05 110455
0 2905 2 phononTF 0.00119421 4.70701 -1.74478 0.0465526 1451.77 0.00034743 1 -0.0241002 -0.258681 0.05 7560.89
0 2924 3 phononTF 0.00138551 4.43234 -1.37988 0.0113548 623.248 0.00069486 1 -0.0810254 -0.163929 0.05 29520.7
0 2976 2 phononL 0.00107918 4.69356 -1.23479 0.0499115 121.463 0.00034743 1 -0.0514844 -0.120795 0.05 69331.9
0 2991 2 phononTS 0.00229429 4.9278 -0.655667 -0.0399183 9392.06 0.00104229 1 -0.0980636 -0.229746 0.05 35672.3
0 2996 5 phononTF 0.000558285 -0.941712 4.40588 -0.0215431 36123.5 0.00034743 1 -0.0482201 -0.110294 0.05 48893.5
0 2999 2 phononTF 0.000958021 4.86942 -0.784592 0.0370161 2237.15 0.00034743 1 -0.0849919 -0.194578 0.05 50174.9
0 3001 4 phononTS 0.000741381 2.14599 -2.57382 -0.00195264 43869.3 0.00034743 1 0.0369856 -0.108061 0.05 54265.3
0 3087 5 phononTS 0.000636225 3.43173 -1.89176 0.0274779 12020 0.00034743 1 -0.0784773 -0.134056 0.05 46184.1
0 3107 3 phononTS 0.00229576 4.57608 -2.20795 -0.0256705 2280.62 0.00104229 1 0.0352152 -0.282366 0.05 55984.7
0 3114 3 phononTS 0.00211061 4.72127 -1.32963 0.0121451 16.9651 0.00069486 1 -0.106432 -0.25253 0.05 95851.7
0 3148 5 phononTS 0.000898154 -3.47097 -3.46826 0.0171021 24178.6 0.00034743 1 -0.0782252 -0.140612 0.05 37378
0 3175 2 phononL 0.00167039 4.97091 -1.72614 0.0439179 3113.18 0.00034743 1 -0.0758833 -0.139736 0.05 14133.3
0 3201 3 phononTS 0.00196987 4.86523 -0.848935 -0.0247349 497.269 0.00069486 1 -0.101689 -0.203785 0.05 2202.33
0 3206 2 phononTF 0.00162465 4.27624 -0.919479 0.0246987 1409.69 0.00034743 1 -0.0452002 -0.265911 0.05 13413.8
0 3206 4 phononTF 0.000460452 -0.0452002 -0.265911 0.049999 13413.8 0.00034743 1 0.0340405 -0.23206 0.05 13547.5
0 3269 2 phononTS 0.00170553 4.2639 -1.33913 -0.0275235 13219.4 0.00034743 1 0.0255496 -0.14933 0.05 70754.3
0 3272 4 phononTS 0.00105839 2.95312 -1.85857 0.0165802 10039.9 0.00034743 1 0.0434638 -0.223562 0.05 28412.5
0 3292 3 phononTS 0.00198234 4.71228 -1.15847 -0.00231615 568.857 0.00034743 1 -0.0407376 -0.250816 0.05 66529.9
0 3300 2 phononTS 0.00110793 3.96201 -1.14657 -0.0452828 4905.3 0.00034743 1 -0.0325747 -0.127354 0.05 32290.7
0 3300 7 phononTF 0.000378971 -0.0325747 -0.127354 0.049999 32290.7 0.00034743 1 0.104354 -0.180633 0.05 32478.6
0 3318 2 phononTS 0.000768055 3.85622 -0.00157183 0.049999 8022.23 0.00034743 1 -0.0300335 -0.144364 0.05 37530.4
0 3331 6 phononTF 0.000775908 2.87249 0.883408 -0.020741 7330.99 0.00034743 1 -0.0905586 -0.252439 0.05 47755
0 3372 2 phononTS 0.00146263 4.06046 -1.04783 0.0236215 10711.1 0.00034743 1 0.059839 -0.282898 0.05 20489.1
0 3402 5 phononTS 0.00034912 -3.31389 -1.94432 0.00277636 35249.8 0.00034743 1 0.097815 -0.15623 0.05 61315.1
0 3405 4 phononTS 0.000963948 1.16665 2.61131 -0.0362889 56501.3 0.00034743 1 0.0763253 -0.190212 0.05 202093
0 3428 4 phononTS 0.00101789 4.24932 -2.3432 -0.00788447 14738.6 0.00034743 1 0.0818047 -0.214485 0.05 101650
0 3429 3 phononTS 0.00078718 4.80477 0.00843557 0.049999 6180.32 0.00034743 1 -0.0464014 -0.242191 0.05 11658.5
0 3507 3 phononTS 0.00267 4.8794 -0.724264 -0.00143381 4074.04 0.00034743 1 -0.0802284 -0.12119 0.05 13452
0 3549 2 phononTS 0.00149785 4.87356 -0.928827 0.0273174 1074.75 0.00104229 1 0.0270108 -0.126857 0.05 79553.8
0 3609 2 phononTS 0.000853386 3.23151 0.0291457 0.049999 2316.96 0.00034743 1 0.0543685 -0.136899 0.05 9186.43
0 3612 5 phononTS 0.00169348 4.5471 0.926029 0.0179562 11869.6 0.00069486 1 -0.0443659 -0.246648 0.05 49394.9
0 3641 3 phononTS 0.001586 4.86876 -1.56245 -0.020517 1201.9 0.00034743 1 -0.0595767 -0.180526 0.05 8606.08
0 3645 2 phononL 0.00167703 4.72143 -1.27338 -0.0129588 7.24951 0.00034743 1 -0.0472208 -0.128995 0.05 79880
0 3714 3 phononTS 0.00182143 4.7451 -0.955208 0.0449971 510.629 0.00034743 1 -0.0447829 -0.151151 0.05 12914.8
0 3720 3 phononTF 0.00213093 3.47446 -1.56822 -0.037728 26844 0.00034743 1 -0.084816 -0.247548 0.05 38301.6
0 3723 3 phononTS 0.00184068 3.84435 -1.47725 -0.0485138 4074.72 0.00069486 1 -0.0953958 -0.264394 0.05 19395
0 3750 5 phononL 0.000944051 3.7172 -0.123427 0.0243239 10788.7 0.00069486 1 0.0247363 -0.134831 0.05 28377
0 3809 2 phononTS 0.00131742 4.29533 -0.791861 -0.0116062 4979.2 0.00069486 1 -0.0881557 -0.152585 0.05 36413
0 3811 2 phononTS 0.00152082 4.97145 -1.42804 0.00157723 4330.19 0.00069486 1 0.038557 -0.141664 0.05 32164
0 3827 3 phononL 0.00128972 4.84079 -1.49181 0.0211318 202.159 0.00034743 1 -0.0275938 -0.198194 0.05 37764
0 3871 2 phononTF 0.00275897 4.69096 -1.2871 0.048163 593.985 0.00104229 1 -0.0459385 -0.176115 0.05 73817.4
0 3885 3 phononL 0.00201868 4.15697 -1.69505 0.00663272 5608.33 0.00069486 1 -0.0931978 -0.144688 0.05 18597.5
0 3920 3 phononTF 0.00222364 4.37131 -0.313862 -0.0402392 8977.8 0.00034743 1 0.0407731 -0.231875 0.05 22151.5
0 3928 2 phononL 0.00232309 4.88901 -1.56455 -0.0101533 6310.17 0.00104229 1 -0.0672053 -0.276566 0.05 35988.5
0 3933 2 phononTS 0.00156811 4.83086 -1.88908 0.0360618 8875.19 0.00069486 1 -0.0669667 -0.164533 0.05 24500
0 3933 6 phononTF 0.000578374 -0.0669667 -0.164533 0.049999 24500 0.00034743 1 -0.0753621 -0.150395 0.05 24571.9
0 4033 2 phononTS 0.00137382 3.56425 -1.99707 0.039493 7340.11 0.00034743 1 0.0948707 -0.143614 0.05 31489.5
0 4047 3 phononL 0.000889227 2.66905 0.00772022 0.049999 5601.03 0.00034743 1 -0.0621591 -0.160032 0.05 24243
0 4074 2 phononTF 0.00141423 4.76534 -0.987041 -0.0205575 4203.35 0.00034743 1 -0.0319364 -0.272796 0.05 47247.7
0 4120 2 phononTS 0.00168693 4.07795 -1.23395 -0.0457675 1469.25 0.00069486 1 0.0571055 -0.163791 0.05 68057.1
0 4128 3 phononL 0.00175898 4.61865 -1.19343 0.0428328 2254.93 0.00104229 1 -0.0179141 -0.219739 0.05 5268.35
0 4150 3 phononTF 0.0019025 3.63155 -2.59719 0.011231 24159.2 0.00034743 1 -0.0256822 -0.27135 0.05 80672.3
0 4158 4 phononTS 0.00170794 0.350256 1.38602 0.0394209 11425.5 0.00034743 1 0.0512225 -0.238765 0.05 19350.1
0 4169 3 phononTF 0.00218795 3.89804 -0.381422 -0.0170878 3781.31 0.00069486 1 -0.0593589 -0.236345 0.05 17161.8
0 4172 4 phononTS 0.000457502 4.76316 0.0354292 0.049999 2808.75 0.00034743 1 -0.0760046 -0.213122 0.05 68386.4
0 4174 2 phononTS 0.0018844 4.10866 -0.355203 0.0365114 1749.51 0.00069486 1 -0.0949405 -0.259209 0.05 22780.3
0 4174 7 phononTF 0.00058894 -0.0949405 -0.259209 0.049999 22780.3 0.00034743 1 0.0894191 -0.179667 0.05 22969.3
0 4181 4 phononTS 0.00196675 3.49379 -1.8343 -0.00458892 10228.8 0.00069486 1 -0.0264579 -0.212176 0.05 26015.6
0 4203 3 phononTS 0.00227621 4.92868 -0.94656 0.00526457 7850.26 0.00069486 1 -0.0497572 -0.150285 0.05 26102.3
0 4204 3 phononTS 0.00204224 4.88329 -1.93474 -0.00968382 741.937 0.00069486 1 0.0443889 -0.231548 0.05 11378.2
0 4215 4 phononTS 0.00114546 2.2236 0.604035 -0.01228 15390.4 0.00034743 1 -0.0946034 -0.132953 0.05 48155.6
0 4233 2 phononTF 0.00254897 4.88598 -2.29588 0.00630889 18484.5 0.00069486 1 0.0680671 -0.138067 0.05 46904.2
0 4258 2 phononTF 0.00205627 4.08528 -1.32302 -0.0395696 2169.22 0.00034743 1 -0.0417635 -0.166116 0.05 55703.4
0 4268 2 phononTS 0.0015571 4.52993 -0.19752 0.0419005 7115.57 0.00034743 1 -0.0509947 -0.128181 0.05 15149.1
0 4343 2 phononTF 0.00193701 4.84275 -1.55666 -0.0345485 993.568 0.00069486 1 0.114406 -0.202734 0.05 13655.6
0 4343 4 phononTF 0.000556833 0.114406 -0.202734 0.049999 13655.6 0.00034743 1 -0.069863 -0.22026 0.05 112704
0 4420 2 phononTF 0.000561756 4.75726 0.0425471 -0.016399 3940.01 0.00034743 1 -0.0426115 -0.26445 0.05 7087.99
0 4421 2 phononTF 0.00194991 4.2763 -2.18917 -0.0438419 7618.44 0.00069486 1 0.105162 -0.200676 0.05 30161.2
0 4447 2 phononTF 0.00161518 4.39025 -3.065 8.0385e-05 5888.36 0.00034743 1 -0.04561 -0.109049 0.05 26621.7
0 4459 2 phononL 0.00147693 4.30915 -1.27488 -0.0098885 714.041 0.00069486 1 0.0369867 -0.159932 0.05 50390.3
0 4495 3 phononTF 0.00197196 4.13783 -1.72983 0.0429522 3985.78 0.00034743 1 0.0193538 -0.179172 0.05 19677.3
0 4507 3 phononL 0.00156879 4.6241 -1.52456 -0.011966 1610.37 0.00034743 1 0.030654 -0.117334 0.05 5251.57
0 4628 3 phononTF 0.00238627 4.59359 -1.52205 -0.00501047 808.354 0.00034743 1 -0.0290657 -0.174442 0.05 74786.2
0 4635 4 phononTS 0.000806188 1.3982 -0.0753204 -0.0108718 3589.65 0.00034743 1 0.084182 -0.195062 0.05 28195.5
0 4659 4 phononTF 0.000875169 -0.536687 -0.743887 0.0498029 24382.9 0.00069486 1 0.00828767 -0.198771 0.05 25142.7
0 4704 2 phononTF 0.000496306 4.57552 -1.63332 -0.0418467 596.962 0.00034743 1 -0.0282118 -0.128675 0.05 29837.6
0 4725 2 phononTS 0.00108095 4.62961 -1.90734 0.0288077 2320.58 0.00034743 1 0.0231409 -0.204597 0.05 43782.8
0 4725 7 phononL 0.000353964 0.0231409 -0.204597 0.049999 43782.8 0.00034743 1 0.0629575 -0.2515 0.05 43906.7
0 4726 2 phononL 0.00221452 4.40767 -1.25121 -0.021202 5986.79 0.00104229 1 -0.0573461 -0.172906 0.05 20371.7
0 4742 3 phononTS 0.0022148 4.66263 -1.34573 0.0480261 409.736 0.00034743 1 0.0225835 -0.140516 0.05 3888.19
0 4778 4 phononTF 0.00117756 -0.422871 -1.23024 0.0319062 27646.3 0.00034743 1 -0.0943293 -0.203317 0.05 50009.1
0 4789 3 phononTS 0.00258904 4.8137 -1.1969 0.0211498 2235.37 0.00104229 1 -0.0475052 -0.196833 0.05 28030
0 4816 3 phononTF 0.00184751 4.53919 -1.20502 -0.00123759 787.566 0.00104229 1 -0.0607213 -0.215529 0.05 58042.8
0 4885 3 phononTS 0.00210238 4.94046 -2.16625 0.024202 10558.5 0.00034743 1 0.0922508 -0.223526 0.05 15754.2
0 4890 2 phononTS 0.000558597 4.63807 -1.41464 -0.00377662 261.314 0.00034743 1 -0.0439914 -0.247914 0.05 165921
0 4898 3 phononTF 0.00195905 3.65476 -0.885474 0.0393617 3265.86 0.00034743 1 0.0274297 -0.123044 0.05 9668.46
0 4902 3 phononL 0.00187385 4.98805 -1.21929 -0.0208215 187.222 0.00069486 1 -0.102755 -0.153794 0.05 56346.7
