Run ID,Event ID,Track ID,Particle Name,Start Energy [eV],Start X [mm],Start Y [mm],Start Z [mm],Start Time [ns],Energy Deposited [eV],Track Weight,End X [mm],End Y [mm],End Z [mm],Final Time [ns],Volume Name
0 28 3 phononTS 0.00185342 1.69313 -2.68766 0.0109641 10798.6 0.00034743 1 0.0618191 -0.124828 0.05 93134.6
0 32 3 phononTS 0.00163246 3.90784 -1.21563 0.0391306 63.1519 0.00034743 1 0.0744777 -0.125871 0.05 27598.5
0 40 2 phononTF 0.00167417 4.81392 -0.567917 -0.0315324 11466.4 0.00034743 1 0.110388 -0.225081 0.05 21459.9
0 138 2 phononTF 0.00239615 3.82427 -2.10473 0.0323763 7682.84 0.00069486 1 0.10692 -0.230812 0.05 10458.9
0 151 2 phononTF 0.00193904 4.85107 -1.68534 0.0382905 13133.3 0.00034743 1 -0.0212131 -0.1741 0.05 52255.8
0 159 3 phononTF 0.00203831 3.88926 -0.98265 0.0200922 1708.22 0.00104229 1 -0.0751259 -0.11477 0.05 5339.13
0 208 5 phononL 0.00178689 2.14873 -0.391361 0.0420774 15554.2 0.00034743 1 -0.0405783 -0.129661 0.05 90895.1
0 232 3 phononTS 0.000551321 3.95559 0.0385833 0.049999 11379.1 0.00034743 1 -0.105483 -0.158799 0.05 47548.5
0 237 3 phononTS 0.00118583 4.00532 -0.790667 -0.000518596 599.331 0.00034743 1 0.0426437 -0.240298 0.05 48969.5
0 270 3 phononTS 0.00156248 3.6005 -1.24179 0.0248758 59.2921 0.00069486 1 0.0792498 -0.115103 0.05 14794.6
0 283 3 phononTS 0.00178875 4.23572 -1.06696 0.0226191 5656.29 0.00034743 1 0.0428268 -0.296984 0.05 15620.4
0 327 3 phononTF 0.00265623 3.81811 -1.33848 0.0367675 963.575 0.00034743 1 -0.0283845 -0.155105 0.05 18037.7
0 327 5 phononTS 0.00192739 -0.0283845 -0.155105 0.049998 18037.7 0.00034743 1 -0.032766 -0.206295 0.05 18395.4
0 327 15 phononTS 0.000671175 -0.032766 -0.206295 0.049999 18395.4 0.00034743 1 0.0260031 -0.2901 0.05 18473.7
0 356 3 phononTF 0.000776935 3.4536 -1.1242 -0.00162187 2750.56 0.00034743 1 -0.0513666 -0.258485 0.05 70341.9
0 382 5 phononL 0.0011391 -2.95875 -4.65421 -0.0148884 26534.9 0.00034743 1 -0.0152925 -0.207083 0.05 44260.6
0 390 3 phononL 0.00164702 2.88157 -0.640395 9.19752e-05 1550.24 0.00034743 1 -0.0261208 -0.162926 0.05 15489.2
0 403 3 phononTS 0.00205819 1.70981 -1.33045 0.0169015 7567.87 0.00104229 1 -0.0641605 -0.192834 0.05 13269.3
0 403 12 phononTS 0.000490461 -0.0641605 -0.192834 0.049999 13269.3 0.00034743 1 0.0218798 -0.156708 0.05 14062
0 488 2 phononL 0.000847189 3.01699 -0.00802037 0.049999 5517.1 0.00034743 1 0.0891961 -0.252127 0.05 14408.9
0 531 3 phononTF 0.00113637 1.89275 -2.15208 0.0389763 3719.11 0.00034743 1 0.0637783 -0.269347 0.05 9057.8
0 601 3 phononTS 0.00253644 1.52071 -1.37928 0.030097 11923.5 0.00034743 1 0.0993389 -0.270224 0.05 15006.8
0 601 6 phononTS 0.00190137 0.0993389 -0.270224 0.049999 15006.8 0.00034743 1 -0.0324367 -0.293161 0.05 15094.1
0 607 5 phononL 0.000831216 1.49327 -1.99063 -0.0161144 12648.5 0.00034743 1 -0.0163043 -0.198163 0.05 45833.1
0 629 5 phononTS 0.000707988 3.47232 0.0067043 0.049999 2445.9 0.00034743 1 -0.106615 -0.242926 0.05 88492.4
0 630 2 phononTF 0.00233281 3.72326 -1.22667 -0.00356624 6.68156 0.00069486 1 -0.0416187 -0.238399 0.05 9940.68
0 750 3 phononTS 0.00263524 4.21276 -0.815762 0.034748 13197.8 0.00069486 1 -0.0390185 -0.212541 0.05 69723.9
0 750 4 phononL 0.00053997 -0.0390185 -0.212541 0.049999 69723.9 0.00034743 1 0.0439896 -0.276618 0.05 69816.7
0 751 3 phononTS 0.00191008 4.52965 -2.50175 0.0153677 8325.68 0.00069486 1 0.0681933 -0.213573 0.05 18795.9
0 766 3 phononTS 0.00234405 3.84006 -1.33907 0.0428351 353.006 0.00069486 1 0.0465309 -0.295712 0.05 42482.6
0 777 5 phononTF 0.00254453 2.89556 3.21988 0.0392318 50267.5 0.00104229 1 -0.0323594 -0.19091 0.05 72288.1
0 804 2 phononTS 0.000934528 2.84083 -0.830879 -0.00321087 2959.85 0.00034743 1 -0.0534034 -0.202299 0.05 27585.3
0 826 2 phononTF 0.00270706 3.71747 -1.61762 0.022975 262.813 0.00104229 1 0.0226815 -0.163209 0.05 67194.9
0 827 5 phononL 0.00175234 -0.115796 -0.0623938 -0.0344926 9144.22 0.00104229 1 -0.120025 -0.213471 0.05 9232.45
0 845 7 phononTF 0.00244097 4.36089 -3.00235 -0.0341566 84204 0.00069486 1 0.0354402 -0.264497 0.05 111751
0 870 3 phononTS 0.00166015 4.89634 -1.78713 -0.0111092 4342.85 0.00034743 1 -0.0590983 -0.102038 0.05 76619.1
0 870 5 phononTS 0.000885229 -0.0590983 -0.102038 0.049999 76619.1 0.00034743 1 0.0837155 -0.177221 0.05 76770.5
0 870 12 phononTF 0.000509321 0.0837155 -0.177221 0.049999 76770.5 0.00034743 1 0.0248079 -0.193366 0.05 77154
0 876 4 phononTS 0.000954237 2.62666 4.87446 0.0363705 67959.9 0.00034743 1 0.0793434 -0.260994 0.05 83392.4
0 883 2 phononTF 0.00127513 4.9949 -1.10104 -0.0127696 5043.04 0.00034743 1 0.0491121 -0.278965 0.05 17881.2
0 893 4 phononTF 0.00118009 1.29449 -4.98985 0.0062487 37753.4 0.00034743 1 0.0302203 -0.179631 0.05 72613.9
0 904 3 phononTS 0.00261405 2.78956 -1.60434 0.0435681 2857.54 0.00069486 1 -0.0288263 -0.155751 0.05 11223
0 969 2 phononTS 0.00170378 2.15346 -0.934206 0.00365611 3822.72 0.00069486 1 -0.0900671 -0.25325 0.05 15083.4
0 974 4 phononTS 0.00064416 0.788581 0.677848 -0.0338174 50339.6 0.00034743 1 -0.0739114 -0.20284 0.05 61551.6
0 978 3 phononTF 0.00153146 4.46498 -2.61818 -0.0457889 5269.35 0.00069486 1 -0.0197098 -0.216868 0.05 73385.7
0 978 5 phononTS 0.00071238 -0.0197098 -0.216868 0.049999 73385.7 0.00034743 1 -0.0535307 -0.202067 0.05 73449.5
0 988 2 phononTS 0.00177037 3.63489 -1.23642 0.0402197 467.155 0.00034743 1 -0.0618163 -0.238871 0.05 42907.2
0 988 8 phononTF 0.000951452 -0.0618163 -0.238871 0.049999 42907.2 0.00034743 1 -0.0567208 -0.273731 0.05 42987.2
0 998 2 phononTS 0.000901045 3.76987 -1.45116 0.023998 575.681 0.00069486 1 0.117725 -0.198278 0.05 8790.27
0 1048 3 phononTS 0.00232753 2.62044 -0.598125 -0.0107132 3078.84 0.00034743 1 -0.0879011 -0.226463 0.05 11616.3
0 1048 5 phononTF 0.00139447 -0.0879011 -0.226463 0.049999 11616.3 0.00069486 1 -0.0848745 -0.165181 0.05 11677.2
0 1070 3 phononTS 0.000874846 4.59291 0.0663015 0.049998 2708.52 0.00034743 1 0.0578576 -0.292045 0.05 135783
0 1087 4 phononL 0.00104156 4.19813 -2.73733 -0.0065871 25389.5 0.00034743 1 0.019256 -0.230231 0.05 40309
0 1090 3 phononL 0.00243566 -0.0232192 -1.48261 -0.0369016 12232.5 0.00034743 1 0.0482593 -0.0985079 0.05 16775.8
0 1091 2 phononTF 0.00217711 4.38287 -0.551602 -0.0269051 2775.26 0.00069486 1 0.026976 -0.291476 0.05 13850
0 1143 4 phononTF 0.000785733 4.79447 0.0807831 0.049999 4361.81 0.00034743 1 -0.0960279 -0.177659 0.05 30899.9
0 1186 2 phononL 0.00240856 3.93777 -1.21579 -0.041897 469.696 0.00069486 1 0.0417078 -0.15903 0.05 16037.9
0 1186 4 phononL 0.0010083 0.0417078 -0.15903 0.049999 16037.9 0.00034743 1 0.105931 -0.22057 0.05 16149.8
0 1186 12 phononTS 0.000576709 0.105931 -0.22057 0.049999 16149.8 0.00034743 1 -0.0169254 -0.243257 0.05 16436.8
0 1222 3 phononTF 0.0016981 2.9752 -1.37128 0.0378099 8512.8 0.00104229 1 0.0295967 -0.156391 0.05 15026.7
0 1232 2 phononTS 0.000548872 3.79035 0.0253375 0.049999 12786.9 0.00034743 1 -0.0939044 -0.233599 0.05 38465.2
0 1255 7 phononTS 0.000880016 -4.8496 -0.482014 0.00530197 51581 0.00034743 1 -0.100567 -0.243017 0.05 69235.8
0 1275 2 phononTS 0.00145697 2.42951 -2.17753 -0.00868685 10279.4 0.00034743 1 0.0343514 -0.176571 0.05 38346.8
0 1342 3 phononTS 0.00238121 1.60698 -0.560131 -0.00027408 4038.56 0.00069486 1 -0.0425825 -0.236188 0.05 109889
0 1342 8 phononTS 0.00116453 -0.0425825 -0.236188 0.049999 109889 0.00069486 1 -0.082046 -0.252074 0.05 109954
0 1368 3 phononTS 0.00186778 3.46808 -1.14983 0.0171229 681.517 0.00034743 1 0.0452282 -0.14499 0.05 24831.2
0 1395 4 phononTF 0.000944406 2.3764 -0.687671 -0.0203237 3529.9 0.00034743 1 -0.115131 -0.229683 0.05 7833.94
0 1420 2 phononTS 0.00181731 3.42845 -1.22564 0.00885671 249.134 0.00034743 1 0.0198078 -0.194048 0.05 41470.7
0 1420 6 phononTF 0.000626426 0.0198078 -0.194048 0.049999 41470.7 0.00034743 1 -0.0893213 -0.173833 0.05 41592.5
0 1456 4 phononTF 0.000992801 0.767886 1.61351 -0.0198641 11618.6 0.00069486 1 -0.0862171 -0.235692 0.05 23924.9
0 1477 2 phononTS 0.00142296 2.67342 -2.15 -0.0494749 6810.48 0.00034743 1 0.0989662 -0.224028 0.05 28847.2
0 1477 6 phononTS 0.000496216 0.0989662 -0.224028 0.049998 28847.2 0.00034743 1 0.0868278 -0.184454 0.05 29097.8
0 1507 3 phononTS 0.00249768 3.13468 -1.32065 -0.033989 1901.78 0.00069486 1 0.0955326 -0.23171 0.05 11115.8
0 1507 8 phononTS 0.00098635 0.0955326 -0.23171 0.049999 11115.8 0.00034743 1 0.0922421 -0.22915 0.05 11173
0 1555 4 phononTS 0.000961904 -2.58745 3.58734 -0.0427649 42739.5 0.00034743 1 0.102298 -0.235089 0.05 76483.3
0 1592 2 phononL 0.00211061 4.00203 -1.18561 0.00972345 127.843 0.00034743 1 -0.0798106 -0.233555 0.05 28875.7
0 1608 2 phononTS 0.000385385 2.76036 0.0628896 0.049999 1928.9 0.00034743 1 -0.0778353 -0.257021 0.05 17191.8
0 1609 4 phononTS 0.00158538 1.89909 -1.38139 -0.0253064 27316.6 0.00034743 1 -0.0420813 -0.169623 0.05 70697.1
0 1610 3 phononTS 0.00179448 3.8754 -0.461161 0.0359772 2276.08 0.00069486 1 0.0388589 -0.146191 0.05 26196
0 1623 5 phononL 0.00125497 -2.85991 -1.24897 0.019267 72601.9 0.00034743 1 -0.0217379 -0.180545 0.05 107977
0 1632 2 phononTS 0.00187632 3.1856 -2.17324 -0.0380854 5364.55 0.00034743 1 0.0143664 -0.225965 0.05 34904.7
0 1632 4 phononTF 0.000930331 0.0143664 -0.225965 0.049999 34904.7 0.00034743 1 -0.077588 -0.17105 0.05 35042.8
0 1634 2 phononTS 0.00205432 1.00538 -1.45353 0.0356463 19353.2 0.00069486 1 -0.0847955 -0.142271 0.05 96205.8
0 1634 8 phononTS 0.000700366 -0.0847955 -0.142271 0.049999 96205.8 0.00034743 1 -0.0913454 -0.125809 0.05 96266.5
0 1645 5 phononTS 0.00143971 -4.82258 -2.59393 0.00828772 44290.4 0.00034743 1 -0.0610795 -0.282574 0.05 51758.5
0 1645 7 phononTS 0.000891737 -0.0610795 -0.282574 0.049999 51758.5 0.00034743 1 0.0255356 -0.181746 0.05 52327.9
0 1646 3 phononTF 0.00183662 2.71064 -1.21569 0.041281 3998.75 0.00034743 1 -0.0881524 -0.256153 0.05 5469.4
0 1647 3 phononTS 0.00175955 4.06714 -0.552354 -0.0301061 565.514 0.00034743 1 -0.0670105 -0.277736 0.05 4989.18
0 1649 5 phononL 0.00106724 3.49448 -2.49162 -0.0304764 7305.3 0.00069486 1 0.0367737 -0.244803 0.05 56619.5
0 1664 2 phononTF 0.00143088 3.5214 -1.03237 0.0281198 3761.38 0.00034743 1 0.0309585 -0.198629 0.05 26430.6
0 1707 3 phononTS 0.00152849 3.25782 -2.89279 0.0123385 8174.7 0.00034743 1 0.100201 -0.16795 0.05 10105.1
0 1707 6 phononL 0.00113402 0.100201 -0.16795 0.049999 10105.1 0.00069486 1 -0.0325185 -0.103935 0.05 10408.8
0 1720 2 phononTS 0.000368081 3.47445 -2.75783 -0.0378976 6719.72 0.00034743 1 -0.0895309 -0.247904 0.05 31565.9
0 1732 4 phononTS 0.00103407 3.62884 -2.23994 0.0303109 3087.97 0.00034743 1 0.0725869 -0.133089 0.05 36099
0 1737 4 phononTS 0.000888488 1.92586 -3.82517 -0.0238934 11268.5 0.00034743 1 0.0967343 -0.22078 0.05 56390.1
0 1748 2 phononTS 0.00195384 4.35773 -1.29775 0.0252609 6720.83 0.00104229 1 -0.0810096 -0.142042 0.05 19103.6
0 1757 2 phononTF 0.00139969 3.52363 -1.15692 -0.0335229 3926.92 0.00034743 1 -0.0306192 -0.219912 0.05 19544.9
0 1772 3 phononTF 0.00228467 4.93561 -1.61996 0.00911753 5489.48 0.00034743 1 0.0761862 -0.166524 0.05 42312.5
0 1784 2 phononL 0.00256715 3.64569 -1.22053 -0.00631306 1458.21 0.00034743 1 0.0954289 -0.180421 0.05 14829.3
0 1784 4 phononTF 0.00134862 0.0954289 -0.180421 0.049999 14829.3 0.00034743 1 -0.105902 -0.166346 0.05 14971
0 1785 3 phononL 0.00118196 1.23435 -1.5769 0.00447511 7288.43 0.00034743 1 0.0823715 -0.237263 0.05 39220.9
0 1806 5 phononTS 0.0010713 0.349666 2.07036 -0.00170681 28269.5 0.00034743 1 -0.0708645 -0.220206 0.05 45056.8
0 1806 6 phononTF 0.000404892 -0.0708645 -0.220206 0.049998 45056.8 0.00034743 1 0.0891481 -0.210478 0.05 57311.4
0 1816 5 phononTS 0.00153424 2.84142 -0.790427 0.0210853 4284.14 0.00069486 1 0.0639994 -0.261813 0.05 23888.3
0 1848 4 phononTF 0.000568042 1.49936 -4.86855 0.0462994 15812.7 0.00034743 1 0.0464241 -0.200455 0.05 92909.6
0 1880 3 phononTS 0.00193928 2.80476 -1.23586 0.0200317 3578.48 0.00034743 1 -0.0850174 -0.258482 0.05 51843.5
0 1910 3 phononTF 0.00194757 4.8985 -2.42644 -0.0175646 2807.04 0.00034743 1 0.0344046 -0.175472 0.05 55623.5
0 1934 3 phononL 0.00192423 2.27875 -1.63692 0.00342309 4719.15 0.00069486 1 -0.112308 -0.204849 0.05 13984.7
0 1934 4 phononTS 0.000692007 -0.112308 -0.204849 0.049999 13984.7 0.00034743 1 -0.104685 -0.20928 0.05 14044
0 1937 2 phononL 0.00149257 4.95791 -3.00268 -0.0144328 6891.67 0.00034743 1 0.0880026 -0.197907 0.05 16467.1
0 1962 2 phononTS 0.00218351 3.42211 -1.58753 -0.0326904 1468.83 0.00034743 1 -0.118282 -0.208061 0.05 50908
0 1962 4 phononTF 0.000720405 -0.118282 -0.208061 0.049999 50908 0.00034743 1 -0.0133182 -0.208185 0.05 51552.9
0 1966 2 phononTS 0.00139681 3.60129 -1.79711 0.00417271 1012.46 0.00069486 1 -0.0623451 -0.26058 0.05 4227.16
0 1966 6 phononTS 0.000482101 -0.0623451 -0.26058 0.049999 4227.16 0.00034743 1 -0.101723 -0.219341 0.05 4291.13
0 1969 3 phononL 0.00236066 3.58055 -1.20705 0.0196695 2493.87 0.00069486 1 -0.0213584 -0.136781 0.05 15421.2
0 1969 4 phononTS 0.000370255 -0.0213584 -0.136781 0.049999 15421.2 0.00034743 1 -0.0320786 -0.113601 0.05 15484.9
0 2007 3 phononL 0.002268 4.01274 -1.19045 -0.00933127 376.58 0.00034743 1 0.0786023 -0.227052 0.05 39322.4
0 2007 8 phononTS 0.00062984 0.0786023 -0.227052 0.049999 39322.4 0.00034743 1 0.118973 -0.19429 0.05 39912.9
0 2028 3 phononTS 0.00201602 0.304024 -3.59643 -0.0454704 17238.3 0.00069486 1 0.0230345 -0.157266 0.05 24160
0 2028 4 phononTS 0.000801643 0.0230345 -0.157266 0.049999 24160 0.00034743 1 0.0761702 -0.249917 0.05 41288.4
0 2061 4 phononTS 0.00104427 3.79463 0.327073 0.0124474 18503.4 0.00034743 1 -0.0758165 -0.209501 0.05 22133.2
0 2071 2 phononTS 0.00250764 2.33341 -3.99976 -0.0369754 22510.1 0.00069486 1 0.051311 -0.214061 0.05 98026.1
0 2071 6 phononTF 0.000455073 0.051311 -0.214061 0.049999 98026.1 0.00034743 1 0.114813 -0.193822 0.05 98090.4
0 2121 5 phononTF 0.00170897 -4.50103 0.7544 -0.0170087 24237.2 0.00034743 1 -0.0925704 -0.17974 0.05 36207.8
0 2123 3 phononTS 0.00241832 3.60342 -1.85537 0.0270039 10939.4 0.00104229 1 -0.104756 -0.251281 0.05 26771.1
0 2126 4 phononTF 0.00103209 3.19318 -2.37283 -0.0186063 7793.65 0.00034743 1 0.0173345 -0.170012 0.05 84005.2
0 2170 5 phononTF 0.00167198 0.145083 -3.74415 0.0268063 21523.2 0.00069486 1 0.0595802 -0.134631 0.05 52378.6
0 2240 3 phononL 0.00130364 3.73988 -1.10231 0.0109427 392.73 0.00034743 1 0.0308206 -0.291143 0.05 72735
0 2247 2 phononL 0.00212754 3.5467 -2.47344 -0.0175608 2302.83 0.00034743 1 0.0243733 -0.120576 0.05 26495.5
0 2262 3 phononTS 0.00251362 4.24396 -0.619655 0.0347031 1956.44 0.00069486 1 -0.0288851 -0.267637 0.05 66624.9
0 2305 2 phononTS 0.00279996 4.25943 -2.93521 0.0343812 10400 0.00034743 1 0.0672454 -0.220454 0.05 31529.9
0 2305 4 phononTS 0.000935732 0.0672454 -0.220454 0.049999 31529.9 0.00069486 1 -0.0651748 -0.158348 0.05 32814.5
0 2313 5 phononL 0.00224784 4.96942 -0.869145 -0.0108924 2333.01 0.00034743 1 0.0178091 -0.160514 0.05 8873.71
0 2315 5 phononTS 0.00238405 3.0646 -0.399544 -0.026633 10367.7 0.00069486 1 0.0753861 -0.198308 0.05 22963.6
0 2324 2 phononTF 0.00191518 3.00536 -0.823018 -0.0413794 3454.58 0.00069486 1 0.0569221 -0.126356 0.05 57433.2
0 2358 3 phononTS 0.00275691 2.69253 -0.466331 -0.0197182 19753.5 0.00138972 1 0.0594189 -0.228415 0.05 48480.9
0 2358 9 phononTS 0.000403591 0.0594189 -0.228415 0.049999 48480.9 0.00034743 1 0.0545104 -0.224369 0.05 48539.2
0 2366 3 phononTS 0.00209261 3.49262 -0.91994 -0.01089 2200.42 0.00034743 1 0.0616534 -0.236273 0.05 7032.54
0 2379 5 phononTF 0.00222924 0.411095 -0.532867 0.0494898 39297.9 0.00104229 1 0.090445 -0.213249 0.05 90806
0 2379 12 phononL 0.000364938 0.090445 -0.213249 0.049999 90806 0.00034743 1 0.0865461 -0.272178 0.05 90862.6
0 2395 5 phononTS 0.00121104 1.74257 -2.16174 0.0450554 6942.61 0.00034743 1 -0.0479519 -0.300644 0.05 116932
0 2400 3 phononTS 0.00332039 1.20048 -0.855802 0.000588133 10507 0.00069486 1 0.0619818 -0.152988 0.05 13211.1
0 2416 3 phononTF 0.00273125 2.78011 -1.16677 -0.0445561 6963.66 0.00034743 1 -0.0668925 -0.212892 0.05 45360.2
0 2416 4 phononTS 0.0017411 -0.0668925 -0.212892 0.049999 45360.2 0.00034743 1 0.0833056 -0.18876 0.05 45627.9
0 2416 10 phononTF 0.00135715 0.0833056 -0.18876 0.049999 45627.9 0.00034743 1 -0.0182848 -0.187109 0.05 45692.6
0 2434 2 phononTS 0.00138902 4.9699 -2.7465 -0.0347891 13260.9 0.00034743 1 -0.0808002 -0.117978 0.05 68740.4
0 2434 7 phononTS 0.000385309 -0.0808002 -0.117978 0.049999 68740.4 0.00034743 1 -0.0633681 -0.196307 0.05 69140.9
0 2445 2 phononTS 0.00166743 3.83463 -1.37515 -0.0471575 4397.71 0.00034743 1 -0.0918228 -0.234947 0.05 224032
0 2485 4 phononTS 0.000999134 4.86415 1.56144 0.0271637 36384.3 0.00034743 1 -0.0819872 -0.206073 0.05 51668.2
0 2488 3 phononTS 0.00200494 4.6739 -3.32356 0.00672472 11737.3 0.00069486 1 -0.0819175 -0.187829 0.05 54656.3
0 2499 5 phononTS 0.00158635 1.16545 -0.788231 0.0358097 4042.41 0.00034743 1 0.0899983 -0.174257 0.05 122187
0 2525 5 phononTS 0.00192467 1.5871 1.47135 0.0434263 22652.8 0.00034743 1 -0.0707363 -0.185544 0.05 29832
0 2530 2 phononTS 0.00172467 2.54519 -1.37197 0.0230104 4686.14 0.00069486 1 -0.0878172 -0.181647 0.05 30515.7
0 2530 9 phononL 0.000569067 -0.0878172 -0.181647 0.049999 30515.7 0.00034743 1 0.0432798 -0.0984583 0.05 33905
0 2552 3 phononL 0.00237459 3.62877 -1.44687 -0.0327919 775.301 0.00069486 1 0.071631 -0.192971 0.05 21627.1
0 2591 4 phononTF 0.000956112 -4.97802 -3.45855 -0.0109387 17719 0.00034743 1 0.119081 -0.210966 0.05 45693.6
0 2592 3 phononTS 0.0021672 4.35124 -1.38122 0.0490644 4374.54 0.00034743 1 -0.0616164 -0.120069 0.05 16976.4
0 2592 4 phononL 0.000740907 -0.0616164 -0.120069 0.049999 16976.4 0.00034743 1 0.0143129 -0.204962 0.05 21424.7
0 2600 5 phononTS 0.00120044 -1.13976 -4.43752 -0.0426794 40538 0.00034743 1 -0.0617666 -0.156834 0.05 134659
0 2619 2 phononTS 0.00139765 3.85405 -0.966911 0.0480012 5735.39 0.00034743 1 -0.0214435 -0.209342 0.05 38078.4
0 2619 6 phononTF 0.000353611 -0.0214435 -0.209342 0.049999 38078.4 0.00034743 1 0.02862 -0.106699 0.05 38523.7
0 2649 2 phononTS 0.00189184 3.4223 0.182804 0.0357855 9894.79 0.00069486 1 -0.042785 -0.166518 0.05 15847.6
0 2669 3 phononTS 0.00185975 3.91259 -1.40967 0.0455866 2654.88 0.00069486 1 0.101898 -0.261098 0.05 18927.1
0 2681 4 phononTS 0.0014084 3.00889 -0.213629 0.0130299 9432.89 0.00034743 1 0.033805 -0.290036 0.05 39598.1
0 2681 7 phononTF 0.000837711 0.033805 -0.290036 0.049999 39598.1 0.00069486 1 0.0343623 -0.298953 0.05 39664.3
0 2682 3 phononTF 0.001704 3.74461 -1.26009 -0.000601367 2.22365 0.00034743 1 0.0506604 -0.278849 0.05 18460.8
0 2693 3 phononTS 0.00139256 3.24383 -1.86644 -0.0353613 12478.4 0.00034743 1 0.0394087 -0.178951 0.05 20680.4
0 2726 5 phononTS 0.0010473 2.89644 -0.247377 -0.0300548 44285.6 0.00034743 1 -0.0455081 -0.221895 0.05 55671.3
0 2726 6 phononTS 0.000414616 -0.0455081 -0.221895 0.049999 55671.3 0.00034743 1 -0.0360407 -0.200885 0.05 56022.1
0 2745 2 phononTS 0.00211172 4.02789 -0.269172 -0.0165147 7022.38 0.00069486 1 0.0630658 -0.294053 0.05 18796.8
0 2745 11 phononTF 0.00053293 0.0630658 -0.294053 0.049999 18796.8 0.00034743 1 0.0240912 -0.133687 0.05 19633.2
0 2751 2 phononTS 0.00121049 4.75829 -1.1718 0.0492218 3487.46 0.00069486 1 0.0943922 -0.233992 0.05 25996.6
0 2760 3 phononTF 0.00135877 3.977 -1.22631 -0.0346229 115.26 0.00034743 1 -0.109575 -0.237265 0.05 69155.2
0 2762 2 phononTF 0.00254606 3.76141 -1.97633 -0.0386323 1044.14 0.00104229 1 0.0301913 -0.191418 0.05 26275.6
0 2765 2 phononTS 0.00175954 3.74799 -1.25225 -0.00329544 0.826115 0.00034743 1 0.0531564 -0.276544 0.05 56627.1
0 2765 4 phononTF 0.0010559 0.0531564 -0.276544 0.049999 56627.1 0.00034743 1 0.036422 -0.27623 0.05 56634.2
0 2769 2 phononTF 0.00152307 2.65361 -1.07893 0.0226994 2610.07 0.00034743 1 -0.0386419 -0.297331 0.05 14012.9
0 2782 4 phononTF 0.000617179 3.14666 0.0486914 0.049999 2790.1 0.00034743 1 0.0748324 -0.168881 0.05 8021.27
0 2797 3 phononTF 0.00257262 4.04534 -1.08495 0.00754659 357.498 0.00069486 1 -0.0879383 -0.16146 0.05 2998.94
0 2797 9 phononL 0.000629365 -0.0879383 -0.16146 0.049999 2998.94 0.00034743 1 -0.0897749 -0.217642 0.05 3266.72
0 2806 2 phononTS 0.00178561 3.84671 -1.94967 -0.0408495 2440.19 0.00034743 1 -0.0920542 -0.238873 0.05 30741.9
0 2868 2 phononTF 0.00137899 3.81509 -0.767063 -0.046307 282.669 0.00034743 1 -0.0242247 -0.203241 0.05 6824.09
0 2868 6 phononL 0.000643287 -0.0242247 -0.203241 0.049999 6824.09 0.00034743 1 -0.0969965 -0.192782 0.05 6867.94
0 2925 4 phononTS 0.00168655 1.88822 -1.3344 0.0185794 10634.7 0.00034743 1 -0.119242 -0.190919 0.05 91412.2
0 2940 3 phononTS 0.00250758 3.92875 -0.501849 0.017952 6835 0.00034743 1 -0.0697623 -0.236027 0.05 28539.3
0 2944 2 phononTS 0.00239993 4.83319 -2.17796 0.0117552 9862.48 0.00034743 1 -0.0740958 -0.26948 0.05 14306
0 2995 3 phononTS 0.00195752 3.84298 -1.47947 -0.0274728 157.262 0.00034743 1 0.0611414 -0.275112 0.05 49737.8
0 3094 3 phononTS 0.000877522 4.15426 -0.0104603 0.049999 7606.17 0.00034743 1 0.0249537 -0.205793 0.05 14900.3
0 3123 2 phononTF 0.00127702 3.58442 -2.12684 0.0235379 653.782 0.00034743 1 -0.0867821 -0.189718 0.05 48165.1
0 3139 6 phononTF 0.000492979 4.02355 0.0900921 0.049999 2377.61 0.00034743 1 0.0261305 -0.159504 0.05 43739.8
0 3190 4 phononTF 0.00083772 3.59977 0.0706775 0.049999 33339.3 0.00034743 1 0.0342376 -0.297159 0.05 74677.5
0 3221 2 phononTS 0.00195363 3.69586 -0.853451 -0.0329378 4167.6 0.00034743 1 -0.0744982 -0.229966 0.05 8762.15
0 3227 3 phononTF 0.0022517 4.4544 -2.67842 0.00602743 4983.2 0.00034743 1 0.0554736 -0.290891 0.05 13854
0 3236 2 phononL 0.00143702 3.82747 -1.31619 0.0411803 54.7496 0.00034743 1 0.0318983 -0.24708 0.05 9394.2
0 3239 5 phononTF 0.00115841 -0.488991 -2.60822 0.0382657 51602.5 0.00034743 1 0.0751159 -0.123476 0.05 56164.4
0 3244 4 phononL 0.000502083 3.83616 0.0270063 0.049999 3285.33 0.00034743 1 -0.0354249 -0.284167 0.05 95368.4
0 3269 7 phononL 0.000730804 3.89803 -4.73844 0.048507 3181.59 0.00034743 1 -0.0984509 -0.162796 0.05 54703.6
0 3282 3 phononTS 0.00219436 3.58743 -0.732125 -0.000125284 555.322 0.00034743 1 -0.0301734 -0.157334 0.05 22578.5
0 3282 4 phononL 0.000383911 -0.0301734 -0.157334 0.049999 22578.5 0.00034743 1 0.0689332 -0.129471 0.05 22624
0 3298 2 phononTF 0.00225221 1.47256 -2.97894 -0.0130836 8303.41 0.00138972 1 -0.0405816 -0.269425 0.05 51111.2
0 3314 3 phononTS 0.000709858 2.06489 0.083845 0.049999 3119.81 0.00034743 1 -0.0737453 -0.167502 0.05 53168.1
0 3337 3 phononTF 0.00232158 3.24902 -0.864282 -0.0421848 5854.4 0.00034743 1 0.0394083 -0.267457 0.05 35404.7
0 3337 7 phononL 0.000721691 0.0394083 -0.267457 0.049999 35404.7 0.00034743 1 0.0363708 -0.260998 0.05 35446.7
0 3340 4 phononL 0.000920292 1.30521 -1.02707 -0.0449547 18597.3 0.00034743 1 -0.0224992 -0.142082 0.05 20532.7
0 3358 5 phononTF 0.00107543 4.12654 -2.6367 -0.0308813 6385.51 0.00034743 1 0.0577645 -0.238111 0.05 45884.7
0 3399 2 phononTS 0.00265661 2.82203 -2.53752 -0.0283945 10318.6 0.00104229 1 0.0640881 -0.165005 0.05 23579.5
0 3399 7 phononTS 0.000395076 0.0640881 -0.165005 0.049999 23579.5 0.00034743 1 0.0338974 -0.169557 0.05 23641.7
0 3405 3 phononTS 0.000562419 3.28348 0.0827479 0.049999 3942.16 0.00034743 1 0.0878781 -0.244638 0.05 155561
0 3453 2 phononL 0.00139994 4.4957 -0.654165 -0.00674162 12539.7 0.00034743 1 0.0918583 -0.237434 0.05 21845.5
0 3514 2 phononTS 0.00216076 2.64085 -2.22926 -0.029272 5894.9 0.00069486 1 -0.0489649 -0.121918 0.05 10362.6
0 3530 3 phononTF 0.00196528 3.5752 -1.32879 0.0334973 148.514 0.00034743 1 -0.0988672 -0.206946 0.05 9618.52
0 3530 7 phononTF 0.000476417 -0.0988672 -0.206946 0.049999 9618.52 0.00034743 1 0.0259708 -0.131623 0.05 79592.6
0 3582 2 phononTS 0.00178085 3.78132 -2.03926 -0.0329632 953.564 0.00034743 1 0.0444902 -0.292004 0.05 13489.1
0 3582 8 phononTF 0.000839612 0.0444902 -0.292004 0.049998 13489.1 0.00034743 1 -0.0412047 -0.163273 0.05 14853.2
0 3587 3 phononTS 0.00213173 4.72309 -1.41277 -0.0234655 5012.82 0.00034743 1 -0.0679415 -0.112218 0.05 53592.1
0 3587 4 phononTF 0.000942801 -0.0679415 -0.112218 0.049999 53592.1 0.00034743 1 -0.0891277 -0.183894 0.05 53654.9
0 3587 9 phononTS 0.00039326 -0.0891277 -0.183894 0.049999 53654.9 0.00034743 1 -0.0351033 -0.184978 0.05 53841.6
0 3639 3 phononL 0.00211097 2.68261 -0.927401 -0.0373039 3064.18 0.00034743 1 -0.0452498 -0.218514 0.05 24109.4
0 3643 2 phononTF 0.00187108 3.044 -0.049394 0.0219173 3288.81 0.00034743 1 -0.0590916 -0.16103 0.05 19884.5
0 3643 6 phononTF 0.000913573 -0.0590916 -0.16103 0.049999 19884.5 0.00034743 1 -0.0804152 -0.21756 0.05 20040.1
0 3811 3 phononTS 0.00185114 3.67333 -1.32331 -0.0478112 43.87 0.00069486 1 -0.0405474 -0.186056 0.05 21785.9
0 3819 5 phononTS 0.00121101 0.0954612 3.26988 -0.0447197 11008.4 0.00034743 1 -0.0362882 -0.235148 0.05 54923.6
0 3852 2 phononTF 0.00113363 3.47166 -1.33898 -0.033908 58.7852 0.00034743 1 0.0205092 -0.173556 0.05 2262.14
0 3888 2 phononTS 0.00156369 3.95264 -1.19819 -0.048141 603.035 0.00034743 1 -0.0422727 -0.144086 0.05 101204
0 3914 2 phononTF 0.00173792 4.35527 -1.65047 0.00703015 1506.27 0.00104229 1 0.107115 -0.24153 0.05 99018
0 3920 2 phononTS 0.00218041 3.31609 -1.01941 0.0170294 4830.8 0.00069486 1 -0.115036 -0.171794 0.05 41239.6
0 3948 4 phononTS 0.00166472 1.37257 0.222913 -0.0155102 9349.33 0.00069486 1 -0.0456835 -0.198032 0.05 40355.2
0 3948 10 phononTS 0.000521695 -0.0456835 -0.198032 0.049999 40355.2 0.00034743 1 -0.0521034 -0.215127 0.05 40413.9
0 4027 5 phononL 0.00157803 1.14688 -2.05389 0.0286316 15516.6 0.00034743 1 -0.0227937 -0.147404 0.05 83273.1
0 4096 2 phononTS 0.00222424 3.92492 -0.717116 -0.0176079 3039.67 0.00034743 1 0.0357919 -0.211971 0.05 19012.1
0 4109 3 phononTF 0.00189462 4.2618 -1.25585 0.00422846 1870.76 0.00034743 1 -0.0968626 -0.182748 0.05 39981.6
0 4109 5 phononTS 0.000711536 -0.0968626 -0.182748 0.049999 39981.6 0.00034743 1 -0.0710397 -0.180916 0.05 40039.4
0 4122 2 phononTF 0.000954425 3.50658 -1.68333 0.0406513 884.102 0.00034743 1 0.0347469 -0.277287 0.05 31772.1
0 4122 6 phononTS 0.00052734 0.0347469 -0.277287 0.049999 31772.1 0.00034743 1 0.0852775 -0.150075 0.05 46121.7
0 4133 3 phononTS 0.00202008 4.16311 -3.01347 0.0422209 17454.7 0.00069486 1 -0.0837628 -0.119359 0.05 83994.5
0 4173 2 phononTS 0.00186384 4.83097 -3.27309 0.0309896 3349.34 0.00034743 1 0.0673338 -0.199442 0.05 75042.6
0 4173 7 phononTF 0.000691733 0.0673338 -0.199442 0.049999 75042.6 0.00034743 1 -0.0516105 -0.229682 0.05 75861.4
0 4178 3 phononL 0.00219303 0.297548 -2.77881 -0.04024 18579.2 0.00104229 1 -0.031591 -0.140059 0.05 21229
0 4211 3 phononTF 0.0013061 3.46197 -1.7491 0.0351113 1202.25 0.00034743 1 -0.115691 -0.218854 0.05 59105.7
0 4235 2 phononTF 0.00216096 3.55272 -2.14823 -0.0105332 4808.81 0.00034743 1 -0.113606 -0.178779 0.05 34027.5
0 4239 4 phononTS 0.000575862 4.26528 -1.48601 -0.0422687 9271.05 0.00034743 1 0.038485 -0.100074 0.05 35407.8
0 4255 3 phononTS 0.000809194 1.74991 0.0923805 0.049999 10329.4 0.00034743 1 0.0317214 -0.164129 0.05 47838.7
0 4262 2 phononTS 0.0022101 1.32908 -1.53108 -0.0138716 5386.39 0.00069486 1 -0.0723295 -0.206566 0.05 25709.7
0 4262 4 phononTF 0.000538687 -0.0723295 -0.206566 0.049999 25709.7 0.00034743 1 -0.0750866 -0.120153 0.05 25787.6
0 4269 2 phononL 0.000450698 1.59124 0.0444272 0.049999 7550.12 0.00034743 1 -0.0313924 -0.175516 0.05 10376.4
0 4348 2 phononL 0.00217454 3.72503 -1.23635 0.0408965 55.4923 0.00034743 1 -0.106544 -0.183809 0.05 31825.3
0 4387 3 phononL 0.00207469 3.92887 -1.09466 -0.00311664 1066.13 0.00034743 1 -0.0583691 -0.277279 0.05 20664.2
0 4387 6 phononTS 0.000714329 -0.0583691 -0.277279 0.049998 20664.2 0.00034743 1 -0.0236665 -0.232548 0.05 20797.6
0 4390 2 phononTS 0.00104156 2.78715 -1.04204 0.0465221 2047.18 0.00034743 1 0.0481949 -0.247776 0.05 33939.7
0 4418 5 phononL 0.00170724 0.758351 -0.169204 -0.0452702 25135.6 0.00104229 1 0.10359 -0.171301 0.05 29364.4
0 4449 5 phononTS 0.000470049 3.56719 0.103951 0.049999 2959.53 0.00034743 1 0.109965 -0.191048 0.05 25177
0 4453 4 phononTF 0.000696123 2.30101 -2.36105 -0.0424364 6548.92 0.00034743 1 -0.0431096 -0.23526 0.05 13436.7
0 4475 5 phononTS 0.00152748 0.378401 3.62591 0.0499983 42894.2 0.00034743 1 0.0551172 -0.146483 0.05 96433
0 4482 2 phononL 0.000539432 4.17424 0.0408597 0.049999 1371.49 0.00034743 1 0.106072 -0.240635 0.05 10828.6
0 4504 3 phononTF 0.00191979 2.355 -0.474892 -0.0213043 2885.87 0.00034743 1 0.031139 -0.236042 0.05 23190.8
0 4512 2 phononTS 0.00167842 2.27363 -0.790979 0.00781815 12165.3 0.00034743 1 0.0408097 -0.111035 0.05 75710.9
0 4554 2 phononTF 0.00244406 4.32699 -1.52881 0.0335683 2040.07 0.00034743 1 -0.0672893 -0.236337 0.05 39866.5
0 4554 4 phononTF 0.00037283 -0.0672893 -0.236337 0.049999 39866.5 0.00034743 1 -0.0194568 -0.23845 0.05 39930.2
0 4573 4 phononTS 0.00125101 -0.696325 -0.806292 -0.0260126 17441.8 0.00034743 1 -0.0596925 -0.110791 0.05 56395.9
0 4591 3 phononTF 0.0026264 2.78362 -1.64425 -0.0223271 2654.49 0.00034743 1 0.0430842 -0.202912 0.05 7587.76
0 4591 4 phononTF 0.00192192 0.0430842 -0.202912 0.049999 7587.76 0.00069486 1 -0.045952 -0.148201 0.05 7657.58
0 4619 2 phononTS 0.00237309 0.910806 -1.51389 -0.0412491 12320.4 0.00034743 1 -0.112654 -0.206645 0.05 27385.5
0 4619 8 phononTS 0.000689838 -0.112654 -0.206645 0.049998 27385.5 0.00034743 1 0.0961366 -0.16537 0.05 29070.7
0 4619 7 phononTS 0.00132928 -0.112654 -0.206645 0.049998 27385.5 0.00034743 1 -0.0901621 -0.213174 0.05 27480.7
0 4640 2 phononTS 0.00188241 2.52731 -1.56473 0.0118145 4827.95 0.00069486 1 -0.0795421 -0.266569 0.05 16789
0 4640 7 phononTF 0.000393403 -0.0795421 -0.266569 0.049999 16789 0.00034743 1 -0.0926117 -0.202106 0.05 16850.9
0 4645 3 phononL 0.00182107 4.41501 -1.71603 -0.00618183 6837.86 0.00034743 1 0.0747422 -0.222668 0.05 26050.1
0 4647 5 phononTS 0.00171182 3.88495 -1.43652 -0.00807264 2121.33 0.00069486 1 0.0174917 -0.165397 0.05 57187.7
0 4674 3 phononTF 0.000570601 4.18418 0.0243988 0.049999 4815.24 0.00034743 1 0.0936999 -0.183906 0.05 178861
0 4676 3 phononTS 0.00184961 3.71139 -1.40165 0.0211745 4520.7 0.00069486 1 -0.035537 -0.153509 0.05 56340.7
0 4706 5 phononTF 0.00121493 2.45232 2.13902 -0.0313689 82828.7 0.00034743 1 -0.0979459 -0.192499 0.05 102794
0 4754 4 phononTS 0.00175202 0.315874 -1.03787 -0.0320605 23370.5 0.00069486 1 0.0274376 -0.199198 0.05 25605.7
0 4788 3 phononTF 0.00200788 4.04276 -1.03862 0.0443188 3656.36 0.00069486 1 0.113444 -0.233067 0.05 21454.7
0 4791 3 phononTS 0.00130513 2.37605 -1.56207 0.00572549 5352.78 0.00069486 1 -0.0313137 -0.187704 0.05 26830.6
0 4826 2 phononL 0.00240422 3.76008 -1.27028 0.0183623 5.37943 0.00069486 1 0.0862817 -0.163618 0.05 29969.7
0 4830 3 phononTS 0.00165016 2.67029 -1.0746 -0.0286813 12417.7 0.00069486 1 -0.0312921 -0.201635 0.05 17834.9
0 4904 1 phononTS 0.004 3.75 -1.25 0 0 0.00104229 1 -0.0417899 -0.285263 0.05 43126.5
0 4912 3 phononTF 0.000547649 3.35851 0.0950231 0.049999 17631.9 0.00034743 1 0.115934 -0.231985 0.05 42200.9
0 4930 5 phononTF 0.0013534 3.46817 -1.16812 -0.0366266 2385.17 0.00069486 1 -0.0349185 -0.130496 0.05 47703.4
0 4960 2 phononTF 0.00220794 3.97098 -1.36143 0.0292284 489.606 0.00069486 1 -0.0776463 -0.145506 0.05 11970.8
0 4982 4 phononTF 0.00100133 4.83361 -2.80327 0.0339596 15608.2 0.00034743 1 0.088886 -0.260049 0.05 23431.6
0 4993 3 phononTF 0.00153757 4.88314 -2.56574 -0.0363489 6093.61 0.00034743 1 -0.0840929 -0.21691 0.05 36813.8
0 4993 5 phononTF 0.000757002 -0.0840929 -0.21691 0.049999 36813.8 0.00034743 1 -0.10035 -0.174177 0.05 36963.8
