Run ID,Event ID,Track ID,Particle Name,Start Energy [eV],Start X [mm],Start Y [mm],Start Z [mm],Start Time [ns],Energy Deposited [eV],Track Weight,End X [mm],End Y [mm],End Z [mm],Final Time [ns],Volume Name
0 39 2 phononL 0.0020124 -0.273431 -4.45013 -0.00389809 5280.97 0.00034743 1 -0.0834149 -0.24235 0.05 23532
0 42 2 phononTS 0.00279386 -1.29614 -3.83997 0.0235415 312.426 0.00069486 1 -0.0649665 -0.174931 0.05 24721.2
0 42 4 phononTF 0.000733889 -0.0649665 -0.174931 0.049999 24721.2 0.00034743 1 -0.0581737 -0.262323 0.05 24783.9
0 52 2 phononTF 0.000779475 -1.24651 -3.9261 -0.00437165 9110.56 0.00069486 1 0.0522019 -0.244622 0.05 67664.2
0 65 2 phononTS 0.00257845 -1.69744 -4.21191 -0.0042808 2702.49 0.00034743 1 -0.0605582 -0.113093 0.05 23377
0 65 5 phononTF 0.001859 -0.0605582 -0.113093 0.049999 23377 0.00034743 1 -0.0593104 -0.12356 0.05 23666.2
0 70 2 phononL 0.00234152 -0.302778 -2.20095 -0.0243162 17194.5 0.00034743 1 0.0679876 -0.145153 0.05 32783.3
0 72 2 phononTS 0.0015655 -2.23619 -4.64908 -0.0469081 2366.43 0.00034743 1 0.0590367 -0.266608 0.05 17920.8
0 111 4 phononL 0.00144886 -2.04883 -3.88497 -0.00267033 6142.85 0.00034743 1 0.104983 -0.17329 0.05 28603.6
0 192 3 phononL 0.00204635 -1.10411 -4.929 0.0303133 1806 0.00034743 1 -0.0708049 -0.279734 0.05 10217.8
0 192 2 phononTF 0.00195365 -1.10411 -4.929 0.0303133 1806 0.00069486 1 0.107824 -0.224844 0.05 25672.2
0 192 14 phononL 0.000512613 0.107824 -0.224844 0.049999 25672.2 0.00034743 1 -0.013156 -0.180233 0.05 28683
0 223 4 phononTS 0.00123951 1.77693 -2.83949 0.0147479 6425.24 0.00034743 1 0.0194955 -0.21483 0.05 39150.1
0 231 3 phononTS 0.00117903 -1.28013 -4.19037 -0.0488794 4529.85 0.00034743 1 -0.0241487 -0.256178 0.05 15568.6
0 256 2 phononTS 0.00163069 -0.238603 -1.71679 -0.00785994 17181.4 0.00034743 1 0.091424 -0.248012 0.05 40526.6
0 300 3 phononTS 0.00163778 -0.284289 -1.94043 -0.0204751 9960.92 0.00034743 1 -0.0449899 -0.23892 0.05 22423.4
0 302 4 phononL 0.000841011 1.39743 -3.66935 0.0245696 10255.9 0.00034743 1 -0.0267217 -0.213409 0.05 98549.6
0 303 3 phononTS 0.00177139 -0.102399 -4.48286 0.000860939 4552.97 0.00034743 1 -0.0437472 -0.282083 0.05 12122.8
0 316 4 phononTS 0.00113685 0.333137 -1.73105 0.0466104 31581.2 0.00069486 1 0.0903992 -0.146157 0.05 32388.3
0 326 4 phononL 0.00169449 0.998269 -4.50562 -0.00306549 11310.5 0.00034743 1 0.0569199 -0.125931 0.05 60967.2
0 342 3 phononTS 0.00181657 -1.40122 -4.08567 -0.00172809 372.139 0.00069486 1 0.0605634 -0.166253 0.05 11429.5
0 342 8 phononTF 0.000392761 0.0605634 -0.166253 0.049999 11429.5 0.00034743 1 -0.0721511 -0.277378 0.05 11571.1
0 370 3 phononTS 0.00197182 -1.21467 -3.07586 -0.000112179 6060.62 0.00034743 1 0.0656667 -0.261314 0.05 19923.6
0 370 4 phononL 0.00132065 0.0656667 -0.261314 0.049999 19923.6 0.00069486 1 0.0222959 -0.150508 0.05 19973.7
0 395 4 phononTS 0.00174829 -0.143303 -0.160769 -0.0306566 13472.5 0.00034743 1 -0.0333927 -0.150174 0.05 13538.4
0 417 4 phononTF 0.00187569 0.0323114 -4.37116 0.0369328 5460.52 0.00034743 1 -0.0604188 -0.241583 0.05 8346.85
0 417 6 phononTF 0.00113978 -0.0604188 -0.241583 0.049999 8346.85 0.00034743 1 0.084344 -0.134507 0.05 8498.97
0 417 13 phononTF 0.000717992 0.084344 -0.134507 0.049999 8498.97 0.00034743 1 0.10782 -0.212905 0.05 8563.67
0 435 4 phononTF 0.000807943 -4.90515 -4.48739 -0.0428565 25553.6 0.00034743 1 -0.106389 -0.199013 0.05 88353.2
0 437 2 phononTS 0.00164052 -1.13202 -4.3188 -0.0391854 1692.73 0.00034743 1 0.0177581 -0.200428 0.05 34074.1
0 453 2 phononTS 0.00279567 -1.50706 -2.39469 -0.0249262 7484.41 0.00069486 1 0.0952587 -0.176275 0.05 16387
0 453 11 phononTS 0.000423807 0.0952587 -0.176275 0.049999 16387 0.00034743 1 0.0472133 -0.197918 0.05 16454.1
0 475 2 phononTS 0.00130949 -1.72323 -1.56057 -0.0485066 6043.23 0.00069486 1 0.112376 -0.232918 0.05 7514.37
0 481 3 phononL 0.00175933 -1.25019 -3.44049 0.0453335 2432.66 0.00034743 1 0.0483245 -0.129965 0.05 82091.9
0 481 5 phononTS 0.000894528 0.0483245 -0.129965 0.049999 82091.9 0.00034743 1 -0.0424409 -0.181025 0.05 82174.4
0 481 9 phononTF 0.000486758 -0.0424409 -0.181025 0.049999 82174.4 0.00034743 1 -0.0996888 -0.189282 0.05 82234.3
0 506 2 phononL 0.00249972 -1.15758 -3.74064 -0.0104317 908.271 0.00138972 1 0.0279667 -0.262125 0.05 24653.1
0 519 3 phononTS 0.00113423 -0.4782 -4.06102 -0.0239354 2667.47 0.00034743 1 -0.10286 -0.142017 0.05 16457.7
0 531 3 phononTF 0.00172888 -1.42984 -4.5138 0.0475044 3462.24 0.00034743 1 -0.072306 -0.169208 0.05 20043.2
0 544 5 phononTS 0.00145997 1.82163 -3.04243 -0.0049926 23109 0.00034743 1 0.0824703 -0.26812 0.05 26901.4
0 599 2 phononTF 0.00193462 -1.70033 -3.59888 -0.0315204 10090.1 0.00034743 1 0.0843773 -0.12705 0.05 28352.1
0 642 3 phononTS 0.0014078 -0.918579 -3.18977 -0.0473204 5815.59 0.00034743 1 -0.077769 -0.204519 0.05 70986.7
0 653 2 phononTS 0.00228885 -1.79435 -3.7752 0.025595 2532.36 0.00034743 1 0.0731568 -0.269136 0.05 27887.4
0 653 4 phononL 0.00122223 0.0731568 -0.269136 0.049999 27887.4 0.00034743 1 0.0421992 -0.212933 0.05 27937.8
0 696 2 phononTF 0.00230607 -0.887755 -4.7254 -0.0156325 1038.01 0.00104229 1 0.0469076 -0.132424 0.05 24360.4
0 714 4 phononTS 0.00137663 -0.922585 -3.28883 -0.0289187 2672.41 0.00034743 1 0.0532805 -0.275146 0.05 44924.7
0 733 3 phononL 0.00252337 -1.13549 -4.34226 0.0148053 74.3019 0.00104229 1 -0.0115351 -0.198596 0.05 46943.6
0 748 2 phononTS 0.00228257 -2.56056 -4.9252 -0.0263951 6396.64 0.00034743 1 -0.0603342 -0.250383 0.05 25287.1
0 748 6 phononTS 0.00164715 -0.0603342 -0.250383 0.049999 25287.1 0.00034743 1 -0.084485 -0.231502 0.05 25346.8
0 752 2 phononL 0.00245648 -2.3492 -1.49781 -0.0482331 10996.9 0.00069486 1 -0.0906214 -0.137197 0.05 105840
0 760 4 phononTS 0.00157527 -0.341521 -2.14661 0.0115911 23314.2 0.00034743 1 -0.0899085 -0.237615 0.05 39549.2
0 779 3 phononTS 0.0026517 -2.5543 -2.06999 -0.00193005 5076.71 0.00069486 1 -0.0841414 -0.247634 0.05 11310.6
0 779 9 phononTS 0.000818961 -0.0841414 -0.247634 0.049999 11310.6 0.00034743 1 0.0802847 -0.218124 0.05 13163.9
0 819 4 phononTF 0.00201915 -2.61627 -3.44597 0.0440094 17391.8 0.00034743 1 0.0411505 -0.284654 0.05 52653.3
0 819 6 phononTF 0.000877832 0.0411505 -0.284654 0.049999 52653.3 0.00034743 1 0.0734285 -0.178978 0.05 52723.5
0 821 3 phononL 0.0024412 -0.300888 -3.34695 0.0125491 4795.9 0.00034743 1 -0.0666941 -0.246446 0.05 39565.3
0 828 4 phononTS 0.00187011 -3.76972 -3.01637 0.048068 7020.86 0.00034743 1 -0.0917457 -0.224938 0.05 12390.3
0 858 3 phononTF 0.00248429 -0.605434 -4.65975 -0.0139916 5740.62 0.00034743 1 -0.0857368 -0.139383 0.05 23030.3
0 884 2 phononTS 0.00252206 -1.30446 -4.16475 -0.0005454 133.944 0.00104229 1 0.0431279 -0.212807 0.05 46302.2
0 886 3 phononTS 0.00184498 0.291733 -3.9855 0.0399812 5888.6 0.00069486 1 -0.0617165 -0.266769 0.05 114946
0 889 2 phononL 0.00120782 -0.681788 -4.67203 -0.011443 5956.77 0.00034743 1 0.0690466 -0.20097 0.05 22208.8
0 945 5 phononTF 0.00116345 2.07689 3.58723 0.0458876 62611.6 0.00034743 1 -0.111061 -0.158048 0.05 67000.5
0 964 4 phononTS 0.00133528 -4.95909 -2.07031 0.0437959 15545 0.00034743 1 -0.113731 -0.229422 0.05 29863.6
0 975 3 phononTS 0.00189166 -1.0135 -3.76249 -0.0472127 886.105 0.00034743 1 -0.101654 -0.207124 0.05 33990
0 976 4 phononTS 0.00108389 -2.95582 -3.9659 -0.012585 62469 0.00034743 1 -0.0817317 -0.13031 0.05 80655.2
0 983 4 phononL 0.000770437 -3.07872 -3.44699 -0.0376739 11772.6 0.00034743 1 -0.0461898 -0.234535 0.05 69222.7
0 1000 3 phononTS 0.00151093 -0.718581 -3.89754 0.0370054 1196.45 0.00034743 1 -0.057745 -0.129435 0.05 18380
0 1023 2 phononTS 0.00185606 -0.506252 -0.855623 -0.0233174 3935.31 0.00069486 1 -0.078129 -0.185874 0.05 17628
0 1057 2 phononL 0.00202916 -2.64431 -3.13146 0.025537 5568.75 0.00034743 1 0.0649375 -0.15897 0.05 19283.4
0 1057 4 phononTS 0.000938077 0.0649375 -0.15897 0.049998 19283.4 0.00034743 1 -0.0655987 -0.143072 0.05 19425.8
0 1106 2 phononTS 0.00187665 -1.47223 -4.36907 -0.00307909 258.449 0.00069486 1 0.0533286 -0.170222 0.05 11060.5
0 1106 10 phononL 0.000739971 0.0533286 -0.170222 0.049999 11060.5 0.00034743 1 0.0546004 -0.137237 0.05 11236.1
0 1112 3 phononTF 0.00162774 -1.15636 -4.7092 -0.0328291 12038.1 0.00069486 1 0.0759453 -0.23607 0.05 41147.5
0 1152 2 phononTF 0.0021369 -1.97664 -4.16661 -0.0291054 6386.12 0.00138972 1 -0.0764804 -0.214449 0.05 15701.4
0 1163 5 phononTF 0.000413902 -2.23897 -3.19041 0.00497852 39625.6 0.00034743 1 -0.0537001 -0.224078 0.05 70490.4
0 1186 3 phononTF 0.00151016 -1.21033 -4.1364 -0.0282958 1178.69 0.00069486 1 -0.0607347 -0.189687 0.05 22735.2
0 1202 3 phononTS 0.00181664 -1.18335 -4.30029 -0.0319207 16.585 0.00034743 1 0.0869419 -0.264806 0.05 14142.6
0 1218 5 phononL 0.00203647 -0.972652 -2.63647 0.00768934 1581.18 0.00069486 1 0.0486077 -0.206031 0.05 11205.4
0 1236 5 phononTS 0.00152239 4.10639 1.53641 -0.0285959 41861.3 0.00034743 1 -0.04573 -0.286647 0.05 109366
0 1242 3 phononL 0.00184028 -1.50461 -4.31803 0.0263365 7959.29 0.00034743 1 -0.0392135 -0.193626 0.05 88786.9
0 1242 5 phononTF 0.00119884 -0.0392135 -0.193626 0.049999 88786.9 0.00034743 1 -0.0396024 -0.157701 0.05 88844.5
0 1243 3 phononTS 0.00247759 0.124449 -3.36264 -0.00625447 4164.13 0.00034743 1 0.0344104 -0.267925 0.05 29836.2
0 1254 5 phononTS 0.00177638 0.814441 -4.86448 0.0196692 16230.5 0.00069486 1 0.0351265 -0.153411 0.05 182763
0 1273 3 phononTS 0.00227892 1.35636 -2.60307 0.0276868 16960 0.00069486 1 0.0969952 -0.224556 0.05 21506.5
0 1325 3 phononTS 0.00269096 -0.962916 -3.46313 -0.0183231 880.583 0.00104229 1 -0.0544736 -0.205141 0.05 6031
0 1333 4 phononTF 0.00107629 -1.76133 -4.89751 0.00947887 107210 0.00034743 1 0.0741326 -0.229242 0.05 118025
0 1335 4 phononTS 0.00187143 -2.80357 -2.63719 -0.00663801 14142.9 0.00034743 1 0.0145047 -0.171814 0.05 51316.4
0 1363 2 phononTS 0.00214837 -1.4077 -4.4122 -0.0196557 704.894 0.00069486 1 0.0366829 -0.156262 0.05 25395.3
0 1364 5 phononL 0.00173442 -3.95471 -4.12814 0.00534679 94225.8 0.00069486 1 0.0883357 -0.133082 0.05 122018
0 1383 2 phononL 0.00177749 -1.00223 -3.89883 0.0159986 650.227 0.00069486 1 -0.0564293 -0.291228 0.05 14695.6
0 1396 2 phononTF 0.00213447 1.33577 -2.63001 -0.0466541 9796.43 0.00034743 1 -0.06211 -0.157115 0.05 57337.7
0 1410 3 phononTF 0.00244255 -1.1712 -4.2091 -0.0392394 21.011 0.00069486 1 -0.0556398 -0.104829 0.05 45696
0 1442 3 phononTF 0.00293795 -0.493334 -2.97583 0.0194612 5483.26 0.00069486 1 0.0834378 -0.274211 0.05 25068.9
0 1454 2 phononTS 0.00153789 -1.30416 -4.50582 0.0314196 365.419 0.00034743 1 0.0409909 -0.135968 0.05 28537.5
0 1489 3 phononTS 0.00176007 -0.143803 -3.40127 0.0383836 4158 0.00069486 1 -0.0534783 -0.196311 0.05 70175.9
0 1507 2 phononTS 0.0011327 -0.158669 -4.57575 0.0132323 2684.43 0.00034743 1 -0.0553366 -0.169249 0.05 5719.59
0 1548 2 phononTS 0.00242917 -1.70245 -4.5242 -0.0115091 2466.4 0.00069486 1 0.0601233 -0.195781 0.05 80620.7
0 1562 3 phononTF 0.0021687 -2.05546 -3.47714 0.0221604 3481.66 0.00034743 1 -0.104858 -0.152069 0.05 16550.2
0 1569 3 phononTF 0.00191954 -2.0374 -3.88321 0.021136 1534.39 0.00104229 1 -0.0828645 -0.21867 0.05 17069.4
0 1597 3 phononTS 0.0029691 -0.765291 -3.60668 -0.043255 13261.1 0.00034743 1 0.0706764 -0.202949 0.05 20238.6
0 1597 7 phononTS 0.000387416 0.0706764 -0.202949 0.049999 20238.6 0.00034743 1 0.0564544 -0.185117 0.05 20307.7
0 1618 5 phononTS 0.00154501 -2.1322 -4.10643 -0.0465785 35993.2 0.00034743 1 -0.068397 -0.198567 0.05 55210.1
0 1632 2 phononTS 0.00162213 -3.28735 -3.12272 -0.030751 18163.3 0.00034743 1 -0.0490975 -0.226946 0.05 43467
0 1697 3 phononTF 0.00160331 -0.675396 -4.8554 -0.000679362 2249.41 0.00034743 1 0.0437281 -0.0968358 0.05 13746.9
0 1703 6 phononTS 0.00131618 -2.33466 -4.36078 0.0109331 21131.9 0.00069486 1 0.0304505 -0.230665 0.05 31718.2
0 1753 3 phononTS 0.00236591 -0.447205 -4.79246 0.0412933 3740.37 0.00034743 1 0.0905962 -0.263225 0.05 20687.4
0 1753 5 phononTF 0.00118296 0.0905962 -0.263225 0.049999 20687.4 0.00034743 1 0.0254296 -0.135046 0.05 23873.5
0 1776 2 phononTS 0.00154659 -1.1383 -4.60719 0.0388365 1736.33 0.00034743 1 0.0578923 -0.247054 0.05 84824.6
0 1776 7 phononTS 0.000453795 0.0578923 -0.247054 0.049999 84824.6 0.00034743 1 -0.0757768 -0.185595 0.05 85908.7
0 1782 3 phononTS 0.00278045 -1.72515 -4.1232 0.0228817 14606.5 0.00104229 1 -0.0738813 -0.143465 0.05 52188.6
0 1783 5 phononTF 0.00144037 0.981894 -4.72394 0.00438551 42445.8 0.00069486 1 -0.093482 -0.197204 0.05 100293
0 1783 6 phononTS 0.000358159 -0.093482 -0.197204 0.049999 100293 0.00034743 1 -0.0340302 -0.137358 0.05 100468
0 1795 3 phononTS 0.0019798 -2.6853 -4.35897 -0.0450233 10096.2 0.00034743 1 -0.0612994 -0.15726 0.05 31700.3
0 1808 3 phononTF 0.0024758 -2.40859 -3.85089 0.00169644 12337.3 0.00034743 1 0.0980549 -0.217858 0.05 72179
0 1814 4 phononTS 0.00171021 -1.04132 -3.7183 0.0115471 1384.3 0.00034743 1 0.0760214 -0.215901 0.05 22237.1
0 1830 2 phononTS 0.00163304 0.237699 -4.81749 -0.0341598 26687.5 0.00034743 1 0.070735 -0.276603 0.05 43952.9
0 1886 7 phononTS 0.00158856 -2.13979 4.79004 0.0373357 21451.7 0.00034743 1 -0.0858238 -0.154429 0.05 29129.9
0 1893 3 phononTS 0.00210355 0.000688037 -4.27752 -0.0231939 3227.96 0.00034743 1 -0.0881929 -0.253997 0.05 13978.2
0 1902 5 phononL 0.00117507 -3.04125 -2.70654 -0.0108197 12078.5 0.00034743 1 0.0712521 -0.134444 0.05 32933.7
0 1902 8 phononTS 0.000443612 0.0712521 -0.134444 0.049999 32933.7 0.00034743 1 0.083604 -0.122854 0.05 32989.7
0 1905 3 phononTS 0.00114283 -1.21594 -4.01616 -0.0371917 160.375 0.00034743 1 -0.0439086 -0.284798 0.05 23759.9
0 1915 3 phononTF 0.00234515 -1.11925 -4.18047 0.02053 28.921 0.00069486 1 -0.115395 -0.224067 0.05 12975.9
0 1921 5 phononTS 0.00152309 0.519744 -4.39941 -0.0178144 37994.9 0.00034743 1 0.022913 -0.211789 0.05 93884.4
0 1927 3 phononTS 0.00149003 -1.593 -4.45387 -0.0382872 3960.06 0.00034743 1 0.0414702 -0.148614 0.05 91684.5
0 1952 2 phononL 0.00184894 -3.96773 -2.00931 0.0416868 27305.1 0.00034743 1 0.028856 -0.126887 0.05 66822.9
0 1974 4 phononTS 0.00139579 -1.84916 3.15261 0.0385017 59915.7 0.00034743 1 -0.0588057 -0.16021 0.05 71193.4
0 1974 6 phononTS 0.000695393 -0.0588057 -0.16021 0.049999 71193.4 0.00034743 1 -0.0989358 -0.201447 0.05 71258.3
0 1999 4 phononTF 0.00150747 -3.39082 -4.58917 0.0150333 11606.6 0.00034743 1 0.0555825 -0.267485 0.05 16121.1
0 2031 5 phononTF 0.00108441 1.04393 -1.38559 -0.0320388 17922 0.00069486 1 -0.0990598 -0.191366 0.05 18799.7
0 2044 5 phononL 0.00160806 -0.79304 -2.24833 0.00162208 4750.55 0.00034743 1 -0.058926 -0.158861 0.05 8350.76
0 2046 2 phononTS 0.00145643 -1.72572 -4.12253 0.010116 785.539 0.00034743 1 0.0343955 -0.272794 0.05 20971.1
0 2046 4 phononTS 0.0007887 0.0343955 -0.272794 0.049999 20971.1 0.00034743 1 0.0380355 -0.271899 0.05 21027.1
0 2046 11 phononL 0.00038743 0.0380355 -0.271899 0.049999 21027.1 0.00034743 1 0.0254068 -0.131968 0.05 21427.8
0 2048 3 phononTS 0.00210414 -1.42728 -4.14746 -0.0433341 2514.62 0.00069486 1 0.0802651 -0.204212 0.05 6783.43
0 2098 3 phononTF 0.00238308 -1.27565 -4.22762 0.00321374 6.40732 0.00069486 1 -0.0695152 -0.210811 0.05 14231.8
0 2098 2 phononL 0.00161692 -1.27565 -4.22762 0.00321374 6.40732 0.00069486 1 -0.0348533 -0.204321 0.05 16587.8
0 2108 2 phononL 0.00166727 -0.689372 -2.72363 -0.00361685 15920.1 0.00069486 1 -0.0723231 -0.239368 0.05 26541.4
0 2188 4 phononL 0.00166603 -1.27993 -3.26336 0.0386041 24350 0.00034743 1 0.0565817 -0.151329 0.05 97846.7
0 2196 4 phononTF 0.000832369 4.633 0.643219 0.0147049 12191.7 0.00034743 1 -0.0302685 -0.111699 0.05 20642.6
0 2213 3 phononTS 0.00176934 -1.32144 -4.48777 -0.0164327 1287.92 0.00069486 1 -0.0513348 -0.151848 0.05 21237.1
0 2225 3 phononTS 0.0028239 -1.08974 -4.01886 -0.0190121 62.3677 0.00069486 1 -0.0537755 -0.232878 0.05 21306.7
0 2225 9 phononL 0.00107075 -0.0537755 -0.232878 0.049999 21306.7 0.00034743 1 0.101432 -0.214804 0.05 21363.2
0 2247 3 phononTS 0.00196076 -0.179848 -3.3542 0.0349976 18856.7 0.00034743 1 0.0226338 -0.272673 0.05 40931.4
0 2247 5 phononTS 0.00139189 0.0226338 -0.272673 0.049999 40931.4 0.00034743 1 -0.0578531 -0.195657 0.05 41009.1
0 2255 3 phononTF 0.00129182 0.166464 -3.87629 0.0453817 6032.08 0.00034743 1 -0.0598383 -0.155423 0.05 23896.1
0 2266 2 phononTF 0.00144276 -1.57488 -3.97125 0.0244971 448.718 0.00034743 1 -0.0522064 -0.174672 0.05 74238
0 2267 4 phononTF 0.00114459 -1.04495 -3.50028 -0.0401185 21801 0.00034743 1 -0.00837463 -0.201643 0.05 55160.8
0 2271 4 phononTF 0.00133726 -1.39878 -3.51756 0.00887319 1355.45 0.00034743 1 0.0616135 -0.236165 0.05 25256.8
0 2290 5 phononTS 0.0012 1.21372 2.50428 -0.00116586 28655.9 0.00034743 1 0.0598258 -0.182757 0.05 123248
0 2301 2 phononTF 0.00173937 -3.3335 -4.54535 -0.0125861 5972.68 0.00034743 1 -0.0671487 -0.122781 0.05 52231.8
0 2307 2 phononTF 0.00189654 -0.946585 -2.2268 -0.0326452 6527.12 0.00069486 1 -0.102101 -0.234784 0.05 12323.5
0 2313 2 phononTS 0.00140105 -0.79675 -4.95435 -0.0487434 6743.32 0.00034743 1 0.0664386 -0.16339 0.05 56115.6
0 2313 5 phononTS 0.000404773 0.0664386 -0.16339 0.049999 56115.6 0.00034743 1 0.0875083 -0.222681 0.05 58000.2
0 2368 3 phononTS 0.0023427 -1.49899 -3.58946 -0.0345625 4794.57 0.00069486 1 0.0847661 -0.207278 0.05 44089
0 2368 12 phononTF 0.000401546 0.0847661 -0.207278 0.049999 44089 0.00034743 1 -0.0849902 -0.193516 0.05 44165.3
0 2368 2 phononTF 0.0016573 -1.49899 -3.58946 -0.0345625 4794.57 0.00069486 1 -0.0677701 -0.279335 0.05 14545.2
0 2379 3 phononTS 0.00185282 0.371223 -4.90085 0.0125708 4602.8 0.00069486 1 0.0317989 -0.113186 0.05 40047.4
0 2427 3 phononTS 0.00222311 -1.87509 -3.55652 0.0178368 1302.49 0.00104229 1 -0.116959 -0.223349 0.05 9265.91
0 2476 2 phononTF 0.0010858 -1.06352 -4.04758 0.0457842 2479.62 0.00034743 1 0.0242362 -0.18715 0.05 32866.3
0 2486 1 phononTS 0.004 -1.25 -4.25 0 0 0.00034743 1 0.0337169 -0.167281 0.05 32029.8
0 2486 3 phononTS 0.00187336 0.0337169 -0.167281 0.049999 32029.8 0.00069486 1 0.0745762 -0.275432 0.05 32325.2
0 2535 4 phononTF 0.000531356 2.46218 -0.392237 0.0205209 72053.8 0.00034743 1 -0.0315301 -0.265772 0.05 73980.9
0 2556 3 phononTS 0.00115907 1.20007 -3.93455 0.0451026 3722.94 0.00034743 1 0.112215 -0.218309 0.05 35654.8
0 2570 5 phononTS 0.00144451 -2.58785 -2.98798 -0.0378518 10814.4 0.00034743 1 -0.0277123 -0.270245 0.05 13653.4
0 2595 3 phononTS 0.00251317 -0.496586 -4.83799 -0.0368079 2240.41 0.00034743 1 -0.0767426 -0.153393 0.05 13220.3
0 2640 3 phononTF 0.00152235 -0.207682 -4.48781 0.0281743 11181.3 0.00069486 1 -0.0910655 -0.159675 0.05 52555.7
0 2652 2 phononTS 0.000974933 -1.44727 -4.62455 0.0270766 1544.78 0.00034743 1 -0.0279546 -0.270537 0.05 7004.26
0 2652 4 phononTS 0.000362939 -0.0279546 -0.270537 0.049999 7004.26 0.00034743 1 0.0741605 -0.141687 0.05 7109.7
0 2662 2 phononL 0.00266914 0.0202213 -0.0168452 0.00259967 14123.3 0.00069486 1 0.0482069 -0.190874 0.05 14565.7
0 2662 8 phononTF 0.000485571 0.0482069 -0.190874 0.049999 14565.7 0.00034743 1 -0.11028 -0.208416 0.05 54239.1
0 2674 3 phononTF 0.00258371 -2.08512 -3.42188 -0.0122634 8399.54 0.00069486 1 0.0444473 -0.213934 0.05 31658.6
0 2675 2 phononTS 0.00183842 -1.50577 -4.24357 -0.0232322 2418.81 0.00034743 1 -0.0542125 -0.132345 0.05 26384.8
0 2678 3 phononTS 0.00175175 -0.60273 -4.46574 -0.0290113 435.761 0.00104229 1 -0.0449497 -0.187856 0.05 16152.9
0 2689 2 phononL 0.00192545 -1.67385 -3.02067 0.0470475 5516.1 0.00034743 1 0.0725017 -0.123294 0.05 74344.3
0 2689 4 phononL 0.000475513 0.0725017 -0.123294 0.049998 74344.3 0.00034743 1 0.0865847 -0.203307 0.05 76253.6
0 2703 2 phononTF 0.00163564 -2.42498 -2.10662 0.0458575 5848.8 0.00104229 1 0.0386264 -0.288279 0.05 27036.7
0 2713 3 phononL 0.00112497 -2.76198 -4.35174 0.00937601 5483.75 0.00069486 1 0.0473487 -0.156524 0.05 28072.3
0 2727 2 phononTF 0.00139493 -1.49953 -4.23996 -0.0011374 7355.42 0.00034743 1 0.0625206 -0.185813 0.05 15045.5
0 2728 4 phononTF 0.00128686 -3.1208 -2.01303 -0.0203368 11869.8 0.00069486 1 -0.0222179 -0.158616 0.05 106453
0 2741 3 phononTS 0.00293383 -0.652954 -1.83964 0.0488415 8415.99 0.00104229 1 -0.118211 -0.203374 0.05 17394.2
0 2741 4 phononL 0.00151571 -0.118211 -0.203374 0.049998 17394.2 0.00069486 1 0.116872 -0.211646 0.05 17631.2
0 2741 21 phononTF 0.000533633 0.116872 -0.211646 0.049999 17631.2 0.00034743 1 -0.105122 -0.191633 0.05 17719.4
0 2766 3 phononTF 0.00228874 0.00292269 -4.17507 0.0427243 8597.56 0.00034743 1 -0.0780689 -0.161313 0.05 14928
0 2766 4 phononTF 0.00121994 -0.0780689 -0.161313 0.049999 14928 0.00034743 1 0.0293031 -0.279122 0.05 15495.4
0 2772 2 phononL 0.00254784 -0.559538 -4.99174 -0.0251334 6754.36 0.00069486 1 -0.107746 -0.150159 0.05 36308.4
0 2772 5 phononTS 0.000748675 -0.107746 -0.150159 0.049998 36308.4 0.00034743 1 -0.0474231 -0.211443 0.05 59398.5
0 2814 3 phononTS 0.00204824 -2.42844 -2.81354 0.00972694 7252.4 0.00034743 1 0.0871271 -0.250616 0.05 65880.8
0 2871 2 phononTF 0.00245545 -1.00999 -4.80374 0.019729 1321.23 0.00104229 1 0.054289 -0.284573 0.05 7228.18
0 2905 3 phononTS 0.00225029 -3.11217 -4.3836 0.0403335 14324.6 0.00034743 1 -0.0694999 -0.186695 0.05 63612.1
0 2946 4 phononTS 0.000911063 0.298647 -0.153003 -0.0443299 28568.6 0.00034743 1 -0.0196118 -0.188507 0.05 31593.6
0 2953 3 phononTS 0.00142353 -1.86338 -4.34878 0.0274706 3942.91 0.00034743 1 -0.0953532 -0.26793 0.05 81587
0 2972 2 phononTS 0.00276076 -1.09248 -3.65267 -0.0211279 508.487 0.00034743 1 -0.0654409 -0.264404 0.05 61300.9
0 2973 7 phononTF 0.000990543 -3.78681 -4.28011 -0.00828272 24463.8 0.00069486 1 -0.0733454 -0.228308 0.05 43321.2
0 2976 3 phononTF 0.00198229 -1.23884 -3.64204 0.00429133 3292.65 0.00069486 1 -0.0402853 -0.192547 0.05 5265.63
0 2976 4 phononL 0.000837478 -0.0402853 -0.192547 0.049999 5265.63 0.00034743 1 0.103914 -0.176698 0.05 6072.53
0 3022 3 phononTS 0.00209646 -2.05311 -4.20111 -0.0171963 2198.49 0.00138972 1 -0.0254477 -0.258987 0.05 43341.5
0 3031 3 phononTF 0.00254981 -0.0871231 -2.82372 -0.0432816 10084 0.00069486 1 -0.07018 -0.256651 0.05 11098.3
0 3032 3 phononTS 0.00293486 -1.28019 -4.06701 0.0206433 143.982 0.00069486 1 0.113289 -0.20591 0.05 9722.91
0 3035 2 phononTS 0.00171221 -1.45501 -3.98357 0.0432818 4216.33 0.00069486 1 -0.0792896 -0.1503 0.05 19108.9
0 3035 9 phononTS 0.000673199 -0.0792896 -0.1503 0.049999 19108.9 0.00034743 1 0.0643917 -0.225692 0.05 19880.3
0 3037 2 phononTF 0.00287495 -1.92706 -4.54078 -0.00178526 1802.83 0.00069486 1 0.0532296 -0.167437 0.05 25777
0 3037 6 phononTS 0.00182555 0.0532296 -0.167437 0.049999 25777 0.00069486 1 -0.0416455 -0.197137 0.05 25948.1
0 3044 3 phononTS 0.00184322 -0.878073 -4.65144 -0.0143348 7455.68 0.00069486 1 -0.0303975 -0.207064 0.05 22842.8
0 3050 3 phononL 0.00108755 -1.00753 -3.32123 0.0260385 1018.56 0.00034743 1 0.0680069 -0.147238 0.05 29239
0 3069 5 phononTS 0.00189222 -1.81048 -0.351799 0.0338446 20800.2 0.00069486 1 -0.0884316 -0.257588 0.05 36115.4
0 3069 12 phononTS 0.000748508 -0.0884316 -0.257588 0.049999 36115.4 0.00034743 1 -0.100561 -0.176825 0.05 36189.4
0 3096 3 phononTS 0.00251362 -0.372061 -3.95847 0.00182325 3327.1 0.00034743 1 0.0351793 -0.300143 0.05 44800.8
0 3110 4 phononTF 0.00111484 -0.933156 -4.99113 0.0241257 8110.62 0.00034743 1 -0.0643447 -0.117765 0.05 10886
0 3118 3 phononTF 0.002129 -1.14087 -3.56299 -0.0406804 3644.92 0.00034743 1 -0.0587841 -0.229695 0.05 13356.6
0 3118 4 phononTS 0.000357685 -0.0587841 -0.229695 0.049999 13356.6 0.00034743 1 -0.112306 -0.20352 0.05 13421.6
0 3172 2 phononTF 0.0018836 -0.483329 -4.32551 -0.0462052 1773.44 0.00034743 1 -0.0527189 -0.272522 0.05 96246
0 3195 2 phononL 0.00214764 -1.26558 -4.26084 -0.0152604 4.45656 0.00034743 1 0.0627019 -0.184358 0.05 10598.9
0 3217 5 phononL 0.00132194 4.28772 -0.808625 0.0341234 25721.3 0.00034743 1 -0.0302263 -0.164405 0.05 31542.9
0 3227 5 phononL 0.00166239 0.623704 -0.798618 0.0409482 26606.6 0.00034743 1 0.104918 -0.196589 0.05 27360.3
0 3232 3 phononTS 0.0025952 -1.28888 -3.97277 -0.0093424 2722.8 0.00069486 1 0.0589315 -0.151067 0.05 18257.9
0 3232 4 phononL 0.00174464 0.0589315 -0.151067 0.049999 18257.9 0.00069486 1 -0.0916745 -0.176663 0.05 18562.8
0 3233 2 phononTS 0.00180387 -2.89754 -3.75957 -0.0356975 16760.3 0.00104229 1 0.0674906 -0.21084 0.05 28747.4
0 3311 3 phononTF 0.00240717 -1.49128 -4.66897 -0.026178 1612.36 0.00034743 1 -0.0870801 -0.232237 0.05 21778.1
0 3331 3 phononL 0.00251588 -1.1973 -4.14833 -0.00454396 219.297 0.00104229 1 -0.0305249 -0.130707 0.05 13004.4
0 3353 3 phononL 0.00275502 -1.29094 -2.41621 0.0367955 22030.9 0.00034743 1 -0.076058 -0.247066 0.05 37665.5
0 3353 5 phononL 0.00181625 -0.076058 -0.247066 0.049999 37665.5 0.00069486 1 0.0746463 -0.204983 0.05 112224
0 3362 3 phononL 0.00223242 -2.32161 -3.46474 0.0482947 2975.02 0.00069486 1 0.0355146 -0.18841 0.05 13055.6
0 3418 3 phononTS 0.00214116 -2.17008 -4.52547 -0.0432149 1475.03 0.00034743 1 -0.0445845 -0.293472 0.05 28604.9
0 3446 2 phononTS 0.0020179 1.57125 -3.55032 -0.007497 16286.2 0.00104229 1 -0.0681508 -0.221033 0.05 58204
0 3504 3 phononTS 0.00255238 -1.6964 -4.55791 0.0287999 1458.71 0.00034743 1 -0.0105668 -0.208969 0.05 28817.8
0 3504 6 phononTS 0.00155077 -0.0105668 -0.208969 0.049999 28817.8 0.00034743 1 -0.0754156 -0.112387 0.05 29129.9
0 3504 8 phononTF 0.000397091 -0.0754156 -0.112387 0.049999 29129.9 0.00034743 1 -0.104213 -0.198312 0.05 29196.1
0 3504 4 phononTF 0.000651147 -0.0105668 -0.208969 0.049999 28817.8 0.00034743 1 -0.0354128 -0.203559 0.05 28895.1
0 3535 1 phononTS 0.004 -1.25 -4.25 0 0 0.00138972 1 0.0367468 -0.146287 0.05 15446.1
0 3556 2 phononTS 0.00177298 -2.08037 -2.19469 -0.0417775 19011.4 0.00104229 1 -0.0364001 -0.149118 0.05 23613.1
0 3564 4 phononL 0.0016868 0.5789 -3.32773 0.0247733 14886.3 0.00069486 1 -0.07792 -0.219487 0.05 16713.5
0 3644 2 phononTF 0.00142161 -0.253188 -2.84358 -0.035133 17888.6 0.00034743 1 -0.0199322 -0.215701 0.05 34880.1
0 3705 2 phononL 0.00131719 -1.77491 -3.10152 0.0041775 14644.4 0.00034743 1 -0.0394379 -0.25992 0.05 53595.7
0 3709 3 phononTS 0.0024958 -1.25442 -4.24126 0.0114341 2.80679 0.00069486 1 -0.0792514 -0.221552 0.05 17721.4
0 3709 9 phononTS 0.000516188 -0.0792514 -0.221552 0.049999 17721.4 0.00034743 1 -0.0568927 -0.16501 0.05 17798.6
0 3745 3 phononTF 0.000938133 -1.18848 -4.00091 -0.00181845 135.984 0.00034743 1 0.0467838 -0.212453 0.05 12717.3
0 3746 2 phononTS 0.00300389 -1.29055 -4.21841 0.0271302 137.435 0.00034743 1 -0.0953943 -0.166846 0.05 12887.6
0 3801 2 phononTF 0.00127087 -0.762224 -4.47336 -0.0465801 1184.41 0.00034743 1 0.102872 -0.178697 0.05 23667.8
0 3838 3 phononTF 0.00194537 -2.31717 -3.75696 0.0481024 8025.44 0.00034743 1 0.0623387 -0.150561 0.05 22869.5
0 3839 3 phononTF 0.00227151 -1.60953 -4.5064 -0.0019096 1833.94 0.00069486 1 -0.0969112 -0.212231 0.05 40944.6
0 3845 3 phononTS 0.00198372 -0.737888 -4.85312 -0.0166063 1695.05 0.00104229 1 0.0349543 -0.204876 0.05 43142.5
0 3845 7 phononL 0.000743666 0.0349543 -0.204876 0.049999 43142.5 0.00034743 1 0.0292742 -0.220827 0.05 43191.4
0 3846 4 phononL 0.000474455 -0.158202 -4.71456 0.0057666 2815.04 0.00034743 1 -0.0538344 -0.231206 0.05 94290.7
0 3855 2 phononTS 0.0018814 -2.87275 -3.58006 0.0431121 14495.1 0.00034743 1 0.0334856 -0.185746 0.05 46551.1
0 3902 3 phononTS 0.00226083 -1.20216 -3.65538 -0.0125404 3690.41 0.00034743 1 0.0930929 -0.133358 0.05 75513.7
0 3972 3 phononL 0.00199001 -1.06463 -4.8049 -0.00221777 7462.01 0.00104229 1 0.100472 -0.166152 0.05 34498.6
0 3981 2 phononL 0.00256391 -0.988004 -3.86373 0.0246624 654.432 0.00104229 1 -0.0811532 -0.137186 0.05 19904.2
0 3981 4 phononTS 0.000352457 -0.0811532 -0.137186 0.049999 19904.2 0.00034743 1 -0.0232915 -0.257489 0.05 21658.9
0 4001 3 phononTF 0.00185011 -0.716983 -4.25701 -0.0012107 2635.71 0.00069486 1 -0.0813488 -0.197915 0.05 115393
0 4009 2 phononTS 0.00124716 0.37704 -3.16794 0.012605 5843.35 0.00069486 1 -0.0547754 -0.167371 0.05 37950.3
0 4022 2 phononTF 0.00140148 -4.2943 -4.68133 -0.00838394 20868.9 0.00034743 1 0.0511666 -0.13345 0.05 27685.1
0 4061 2 phononTS 0.00101876 -1.32873 -4.40228 -0.0166063 41.3347 0.00034743 1 0.0236429 -0.221972 0.05 2545.16
0 4074 2 phononTS 0.00251055 -1.10677 -3.92 -0.0205059 4106.73 0.00138972 1 0.0636395 -0.25001 0.05 14161.3
0 4105 3 phononTS 0.00176912 -1.14572 -4.87584 0.0189187 785.302 0.00069486 1 0.0842852 -0.255989 0.05 27376.8
0 4118 3 phononTF 0.00196632 -0.126794 -3.52427 0.0200318 5904.75 0.00034743 1 -0.0686026 -0.109081 0.05 8305.19
0 4136 3 phononTS 0.00245063 -0.467339 -4.38824 -0.0355942 3387.58 0.00034743 1 0.0366964 -0.127676 0.05 27755.8
0 4196 2 phononTS 0.00156196 -0.919074 -3.40364 0.0435069 1817.03 0.00069486 1 -0.0591 -0.287439 0.05 105610
0 4256 3 phononTF 0.00171338 -0.457639 -3.71204 -0.0128091 11492.4 0.00034743 1 -0.0263564 -0.259666 0.05 15266
0 4352 3 phononL 0.00152003 -1.38904 -3.66281 -0.0337065 6439.08 0.00069486 1 0.0258587 -0.217048 0.05 36330.2
0 4359 2 phononTF 0.00206897 -1.13415 -3.87035 0.031748 2595.04 0.00034743 1 -0.0600667 -0.160927 0.05 27844
0 4372 3 phononTF 0.00138912 -1.71718 -4.04863 -0.0246962 5663.13 0.00069486 1 0.0994639 -0.24279 0.05 46965.2
0 4386 2 phononL 0.00201707 -0.979842 -4.32542 -0.0166453 1712.95 0.00034743 1 -0.060128 -0.207834 0.05 12370.5
0 4386 6 phononTF 0.00133623 -0.060128 -0.207834 0.049999 12370.5 0.00069486 1 -0.0918071 -0.144548 0.05 12483.7
0 4388 3 phononTS 0.00206627 -0.21185 -3.46517 -0.0419903 3310.9 0.00069486 1 -0.0676262 -0.212548 0.05 35573.7
0 4388 4 phononTS 0.000842609 -0.0676262 -0.212548 0.049999 35573.7 0.00034743 1 -0.0550901 -0.25287 0.05 35634.6
0 4422 2 phononTS 0.00181506 -1.27166 -4.64818 0.0182351 1115.82 0.00034743 1 -0.0659857 -0.138632 0.05 32125.1
0 4436 3 phononTF 0.00193424 0.0359356 -4.85741 0.026179 4501.57 0.00034743 1 0.0167626 -0.170282 0.05 55997.4
0 4442 3 phononTS 0.00212034 -0.994645 -4.82203 -0.0429325 2102.14 0.00034743 1 -0.0547077 -0.187215 0.05 23330.6
0 4485 5 phononTF 0.00180025 -1.27743 -2.36627 -0.00264631 3581.16 0.00034743 1 0.0664844 -0.201932 0.05 24266.4
0 4488 2 phononTS 0.00229896 -2.6393 -3.63186 -0.0390981 7021.57 0.00034743 1 0.0393576 -0.295993 0.05 10302.4
0 4490 4 phononL 0.00115424 -0.529377 -4.99193 0.0351882 2266.33 0.00034743 1 0.0677842 -0.125204 0.05 18137.4
0 4505 3 phononTS 0.00197053 -4.0679 -2.60972 0.0333359 23325.6 0.00069486 1 -0.0359574 -0.241338 0.05 41084.4
0 4505 13 phononL 0.000427491 -0.0359574 -0.241338 0.049999 41084.4 0.00034743 1 0.0705501 -0.203885 0.05 41535.9
0 4511 3 phononTS 0.00112822 -1.37368 -4.46457 -0.0126727 4088.21 0.00034743 1 0.0265031 -0.153886 0.05 26488.9
0 4530 5 phononL 0.0022144 0.310276 -1.17832 0.0166242 28893.5 0.00034743 1 0.0914699 -0.242702 0.05 29574.4
0 4546 3 phononTF 0.0021395 -0.421638 -4.92109 0.00405656 1843.3 0.00034743 1 0.0867388 -0.18444 0.05 75602.1
0 4558 2 phononTF 0.00150609 -1.39447 -4.5391 -0.0172765 484.855 0.00034743 1 0.065375 -0.257398 0.05 4820.99
0 4570 4 phononTS 0.000868446 -0.263276 -4.31965 0.0223222 31000.7 0.00034743 1 0.0251623 -0.25582 0.05 35668.8
0 4623 4 phononTF 0.00101045 -3.24429 -2.35325 0.0390325 28810.7 0.00034743 1 -0.0697978 -0.2891 0.05 57652.5
0 4636 2 phononTF 0.00115983 -1.97586 -3.23229 -0.0382417 6012.12 0.00034743 1 -0.10235 -0.237637 0.05 38635.8
0 4690 3 phononTS 0.00197752 -1.36016 -3.89889 -0.00724069 724.763 0.00034743 1 0.0610765 -0.235417 0.05 15660.1
0 4703 4 phononTF 0.00127219 -1.20696 -4.8769 0.00333047 16724.4 0.00034743 1 0.0472332 -0.100221 0.05 69007.7
0 4743 2 phononTS 0.0016386 0.634966 -3.55375 -0.0118711 10806.9 0.00034743 1 0.0486072 -0.110773 0.05 25052.5
0 4743 5 phononTS 0.000743119 0.0486072 -0.110773 0.049999 25052.5 0.00034743 1 0.0789508 -0.265573 0.05 25162.1
0 4774 2 phononTS 0.00150303 -1.03182 -3.67339 -0.00862469 621.497 0.00069486 1 0.014139 -0.19515 0.05 41864
0 4798 3 phononTF 0.00233317 -1.17473 -4.84348 -0.0192364 2771.06 0.00034743 1 0.0571233 -0.23711 0.05 26949
0 4798 4 phononL 0.00129446 0.0571233 -0.23711 0.049999 26949 0.00034743 1 -0.0821764 -0.161901 0.05 27000.2
0 4827 3 phononTF 0.00202959 0.834965 -4.02446 0.0244654 10159.1 0.00069486 1 0.0200454 -0.209668 0.05 66824.2
0 4850 2 phononTF 0.00252011 -2.27285 -4.15672 0.0176217 9024.01 0.00034743 1 -0.110565 -0.237032 0.05 48838.2
0 4920 4 phononTS 0.000462979 0.962552 -3.4002 -0.0138689 33692.9 0.00034743 1 0.120014 -0.206223 0.05 78058.5
0 4981 2 phononTS 0.001953 -1.42272 -4.09767 0.0392194 1047.9 0.00034743 1 0.0413228 -0.218263 0.05 12576.2
0 4983 3 phononTS 0.00111019 -0.223809 -4.69309 0.0396491 4843.24 0.00034743 1 0.0900926 -0.234697 0.05 10974.9
