Run ID,Event ID,Track ID,Particle Name,Start Energy [eV],Start X [mm],Start Y [mm],Start Z [mm],Start Time [ns],Energy Deposited [eV],Track Weight,End X [mm],End Y [mm],End Z [mm],Final Time [ns],Volume Name
0 13 3 phononTS 0.00167676 -1.28667 0.788424 -0.0370942 5356.1 0.00034743 1 -0.0178503 -0.176871 0.05 40923.4
0 18 3 phononL 0.00205444 -0.977303 1.06605 0.0390622 7649.45 0.00069486 1 -0.106625 -0.154535 0.05 66393.9
0 18 4 phononTF 0.00061149 -0.106625 -0.154535 0.049999 66393.9 0.00034743 1 -0.107919 -0.187199 0.05 66476.8
0 77 5 phononTS 0.00142768 -0.834829 2.47918 0.0399271 18272.9 0.00034743 1 -0.057662 -0.160434 0.05 31297
0 77 7 phononTF 0.000361561 -0.057662 -0.160434 0.049999 31297 0.00034743 1 -0.02913 -0.15323 0.05 31364.3
0 77 4 phononTS 0.00124913 -0.834829 2.47918 0.0399271 18272.9 0.00034743 1 -0.0452998 -0.267505 0.05 52481.7
0 77 2 phononTF 0.00132319 -1.1915 3.2083 0.0347977 8975.96 0.00034743 1 -0.0495417 -0.228572 0.05 43832.9
0 77 22 phononL 0.000850586 -0.0495417 -0.228572 0.049999 43832.9 0.00034743 1 -0.0947972 -0.189626 0.05 45899.1
0 135 5 phononL 0.00112947 -1.22603 1.76245 -0.0394071 6975.31 0.00034743 1 0.0707826 -0.137411 0.05 36351.5
0 176 4 phononL 0.00165714 -3.76875 4.06832 0.00065686 13735.8 0.00034743 1 0.0648224 -0.113312 0.05 39554.2
0 215 2 phononL 0.00236557 -0.691146 2.49144 -0.00666738 6957.89 0.00069486 1 0.0883079 -0.147888 0.05 17384.1
0 225 2 phononTS 0.00216783 -2.49105 2.61891 -0.0259727 355.202 0.00034743 1 -0.08552 -0.144177 0.05 41739.4
0 256 4 phononTS 0.00123283 0.227225 1.18974 -0.042559 8079.37 0.00034743 1 0.0365841 -0.0985802 0.05 11752.1
0 287 3 phononTS 0.00228763 -2.22401 2.8359 -0.0249498 18.3921 0.00104229 1 0.113446 -0.188654 0.05 15340
0 304 3 phononTS 0.002201 -1.8913 1.96554 -0.0426416 1738.4 0.00069486 1 -0.0568806 -0.136109 0.05 13350.3
0 315 2 phononTF 0.00214243 -1.90868 0.524465 0.0323763 12880.8 0.00034743 1 0.0403777 -0.207142 0.05 61892.8
0 315 5 phononTF 0.00106448 0.0403777 -0.207142 0.049999 61892.8 0.00034743 1 0.0261834 -0.28436 0.05 61965.5
0 315 15 phononTS 0.000386974 0.0261834 -0.28436 0.049999 61965.5 0.00034743 1 -0.093502 -0.149882 0.05 62118
0 350 2 phononTS 0.00216492 -2.47423 2.48618 0.0170197 1536.86 0.00104229 1 0.105615 -0.149794 0.05 60609.5
0 354 3 phononTF 0.0027107 -2.54848 3.13404 0.00398841 980.95 0.00034743 1 -0.0957391 -0.213595 0.05 21184.1
0 354 4 phononTS 0.00165925 -0.0957391 -0.213595 0.049998 21184.1 0.00069486 1 -0.108222 -0.240056 0.05 21276.9
0 388 3 phononTF 0.00209431 -2.60935 2.2753 -0.0166712 2491.31 0.00034743 1 -0.0491556 -0.166873 0.05 59270.2
0 420 5 phononTF 0.00143909 -1.27549 1.29491 0.0118348 13194.2 0.00034743 1 -0.0935886 -0.18867 0.05 19863.4
0 423 1 phononL 0.004 -2.25 2.75 0 0 0.00069486 1 -0.114375 -0.213437 0.05 8023.06
0 423 2 phononTS 0.00153611 -0.114375 -0.213437 0.049998 8023.06 0.00034743 1 -0.0536798 -0.162959 0.05 8277.63
0 497 3 phononTF 0.00222811 -1.80772 -0.00868156 0.0188927 12335.1 0.00034743 1 0.071453 -0.109537 0.05 22788.1
0 519 3 phononL 0.00295094 -3.26618 2.35644 -0.0468898 5004.48 0.00034743 1 -0.0870499 -0.24801 0.05 24319.6
0 519 6 phononTS 0.000874313 -0.0870499 -0.24801 0.049999 24319.6 0.00034743 1 -0.0408077 -0.26974 0.05 24383.2
0 519 10 phononL 0.000438395 -0.0408077 -0.26974 0.049999 24383.2 0.00034743 1 -0.0734986 -0.250113 0.05 24589.8
0 519 4 phononTF 0.000662198 -0.0870499 -0.24801 0.049999 24319.6 0.00034743 1 -0.0371735 -0.156446 0.05 63742.6
0 541 3 phononTS 0.00113423 -1.4782 2.93898 -0.0239354 2667.47 0.00034743 1 -0.119917 -0.208268 0.05 21123.1
0 542 3 phononTS 0.00276839 -1.86333 3.39746 0.00754709 1409.62 0.00069486 1 0.041597 -0.281148 0.05 7919.99
0 542 8 phononTS 0.00113186 0.041597 -0.281148 0.049998 7919.99 0.00034743 1 0.0808849 -0.282148 0.05 8135.53
0 568 3 phononTS 0.00286754 -2.28745 2.68531 0.0470807 18.9307 0.00034743 1 -0.114938 -0.185928 0.05 13891.9
0 568 5 phononL 0.00066327 -0.114938 -0.185928 0.049999 13891.9 0.00034743 1 0.0957161 -0.238633 0.05 14069.4
0 600 2 phononL 0.00236208 -0.706583 1.34861 -0.0407346 9206.5 0.00034743 1 -0.0611547 -0.184338 0.05 18381.2
0 635 3 phononL 0.00253118 -2.06599 2.50358 0.0112194 1807.6 0.00034743 1 -0.030216 -0.138894 0.05 20577.4
0 635 5 phononTS 0.00105407 -0.030216 -0.138894 0.049999 20577.4 0.00034743 1 -0.102384 -0.20005 0.05 20650.7
0 635 4 phononTS 0.000596355 -0.030216 -0.138894 0.049999 20577.4 0.00034743 1 -0.0765286 -0.215699 0.05 21021.5
0 659 2 phononL 0.00205888 -3.85879 2.10571 0.0427189 5410.39 0.00034743 1 -0.0994295 -0.220936 0.05 8249.09
0 693 2 phononTS 0.00266044 -2.34727 2.73659 0.0454273 148.659 0.00104229 1 0.0448181 -0.0975187 0.05 46186
0 719 5 phononL 0.00127248 -4.76799 1.83495 0.0319159 26521 0.00034743 1 -0.0890707 -0.158227 0.05 33635.7
0 731 5 phononL 0.000915541 -1.97276 2.40185 -0.0487949 5838.09 0.00069486 1 -0.0571848 -0.115123 0.05 30530.6
0 736 3 phononTF 0.00193385 -2.01353 2.47091 0.0184322 1239.66 0.00069486 1 -0.112514 -0.178366 0.05 53393.4
0 736 4 phononTF 0.000953515 -0.112514 -0.178366 0.049999 53393.4 0.00034743 1 0.0276207 -0.105555 0.05 54673.2
0 840 3 phononTS 0.00221291 -1.6761 1.94311 -0.0443497 4182.26 0.00034743 1 0.105432 -0.25149 0.05 38905.6
0 840 6 phononTS 0.00146512 0.105432 -0.25149 0.049999 38905.6 0.00069486 1 0.0726921 -0.260157 0.05 38968.1
0 890 3 phononTS 0.00210675 -0.811425 4.92502 0.013755 13367.9 0.00034743 1 -0.0429645 -0.152578 0.05 29278.7
0 897 5 phononTS 0.000994544 0.155666 4.40903 -0.0219771 12316.2 0.00034743 1 0.0496184 -0.14812 0.05 14650.6
0 939 2 phononTF 0.00105512 -0.0236295 2.28726 -0.0240832 15158.1 0.00034743 1 -0.0379456 -0.23189 0.05 19134.1
0 987 4 phononTS 0.00128319 -3.04523 3.89566 0.0459425 2145.53 0.00069486 1 -0.0611864 -0.259603 0.05 38738.2
0 1039 3 phononTS 0.00153146 -1.53502 1.38182 -0.0457889 5269.35 0.00069486 1 0.0839005 -0.17943 0.05 110163
0 1039 2 phononTS 0.00246854 -1.53502 1.38182 -0.0457889 5269.35 0.00034743 1 -0.0202493 -0.172521 0.05 11633
0 1039 17 phononTF 0.0015124 -0.0202493 -0.172521 0.049999 11633 0.00069486 1 -0.0630679 -0.108685 0.05 11696.6
0 1104 2 phononTF 0.00143548 -2.60125 1.40771 0.00113232 3859.07 0.00034743 1 -0.102488 -0.245122 0.05 63017.4
0 1104 6 phononTS 0.000570225 -0.102488 -0.245122 0.049999 63017.4 0.00034743 1 -0.114253 -0.235451 0.05 63075.5
0 1104 4 phononTS 0.000511869 -0.102488 -0.245122 0.049999 63017.4 0.00034743 1 -0.060156 -0.258561 0.05 63676.9
0 1113 3 phononTS 0.00176792 -2.60873 2.95002 0.0409155 494.464 0.00034743 1 -0.0572166 -0.187082 0.05 28031.5
0 1113 5 phononTF 0.000645037 -0.0572166 -0.187082 0.049999 28031.5 0.00034743 1 0.082675 -0.157362 0.05 29792.6
0 1154 3 phononTF 0.00280742 -2.13571 2.82643 -0.0417665 1833.18 0.00069486 1 -0.0402871 -0.119578 0.05 10336.5
0 1172 2 phononTS 0.001786 -0.937906 3.96422 0.00428864 4116.51 0.00069486 1 -0.0477582 -0.205759 0.05 66477.6
0 1185 3 phononTS 0.0020333 -2.55154 3.0839 -0.00230017 1534.2 0.00034743 1 0.0438619 -0.259454 0.05 4546.45
0 1194 5 phononL 0.00131856 0.118938 -0.453381 0.0127609 11296.4 0.00034743 1 -0.0492861 -0.204468 0.05 11503.6
0 1216 7 phononL 0.000818305 0.55877 0.585967 0.0056066 8376.71 0.00034743 1 0.0807951 -0.278267 0.05 16608
0 1281 4 phononTF 0.00148249 -3.36415 4.64337 -0.0109635 24758.4 0.00069486 1 -0.0827575 -0.195795 0.05 62468.6
0 1283 8 phononL 0.00131821 1.11633 4.27055 0.0205636 28110 0.00034743 1 0.104193 -0.176082 0.05 89782.1
0 1299 5 phononTS 0.00143296 0.74575 2.52731 -0.0232657 19450 0.00034743 1 -0.0457618 -0.240742 0.05 51739.8
0 1333 4 phononTS 0.00164671 -2.5708 3.04053 0.0469346 22063.5 0.00069486 1 -0.0566367 -0.205902 0.05 57693
0 1363 4 phononTF 0.000700667 0.489793 -3.52787 -0.017086 88657.4 0.00034743 1 0.0988478 -0.237241 0.05 114072
0 1426 2 phononTF 0.00154567 -2.98989 3.49476 -0.0460805 648.203 0.00069486 1 -0.012786 -0.189029 0.05 6726.71
0 1455 3 phononTS 0.00212263 -2.15969 2.76782 0.0195727 402.394 0.00069486 1 -0.0904965 -0.231591 0.05 14174.6
0 1479 2 phononL 0.000738279 -2.31961 2.72219 -0.0413012 16.1617 0.00034743 1 0.0413466 -0.120328 0.05 302703
0 1481 5 phononTS 0.0018179 0.43117 -2.77149 -0.0358214 58648.1 0.00034743 1 -0.0775937 -0.208675 0.05 83243.8
0 1481 6 phononTF 0.00127832 -0.0775937 -0.208675 0.049999 83243.8 0.00034743 1 -0.0915975 -0.171655 0.05 83302.5
0 1548 4 phononTF 0.000784187 -2.02568 1.00183 -0.000113056 21365.7 0.00034743 1 -0.0357853 -0.187506 0.05 74354.8
0 1575 2 phononTF 0.00232026 -2.5525 1.922 0.0195904 1336.69 0.00034743 1 0.0647724 -0.290506 0.05 55841
0 1616 3 phononTF 0.00154757 -3.0355 1.53378 -0.0196203 2515.02 0.00034743 1 -0.100749 -0.238892 0.05 43970
0 1617 7 phononTS 0.00077833 -0.807055 1.7684 -0.0427419 72906.9 0.00034743 1 -0.0862966 -0.189362 0.05 107964
0 1620 4 phononTF 0.00134467 -4.61127 1.89787 -0.0140988 33580.8 0.00069486 1 0.057076 -0.18651 0.05 54493.7
0 1630 5 phononTS 0.00103785 -0.922325 3.77389 -0.0207243 9192.36 0.00034743 1 -0.0872132 -0.131151 0.05 92857.7
0 1642 2 phononTS 0.00219719 -2.73064 2.41927 0.00683695 915.36 0.00069486 1 -0.0802139 -0.260442 0.05 20199.2
0 1650 2 phononL 0.00251284 -2.24845 2.75493 0.00299806 1.13431 0.00069486 1 0.0612144 -0.11648 0.05 19120.5
0 1650 8 phononL 0.000351888 0.0612144 -0.11648 0.049999 19120.5 0.00034743 1 0.0392333 -0.109465 0.05 19668.5
0 1732 2 phononTS 0.000846063 -1.47887 2.95492 -0.0482705 1495.26 0.00034743 1 0.0254577 -0.262678 0.05 9721.4
0 1740 5 phononTF 0.000765078 -4.97548 -1.05921 -0.0133654 20940.4 0.00034743 1 -0.085194 -0.164345 0.05 32234.6
0 1741 2 phononL 0.00224201 -0.114337 2.36286 -0.0373923 12199.5 0.00034743 1 -0.0967698 -0.245873 0.05 22432.3
0 1741 9 phononTF 0.000720836 -0.0967698 -0.245873 0.049998 22432.3 0.00034743 1 -0.0499307 -0.275271 0.05 22495.9
0 1761 3 phononTS 0.00221222 -4.21622 3.06237 0.0158306 7421.66 0.00034743 1 0.0797639 -0.177805 0.05 38908.6
0 1799 3 phononL 0.00102809 -1.90767 3.50277 0.0214543 4747.16 0.00034743 1 -0.0658394 -0.282585 0.05 24399.3
0 1843 4 phononTF 0.00169605 -1.37413 3.3604 -0.00274485 9063.26 0.00104229 1 0.0313083 -0.0963918 0.05 38243.1
0 1843 2 phononL 0.00134494 -1.89065 2.72194 -0.0115552 355.516 0.00069486 1 -0.0356812 -0.114429 0.05 14068.2
0 1855 2 phononTS 0.000549354 -0.661644 2.96004 -0.00536689 7813.03 0.00034743 1 0.0825373 -0.228767 0.05 42816.6
0 1868 5 phononTF 0.00217319 -0.311663 3.25064 0.00158326 29806.9 0.00034743 1 0.119486 -0.18539 0.05 57636.9
0 1868 6 phononTS 0.000507777 0.119486 -0.18539 0.049999 57636.9 0.00034743 1 0.111518 -0.184088 0.05 57694.6
0 1891 2 phononTS 0.00182768 -2.27176 2.81728 0.0217558 592.345 0.00034743 1 -0.0524457 -0.270707 0.05 52319.8
0 1920 2 phononTS 0.00197534 -4.38622 2.38942 0.0491994 9164.79 0.00069486 1 0.0548309 -0.110233 0.05 45604.7
0 1940 2 phononTF 0.00215241 -0.950065 2.10942 0.0407548 7228.77 0.00034743 1 0.0406043 -0.146474 0.05 10297.5
0 1942 5 phononL 0.00082651 -4.03294 3.69521 -0.0210318 22614.9 0.00034743 1 0.0352807 -0.216726 0.05 87617.8
0 1942 6 phononTS 0.000434659 0.0352807 -0.216726 0.049999 87617.8 0.00034743 1 -0.0493081 -0.162865 0.05 87768
0 1981 2 phononTS 0.00202776 -2.10148 3.83031 -0.0300908 1923.34 0.00069486 1 0.076479 -0.277799 0.05 33095.2
0 2022 2 phononL 0.00145852 -1.33584 2.11354 -0.0272261 5580.72 0.00069486 1 -0.0973907 -0.225259 0.05 49167.1
0 2035 4 phononL 0.00116509 -0.683843 1.03796 0.000639155 26758.2 0.00034743 1 0.0985323 -0.252055 0.05 48356.5
0 2052 2 phononTS 0.000820928 -2.22731 0.10181 0.049999 12418.8 0.00034743 1 0.0310916 -0.201653 0.05 40172.2
0 2053 4 phononTF 0.000749564 3.05811 3.79009 0.0076459 18387.3 0.00034743 1 0.0684717 -0.251471 0.05 99406
0 2093 3 phononTS 0.00244722 -2.32921 2.75319 -0.0234543 1042.09 0.00104229 1 -0.0630937 -0.274309 0.05 31379
0 2145 2 phononTF 0.00148183 -2.1055 3.63662 0.0186621 1700.96 0.00034743 1 -0.0157279 -0.206805 0.05 20852.3
0 2190 4 phononL 0.00128734 0.251792 0.49946 -0.0260417 51385.3 0.00034743 1 0.0257608 -0.137569 0.05 68541.1
0 2192 3 phononTS 0.00155238 -1.52696 2.5324 -0.0479535 1656.49 0.00034743 1 -0.0771092 -0.206859 0.05 5765.18
0 2204 2 phononTF 0.00166954 -2.50013 2.41686 0.0169904 1364.12 0.00034743 1 -0.0843269 -0.257195 0.05 12529.8
0 2235 3 phononL 0.00141089 -1.70163 2.77178 -0.037354 8283.8 0.00034743 1 0.0519349 -0.214106 0.05 30034.9
0 2235 6 phononTS 0.000415301 0.0519349 -0.214106 0.049999 30034.9 0.00034743 1 0.0150876 -0.234425 0.05 30100
0 2235 4 phononTF 0.000442218 0.0519349 -0.214106 0.049999 30034.9 0.00034743 1 0.0652407 -0.281841 0.05 30102.6
0 2236 2 phononL 0.00147013 -0.728696 3.08338 -0.0217375 6551.52 0.00069486 1 0.0318449 -0.199067 0.05 12267.5
0 2242 2 phononTS 0.00129003 -2.21641 2.66671 -0.00239974 172.49 0.00069486 1 -0.10609 -0.15851 0.05 29001.1
0 2252 5 phononTS 0.00113791 2.12007 4.5274 0.0338328 17678.1 0.00069486 1 0.0991793 -0.175694 0.05 64564.3
0 2270 4 phononTF 0.00118482 -1.52246 4.05067 -0.0379377 58389.4 0.00034743 1 0.0836126 -0.143242 0.05 87560.7
0 2321 2 phononL 0.00130937 -1.2756 4.81555 0.0351689 4640.08 0.00069486 1 -0.0824511 -0.202025 0.05 36962
0 2361 4 phononTS 0.000944746 3.23209 2.23862 0.0286037 34579.2 0.00034743 1 -0.0493921 -0.125642 0.05 101346
0 2367 2 phononL 0.00136568 -2.03168 3.09396 -0.0351524 3370.43 0.00034743 1 -0.0664639 -0.185953 0.05 162772
0 2369 4 phononTF 0.00161327 -3.70982 -2.26442 -0.0444961 34944.3 0.00034743 1 0.0566846 -0.118639 0.05 49745.8
0 2369 6 phononTS 0.00114939 0.0566846 -0.118639 0.049998 49745.8 0.00069486 1 0.0892173 -0.165173 0.05 49815.5
0 2370 3 phononTS 0.00173297 -2.38207 2.71622 0.0473559 428.897 0.00069486 1 0.110814 -0.195659 0.05 40179.6
0 2411 5 phononTF 0.00193889 -0.48866 2.52873 -0.0198312 8021.5 0.00104229 1 -0.0350249 -0.208639 0.05 48191.2
0 2411 6 phononTF 0.000377157 -0.0350249 -0.208639 0.049999 48191.2 0.00034743 1 0.0965986 -0.156971 0.05 48267.3
0 2491 4 phononTF 0.000773571 -1.40076 0.0539884 0.049999 4762.24 0.00034743 1 -0.0245857 -0.211742 0.05 6111.33
0 2533 3 phononTS 0.00168253 -1.31124 3.7371 -0.0345137 8538.74 0.00034743 1 -0.0701999 -0.175144 0.05 94248.8
0 2573 2 phononTS 0.00190136 -2.22234 2.69964 -0.0187795 14.1366 0.00104229 1 0.074613 -0.177648 0.05 65832.6
0 2601 3 phononTS 0.00276422 -1.92278 3.36382 0.017841 843.394 0.00034743 1 0.0326159 -0.145014 0.05 36126.1
0 2601 5 phononTF 0.00220858 0.0326159 -0.145014 0.049999 36126.1 0.00034743 1 0.0348356 -0.142039 0.05 36128.3
0 2627 2 phononL 0.0023596 -3.6251 2.05906 0.019072 20689.3 0.00069486 1 -0.0544436 -0.203567 0.05 46927.2
0 2683 5 phononTF 0.00122498 -3.39276 3.45927 -0.0427437 30316.6 0.00104229 1 0.067567 -0.140809 0.05 40539.4
0 2686 3 phononTS 0.00265181 -2.44012 2.3942 -0.0323395 816.471 0.00069486 1 0.0712637 -0.124675 0.05 13350.1
0 2686 11 phononTS 0.000508937 0.0712637 -0.124675 0.049999 13350.1 0.00034743 1 0.10284 -0.155609 0.05 13624.6
0 2701 4 phononTF 0.00148951 -0.32958 -1.25896 -0.0498153 28419 0.00034743 1 -0.101497 -0.139784 0.05 36221
0 2701 6 phononTS 0.000995175 -0.101497 -0.139784 0.049999 36221 0.00034743 1 -0.108864 -0.18773 0.05 36323.2
0 2703 3 phononL 0.00253164 -1.97611 3.26274 0.036131 12387.6 0.00034743 1 -0.0542613 -0.17244 0.05 28491.2
0 2711 2 phononL 0.00236937 -2.17466 2.20991 -0.00709948 4629.2 0.00069486 1 0.0632664 -0.190612 0.05 49826.5
0 2713 2 phononTF 0.00110699 -2.42701 2.80167 -0.0315544 2174.18 0.00034743 1 -0.0528909 -0.208743 0.05 58963.7
0 2713 9 phononTS 0.000453037 -0.0528909 -0.208743 0.049998 58963.7 0.00034743 1 -0.0328167 -0.270831 0.05 59035.9
0 2812 3 phononL 0.00272911 -1.40467 2.01252 -0.0161748 15191.4 0.00069486 1 -0.0366941 -0.282601 0.05 39810.5
0 2812 8 phononL 0.00106954 -0.0366941 -0.282601 0.049998 39810.5 0.00034743 1 -0.0996574 -0.202817 0.05 40036.2
0 2823 4 phononL 0.00104716 2.1572 4.45552 -0.0498497 20648.7 0.00034743 1 0.0536447 -0.268259 0.05 46474.7
0 2826 2 phononTF 0.00188813 -1.75243 3.77513 0.0335158 2520.14 0.00034743 1 0.0678138 -0.242457 0.05 111074
0 2826 5 phononTF 0.000901493 0.0678138 -0.242457 0.049999 111074 0.00034743 1 0.0634431 -0.141188 0.05 111140
0 2826 4 phononL 0.00039895 0.0678138 -0.242457 0.049999 111074 0.00034743 1 -0.0884185 -0.164382 0.05 111178
0 2851 2 phononTS 0.00224786 -2.99412 4.57012 0.000844757 15906.6 0.00034743 1 0.0575386 -0.209299 0.05 47927.3
0 2851 7 phononTF 0.00118955 0.0575386 -0.209299 0.049999 47927.3 0.00034743 1 -0.0487478 -0.196677 0.05 47992.4
0 2864 4 phononTS 0.00137197 -3.0092 1.74827 -0.0251172 1503.05 0.00034743 1 -0.0206672 -0.244385 0.05 31925
0 2869 2 phononTF 0.00139493 -2.49953 2.76004 -0.0011374 7355.42 0.00034743 1 0.0442058 -0.207535 0.05 10141.4
0 2873 5 phononTS 0.00114898 0.841569 -1.6014 -0.00478788 17825 0.00034743 1 0.0611253 -0.162025 0.05 20021.3
0 2912 2 phononTF 0.00131348 -2.29185 3.19279 0.034772 285.559 0.00069486 1 -0.0815855 -0.201821 0.05 26852.7
0 2981 5 phononTS 0.0015264 -2.00074 4.02968 -0.00209166 11520.4 0.00069486 1 -0.0972008 -0.186133 0.05 66024.7
0 3024 3 phononL 0.00159513 -2.287 2.61822 -0.0176379 33.2722 0.00069486 1 -0.0422625 -0.258902 0.05 117350
0 3028 2 phononL 0.00258843 -2.40004 2.52318 0.0061953 1383.15 0.00034743 1 -0.022839 -0.213242 0.05 76565.5
0 3067 3 phononTS 0.00261734 -1.31794 1.01933 0.0469346 7231.84 0.00104229 1 -0.119819 -0.199509 0.05 22771.1
0 3086 4 phononTS 0.00105409 -3.2058 -0.753761 0.0442229 37922.9 0.00034743 1 -0.0542623 -0.154452 0.05 49046.2
0 3109 3 phononTF 0.00264391 -2.67691 2.53218 0.00620956 1757.79 0.00104229 1 -0.102754 -0.214716 0.05 92264.6
0 3118 2 phononL 0.000911062 -0.879293 0.0838382 0.049998 21079.6 0.00034743 1 0.0974496 -0.190478 0.05 24135.4
0 3125 3 phononTS 0.0020042 -2.70108 2.60354 -0.0243597 525.268 0.00034743 1 0.0811945 -0.257026 0.05 13719.1
0 3134 2 phononTS 0.00199566 -0.981933 1.48606 0.00557891 5628.41 0.00069486 1 0.031873 -0.183081 0.05 11394.5
0 3138 2 phononTS 0.00166205 -1.92664 2.05924 0.0423117 492.109 0.00104229 1 0.0664832 -0.213692 0.05 12655.3
0 3163 3 phononTF 0.00149399 -1.80576 2.39548 0.00783356 4331.89 0.00034743 1 -0.0846228 -0.236562 0.05 35139.1
0 3166 3 phononTF 0.00250792 -2.24928 2.17676 0.00327325 816.475 0.00034743 1 -0.0185716 -0.190284 0.05 8548.97
0 3175 3 phononTF 0.00218028 -2.50171 1.28413 -0.037945 8730.44 0.00034743 1 0.0126995 -0.192671 0.05 35418.5
0 3183 2 phononTS 0.0023763 -4.05944 3.21799 0.0351001 7748.5 0.00034743 1 -0.0473867 -0.183518 0.05 30428.7
0 3183 5 phononTF 0.00110126 -0.0473867 -0.183518 0.049999 30428.7 0.00034743 1 0.0446679 -0.212087 0.05 30567.9
0 3183 4 phononTS 0.000619862 -0.0473867 -0.183518 0.049999 30428.7 0.00034743 1 0.0378068 -0.247434 0.05 30565.4
0 3220 5 phononTF 0.00104927 -2.20453 2.04058 0.0380364 68652.4 0.00034743 1 -0.0986461 -0.224354 0.05 89715.6
0 3220 6 phononL 0.000396183 -0.0986461 -0.224354 0.049999 89715.6 0.00034743 1 0.0256517 -0.185298 0.05 89773.5
0 3325 2 phononL 0.00219819 -1.99293 1.39416 -0.00909973 5757.26 0.00034743 1 -0.0639921 -0.249714 0.05 40813.9
0 3381 3 phononTS 0.0028499 -1.75136 2.78902 0.00228803 2373.82 0.00104229 1 0.031461 -0.120655 0.05 36320.6
0 3391 2 phononTF 0.00119952 -3.46346 2.44279 -0.0329245 8357.43 0.00034743 1 0.0632352 -0.193539 0.05 15587.3
0 3391 6 phononL 0.000490409 0.0632352 -0.193539 0.049999 15587.3 0.00034743 1 0.0780083 -0.204365 0.05 16041.6
0 3491 2 phononL 0.00212848 -2.90552 2.67428 -0.00850492 2799.26 0.00034743 1 0.0246433 -0.2668 0.05 23553.3
0 3491 5 phononTS 0.00159111 0.0246433 -0.2668 0.049999 23553.3 0.00034743 1 -0.0304291 -0.272435 0.05 23696
0 3576 3 phononL 0.00217959 -2.30692 2.61838 -0.0362315 527.426 0.00034743 1 0.0996613 -0.15904 0.05 25335.5
0 3583 3 phononTS 0.00156005 -3.57364 4.79396 -0.00182675 7450.82 0.00069486 1 0.036738 -0.178179 0.05 10916.5
0 3584 3 phononL 0.00276043 1.63741 2.92184 0.0269475 7115.38 0.00034743 1 0.0672605 -0.200361 0.05 31768.8
0 3584 8 phononTS 0.000416226 0.0672605 -0.200361 0.049999 31768.8 0.00034743 1 0.0656885 -0.150629 0.05 31845.1
0 3593 3 phononTS 0.00196019 -2.15705 2.67989 0.0341164 26.4245 0.00034743 1 -0.067913 -0.18467 0.05 3546.68
0 3593 5 phononTS 0.00107041 -0.067913 -0.18467 0.049999 3546.68 0.00034743 1 -0.0544939 -0.200551 0.05 3604.63
0 3639 3 phononTS 0.0023901 -1.91661 2.51254 -0.0363501 2743.69 0.00069486 1 0.10995 -0.213535 0.05 8315.27
0 3639 4 phononTF 0.00112009 0.10995 -0.213535 0.049999 8315.27 0.00034743 1 0.0416947 -0.126574 0.05 8890.65
0 3639 15 phononTF 0.000701113 0.0416947 -0.126574 0.049999 8890.65 0.00034743 1 -0.0172498 -0.185893 0.05 9311.35
0 3662 2 phononTS 0.00219302 -1.19073 1.42648 0.0339763 6289.6 0.00034743 1 -0.0399287 -0.279428 0.05 14641.6
0 3672 4 phononL 0.00114761 -2.58679 -0.635403 -0.0211022 66008 0.00034743 1 -0.0320879 -0.101602 0.05 194942
0 3672 9 phononL 0.000356134 -0.0320879 -0.101602 0.049999 194942 0.00034743 1 0.0226473 -0.153413 0.05 195043
0 3719 3 phononTF 0.00214612 -1.11529 1.44888 -0.0365246 4235.91 0.00104229 1 0.0226901 -0.265251 0.05 10050.8
0 3809 5 phononTF 0.000817166 -2.78363 2.55076 0.0445196 5749.88 0.00034743 1 -0.0690694 -0.113077 0.05 16463.5
0 3857 3 phononTF 0.00255941 -1.4726 3.67156 0.0296827 5601.12 0.00069486 1 0.0948832 -0.212029 0.05 45330.9
0 3886 2 phononTF 0.00246588 -3.43253 0.992451 -0.000863305 10752.6 0.00034743 1 0.0716254 -0.117023 0.05 67569.9
0 3886 4 phononL 0.00176547 0.0716254 -0.117023 0.049999 67569.9 0.00034743 1 -0.0994399 -0.18289 0.05 68189.3
0 3958 2 phononTF 0.00179693 -2.76454 2.5708 0.0154072 4534.96 0.00034743 1 -0.116238 -0.18854 0.05 37558.7
0 3958 5 phononTS 0.00108367 -0.116238 -0.18854 0.049999 37558.7 0.00034743 1 0.0326935 -0.266774 0.05 37758.5
0 3960 3 phononTF 0.00247466 -2.24999 2.54345 0.0304306 1348.61 0.00069486 1 0.105034 -0.163737 0.05 64338.1
0 3960 9 phononTF 0.000757441 0.105034 -0.163737 0.049999 64338.1 0.00034743 1 0.0604237 -0.150071 0.05 64475.8
0 3962 3 phononTS 0.00212381 -0.849145 1.26991 0.013288 4350.84 0.00034743 1 -0.0296131 -0.275668 0.05 105895
0 3987 2 phononL 0.0010169 -1.36388 2.7277 0.00133409 1726.97 0.00034743 1 0.0218222 -0.228126 0.05 4546.87
0 4040 3 phononL 0.00174605 -2.31875 3.93786 0.0226626 3201.43 0.00034743 1 0.114228 -0.170122 0.05 17284.9
0 4060 2 phononTF 0.00200156 -1.50984 1.99675 -0.0383066 1697.06 0.00034743 1 0.101067 -0.203808 0.05 71624.7
0 4060 4 phononTF 0.000391463 0.101067 -0.203808 0.049999 71624.7 0.00034743 1 0.0786357 -0.240791 0.05 71774.2
0 4067 3 phononTF 0.00251569 -1.36102 2.42676 0.00100059 677.791 0.00034743 1 0.06947 -0.265871 0.05 18291.7
0 4067 4 phononL 0.00117336 0.06947 -0.265871 0.049998 18291.7 0.00034743 1 -0.0631565 -0.251714 0.05 18405.1
0 4078 3 phononTS 0.0020658 -1.92265 2.62321 -0.0156888 464.425 0.00034743 1 0.0980756 -0.25613 0.05 36735.2
0 4078 4 phononL 0.00134758 0.0980756 -0.25613 0.049999 36735.2 0.00034743 1 0.0743337 -0.145461 0.05 36961.8
0 4135 3 phononTS 0.00200577 -0.29177 1.22912 0.0161404 10219.1 0.00069486 1 0.0167078 -0.170432 0.05 13881.1
0 4166 2 phononTS 0.00108428 -3.08011 3.25365 0.0201999 5904.91 0.00034743 1 0.0650963 -0.166476 0.05 35340.6
0 4213 4 phononTS 0.000380661 -4.40697 1.72206 0.0401947 66205.5 0.00034743 1 0.0133988 -0.202838 0.05 102489
0 4293 3 phononTS 0.00263943 -1.29497 1.08551 0.0488163 5282.95 0.00104229 1 0.0347973 -0.248383 0.05 21993.4
0 4302 2 phononL 0.00151119 -2.50963 2.43956 -0.0288758 2178.34 0.00034743 1 -0.018906 -0.200738 0.05 63755
0 4307 2 phononTS 0.00185501 -2.8301 3.31927 0.00648727 15720.1 0.00069486 1 0.0758884 -0.270543 0.05 39215
0 4319 3 phononTS 0.00239752 -2.77056 3.12555 0.0487839 6269.38 0.00104229 1 0.0369549 -0.230864 0.05 25401.4
0 4319 6 phononTF 0.000602369 0.0369549 -0.230864 0.049999 25401.4 0.00034743 1 -0.107575 -0.160159 0.05 25989.7
0 4337 2 phononTF 0.00261502 -1.04541 2.60912 -0.0131385 3769.1 0.00034743 1 -0.021696 -0.224476 0.05 9157.86
0 4371 2 phononTS 0.00135026 -1.82872 2.82858 0.00469344 3580.17 0.00034743 1 0.0818006 -0.16433 0.05 7896.49
0 4393 3 phononTS 0.00242437 -2.52004 2.36068 0.0211402 7769.5 0.00069486 1 -0.0165742 -0.17168 0.05 24482.6
0 4393 4 phononTF 0.00151508 -0.0165742 -0.17168 0.049999 24482.6 0.00034743 1 0.0144581 -0.17011 0.05 24557.5
0 4508 2 phononTS 0.00227342 -1.00138 2.07286 0.038337 4111.97 0.00034743 1 -0.0263081 -0.291047 0.05 28005.8
0 4511 3 phononTS 0.00242388 -3.55021 2.1981 -0.00865908 7678.65 0.00034743 1 0.107793 -0.209833 0.05 37724.8
0 4534 5 phononTF 0.00175145 0.0817381 -1.10537 0.0344244 71603.6 0.00034743 1 0.0281598 -0.112364 0.05 90675.9
0 4551 2 phononTS 0.00092181 -0.412016 1.55224 -0.0195817 6312.43 0.00034743 1 0.0721638 -0.288839 0.05 8010.11
0 4597 2 phononTS 0.00221657 -1.95889 1.69686 0.0348391 6328.22 0.00104229 1 -0.0515761 -0.228721 0.05 46163.5
0 4597 6 phononTF 0.000490893 -0.0515761 -0.228721 0.049999 46163.5 0.00034743 1 0.0765512 -0.230789 0.05 46303.8
0 4602 7 phononTS 0.00114989 1.35044 -0.952777 -0.00484327 49243.6 0.00034743 1 -0.0645126 -0.283115 0.05 50737.5
0 4630 2 phononTF 0.00154288 -1.45978 1.97956 -0.0420395 5351.13 0.00034743 1 -0.0732293 -0.250334 0.05 75668.5
0 4653 2 phononTS 0.00284771 -2.22029 2.77761 -0.00587503 7.65329 0.00104229 1 0.099602 -0.153655 0.05 53085.4
0 4673 2 phononL 0.000930641 -3.02162 2.28866 0.0198117 2917.31 0.00069486 1 -0.0455069 -0.137971 0.05 13931.5
0 4685 4 phononTS 0.00143361 1.59615 0.117798 0.0452182 30689.8 0.00034743 1 0.0185731 -0.183331 0.05 32976
0 4685 9 phononTF 0.000387239 0.0185731 -0.183331 0.049998 32976 0.00034743 1 0.0191565 -0.24995 0.05 33038.4
0 4685 6 phononTF 0.000416929 0.0185731 -0.183331 0.049998 32976 0.00034743 1 0.0426482 -0.222919 0.05 33106.1
0 4700 2 phononTS 0.00136906 -2.25492 2.72852 -0.0236857 5071.49 0.00034743 1 0.0323175 -0.114075 0.05 25816.3
0 4766 7 phononTS 0.000661206 -1.44302 4.28465 0.0389322 7016.83 0.00034743 1 -0.0454965 -0.151557 0.05 20491.2
0 4773 5 phononTS 0.00231337 -3.37121 3.65041 -0.012156 1398.31 0.00069486 1 -0.0757813 -0.184604 0.05 14703
0 4790 2 phononTF 0.00255917 -0.594631 1.74839 -0.0235179 5096.11 0.00034743 1 -0.0596291 -0.231802 0.05 33285.8
0 4790 4 phononTS 0.00154613 -0.0596291 -0.231802 0.049999 33285.8 0.00034743 1 -0.0832887 -0.17959 0.05 33502.4
0 4841 3 phononTF 0.00191794 -1.19051 1.53298 -0.0201427 14541.9 0.00069486 1 -0.0297636 -0.235221 0.05 31179.4
0 4896 5 phononTS 0.00174525 -0.609296 -0.198697 0.000414792 17877.5 0.00034743 1 -0.0449414 -0.217088 0.05 18735.6
0 4932 2 phononTS 0.00200755 -1.11189 2.96239 -0.0322754 5100.82 0.00069486 1 -0.0934423 -0.210245 0.05 31258.2
0 4939 5 phononTF 0.0015647 0.919554 -3.48546 0.0222303 12965.2 0.00069486 1 -0.0976512 -0.243307 0.05 115283
