Run ID,Event ID,Track ID,Particle Name,Start Energy [eV],Start X [mm],Start Y [mm],Start Z [mm],Start Time [ns],Energy Deposited [eV],Track Weight,End X [mm],End Y [mm],End Z [mm],Final Time [ns],Volume Name
0 1 2 phononTS 0.00186252 3.32234 -3.40332 0.033273 4233.94 0.00034743 1 0.113712 -0.212112 0.05 18700.5
0 27 5 phononTS 0.00102775 4.20191 -2.42485 -0.0338363 5918.81 0.00034743 1 0.110293 -0.196389 0.05 140102
0 117 3 phononTS 0.00131389 3.42901 -3.3432 0.0323311 6078.34 0.00069486 1 0.0286171 -0.125392 0.05 38837.1
0 155 2 phononTF 0.00237837 3.11683 -3.11719 -0.00691913 9935.54 0.00069486 1 -0.0722647 -0.270168 0.05 13029.5
0 159 2 phononTF 0.00196876 2.35339 -2.1094 -0.0427713 11910.6 0.00034743 1 -0.0515368 -0.251908 0.05 55474.9
0 159 4 phononTF 0.00152198 -0.0515368 -0.251908 0.049999 55474.9 0.00034743 1 0.0435156 -0.176436 0.05 55622.9
0 212 2 phononTS 0.00148507 3.74531 -2.61651 -0.0269153 5384.68 0.00034743 1 0.0547851 -0.170197 0.05 43802.5
0 217 4 phononTS 0.00143092 3.29682 -4.65414 0.0465281 21365.9 0.00069486 1 0.0477533 -0.201085 0.05 116485
0 230 5 phononTF 0.00140265 -1.18891 -2.05659 0.0347788 21023.4 0.00034743 1 -0.0240945 -0.152959 0.05 38649.8
0 248 2 phononTS 0.00184498 3.78379 -4.30491 -0.0374643 13.778 0.00034743 1 0.0748201 -0.20298 0.05 12159.5
0 262 2 phononTS 0.00145921 4.65852 -3.72662 -0.00143532 2459.94 0.00069486 1 -0.0525134 -0.183512 0.05 59077.9
0 280 4 phononTS 0.00141122 4.38725 -3.45627 0.0208842 10090.8 0.00034743 1 0.0448547 -0.16927 0.05 61880.2
0 293 5 phononTF 0.00142913 0.574481 -4.48792 -0.00902891 40531.5 0.00069486 1 -0.120443 -0.203245 0.05 54751.2
0 293 9 phononL 0.000357296 -0.120443 -0.203245 0.049999 54751.2 0.00034743 1 0.0377578 -0.139861 0.05 54811.9
0 299 3 phononTS 0.00185753 3.41727 -4.45214 0.0201369 12664.8 0.00034743 1 -0.0756908 -0.126161 0.05 80919.9
0 397 2 phononTS 0.00115881 3.79557 -4.28896 0.00718225 27.2366 0.00034743 1 0.0881267 -0.135724 0.05 34335.4
0 407 2 phononTS 0.00155291 4.55832 -4.95833 0.020783 5023.41 0.00034743 1 -0.0357227 -0.283189 0.05 43652.9
0 407 4 phononTS 0.000579259 -0.0357227 -0.283189 0.049999 43652.9 0.00034743 1 -0.090428 -0.185121 0.05 44113.2
0 458 4 phononTS 0.000760756 4.26823 -4.33309 0.0431557 9428.57 0.00069486 1 0.0599674 -0.245023 0.05 124749
0 477 4 phononTF 0.00121533 3.45152 -2.9125 0.00687908 16252.8 0.00034743 1 0.0763637 -0.229928 0.05 23271
0 490 4 phononTS 0.00193831 4.95182 -4.6394 0.0475107 24848.7 0.00069486 1 -0.0330457 -0.275886 0.05 32424.3
0 524 2 phononL 0.000812839 3.61713 -4.78178 0.0148785 2488.44 0.00034743 1 -0.034118 -0.135719 0.05 22425.2
0 540 3 phononTS 0.0025101 3.89798 -4.93545 -0.0012512 22221.1 0.00138972 1 0.0892119 -0.23115 0.05 63914.6
0 556 2 phononL 0.00209695 4.09656 -4.25196 0.0273217 1314.03 0.00034743 1 -0.0498038 -0.176823 0.05 44853
0 556 5 phononTS 0.00104508 -0.0498038 -0.176823 0.049999 44853 0.00034743 1 0.0684809 -0.113656 0.05 45141.1
0 572 5 phononTF 0.00104408 4.99893 -4.41873 0.0145595 5763.91 0.00034743 1 0.089111 -0.259208 0.05 31529.5
0 601 6 phononTS 0.0010181 0.695066 -2.82369 -0.00800399 62824 0.00034743 1 0.0405092 -0.30512 0.05 74676.1
0 622 2 phononTS 0.00123604 4.1905 -4.57792 0.00278475 5986.97 0.00034743 1 0.0502518 -0.239527 0.05 124039
0 645 2 phononL 0.00180502 3.06212 -3.28486 0.0358738 22057.6 0.00034743 1 0.108318 -0.196593 0.05 44164.1
0 645 4 phononTF 0.000614605 0.108318 -0.196593 0.049998 44164.1 0.00034743 1 0.0753838 -0.158799 0.05 44223.9
0 689 2 phononL 0.00101188 3.80004 -4.23411 0.00575838 10.5617 0.00034743 1 0.0601491 -0.169748 0.05 15189.2
0 695 2 phononTF 0.00196175 3.38535 -3.81514 -0.0452587 1574.97 0.00069486 1 -0.0708361 -0.243738 0.05 72882.8
0 695 6 phononTS 0.000738878 -0.0708361 -0.243738 0.049999 72882.8 0.00034743 1 0.0850883 -0.183997 0.05 73037.2
0 757 5 phononTF 0.0017551 1.55314 -4.21689 -0.00235904 16038.2 0.00034743 1 0.0706425 -0.231869 0.05 34591.2
0 758 3 phononTS 0.00236455 3.86376 -4.06231 0.00340709 3131.63 0.00104229 1 0.0917456 -0.175281 0.05 15870.3
0 765 4 phononTF 0.00152737 4.82749 -4.73741 -0.025713 3562.91 0.00034743 1 -0.0155709 -0.237285 0.05 100745
0 817 4 phononTF 0.00188905 0.912405 -0.870396 -0.0235275 17388.2 0.00034743 1 -0.0301053 -0.277137 0.05 21249.2
0 817 7 phononTF 0.00104494 -0.0301053 -0.277137 0.049999 21249.2 0.00034743 1 -0.042779 -0.278223 0.05 21305.7
0 851 2 phononTF 0.00128562 4.03591 -4.7299 0.00320938 13561.7 0.00034743 1 0.0816109 -0.228079 0.05 80812.8
0 851 6 phononTF 0.000658297 0.0816109 -0.228079 0.049999 80812.8 0.00034743 1 -0.0254958 -0.27841 0.05 80885.3
0 869 3 phononTS 0.00269818 3.61794 -4.2231 0.0123025 1009.55 0.00104229 1 0.0542099 -0.239742 0.05 27537.6
0 892 3 phononTS 0.00222053 3.63376 -4.18344 0.0222483 114.566 0.00034743 1 -0.0779203 -0.273968 0.05 59477.3
0 903 2 phononTS 0.00114501 2.09168 -4.65037 0.0444024 15251.5 0.00034743 1 0.0296984 -0.290556 0.05 29337.3
0 926 3 phononTS 0.00143196 3.53066 -4.37398 0.0091823 286.551 0.00034743 1 0.0812943 -0.277067 0.05 22260.1
0 994 3 phononTS 0.00143854 3.77483 -4.26169 -0.00192463 2586.16 0.00034743 1 0.0243972 -0.249357 0.05 84449
0 994 6 phononTS 0.000592907 0.0243972 -0.249357 0.049999 84449 0.00034743 1 0.0369824 -0.233324 0.05 84529.5
0 1003 5 phononL 0.00169394 2.35832 4.22523 0.0235841 49555.7 0.00034743 1 0.022234 -0.23855 0.05 106534
0 1003 9 phononL 0.000350409 0.022234 -0.23855 0.049999 106534 0.00034743 1 -0.0349805 -0.128053 0.05 107048
0 1062 2 phononL 0.00193586 3.57782 -4.1319 -0.00278069 2706.82 0.00069486 1 0.0767782 -0.143102 0.05 6318.71
0 1065 2 phononTS 0.0019109 3.76614 -3.70894 0.0148422 3555.45 0.00034743 1 0.0623873 -0.28508 0.05 17569.7
0 1065 5 phononL 0.00139036 0.0623873 -0.28508 0.049999 17569.7 0.00034743 1 -0.0928847 -0.136514 0.05 17761.1
0 1095 4 phononTS 0.00123217 3.18003 -4.8969 -0.0351448 1543.99 0.00069486 1 -0.0710714 -0.266966 0.05 22086.4
0 1129 2 phononTS 0.00119219 4.14314 -3.31439 0.0156782 9447.46 0.00034743 1 0.0622285 -0.204082 0.05 18200.8
0 1130 3 phononTS 0.00143702 3.71965 -0.850505 0.0335687 10755.1 0.00034743 1 0.0303425 -0.109542 0.05 28038.5
0 1132 3 phononTS 0.00148671 3.04782 -3.8796 0.0174666 4449.74 0.00034743 1 -0.0721571 -0.230502 0.05 28104.4
0 1214 2 phononL 0.0018991 3.76181 -4.15574 -0.000583323 6009.83 0.00034743 1 0.0991107 -0.155787 0.05 16169.8
0 1236 2 phononL 0.00156413 3.93512 -4.11323 -0.00238074 72.5151 0.00069486 1 -0.0875713 -0.224098 0.05 16983.5
0 1241 4 phononTS 0.00147073 0.332506 -1.72489 -0.0268636 18106.4 0.00034743 1 -0.0646614 -0.275827 0.05 23417.7
0 1252 2 phononTF 0.00126549 4.82209 -4.36567 0.0466626 2674.28 0.00034743 1 -0.0795337 -0.177972 0.05 7233.84
0 1252 8 phononTF 0.000708778 -0.0795337 -0.177972 0.049999 7233.84 0.00034743 1 -0.0730534 -0.203978 0.05 7736.29
0 1303 4 phononTS 0.000543508 -3.39844 4.8668 -0.0181542 57871.3 0.00034743 1 0.0894593 -0.160457 0.05 106540
0 1317 5 phononL 0.00158274 -3.31212 -1.20727 -0.0160878 25054.7 0.00034743 1 -0.0649703 -0.235019 0.05 93952.6
0 1317 6 phononTS 0.000820502 -0.0649703 -0.235019 0.049999 93952.6 0.00034743 1 -0.0904506 -0.125152 0.05 94428.9
0 1345 2 phononTS 0.00149767 4.47261 -4.68879 0.0362107 2494.81 0.00069486 1 0.0965265 -0.185539 0.05 12235.7
0 1357 4 phononTF 0.00180227 1.04222 -0.487902 -0.0341696 31850.3 0.00034743 1 0.0364288 -0.251726 0.05 32167.7
0 1362 2 phononTS 0.000631386 4.39766 -4.85766 -0.0282785 4345.38 0.00034743 1 0.10182 -0.151113 0.05 131713
0 1371 2 phononTF 0.00165884 4.83544 -4.97176 0.0255897 4118.09 0.00104229 1 -0.0582185 -0.293411 0.05 25502
0 1427 3 phononTF 0.0025337 0.348318 -4.92296 -0.0459244 10771.3 0.00069486 1 -0.0291732 -0.270834 0.05 27043.6
0 1457 2 phononTF 0.00208884 3.90119 -2.96876 0.0447567 3507.63 0.00104229 1 0.0661067 -0.210946 0.05 15391.5
0 1481 3 phononTF 0.00240829 4.65418 -4.52538 -0.0250822 6935.4 0.00034743 1 0.0514989 -0.250551 0.05 20547.5
0 1492 3 phononTF 0.00252895 3.10667 -4.2351 -0.00813202 6387.39 0.00069486 1 -0.11456 -0.227313 0.05 9862.96
0 1497 2 phononTS 0.00186483 2.5671 -4.3573 0.0279075 1501.24 0.00069486 1 -0.0611844 -0.195915 0.05 15170.5
0 1511 3 phononTF 0.00267596 4.42493 -3.19421 -0.0249604 3818.48 0.00069486 1 0.119953 -0.189456 0.05 41646.9
0 1519 3 phononTF 0.00241433 3.71044 -4.23687 -0.0271104 9.3536 0.00069486 1 0.0798289 -0.239389 0.05 58279.6
0 1519 4 phononTS 0.000837859 0.0798289 -0.239389 0.049999 58279.6 0.00034743 1 0.0657189 -0.225691 0.05 58337.3
0 1553 5 phononTF 0.00144746 1.68536 -3.12627 0.027728 25766.6 0.00069486 1 -0.119004 -0.207702 0.05 92670.5
0 1561 3 phononTF 0.00211304 3.66928 -4.31088 -0.046283 1067.15 0.00069486 1 -0.0909098 -0.222479 0.05 20238.7
0 1569 2 phononTF 0.00311169 3.93287 -4.45545 0.0232442 637.487 0.00034743 1 -0.0629825 -0.203865 0.05 45171.1
0 1574 3 phononTS 0.00160435 3.40023 -4.11158 0.0410537 9396.87 0.00034743 1 -0.0371522 -0.208952 0.05 38670.1
0 1612 5 phononTS 0.00120983 -2.14658 -3.36499 -0.0407144 35733.7 0.00069486 1 0.0473488 -0.170941 0.05 41957.3
0 1614 3 phononTF 0.00173405 3.8679 -4.93398 0.0206526 11490.1 0.00034743 1 -0.0354354 -0.196346 0.05 30169.1
0 1614 4 phononTS 0.000483112 -0.0354354 -0.196346 0.049999 30169.1 0.00034743 1 -0.0385397 -0.165681 0.05 30233.7
0 1621 3 phononL 0.00166581 3.63838 -4.35843 -0.0491849 905.836 0.00104229 1 0.0443889 -0.181643 0.05 18967.8
0 1699 3 phononTF 0.00194586 3.30653 -4.91078 0.0105963 1506.69 0.00104229 1 -0.0782478 -0.243259 0.05 10830.6
0 1784 2 phononTF 0.00223651 3.79936 -4.28205 -0.0373429 73.414 0.00034743 1 0.0368714 -0.10156 0.05 15689.2
0 1784 5 phononTS 0.000896413 0.0368714 -0.10156 0.049999 15689.2 0.00034743 1 0.0342784 -0.200561 0.05 16170.1
0 1838 2 phononTS 0.00170493 2.74423 -4.55817 -0.0459132 7371.32 0.00034743 1 0.064533 -0.17489 0.05 48683.8
0 1849 4 phononTS 0.00106429 0.915123 -1.22712 -0.00709994 12070 0.00034743 1 -0.0879278 -0.223758 0.05 40484.1
0 1852 2 phononTS 0.00233405 0.631172 -1.84657 -0.0366331 14607.7 0.00034743 1 -0.0734364 -0.131702 0.05 20764.5
0 1852 4 phononTF 0.00153702 -0.0734364 -0.131702 0.049999 20764.5 0.00034743 1 -0.0376393 -0.13799 0.05 20832.3
0 1921 2 phononTS 0.0015242 2.59141 -3.85089 0.00169644 12337.3 0.00069486 1 -0.0396537 -0.304712 0.05 30707
0 1936 3 phononTS 0.00184533 3.38395 -4.72986 -0.0129229 4097.35 0.00034743 1 -0.0974035 -0.193004 0.05 18425.5
0 1936 6 phononTS 0.00121065 -0.0974035 -0.193004 0.049999 18425.5 0.00034743 1 0.0662482 -0.10798 0.05 19391
0 1940 3 phononTS 0.00250866 3.61605 -4.34439 -0.0383717 104.182 0.00034743 1 0.0940564 -0.219434 0.05 19134.1
0 1940 5 phononTS 0.00112356 0.0940564 -0.219434 0.049999 19134.1 0.00034743 1 0.0558528 -0.157274 0.05 19217.6
0 1951 2 phononTF 0.00155183 4.96623 -2.90899 -0.017286 3240.19 0.00034743 1 -0.040252 -0.242414 0.05 50506.4
0 2007 4 phononTF 0.00139503 1.95875 -2.70654 -0.0108197 12078.5 0.00034743 1 0.0751286 -0.148232 0.05 85833.8
0 2059 3 phononTF 0.0022344 2.39166 -4.60544 0.00895969 7741.47 0.00069486 1 0.11452 -0.208914 0.05 42202.5
0 2075 2 phononTF 0.00231494 3.27817 -4.55423 -0.0206949 9866.45 0.00034743 1 -0.082615 -0.273944 0.05 21879.1
0 2119 3 phononTS 0.00150445 4.06374 -3.23152 0.00430019 6037.17 0.00069486 1 -0.0743468 -0.280701 0.05 43022.8
0 2122 3 phononTF 0.00321311 4.79943 -4.57185 -0.0378348 3472.01 0.00104229 1 0.0597894 -0.284208 0.05 32018.6
0 2122 4 phononTS 0.0010849 0.0597894 -0.284208 0.049998 32018.6 0.00069486 1 -0.0454461 -0.234312 0.05 32219.5
0 2200 4 phononTS 0.000993407 4.62127 -1.95447 -0.00637654 13176.8 0.00034743 1 -0.0485527 -0.129554 0.05 58845.9
0 2201 2 phononL 0.00237368 4.88164 -4.39661 -0.0215333 12337.2 0.00034743 1 0.0968277 -0.133604 0.05 51407.6
0 2205 3 phononTS 0.00256901 3.85388 -3.52406 0.0466822 2062.58 0.00034743 1 0.109116 -0.215598 0.05 19616.3
0 2209 2 phononTS 0.00110397 3.48399 -4.58779 0.0195094 11282.2 0.00034743 1 0.0677234 -0.194124 0.05 81335.6
0 2212 2 phononTF 0.00189464 4.43513 -4.64185 -0.0243557 6038.34 0.00069486 1 -0.0719495 -0.281986 0.05 14475.7
0 2214 3 phononTS 0.00139501 4.02162 -3.94859 -0.0478697 6153.04 0.00034743 1 0.0514946 -0.128392 0.05 56631.9
0 2229 4 phononTS 0.00100799 1.18331 -2.56796 -0.018099 38555.1 0.00069486 1 0.0953291 -0.216888 0.05 47528.6
0 2237 3 phononTF 0.00228202 3.75195 -4.23876 0.0201449 4.47226 0.00034743 1 -0.0272035 -0.111301 0.05 20663.8
0 2247 3 phononTS 0.0019663 4.16877 -3.69046 0.0484508 7134.42 0.00034743 1 0.0602037 -0.27965 0.05 12788.7
0 2247 8 phononL 0.000488756 0.0602037 -0.27965 0.049998 12788.7 0.00034743 1 0.0620812 -0.180381 0.05 12852
0 2264 3 phononTS 0.00149279 -1.35051 -2.92464 0.0291471 26140.1 0.00034743 1 0.0718273 -0.205246 0.05 44290.5
0 2307 3 phononTS 0.00179199 2.60407 -4.62763 0.0276762 3775.21 0.00034743 1 0.0652155 -0.212487 0.05 81224.7
0 2307 5 phononTS 0.0007227 0.0652155 -0.212487 0.049999 81224.7 0.00034743 1 -0.0313639 -0.164164 0.05 147017
0 2308 2 phononTF 0.00204153 3.86052 -4.35583 -0.00925747 44.333 0.00034743 1 -0.0435345 -0.128922 0.05 12917.3
0 2309 3 phononTF 0.00220982 4.01677 -3.76673 0.0480931 2525.04 0.00034743 1 -0.0541109 -0.164353 0.05 5832.46
0 2314 7 phononL 0.00112954 2.30456 -4.94566 -0.0315232 214258 0.00034743 1 0.105242 -0.160443 0.05 230194
0 2318 2 phononTS 0.00192243 4.99982 -2.18758 -0.00768355 14579.1 0.00034743 1 0.049175 -0.168055 0.05 29904.7
0 2322 3 phononTF 0.00268048 2.87663 -3.91999 -0.0483579 2389.68 0.00069486 1 0.0325572 -0.295091 0.05 25964.2
0 2322 9 phononTS 0.000421971 0.0325572 -0.295091 0.049999 25964.2 0.00034743 1 0.0426311 -0.295165 0.05 26020.9
0 2323 3 phononTS 0.00230076 0.0797989 -3.94263 -0.0472796 9346.02 0.00104229 1 0.0726643 -0.262252 0.05 26807.4
0 2323 18 phononL 0.00130688 4.91792 1.75831 -0.0215814 20913.9 0.00034743 1 -0.068011 -0.182131 0.05 48342.5
0 2330 3 phononL 0.00234596 3.50528 -4.753 -0.0484186 4463.96 0.00034743 1 -0.0993776 -0.239173 0.05 23205.5
0 2330 4 phononL 0.000380374 -0.0993776 -0.239173 0.049999 23205.5 0.00034743 1 0.0528831 -0.288047 0.05 23254
0 2405 5 phononTS 0.00194532 3.85055 -4.35205 -0.00480302 14339.5 0.00034743 1 0.0440857 -0.161345 0.05 48808.2
0 2414 3 phononTS 0.00214458 3.18695 -4.7779 0.0486762 3083.99 0.00104229 1 0.0330549 -0.185943 0.05 24597.5
0 2415 2 phononTF 0.00154656 4.50518 -4.09166 0.0129216 2506.23 0.00069486 1 0.0550313 -0.188355 0.05 23897.4
0 2420 4 phononTF 0.000919838 2.97428 -2.04378 -0.0270348 20570.4 0.00069486 1 0.0992681 -0.198493 0.05 27921.3
0 2478 5 phononTF 0.000948914 4.21199 -3.46552 0.0487831 15678.2 0.00034743 1 0.0429987 -0.187525 0.05 32387.6
0 2499 2 phononL 0.00169637 3.59196 -3.23203 -0.0308648 2994.16 0.00069486 1 -0.0539527 -0.170496 0.05 21201
0 2525 4 phononTF 0.00114966 3.28983 -3.8171 0.0104048 535.799 0.00034743 1 -0.0931723 -0.142163 0.05 45853
0 2550 2 phononL 0.000948603 4.36022 -3.1742 0.0280717 1976.49 0.00034743 1 0.0508299 -0.250143 0.05 34087.4
0 2588 3 phononTF 0.00216666 3.37708 -2.77939 -0.0123177 12556.2 0.00104229 1 0.0641813 -0.21519 0.05 33506.4
0 2588 6 phononTF 0.000565342 0.0641813 -0.21519 0.049999 33506.4 0.00034743 1 0.0574757 -0.18913 0.05 33639.6
0 2589 3 phononTS 0.00245757 4.29319 -3.19501 -0.000894183 6980.33 0.00104229 1 -0.0569876 -0.172706 0.05 123341
0 2723 5 phononTF 0.00169122 -0.294768 -2.5429 0.0402702 24583.6 0.00034743 1 -0.0422721 -0.179775 0.05 41425.3
0 2723 6 phononTS 0.000394486 -0.0422721 -0.179775 0.049999 41425.3 0.00034743 1 -0.0645549 -0.13221 0.05 41613.9
0 2740 2 phononTF 0.000803723 3.33754 -4.54779 0.0474968 279.586 0.00034743 1 -0.0293351 -0.112066 0.05 12541.9
0 2741 5 phononTS 0.000580106 4.92029 -4.84046 0.0331647 46757.1 0.00034743 1 -0.0816632 -0.166006 0.05 72925.9
0 2780 3 phononTS 0.00240971 3.46718 -3.56382 -0.0327007 5065.11 0.00069486 1 0.0620348 -0.193575 0.05 31496.8
0 2852 3 phononL 0.00269142 3.46414 -4.69445 -0.00773128 711.564 0.00069486 1 0.0869211 -0.160877 0.05 20016.7
0 2861 5 phononTF 0.00119237 3.35242 0.241822 -0.0288388 30075.4 0.00034743 1 0.0976593 -0.190967 0.05 65462.4
0 2863 4 phononTS 0.00186711 1.39849 -0.515286 -0.0390184 31308.2 0.00069486 1 -0.0656524 -0.196092 0.05 34765.6
0 2871 2 phononTS 0.00264753 2.38185 -4.95555 0.0304546 2437.07 0.00069486 1 -0.0540776 -0.265314 0.05 24176.4
0 2877 4 phononTS 0.00110751 3.77649 -2.86662 0.0358932 13096.4 0.00069486 1 -0.0510425 -0.245317 0.05 41170.1
0 2880 3 phononL 0.00102016 3.50165 -4.64741 0.0184871 5287.52 0.00034743 1 0.0883251 -0.126933 0.05 48714
0 2887 5 phononL 0.000720901 4.51161 -4.36809 0.0427212 40350.4 0.00034743 1 0.115939 -0.202039 0.05 54344.5
0 2913 5 phononTF 0.00107138 3.6436 -1.36925 -0.0441475 11559.5 0.00034743 1 -0.0757943 -0.148278 0.05 29106.7
0 2913 8 phononTF 0.00035852 -0.0757943 -0.148278 0.049999 29106.7 0.00034743 1 0.0423296 -0.142536 0.05 40687.5
0 2919 4 phononTS 0.000554869 4.42467 0.319515 0.0377439 24277.8 0.00034743 1 0.0295071 -0.0991671 0.05 64615.5
0 2919 2 phononTS 0.00144723 4.47159 -4.03417 0.0362319 871.172 0.00069486 1 -0.109076 -0.17675 0.05 91684.8
0 2922 2 phononTS 0.00213593 3.74154 -4.04519 0.0208961 1237.94 0.00034743 1 -0.0419568 -0.154865 0.05 48234.5
0 2943 2 phononTS 0.0022717 4.32852 -4.02146 -0.0221398 4294.96 0.00034743 1 0.0679975 -0.22919 0.05 22526.3
0 2947 2 phononTS 0.00195225 3.34642 -4.34721 -0.0279355 3680.31 0.00069486 1 -0.10847 -0.214956 0.05 9746.32
0 2966 7 phononL 0.0011784 4.34267 -3.59655 -0.0346311 15724.4 0.00034743 1 0.0804399 -0.18292 0.05 20301.4
0 2968 3 phononTF 0.0021275 2.88759 -4.39914 0.00860592 14709.4 0.00069486 1 -0.0723426 -0.250303 0.05 105549
0 2968 7 phononTF 0.000711008 -0.0723426 -0.250303 0.049999 105549 0.00034743 1 -0.107365 -0.212886 0.05 105608
0 2996 3 phononTS 0.00192884 3.01598 -2.52049 0.0224781 26111.8 0.00069486 1 -0.0311161 -0.272808 0.05 31683.5
0 3013 2 phononTS 0.00100628 3.8315 -4.69172 0.0474419 1293.59 0.00034743 1 0.0203324 -0.183284 0.05 14668.3
0 3067 3 phononTS 0.00196315 3.75233 -4.16366 0.0365095 35.1072 0.00069486 1 0.105617 -0.236025 0.05 14565.5
0 3132 5 phononTS 0.0010762 4.76021 -3.53377 0.0385829 42160.5 0.00034743 1 -0.0637793 -0.186004 0.05 65849.3
0 3132 6 phononTS 0.000375615 -0.0637793 -0.186004 0.049998 65849.3 0.00034743 1 -0.0436936 -0.238498 0.05 66028.2
0 3153 3 phononTF 0.00144507 3.69494 -4.31026 0.0187356 7661.43 0.00069486 1 -0.0377792 -0.182587 0.05 14408.2
0 3301 5 phononTF 0.000789738 1.17642 -0.354371 -0.00421393 39937.7 0.00034743 1 0.0437585 -0.257791 0.05 116084
0 3305 4 phononTF 0.00113841 1.06294 -4.69997 0.0322799 15342 0.00034743 1 -0.0503347 -0.281709 0.05 63030.5
0 3316 3 phononTF 0.00163436 4.21629 -3.69857 -0.038394 8016 0.00034743 1 -0.118441 -0.190194 0.05 12540.7
0 3388 2 phononTS 0.00226035 2.26471 -4.0421 0.0459945 1926.81 0.00034743 1 -0.0456655 -0.166954 0.05 6172.39
0 3388 5 phononTF 0.000771495 -0.0456655 -0.166954 0.049999 6172.39 0.00034743 1 -0.051133 -0.299852 0.05 6245.07
0 3392 2 phononTF 0.00121421 2.77252 -4.04669 0.019528 3386.12 0.00034743 1 -0.0708279 -0.287623 0.05 7494.71
0 3392 7 phononTS 0.000536233 -0.0708279 -0.287623 0.049999 7494.71 0.00034743 1 -0.0377613 -0.215829 0.05 9485.72
0 3467 3 phononL 0.00194156 3.50399 -4.40233 0.00580297 2699.04 0.00104229 1 -0.0500927 -0.100397 0.05 71058.1
0 3494 3 phononTF 0.00134322 4.13513 -3.85189 -0.0406322 1801.24 0.00034743 1 0.0788149 -0.205438 0.05 3546.89
0 3505 2 phononL 0.00172247 3.7577 -4.25856 -0.000640014 2.16153 0.00034743 1 -0.0800096 -0.197024 0.05 35069
0 3511 7 phononTS 0.00186808 -0.0642909 -3.94604 0.00674049 10039.9 0.00069486 1 0.0924338 -0.13278 0.05 36174.9
0 3603 3 phononTF 0.00156005 2.42636 -2.20604 -0.00182675 7450.82 0.00034743 1 0.0471636 -0.111816 0.05 12102.6
0 3762 2 phononL 0.00120774 2.9506 -2.99427 0.00629091 5541.56 0.00069486 1 0.0314883 -0.194495 0.05 65335.4
0 3779 2 phononTF 0.00143915 1.80948 -1.87968 0.032226 12842.7 0.00034743 1 -0.0766613 -0.285973 0.05 29292.7
0 3792 5 phononL 0.0019061 3.9276 -4.40091 -0.0426576 51.4819 0.00104229 1 -0.0992819 -0.18069 0.05 8604.25
0 3822 3 phononTF 0.00228774 3.69122 -4.47436 -0.00793625 46.8713 0.00034743 1 0.114037 -0.22217 0.05 82586.8
0 3822 5 phononTS 0.0014973 0.114037 -0.22217 0.049999 82586.8 0.00069486 1 -0.0354147 -0.255593 0.05 82713
0 3825 3 phononL 0.00176098 2.99041 -4.57851 0.0479575 3384.86 0.00034743 1 -0.0316129 -0.166019 0.05 52706.5
0 3878 2 phononTS 0.00225993 3.83763 -4.16121 -0.0437512 24.3977 0.00034743 1 0.110079 -0.160532 0.05 23292.8
0 3899 2 phononTS 0.00200735 3.34447 -3.99804 -0.000625886 6874.97 0.00069486 1 0.116576 -0.188464 0.05 16915.8
0 3950 3 phononTS 0.000938133 3.81152 -4.00091 -0.00181845 135.984 0.00034743 1 0.036612 -0.212544 0.05 36264
0 4020 5 phononTF 0.00170194 0.572754 -1.57524 0.0305907 19342.5 0.00034743 1 0.0398882 -0.226677 0.05 20806.9
0 4031 5 phononTS 0.00173488 3.82651 -3.49924 0.00922594 6215.93 0.00034743 1 0.0785853 -0.170164 0.05 20802.8
0 4053 3 phononTS 0.00224457 4.33046 -4.84547 -0.00690866 1459.15 0.00069486 1 0.09857 -0.247384 0.05 17890.2
0 4063 3 phononTS 0.00188462 4.20967 -4.97487 -0.0434378 5559.92 0.00069486 1 -0.0386319 -0.196305 0.05 12218.9
0 4063 4 phononTF 0.000446688 -0.0386319 -0.196305 0.049999 12218.9 0.00034743 1 -0.045207 -0.180877 0.05 12289.2
0 4063 2 phononTS 0.00211538 4.20967 -4.97487 -0.0434378 5559.92 0.00069486 1 0.0721718 -0.199617 0.05 19490.8
0 4081 2 phononTS 0.00141046 3.17927 -2.51044 -0.026293 8974.13 0.00034743 1 0.0720643 -0.278173 0.05 19655.8
0 4121 3 phononTF 0.00136409 3.42606 -4.03811 0.0319927 7552.25 0.00034743 1 -0.0820963 -0.231138 0.05 11544
0 4191 2 phononL 0.00179094 4.51536 -3.78402 0.0109474 7424.3 0.00034743 1 0.0158787 -0.209713 0.05 40415.2
0 4218 3 phononL 0.00243904 4.62987 -4.60522 -0.0309438 4195.07 0.00069486 1 0.0475119 -0.216477 0.05 19450.1
0 4218 2 phononTS 0.00156096 4.62987 -4.60522 -0.0309438 4195.07 0.00034743 1 -0.0436788 -0.1352 0.05 9711.82
0 4218 15 phononTF 0.000661531 -0.0436788 -0.1352 0.049999 9711.82 0.00034743 1 0.0301233 -0.127808 0.05 9783.85
0 4233 4 phononTF 0.000696514 3.20907 4.07702 -0.0434771 44979.3 0.00034743 1 -0.100946 -0.225461 0.05 110583
0 4262 3 phononTS 0.00226648 3.99301 -4.52982 -0.0359219 5707.14 0.00104229 1 -0.0985149 -0.153355 0.05 69605
0 4262 5 phononTF 0.000772478 -0.0985149 -0.153355 0.049999 69605 0.00034743 1 0.0964018 -0.250529 0.05 73069.7
0 4271 3 phononTF 0.00169945 3.14481 -3.09687 -0.048241 5174.88 0.00034743 1 0.0577548 -0.239904 0.05 125283
0 4306 3 phononTS 0.00229098 2.7983 -0.9026 0.0388826 11132 0.00034743 1 -0.0260486 -0.197444 0.05 14225.1
0 4345 4 phononTF 0.000700819 2.95914 3.91102 -0.038669 23179.6 0.00034743 1 0.0318758 -0.128677 0.05 75405.2
0 4369 2 phononTS 0.0018147 4.30923 -4.14053 0.0134683 6944.46 0.00034743 1 0.0633908 -0.189019 0.05 31076.2
0 4369 4 phononTS 0.000410574 0.0633908 -0.189019 0.049999 31076.2 0.00034743 1 0.11311 -0.185066 0.05 31215.1
0 4381 3 phononTF 0.00109837 3.72771 -3.01061 -0.00532611 5094.76 0.00034743 1 -0.0836719 -0.232184 0.05 36391.8
0 4391 2 phononTF 0.00234806 3.78527 -3.40635 0.0347356 1801.87 0.00069486 1 0.0583498 -0.220014 0.05 32354.9
0 4391 7 phononTS 0.000470035 0.0583498 -0.220014 0.049999 32354.9 0.00034743 1 0.0726635 -0.229609 0.05 32411
0 4437 4 phononTF 0.000894097 -0.754004 -3.77822 0.00259284 39632.2 0.00034743 1 0.0707741 -0.262081 0.05 120598
0 4442 2 phononTS 0.00208663 3.70684 -4.17134 -0.0227026 812.367 0.00034743 1 -0.0944863 -0.139109 0.05 23223.2
0 4477 5 phononTS 0.00169542 1.55956 -1.01489 0.0175075 74869.7 0.00034743 1 -0.0530434 -0.178771 0.05 76154.4
0 4508 5 phononTS 0.000785669 0.0773537 -1.67016 -0.0445438 29442.4 0.00034743 1 -0.0817103 -0.264602 0.05 78839.2
0 4516 3 phononTS 0.00190971 3.69502 -4.27515 -0.0111918 222.241 0.00069486 1 -0.0772084 -0.171139 0.05 11229.1
0 4544 4 phononTS 0.00115484 3.62848 -1.64344 -0.0257118 9284.08 0.00034743 1 0.0627031 -0.110416 0.05 73795
0 4591 3 phononTF 0.0015121 3.34231 -4.07536 -0.0441111 2230.32 0.00069486 1 0.0890813 -0.268014 0.05 32032.6
0 4655 2 phononTS 0.00200245 3.2016 -4.07048 -0.0186551 5426.37 0.00069486 1 -0.0354676 -0.148245 0.05 27262.5
0 4664 2 phononTS 0.0014776 3.74993 -3.7045 -0.0360261 4990.14 0.00034743 1 0.0653322 -0.14794 0.05 37693.3
0 4677 2 phononTF 0.00175977 3.12827 -3.27181 0.0146005 5244.04 0.00069486 1 0.0491922 -0.246794 0.05 27461.9
0 4691 3 phononTS 0.00197104 2.97552 -4.77344 0.00674034 7365.01 0.00034743 1 -0.0151066 -0.176098 0.05 18842.5
0 4691 4 phononTF 0.000511873 -0.0151066 -0.176098 0.049998 18842.5 0.00034743 1 0.0281839 -0.114999 0.05 18917.5
0 4701 3 phononL 0.00223881 3.45911 -3.81189 -0.0170699 9125.79 0.00138972 1 0.0601957 -0.262847 0.05 30521.2
0 4719 4 phononTF 0.00117017 3.09898 -4.37227 -0.0276985 6995.37 0.00069486 1 0.0761483 -0.134899 0.05 26941.9
0 4766 5 phononL 0.00178786 -1.68508 0.732922 -0.0351156 18049.6 0.00034743 1 0.0990833 -0.257353 0.05 24288.7
0 4766 9 phononTF 0.000552164 0.0990833 -0.257353 0.049999 24288.7 0.00034743 1 0.0567235 -0.119639 0.05 24727.5
0 4788 4 phononTS 0.00127113 4.86638 -4.30275 0.0432887 8333.53 0.00034743 1 -0.0204162 -0.206641 0.05 30177.4
0 4791 2 phononTF 0.00162181 4.01947 -2.74084 -0.038164 12422.5 0.00069486 1 -0.0990234 -0.244373 0.05 30161.1
0 4854 2 phononTF 0.00187899 3.02453 -1.80667 -0.0440077 12937.8 0.00034743 1 0.101953 -0.241007 0.05 21079.7
0 4869 5 phononTF 0.00197897 4.46593 -4.46822 -0.0194406 5166.54 0.00069486 1 -0.0664721 -0.255047 0.05 51711.7
0 4877 3 phononL 0.00196123 3.97104 -4.90682 -0.0266299 6666.39 0.00104229 1 0.0310501 -0.101169 0.05 46460.5
0 4882 2 phononTS 0.00185979 2.79155 -4.62937 -0.003192 2960.18 0.00069486 1 0.090141 -0.207342 0.05 9030.81
0 4902 3 phononTS 0.00203833 3.77715 -4.00454 0.0148889 235.309 0.00034743 1 0.0334568 -0.23182 0.05 9742.03
0 4943 2 phononTS 0.00277591 4.91602 -3.65272 0.0125708 7977.91 0.00034743 1 -0.040217 -0.288937 0.05 72594.8
0 4943 5 phononTF 0.00212451 -0.040217 -0.288937 0.049999 72594.8 0.00069486 1 -0.0473269 -0.281544 0.05 72689.8
0 4943 8 phononL 0.000823916 -0.0473269 -0.281544 0.049999 72689.8 0.00034743 1 0.0862188 -0.146294 0.05 73584.1
0 4963 2 phononTF 0.00238791 4.64276 -2.98591 -0.00989747 9236.05 0.00034743 1 0.0657219 -0.237214 0.05 61149.1
0 4976 2 phononTS 0.00224873 4.56901 -3.86767 0.0289217 9140.87 0.00069486 1 -0.0760273 -0.133246 0.05 29456.9
0 4986 5 phononTF 0.00176982 4.39408 -2.13614 0.0399574 11961.9 0.00034743 1 -0.0679422 -0.111019 0.05 19391.7
