Run ID,Event ID,Track ID,Particle Name,Start Energy [eV],Start X [mm],Start Y [mm],Start Z [mm],Start Time [ns],Energy Deposited [eV],Track Weight,End X [mm],End Y [mm],End Z [mm],Final Time [ns],Volume Name
0 2 3 phononTS 0.00249856 -1.11138 -2.48912 -0.000637621 19272.3 0.00104229 1 0.04435 -0.264183 0.05 22201.4
0 44 4 phononTS 0.000815348 -3.4186 0.0345016 0.049999 2831.23 0.00034743 1 0.0797085 -0.119454 0.05 26698.3
0 62 2 phononL 0.00296948 -3.1045 -0.376378 -0.0428194 309.014 0.00034743 1 -0.0766314 -0.155397 0.05 21966.1
0 62 5 phononTF 0.00108921 -0.0766314 -0.155397 0.049999 21966.1 0.00034743 1 0.0481557 -0.155373 0.05 22123.4
0 62 9 phononTS 0.000479871 0.0481557 -0.155373 0.049999 22123.4 0.00034743 1 -0.057822 -0.148735 0.05 22202
0 62 4 phononTF 0.00128687 -0.0766314 -0.155397 0.049999 21966.1 0.00034743 1 -0.07504 -0.260069 0.05 22037.9
0 73 2 phononTS 0.00255833 -4.54904 -2.09793 0.0475735 15936.3 0.00034743 1 0.0697418 -0.120236 0.05 43603.2
0 96 2 phononL 0.000776145 -3.56392 0.0279405 0.049999 2357.29 0.00034743 1 0.0356614 -0.128749 0.05 33900.3
0 129 2 phononTS 0.000792685 -1.80285 0.0373079 0.049999 10340.6 0.00069486 1 0.0657926 -0.187071 0.05 43266.5
0 143 3 phononL 0.00232027 -3.75948 -0.987523 -0.0331473 4756.52 0.00034743 1 -0.0346267 -0.287779 0.05 60328.7
0 194 5 phononTF 0.00169631 -3.68986 -0.81265 -0.0425832 9761.56 0.00104229 1 -0.0372086 -0.110512 0.05 59075.1
0 206 2 phononTF 0.00142352 -1.86483 2.43508 -0.0070311 7226.97 0.00104229 1 0.0573935 -0.235434 0.05 27611.4
0 220 3 phononTS 0.00251142 -3.13986 -0.371773 -0.00263371 444.694 0.00034743 1 -0.0611975 -0.151848 0.05 8062.4
0 220 7 phononTS 0.000531055 -0.0611975 -0.151848 0.049999 8062.4 0.00034743 1 0.0246092 -0.253965 0.05 8142.12
0 222 2 phononTS 0.000861215 -3.80086 -1.04976 -0.037514 2467.98 0.00034743 1 0.0523801 -0.179925 0.05 52057.1
0 238 4 phononTF 0.000747684 -4.06243 0.0494514 0.049999 1321.65 0.00034743 1 0.0240598 -0.215704 0.05 37456.1
0 302 2 phononTS 0.0024799 -2.21916 -0.939409 0.0443234 6795.66 0.00104229 1 0.106955 -0.201411 0.05 45569.3
0 302 4 phononTS 0.000446196 0.106955 -0.201411 0.049999 45569.3 0.00034743 1 0.0765007 -0.208873 0.05 45632.4
0 330 4 phononL 0.00115285 0.935911 -1.77335 -0.0324627 47220.7 0.00069486 1 0.058728 -0.23925 0.05 58801.6
0 356 2 phononTF 0.00279818 -3.34712 -0.236333 -0.0089714 92.7209 0.00069486 1 0.0908375 -0.129622 0.05 28046.2
0 380 2 phononTF 0.00143541 -3.3194 -0.0435788 0.0237686 616.469 0.00034743 1 -0.0447462 -0.109865 0.05 18779
0 422 2 phononTS 0.00138149 -3.13818 -0.330445 0.0430946 26.9894 0.00034743 1 -0.0212078 -0.180886 0.05 37084.2
0 426 2 phononL 0.0006733 -3.21237 0.0904608 0.049999 170.018 0.00034743 1 0.0468045 -0.232862 0.05 9613.49
0 448 2 phononTS 0.00149896 -3.97128 -0.531177 0.0270624 2923.89 0.00034743 1 0.0891001 -0.126708 0.05 25589.3
0 448 5 phononTF 0.0010127 0.0891001 -0.126708 0.049999 25589.3 0.00069486 1 -0.0463923 -0.144723 0.05 25665
0 451 3 phononL 0.00172888 -3.42984 -0.5138 0.0475044 3462.24 0.00034743 1 0.0972401 -0.258082 0.05 23706.3
0 469 3 phononTS 0.00256154 -3.80999 -0.531526 0.0135098 1276.6 0.00069486 1 -0.0465228 -0.230398 0.05 16692.3
0 469 9 phononL 0.000366985 -0.0465228 -0.230398 0.049999 16692.3 0.00034743 1 -0.0290003 -0.145629 0.05 20187
0 509 3 phononTF 0.00214803 -2.90947 -0.21263 -0.0304347 3590.35 0.00069486 1 -0.0932669 -0.202437 0.05 109950
0 509 7 phononTF 0.000711711 -0.0932669 -0.202437 0.049999 109950 0.00034743 1 -0.0660486 -0.165112 0.05 110195
0 550 3 phononTS 0.00130152 -3.20911 0.0135868 0.00417547 240.999 0.00034743 1 -0.0975769 -0.25513 0.05 80643.8
0 666 5 phononL 0.000463965 -1.78735 0.036491 0.049999 2311.9 0.00034743 1 -0.019318 -0.242675 0.05 4861.71
0 708 3 phononTF 0.00210372 -1.95782 -1.75838 0.0454214 4109.97 0.00034743 1 0.0346603 -0.274951 0.05 5357.35
0 731 2 phononTS 0.00123775 -3.01783 0.943918 -0.0410337 8028.05 0.00034743 1 0.08262 -0.184722 0.05 37018.2
0 734 4 phononTS 0.000799632 -2.04533 -1.25245 -0.0136959 10507.9 0.00034743 1 0.0343834 -0.138269 0.05 126097
0 737 4 phononTF 0.000707467 -2.83739 0.0105191 0.049998 785.577 0.00034743 1 -0.0624555 -0.151018 0.05 85336.7
0 764 3 phononTS 0.000713046 -2.21742 0.0931487 0.049999 8894.03 0.00034743 1 0.0284299 -0.242628 0.05 79458.7
0 775 4 phononTF 0.000458897 -3.4788 0.0363496 0.049999 579.03 0.00034743 1 -0.0732135 -0.123281 0.05 112748
0 810 2 phononTS 0.00166928 -2.98369 -0.938422 0.0351517 926.582 0.00034743 1 -0.0174566 -0.228163 0.05 4757.15
0 819 3 phononTF 0.000839178 -2.6961 0.0347875 0.049999 3150.08 0.00034743 1 -0.0410602 -0.272156 0.05 12941.2
0 837 4 phononTF 0.000671799 -4.4901 0.013034 0.049999 13118.7 0.00034743 1 0.0602446 -0.171154 0.05 44014.9
0 853 2 phononTS 0.00177218 -3.29947 -0.158968 0.043063 352.965 0.00034743 1 0.0743084 -0.184437 0.05 161937
0 853 8 phononTF 0.00120761 0.0743084 -0.184437 0.049999 161937 0.00069486 1 0.0556323 -0.213713 0.05 162020
0 865 5 phononL 0.000583138 -2.75694 0.0939351 0.049999 2389.66 0.00034743 1 -0.0422898 -0.218985 0.05 13126.8
0 912 5 phononL 0.0011362 -0.295825 0.238171 0.0382482 8141.07 0.00034743 1 0.0546374 -0.25939 0.05 12450.4
0 912 4 phononTS 0.00224066 -0.295825 0.238171 0.0382482 8141.07 0.00034743 1 0.0471458 -0.229129 0.05 19173.6
0 1033 5 phononTF 0.00203805 -2.49592 1.81227 -0.0148196 21845.7 0.00034743 1 0.0873757 -0.240478 0.05 48725.2
0 1033 6 phononL 0.000752806 0.0873757 -0.240478 0.049999 48725.2 0.00034743 1 0.0707589 -0.157308 0.05 49860.1
0 1049 3 phononTS 0.00149027 -4.88485 -0.938998 -0.0368754 2780.42 0.00034743 1 -0.0524338 -0.240806 0.05 18918.3
0 1096 5 phononTS 0.00217525 -3.80456 3.74027 -0.0310718 30691.9 0.00034743 1 -0.0749862 -0.231903 0.05 83010.5
0 1096 7 phononL 0.00111086 -0.0749862 -0.231903 0.049999 83010.5 0.00069486 1 0.0906885 -0.254402 0.05 100814
0 1096 6 phononTS 0.000525563 -0.0749862 -0.231903 0.049999 83010.5 0.00034743 1 0.100623 -0.196163 0.05 84773.1
0 1117 2 phononTS 0.000890197 -3.66013 0.015239 0.049999 2202.51 0.00034743 1 0.115357 -0.216013 0.05 57096.5
0 1122 2 phononTS 0.00130471 -2.88334 -2.39297 -0.0150628 13799.2 0.00034743 1 -0.0474577 -0.273513 0.05 93115.4
0 1152 2 phononTS 0.00134853 -3.36828 -0.159984 0.0310824 1031.29 0.00069486 1 0.0442397 -0.193721 0.05 6332.74
0 1167 3 phononTF 0.00233753 -4.1528 -0.124146 0.0337624 1620.8 0.00069486 1 -0.0886422 -0.193998 0.05 12322
0 1167 9 phononTF 0.000437036 -0.0886422 -0.193998 0.049999 12322 0.00034743 1 -0.0344072 -0.161552 0.05 13727.6
0 1171 7 phononTS 0.0015638 1.43405 -1.8032 0.0499517 83956.7 0.00034743 1 -0.00999808 -0.196472 0.05 90334.4
0 1171 4 phononTS 0.000595532 -3.09683 0.903791 -0.0323883 12852.3 0.00034743 1 -0.0276137 -0.247916 0.05 106214
0 1189 3 phononTS 0.000688257 -4.89528 -0.000477416 0.049999 4364.42 0.00034743 1 -0.064174 -0.290017 0.05 52585.8
0 1312 4 phononTF 0.000504692 -2.4093 0.00447505 0.049999 2864.26 0.00034743 1 0.052517 -0.146437 0.05 21587
0 1343 3 phononTS 0.00182725 -3.75429 -1.09699 -0.0118243 4975.94 0.00069486 1 -0.0429101 -0.240984 0.05 24167.4
0 1352 4 phononTS 0.000831827 -3.07592 0.0540221 0.049999 2621.77 0.00034743 1 -0.068349 -0.194868 0.05 12096.1
0 1411 3 phononTS 0.00200974 -4.40101 -0.625024 0.0074446 1289.67 0.00104229 1 -0.0361052 -0.0996047 0.05 18058.6
0 1425 3 phononTF 0.00171592 -1.40122 -1.00347 -0.00674005 7508.94 0.00034743 1 0.0143096 -0.209972 0.05 24552.4
0 1425 4 phononTS 0.000892514 0.0143096 -0.209972 0.049999 24552.4 0.00034743 1 -0.0424004 -0.147763 0.05 59639.7
0 1428 2 phononTF 0.000761454 -3.22539 -0.221796 -0.00214939 48.9046 0.00034743 1 -0.0704885 -0.170564 0.05 24289.6
0 1483 5 phononTS 0.000937235 -2.26408 -0.566471 -0.0145118 16716.8 0.00034743 1 -0.0536957 -0.128807 0.05 23283.5
0 1513 3 phononTF 0.00280663 -2.67638 -1.24066 0.0359328 3356.81 0.00104229 1 0.104699 -0.144884 0.05 8464.35
0 1513 10 phononTF 0.000601621 0.104699 -0.144884 0.049999 8464.35 0.00034743 1 0.103903 -0.244387 0.05 8616.69
0 1523 4 phononTF 0.000860184 4.98183 -3.39342 -0.0249993 51933.7 0.00034743 1 -0.0494351 -0.251277 0.05 68227.3
0 1529 3 phononTF 0.00244098 -1.8198 -0.524101 0.032938 3320.77 0.00104229 1 -0.0864664 -0.171133 0.05 24752.3
0 1542 5 phononTS 0.00108136 0.314105 0.31879 0.015906 27801.8 0.00069486 1 0.0156485 -0.217898 0.05 29006.3
0 1564 5 phononTS 0.00142985 -3.48151 -3.94396 -0.0458152 10715.9 0.00034743 1 -0.0695506 -0.183431 0.05 18605
0 1564 7 phononTS 0.000710761 -0.0695506 -0.183431 0.049998 18605 0.00034743 1 -0.108615 -0.210607 0.05 18735
0 1572 3 phononL 0.00227846 -2.97344 -0.329086 -0.00678923 239.019 0.00034743 1 -0.0185125 -0.222896 0.05 10953.4
0 1572 5 phononTF 0.000734049 -0.0185125 -0.222896 0.049999 10953.4 0.00034743 1 -0.028551 -0.257928 0.05 11026.7
0 1595 1 phononTS 0.004 -3.25 -0.25 0 0 0.00069486 1 -0.0953599 -0.267134 0.05 10574
0 1595 6 phononTS 0.000597673 -0.0953599 -0.267134 0.049999 10574 0.00034743 1 0.0237707 -0.181735 0.05 11704
0 1627 2 phononTF 0.000908305 -3.21594 0.0427802 0.049999 413.147 0.00034743 1 -0.0543256 -0.194729 0.05 67408.6
0 1733 3 phononTS 0.00202017 -1.97362 -1.0931 -0.0124338 3498.76 0.00034743 1 -0.0588423 -0.240331 0.05 109659
0 1733 4 phononTS 0.000725805 -0.0588423 -0.240331 0.049999 109659 0.00034743 1 0.0291213 -0.176617 0.05 109946
0 1733 15 phononTF 0.00130738 -0.905439 -4.96284 -0.0473144 15558 0.00034743 1 0.0552745 -0.243287 0.05 18416.8
0 1821 2 phononTS 0.00182065 -3.24124 -0.532484 0.0103353 6415.32 0.00069486 1 0.0518374 -0.143088 0.05 31258.9
0 1832 2 phononTS 0.00239341 -3.24172 -0.532601 -0.0124573 267.044 0.00034743 1 -0.0502985 -0.300448 0.05 10805.3
0 1832 5 phononTS 0.000514386 -0.0502985 -0.300448 0.049999 10805.3 0.00034743 1 0.062704 -0.121413 0.05 10908.2
0 1839 5 phononL 0.000496261 3.06653 2.17675 0.0403753 64304.4 0.00034743 1 0.0669062 -0.281876 0.05 72786.2
0 1841 3 phononL 0.000387981 -4.53649 0.0643861 0.049999 1786.21 0.00034743 1 0.0241148 -0.210015 0.05 29824.6
0 1853 5 phononTS 0.000976259 -2.264 -1.40041 0.0273424 34300.3 0.00034743 1 0.0890825 -0.124957 0.05 54875.4
0 1924 4 phononTS 0.00148874 -2.95812 2.65074 0.00273568 9608.52 0.00034743 1 0.0523721 -0.127593 0.05 60152.1
0 1946 2 phononTS 0.00184938 -3.14615 -0.583167 0.00280987 406.622 0.00069486 1 0.0517786 -0.285566 0.05 10079.2
0 1951 2 phononTF 0.00253378 -2.55876 -2.35772 0.0194859 1672.22 0.00034743 1 0.0596122 -0.222782 0.05 26068.6
0 1960 2 phononTS 0.000831956 -3.21503 -1.04937 0.0298705 5995.49 0.00034743 1 0.0662473 -0.129995 0.05 16268.4
0 1967 2 phononTF 0.000418181 -3.44623 0.0420064 0.049999 283.437 0.00034743 1 -0.0585901 -0.23288 0.05 2137.52
0 1976 5 phononL 0.00116491 0.181373 2.49691 0.0423343 14972.7 0.00069486 1 -0.0216474 -0.248842 0.05 31344.3
0 1998 5 phononTS 0.00147705 0.426708 -3.68962 0.0123009 68740.7 0.00069486 1 0.0223437 -0.127913 0.05 86835.9
0 2045 4 phononTF 0.00068123 -3.26051 0.0879675 0.049999 374.884 0.00034743 1 -0.0863554 -0.198564 0.05 4958.9
0 2069 2 phononTF 0.00162655 -4.32383 -1.51202 -0.0310569 4043.97 0.00069486 1 -0.0735315 -0.112802 0.05 38327.6
0 2179 2 phononL 0.00146053 -2.63514 -0.76835 -0.0348733 1051.72 0.00034743 1 -0.0610446 -0.184655 0.05 32467.8
0 2203 4 phononTF 0.00111191 -4.07346 -2.23126 0.0250427 52986.3 0.00034743 1 0.0948248 -0.193355 0.05 67267.6
0 2234 4 phononTS 0.000434737 -2.44276 0.0706732 0.049998 14349.9 0.00034743 1 0.0301717 -0.219354 0.05 39608.1
0 2276 4 phononTF 0.000938639 0.843836 -1.9131 -0.0314657 14316 0.00034743 1 -0.0372982 -0.109032 0.05 127670
0 2293 2 phononTF 0.00162361 -3.29185 -0.121076 -0.0259137 179.768 0.00034743 1 -0.0370893 -0.133814 0.05 174202
0 2312 4 phononTF 0.000502465 -2.45676 2.66732 -0.02704 24749 0.00034743 1 0.0234385 -0.138032 0.05 45786.8
0 2350 4 phononTF 0.00207727 -3.25442 -0.279845 0.0474112 38.7361 0.00069486 1 -0.0286332 -0.209521 0.05 18910.2
0 2379 5 phononL 0.000751211 -3.38568 0.0284057 0.049998 2507.01 0.00034743 1 0.0723253 -0.174482 0.05 35092.6
0 2424 2 phononTS 0.00263166 -2.0829 0.0943846 -0.0106924 1219 0.00034743 1 0.0356016 -0.260971 0.05 7768.32
0 2444 2 phononTS 0.00225456 -3.27572 -0.207163 -0.0182159 28.9854 0.00069486 1 -0.0968377 -0.160878 0.05 20128.5
0 2484 3 phononTS 0.00188158 -3.58786 1.14585 0.0266639 3503.61 0.00069486 1 -0.0955336 -0.268822 0.05 6930.06
0 2496 3 phononTS 0.00117623 -3.10285 -0.264991 -0.0225925 1266.55 0.00034743 1 0.0752383 -0.273876 0.05 127986
0 2496 2 phononTS 0.00282377 -3.10285 -0.264991 -0.0225925 1266.55 0.00069486 1 0.0175121 -0.19115 0.05 15864.3
0 2505 2 phononTS 0.000630855 -4.21344 0.0935088 0.049999 3167.32 0.00034743 1 0.0436815 -0.289188 0.05 65934.4
0 2606 4 phononTS 0.00076943 -3.50986 0.0110635 0.049999 312.481 0.00034743 1 0.0182736 -0.24536 0.05 10497.5
0 2613 3 phononTS 0.00233629 -1.99686 -1.16844 -0.0324152 3054.73 0.00034743 1 -0.0446701 -0.298377 0.05 45831.4
0 2613 6 phononTS 0.000353688 -0.0446701 -0.298377 0.049999 45831.4 0.00034743 1 -0.0519096 -0.283296 0.05 55937
0 2613 5 phononTS 0.00159437 -0.0446701 -0.298377 0.049999 45831.4 0.00034743 1 -0.0666029 -0.206434 0.05 45908.2
0 2613 12 phononTS 0.000949643 -0.0666029 -0.206434 0.049999 45908.2 0.00034743 1 -0.0542087 -0.193859 0.05 45966
0 2616 2 phononTF 0.00222409 -2.67583 -0.768684 0.00633647 3533.17 0.00069486 1 0.0350725 -0.298833 0.05 5965.39
0 2620 2 phononTS 0.000424062 -3.2213 0.000729143 0.049999 322.368 0.00034743 1 0.0476292 -0.124859 0.05 15226.8
0 2622 2 phononTS 0.00192146 -1.8236 -2.87373 -0.0414465 6775.53 0.00069486 1 0.0967422 -0.236834 0.05 27208.7
0 2631 2 phononTF 0.00144164 -2.83384 0.0306884 0.00724425 6222.81 0.00034743 1 -0.0439098 -0.299686 0.05 11297.2
0 2723 3 phononTF 0.00157455 -2.47144 -0.41491 -0.0070961 3733.62 0.00034743 1 -0.0685849 -0.138766 0.05 17941.4
0 2743 6 phononTS 0.000367661 -3.4874 0.0923029 0.049999 3203.59 0.00034743 1 -0.0387204 -0.223419 0.05 20499
0 2765 2 phononTF 0.00123908 -3.20536 -0.578964 0.0052802 187.172 0.00069486 1 0.0223559 -0.174336 0.05 11972.3
0 2767 7 phononTF 0.000637496 -2.62553 -0.247969 -0.00108767 3712.76 0.00034743 1 -0.088316 -0.234303 0.05 41960
0 2777 3 phononTS 0.00151112 -2.82699 -0.897934 -0.0417708 6780.36 0.00069486 1 0.103879 -0.223622 0.05 96569.6
0 2832 5 phononTF 0.00148978 -1.55735 -0.526213 0.0227889 11293 0.00034743 1 -0.0201498 -0.250835 0.05 36809.4
0 2834 3 phononTS 0.000516929 -2.7072 0.100413 0.049999 538.863 0.00034743 1 -0.035344 -0.128799 0.05 100955
0 2853 3 phononL 0.000689824 -3.37104 0.0758271 0.049999 399.419 0.00034743 1 -0.0796165 -0.131299 0.05 70604.4
0 2861 4 phononTF 0.00140796 -3.65572 1.50418 -0.0347781 61663.2 0.00034743 1 -0.0649469 -0.271628 0.05 76174.2
0 2878 5 phononTS 0.00108557 -2.87595 -0.592668 0.0224727 6047.51 0.00069486 1 -0.0758257 -0.150056 0.05 81686.3
0 2880 2 phononTF 0.00153605 -2.34595 -0.551648 0.047319 4790.36 0.00034743 1 -0.103007 -0.174447 0.05 41892.6
0 2918 2 phononL 0.00227124 -2.02242 -1.42801 0.0065669 6019.09 0.00034743 1 0.0442461 -0.151085 0.05 7149.07
0 2927 2 phononTS 0.00169001 -3.24917 -0.248377 0.00119237 0.403963 0.00069486 1 -0.0359092 -0.144602 0.05 36422
0 2980 3 phononTS 0.00080744 -3.43011 0.016832 0.049999 6744.98 0.00034743 1 0.0249126 -0.275097 0.05 46125.5
0 3011 5 phononL 0.00107353 -4.54822 -1.59212 0.00993006 887.885 0.00034743 1 -0.0682324 -0.172585 0.05 65877.9
0 3059 4 phononL 0.000854622 -4.14668 -3.19362 0.0179112 33039.5 0.00034743 1 0.0594648 -0.29405 0.05 64802.9
0 3065 3 phononL 0.000886148 -2.87627 -0.00201196 0.049999 819.523 0.00034743 1 -0.0256215 -0.115769 0.05 108260
0 3065 6 phononTF 0.000526449 -0.0256215 -0.115769 0.049999 108260 0.00034743 1 0.0611374 -0.147635 0.05 108588
0 3084 3 phononTS 0.00139718 -3.29986 -0.389317 -0.0172203 983.287 0.00034743 1 -0.062136 -0.233367 0.05 96996.3
0 3088 3 phononTF 0.0018136 -3.17623 -1.08129 -0.0311551 4343.38 0.00034743 1 0.0846826 -0.244807 0.05 36967.8
0 3223 3 phononTS 0.00242837 -4.88311 -1.28863 -0.0419339 5966.45 0.00034743 1 0.0701637 -0.256171 0.05 10968.1
0 3248 2 phononTS 0.000353974 -3.3422 0.00239807 0.049999 108.979 0.00034743 1 -0.098494 -0.174816 0.05 1946.4
0 3256 3 phononTS 0.00227466 -2.47736 -1.56013 -0.0241477 2926.05 0.00069486 1 0.0320901 -0.239935 0.05 13914.4
0 3256 5 phononTF 0.000831269 0.0320901 -0.239935 0.049999 13914.4 0.00034743 1 0.033593 -0.150752 0.05 53657.1
0 3342 2 phononL 0.000757461 -2.82689 0.0932958 0.049999 939.373 0.00034743 1 -0.0160885 -0.207429 0.05 11274.4
0 3347 3 phononL 0.0014102 -3.56706 -0.10381 -0.0350593 1185.45 0.00034743 1 0.0425724 -0.282751 0.05 21055
0 3359 1 phononTS 0.004 -3.25 -0.25 0 0 0.00034743 1 0.0385997 -0.125636 0.05 16957.1
0 3483 2 phononTS 0.000995455 -3.89588 -0.399925 -0.0133863 17464.4 0.00069486 1 -0.0765931 -0.284332 0.05 28144.9
0 3495 1 phononL 0.004 -3.25 -0.25 0 0 0.00034743 1 0.0857248 -0.240892 0.05 11081.3
0 3495 3 phononTF 0.00105007 0.0857248 -0.240892 0.049999 11081.3 0.00034743 1 0.0536679 -0.262183 0.05 11283.6
0 3505 3 phononTS 0.00219429 -3.21328 -0.222865 -0.0366618 10.703 0.00034743 1 -0.0843346 -0.156106 0.05 1716.57
0 3512 5 phononL 0.00121025 0.562406 -0.663342 0.0438189 17434.1 0.00034743 1 0.0431585 -0.286243 0.05 18055.7
0 3520 4 phononTS 0.000792225 -3.21275 0.100043 0.049999 481.589 0.00069486 1 -0.0889557 -0.246193 0.05 6285.57
0 3535 3 phononTS 0.000910182 -2.03064 -1.25211 -0.00284568 2001.14 0.00034743 1 0.0866241 -0.262977 0.05 51954.5
0 3563 3 phononTF 0.000462479 -4.27857 0.0435147 0.049999 3804.05 0.00034743 1 0.0907158 -0.163677 0.05 99787.4
0 3566 4 phononTF 0.000575494 0.29526 -0.933534 0.000780982 10912.4 0.00034743 1 0.0954669 -0.137506 0.05 11503.7
0 3570 3 phononTF 0.00284647 -2.62679 -0.154954 -0.0113199 999.84 0.00069486 1 0.0559582 -0.154923 0.05 5496.85
0 3570 7 phononTS 0.00138649 0.0559582 -0.154923 0.049999 5496.85 0.00069486 1 0.0706084 -0.282858 0.05 6235.17
0 3623 3 phononL 0.00235694 -4.52762 -1.97134 -0.0118035 13983.5 0.00138972 1 -0.0374053 -0.263254 0.05 38858.4
0 3628 2 phononL 0.00198992 -2.31933 0.654379 -0.0490491 5233.26 0.00069486 1 -0.096916 -0.175211 0.05 36842.3
0 3628 4 phononTS 0.000471941 -0.096916 -0.175211 0.049999 36842.3 0.00034743 1 -0.0638762 -0.198251 0.05 43556.7
0 3631 2 phononL 0.0014082 -0.581446 -1.25467 0.00917228 24380 0.00034743 1 -0.0751189 -0.183256 0.05 26150.5
0 3797 4 phononTS 0.00109108 -0.388321 1.74557 0.033383 65238.6 0.00034743 1 0.098803 -0.194306 0.05 82652.7
0 3827 4 phononTS 0.000651143 -3.13966 0.0389737 0.049999 653.781 0.00034743 1 0.0266883 -0.162891 0.05 43009.6
0 3841 3 phononL 0.00185982 -3.28304 -0.116528 0.0335568 122.318 0.00034743 1 -0.0594799 -0.173869 0.05 21060.7
0 3885 2 phononTS 0.00205295 -4.02228 -1.17791 0.0443789 6566.55 0.00034743 1 -0.0287343 -0.123763 0.05 24728.8
0 3918 2 phononTF 0.000755997 -4.39781 0.0216985 0.049999 1709.18 0.00034743 1 0.0198246 -0.259134 0.05 36094.7
0 3923 5 phononTS 0.000953781 -0.0112315 0.200335 0.0259202 28093.1 0.00069486 1 -0.0376883 -0.132105 0.05 32656.6
0 3923 4 phononTS 0.0019451 -0.0112315 0.200335 0.0259202 28093.1 0.00034743 1 -0.0292815 -0.119963 0.05 29459.8
0 3933 2 phononTS 0.000351176 -3.83966 0.0930105 0.049999 274.097 0.00034743 1 -0.102721 -0.232585 0.05 16629.1
0 3936 2 phononTS 0.000656592 -3.62898 0.52096 0.0183887 3648.3 0.00034743 1 -0.0535939 -0.137447 0.05 7508.87
0 3947 3 phononTF 0.00214083 -1.19209 1.83873 0.0182949 6864.53 0.00034743 1 0.0180973 -0.15584 0.05 26925
0 3963 3 phononTS 0.00243046 -2.97391 0.0213054 0.00807082 285.469 0.00034743 1 -0.0770561 -0.277858 0.05 15541.2
0 3963 4 phononTF 0.000564101 -0.0770561 -0.277858 0.049999 15541.2 0.00034743 1 -0.0581014 -0.28705 0.05 15610.7
0 3968 2 phononL 0.000849394 -3.52781 -0.163051 0.017939 931.69 0.00069486 1 -0.0788775 -0.22168 0.05 18108.6
0 3978 3 phononTS 0.00191747 -3.50903 -0.340285 0.0253385 847.456 0.00069486 1 0.087171 -0.183943 0.05 11597.3
0 3986 2 phononTF 0.00174908 -4.75719 -0.529004 0.0488213 4669.08 0.00034743 1 -0.0223525 -0.191796 0.05 92511.5
0 3986 7 phononTF 0.000672148 -0.0223525 -0.191796 0.049999 92511.5 0.00034743 1 -0.0994157 -0.195794 0.05 92593.8
0 4053 2 phononTS 0.0021991 -2.05051 -1.23226 0.0107633 2955.17 0.00104229 1 -0.0386944 -0.212927 0.05 15906.1
0 4135 4 phononTF 0.000845041 -1.62233 0.0130203 0.049999 2665.14 0.00034743 1 0.108185 -0.215611 0.05 5702.55
0 4135 7 phononTF 0.000402707 0.108185 -0.215611 0.049999 5702.55 0.00034743 1 0.100025 -0.184346 0.05 5761
0 4140 5 phononL 0.00155113 2.89588 1.33318 0.0297971 29212 0.00069486 1 0.0418973 -0.109185 0.05 47680.5
0 4233 5 phononTF 0.000406804 -3.46335 0.0346105 0.049999 1618.91 0.00034743 1 -0.0830701 -0.131704 0.05 19186.3
0 4246 3 phononTS 0.00160513 -2.89287 -0.562294 0.045239 2389.26 0.00069486 1 -0.0342182 -0.208245 0.05 55053.7
0 4292 5 phononTF 0.000379976 -2.62941 0.0189024 0.049999 2354.19 0.00034743 1 0.0586072 -0.275865 0.05 6439.58
0 4325 2 phononTS 0.000472501 -2.33016 0.0399197 0.049999 1335.68 0.00034743 1 0.077837 -0.129408 0.05 21919.4
0 4336 2 phononTS 0.00201372 -2.35216 -1.70793 -0.0457834 2901.53 0.00034743 1 0.0484823 -0.279156 0.05 23223.2
0 4336 4 phononTF 0.0012509 0.0484823 -0.279156 0.049999 23223.2 0.00034743 1 0.0517286 -0.291399 0.05 23403.2
0 4361 2 phononTS 0.00129349 0.669611 -1.74555 -0.0289295 15623.1 0.00034743 1 0.0944182 -0.189897 0.05 20266.9
0 4362 3 phononTS 0.00221487 -3.39132 -0.543284 0.0470761 135.864 0.00034743 1 0.0430623 -0.234948 0.05 2229.9
0 4362 7 phononTS 0.000377337 0.0430623 -0.234948 0.049998 2229.9 0.00034743 1 0.0929816 -0.159394 0.05 2378.84
0 4362 4 phononTS 0.000685921 0.0430623 -0.234948 0.049998 2229.9 0.00034743 1 0.0455427 -0.248708 0.05 2288.51
0 4379 4 phononL 0.00069759 -2.99254 0.056965 0.049999 255.31 0.00034743 1 0.0325575 -0.304264 0.05 23579.1
0 4423 2 phononTF 0.00234903 -3.46561 -0.36982 0.0124661 727.312 0.00034743 1 -0.0285732 -0.153202 0.05 2352.53
0 4574 2 phononL 0.000519703 -0.949614 0.0357547 0.049999 10625.8 0.00034743 1 0.0636467 -0.233018 0.05 15324
0 4610 5 phononL 0.000524364 -2.86589 0.0782179 0.049999 2339.26 0.00034743 1 -0.104656 -0.228355 0.05 15132.9
0 4652 6 phononL 0.00138872 -3.68931 -0.113284 0.0315792 2414.04 0.00104229 1 -0.0578726 -0.269248 0.05 20567.4
0 4663 3 phononTS 0.000385157 -3.74022 0.0764502 0.049999 734.58 0.00034743 1 -0.0268569 -0.117115 0.05 7156.01
0 4779 2 phononTS 0.00159671 -2.35067 -0.953368 -0.0360631 624.347 0.00069486 1 -0.104579 -0.14959 0.05 66724.4
0 4793 2 phononTF 0.00223437 -2.54084 -0.136712 -0.0113734 664.05 0.00034743 1 -0.0863311 -0.271811 0.05 24043.9
0 4797 3 phononTF 0.00185147 -3.19644 -0.273352 0.0399994 13.1777 0.00104229 1 -0.0265494 -0.120431 0.05 22391.1
0 4826 5 phononTS 0.00131027 -3.19805 -0.766596 0.00479074 5949.99 0.00034743 1 -0.0300838 -0.249544 0.05 32925.8
0 4842 4 phononL 0.000768152 -2.9469 -5.15693e-05 0.049999 439.512 0.00034743 1 -0.0288052 -0.230292 0.05 94881
0 4842 5 phononTF 0.000350336 -0.0288052 -0.230292 0.049999 94881 0.00034743 1 -0.0270096 -0.207331 0.05 94980.6
0 4844 3 phononTF 0.00183983 -3.50788 -0.307569 0.0415742 544.545 0.00034743 1 0.0511112 -0.250166 0.05 18300.2
0 4848 2 phononTS 0.000557313 -3.10786 -0.957211 0.0247743 1152.8 0.00034743 1 0.0334765 -0.107241 0.05 28743.2
0 4853 5 phononTF 0.00147585 2.0835 3.64814 0.0231341 27067.3 0.00069486 1 -0.0729655 -0.234384 0.05 104245
0 4865 3 phononTF 0.00178946 -3.03659 -1.03872 0.0187119 8346.48 0.00069486 1 0.0877354 -0.165316 0.05 24189.1
0 4887 4 phononTS 0.00076103 0.489852 2.71823 -0.042425 18198.8 0.00034743 1 0.039774 -0.284278 0.05 19836.6
0 4927 2 phononTS 0.00124724 -3.15519 -0.307466 0.00207653 84.5421 0.00069486 1 -0.0685867 -0.226903 0.05 2102.47
0 4987 2 phononTS 0.00114829 -2.30051 0.491342 0.011879 3117.8 0.00069486 1 -0.0944705 -0.158481 0.05 8492.36
