Run ID,Event ID,Track ID,Particle Name,Start Energy [eV],Start X [mm],Start Y [mm],Start Z [mm],Start Time [ns],Energy Deposited [eV],Track Weight,End X [mm],End Y [mm],End Z [mm],Final Time [ns],Volume Name
0 30 3 phononTS 0.0020535 4.45982 4.84405 0.0127279 3274.08 0.00069486 1 -0.0429523 -0.284618 0.05 39476.3
0 75 3 phononTF 0.00158792 4.22283 3.94438 -0.0270066 2203.89 0.00034743 1 -0.110688 -0.235581 0.05 21250.4
0 104 5 phononL 0.000833389 -1.6345 2.52528 0.0138646 27395.4 0.00034743 1 -0.0950135 -0.137872 0.05 43428.2
0 107 4 phononL 0.00128437 3.9937 4.04784 0.0452037 3814.79 0.00034743 1 -0.0761215 -0.12372 0.05 92330.9
0 107 7 phononTF 0.000580372 -0.0761215 -0.12372 0.049999 92330.9 0.00034743 1 -0.0390314 -0.148316 0.05 92389.9
0 129 4 phononTS 0.00151636 3.9377 3.3351 -0.0185156 10038.8 0.00034743 1 -0.105822 -0.230247 0.05 22863.1
0 140 5 phononTF 0.000875475 4.65575 2.92841 0.0459726 5028.72 0.00069486 1 -0.0669826 -0.225167 0.05 16581.8
0 143 5 phononTS 0.00229464 1.06413 3.7334 -0.0422504 27354.6 0.00034743 1 -0.108509 -0.190403 0.05 74494.1
0 143 6 phononTS 0.000890756 -0.108509 -0.190403 0.049999 74494.1 0.00034743 1 0.0392087 -0.213828 0.05 74988.5
0 157 2 phononL 0.00132671 2.9127 4.11153 -0.0465811 11536.4 0.00034743 1 0.10283 -0.18009 0.05 18162.5
0 215 2 phononTS 0.00194847 4.66045 4.93265 -0.0150383 2469.68 0.00034743 1 0.0368555 -0.225089 0.05 26375.9
0 222 2 phononTF 0.00228293 4.74864 4.35135 0.0247205 3853.22 0.00034743 1 0.08436 -0.188076 0.05 89083.2
0 227 4 phononL 0.00153797 -0.717975 1.34685 0.0165046 47856.3 0.00034743 1 0.0901179 -0.267524 0.05 67469.9
0 227 9 phononL 0.000386251 0.0901179 -0.267524 0.049999 67469.9 0.00034743 1 0.0524563 -0.139228 0.05 67575.6
0 250 3 phononTS 0.0013831 4.65651 2.39326 -0.0437583 10467.2 0.00034743 1 -0.0591797 -0.26082 0.05 43840.3
0 267 5 phononTS 0.00175019 -0.266251 3.21898 0.0174197 23374.6 0.00034743 1 0.0769665 -0.129989 0.05 71208.9
0 282 2 phononL 0.00234503 4.95527 3.82224 -0.0241985 1111.1 0.00034743 1 0.0405044 -0.110064 0.05 14988.2
0 282 4 phononTS 0.00165892 0.0405044 -0.110064 0.049999 14988.2 0.00069486 1 0.0708102 -0.165067 0.05 15056.3
0 351 2 phononL 0.00208803 4.38755 3.16172 0.0401672 3327.2 0.00069486 1 -0.100093 -0.239091 0.05 13030
0 409 2 phononTS 0.00129278 3.96464 3.76586 -0.0172886 962.369 0.00034743 1 -0.0776002 -0.135633 0.05 3848.47
0 409 5 phononTF 0.000799231 -0.0776002 -0.135633 0.049999 3848.47 0.00034743 1 -0.0555183 -0.293948 0.05 3929.32
0 410 2 phononTS 0.000973008 4.58559 4.53485 0.000414949 2731.57 0.00034743 1 -0.0919528 -0.131759 0.05 44156.6
0 410 6 phononTF 0.000517863 -0.0919528 -0.131759 0.049999 44156.6 0.00034743 1 0.0365165 -0.230011 0.05 46564.3
0 423 5 phononTF 0.000881223 -3.62686 2.96718 0.00711922 21026.9 0.00034743 1 0.0206578 -0.162328 0.05 25164.8
0 433 2 phononTS 0.00146108 3.89667 3.32853 -0.00994901 3907.93 0.00034743 1 -0.109013 -0.173541 0.05 21518.8
0 434 2 phononL 0.00178027 4.92894 3.75198 0.0322457 909.444 0.00034743 1 0.0357826 -0.168069 0.05 15161.1
0 442 2 phononTS 0.00165922 4.70914 3.4542 -0.0452051 2954.64 0.00034743 1 -0.0723756 -0.242562 0.05 31373.7
0 457 5 phononTS 0.00081775 -1.91555 1.59193 -0.00112112 20000.3 0.00034743 1 -0.0718043 -0.194613 0.05 28463.5
0 461 3 phononTS 0.00197555 2.26403 4.06103 0.0334173 15422.4 0.00034743 1 0.0987447 -0.213042 0.05 39289.9
0 525 3 phononTF 0.00229505 4.0471 4.40941 -0.0379667 2644.48 0.00069486 1 0.0450788 -0.218711 0.05 35734.7
0 534 4 phononL 0.000888335 2.42835 3.99674 -0.0411806 3302.82 0.00034743 1 0.115331 -0.173898 0.05 29737.9
0 561 3 phononTS 0.00209305 4.52327 3.54381 0.0358208 2335.02 0.00034743 1 -0.110117 -0.208466 0.05 28787.7
0 561 5 phononL 0.00146611 -0.110117 -0.208466 0.049999 28787.7 0.00069486 1 0.0902873 -0.243319 0.05 29106.6
0 567 2 phononTS 0.00124758 2.55532 4.66824 -0.0369583 11905.8 0.00069486 1 0.0362182 -0.105601 0.05 57175.3
0 582 4 phononTS 0.00103059 0.561845 -1.94249 0.0289709 44351.9 0.00069486 1 0.105851 -0.198987 0.05 94141.1
0 584 3 phononTS 0.00273637 2.38653 3.07408 0.0476034 4567.63 0.00069486 1 -0.0650936 -0.212356 0.05 27667.2
0 589 5 phononTS 0.00125103 -2.69146 3.84201 -0.0436527 29693 0.00034743 1 0.0598313 -0.15257 0.05 68929.6
0 589 6 phononTS 0.000670088 0.0598313 -0.15257 0.049999 68929.6 0.00034743 1 -0.0475143 -0.285977 0.05 69021.1
0 596 3 phononTS 0.0025339 4.09512 3.24829 0.0350882 737.243 0.00138972 1 0.0846798 -0.157403 0.05 18656.2
0 634 2 phononL 0.00273987 3.5961 4.4224 -0.00106323 3794.57 0.00034743 1 0.0348023 -0.243389 0.05 61332.2
0 634 7 phononL 0.000782936 0.0348023 -0.243389 0.049999 61332.2 0.00034743 1 0.0511626 -0.281957 0.05 61579.8
0 664 5 phononTF 0.00106758 -2.3439 4.93858 -0.0468401 28125.8 0.00034743 1 -0.0525886 -0.179673 0.05 54283.2
0 680 3 phononTF 0.00201787 3.65936 4.31369 0.00782799 21319.4 0.00069486 1 0.0743545 -0.207622 0.05 27996.2
0 691 2 phononTF 0.00147988 2.19292 2.6768 0.00568263 12217.1 0.00034743 1 -0.0340029 -0.2791 0.05 97057
0 691 4 phononTF 0.000558213 -0.0340029 -0.2791 0.049999 97057 0.00034743 1 -0.0788504 -0.124841 0.05 97139.6
0 731 4 phononTF 0.00140734 2.42595 2.19109 -0.0248977 28193.7 0.00034743 1 -0.0586583 -0.157015 0.05 34567
0 745 3 phononL 0.00240201 4.91109 4.23179 0.0123258 2084.85 0.00069486 1 0.02694 -0.232734 0.05 64167.9
0 745 4 phononTF 0.00116946 0.02694 -0.232734 0.049999 64167.9 0.00034743 1 -0.0401883 -0.271369 0.05 67126.9
0 746 2 phononTF 0.00261475 0.253319 1.80838 -0.0285806 19270.8 0.00034743 1 0.0334861 -0.255849 0.05 20699.3
0 746 5 phononTF 0.00217381 0.0334861 -0.255849 0.049999 20699.3 0.00034743 1 0.0718941 -0.228424 0.05 20758.7
0 760 5 phononL 0.00153308 1.15967 1.22422 -0.0398273 27323 0.00069486 1 -0.0284157 -0.145851 0.05 32624.7
0 775 3 phononTS 0.00224103 3.65729 4.72908 0.0467173 10564.5 0.00034743 1 -0.0270908 -0.287491 0.05 66515.3
0 784 3 phononTS 0.00182692 4.3151 3.68491 -0.032208 307.743 0.00069486 1 0.0813036 -0.252699 0.05 104297
0 785 2 phononTF 0.000746242 3.72058 3.92426 -0.0114748 4546.27 0.00034743 1 -0.0708881 -0.164804 0.05 92169.3
0 789 3 phononTF 0.00157593 4.20209 2.34918 -0.0290396 30016.6 0.00034743 1 -0.0799481 -0.240807 0.05 148091
0 789 5 phononTS 0.000768888 -0.0799481 -0.240807 0.049998 148091 0.00034743 1 -0.103631 -0.248918 0.05 148147
0 798 2 phononTS 0.00129932 3.91367 4.02567 0.00242574 581.826 0.00034743 1 -0.0331554 -0.101771 0.05 17044.6
0 806 3 phononTF 0.00205046 4.99988 1.78146 -0.00217596 11106.5 0.00104229 1 0.046271 -0.188325 0.05 23453.4
0 868 3 phononL 0.00194637 3.07005 4.96043 -0.0378085 11329.1 0.00034743 1 0.0663661 -0.146017 0.05 21541.7
0 868 5 phononTS 0.000616209 0.0663661 -0.146017 0.049999 21541.7 0.00034743 1 0.0857922 -0.192352 0.05 21680.3
0 875 4 phononTS 0.000495522 4.7017 4.6449 -0.0396912 2003.97 0.00034743 1 -0.0655838 -0.158372 0.05 8003.64
0 877 2 phononTS 0.00202717 3.42894 4.20255 -0.0382529 1292.8 0.00034743 1 -0.102135 -0.246877 0.05 23709.6
0 877 4 phononTS 0.000427983 -0.102135 -0.246877 0.049999 23709.6 0.00034743 1 0.0849203 -0.277784 0.05 24192.9
0 911 2 phononTF 0.00235771 4.25305 4.63117 0.0324144 5048.72 0.00069486 1 0.093001 -0.227739 0.05 13356.9
0 957 2 phononTS 0.000858216 3.8544 4.26955 -0.0327389 3508.7 0.00034743 1 0.0463748 -0.249992 0.05 57478.1
0 975 3 phononTS 0.00167333 4.84149 4.60253 -0.024429 3692.94 0.00069486 1 -0.0352462 -0.207102 0.05 38697.7
0 975 9 phononTS 0.000443376 -0.0352462 -0.207102 0.049999 38697.7 0.00034743 1 -0.0714684 -0.216652 0.05 38891.3
0 987 2 phononTS 0.000932074 4.3937 2.02261 -0.00967909 13513.9 0.00034743 1 -0.0537238 -0.259829 0.05 25947.7
0 1012 3 phononL 0.00181987 4.10977 2.46238 0.033695 8159.6 0.00069486 1 0.111695 -0.190168 0.05 22621.3
0 1012 2 phononTF 0.00218013 4.10977 2.46238 0.033695 8159.6 0.00034743 1 0.0691333 -0.27378 0.05 21760.8
0 1042 3 phononTS 0.00240297 3.92561 3.26423 -0.0157768 698.218 0.00069486 1 0.0358661 -0.183038 0.05 14439
0 1042 5 phononTS 0.000872997 0.0358661 -0.183038 0.049999 14439 0.00034743 1 0.0545281 -0.17241 0.05 14497.1
0 1042 2 phononTF 0.00159703 3.92561 3.26423 -0.0157768 698.218 0.00034743 1 -0.0555493 -0.121749 0.05 13147.9
0 1042 19 phononTF 0.00121496 -0.0555493 -0.121749 0.049999 13147.9 0.00034743 1 0.0531442 -0.151471 0.05 13267.4
0 1087 3 phononTS 0.00235503 4.54642 3.44667 -0.00720368 2341.46 0.00104229 1 0.0572094 -0.25385 0.05 20913.8
0 1100 4 phononTF 0.00197773 1.3196 3.76158 0.0112953 9317.23 0.00034743 1 -0.0617209 -0.163551 0.05 34163.3
0 1100 8 phononTS 0.0011559 -0.0617209 -0.163551 0.049999 34163.3 0.00034743 1 -0.0477572 -0.118021 0.05 34226.8
0 1104 2 phononL 0.000962324 3.13195 4.85396 -0.0495689 12745.9 0.00034743 1 -0.0575008 -0.2308 0.05 135792
0 1141 4 phononTF 0.0016711 2.03218 1.02812 -0.0477913 26655.9 0.00034743 1 -0.114657 -0.165421 0.05 28139.6
0 1154 2 phononTF 0.00182755 4.36269 4.2785 0.00679096 940.352 0.00034743 1 -0.0468042 -0.12751 0.05 65877.7
0 1182 2 phononTF 0.00236534 4.02662 4.64647 -0.0150013 6067.4 0.00069486 1 0.0354058 -0.105271 0.05 14697.6
0 1182 5 phononTS 0.000398358 0.0354058 -0.105271 0.049999 14697.6 0.00034743 1 0.056788 -0.101561 0.05 15175.6
0 1199 5 phononTS 0.000960036 4.44783 4.95449 -0.0482806 16357.9 0.00034743 1 0.0606696 -0.20242 0.05 49818.5
0 1352 5 phononTS 0.00123098 4.43972 3.00376 -0.0203388 14057.2 0.00034743 1 0.0561454 -0.18819 0.05 166021
0 1394 2 phononTF 0.00197556 4.3941 4.21732 -0.0167971 2301.36 0.00069486 1 -0.0182115 -0.184752 0.05 14832.6
0 1405 3 phononTF 0.00195703 4.93175 4.18825 -0.0194516 2711.58 0.00034743 1 -0.0574308 -0.149023 0.05 29701.3
0 1405 5 phononTS 0.000477581 -0.0574308 -0.149023 0.049999 29701.3 0.00034743 1 0.0946442 -0.172114 0.05 49312.3
0 1438 5 phononTF 0.0021874 -0.937286 -0.240905 0.0433729 18255.7 0.00104229 1 0.042748 -0.209545 0.05 18866.6
0 1462 4 phononTF 0.00129984 4.25437 -2.30688 -0.0449328 22215.3 0.00034743 1 -0.058031 -0.240413 0.05 29561.1
0 1462 7 phononTS 0.000654877 -0.058031 -0.240413 0.049999 29561.1 0.00034743 1 -0.0568557 -0.239821 0.05 29620.6
0 1498 2 phononL 0.00172757 3.53691 4.77402 -0.0106154 2662.15 0.00069486 1 0.0969326 -0.170851 0.05 23351
0 1548 3 phononTF 0.00229044 4.71703 3.11535 0.033477 6305.11 0.00069486 1 -0.0690091 -0.258465 0.05 47075.1
0 1548 9 phononTF 0.00042413 -0.0690091 -0.258465 0.049999 47075.1 0.00034743 1 -0.0687403 -0.154769 0.05 47138.6
0 1614 3 phononTS 0.00174754 4.89948 4.17914 0.0195919 7957.29 0.00034743 1 0.0711128 -0.15005 0.05 47484.3
0 1668 3 phononTS 0.0016319 4.46034 3.46431 0.0109104 5696.67 0.00034743 1 0.0781138 -0.196144 0.05 24194.4
0 1676 2 phononTS 0.00206488 3.78212 3.34341 -0.0479996 6624.71 0.00069486 1 0.0332188 -0.185142 0.05 54029.2
0 1676 7 phononTF 0.000499646 0.0332188 -0.185142 0.049999 54029.2 0.00034743 1 0.0366699 -0.175988 0.05 54969.8
0 1690 4 phononL 0.00099806 1.97309 2.92309 -0.0207929 17362.3 0.00069486 1 0.0298 -0.137787 0.05 150349
0 1720 4 phononTS 0.00176568 2.71445 4.27016 -0.03471 20805.7 0.00104229 1 0.0689389 -0.205106 0.05 70762.2
0 1725 3 phononTS 0.00221757 2.14137 3.75498 -0.028924 7180.98 0.00069486 1 -0.0988845 -0.163897 0.05 40297.8
0 1725 6 phononTF 0.000630157 -0.0988845 -0.163897 0.049999 40297.8 0.00034743 1 -0.0965195 -0.146657 0.05 40374.9
0 1762 4 phononTF 0.00156195 4.92455 4.93398 0.00716679 11722.1 0.00104229 1 0.0444835 -0.15885 0.05 52522.8
0 1796 2 phononTF 0.00168183 4.91849 2.43818 -0.00875139 5746.26 0.00069486 1 0.0949771 -0.16272 0.05 33433.7
0 1806 3 phononL 0.00172778 4.39203 4.83402 0.0340955 3659.58 0.00069486 1 0.0533693 -0.140983 0.05 18830.1
0 1809 4 phononTS 0.000968974 -0.0976174 -2.31145 -0.0152721 92130.1 0.00034743 1 0.0383742 -0.120067 0.05 102060
0 1831 2 phononTS 0.00161888 4.09107 3.72153 0.0364491 47.0201 0.00034743 1 -0.0589 -0.186697 0.05 58894.1
0 1831 6 phononTS 0.000869034 -0.0589 -0.186697 0.049999 58894.1 0.00069486 1 -0.112038 -0.178894 0.05 72855
0 1838 3 phononTS 0.00235702 2.64636 4.23493 -0.0465665 7118.1 0.00034743 1 -0.064466 -0.176894 0.05 51846.3
0 1844 3 phononTS 0.00233699 4.58374 4.26958 -0.00846667 3264.13 0.00034743 1 0.0491686 -0.200392 0.05 162740
0 1844 5 phononTF 0.00105748 0.0491686 -0.200392 0.049999 162740 0.00069486 1 -0.0495342 -0.218902 0.05 163136
0 1868 3 phononTF 0.00194121 4.51852 4.4587 -0.0444928 2655.51 0.00034743 1 0.0801753 -0.27919 0.05 28266
0 1885 6 phononTS 0.00104503 4.91327 4.25833 -0.0452356 2921.12 0.00034743 1 -0.062273 -0.276437 0.05 35530.1
0 1898 2 phononTS 0.0026537 4.31254 2.93715 -0.00795414 5051.19 0.00138972 1 -0.0880813 -0.241635 0.05 34728
0 1898 10 phononTF 0.000405708 -0.0880813 -0.241635 0.049999 34728 0.00034743 1 -0.0632782 -0.243812 0.05 35293.8
0 1900 3 phononL 0.00185837 4.70281 2.7045 0.011951 3424.43 0.00034743 1 -0.0391639 -0.172264 0.05 25399.2
0 1919 3 phononTF 0.0022728 3.82106 4.28862 -0.031852 1289.33 0.00034743 1 -0.050938 -0.286737 0.05 14987.1
0 1940 3 phononTF 0.00168508 3.99609 2.43811 0.00528239 22719.3 0.00069486 1 0.0579876 -0.183191 0.05 45349.6
0 1945 2 phononTF 0.00120675 4.62152 4.12412 -0.0288107 9497.02 0.00034743 1 0.065709 -0.243999 0.05 35749.4
0 1945 6 phononTF 0.00051484 0.065709 -0.243999 0.049999 35749.4 0.00034743 1 0.0536621 -0.152298 0.05 38807.9
0 1960 4 phononL 0.00181522 1.53665 3.07894 0.00506609 53577.8 0.00069486 1 0.0272986 -0.292481 0.05 121503
0 1960 9 phononTS 0.000489339 0.0272986 -0.292481 0.049999 121503 0.00034743 1 -0.0951571 -0.210375 0.05 123049
0 1969 3 phononTS 0.00201088 4.30122 3.56388 0.0259187 2260.29 0.00034743 1 -0.0587418 -0.136686 0.05 19584.6
0 2126 2 phononL 0.00144358 3.4282 2.64279 0.0195983 8318.06 0.00069486 1 0.110755 -0.222315 0.05 32310.1
0 2163 2 phononTF 0.00116382 4.07535 3.73792 0.00147586 1372.28 0.00034743 1 -0.0863116 -0.21686 0.05 37994.7
0 2264 3 phononTF 0.00227461 4.06539 3.58908 0.0259776 921.68 0.00069486 1 -0.0505372 -0.215117 0.05 33403.2
0 2264 6 phononTS 0.00149566 -0.0505372 -0.215117 0.049999 33403.2 0.00034743 1 -0.0390697 -0.130044 0.05 33482
0 2271 2 phononL 0.00204501 4.4814 2.91675 -0.02302 15832.4 0.00069486 1 0.0418538 -0.215018 0.05 48973.5
0 2285 2 phononTF 0.00166504 3.74882 3.42345 0.0444314 8496.15 0.00034743 1 -0.0334121 -0.14852 0.05 17442.9
0 2384 5 phononL 0.00120766 4.62018 1.95973 -0.00303618 20681.9 0.00034743 1 -0.0724074 -0.241453 0.05 27503.3
0 2384 6 phononL 0.000592141 -0.0724074 -0.241453 0.049999 27503.3 0.00034743 1 -0.0885096 -0.158154 0.05 27779.5
0 2417 3 phononTS 0.0019126 4.23261 3.7347 0.0155622 5.08467 0.00069486 1 -0.0922426 -0.153782 0.05 50157.4
0 2418 5 phononL 0.00205821 4.08965 4.71871 0.0331729 3949.09 0.00069486 1 -0.0240097 -0.206891 0.05 38991.9
0 2438 2 phononTF 0.00154514 3.75364 4.32614 -0.00568087 7559.95 0.00034743 1 0.0354866 -0.11537 0.05 31971.6
0 2473 4 phononTS 0.0010378 1.48448 -3.36719 -0.0470188 27881 0.00034743 1 -0.113074 -0.16383 0.05 74840.4
0 2505 2 phononTF 0.00169637 4.09196 4.76797 -0.0308648 2994.16 0.00034743 1 0.0886825 -0.225708 0.05 78269
0 2537 2 phononTS 0.00208939 4.14021 3.86794 -0.0133455 357.951 0.00034743 1 0.066475 -0.287304 0.05 19427
0 2552 3 phononTF 0.00152759 3.7216 4.73975 -0.049982 6528.22 0.00034743 1 -0.0967447 -0.225558 0.05 27733.5
0 2552 4 phononTS 0.000826319 -0.0967447 -0.225558 0.049999 27733.5 0.00034743 1 -0.0844465 -0.234565 0.05 27790.5
0 2554 2 phononTF 0.00100044 4.4814 4.20865 -0.00592604 21779.8 0.00034743 1 -0.0871053 -0.214803 0.05 54458.3
0 2585 5 phononTF 0.00119872 2.2572 3.76251 -0.0452569 2096.78 0.00034743 1 -0.0429314 -0.194505 0.05 24415.1
0 2637 2 phononL 0.00204386 4.91914 4.60528 0.0378621 939.476 0.00069486 1 0.0861332 -0.238144 0.05 21484
0 2663 5 phononTS 0.00110882 1.0397 2.92845 -0.012701 21391.3 0.00034743 1 -0.0742969 -0.119452 0.05 39205.9
0 2709 3 phononTF 0.00218651 4.20224 3.72029 0.0146984 11.0196 0.00034743 1 0.0645486 -0.243972 0.05 145753
0 2716 2 phononTS 0.00140641 3.92482 3.44407 -0.0256075 1810.15 0.00069486 1 -0.114456 -0.207002 0.05 101634
0 2764 4 phononTF 0.00191034 3.6094 3.52478 -0.0433671 3889.7 0.00034743 1 0.0635295 -0.189529 0.05 9474.74
0 2769 4 phononTS 0.00155447 2.14834 2.36637 -0.0359854 33867.9 0.00069486 1 -0.0491734 -0.155251 0.05 42639.3
0 2786 2 phononTS 0.00204243 4.90271 3.05466 -0.02503 9603.11 0.00104229 1 0.0998213 -0.199137 0.05 50472.9
0 2805 5 phononTF 0.00106949 -4.46709 2.02157 0.00765538 57538 0.00034743 1 -0.0415165 -0.147219 0.05 107692
0 2846 2 phononTS 0.00235349 4.11261 3.75399 0.0404456 602.924 0.00104229 1 0.112628 -0.179817 0.05 20387.5
0 2849 2 phononTS 0.00206417 3.93683 4.39321 0.00883178 10429.6 0.00034743 1 0.0430979 -0.278383 0.05 27101.3
0 2849 4 phononL 0.000926327 0.0430979 -0.278383 0.049999 27101.3 0.00069486 1 -0.0484756 -0.154479 0.05 27497.3
0 2891 2 phononTS 0.0015212 4.81915 3.95598 0.0137377 998.226 0.00034743 1 -0.0352861 -0.197076 0.05 27457.7
0 2926 3 phononTS 0.00219478 4.90918 4.1233 -0.00925541 3872.57 0.00069486 1 -0.030369 -0.185908 0.05 12760.3
0 2930 4 phononTF 0.00117992 -0.507765 2.19636 -0.0151507 58675 0.00069486 1 0.111718 -0.249281 0.05 109736
0 2932 2 phononL 0.00157103 3.67483 3.99711 0.034067 4631.22 0.00034743 1 -0.102558 -0.258862 0.05 32286.6
0 3004 4 phononTS 0.00108813 4.72651 0.997846 0.0124061 4437.23 0.00034743 1 0.0765966 -0.156559 0.05 14014.4
0 3017 3 phononL 0.0013617 4.41437 3.84148 0.0295519 107.215 0.00034743 1 -0.0345295 -0.160632 0.05 7809.77
0 3034 4 phononTF 0.000930853 4.60543 2.43612 -0.028786 16265.3 0.00034743 1 -0.0410231 -0.24479 0.05 95213.9
0 3049 3 phononTS 0.00147304 4.19827 3.72245 -0.0404125 13.1545 0.00034743 1 -0.0373541 -0.194276 0.05 107651
0 3071 2 phononTS 0.00146904 1.39179 0.599891 -0.0430714 21708.2 0.00069486 1 0.0344056 -0.134929 0.05 29907.6
0 3071 4 phononTF 0.000423471 0.0344056 -0.134929 0.049999 29907.6 0.00034743 1 0.0502247 -0.130541 0.05 30325.5
0 3099 3 phononTS 0.00239287 4.87438 3.50239 0.0163926 2020.09 0.00069486 1 -0.0612935 -0.214261 0.05 96861.8
0 3099 4 phononTS 0.001453 -0.0612935 -0.214261 0.049999 96861.8 0.00069486 1 -0.0335861 -0.270944 0.05 96935.4
0 3099 12 phononTS 0.000392178 -0.0335861 -0.270944 0.049999 96935.4 0.00034743 1 -0.0469326 -0.253851 0.05 96993.3
0 3134 3 phononTF 0.00254224 4.91224 4.05029 -0.0415641 10141 0.00034743 1 0.0803543 -0.209634 0.05 25948.9
0 3223 2 phononTF 0.00139865 4.68752 4.43905 -0.0136449 1373.01 0.00034743 1 -0.0327092 -0.282758 0.05 65008.7
0 3260 2 phononTS 0.00124331 4.41504 3.56233 0.0391581 189.124 0.00104229 1 -0.0948362 -0.180932 0.05 36740.6
0 3265 4 phononTF 0.000702383 -2.57842 1.52273 0.047671 57885.3 0.00034743 1 -0.0375 -0.266147 0.05 64782.9
0 3269 2 phononL 0.00185216 4.35565 4.12217 0.0173844 5730.86 0.00034743 1 0.0230353 -0.152497 0.05 15309.1
0 3278 4 phononTS 0.00114711 2.84335 -0.385574 -0.0463212 11668.1 0.00034743 1 -0.0305398 -0.181625 0.05 62731.2
0 3286 4 phononTF 0.00090439 4.81169 4.45111 0.0469067 2437.94 0.00034743 1 0.020427 -0.228457 0.05 15906.1
0 3290 2 phononTS 0.00166602 0.452588 3.72269 0.0234885 9910.31 0.00034743 1 0.0624349 -0.282442 0.05 29605.6
0 3290 6 phononTF 0.000994325 0.0624349 -0.282442 0.049999 29605.6 0.00034743 1 -0.0760812 -0.264852 0.05 29823.9
0 3302 4 phononTS 0.00117144 3.21173 2.47946 0.017029 8243.2 0.00034743 1 0.0563173 -0.186643 0.05 33740.1
0 3335 2 phononTF 0.00169733 3.26976 4.2317 0.0336027 5202.71 0.00034743 1 -0.0678199 -0.180293 0.05 12171.9
0 3342 3 phononTS 0.00226618 4.70764 3.77932 0.038544 10123.5 0.00034743 1 -0.0384149 -0.146036 0.05 29895
0 3342 4 phononTS 0.0014696 -0.0384149 -0.146036 0.049999 29895 0.00034743 1 -0.0433274 -0.141548 0.05 29953.7
0 3342 10 phononTS 0.000500444 -0.0433274 -0.141548 0.049999 29953.7 0.00034743 1 -0.0501327 -0.146015 0.05 30010.2
0 3460 5 phononTF 0.00132992 -0.646695 2.81026 0.0417359 37985.3 0.00034743 1 0.0864388 -0.273554 0.05 54624.1
0 3460 6 phononTS 0.000355286 0.0864388 -0.273554 0.049999 54624.1 0.00034743 1 -0.0494987 -0.242633 0.05 63628
0 3461 3 phononTS 0.00184766 2.18042 3.9147 -0.00563738 2884.61 0.00034743 1 -0.0169416 -0.193029 0.05 18600.4
0 3461 7 phononTS 0.000470374 -0.0169416 -0.193029 0.049999 18600.4 0.00034743 1 0.0288145 -0.290967 0.05 18689.2
0 3461 5 phononTS 0.000443005 -0.0169416 -0.193029 0.049999 18600.4 0.00034743 1 -0.0954773 -0.216118 0.05 19193.6
0 3470 5 phononTF 0.000964393 4.91473 1.00486 0.0471074 9508.81 0.00034743 1 0.0632576 -0.249393 0.05 25683.8
0 3472 3 phononTF 0.00160332 4.60145 3.71382 -0.01016 238.459 0.00034743 1 -0.0726355 -0.274859 0.05 79975.8
0 3479 2 phononTS 0.00157585 4.29061 3.81278 -0.0213627 87.1237 0.00069486 1 -0.100731 -0.199048 0.05 193160
0 3516 5 phononTS 0.00171295 3.79705 4.62008 0.0435596 9651.06 0.00034743 1 0.0955919 -0.212071 0.05 20817.5
0 3516 6 phononTS 0.000632176 0.0955919 -0.212071 0.049998 20817.5 0.00034743 1 0.0382825 -0.195152 0.05 20885.5
0 3538 2 phononL 0.00138866 4.94403 4.24411 -0.0433906 1527.57 0.00104229 1 0.0574419 -0.19271 0.05 24375.6
0 3547 3 phononTS 0.00208029 4.55508 3.66463 -0.00390656 2219.04 0.00069486 1 0.0295609 -0.26699 0.05 26923.8
0 3583 4 phononTS 0.000875367 4.96472 1.73959 -0.0384997 23103 0.00034743 1 -0.0713904 -0.204353 0.05 30762.1
0 3598 4 phononTS 0.00179209 2.64846 4.16429 0.0100131 28302.1 0.00034743 1 -0.0519691 -0.184816 0.05 55333
0 3619 5 phononTF 0.00170443 3.24793 -4.63775 0.0240356 20534 0.00069486 1 0.0447593 -0.215568 0.05 55471.4
0 3640 3 phononTS 0.00238159 4.4433 4.57453 -0.0465549 2203.24 0.00034743 1 0.0435157 -0.147283 0.05 40757.7
0 3640 5 phononTF 0.000477023 0.0435157 -0.147283 0.049999 40757.7 0.00034743 1 0.0326414 -0.204666 0.05 40905.3
0 3669 4 phononTS 0.00133366 4.65698 3.15609 -0.0311965 1654.59 0.00069486 1 0.0823233 -0.145546 0.05 4282.33
0 3676 3 phononTS 0.00147933 3.39047 4.13023 0.0159053 8711.15 0.00034743 1 0.0661439 -0.106373 0.05 66879.5
0 3686 2 phononL 0.00230582 4.18066 4.21334 -0.0462615 429.579 0.00104229 1 0.0906084 -0.149137 0.05 25829
0 3687 4 phononTS 0.00117398 -1.49949 2.86618 0.0140269 28708.2 0.00034743 1 -0.074585 -0.158584 0.05 89691.5
0 3708 3 phononTS 0.00193144 4.15934 3.85394 0.0153842 1902.68 0.00034743 1 0.0307952 -0.0925308 0.05 26893
0 3708 6 phononL 0.00147567 0.0307952 -0.0925308 0.049999 26893 0.00069486 1 0.0767058 -0.131244 0.05 26962.1
0 3792 2 phononTS 0.00166994 3.48327 4.06327 0.00735502 2664.74 0.00034743 1 0.100603 -0.207797 0.05 22922.2
0 3847 4 phononTF 0.00186166 2.60784 0.836614 0.0256456 25154.6 0.00034743 1 0.0982795 -0.244584 0.05 54456.5
0 3935 3 phononTF 0.00194797 4.52 3.71188 0.02372 244.445 0.00034743 1 -0.0788699 -0.209027 0.05 26329.9
0 3935 4 phononL 0.00039536 -0.0788699 -0.209027 0.049999 26329.9 0.00034743 1 -0.0500044 -0.102479 0.05 32840.8
0 3958 4 phononTF 0.00076782 -1.31882 -1.15301 0.0166991 17883.2 0.00034743 1 0.079403 -0.265101 0.05 40285.4
0 4052 3 phononTS 0.00082263 4.87331 2.95415 0.00885839 6412.74 0.00034743 1 -0.0408052 -0.207595 0.05 20492.9
0 4072 2 phononTS 0.00120472 3.99061 4.6647 -0.00627017 679.805 0.00034743 1 -0.0784598 -0.204334 0.05 19026.2
0 4087 5 phononTS 0.00089149 -0.684541 0.102702 0.0436291 60969 0.00034743 1 0.0541412 -0.19114 0.05 99060.8
0 4099 2 phononTF 0.00206952 4.92436 3.39814 -0.0324346 2078.45 0.00104229 1 -0.041071 -0.299816 0.05 67102
0 4120 3 phononTF 0.00201923 3.78913 1.66215 -0.0333964 4321.64 0.00034743 1 0.110004 -0.22045 0.05 60453.3
0 4120 5 phononL 0.00120776 0.110004 -0.22045 0.049999 60453.3 0.00034743 1 0.0634439 -0.293823 0.05 60587.6
0 4139 2 phononTS 0.00196179 2.60866 3.59194 -0.0245321 2662.11 0.00034743 1 -0.0814931 -0.152403 0.05 64526.8
0 4180 4 phononTS 0.00107882 0.946722 3.73984 0.00824868 68926.5 0.00034743 1 -0.0546095 -0.201597 0.05 75062.7
0 4180 7 phononTF 0.000700906 -0.0546095 -0.201597 0.049999 75062.7 0.00034743 1 -0.04918 -0.194256 0.05 75122.6
0 4192 2 phononTS 0.00112355 4.67238 3.86412 0.0201401 8147.08 0.00034743 1 -0.0895257 -0.273184 0.05 16337.1
0 4220 3 phononTS 0.00188512 4.86651 3.06047 -0.0209023 8763.83 0.00069486 1 0.0400433 -0.247152 0.05 22520.5
0 4223 3 phononTS 0.00242607 4.22442 2.68169 -0.0143836 1726.07 0.00034743 1 0.0274326 -0.115929 0.05 9574.39
0 4225 4 phononL 0.00170458 3.19638 4.9858 -0.00809743 26461.9 0.00034743 1 0.0815735 -0.279542 0.05 178535
0 4242 2 phononTS 0.00194034 4.35717 3.24245 -0.0414651 2114.09 0.00034743 1 -0.0864432 -0.178016 0.05 47882.3
0 4242 5 phononTS 0.000735899 -0.0864432 -0.178016 0.049998 47882.3 0.00034743 1 -0.101707 -0.150463 0.05 47944.2
0 4245 4 phononTF 0.000978411 4.71426 -3.42147 0.00149224 30510.7 0.00034743 1 0.0985747 -0.176964 0.05 84651
0 4252 6 phononTS 0.000731699 3.28336 4.44963 0.0454365 16527.4 0.00034743 1 0.0425544 -0.247404 0.05 28684.5
0 4283 2 phononTF 0.0018021 3.42753 2.76274 -0.0084347 8281.42 0.00069486 1 -0.0739795 -0.25665 0.05 40612.9
0 4283 6 phononTF 0.000727628 -0.0739795 -0.25665 0.049999 40612.9 0.00034743 1 0.108134 -0.235793 0.05 40740.1
0 4341 4 phononTS 0.00075134 -4.30759 3.33338 -0.0135271 26816.2 0.00034743 1 -0.030932 -0.22789 0.05 68237
0 4348 5 phononTS 0.00122878 3.86576 4.71556 -0.00290147 2579.36 0.00034743 1 -0.0280642 -0.1307 0.05 19344.1
0 4418 5 phononL 0.000808759 1.43129 1.47528 0.0138902 39339.1 0.00034743 1 -0.0790549 -0.1599 0.05 98839.8
0 4440 3 phononTF 0.00191704 4.27871 4.93241 -0.0137548 10451.1 0.00069486 1 0.0191797 -0.230001 0.05 36113.9
0 4442 3 phononTS 0.00182165 4.00521 3.25265 -0.0427463 1258.62 0.00034743 1 0.0450363 -0.117067 0.05 20398.7
0 4445 2 phononTF 0.00121722 2.89701 4.42345 -0.0154197 5359.41 0.00069486 1 -0.0337932 -0.156285 0.05 19611.8
0 4454 3 phononTS 0.00141088 4.23646 3.77755 -0.0221548 977.812 0.00034743 1 -0.0799806 -0.132335 0.05 18756.2
0 4495 2 phononTF 0.000640048 4.28107 4.65239 0.0167724 4032.78 0.00034743 1 -0.0781597 -0.126158 0.05 6923.65
0 4536 3 phononTF 0.00242958 4.29342 3.01371 0.025689 5947.12 0.00069486 1 -0.0214597 -0.161769 0.05 28172.7
0 4536 9 phononTS 0.00144173 -0.0214597 -0.161769 0.049999 28172.7 0.00034743 1 -0.0394576 -0.157631 0.05 28230.1
0 4536 13 phononL 0.000609471 -0.0394576 -0.157631 0.049999 28230.1 0.00034743 1 -0.0855781 -0.212399 0.05 28275.1
0 4550 4 phononTS 0.00133698 0.195368 -2.74382 -0.0370939 95081.3 0.00034743 1 0.0237219 -0.208995 0.05 147253
0 4551 5 phononTS 0.00129128 4.41074 3.63629 -0.0317216 2143.55 0.00034743 1 -0.0677617 -0.16052 0.05 9414.07
0 4628 3 phononL 0.00270178 4.63039 3.13584 0.00929431 4622.34 0.00034743 1 0.105341 -0.235035 0.05 30221.6
0 4628 5 phononTS 0.00139318 0.105341 -0.235035 0.049999 30221.6 0.00034743 1 -0.110023 -0.214741 0.05 30332.2
0 4628 13 phononTS 0.000594986 -0.110023 -0.214741 0.049999 30332.2 0.00034743 1 -0.104754 -0.183172 0.05 30396.2
0 4643 5 phononTS 0.00104108 -1.03166 -0.346067 -0.0178343 82045.7 0.00069486 1 -0.0675882 -0.264009 0.05 83172.4
0 4643 2 phononTF 0.00190006 4.38351 2.53122 0.0378217 3445.23 0.00069486 1 0.0161273 -0.164824 0.05 27472
0 4673 5 phononTS 0.00184389 0.384948 3.07525 -0.0262501 13367.9 0.00069486 1 -0.0202125 -0.252993 0.05 23451.8
0 4697 2 phononTF 0.00234754 4.56281 3.37422 0.0380219 1462.61 0.00034743 1 -0.0818551 -0.183234 0.05 20804.7
0 4744 5 phononL 0.000900075 3.84848 -1.01121 0.017035 33496.9 0.00034743 1 -0.0239969 -0.152311 0.05 48676.8
0 4744 7 phononTF 0.000401738 -0.0239969 -0.152311 0.049999 48676.8 0.00034743 1 -0.0174155 -0.216857 0.05 48751.8
0 4783 5 phononL 0.00191199 3.67314 0.0971229 0.000860323 31216.9 0.00034743 1 0.0413407 -0.225462 0.05 145674
0 4802 2 phononTS 0.00149594 3.04 3.38581 -0.044957 18370.3 0.00034743 1 0.107919 -0.210572 0.05 22188.2
0 4852 5 phononTF 0.0015323 4.86887 -3.42954 -0.036956 15637.9 0.00069486 1 -0.0709346 -0.264029 0.05 76124.9
0 4865 2 phononTF 0.00111767 4.17521 4.23309 -0.0225621 3093.76 0.00069486 1 -0.0634306 -0.286413 0.05 50436.5
0 4868 2 phononTF 0.0014836 0.983659 3.53892 0.0488302 39203.4 0.00069486 1 -0.0720375 -0.160314 0.05 54731.7
0 4895 2 phononTS 0.00168207 4.7826 4.58561 0.0421734 2800.4 0.00069486 1 0.0442932 -0.227127 0.05 16452.8
0 4918 2 phononL 0.00172808 1.52169 2.63624 -0.0395469 8503.87 0.00069486 1 0.0624974 -0.24424 0.05 52146.8
