Run ID,Event ID,Track ID,Particle Name,Start Energy [eV],Start X [mm],Start Y [mm],Start Z [mm],Start Time [ns],Energy Deposited [eV],Track Weight,End X [mm],End Y [mm],End Z [mm],Final Time [ns],Volume Name
0 14 3 phononTF 0.000793804 2.98488 0.0936849 0.049999 4326.14 0.00034743 1 0.0761085 -0.21486 0.05 43988
0 26 3 phononTF 0.00161954 4.88998 2.4255 -0.0195267 6196.17 0.00069486 1 -0.029646 -0.247612 0.05 25650.1
0 26 4 phononTF 0.000595336 -0.029646 -0.247612 0.049999 25650.1 0.00034743 1 -0.0245994 -0.218516 0.05 25710.3
0 37 3 phononTS 0.00228516 4.84754 1.74337 -0.00507708 3376.29 0.00069486 1 -0.107205 -0.154478 0.05 18385.5
0 37 11 phononTF 0.000431184 -0.107205 -0.154478 0.049999 18385.5 0.00034743 1 0.0968715 -0.133614 0.05 36845.2
0 70 3 phononTS 0.00164515 4.58946 0.200572 -0.0379995 7022.84 0.00034743 1 0.0449598 -0.19725 0.05 52132.7
0 70 6 phononTS 0.000707534 0.0449598 -0.19725 0.049998 52132.7 0.00034743 1 0.0812603 -0.166292 0.05 52200.5
0 105 3 phononL 0.00230898 2.26898 -0.354411 -0.0175579 21487.1 0.00069486 1 0.0544222 -0.25608 0.05 26193.2
0 105 2 phononTS 0.00169102 2.26898 -0.354411 -0.0175579 21487.1 0.00034743 1 0.0584924 -0.217725 0.05 24533.7
0 105 17 phononTF 0.000600463 0.0584924 -0.217725 0.049999 24533.7 0.00034743 1 0.10366 -0.202109 0.05 24596.9
0 106 5 phononTF 0.000629661 4.20975 0.0970475 0.049999 4813.13 0.00034743 1 0.0728198 -0.115528 0.05 38922.9
0 132 2 phononTS 0.000875192 2.34648 0.0461476 0.049999 4851.77 0.00034743 1 0.102742 -0.164764 0.05 11505.5
0 136 5 phononTS 0.00122025 -0.927201 -4.83599 0.0471633 25305.5 0.00034743 1 -0.052252 -0.13818 0.05 103978
0 197 5 phononTF 0.00140526 -2.61905 -4.01213 -0.0334086 42013 0.00069486 1 -0.0838116 -0.183986 0.05 132475
0 210 2 phononTS 0.00184498 3.78379 1.19509 -0.0374643 13.778 0.00069486 1 0.0409535 -0.255642 0.05 93618.2
0 210 6 phononTS 0.000751915 0.0409535 -0.255642 0.049999 93618.2 0.00034743 1 -0.0736308 -0.161421 0.05 93716
0 246 2 phononTF 0.00175334 3.9306 1.30736 -0.0452721 2797.14 0.00034743 1 0.0646484 -0.12674 0.05 44074
0 247 3 phononTS 0.00186558 4.81956 1.40362 -0.04276 3247.42 0.00104229 1 0.0905676 -0.217249 0.05 57670.6
0 258 2 phononTS 0.000614361 3.72429 1.71124 0.0076254 1090.88 0.00034743 1 -0.037712 -0.187202 0.05 25786.4
0 289 2 phononTS 0.00153442 4.1376 3.18755 0.0287971 8019.22 0.00034743 1 -0.108693 -0.184099 0.05 22371.8
0 293 2 phononTF 0.00197465 3.44356 1.03604 0.0199045 5969.07 0.00034743 1 -0.07594 -0.138294 0.05 41046.5
0 335 3 phononTS 0.00127685 3.76798 1.26817 0.0152871 5.42954 0.00034743 1 -0.0299161 -0.125039 0.05 3483.03
0 344 2 phononL 0.00231837 4.16977 4.37274 -0.0352428 10956.9 0.00034743 1 0.0715699 -0.258912 0.05 38373.9
0 344 7 phononTF 0.000911402 0.0715699 -0.258912 0.049998 38373.9 0.00069486 1 -0.0639857 -0.17182 0.05 38564.7
0 346 3 phononTF 0.00239894 3.22986 0.731258 -0.0222945 8650.3 0.00138972 1 -0.104749 -0.181188 0.05 33856.8
0 382 2 phononTS 0.00116199 4.09669 1.43821 0.0484704 1421.72 0.00034743 1 0.0272751 -0.217614 0.05 15245.7
0 468 4 phononTS 0.00201294 2.52732 -3.11893 0.0321113 48761.8 0.00034743 1 0.107121 -0.198845 0.05 63620.1
0 478 3 phononTS 0.00215021 4.2035 2.1068 -0.0494618 5346.41 0.00069486 1 -0.0905476 -0.207221 0.05 26980.7
0 484 3 phononTF 0.00225932 3.74889 1.30907 -0.0318848 17.1986 0.00069486 1 -0.081748 -0.159708 0.05 18450.8
0 539 3 phononTS 0.000367247 3.31749 0.0835776 0.049999 1726.08 0.00034743 1 0.040176 -0.158399 0.05 5687.11
0 551 2 phononTS 0.00176618 4.20605 0.928627 0.00259641 1919.55 0.00034743 1 0.0983362 -0.197644 0.05 35139.2
0 552 5 phononTS 0.000954462 3.83123 1.54621 -0.00540174 1280.66 0.00034743 1 -0.108596 -0.153967 0.05 8394.31
0 570 5 phononTS 0.00149533 -0.596023 -4.91003 -0.00431529 34857.2 0.00069486 1 -0.0547856 -0.170536 0.05 91822.6
0 578 3 phononTS 0.00253118 4.01197 1.4401 0.0170563 1049.05 0.00034743 1 0.0627797 -0.260176 0.05 46524.4
0 586 3 phononTS 0.00156495 4.0395 1.56666 -0.0430913 1254.42 0.00034743 1 -0.056905 -0.232661 0.05 14057.2
0 586 4 phononTF 0.000759264 -0.056905 -0.232661 0.049999 14057.2 0.00034743 1 -0.062501 -0.113152 0.05 14123.2
0 586 13 phononL 0.000357789 -0.062501 -0.113152 0.049999 14123.2 0.00034743 1 -0.0568165 -0.151181 0.05 14225.5
0 596 2 phononTS 0.00205888 2.14121 0.605709 0.0427189 5410.39 0.00034743 1 -0.0288278 -0.200445 0.05 23429
0 596 6 phononL 0.000749671 -0.0288278 -0.200445 0.049999 23429 0.00069486 1 -0.0577494 -0.276882 0.05 23606.5
0 596 4 phononTS 0.00040569 -0.0288278 -0.200445 0.049999 23429 0.00034743 1 -0.0276005 -0.16494 0.05 24028
0 598 4 phononL 0.000545226 0.692988 0.00260109 0.049999 12532.2 0.00034743 1 -0.0616889 -0.113284 0.05 15987.3
0 606 4 phononTF 0.00172482 4.45129 -0.489177 0.00469292 6101.11 0.00104229 1 0.0591817 -0.267119 0.05 10393
0 608 3 phononL 0.00133319 4.97888 1.56077 0.00895472 3464.21 0.00034743 1 0.0200152 -0.190572 0.05 64354.2
0 635 4 phononTS 0.000774267 4.78202 0.0530311 0.049999 6329.26 0.00034743 1 -0.0237451 -0.221095 0.05 28733.5
0 659 2 phononL 0.00229698 3.47953 1.15174 -0.0125656 1558.69 0.00034743 1 0.0696607 -0.162274 0.05 5312.77
0 702 3 phononTF 0.00227438 4.1923 1.36291 -0.0366541 3439.89 0.00104229 1 -0.0884456 -0.184308 0.05 19702
0 756 5 phononTF 0.00128417 0.373244 4.82784 -0.0301673 39409.7 0.00034743 1 -0.0989166 -0.226353 0.05 68127.3
0 758 2 phononTS 0.00194624 4.3759 0.42918 0.00351346 2678.1 0.00034743 1 0.0761321 -0.211633 0.05 23516.8
0 769 2 phononTF 0.00239219 3.79349 1.25997 0.0272168 50.19 0.00034743 1 -0.0497205 -0.260038 0.05 29856.4
0 770 3 phononTS 0.00241351 2.87959 2.289 -0.0169172 19581.3 0.00034743 1 -0.0694555 -0.135913 0.05 57556.4
0 783 2 phononTF 0.0025811 3.40403 1.52685 0.0247796 399.021 0.00069486 1 -0.10003 -0.225888 0.05 22773.2
0 791 4 phononTS 0.00134989 0.982218 3.78473 -0.0392371 53546 0.00069486 1 0.0469431 -0.229421 0.05 71871.3
0 824 4 phononTS 0.00106629 2.51092 4.22098 -0.024193 36449.2 0.00034743 1 0.0297787 -0.26289 0.05 82279
0 850 5 phononTS 0.00187161 1.56308 -0.123844 0.0121771 14143 0.00069486 1 0.107664 -0.172416 0.05 17755.6
0 852 4 phononTF 0.00131528 3.78228 -0.436425 0.0097346 77438.8 0.00034743 1 -0.118076 -0.189528 0.05 105136
0 951 5 phononTF 0.00171156 4.32434 -2.62977 -0.0326639 10221 0.00034743 1 0.10083 -0.248993 0.05 25893.8
0 1004 2 phononTF 0.00191585 3.40418 1.24257 -0.033163 316.401 0.00104229 1 -0.0285032 -0.251058 0.05 53650.4
0 1004 9 phononTF 0.000459947 -0.0285032 -0.251058 0.049999 53650.4 0.00034743 1 -0.0260932 -0.114483 0.05 53875.7
0 1020 4 phononTF 0.00103414 -1.42903 -4.31174 0.0287077 28705 0.00034743 1 -0.0389008 -0.156594 0.05 63038.7
0 1022 4 phononTF 0.00160374 -0.738738 0.261549 -0.0406592 43644.9 0.00034743 1 0.0287816 -0.210835 0.05 80816
0 1032 5 phononTS 0.00124081 2.68433 0.782693 0.00126257 4616.95 0.00069486 1 0.0967103 -0.182531 0.05 62790.8
0 1048 2 phononL 0.00226698 3.36406 1.17703 -0.0284722 647.44 0.00034743 1 0.0328291 -0.148558 0.05 61538.6
0 1048 6 phononTF 0.000512417 0.0328291 -0.148558 0.049999 61538.6 0.00034743 1 -0.096126 -0.233935 0.05 62681.4
0 1048 4 phononTF 0.001165 0.0328291 -0.148558 0.049999 61538.6 0.00034743 1 -0.115102 -0.221871 0.05 83491.1
0 1052 5 phononTS 0.00202759 0.394636 1.41452 0.00386065 24319.9 0.00034743 1 -0.056381 -0.188324 0.05 32888.1
0 1078 3 phononTF 0.00185755 3.5045 -0.777486 -0.0179959 13656.4 0.00104229 1 -0.06254 -0.127775 0.05 23015.2
0 1080 2 phononTS 0.00133157 3.72734 1.2311 -0.0154768 2099.2 0.00034743 1 0.0455582 -0.133043 0.05 66672.3
0 1080 4 phononTS 0.000397767 0.0455582 -0.133043 0.049998 66672.3 0.00034743 1 -0.092103 -0.198304 0.05 67202
0 1086 3 phononTS 0.000867487 3.89052 0.0889654 0.049998 2213.11 0.00069486 1 -0.0780363 -0.13036 0.05 29052.9
0 1101 3 phononTS 0.00258829 4.49518 -0.244347 -0.0132589 9415.52 0.00034743 1 0.0973206 -0.132948 0.05 23733.7
0 1127 3 phononTS 0.00182098 4.11503 0.827092 -0.042388 2133.99 0.00034743 1 0.0289416 -0.294749 0.05 27521.7
0 1165 3 phononL 0.000870703 4.14572 0.0134864 0.049999 1560.59 0.00034743 1 -0.0155483 -0.215835 0.05 107021
0 1165 5 phononTF 0.00049324 -0.0155483 -0.215835 0.049999 107021 0.00034743 1 -0.0242399 -0.193792 0.05 107768
0 1226 2 phononTF 0.00278332 3.14143 1.04767 0.0269783 1354.05 0.00069486 1 0.0832886 -0.213146 0.05 25485.5
0 1330 5 phononTF 0.000542457 4.2676 0.0271987 0.049999 3191.1 0.00034743 1 -0.119755 -0.196437 0.05 24225.7
0 1414 5 phononTS 0.00132114 3.9027 1.04752 -0.0466607 1824.49 0.00069486 1 0.0523462 -0.14932 0.05 42980.2
0 1437 2 phononTF 0.00151931 4.54601 1.5405 0.0479347 1477.45 0.00034743 1 0.103463 -0.222799 0.05 35678.3
0 1477 5 phononTF 0.000634058 4.49887 1.15094 0.0462823 11129.2 0.00034743 1 -0.109926 -0.244718 0.05 22646.3
0 1513 4 phononL 0.00130893 4.32373 2.80901 -0.030756 26423.7 0.00069486 1 -0.0565239 -0.286914 0.05 44119.8
0 1538 4 phononTS 0.000798888 2.64838 2.1602 0.0113332 10350.9 0.00034743 1 0.0528917 -0.211324 0.05 44371.3
0 1541 2 phononTS 0.00149304 3.34679 0.357934 -0.0344456 4986.46 0.00069486 1 0.0622947 -0.284112 0.05 27968.7
0 1551 3 phononL 0.0020465 3.81992 1.26331 0.0473533 283.016 0.00034743 1 0.112783 -0.193288 0.05 40222.4
0 1551 4 phononTF 0.0010272 0.112783 -0.193288 0.049998 40222.4 0.00034743 1 -0.0987421 -0.159264 0.05 40621.2
0 1557 3 phononL 0.00193804 4.50225 1.65047 -0.00799479 3110.6 0.00034743 1 0.111753 -0.163315 0.05 12902.5
0 1731 5 phononTF 0.0018153 -2.79851 3.15354 0.0280244 44651.4 0.00034743 1 0.0691273 -0.140482 0.05 155126
0 1731 9 phononL 0.000521343 0.0691273 -0.140482 0.049998 155126 0.00034743 1 0.0430543 -0.197761 0.05 155591
0 1773 4 phononTS 0.00143711 0.902589 0.694291 0.036218 8926.84 0.00069486 1 0.0971245 -0.261018 0.05 48619.8
0 1780 3 phononL 0.00126216 3.25695 0.974798 0.0309065 134.101 0.00069486 1 0.0870479 -0.134223 0.05 9989.16
0 1799 4 phononTF 0.00093474 0.0574245 1.38263 0.00687211 37353 0.00034743 1 -0.0432985 -0.176798 0.05 67300.5
0 1837 3 phononTS 0.00177444 3.12599 1.1239 -0.00116882 6696.73 0.00034743 1 0.0924786 -0.231539 0.05 15735.7
0 1858 5 phononL 0.00190725 4.16893 0.551259 0.0176355 67639.3 0.00034743 1 0.0316879 -0.19354 0.05 94574.3
0 1860 3 phononTS 0.00204953 2.32493 2.31393 -0.0299046 5897.49 0.00069486 1 -0.0885521 -0.197342 0.05 9587.37
0 1877 2 phononTS 0.00232492 2.14725 1.64987 -0.0341378 4429.91 0.00104229 1 -0.0424645 -0.191455 0.05 25738.4
0 1922 3 phononTS 0.00227003 3.84863 4.56733 -0.0323638 14193.3 0.00104229 1 -0.0584002 -0.22092 0.05 43494.3
0 1932 2 phononTS 0.001364 3.24369 1.59355 -0.010306 2069.89 0.00104229 1 0.0772332 -0.114217 0.05 27706.2
0 1949 3 phononTF 0.00191309 3.75227 0.234651 0.0163297 3528.12 0.00034743 1 0.0518731 -0.188103 0.05 15060.4
0 1959 5 phononTF 0.000648054 -3.74479 1.47195 -0.00137132 12222.9 0.00034743 1 0.0508419 -0.102142 0.05 28746.9
0 1968 4 phononTS 0.000699585 1.40647 1.88876 -0.0146584 17741.5 0.00034743 1 0.0863275 -0.225676 0.05 61559.7
0 1972 3 phononL 0.00219273 3.53329 1.55817 0.0407302 4715.79 0.00034743 1 -0.0649989 -0.244359 0.05 14754.3
0 1979 2 phononTS 0.00158621 3.58228 1.42396 0.0450858 937.655 0.00034743 1 -0.100943 -0.169882 0.05 3019.23
0 1979 8 phononTS 0.000863699 -0.100943 -0.169882 0.049999 3019.23 0.00034743 1 -0.0764659 -0.257737 0.05 3290.75
0 2030 2 phononTS 0.00109367 1.40777 3.15588 -0.0108583 10984.6 0.00034743 1 0.0773141 -0.256476 0.05 24663.9
0 2064 2 phononTS 0.00136238 3.48068 1.31231 -0.0192693 2167.55 0.00069486 1 0.0713907 -0.119389 0.05 34704.7
0 2073 5 phononTS 0.00159317 4.23871 -0.0672648 0.0257798 24679 0.00069486 1 -0.103931 -0.191057 0.05 62771.4
0 2130 3 phononTS 0.0020082 3.83646 1.12886 0.0289881 221.952 0.00104229 1 0.0592811 -0.106119 0.05 26560
0 2146 2 phononTF 0.002302 3.84338 1.33095 -0.00181367 323.868 0.00069486 1 0.0879332 -0.134463 0.05 6459.9
0 2160 4 phononTS 0.00206941 4.04439 -3.31287 0.0218017 49845 0.00069486 1 -0.0799115 -0.137668 0.05 57457.7
0 2160 6 phononTS 0.000777811 -0.0799115 -0.137668 0.049999 57457.7 0.00069486 1 0.0171189 -0.240576 0.05 74176
0 2174 3 phononTS 0.00220356 0.988335 1.02412 0.0313289 6454.35 0.00034743 1 -0.0239359 -0.234403 0.05 7506.2
0 2189 2 phononTS 0.001916 4.7349 0.527568 0.0046761 4029.95 0.00034743 1 -0.0450645 -0.241845 0.05 26616.5
0 2189 6 phononTF 0.00042441 -0.0450645 -0.241845 0.049999 26616.5 0.00034743 1 -0.0747688 -0.268377 0.05 26697.7
0 2199 2 phononTS 0.000557345 3.75825 1.48352 0.000831193 291.602 0.00034743 1 -0.0945435 -0.147418 0.05 63652.5
0 2212 7 phononTF 0.000886803 0.153942 -3.35979 -0.0407769 55389.5 0.00034743 1 -0.0796776 -0.118054 0.05 71895.7
0 2214 2 phononTF 0.0015468 3.53593 1.43467 -0.0105924 1264.98 0.00034743 1 -0.109225 -0.244012 0.05 83659
0 2218 2 phononTS 0.00252997 2.85711 0.41143 0.0136967 4603.87 0.00034743 1 -0.114257 -0.184592 0.05 10523.8
0 2272 2 phononTF 0.000782633 4.87822 0.176244 -0.0152013 3462.39 0.00034743 1 -0.0750249 -0.271372 0.05 7585.63
0 2276 2 phononL 0.00141033 3.79489 1.7172 -0.0377029 4797.84 0.00034743 1 -0.0738349 -0.282853 0.05 21758.5
0 2293 2 phononTS 0.00196492 2.12159 2.38524 -0.0369784 6268.88 0.00104229 1 0.0468827 -0.104716 0.05 29652.1
0 2301 2 phononTS 0.00171421 3.10455 2.19886 -0.0434971 1884.94 0.00034743 1 0.070326 -0.232335 0.05 122733
0 2307 4 phononTS 0.00102827 -0.574773 1.7945 -0.0137455 7132.88 0.00034743 1 0.053872 -0.23408 0.05 16037.2
0 2317 3 phononTS 0.00154788 4.65018 2.09368 -0.0257015 9908.42 0.00034743 1 -0.0490925 -0.275632 0.05 84409
0 2323 3 phononTS 0.00128482 3.77034 0.824061 0.0233167 5190.63 0.00034743 1 -0.0276946 -0.265287 0.05 71985.7
0 2335 3 phononTF 0.00219175 4.10417 3.12218 -0.00835588 9204.86 0.00034743 1 0.0334764 -0.16387 0.05 32873.2
0 2335 4 phononTF 0.000954777 0.0334764 -0.16387 0.049998 32873.2 0.00069486 1 -0.0775974 -0.276691 0.05 32961.2
0 2341 3 phononTS 0.00257799 4.21432 1.35462 -0.0393172 1968.99 0.00104229 1 -0.0720949 -0.130748 0.05 19190
0 2371 2 phononTS 0.00190269 3.41407 1.13442 -0.0253022 5443.7 0.00034743 1 -0.0190996 -0.162221 0.05 40122.1
0 2371 4 phononL 0.0012416 -0.0190996 -0.162221 0.049999 40122.1 0.00034743 1 0.0817384 -0.133668 0.05 40179.1
0 2374 2 phononTS 0.000571799 1.73202 0.105742 0.049999 18170.4 0.00034743 1 -0.0830091 -0.121644 0.05 61864.9
0 2386 3 phononTF 0.00276422 4.07722 1.86382 0.017841 843.394 0.00034743 1 0.0763528 -0.286427 0.05 24443.4
0 2386 4 phononTS 0.00128353 0.0763528 -0.286427 0.049999 24443.4 0.00069486 1 0.0277432 -0.220191 0.05 24844.4
0 2392 5 phononL 0.000665851 3.42277 -0.000856 0.049999 4667.87 0.00034743 1 -0.0763219 -0.123097 0.05 26068.6
0 2412 2 phononTS 0.00301602 1.43805 -0.558098 0.0353625 19370.1 0.00034743 1 0.0552238 -0.241844 0.05 23100.8
0 2421 3 phononTF 0.00195614 3.83792 1.22134 -0.0394742 864.963 0.00069486 1 -0.0396235 -0.216279 0.05 85204.4
0 2425 2 phononTS 0.00205309 3.2389 1.4752 0.0360226 794.65 0.00069486 1 0.0438845 -0.16255 0.05 14698.1
0 2454 4 phononTF 0.00173394 3.50548 1.55167 -0.0147737 1423.72 0.00034743 1 0.0161245 -0.188995 0.05 8152.88
0 2488 3 phononTS 0.00185196 3.13152 1.67539 -0.0384141 2725.71 0.00034743 1 -0.0640665 -0.271389 0.05 6000.07
0 2488 6 phononTS 0.00090263 -0.0640665 -0.271389 0.049999 6000.07 0.00034743 1 0.0220017 -0.207724 0.05 6078.32
0 2523 2 phononTF 0.00161025 3.82575 1.12131 0.0228494 211.207 0.00069486 1 -0.0427814 -0.252122 0.05 7025.2
0 2523 6 phononTF 0.000542437 -0.0427814 -0.252122 0.049999 7025.2 0.00034743 1 -0.0849816 -0.210855 0.05 8685.61
0 2529 5 phononTS 0.000723083 2.6299 0.0806359 0.049999 10372 0.00034743 1 -0.0960717 -0.25794 0.05 22377.2
0 2555 2 phononL 0.00194499 2.82227 2.76578 -0.049611 7889.56 0.00034743 1 0.0791087 -0.159355 0.05 22760.3
0 2662 2 phononTF 0.00174478 3.7916 1.22133 -0.0132573 924.907 0.00034743 1 0.0275178 -0.10352 0.05 31180.7
0 2679 4 phononTS 0.000661922 2.22977 -0.275514 0.0217133 13525.9 0.00034743 1 0.0297443 -0.146523 0.05 15453.6
0 2686 4 phononTF 0.00111687 -0.234565 1.37888 -0.00463172 15913 0.00034743 1 -0.0274736 -0.241301 0.05 17476.8
0 2691 5 phononTS 0.00127994 -1.67121 -3.33723 -0.0369187 29380.9 0.00034743 1 0.0455962 -0.165149 0.05 158460
0 2691 6 phononTF 0.000560896 0.0455962 -0.165149 0.049999 158460 0.00034743 1 -0.0593527 -0.235707 0.05 158539
0 2691 4 phononTS 0.00110195 -1.67121 -3.33723 -0.0369187 29380.9 0.00034743 1 -0.112645 -0.205831 0.05 40337.4
0 2694 2 phononTF 0.0023985 3.94569 1.28579 -0.0155202 459.792 0.00069486 1 -0.114197 -0.235804 0.05 14776.6
0 2694 9 phononTS 0.000851777 -0.114197 -0.235804 0.049999 14776.6 0.00034743 1 -0.0921905 -0.182895 0.05 14853.9
0 2723 2 phononTF 0.00269084 3.68692 0.962164 -0.0412945 392.463 0.00069486 1 0.0815896 -0.129194 0.05 51138.5
0 2737 3 phononTF 0.00247693 2.65361 1.42107 0.0226994 2610.07 0.00034743 1 -0.0896052 -0.161255 0.05 26241.7
0 2799 4 phononTS 0.00124176 -1.13633 -0.500737 -0.0157378 30895.3 0.00034743 1 0.0999521 -0.187909 0.05 37150.8
0 2833 2 phononTS 0.00137084 3.38094 1.30056 -0.0337363 5818.45 0.00069486 1 0.0448642 -0.118249 0.05 18575.2
0 2844 2 phononTF 0.00143239 4.95249 1.24285 0.00267863 2728.55 0.00034743 1 0.0592539 -0.236827 0.05 45729.8
0 2844 6 phononTF 0.000692018 0.0592539 -0.236827 0.049999 45729.8 0.00034743 1 0.0860161 -0.214053 0.05 45883.4
0 2845 2 phononTF 0.00235069 4.2962 1.45654 0.0450115 782.358 0.00034743 1 -0.0772852 -0.186446 0.05 10029.6
0 2845 5 phononTS 0.000659351 -0.0772852 -0.186446 0.049999 10029.6 0.00034743 1 -0.0974264 -0.191551 0.05 11692.9
0 2935 3 phononTF 0.00176737 3.77111 1.24094 -0.0387182 134.43 0.00034743 1 0.11866 -0.198808 0.05 14518.5
0 3003 3 phononTS 0.00210798 4.06807 1.97746 0.00720552 2402.56 0.00104229 1 0.0610996 -0.203001 0.05 66669.2
0 3016 2 phononTS 0.00212667 3.51909 0.810633 -6.06458e-07 452.903 0.00069486 1 0.0797174 -0.124196 0.05 9170.25
0 3032 2 phononTS 0.00132852 4.48654 0.161964 0.00975184 4365.6 0.00034743 1 -0.0997592 -0.146914 0.05 80757.9
0 3055 3 phononTS 0.00245625 3.79244 0.309563 0.049553 2187.93 0.00034743 1 -0.0266156 -0.140143 0.05 18667
0 3055 6 phononTS 0.00121999 -0.0266156 -0.140143 0.049999 18667 0.00034743 1 0.0731474 -0.134009 0.05 18996.2
0 3066 3 phononTS 0.00202521 3.75923 0.435109 -0.0145799 7407.24 0.00034743 1 -0.0403124 -0.270381 0.05 39417.7
0 3068 2 phononTS 0.00133701 3.12707 0.326104 0.0439916 1526.09 0.00034743 1 0.0992983 -0.24117 0.05 3089.75
0 3081 2 phononTS 0.00152554 3.70905 1.24445 0.0420178 26.6096 0.00034743 1 0.0723563 -0.27798 0.05 14248.2
0 3085 5 phononTS 0.00109392 3.7769 0.0489481 -0.0484404 7102.28 0.00069486 1 -0.0634025 -0.250715 0.05 90369.4
0 3088 4 phononTF 0.00132085 -2.96918 0.861316 -0.00655105 70797.1 0.00069486 1 -0.0236639 -0.240307 0.05 160630
0 3119 3 phononTS 0.00220903 0.513556 2.99094 -0.025721 9942.99 0.00034743 1 0.107358 -0.193189 0.05 15019.2
0 3120 3 phononTS 0.00174034 4.36021 1.75527 0.0167337 6739.22 0.00069486 1 0.0790915 -0.164325 0.05 33406
0 3136 5 phononTS 0.00123707 3.02248 3.05459 -0.0459599 17323 0.00034743 1 -0.105771 -0.195621 0.05 41109.1
0 3168 5 phononTS 0.00106593 3.59098 0.331111 0.0232006 22406.2 0.00034743 1 0.0892558 -0.221541 0.05 31658.2
0 3191 2 phononL 0.00124446 3.78093 2.48272 -0.0439443 4936.79 0.00034743 1 -0.0539433 -0.272083 0.05 64644.1
0 3269 2 phononTS 0.00235615 4.07934 1.88575 -0.0419432 2195.91 0.00034743 1 0.0739253 -0.273264 0.05 19743.7
0 3269 4 phononTF 0.000489805 0.0739253 -0.273264 0.049999 19743.7 0.00034743 1 0.0712645 -0.216719 0.05 19865.5
0 3290 3 phononTS 0.00255909 3.4873 1.95567 -0.0492702 1218.09 0.00069486 1 -0.0556308 -0.233232 0.05 38634.6
0 3317 2 phononTF 0.00106933 4.97988 2.1234 -0.0325462 3864.4 0.00034743 1 -0.107901 -0.223008 0.05 50353.4
0 3331 3 phononTS 0.000722534 3.84745 0.0316526 0.049998 7017.46 0.00034743 1 -0.0433948 -0.256853 0.05 81496.8
0 3375 2 phononL 0.000569467 4.12817 0.0131869 0.049999 4074.69 0.00034743 1 -0.101469 -0.256395 0.05 148081
0 3378 2 phononTS 0.00186319 2.29905 0.44016 -0.0191672 2690.74 0.00104229 1 0.048064 -0.193933 0.05 34977.3
0 3394 4 phononTS 0.00107436 4.52791 3.56515 0.0290852 14368 0.00034743 1 0.05819 -0.232914 0.05 109794
0 3396 3 phononTS 0.00134379 4.70286 1.19763 0.0166424 2398.17 0.00034743 1 0.0976723 -0.217282 0.05 10744.7
0 3441 3 phononTS 0.00287827 2.98045 2.18804 -0.00552983 6285.33 0.00104229 1 -0.0511694 -0.229784 0.05 34540.9
0 3456 3 phononTS 0.00134073 3.63954 3.42346 -0.0361032 6984.44 0.00034743 1 0.0269355 -0.25362 0.05 27238
0 3456 2 phononTF 0.00265927 3.63954 3.42346 -0.0361032 6984.44 0.00069486 1 0.0618373 -0.228741 0.05 24120
0 3456 10 phononTS 0.000637254 0.0618373 -0.228741 0.049999 24120 0.00034743 1 0.117184 -0.195819 0.05 24250.1
0 3560 3 phononTF 0.00190031 3.57644 1.15481 0.0236753 119.729 0.00034743 1 0.090058 -0.253743 0.05 27974.2
0 3614 7 phononL 0.000849229 0.878563 3.39921 -0.016126 27242.2 0.00034743 1 0.0365846 -0.122077 0.05 58592.4
0 3616 2 phononTS 0.00214382 2.99845 1.15933 0.0381992 5020.46 0.00069486 1 0.0884936 -0.228771 0.05 11486.3
0 3620 2 phononTS 0.0010025 3.62541 1.50003 0.0361866 181.461 0.00069486 1 -0.0770663 -0.177161 0.05 11090.6
0 3631 2 phononTF 0.00116939 4.18855 2.7415 -0.0200502 10685.2 0.00034743 1 -0.0306492 -0.112083 0.05 31772.8
0 3638 2 phononTF 0.00279289 2.17015 0.728876 -0.0135374 5877.71 0.00069486 1 -0.0597951 -0.140549 0.05 14235.9
0 3638 5 phononTS 0.00146887 -0.0597951 -0.140549 0.049999 14235.9 0.00034743 1 0.102193 -0.250112 0.05 14408.9
0 3682 4 phononTS 0.000982633 3.92105 0.542243 -0.0210633 47919.8 0.00034743 1 -0.0846988 -0.158383 0.05 147319
0 3682 6 phononTF 0.00059522 -0.0846988 -0.158383 0.049999 147319 0.00034743 1 0.0710514 -0.233764 0.05 147557
0 3693 2 phononTS 0.00219613 4.6448 2.65852 0.0361576 3781.39 0.00034743 1 -0.0662716 -0.172941 0.05 36041.9
0 3730 4 phononL 0.00113935 2.90704 3.72513 0.00121252 3132.11 0.00034743 1 -0.0488305 -0.293493 0.05 184448
0 3832 3 phononTS 0.00225957 3.71325 -0.685449 -0.000581738 4808.06 0.00104229 1 -0.0228784 -0.165439 0.05 30811.2
0 3978 2 phononL 0.00153846 3.3487 1.39428 0.0380907 5222.06 0.00069486 1 0.0878858 -0.144485 0.05 38795.2
0 4101 3 phononTS 0.00275783 4.00409 2.85845 0.0136184 3958.05 0.00034743 1 0.10147 -0.21199 0.05 15617.8
0 4131 2 phononTF 0.00232799 3.49601 0.782884 -0.0363663 785.013 0.00069486 1 0.0827286 -0.143127 0.05 6810.17
0 4131 5 phononTS 0.00148149 0.0827286 -0.143127 0.049999 6810.17 0.00034743 1 0.0981054 -0.204585 0.05 6882.53
0 4131 11 phononTS 0.000685486 0.0981054 -0.204585 0.049999 6882.53 0.00034743 1 0.110759 -0.168395 0.05 12053.3
0 4177 4 phononTF 0.00121519 4.70277 4.19889 -0.00605967 22124.3 0.00034743 1 -0.0300133 -0.291879 0.05 70302.3
0 4216 2 phononTS 0.00175042 3.75548 0.953854 0.0319035 2572.94 0.00034743 1 -0.0802101 -0.218912 0.05 19204.8
0 4232 3 phononTS 0.00217816 3.81482 1.45443 -0.0136207 176.694 0.00104229 1 -0.0241023 -0.248028 0.05 23169
0 4244 2 phononTS 0.00196049 4.03937 1.69321 -0.0395183 1139.89 0.00104229 1 0.0639642 -0.196564 0.05 53906.9
0 4261 2 phononL 0.0019207 4.09685 1.02126 0.0141209 395.174 0.00069486 1 0.0626676 -0.277819 0.05 8293.08
0 4281 3 phononTS 0.00190455 4.85354 1.31716 -0.0353302 4891.91 0.00034743 1 0.0116618 -0.188704 0.05 31816.7
0 4281 5 phononTF 0.000604058 0.0116618 -0.188704 0.049999 31816.7 0.00034743 1 0.0230288 -0.1848 0.05 31890.4
0 4307 3 phononTF 0.00152802 3.36961 1.60764 -0.00340345 8880.17 0.00034743 1 -0.0697244 -0.111968 0.05 35573.5
0 4313 4 phononTF 0.00067594 3.95422 0.51026 -0.0406698 9169.45 0.00034743 1 0.0959433 -0.141482 0.05 20613.7
0 4330 2 phononTS 0.00216172 1.61053 1.38104 -0.0136878 6536.58 0.00104229 1 -0.0958439 -0.149343 0.05 9271.42
0 4410 5 phononL 0.00274352 2.43186 0.877406 0.0436276 14239.4 0.00069486 1 -0.0426929 -0.163499 0.05 47154.1
0 4433 4 phononTS 0.00104838 4.13595 1.82957 -0.0222451 10614.5 0.00034743 1 0.020277 -0.215096 0.05 25269.5
0 4451 3 phononL 0.00202525 4.55562 0.914598 -0.0138121 8320.29 0.00034743 1 0.115913 -0.178902 0.05 21720.4
0 4461 2 phononTS 0.000912703 3.5441 1.90227 -0.0231103 4068.17 0.00069486 1 -0.0539392 -0.272419 0.05 108120
0 4473 3 phononTF 0.00284573 2.56479 1.82266 -0.03672 23830.6 0.00034743 1 -0.106516 -0.183383 0.05 28804.3
0 4490 2 phononL 0.00191511 4.98949 0.915413 0.0122566 9625.15 0.00034743 1 0.0114648 -0.186369 0.05 11369
0 4490 6 phononTS 0.000856248 0.0114648 -0.186369 0.049999 11369 0.00034743 1 -0.013577 -0.181402 0.05 11428.4
0 4574 2 phononTF 0.00195528 4.32282 1.55741 0.0124332 3877.47 0.00138972 1 -0.0498816 -0.284686 0.05 133574
0 4588 5 phononTS 0.000969223 -4.56538 0.928115 -0.0289924 10716.7 0.00034743 1 -0.0585889 -0.103314 0.05 41611.4
0 4597 3 phononTS 0.00181929 3.72997 1.20107 -0.00315851 826.213 0.00034743 1 0.0773395 -0.155078 0.05 61456.3
0 4597 7 phononL 0.000447121 0.0773395 -0.155078 0.049998 61456.3 0.00034743 1 0.0594348 -0.156168 0.05 61632.3
0 4685 3 phononTS 0.00125583 4.70179 2.77748 -0.0477498 3250.57 0.00034743 1 0.0345259 -0.284644 0.05 18039.5
0 4685 4 phononL 0.000674748 0.0345259 -0.284644 0.049999 18039.5 0.00034743 1 -0.0703511 -0.209504 0.05 20096.7
0 4700 3 phononTS 0.0022403 3.70332 2.42959 0.0446836 3686.73 0.00104229 1 0.0663185 -0.29298 0.05 50643.4
0 4700 10 phononTS 0.000455799 0.0663185 -0.29298 0.049999 50643.4 0.00034743 1 0.0424253 -0.185604 0.05 50739.1
0 4717 5 phononTS 0.00179011 0.71526 1.29741 -0.0346251 15748.9 0.00034743 1 0.110039 -0.164323 0.05 20946.6
0 4735 3 phononTF 0.00230647 4.16626 0.919231 -0.0496332 887.653 0.00069486 1 0.0416718 -0.0969916 0.05 12343
0 4766 2 phononTF 0.00136289 4.83401 1.66563 -0.0128055 6098.72 0.00034743 1 -0.0118548 -0.186986 0.05 20393.2
0 4771 2 phononTF 0.00123711 3.61055 1.49685 0.0123667 3070.3 0.00069486 1 -0.027371 -0.201936 0.05 31605.8
0 4781 3 phononTS 0.00137691 4.23547 0.982364 0.000558356 529.825 0.00034743 1 0.0562225 -0.185637 0.05 29468.6
0 4781 5 phononTF 0.000787452 0.0562225 -0.185637 0.049999 29468.6 0.00034743 1 -0.0517822 -0.188185 0.05 82135.2
0 4843 2 phononTS 0.00214034 4.636 0.49251 -0.0339067 2420.28 0.00034743 1 0.103919 -0.152182 0.05 18124.7
0 4844 3 phononTS 0.0021315 4.87257 1.73598 -0.0417442 11049.4 0.00034743 1 -0.106858 -0.209451 0.05 50176.8
0 4844 5 phononTF 0.0012158 -0.106858 -0.209451 0.049999 50176.8 0.00034743 1 -0.0503987 -0.218511 0.05 50303.9
0 4914 2 phononL 0.0012756 3.37897 -0.0963761 -0.0452052 15048.4 0.00069486 1 -0.0855116 -0.132114 0.05 24475.5
0 4975 2 phononL 0.000604549 4.81593 0.0823811 0.049999 17602.9 0.00034743 1 -0.0598958 -0.208786 0.05 29471
0 4982 9 phononTS 0.000836581 -0.434267 -1.63001 0.00646068 106767 0.00069486 1 -0.111484 -0.23013 0.05 120706
0 4988 3 phononTS 0.00291647 3.78842 0.53117 0.00930941 2970.12 0.00034743 1 -0.0821081 -0.146629 0.05 15110.2
