Run ID,Event ID,Track ID,Particle Name,Start Energy [eV],Start X [mm],Start Y [mm],Start Z [mm],Start Time [ns],Energy Deposited [eV],Track Weight,End X [mm],End Y [mm],End Z [mm],Final Time [ns],Volume Name
0 19 2 phononL 0.00160793 -0.565955 -2.40666 -0.0465429 2331.11 0.00069486 1 -0.0657697 -0.284414 0.05 6890.76
0 19 9 phononTF 0.000454494 -0.0657697 -0.284414 0.049999 6890.76 0.00034743 1 -0.0622978 -0.171571 0.05 7033.61
0 20 3 phononL 0.00214336 -1.76087 -2.15487 0.0306001 24.8007 0.00034743 1 0.089854 -0.170672 0.05 2157.84
0 22 3 phononTS 0.00267752 -0.805757 -1.04874 -0.00771856 1466.99 0.00034743 1 -0.0761539 -0.192656 0.05 12366.6
0 24 2 phononTS 0.00235432 -1.25913 -2.59703 -0.0263033 4760.87 0.00069486 1 0.0163141 -0.212044 0.05 29289
0 24 6 phononTS 0.000468228 0.0163141 -0.212044 0.049999 29289 0.00034743 1 -0.104988 -0.241602 0.05 29539.8
0 51 2 phononTS 0.00169687 -1.97434 -2.25878 0.000368971 799.627 0.00069486 1 -0.0358617 -0.178661 0.05 94936.7
0 71 4 phononTS 0.00200012 -2.69714 -2.45835 0.0389838 15230.5 0.00104229 1 -0.0809412 -0.151445 0.05 24591.9
0 99 2 phononTS 0.00242745 -0.521564 -1.37394 0.000136471 2120.03 0.00034743 1 0.0893095 -0.230751 0.05 10186.7
0 99 4 phononTF 0.000794075 0.0893095 -0.230751 0.049999 10186.7 0.00034743 1 -0.0417022 -0.176314 0.05 11960.3
0 110 2 phononTS 0.00226573 -1.5756 -3.12133 0.00792364 10399.6 0.00069486 1 0.0841204 -0.218788 0.05 39193.6
0 134 2 phononTF 0.00219485 -2.10421 -2.94362 0.0409275 4803.06 0.00069486 1 -0.0773785 -0.181489 0.05 22988.7
0 175 2 phononTS 0.00226261 -1.98239 -1.58038 -0.0279971 8828.3 0.00104229 1 0.0925936 -0.17814 0.05 44262.5
0 191 2 phononTF 0.00202529 -1.98061 -2.41652 -0.0273456 1063 0.00034743 1 -0.0454357 -0.30026 0.05 16785.1
0 191 6 phononTS 0.000488359 -0.0454357 -0.30026 0.049999 16785.1 0.00034743 1 -0.0974712 -0.203623 0.05 16984.2
0 201 4 phononTS 0.000986599 -0.322351 -3.8364 -0.00857079 8919.7 0.00034743 1 0.0358875 -0.300834 0.05 13979.1
0 211 2 phononTF 0.00194808 -0.654628 -1.41787 0.0311657 13222.4 0.00034743 1 0.0698341 -0.290981 0.05 172168
0 211 4 phononTS 0.000879898 0.0698341 -0.290981 0.049999 172168 0.00034743 1 -0.094582 -0.144056 0.05 172681
0 216 2 phononTS 0.00188559 -2.18026 -1.46719 0.0479328 4020.57 0.00034743 1 -0.0154988 -0.210475 0.05 8642.07
0 216 5 phononTS 0.000905196 -0.0154988 -0.210475 0.049999 8642.07 0.00034743 1 0.0832334 -0.231723 0.05 8864.31
0 232 2 phononTS 0.00204433 -1.98862 -2.05436 -0.033676 1088.09 0.00069486 1 0.0950448 -0.140394 0.05 12742.9
0 239 3 phononTF 0.00267001 0.161028 -0.688171 -0.0324371 16017.1 0.00069486 1 -0.0869338 -0.235657 0.05 17110.8
0 250 2 phononTF 0.00245438 -3.91797 -2.89992 0.0469865 4863.25 0.00034743 1 -0.0965027 -0.221482 0.05 21276.1
0 284 4 phononTF 0.00084167 -2.15081 0.10463 0.049999 3799.76 0.00034743 1 -0.05663 -0.12617 0.05 14090
0 290 1 phononTF 0.004 -1.75 -2.25 0 0 0.00173715 1 0.0617006 -0.230195 0.05 7982.63
0 290 2 phononL 0.000405986 0.0617006 -0.230195 0.049998 7982.63 0.00034743 1 0.0454999 -0.270519 0.05 8132.05
0 346 2 phononTS 0.00226364 -2.11193 -2.58303 -0.0143864 1477.91 0.00069486 1 0.0942529 -0.269775 0.05 23374.1
0 346 8 phononTS 0.000989525 0.0942529 -0.269775 0.049999 23374.1 0.00034743 1 0.0299804 -0.182615 0.05 23788.4
0 392 2 phononTF 0.00195145 -2.02636 -1.86024 -0.0424326 1588.22 0.00034743 1 0.0331855 -0.124777 0.05 12712.6
0 403 2 phononTS 0.00230495 -1.46486 -1.98324 -0.0303004 241.358 0.00034743 1 0.0248876 -0.219094 0.05 29592.5
0 403 4 phononTF 0.00142793 0.0248876 -0.219094 0.049998 29592.5 0.00034743 1 0.0713041 -0.216249 0.05 29732.6
0 404 3 phononTF 0.0020343 -1.84364 -2.27132 0.0268775 19.8545 0.00034743 1 0.0860538 -0.26373 0.05 20830.9
0 407 3 phononTS 0.00315113 -1.90604 -2.34613 -0.0247477 61.1193 0.00104229 1 -0.072244 -0.147424 0.05 5038.99
0 413 3 phononTS 0.00189979 -3.30874 -2.07036 -0.0392323 4918.54 0.00034743 1 0.0345848 -0.27595 0.05 17931.2
0 470 2 phononTF 0.00209222 -1.70684 -2.22927 0.0433084 14.1514 0.00069486 1 0.0261621 -0.184845 0.05 26903.7
0 499 1 phononTS 0.004 -1.75 -2.25 0 0 0.00069486 1 -0.10423 -0.187151 0.05 9292.93
0 502 2 phononTS 0.00170513 -1.72703 -2.40967 -0.0137317 212.418 0.00069486 1 -0.0350642 -0.288342 0.05 69957.7
0 522 2 phononTF 0.00243714 -1.68785 -2.16187 0.00178861 20.4806 0.00069486 1 -0.11815 -0.204256 0.05 3257.03
0 527 4 phononTS 0.00256077 -1.03017 -4.4604 -0.0359858 13019 0.00034743 1 0.0562614 -0.147227 0.05 32170.7
0 527 9 phononL 0.000698506 0.0562614 -0.147227 0.049998 32170.7 0.00034743 1 -0.076862 -0.19865 0.05 35737.1
0 547 2 phononTF 0.00165368 -1.58812 -2.01263 0.0471334 281.249 0.00069486 1 0.0763333 -0.252464 0.05 28296.2
0 580 2 phononTF 0.00162563 -1.48327 -2.81246 0.0451169 453.787 0.00034743 1 -0.0426547 -0.152866 0.05 4041.48
0 580 5 phononTS 0.000438278 -0.0426547 -0.152866 0.049999 4041.48 0.00034743 1 -0.0316483 -0.101279 0.05 4188.59
0 596 5 phononTF 0.00153493 -1.65564 1.06314 0.0183778 29448.9 0.00034743 1 0.0902919 -0.217591 0.05 153946
0 596 6 phononL 0.000791184 0.0902919 -0.217591 0.049998 153946 0.00034743 1 -0.0568918 -0.136298 0.05 153997
0 605 7 phononTS 0.00100507 -0.110066 -3.45823 0.0267142 17549.5 0.00034743 1 -0.0714579 -0.158858 0.05 47589.7
0 619 1 phononTF 0.004 -1.75 -2.25 0 0 0.00104229 1 -0.0821905 -0.238286 0.05 10932.9
0 619 3 phononTS 0.000999832 -0.0821905 -0.238286 0.049998 10932.9 0.00034743 1 0.0296448 -0.303186 0.05 19176.4
0 626 3 phononTS 0.00145527 -0.503625 -2.40112 0.0443134 3567.62 0.00034743 1 -0.0369819 -0.25756 0.05 42187.4
0 626 4 phononTF 0.000615912 -0.0369819 -0.25756 0.049999 42187.4 0.00034743 1 -0.0729374 -0.272496 0.05 42245.8
0 666 5 phononTF 0.00210731 1.01395 -0.428038 -0.0301372 11084.2 0.00069486 1 -0.110388 -0.177067 0.05 19833.1
0 666 6 phononTF 0.000566438 -0.110388 -0.177067 0.049998 19833.1 0.00034743 1 -0.0405407 -0.114526 0.05 19902.7
0 668 1 phononTS 0.004 -1.75 -2.25 0 0 0.00069486 1 0.0939756 -0.20644 0.05 8909.31
0 684 2 phononTF 0.000474735 -2.34238 -3.56162 0.0340982 6430.63 0.00034743 1 0.0505755 -0.101212 0.05 24961.1
0 701 3 phononTS 0.00192546 -0.715753 -0.450409 0.0465545 3545.9 0.00034743 1 0.0865356 -0.235331 0.05 4010.68
0 704 4 phononTF 0.000638468 -1.72918 0.0596012 0.049999 12169.1 0.00034743 1 0.118775 -0.210929 0.05 33631.6
0 729 2 phononTS 0.00182204 -1.07168 -2.04458 -0.0441522 14333.6 0.00034743 1 0.0512727 -0.249719 0.05 36381.6
0 768 1 phononTF 0.004 -1.75 -2.25 0 0 0.00138972 1 0.081607 -0.183696 0.05 3460.17
0 768 7 phononTF 0.00106211 0.081607 -0.183696 0.049999 3460.17 0.00034743 1 -0.104282 -0.238544 0.05 82965.7
0 768 25 phononTS 0.000523935 -0.104282 -0.238544 0.049999 82965.7 0.00034743 1 -0.102572 -0.247842 0.05 83023.1
0 771 4 phononL 0.00198186 -0.792798 -1.23211 -0.0395903 31389.7 0.00104229 1 -0.0349775 -0.136382 0.05 33347.3
0 776 2 phononTS 0.00160731 -1.81951 -2.04263 -0.0154804 1530.14 0.00034743 1 -0.0236252 -0.187898 0.05 7351.7
0 779 3 phononTS 0.00198314 -0.869951 -2.20872 0.0337065 3338.63 0.00104229 1 0.0702599 -0.199062 0.05 45873.3
0 785 5 phononTS 0.000745727 -3.85992 1.98474 -0.0439379 23007.7 0.00034743 1 0.0289933 -0.1464 0.05 55441.2
0 789 3 phononTS 0.00208587 -0.896208 -1.22995 -0.0235378 13000.3 0.00069486 1 -0.110314 -0.168834 0.05 41976
0 794 3 phononTF 0.00160044 -4.17237 -4.30932 -0.000928263 17386.2 0.00034743 1 -0.0509138 -0.249474 0.05 37819.5
0 796 4 phononTF 0.00066909 0.928144 1.28071 -0.00270304 64830.3 0.00034743 1 -0.0569112 -0.125079 0.05 193804
0 818 5 phononL 0.00145157 -0.714376 -0.271888 0.0461348 22139.3 0.00034743 1 0.0553501 -0.295171 0.05 31162.6
0 842 2 phononTS 0.00220219 -2.35622 -3.25162 -0.013107 2668.99 0.00034743 1 0.0440039 -0.180684 0.05 19543.8
0 851 3 phononTS 0.00207746 -1.61316 -2.09404 -0.00122003 753.629 0.00034743 1 0.0810548 -0.201503 0.05 3635.37
0 888 2 phononTF 0.00220173 -1.76799 -1.86501 0.033607 4067.11 0.00034743 1 -0.0483434 -0.134202 0.05 13346.2
0 889 4 phononTF 0.000868459 -3.46707 4.10246 0.0454546 77291.9 0.00034743 1 -0.0613343 -0.259445 0.05 134882
0 908 4 phononTF 0.00168736 2.66375 -1.7012 0.0403289 77349.7 0.00034743 1 -0.092031 -0.15884 0.05 113659
0 908 6 phononTS 0.000526521 -0.092031 -0.15884 0.049999 113659 0.00034743 1 -0.0971405 -0.151441 0.05 113716
0 911 2 phononTF 0.00100165 -1.93052 -2.38233 0.00834083 276.028 0.00034743 1 -0.0643643 -0.108965 0.05 24770.2
0 915 2 phononL 0.0027885 -2.27119 -2.06841 0.000387724 2575.5 0.00034743 1 0.0879186 -0.254554 0.05 4448.44
0 915 4 phononTS 0.000706365 0.0879186 -0.254554 0.049998 4448.44 0.00034743 1 0.0877597 -0.249347 0.05 4506.58
0 938 2 phononTF 0.00133351 -2.61202 -1.93977 -0.0401821 1037.8 0.00034743 1 -0.0557104 -0.197869 0.05 30751
0 1003 5 phononTS 0.000691068 -4.73388 3.66026 0.0358244 60307 0.00034743 1 0.0486916 -0.285635 0.05 66775.8
0 1018 2 phononTS 0.00189502 -1.68646 -2.42607 -0.00334632 80.5037 0.00034743 1 0.0396308 -0.291538 0.05 6766.23
0 1023 2 phononL 0.00224593 -2.33892 -1.63158 0.0262043 2133.49 0.00034743 1 -0.0707126 -0.179596 0.05 6445.02
0 1026 2 phononL 0.0012405 1.16841 0.587947 -0.00376103 6158.51 0.00034743 1 -0.0715752 -0.121749 0.05 28471.4
0 1052 3 phononTF 0.00197612 -1.1309 -2.17571 0.0244965 18603.2 0.00069486 1 -0.0558083 -0.283189 0.05 52659.6
0 1052 11 phononTS 0.00040569 -0.0558083 -0.283189 0.049999 52659.6 0.00034743 1 -0.04243 -0.282727 0.05 52721.8
0 1053 1 phononTS 0.004 -1.75 -2.25 0 0 0.00034743 1 0.065626 -0.274606 0.05 17082.6
0 1056 3 phononL 0.00183548 -3.18549 -0.359774 0.0258223 7645.16 0.00034743 1 -0.0997388 -0.199246 0.05 25792
0 1061 3 phononL 0.00201741 -0.0350705 -1.67418 2.47999e-05 4878.35 0.00034743 1 0.0687915 -0.115477 0.05 9420.3
0 1061 6 phononTS 0.000739423 0.0687915 -0.115477 0.049999 9420.3 0.00034743 1 0.0423056 -0.301713 0.05 97686.3
0 1066 3 phononTS 0.00296353 -0.798013 -1.95996 -0.036482 6452.02 0.00034743 1 -0.0818542 -0.268732 0.05 46570.3
0 1105 5 phononTS 0.000814563 0.832502 -3.31368 0.00531383 21331.6 0.00034743 1 0.0702184 -0.20027 0.05 33009.9
0 1105 8 phononL 0.000422605 0.0702184 -0.20027 0.049999 33009.9 0.00034743 1 0.0919434 -0.129105 0.05 34423.6
0 1114 2 phononTF 0.000544087 0.131289 -1.43223 -0.0310836 8910.31 0.00034743 1 -0.0772182 -0.144691 0.05 18909.6
0 1120 5 phononL 0.00175705 -3.2117 -3.24832 0.0202892 5099.77 0.00034743 1 0.102995 -0.194435 0.05 9476.01
0 1130 3 phononTF 0.00155953 -2.42926 -1.4878 0.0404874 11787.1 0.00034743 1 0.0522182 -0.283859 0.05 33294.5
0 1134 5 phononTS 0.000535261 0.209863 0.00934563 0.049999 15366.4 0.00034743 1 0.00821206 -0.198883 0.05 15618.9
0 1141 4 phononTS 0.00169785 -2.54248 0.0722092 0.0270343 76684.3 0.00034743 1 0.085065 -0.263307 0.05 143875
0 1150 1 phononTF 0.004 -1.75 -2.25 0 0 0.00138972 1 -0.0599149 -0.250442 0.05 6280.3
0 1172 2 phononTF 0.0018413 -2.39042 -2.62802 0.0185305 793.186 0.00034743 1 -0.100097 -0.224051 0.05 5911.67
0 1178 5 phononL 0.00181466 -1.29077 -2.24065 -0.0325813 14981.9 0.00069486 1 0.0393246 -0.190608 0.05 42496.4
0 1186 2 phononTS 0.0016351 0.928419 -2.55619 -0.0233495 5694.08 0.00034743 1 0.0203544 -0.176554 0.05 7644.67
0 1233 1 phononTS 0.004 -1.75 -2.25 0 0 0.00208458 1 0.0743966 -0.254653 0.05 7254.64
0 1279 3 phononL 0.00245749 -0.654443 -4.69499 -0.0310185 31720.7 0.00069486 1 0.0984314 -0.140346 0.05 38555.6
0 1333 2 phononTS 0.0022349 -1.60266 -2.11327 -0.0359344 48.3198 0.00069486 1 0.048504 -0.164465 0.05 13776.1
0 1357 3 phononTS 0.00230493 -1.38338 -2.36403 0.00264068 854.078 0.00034743 1 -0.0596375 -0.113134 0.05 2427.17
0 1382 3 phononTS 0.00274068 -1.15383 -2.13178 0.0111789 11072.5 0.00104229 1 0.047215 -0.28271 0.05 16954
0 1437 5 phononL 0.00137324 0.585304 1.89564 -0.00027923 32221.4 0.00069486 1 0.0770444 -0.136805 0.05 49150.1
0 1457 5 phononTF 0.00118854 -0.643172 0.204858 -0.0481313 13669.2 0.00034743 1 -0.0404814 -0.199825 0.05 39128.7
0 1457 6 phononTF 0.00055952 -0.0404814 -0.199825 0.049999 39128.7 0.00034743 1 -0.0826731 -0.125771 0.05 110261
0 1461 5 phononTS 0.000896666 1.412 3.26921 -0.00754548 22046.4 0.00034743 1 0.0391723 -0.115286 0.05 34401.5
0 1493 3 phononTF 0.00239694 -1.16055 -0.745451 -0.0261594 11650.9 0.00138972 1 -0.021608 -0.134916 0.05 24118.4
0 1506 3 phononL 0.00162139 -1.27403 -3.19536 0.00164004 6840.16 0.00069486 1 -0.0940569 -0.180648 0.05 16797
0 1506 2 phononTS 0.00237861 -1.27403 -3.19536 0.00164004 6840.16 0.00069486 1 -0.101366 -0.150094 0.05 17460.7
0 1506 23 phononTS 0.000398797 -0.101366 -0.150094 0.049999 17460.7 0.00034743 1 -0.0743415 -0.179334 0.05 17526.6
0 1518 2 phononTS 0.00207365 -0.965429 -2.41127 -0.0237088 8707.56 0.00104229 1 -0.0827333 -0.229978 0.05 28443.8
0 1548 2 phononL 0.00151186 -1.73108 -3.12266 0.0385632 6886.46 0.00034743 1 -0.0249539 -0.268137 0.05 49521.3
0 1571 4 phononTF 0.00176128 -1.65809 -2.98949 -0.0238301 4812.57 0.00034743 1 0.069775 -0.193441 0.05 26349
0 1592 2 phononTF 0.00251348 -2.40952 -1.68884 -0.021401 3121.76 0.00034743 1 0.0803015 -0.167757 0.05 44715
0 1595 2 phononTS 0.00185421 -1.76105 -3.94501 0.0432169 4925.35 0.00034743 1 0.0292321 -0.249331 0.05 65194.3
0 1605 3 phononTS 0.00212757 -1.37944 -2.77201 0.0178882 1422.84 0.00069486 1 0.0279162 -0.235182 0.05 12536.9
0 1605 4 phononTS 0.000849744 0.0279162 -0.235182 0.049999 12536.9 0.00034743 1 0.0927777 -0.202174 0.05 12760
0 1627 4 phononTF 0.00128155 -2.92352 -3.30936 0.0161469 9119.29 0.00034743 1 -0.038818 -0.136191 0.05 54545.8
0 1643 3 phononTS 0.00110327 -1.81749 -2.21361 0.0279322 20.1859 0.00034743 1 0.0472416 -0.26106 0.05 215767
0 1650 5 phononTS 0.00130719 -1.08345 -0.590258 -0.0492355 9681.58 0.00034743 1 -0.0947679 -0.197978 0.05 30917.4
0 1655 2 phononL 0.00212634 -1.73326 -2.95065 -0.0110817 16181.4 0.00034743 1 0.0281935 -0.107172 0.05 63961
0 1676 2 phononL 0.00133401 -3.40032 -3.02459 0.00143643 2566.35 0.00069486 1 -0.0872834 -0.150111 0.05 28581.1
0 1710 2 phononTF 0.00273063 -1.1212 -1.91323 0.00661114 2258.15 0.00034743 1 -0.0362114 -0.120207 0.05 3802.78
0 1710 5 phononTF 0.00094794 -0.0362114 -0.120207 0.049999 3802.78 0.00034743 1 -0.0365746 -0.135713 0.05 3862.57
0 1710 12 phononTF 0.000391874 -0.0365746 -0.135713 0.049999 3862.57 0.00034743 1 -0.0939793 -0.225216 0.05 4094.61
0 1712 3 phononTF 0.00253663 -2.19923 -1.64364 0.00390513 4940.2 0.00069486 1 0.023077 -0.244447 0.05 21951.4
0 1727 3 phononTF 0.00246309 -1.45035 -0.490216 -0.0217384 9005.75 0.00034743 1 -0.0901879 -0.195516 0.05 14237.2
0 1727 7 phononTS 0.000543764 -0.0901879 -0.195516 0.049998 14237.2 0.00034743 1 -0.0729764 -0.117677 0.05 14313.5
0 1736 2 phononTF 0.00222132 -1.39149 -1.89457 -0.00495434 2019.77 0.00034743 1 -0.0985499 -0.189147 0.05 23786.2
0 1736 5 phononTS 0.000562018 -0.0985499 -0.189147 0.049999 23786.2 0.00034743 1 -0.103699 -0.161135 0.05 23984.7
0 1744 2 phononTS 0.00110032 -2.55197 -2.55091 0.00508454 4879.19 0.00034743 1 0.0800344 -0.170756 0.05 13238.1
0 1755 2 phononTS 0.0017413 -1.40527 -1.8097 -0.0114797 1140.83 0.00034743 1 -0.0519656 -0.239832 0.05 103876
0 1755 5 phononTS 0.0012058 -0.0519656 -0.239832 0.049999 103876 0.00034743 1 -0.0971069 -0.227262 0.05 106376
0 1770 1 phononTS 0.004 -1.75 -2.25 0 0 0.00138972 1 0.0962104 -0.185967 0.05 8930.53
0 1770 2 phononTF 0.000879169 0.0962104 -0.185967 0.049999 8930.53 0.00034743 1 0.114187 -0.230042 0.05 9529.74
0 1782 3 phononL 0.0015298 -2.70597 -2.73633 0.0104817 16250.9 0.00034743 1 0.111362 -0.196594 0.05 26055.5
0 1810 2 phononTF 0.00252168 -0.735336 -1.81807 -0.0477122 3844.85 0.00034743 1 0.078408 -0.137499 0.05 15597.7
0 1841 4 phononTF 0.00128724 -1.94253 -1.1316 -0.0200736 4960.35 0.00034743 1 0.0363342 -0.144405 0.05 7239.13
0 1845 2 phononTS 0.00247255 -1.72121 -2.30293 0.0326553 184.144 0.00069486 1 -0.0470282 -0.277687 0.05 52278.1
0 1894 2 phononTF 0.00226649 -2.56553 -1.68429 -0.0359694 2321.55 0.00034743 1 0.0167293 -0.168206 0.05 5152.72
0 1899 3 phononTF 0.000656301 0.598714 0.0477432 0.049999 17319 0.00034743 1 0.04407 -0.182208 0.05 70363.2
0 1911 2 phononTF 0.00221933 -2.11588 -2.41175 -0.0182006 416.089 0.00034743 1 -0.070224 -0.267012 0.05 13582.7
0 1911 5 phononTF 0.00171629 -0.070224 -0.267012 0.049998 13582.7 0.00034743 1 -0.033067 -0.115365 0.05 14220.9
0 1949 3 phononL 0.00226354 -0.926595 -1.72526 -0.0413174 8389.33 0.00104229 1 0.043285 -0.269501 0.05 14242
0 1949 9 phononTS 0.000400499 0.043285 -0.269501 0.049999 14242 0.00034743 1 -0.0371696 -0.116249 0.05 18035.6
0 1953 2 phononTF 0.00164469 -1.58297 -2.59419 -0.0334428 7378.37 0.00034743 1 -0.0298737 -0.260074 0.05 9464.75
0 1980 2 phononTF 0.00195546 -0.871254 -0.977832 0.00516138 1914.27 0.00069486 1 -0.0568993 -0.228707 0.05 2580.63
0 1980 6 phononTS 0.000348192 -0.0568993 -0.228707 0.049999 2580.63 0.00034743 1 -0.0967736 -0.137479 0.05 2658.82
0 1996 4 phononTF 0.000408287 2.01943 3.09155 -0.00028257 70092.8 0.00034743 1 0.0628228 -0.174978 0.05 82148.4
0 2002 5 phononTS 0.00107264 -0.577756 -1.04751 0.00173889 19317.6 0.00034743 1 -0.05724 -0.179975 0.05 100234
0 2019 3 phononTF 0.00218716 -1.39234 -1.90709 -0.0169854 10210.3 0.00034743 1 0.0129155 -0.201795 0.05 80019.6
0 2019 4 phononTF 0.00129649 0.0129155 -0.201795 0.049998 80019.6 0.00069486 1 0.0455625 -0.246512 0.05 80180.9
0 2033 3 phononTS 0.00180355 -0.991611 -2.2532 0.00857763 1859.15 0.00034743 1 -0.0474371 -0.22709 0.05 6334.83
0 2033 4 phononTF 0.000416275 -0.0474371 -0.22709 0.049998 6334.83 0.00034743 1 0.0491487 -0.286785 0.05 6995.55
0 2042 5 phononTS 0.00102183 -0.676734 -1.33561 0.00485144 12263.7 0.00034743 1 0.063209 -0.276004 0.05 37402.1
0 2044 2 phononTS 0.00170391 -1.84763 -1.90854 0.049204 1434.25 0.00034743 1 0.0599637 -0.265909 0.05 23802.9
0 2044 7 phononTS 0.000416113 0.0599637 -0.265909 0.049999 23802.9 0.00034743 1 0.0554768 -0.287906 0.05 23863.3
0 2086 2 phononTS 0.00165659 -2.73492 -1.84703 0.0412335 5689.12 0.00069486 1 0.0806744 -0.156461 0.05 65858.8
0 2111 5 phononL 0.000938092 -2.97223 -3.24393 0.00792418 33049.2 0.00034743 1 -0.0870642 -0.147847 0.05 39262.8
0 2117 3 phononTS 0.0026607 -0.840052 -3.61358 0.0423685 7761.61 0.00034743 1 -0.0675623 -0.257631 0.05 23092.1
0 2122 2 phononTS 0.00206807 -0.52699 -1.96873 0.0365671 16711.2 0.00034743 1 0.101256 -0.199482 0.05 73176.5
0 2136 3 phononTF 0.00325849 -1.37979 -0.835633 0.0487389 20718.7 0.00034743 1 -0.0553212 -0.228472 0.05 25765.5
0 2173 4 phononTS 0.000430091 -0.301336 0.077903 0.049999 6402.26 0.00034743 1 -0.0255327 -0.198662 0.05 9299.21
0 2218 3 phononTF 0.00202112 -1.94245 -4.99258 0.0480809 31032.7 0.00034743 1 0.024829 -0.260926 0.05 78657.4
0 2236 2 phononTF 0.00223865 -0.948831 -2.02068 0.0135429 8562.99 0.00069486 1 0.0941768 -0.223746 0.05 25583.6
0 2236 4 phononTS 0.000440908 0.0941768 -0.223746 0.049999 25583.6 0.00034743 1 0.0388734 -0.148203 0.05 30880.6
0 2273 2 phononTS 0.00200109 -1.10837 -3.25618 0.00048374 1464.43 0.00069486 1 -0.0342188 -0.165497 0.05 7649.86
0 2283 3 phononTF 0.00213795 0.103085 -4.30514 -0.0255783 8563.19 0.00069486 1 0.087521 -0.135187 0.05 42766.4
0 2299 3 phononL 0.00261106 -1.45466 -1.15344 -0.0107516 1483.74 0.00069486 1 -0.0271269 -0.126735 0.05 47027.9
0 2299 8 phononTF 0.00061439 -0.0271269 -0.126735 0.049999 47027.9 0.00034743 1 -0.0681831 -0.161111 0.05 47087.9
0 2304 2 phononTF 0.0014859 -0.00930012 -2.31683 -0.0363079 16305.8 0.00069486 1 0.0251014 -0.201597 0.05 30184.2
0 2305 2 phononTS 0.00193833 -1.7375 -2.26996 -0.0183792 5.47976 0.00034743 1 -0.0602089 -0.239177 0.05 58736.7
0 2312 4 phononTF 0.0018034 -2.20691 -2.85899 -0.0289062 3565.11 0.00069486 1 -0.021903 -0.150138 0.05 53320.8
0 2314 1 phononL 0.004 -1.75 -2.25 0 0 0.00069486 1 -0.088784 -0.247762 0.05 7092.8
0 2325 1 phononTF 0.004 -1.75 -2.25 0 0 0.00104229 1 -0.0301304 -0.190263 0.05 7686.25
0 2325 4 phononTS 0.00156512 -0.0301304 -0.190263 0.049999 7686.25 0.00034743 1 0.040959 -0.132032 0.05 7758.95
0 2325 18 phononTS 0.000942255 0.040959 -0.132032 0.049999 7758.95 0.00034743 1 0.0794792 -0.161143 0.05 7843.61
0 2337 5 phononL 0.00182791 2.52018 0.286527 0.016543 33862 0.00069486 1 0.0323166 -0.154481 0.05 86608.4
0 2352 3 phononTS 0.00199635 -2.20276 -1.77733 -0.0290264 1685.27 0.00034743 1 -0.0565804 -0.236444 0.05 13663
0 2352 7 phononTS 0.000410529 -0.0565804 -0.236444 0.049999 13663 0.00034743 1 0.0141713 -0.177683 0.05 13737.1
0 2356 3 phononTF 0.00283444 -1.75814 -2.01567 0.0447106 139.356 0.00069486 1 0.066011 -0.178628 0.05 3553.02
0 2384 3 phononL 0.00240112 -0.563527 -2.82695 -0.046744 2870.06 0.00104229 1 -0.0324788 -0.114715 0.05 48384
0 2412 3 phononTS 0.00195614 -1.66208 -2.27866 -0.0394742 864.963 0.00034743 1 -0.0392346 -0.144074 0.05 3499.11
0 2412 4 phononTF 0.000437875 -0.0392346 -0.144074 0.049999 3499.11 0.00034743 1 -0.0453751 -0.292073 0.05 3569.16
0 2439 3 phononTS 0.00211266 -2.37783 -2.69951 -0.00773234 857.733 0.00069486 1 0.0532006 -0.288887 0.05 28210.3
0 2439 5 phononTF 0.000627982 0.0532006 -0.288887 0.049998 28210.3 0.00034743 1 0.0942511 -0.181278 0.05 28390.8
0 2464 3 phononTF 0.0026993 -0.0731168 0.394145 0.0436275 6893.46 0.00138972 1 -0.108047 -0.17969 0.05 10563.8
0 2487 1 phononTS 0.004 -1.75 -2.25 0 0 0.00034743 1 -0.0318097 -0.142445 0.05 12723.8
0 2488 3 phononL 0.00189545 -1.22591 -1.87948 -0.0411269 2052.7 0.00104229 1 0.0551369 -0.262899 0.05 9027.6
0 2496 4 phononTS 0.00171373 -3.55635 -4.60726 -0.0452191 10173.4 0.00034743 1 0.0152396 -0.170323 0.05 22989.9
0 2552 2 phononTS 0.00266914 -0.479779 1.98315 0.00259967 14123.3 0.00069486 1 -0.0626283 -0.222582 0.05 16807
0 2566 2 phononTF 0.00157973 -1.66385 -2.75106 -0.0235914 2133.48 0.00034743 1 -0.0591118 -0.130961 0.05 44886.5
0 2618 2 phononL 0.00284132 -1.74325 -1.7695 0.00886418 1181.43 0.00034743 1 0.0866576 -0.133734 0.05 11862.5
0 2618 4 phononTS 0.00135149 0.0866576 -0.133734 0.049999 11862.5 0.00069486 1 0.0730835 -0.179975 0.05 12007.6
0 2646 2 phononTS 0.00192768 0.511311 -3.84219 0.0452219 5233.68 0.00069486 1 0.0235966 -0.192839 0.05 56093.1
0 2684 1 phononTS 0.004 -1.75 -2.25 0 0 0.00034743 1 0.0859003 -0.172758 0.05 4442.3
0 2684 3 phononTF 0.00158385 0.0859003 -0.172758 0.049999 4442.3 0.00034743 1 0.064915 -0.12552 0.05 4502.3
0 2684 9 phononTF 0.000452014 0.064915 -0.12552 0.049999 4502.3 0.00034743 1 0.0863506 -0.129782 0.05 4565.16
0 2684 2 phononTS 0.00162004 0.0859003 -0.172758 0.049999 4442.3 0.00034743 1 -0.0894337 -0.167994 0.05 4551.42
0 2739 3 phononTS 0.00267945 -1.82898 -2.37074 -0.0319172 149.065 0.00034743 1 -0.0414794 -0.21607 0.05 25331.8
0 2739 6 phononL 0.00086464 -0.0414794 -0.21607 0.049999 25331.8 0.00034743 1 -0.1066 -0.218816 0.05 25378.4
0 2739 5 phononTF 0.00144842 -0.0414794 -0.21607 0.049999 25331.8 0.00034743 1 0.0499114 -0.184378 0.05 25399.9
0 2768 4 phononTF 0.000810559 0.14931 0.0205947 0.049999 20038.4 0.00034743 1 -0.037659 -0.260771 0.05 20452.7
0 2776 2 phononTF 0.00100913 -2.59948 -3.74864 0.0439966 36062.5 0.00069486 1 -0.0292182 -0.213382 0.05 60122.5
0 2794 2 phononTF 0.00274781 -2.20336 -2.51117 -0.0361197 2774.51 0.00034743 1 0.118538 -0.179922 0.05 20586.4
0 2794 7 phononTF 0.000558178 0.118538 -0.179922 0.049999 20586.4 0.00034743 1 0.0299407 -0.181839 0.05 20648.2
0 2810 3 phononTS 0.00135844 -1.87724 -2.3763 -0.0483592 809.981 0.00034743 1 0.0727096 -0.189085 0.05 32976.6
0 2839 3 phononL 0.00222279 -2.71555 -0.362145 -0.0213442 12390.9 0.00104229 1 -0.0539652 -0.20794 0.05 19851.1
0 2845 3 phononTS 0.00117049 0.0280129 -4.32392 -0.0113975 13553.6 0.00034743 1 0.107121 -0.16171 0.05 16867.8
0 2915 2 phononTF 0.00210568 -1.1527 -2.35751 -0.00816642 12498.8 0.00034743 1 0.0734583 -0.173677 0.05 17892.2
0 2915 5 phononL 0.00163632 0.0734583 -0.173677 0.049999 17892.2 0.00034743 1 -0.0807539 -0.179565 0.05 18003.4
0 2916 5 phononTF 0.00135606 -1.92004 -1.23253 -0.0440025 2964.87 0.00034743 1 -0.106429 -0.211706 0.05 60079.4
0 2928 1 phononL 0.004 -1.75 -2.25 0 0 0.00104229 1 -0.0266556 -0.205076 0.05 9427.35
0 2932 3 phononTS 0.00196302 -2.08422 -2.72908 0.00199255 3782.25 0.00034743 1 0.0546588 -0.212145 0.05 19129.4
0 2932 5 phononTF 0.000624223 0.0546588 -0.212145 0.049999 19129.4 0.00034743 1 -0.0189434 -0.193751 0.05 19193.1
0 2937 1 phononTS 0.004 -1.75 -2.25 0 0 0.00034743 1 -0.0623346 -0.196759 0.05 4798.43
0 2937 3 phononL 0.00256071 -0.0623346 -0.196759 0.049999 4798.43 0.00034743 1 0.0683463 -0.149589 0.05 4926.44
0 2937 8 phononTF 0.00140498 0.0683463 -0.149589 0.049999 4926.44 0.00034743 1 0.0803794 -0.155442 0.05 4989.2
0 2937 7 phononTS 0.000653154 0.0683463 -0.149589 0.049999 4926.44 0.00034743 1 0.0144406 -0.207236 0.05 4998.57
0 2979 3 phononL 0.00244688 -1.01217 -1.13925 0.0457083 11983.2 0.00069486 1 0.00946526 -0.195978 0.05 94100.5
0 3002 3 phononTS 0.0012573 -1.06403 -2.43451 0.0371728 2413.27 0.00069486 1 0.0450513 -0.115533 0.05 45712.1
0 3011 1 phononTS 0.004 -1.75 -2.25 0 0 0.00138972 1 -0.0816079 -0.2538 0.05 22024.6
0 3011 2 phononTF 0.00128206 -0.0816079 -0.2538 0.049999 22024.6 0.00034743 1 0.0799478 -0.23296 0.05 25689
0 3011 21 phononTS 0.000751255 0.0799478 -0.23296 0.049999 25689 0.00034743 1 0.112669 -0.231469 0.05 25824.3
0 3023 2 phononTF 0.00191671 -1.79663 -2.16928 -0.0423911 172.646 0.00034743 1 -0.08434 -0.171511 0.05 1826.18
0 3057 3 phononL 0.00110936 -1.93641 -0.297509 -0.0437796 15733.7 0.00034743 1 -0.0603272 -0.209598 0.05 18206.1
0 3071 3 phononTF 0.00138586 -0.512207 -2.73011 -0.0389575 11468.9 0.00069486 1 0.099398 -0.145552 0.05 23071.8
0 3073 2 phononTS 0.00238445 -1.4271 -1.83479 -0.042183 527.662 0.00034743 1 0.0212503 -0.248181 0.05 4598.96
0 3073 6 phononTS 0.000791099 0.0212503 -0.248181 0.049998 4598.96 0.00034743 1 0.0204806 -0.249731 0.05 5843.98
0 3092 3 phononTS 0.00256699 -1.94131 -3.25683 -0.0169906 2497.85 0.00069486 1 0.0188648 -0.247293 0.05 69306.9
0 3093 3 phononTF 0.00192783 -0.829051 -0.877951 -0.0499813 2926.91 0.00069486 1 0.0843207 -0.239749 0.05 25176.4
0 3099 5 phononL 0.00145939 -1.53985 -2.79828 -0.0337239 41309.3 0.00034743 1 -0.0250722 -0.0946458 0.05 58058.8
0 3160 3 phononTF 0.00144537 -0.0466035 -1.35189 0.0252496 12451.7 0.00069486 1 0.0569579 -0.172341 0.05 13010.4
0 3185 4 phononL 0.00105094 -2.87312 -3.24143 0.0387366 3413.8 0.00034743 1 -0.0340936 -0.142831 0.05 73896.7
0 3185 6 phononTF 0.000473725 -0.0340936 -0.142831 0.049999 73896.7 0.00034743 1 0.00165684 -0.199881 0.05 148953
0 3228 5 phononTF 0.00122521 -0.907392 3.2908 -0.028828 48064.7 0.00034743 1 -0.0242061 -0.229682 0.05 86488.2
0 3257 5 phononTS 0.00190656 -0.320123 -3.16434 -0.00321764 41358.4 0.00069486 1 -0.0504222 -0.200919 0.05 46898.8
0 3262 4 phononTF 0.000986086 -2.77725 -2.63255 0.0188943 3962.39 0.00034743 1 -0.0293158 -0.293097 0.05 39643.2
0 3288 2 phononTS 0.000897159 -1.64269 -1.7037 -0.00719799 1338.16 0.00034743 1 -0.0311076 -0.154585 0.05 6675.62
0 3384 2 phononTF 0.00142935 -1.6954 -2.38996 -0.0436269 158.59 0.00034743 1 0.0386933 -0.273278 0.05 2143.74
0 3430 3 phononL 0.00175216 -1.70666 -2.27917 0.0138031 10.1849 0.00069486 1 -0.0472323 -0.190308 0.05 31073.3
0 3430 4 phononTF 0.000561877 -0.0472323 -0.190308 0.049999 31073.3 0.00034743 1 -0.085584 -0.167415 0.05 31432.9
0 3441 6 phononL 0.000883639 -1.66701 2.05922 -0.0432441 32258.4 0.00034743 1 -0.0238822 -0.24465 0.05 43217.2
0 3486 5 phononL 0.00220546 -4.63675 -3.90511 -0.042066 5114.04 0.00069486 1 0.0384455 -0.201921 0.05 21212.4
0 3489 3 phononTS 0.00221782 0.226435 -2.43525 -0.0482046 7764.6 0.00104229 1 -0.0825498 -0.276731 0.05 8939.63
0 3500 1 phononL 0.004 -1.75 -2.25 0 0 0.00138972 1 -0.0618431 -0.122788 0.05 18425.2
0 3547 2 phononTF 0.00191263 -1.62673 -2.39967 -0.0265813 936.836 0.00034743 1 -0.102443 -0.153831 0.05 6886.2
0 3559 2 phononTF 0.00102409 -1.10957 -2.38742 -0.0476323 2180.49 0.00034743 1 -0.0143541 -0.168254 0.05 33960.7
0 3564 2 phononTF 0.00252395 -1.58331 -2.18217 -0.0463344 5689.16 0.00104229 1 -0.107559 -0.220836 0.05 11165.8
0 3566 1 phononTS 0.004 -1.75 -2.25 0 0 0.00069486 1 0.0354743 -0.270727 0.05 11864.8
0 3572 3 phononTS 0.00298141 -2.00801 -2.08608 0.0347451 1512.48 0.00034743 1 0.0507387 -0.298744 0.05 8410.18
0 3572 5 phononTF 0.00132834 0.0507387 -0.298744 0.049999 8410.18 0.00034743 1 -0.0613351 -0.120167 0.05 9447.47
0 3572 13 phononTF 0.000788919 -0.0613351 -0.120167 0.049999 9447.47 0.00034743 1 -0.116893 -0.17323 0.05 11689.3
0 3580 3 phononTF 0.00307141 -0.0825311 -0.842766 0.0443103 7907.56 0.00104229 1 -0.117963 -0.208642 0.05 8886.89
0 3588 2 phononL 0.00224494 -4.16169 -3.41534 -0.00467866 12807.8 0.00034743 1 -0.0438685 -0.134353 0.05 57776.1
0 3588 5 phononTF 0.0014613 -0.0438685 -0.134353 0.049999 57776.1 0.00069486 1 -0.0442698 -0.0980354 0.05 57838.9
0 3589 3 phononTF 0.00239981 -0.191307 -2.90422 0.024483 12454.5 0.00034743 1 0.115528 -0.224128 0.05 79168.4
0 3651 3 phononTF 0.002822 -3.85117 -2.08124 -0.0256893 8904.81 0.00034743 1 0.0347879 -0.296908 0.05 22451.7
0 3651 5 phononTF 0.00156948 0.0347879 -0.296908 0.049999 22451.7 0.00034743 1 0.0422847 -0.303389 0.05 22512.4
0 3671 2 phononTF 0.00234992 -2.86219 -3.32846 -3.75359e-06 6215.12 0.00069486 1 -0.0537096 -0.200706 0.05 38324.6
0 3671 5 phononTF 0.00103371 -0.0537096 -0.200706 0.049999 38324.6 0.00034743 1 -0.102991 -0.165842 0.05 38486.5
0 3710 2 phononL 0.000973601 -1.83179 -1.47977 0.0192913 7502 0.00034743 1 -0.0441765 -0.242288 0.05 59167.4
0 3722 3 phononTF 0.00194381 -1.16246 -3.39697 0.00555111 2862.41 0.00034743 1 -0.075986 -0.134243 0.05 11344.7
0 3749 3 phononTF 0.00192756 -1.52602 -1.90437 0.0136784 2776.26 0.00034743 1 -0.0464559 -0.272731 0.05 7187.95
0 3749 4 phononL 0.000944971 -0.0464559 -0.272731 0.049999 7187.95 0.00069486 1 -0.0269566 -0.138599 0.05 7310.54
0 3776 2 phononTF 0.00194897 -1.9062 -2.47501 0.0490805 227.818 0.00034743 1 0.0656931 -0.154999 0.05 5834.83
0 3819 3 phononTF 0.00245487 -4.04332 -1.62848 0.0278233 8462.56 0.00034743 1 0.0860624 -0.265208 0.05 14016
0 3836 4 phononTS 0.000695414 -0.344385 0.0766671 0.049999 22409.1 0.00034743 1 -0.068835 -0.200784 0.05 23614.4
0 3844 5 phononTF 0.00135633 -2.0818 -2.25911 0.0364686 8663.58 0.00034743 1 0.0707575 -0.216005 0.05 38587.8
0 3876 5 phononTS 0.00144508 0.364816 -1.44573 -0.026005 17883.7 0.00034743 1 0.0596033 -0.131786 0.05 109751
0 3876 8 phononTS 0.000539319 0.0596033 -0.131786 0.049998 109751 0.00034743 1 0.0725217 -0.148341 0.05 109814
0 3891 3 phononTS 0.00247962 -2.20837 -1.23023 0.015699 891.121 0.00034743 1 -0.0833143 -0.264621 0.05 11590.6
0 3906 3 phononTS 0.00169849 -1.78695 -0.06135 -0.00915705 3897.59 0.00034743 1 0.0590602 -0.208003 0.05 6560.82
0 3906 2 phononTF 0.00230151 -1.78695 -0.06135 -0.00915705 3897.59 0.00034743 1 0.02418 -0.127176 0.05 8725.56
0 3923 5 phononTF 0.00096925 -2.48831 -2.80665 0.0168695 32500.9 0.00034743 1 0.0722847 -0.245371 0.05 51862.3
0 3950 6 phononTS 0.000687193 -0.877439 -0.467837 0.024535 89388 0.00034743 1 0.0335305 -0.266271 0.05 91817
0 3981 3 phononTF 0.00108432 -1.22242 -1.89602 -0.0307739 6016.77 0.00034743 1 0.0442126 -0.273179 0.05 36535.2
0 4005 5 phononTF 0.00128052 -1.55769 -2.75792 0.0158677 8958.03 0.00034743 1 0.0714889 -0.209397 0.05 22735.3
0 4005 7 phononL 0.00064827 0.0714889 -0.209397 0.049999 22735.3 0.00034743 1 -0.0564329 -0.15982 0.05 22786.1
0 4013 5 phononTS 0.00126423 0.161475 -1.39401 -0.036523 10803.7 0.00034743 1 0.100065 -0.138034 0.05 12558.7
0 4015 2 phononL 0.00193674 -1.88783 -2.35802 -0.0427636 1436.36 0.00104229 1 -0.0516736 -0.215092 0.05 35772.7
0 4016 2 phononTS 0.00127283 0.130325 -3.59201 -0.037605 5987.36 0.00034743 1 -0.0278144 -0.237534 0.05 24601.7
0 4018 3 phononTF 0.00233244 -1.00675 -1.81291 0.0342639 9603.25 0.00069486 1 0.0343549 -0.215728 0.05 12811.5
0 4020 2 phononL 0.00135685 -2.14294 -1.77053 0.00458238 817.107 0.00034743 1 0.0604751 -0.127572 0.05 48506.8
0 4020 5 phononTS 0.000476404 0.0604751 -0.127572 0.049999 48506.8 0.00034743 1 -0.103538 -0.180203 0.05 48604.7
0 4021 3 phononTF 0.00193864 -1.01708 -1.74659 0.0212279 4677.33 0.00034743 1 -0.0981996 -0.208062 0.05 26289.6
0 4031 3 phononTF 0.00167416 -2.73967 -2.54341 -0.0100263 2835.06 0.00069486 1 -0.0407875 -0.154924 0.05 20705.1
0 4032 2 phononTF 0.00199623 -1.73968 -2.24574 0.0157294 3.6521 0.00069486 1 -0.0374131 -0.277544 0.05 31113.7
0 4032 10 phononTF 0.000459533 -0.0374131 -0.277544 0.049998 31113.7 0.00034743 1 0.113389 -0.195633 0.05 31866.7
0 4039 2 phononTS 0.00199173 -2.34441 -3.94485 0.0450126 7972.4 0.00034743 1 0.048749 -0.295626 0.05 15912.9
0 4039 4 phononL 0.000876954 0.048749 -0.295626 0.049999 15912.9 0.00034743 1 -0.0598472 -0.124502 0.05 16310.4
0 4104 5 phononTS 0.00145216 1.52083 1.3646 -0.0453403 13778.7 0.00034743 1 -0.0911488 -0.265981 0.05 18847.8
0 4104 6 phononTS 0.000569501 -0.0911488 -0.265981 0.049999 18847.8 0.00034743 1 -0.0697525 -0.259021 0.05 18917.6
0 4173 3 phononTS 0.00214081 -2.11678 -2.01752 -0.0266943 8260.77 0.00104229 1 0.0564392 -0.230281 0.05 27476
0 4187 3 phononTS 0.00304253 -1.34613 -2.17334 -0.008641 223.395 0.00034743 1 0.0286954 -0.287455 0.05 13971.2
0 4205 3 phononTF 0.00262697 -0.998394 -2.82152 -0.0321515 7036.85 0.00034743 1 0.022197 -0.263043 0.05 51809.9
0 4235 5 phononTS 0.00169214 -1.00017 -4.33869 0.00455338 10544.2 0.00034743 1 0.0306665 -0.14144 0.05 125329
0 4238 3 phononTF 0.00175047 -0.96564 -2.47268 0.0239848 7667.76 0.00034743 1 -0.0411081 -0.0984523 0.05 174309
0 4308 3 phononL 0.00271179 -1.24645 -0.835156 0.0249132 3133.37 0.00034743 1 -0.0461119 -0.241468 0.05 7621.22
0 4327 3 phononL 0.00178599 -0.929398 -3.15182 0.00204448 24631.2 0.00104229 1 0.06043 -0.148841 0.05 64714
0 4358 3 phononL 0.00131226 -1.36005 -2.48573 0.0238622 6484.61 0.00034743 1 0.0838106 -0.128708 0.05 69578.7
0 4371 3 phononTS 0.00357085 -2.21135 -1.67948 0.0269158 2382.43 0.00069486 1 -0.103102 -0.152619 0.05 9510.95
0 4384 3 phononTF 0.00274806 -1.87712 -2.15251 -0.0341428 5507.23 0.00104229 1 0.0305575 -0.270309 0.05 17027.4
0 4384 4 phononTS 0.000461634 0.0305575 -0.270309 0.049999 17027.4 0.00034743 1 -0.0555588 -0.263178 0.05 17160.6
0 4410 4 phononL 0.00143609 -3.14702 4.33421 0.00679591 16122.8 0.00069486 1 0.0456818 -0.290476 0.05 55128.2
0 4411 2 phononTS 0.00166426 -1.88458 -0.925408 0.0118913 6622.29 0.00034743 1 0.0330124 -0.243848 0.05 10519.8
0 4426 3 phononL 0.00197792 -1.86577 -2.8503 -0.0347593 2045.35 0.00104229 1 -0.0520814 -0.105245 0.05 17564.4
0 4462 3 phononTF 0.00205974 -0.671384 -4.43194 -0.0143766 14623.9 0.00069486 1 0.0329219 -0.126348 0.05 19950.2
0 4462 9 phononTS 0.000636082 0.0329219 -0.126348 0.049999 19950.2 0.00034743 1 0.0369026 -0.266699 0.05 20141.3
0 4478 2 phononTF 0.00180205 -1.79412 -2.11037 0.0202798 47.6644 0.00034743 1 -0.112342 -0.208769 0.05 4705.47
0 4491 5 phononTF 0.00125398 3.02412 3.7838 0.0128474 53301.4 0.00034743 1 0.0155032 -0.209461 0.05 83860.5
0 4492 1 phononTS 0.004 -1.75 -2.25 0 0 0.00138972 1 -0.0589198 -0.210379 0.05 6664.35
0 4492 3 phononTS 0.000369267 -0.0589198 -0.210379 0.049998 6664.35 0.00034743 1 -0.0471419 -0.220535 0.05 6733.9
0 4505 2 phononTS 0.00186304 -0.853033 -2.1889 0.0274696 3239.79 0.00034743 1 0.0328827 -0.264056 0.05 79486.3
0 4518 1 phononTS 0.004 -1.75 -2.25 0 0 0.00138972 1 0.0264132 -0.20863 0.05 4552.87
0 4518 14 phononTF 0.000622994 0.0264132 -0.20863 0.049999 4552.87 0.00034743 1 0.0451475 -0.242545 0.05 4624.17
0 4531 4 phononTS 0.00171231 -0.326358 -1.1604 -0.0195745 1356.58 0.00034743 1 0.0700821 -0.231834 0.05 61240.5
0 4532 5 phononTS 0.00175469 -2.3548 -3.37109 -0.00190568 12591 0.00069486 1 0.0556447 -0.153078 0.05 38693.6
0 4562 3 phononL 0.00231793 -1.2174 -1.41439 0.0421734 2800.4 0.00104229 1 -0.0681459 -0.135282 0.05 6780.1
0 4595 3 phononTF 0.0023113 -3.12624 -3.9674 -0.0491572 4443.23 0.00104229 1 -0.086084 -0.188997 0.05 18743.1
0 4604 2 phononTS 0.0011939 -2.03666 -0.591318 0.0469093 11697.6 0.00034743 1 -0.0726294 -0.227559 0.05 15375.5
0 4623 5 phononTS 0.00152064 1.25799 -3.5217 0.00889904 14247.2 0.00034743 1 -0.0415498 -0.160223 0.05 23577.8
0 4623 6 phononTS 0.00115659 -0.0415498 -0.160223 0.049999 23577.8 0.00034743 1 -0.114123 -0.21758 0.05 23651.7
0 4629 4 phononL 0.000846171 -4.17509 -1.5881 -0.0231464 8659.25 0.00034743 1 -0.0482472 -0.208562 0.05 20966.6
0 4640 3 phononTS 0.00147989 -2.77285 -2.15672 0.0176217 9024.01 0.00034743 1 0.0850249 -0.132578 0.05 153384
0 4665 5 phononTS 0.000830646 -2.66687 -2.85085 0.0202526 39193.3 0.00034743 1 0.111356 -0.205332 0.05 87325.6
0 4665 4 phononTF 0.00155078 -2.66687 -2.85085 0.0202526 39193.3 0.00034743 1 -0.0147008 -0.210134 0.05 56369.6
0 4688 3 phononTF 0.00289913 -1.09958 -1.8795 0.0368844 1010.09 0.00034743 1 0.0184961 -0.162409 0.05 5418.53
0 4698 4 phononTS 0.0022159 -3.04807 -2.25947 -0.005753 7042.68 0.00034743 1 -0.0476937 -0.105087 0.05 36420.5
0 4708 2 phononL 0.00147021 -2.40992 -1.25346 0.00496211 5194.3 0.00034743 1 0.0407208 -0.177708 0.05 86047.9
0 4720 1 phononL 0.004 -1.75 -2.25 0 0 0.00069486 1 -0.0511686 -0.177728 0.05 5983.35
0 4722 3 phononTF 0.00149104 -2.61813 -4.30658 -0.0413616 4416.67 0.00034743 1 -0.0917691 -0.186619 0.05 18629.2
0 4735 3 phononTS 0.00251536 0.810559 -2.12903 -0.0498407 5928.46 0.00069486 1 -0.0294272 -0.224509 0.05 44692.9
0 4740 2 phononTF 0.00219528 -1.1484 -2.37749 -0.0470839 992.588 0.00034743 1 -0.0645981 -0.285954 0.05 3642.08
0 4740 4 phononL 0.000651259 -0.0645981 -0.285954 0.049999 3642.08 0.00034743 1 -0.0874098 -0.247893 0.05 3692.9
0 4749 2 phononTS 0.00127026 -1.46099 -2.28592 0.0195054 1710.08 0.00034743 1 0.0925942 -0.238015 0.05 6912.53
0 4750 7 phononTS 0.00124502 -0.1198 -2.37967 -0.0469468 11828.8 0.00034743 1 0.0639086 -0.104484 0.05 19226
0 4750 8 phononTS 0.000569876 0.0639086 -0.104484 0.049999 19226 0.00034743 1 0.0503417 -0.192426 0.05 20304.8
0 4751 2 phononL 0.00239312 -0.886136 -3.76525 -0.038782 10738 0.00069486 1 -0.114535 -0.210518 0.05 17852.8
0 4751 4 phononTS 0.00127715 -0.114535 -0.210518 0.049999 17852.8 0.00069486 1 0.104795 -0.246057 0.05 18577.4
0 4769 3 phononTF 0.00156017 -1.83133 -2.01931 0.0256913 241.69 0.00034743 1 0.023416 -0.145128 0.05 34328.1
0 4769 5 phononL 0.000448054 0.023416 -0.145128 0.049999 34328.1 0.00034743 1 0.0147802 -0.189652 0.05 34443.9
0 4797 2 phononTS 0.00265073 -1.67265 -2.49136 -0.0389951 2147.18 0.00069486 1 0.0801541 -0.232968 0.05 52095
0 4810 3 phononTS 0.00156917 -1.17893 -2.46664 -0.0047394 5426.96 0.00034743 1 0.0318291 -0.272059 0.05 12285.4
0 4850 5 phononTS 0.000967239 0.747406 3.98336 0.0337759 56101 0.00069486 1 0.0227931 -0.185422 0.05 64023.5
0 4870 2 phononTF 0.00160803 -2.23951 -2.5128 0.00964112 224.744 0.00034743 1 0.10488 -0.163585 0.05 19475.7
0 4890 3 phononL 0.00204194 -0.594394 -2.60766 0.0222376 3205.78 0.00034743 1 0.118873 -0.195231 0.05 17004
0 4935 5 phononTF 0.00181882 1.05286 -0.674707 0.0340705 15753.6 0.00034743 1 -0.0261931 -0.139348 0.05 85685.6
0 4990 2 phononTS 0.00172281 -1.71104 -2.41866 0.0359352 914.629 0.00069486 1 -0.101894 -0.14837 0.05 30355.2
