Run ID,Event ID,Track ID,Particle Name,Start Energy [eV],Start X [mm],Start Y [mm],Start Z [mm],Start Time [ns],Energy Deposited [eV],Track Weight,End X [mm],End Y [mm],End Z [mm],Final Time [ns],Volume Name
0 31 7 phononTF 0.000685876 -2.95146 -0.339254 -0.0261264 54674 0.00034743 1 -0.021782 -0.135304 0.05 119357
0 47 2 phononTF 0.000675283 -3.31163 2.76506 -0.0242468 501.061 0.00034743 1 -0.0611282 -0.12173 0.05 28335.4
0 52 4 phononTF 0.00110266 -1.89433 2.84029 -0.0201652 12383 0.00034743 1 -0.0445363 -0.186002 0.05 106748
0 96 3 phononTS 0.00257724 -3.37688 2.84623 0.0446537 1708.95 0.00034743 1 -0.0522343 -0.0998711 0.05 11251.7
0 128 3 phononL 0.00133756 -0.987929 4.80945 -0.0108907 6398.68 0.00034743 1 -0.0907336 -0.252008 0.05 24813.5
0 142 3 phononTS 0.00234002 -2.90065 2.06409 0.00950605 491.591 0.00034743 1 -0.0535108 -0.191189 0.05 36966.6
0 148 5 phononL 0.000505513 -1.96307 0.061422 0.049999 14335.2 0.00034743 1 -0.0125923 -0.196367 0.05 21324.2
0 171 2 phononTF 0.00154144 -3.57879 2.51925 0.0205793 862.947 0.00034743 1 0.0677785 -0.230927 0.05 31942.9
0 171 6 phononTF 0.0010522 0.0677785 -0.230927 0.049999 31942.9 0.00034743 1 -0.0915237 -0.205948 0.05 32453.9
0 175 4 phononTS 0.00110728 -4.60992 0.88154 -0.0479637 27933.5 0.00069486 1 -0.0371029 -0.130306 0.05 46894.8
0 189 3 phononTS 0.00161718 -3.089 2.07089 -0.0282283 2119.94 0.00034743 1 -0.0491131 -0.286299 0.05 8811.32
0 205 4 phononTF 0.00142243 -1.19363 1.74068 0.0251785 77053.4 0.00034743 1 0.0215111 -0.170548 0.05 82778.1
0 213 3 phononTS 0.00248984 -4.99174 3.39741 -0.0353482 7121.59 0.00104229 1 -0.111339 -0.20297 0.05 21635.6
0 215 3 phononTS 0.0023392 -3.54153 3.22025 -0.0389279 2544.97 0.00104229 1 0.0376987 -0.134995 0.05 28904.2
0 241 2 phononTS 0.00192298 -2.68292 2.69204 -0.0487799 826.927 0.00104229 1 0.0641979 -0.182949 0.05 12384.6
0 257 2 phononTF 0.0016236 -4.80793 2.45349 -0.0348231 10122.4 0.00034743 1 -0.038698 -0.128061 0.05 140757
0 276 4 phononL 0.00172807 0.128152 -1.03407 0.0267741 26244.7 0.00034743 1 0.0905207 -0.170196 0.05 137831
0 276 7 phononL 0.000744545 0.0905207 -0.170196 0.049999 137831 0.00034743 1 0.0621707 -0.150632 0.05 137883
0 293 2 phononTS 0.00165201 -3.01975 2.26818 0.0383385 5628.04 0.00069486 1 -0.108871 -0.243593 0.05 57583.2
0 302 5 phononTS 0.00153478 -0.946564 0.477111 -0.0235654 16001.9 0.00034743 1 -0.099072 -0.169088 0.05 33206.2
0 309 4 phononTF 0.00125303 -3.27288 4.96973 -0.0107039 18404.6 0.00034743 1 0.0367969 -0.124848 0.05 120367
0 326 2 phononTS 0.00186218 -1.9944 3.93298 0.0186653 6312.03 0.00034743 1 0.0834844 -0.281385 0.05 18082
0 371 3 phononL 0.00139883 -3.32659 4.89893 0.0234152 6006.46 0.00034743 1 -0.0534641 -0.156366 0.05 66263.7
0 400 3 phononTS 0.0019667 -4.63254 4.01916 0.0465691 3534 0.00034743 1 0.0839343 -0.257549 0.05 47150.4
0 400 5 phononTF 0.00102675 0.0839343 -0.257549 0.049999 47150.4 0.00069486 1 0.106759 -0.183772 0.05 54441.3
0 418 2 phononL 0.00243934 -2.17731 3.43224 -0.00256323 4253.27 0.00034743 1 -0.0821238 -0.273112 0.05 12055.6
0 423 3 phononTS 0.00258325 -3.88985 2.41162 0.010949 6979.11 0.00069486 1 -0.0829418 -0.276409 0.05 41859.4
0 423 4 phononTF 0.0011429 -0.0829418 -0.276409 0.049999 41859.4 0.00034743 1 -0.065256 -0.214687 0.05 41921.3
0 455 5 phononTF 0.000944893 -2.93903 2.02438 0.0235959 15579.8 0.00034743 1 0.0961481 -0.225557 0.05 63149.5
0 483 3 phononL 0.00243501 -2.36276 1.58281 0.0470706 2318.82 0.00069486 1 -0.065527 -0.107113 0.05 38551.2
0 491 3 phononTS 0.00202751 -1.81053 2.46934 -0.0476932 27013.1 0.00034743 1 0.116019 -0.187015 0.05 37564
0 515 3 phononL 0.00227573 -2.48531 3.99967 0.0424978 7656.02 0.00034743 1 0.103227 -0.208827 0.05 42210.1
0 529 2 phononL 0.00239958 -3.85169 1.3326 0.0269672 3923.13 0.00069486 1 0.0886232 -0.16823 0.05 16886.9
0 548 2 phononL 0.00165829 -4.07228 3.72195 -0.0471446 8840.85 0.00034743 1 -0.0541504 -0.161419 0.05 28222.1
0 549 2 phononTF 0.00156541 -4.29823 3.45179 0.037077 1831.54 0.00069486 1 -0.0362474 -0.176605 0.05 5127.23
0 550 3 phononTF 0.00204961 -4.44924 3.08783 0.0260134 24694.6 0.00069486 1 0.104931 -0.176147 0.05 49764.9
0 612 4 phononTF 0.000679457 -3.37841 3.01309 -0.0470446 544.739 0.00034743 1 0.0523219 -0.290356 0.05 160296
0 622 4 phononTS 0.00144136 -1.48152 -3.03888 0.0361531 59347.6 0.00034743 1 -0.0849673 -0.152831 0.05 75080.5
0 626 3 phononTF 0.0022773 -2.85528 4.00712 0.0463794 4044.77 0.00069486 1 0.0495502 -0.255637 0.05 33926.2
0 629 3 phononTF 0.00259757 -1.87775 0.747947 0.0092683 10363.8 0.00069486 1 -0.0753669 -0.213322 0.05 38093
0 644 2 phononTS 0.00189473 -2.52615 0.599653 -0.00099522 14741.4 0.00069486 1 0.0676499 -0.233674 0.05 42201.9
0 701 3 phononTS 0.00212603 -4.62452 2.2401 -0.0356369 2492.3 0.00034743 1 -0.0422733 -0.171916 0.05 47499.3
0 711 2 phononTF 0.00182899 -3.05941 2.55048 0.0190598 203.624 0.00034743 1 -0.0811279 -0.180659 0.05 4667.79
0 754 2 phononTS 0.0013776 -3.89753 2.36681 -0.0244457 602.635 0.00034743 1 0.0328757 -0.117139 0.05 8541.39
0 790 4 phononTS 0.00127887 -4.96564 -4.61386 -0.00319336 36419.6 0.00069486 1 0.0566353 -0.265589 0.05 87312.5
0 790 8 phononTF 0.000387559 0.0566353 -0.265589 0.049999 87312.5 0.00034743 1 -0.00981915 -0.202069 0.05 87379.2
0 852 4 phononTS 0.000586876 0.619675 0.0288594 -0.024503 36229.5 0.00034743 1 -0.0394543 -0.179974 0.05 37454.7
0 863 3 phononTF 0.00207218 -3.30093 2.80032 -0.0408684 15.0404 0.00069486 1 0.0207084 -0.262564 0.05 47010.7
0 869 2 phononTF 0.00166774 -2.95312 1.43828 -0.0461576 4441.59 0.00104229 1 0.0683238 -0.222617 0.05 31399.7
0 879 2 phononTS 0.00190809 -3.28898 2.71446 -0.0408432 1865.08 0.00034743 1 0.0891455 -0.265142 0.05 36896.6
0 895 4 phononTS 0.000589194 -3.05258 -1.1071 0.0142706 14629.3 0.00034743 1 -0.0660203 -0.24105 0.05 18054
0 908 3 phononTF 0.00207232 -3.49418 2.91186 0.0218311 918.162 0.00034743 1 0.0994906 -0.162097 0.05 19599.7
0 908 6 phononTF 0.000484349 0.0994906 -0.162097 0.049998 19599.7 0.00034743 1 0.0990146 -0.156544 0.05 19663.8
0 908 4 phononTF 0.000899815 0.0994906 -0.162097 0.049998 19599.7 0.00034743 1 -0.0652209 -0.152691 0.05 19676.1
0 1049 5 phononL 0.00090387 -0.157474 -2.49683 0.0403151 7055.5 0.00034743 1 -0.0297762 -0.157798 0.05 13681.6
0 1074 3 phononTS 0.00215792 -2.61979 4.9172 0.0322121 11238 0.00138972 1 -0.0634664 -0.154032 0.05 27400.2
0 1115 2 phononTS 0.00274303 -3.78482 3.2941 -0.0425246 10381.3 0.00104229 1 0.0279245 -0.183176 0.05 42935.1
0 1122 3 phononTS 0.00195154 -3.21905 2.72062 0.0290361 51.4918 0.00069486 1 0.0300476 -0.173857 0.05 27740.7
0 1122 7 phononTS 0.000413599 0.0300476 -0.173857 0.049999 27740.7 0.00034743 1 0.111895 -0.200533 0.05 29191.9
0 1138 3 phononL 0.00195316 1.33179 2.81189 0.00320789 20432 0.00034743 1 0.0813837 -0.277709 0.05 35678.2
0 1140 3 phononTS 0.00188878 -4.81875 1.72606 -0.0484611 14038.2 0.00034743 1 0.0849133 -0.186471 0.05 22458
0 1140 5 phononTF 0.000374521 0.0849133 -0.186471 0.049999 22458 0.00034743 1 -0.0206067 -0.236446 0.05 23214.3
0 1203 3 phononL 0.000813881 -3.43464 2.70471 0.0207962 704.021 0.00034743 1 -0.0250936 -0.257759 0.05 106204
0 1220 4 phononTF 0.000787521 -4.26378 -0.981959 -0.0419286 8761.1 0.00034743 1 -0.0164691 -0.188636 0.05 14301.2
0 1280 2 phononTS 0.00180712 -3.98779 3.15868 0.0349979 3496.75 0.00034743 1 -0.031096 -0.244093 0.05 18943.8
0 1280 4 phononTF 0.000902546 -0.031096 -0.244093 0.049999 18943.8 0.00034743 1 0.0253544 -0.158992 0.05 22396
0 1299 2 phononL 0.00133127 -2.24132 2.67988 -0.0263208 1770.06 0.00034743 1 -0.0849517 -0.1743 0.05 22973.1
0 1346 5 phononTF 0.00229071 -0.00278702 0.0320588 -0.0493262 32527.3 0.00104229 1 -0.0352483 -0.098155 0.05 32794.6
0 1376 3 phononTS 0.00249185 -2.94014 1.9728 0.0444527 464.572 0.00069486 1 0.0921075 -0.210358 0.05 16066.6
0 1443 3 phononL 0.00267226 -3.63464 1.74157 -0.0149518 3529.04 0.00069486 1 0.0748899 -0.232933 0.05 13293.4
0 1443 5 phononTS 0.00159661 0.0748899 -0.232933 0.049999 13293.4 0.00034743 1 0.0435145 -0.21679 0.05 13356.3
0 1472 2 phononTS 0.00247809 -3.27407 2.10488 -0.0337015 5860.64 0.00034743 1 0.0831675 -0.132033 0.05 61849.2
0 1474 3 phononL 0.000821911 -1.42396 0.0784664 0.049999 11492.3 0.00034743 1 -0.092501 -0.184828 0.05 12311.6
0 1526 5 phononTF 0.0013229 0.857418 3.21088 0.0386513 41601.7 0.00069486 1 -0.0649698 -0.258461 0.05 53902.3
0 1530 5 phononTF 0.000997584 -2.85668 1.64932 0.0379612 6940.64 0.00034743 1 0.0869973 -0.202535 0.05 12074.3
0 1531 3 phononTS 0.00220447 -2.65363 3.95574 -0.0209936 4003.61 0.00034743 1 -0.0484384 -0.151491 0.05 32135
0 1531 4 phononTS 0.00111045 -0.0484384 -0.151491 0.049999 32135 0.00069486 1 -0.0693976 -0.226341 0.05 34411.3
0 1551 2 phononTF 0.00273143 -3.36339 3.3562 -0.0496464 6191.39 0.00069486 1 0.108084 -0.1692 0.05 18516.3
0 1551 8 phononTS 0.00105035 0.108084 -0.1692 0.049999 18516.3 0.00034743 1 -0.0297329 -0.0950269 0.05 18795.4
0 1573 3 phononTF 0.00152795 -2.56649 2.01346 0.0106588 1823.23 0.00069486 1 -0.0705524 -0.267998 0.05 12989.1
0 1622 2 phononTS 0.00209591 -3.69147 1.85251 -0.0306252 2475.22 0.00069486 1 0.0397158 -0.171254 0.05 15186.5
0 1628 3 phononL 0.00185848 -3.23061 4.27222 -0.0444762 5220.73 0.00034743 1 0.0933015 -0.226137 0.05 55539.7
0 1629 3 phononTS 0.00200974 -4.40101 2.37498 0.0074446 1289.67 0.00069486 1 -0.0529405 -0.188333 0.05 25070.7
0 1629 2 phononTS 0.00199026 -4.40101 2.37498 0.0074446 1289.67 0.00069486 1 -0.0610465 -0.141123 0.05 15593.9
0 1630 2 phononTF 0.0025351 -2.74865 2.71402 -0.0311245 1273.45 0.00034743 1 -0.118557 -0.217223 0.05 56912.9
0 1630 4 phononL 0.00188907 -0.118557 -0.217223 0.049999 56912.9 0.00034743 1 -0.119631 -0.21022 0.05 58819.7
0 1640 3 phononTS 0.00125222 -3.03463 2.73586 0.0194976 399.572 0.00034743 1 0.109424 -0.196478 0.05 90809.9
0 1640 4 phononTS 0.000416505 0.109424 -0.196478 0.049999 90809.9 0.00034743 1 0.0775587 -0.203077 0.05 90873.7
0 1655 2 phononTF 0.00153493 -2.72617 4.64924 -0.00983814 7096.55 0.00069486 1 0.0734366 -0.288434 0.05 35979.6
0 1655 9 phononL 0.000465231 0.0734366 -0.288434 0.049999 35979.6 0.00034743 1 0.0267546 -0.219952 0.05 45134.2
0 1719 2 phononTS 0.00212414 -3.56216 2.10927 -0.0348931 2843.03 0.00034743 1 -0.0769039 -0.199217 0.05 63498
0 1753 2 phononTF 0.00040348 -3.91873 0.0238015 0.049999 2822.01 0.00034743 1 -0.068373 -0.13191 0.05 7677.45
0 1762 5 phononTS 0.00151418 -3.98857 4.37435 -0.0346203 8301.86 0.00069486 1 0.0419776 -0.252206 0.05 34292
0 1772 3 phononL 0.00179839 -3.06453 2.53403 0.0016506 1038.89 0.00138972 1 -0.0491768 -0.208493 0.05 66445.9
0 1810 3 phononTS 0.00170841 -3.38155 2.0448 0.0363925 1533.69 0.00069486 1 0.0604462 -0.292184 0.05 9415.83
0 1814 2 phononTS 0.0018473 -3.47191 2.46172 -0.0191509 1649.19 0.00034743 1 -0.0276737 -0.214613 0.05 64435
0 1824 3 phononTF 0.0022377 -2.77414 2.72887 -0.0324101 7855.66 0.00069486 1 -0.069031 -0.282509 0.05 42542.7
0 1842 3 phononTS 0.00115501 -4.43023 4.42644 -0.0194276 8759.6 0.00069486 1 0.0989137 -0.231132 0.05 39311.5
0 1880 3 phononTF 0.00153017 -2.60722 2.9305 -0.00732383 14538.7 0.00034743 1 -0.0443549 -0.156232 0.05 29044
0 1923 5 phononTS 0.000905477 -1.4205 3.76247 0.0478533 29332.1 0.00034743 1 -0.0834982 -0.178665 0.05 52755.8
0 1936 2 phononTF 0.00225796 -3.24077 2.75983 0.0117462 3.26625 0.00104229 1 0.018433 -0.182939 0.05 39252
0 1956 3 phononTF 0.0015152 -3.36305 2.8784 -0.0221875 216.795 0.00034743 1 -0.0415889 -0.140575 0.05 49420.7
0 2007 7 phononTS 0.00106111 1.62929 2.54283 -0.0037817 34375.5 0.00069486 1 -0.0535707 -0.298498 0.05 38846.7
0 2037 4 phononTF 0.000961556 -2.16961 2.11106 -0.0104529 12347.5 0.00034743 1 -0.0597474 -0.289195 0.05 23095.5
0 2037 6 phononTF 0.000393218 -0.0597474 -0.289195 0.049999 23095.5 0.00034743 1 -0.107218 -0.174194 0.05 24310.5
0 2039 2 phononTS 0.00240046 -3.26716 3.07881 -0.0262006 2496.99 0.00034743 1 -0.0311419 -0.128247 0.05 17214.7
0 2039 4 phononTF 0.00116294 -0.0311419 -0.128247 0.049999 17214.7 0.00069486 1 -0.0244767 -0.198518 0.05 17280.8
0 2044 2 phononTS 0.00165991 -3.51753 3.33731 0.0249601 1365.41 0.00069486 1 -0.0662426 -0.204094 0.05 11232.1
0 2044 10 phononTS 0.000536687 -0.0662426 -0.204094 0.049999 11232.1 0.00034743 1 -0.0231484 -0.268543 0.05 11304.6
0 2060 5 phononTF 0.000681696 4.73821 4.47696 0.0305302 37691.1 0.00034743 1 -0.107147 -0.235291 0.05 96313.4
0 2061 4 phononTF 0.0021129 -4.35438 2.97364 0.0460715 3549.73 0.00034743 1 -0.0339771 -0.167536 0.05 40177.1
0 2102 3 phononL 0.00232904 -3.09457 3.10827 0.0412601 930.133 0.00069486 1 -0.0666227 -0.148084 0.05 23542.9
0 2137 2 phononTS 0.00250527 -2.20887 2.19102 -0.0156907 4732.73 0.00069486 1 0.113086 -0.1663 0.05 9553.91
0 2137 7 phononTF 0.000419213 0.113086 -0.1663 0.049999 9553.91 0.00034743 1 -0.0765687 -0.233794 0.05 9772.2
0 2137 6 phononTF 0.00053834 0.113086 -0.1663 0.049999 9553.91 0.00034743 1 0.0536089 -0.144762 0.05 9629.21
0 2139 3 phononTS 0.00125756 -2.44369 1.85922 0.0295657 5016.17 0.00034743 1 0.0929521 -0.191538 0.05 32614.6
0 2145 2 phononTS 0.0016866 -3.12295 2.13255 0.0492576 604.867 0.00069486 1 -0.11394 -0.214896 0.05 51877.2
0 2154 2 phononTS 0.00200716 -3.34844 2.77025 0.00543656 54.2102 0.00069486 1 -0.0771924 -0.159812 0.05 15027.1
0 2208 2 phononTS 0.00125525 -2.92782 3.40493 0.0395845 11675.5 0.00069486 1 -0.0576478 -0.140564 0.05 38414.9
0 2213 2 phononTS 0.001497 -4.09326 2.58473 -0.040509 1607.04 0.00034743 1 -0.0390081 -0.102146 0.05 15396.8
0 2226 2 phononTF 0.00177068 -2.33577 3.17595 0.0102373 7930.29 0.00069486 1 0.0280707 -0.133806 0.05 95934.3
0 2288 2 phononTS 0.00198755 -3.65448 2.53853 0.0119698 1227.54 0.00034743 1 -0.0613617 -0.180655 0.05 39951.1
0 2347 3 phononL 0.00132761 -3.70515 2.71916 0.0178631 1457.11 0.00034743 1 -0.0729279 -0.262871 0.05 81724.7
0 2347 6 phononTF 0.000608669 -0.0729279 -0.262871 0.049999 81724.7 0.00034743 1 -0.0396868 -0.222616 0.05 81784.8
0 2391 3 phononTF 0.00179927 -4.44115 1.93545 0.0474879 6980.42 0.00069486 1 -0.049962 -0.25651 0.05 51286.9
0 2394 2 phononL 0.00164572 -3.23655 2.54434 0.0279731 635.524 0.00069486 1 0.0724364 -0.169402 0.05 63726
0 2394 8 phononTF 0.000569416 0.0724364 -0.169402 0.049999 63726 0.00034743 1 0.0130808 -0.181304 0.05 63894.4
0 2444 2 phononTS 0.00211693 -2.93067 1.30424 -0.0243074 4469.57 0.00034743 1 -0.0485724 -0.180719 0.05 21149.1
0 2455 2 phononTS 0.00108748 -3.59719 2.80724 0.00809374 569.299 0.00069486 1 -0.072742 -0.212494 0.05 27485.4
0 2456 2 phononTS 0.00189007 -4.23242 2.4051 0.0419569 7855.98 0.00034743 1 -0.0188558 -0.228164 0.05 49084.2
0 2456 5 phononTF 0.000599548 -0.0188558 -0.228164 0.049999 49084.2 0.00034743 1 -0.0916666 -0.235657 0.05 71242.3
0 2475 2 phononTF 0.00209123 -3.44829 1.00564 0.0132903 5730.74 0.00034743 1 0.0809438 -0.190166 0.05 89795.6
0 2479 2 phononTF 0.00131585 -3.162 2.45381 -0.0172804 590.928 0.00034743 1 0.0243612 -0.149887 0.05 15678.3
0 2480 2 phononTF 0.00138199 -3.69868 1.94163 -0.0169502 7121.59 0.00034743 1 0.0765938 -0.160325 0.05 24465.9
0 2574 3 phononTF 0.0019381 -3.66063 1.80622 0.00248698 3144.68 0.00069486 1 0.0841012 -0.201295 0.05 19917.2
0 2586 2 phononTS 0.00222306 -3.03161 2.75184 0.0473643 2427.6 0.00034743 1 -0.0294148 -0.299878 0.05 19360.4
0 2586 4 phononTF 0.000916256 -0.0294148 -0.299878 0.049999 19360.4 0.00034743 1 0.101011 -0.220281 0.05 19874.8
0 2587 5 phononTS 0.00179539 -3.85792 2.89973 0.00346377 4864.42 0.00034743 1 -0.0270486 -0.214767 0.05 66734.9
0 2594 2 phononTF 0.00214096 -2.61235 2.04921 -0.0278073 5409.39 0.00069486 1 -0.0748808 -0.139919 0.05 7876.22
0 2622 2 phononTS 0.000911067 -3.20052 3.54212 -0.0483444 1966.51 0.00034743 1 0.0657729 -0.197805 0.05 10405.3
0 2627 2 phononTF 0.00123571 -2.57386 2.60954 0.0367126 3831.1 0.00034743 1 -0.00943907 -0.201833 0.05 56731.6
0 2650 2 phononTF 0.00240789 -3.27812 2.74091 0.00197582 45.1741 0.00034743 1 -0.0741044 -0.272116 0.05 29353.2
0 2678 3 phononTS 0.00131162 -3.08026 1.36534 0.0375157 2499.8 0.00034743 1 0.0242187 -0.173455 0.05 97803.6
0 2730 2 phononL 0.00136061 -3.66575 2.43267 0.0112531 976.816 0.00034743 1 0.0987051 -0.166901 0.05 11564.5
0 2795 4 phononTS 0.00141778 2.7158 3.57547 0.00423906 37519.2 0.00034743 1 0.0575058 -0.187586 0.05 56448.7
0 2795 6 phononTF 0.000636596 0.0575058 -0.187586 0.049999 56448.7 0.00034743 1 -0.0549129 -0.124137 0.05 56574.1
0 2821 3 phononTS 0.00226523 -4.30962 1.93091 0.0119258 2058.75 0.00069486 1 0.0804844 -0.25836 0.05 17482.6
0 2836 2 phononTF 0.00035534 -3.60726 1.92176 0.00373174 14114.2 0.00034743 1 -0.0311641 -0.27778 0.05 28234
0 2892 2 phononL 0.00247819 -2.24753 4.22159 -0.0208015 33200.8 0.00034743 1 0.0504195 -0.265246 0.05 66393.6
0 2892 4 phononTF 0.000669825 0.0504195 -0.265246 0.049998 66393.6 0.00034743 1 -0.0364733 -0.201731 0.05 66601.1
0 2896 2 phononTS 0.00125696 -2.95944 3.44598 -0.0237465 2012.29 0.00034743 1 0.0744786 -0.177199 0.05 118489
0 2917 4 phononTS 0.00130669 -1.58048 1.76224 0.0285631 4612.52 0.00069486 1 0.0702367 -0.254026 0.05 24008.7
0 2930 4 phononTS 0.00216423 -0.229363 -1.15596 0.0051886 14973.2 0.00034743 1 -0.108045 -0.176527 0.05 18681.2
0 2937 5 phononTF 0.000999712 -0.872089 0.939891 -0.0160926 31978.5 0.00034743 1 0.036384 -0.274117 0.05 51379.7
0 2947 2 phononTS 0.00257982 -4.31101 2.69141 -0.0102771 753.005 0.00034743 1 -0.0762838 -0.129409 0.05 10301
0 2950 5 phononTS 0.00187885 -3.6478 3.81261 0.0361904 32443.3 0.00104229 1 0.0528818 -0.278102 0.05 48063.8
0 2953 2 phononTF 0.00131699 -2.54204 2.26731 0.0340656 6686.17 0.00034743 1 0.0252554 -0.190205 0.05 35327.7
0 2988 5 phononTF 0.00102303 3.87711 -2.37064 -0.0123622 20649.9 0.00069486 1 -0.0582903 -0.242458 0.05 58753.5
0 3001 5 phononTS 0.00125312 -4.53968 3.14106 -9.11568e-05 21453.8 0.00034743 1 0.065521 -0.21303 0.05 32329.6
0 3009 3 phononTS 0.0028408 -3.92407 2.19533 -0.0232762 11720.6 0.00069486 1 0.0529851 -0.234908 0.05 25032
0 3009 6 phononTF 0.000761744 0.0529851 -0.234908 0.049999 25032 0.00034743 1 -0.0584934 -0.250622 0.05 25102.6
0 3009 4 phononTS 0.00131431 0.0529851 -0.234908 0.049999 25032 0.00069486 1 0.0169193 -0.197374 0.05 25096.6
0 3018 3 phononTS 0.00255566 -3.15303 2.86944 -0.0353867 29.4932 0.00034743 1 0.0986454 -0.215145 0.05 52337.5
0 3018 4 phononTS 0.0012943 0.0986454 -0.215145 0.049999 52337.5 0.00069486 1 0.0553047 -0.230089 0.05 52402.6
0 3018 11 phononTS 0.000407061 0.0553047 -0.230089 0.049999 52402.6 0.00034743 1 0.0262807 -0.262052 0.05 52529.3
0 3027 2 phononTF 0.00172848 -2.91565 1.89158 -0.0245318 2541.8 0.00034743 1 0.0329681 -0.132197 0.05 66086
0 3060 2 phononTF 0.00259026 -2.73221 2.46077 -0.0195844 1676.28 0.00069486 1 0.029178 -0.133152 0.05 6411.9
0 3093 2 phononL 0.000857284 -1.55145 1.95698 -0.0356662 16818.3 0.00034743 1 -0.0413778 -0.206779 0.05 54021.1
0 3103 2 phononL 0.0016217 -3.323 2.36011 0.00839623 2880.3 0.00069486 1 -0.0716044 -0.234848 0.05 13039.5
0 3122 5 phononTF 0.000790975 -4.89291 -2.15408 0.0263429 16132.9 0.00034743 1 0.0899933 -0.224877 0.05 39216.2
0 3126 3 phononTF 0.00203491 0.365635 2.83234 0.0497664 16052.5 0.00034743 1 0.0444576 -0.133549 0.05 22449.1
0 3126 4 phononL 0.00093838 0.0444576 -0.133549 0.049999 22449.1 0.00034743 1 -0.0257806 -0.255919 0.05 28333.6
0 3126 15 phononTS 0.00114434 -0.286034 3.57692 -0.000503016 69822.4 0.00069486 1 -0.0830333 -0.26742 0.05 93378
0 3137 2 phononTS 0.00165615 -4.5904 2.97456 -0.00982242 5638.98 0.00034743 1 0.11233 -0.204297 0.05 27432.6
0 3140 3 phononL 0.00236064 -1.93508 2.5772 0.0454785 19807.2 0.00104229 1 -0.112149 -0.177945 0.05 24380.5
0 3153 2 phononTF 0.00207036 -3.77714 4.10578 0.0312715 17915.7 0.00069486 1 0.0475973 -0.155713 0.05 31796.9
0 3180 3 phononTS 0.00235906 -3.14466 2.48557 -0.036995 1505.76 0.00069486 1 0.0492187 -0.115174 0.05 18596.6
0 3201 3 phononTS 0.00240693 -3.08459 2.01946 0.0119517 2959.29 0.00069486 1 -0.0335919 -0.134914 0.05 12729.5
0 3253 3 phononTS 0.0015246 -4.96772 3.67028 0.0256865 20887.6 0.00034743 1 -0.0739438 -0.257651 0.05 28683.5
0 3265 3 phononTS 0.00122979 -3.018 2.80786 -0.000530859 105.299 0.00034743 1 0.0888401 -0.274569 0.05 29782.5
0 3265 5 phononTF 0.000827128 0.0888401 -0.274569 0.049999 29782.5 0.00034743 1 0.0277496 -0.278174 0.05 29844.7
0 3278 3 phononTS 0.00208918 -1.37299 4.14325 -0.0483681 3711.21 0.00104229 1 0.0330605 -0.304384 0.05 11423.4
0 3308 2 phononL 0.00168253 -4.221 2.94331 -0.00593311 2326.38 0.00034743 1 0.0693906 -0.195196 0.05 50518.4
0 3328 4 phononTS 0.00164986 -2.4305 -0.549303 -0.0384706 57295.1 0.00069486 1 -0.0356185 -0.104633 0.05 61572.4
0 3383 2 phononTF 0.000818454 -1.39364 1.01825 0.00749513 10402.9 0.00034743 1 0.0544671 -0.156014 0.05 42949.4
0 3392 2 phononTS 0.00125459 -4.53377 3.23194 -0.0190483 1428.84 0.00034743 1 -0.037982 -0.132538 0.05 24781.9
0 3413 3 phononTS 0.00142452 -0.280471 2.04626 -0.00148715 15681.6 0.00034743 1 0.0644149 -0.222043 0.05 16965.6
0 3419 2 phononTF 0.00106568 -2.70565 3.48892 0.0152084 9268.03 0.00034743 1 -0.00955961 -0.20756 0.05 12971.9
0 3426 2 phononTF 0.00118802 -1.31708 4.17765 -0.0499573 13343.3 0.00034743 1 0.0568723 -0.258181 0.05 47869.4
0 3483 3 phononL 0.00227085 -0.938595 1.82041 -0.0243629 8028.8 0.00034743 1 0.106043 -0.178965 0.05 14573.1
0 3488 5 phononTF 0.00108033 -1.08928 -2.21597 -0.0298529 8136.36 0.00034743 1 0.113538 -0.177896 0.05 35894
0 3519 2 phononL 0.00243881 -2.62477 3.45575 0.042095 2721.92 0.00173715 1 0.0392858 -0.154642 0.05 30672.8
0 3560 5 phononTS 0.00222207 -3.74215 4.06025 -0.0379251 22547.5 0.00034743 1 0.0972027 -0.199895 0.05 29928.7
0 3560 8 phononTS 0.00124732 0.0972027 -0.199895 0.049999 29928.7 0.00034743 1 -0.0744816 -0.201647 0.05 30180.3
0 3560 11 phononTF 0.000592515 -0.0744816 -0.201647 0.049999 30180.3 0.00034743 1 -0.0382525 -0.278455 0.05 30251.6
0 3569 2 phononTS 0.00119957 -3.20741 2.56107 0.0181228 114.685 0.00034743 1 0.0956505 -0.186251 0.05 39287.8
0 3581 4 phononTS 0.00142183 -2.65473 4.3516 -0.00501999 16961.5 0.00034743 1 -0.0743515 -0.125495 0.05 140287
0 3587 2 phononL 0.000733672 -3.29302 3.61315 -0.0405784 15733.1 0.00034743 1 0.045577 -0.262003 0.05 55140.2
0 3594 3 phononTS 0.00199866 -2.96114 2.78932 -0.0131698 12164.2 0.00034743 1 -0.108127 -0.22795 0.05 115242
0 3603 2 phononTS 0.0016506 -3.93843 2.70311 0.0365478 1417.61 0.00034743 1 -0.0227738 -0.157922 0.05 7976.13
0 3615 2 phononL 0.00107278 -3.65353 2.42128 -0.00507175 4410.98 0.00034743 1 -0.0853426 -0.232886 0.05 45920
0 3640 3 phononTS 0.00149141 -3.68908 2.57102 0.0169051 2137.34 0.00034743 1 0.0291201 -0.267107 0.05 14917
0 3640 5 phononTS 0.00071845 0.0291201 -0.267107 0.049999 14917 0.00069486 1 -0.0481751 -0.154243 0.05 15000.6
0 3666 2 phononTF 0.00220867 -3.1787 2.69713 0.00265225 557.993 0.00034743 1 -0.0857514 -0.218407 0.05 14194.1
0 3711 3 phononTF 0.00120061 -3.6722 2.77324 -0.0233478 4107.65 0.00069486 1 -0.0254075 -0.24138 0.05 12852.2
0 3729 2 phononTS 0.0022872 -1.93106 2.89888 -0.0412723 9057.7 0.00069486 1 -0.0288474 -0.275656 0.05 36844.8
0 3784 3 phononTS 0.00142428 -4.63164 2.43468 -0.0315057 5188.23 0.00034743 1 -0.0896703 -0.22763 0.05 11555.1
0 3784 5 phononTS 0.00036018 -0.0896703 -0.22763 0.049999 11555.1 0.00034743 1 -0.0992389 -0.221662 0.05 11611.6
0 3787 5 phononTF 0.00102424 -0.848498 4.48236 -0.038786 9172.25 0.00034743 1 -0.0418121 -0.219575 0.05 27593
0 3811 3 phononTS 0.00185618 -4.00155 2.65933 0.0381992 5020.46 0.00104229 1 0.0363885 -0.221598 0.05 15073.3
0 3839 2 phononTF 0.00250015 -2.03324 2.72277 0.0298147 7299.87 0.00034743 1 -0.0421442 -0.113074 0.05 15611.4
0 3841 2 phononL 0.00142985 -3.60845 3.41649 -0.00559484 1539.77 0.00034743 1 0.055885 -0.293515 0.05 86056.4
0 3841 8 phononTS 0.00056559 0.055885 -0.293515 0.049999 86056.4 0.00034743 1 0.0737938 -0.195523 0.05 86140.1
0 3851 2 phononTS 0.00184979 0.366614 2.32957 0.0130756 27892.7 0.00104229 1 -0.0685195 -0.174741 0.05 32606.1
0 3851 4 phononTS 0.000436196 -0.0685195 -0.174741 0.049999 32606.1 0.00034743 1 -0.036369 -0.191051 0.05 32670
0 3859 2 phononTF 0.00162285 -3.51115 2.2985 0.0391433 677.744 0.00034743 1 -0.0399825 -0.258218 0.05 47083.7
0 3869 4 phononTS 0.00113107 -3.33559 1.13533 0.0107427 14228.8 0.00034743 1 -0.0276373 -0.107197 0.05 44610.4
0 3885 3 phononTS 0.00165008 -4.36219 1.67154 -3.75359e-06 6215.12 0.00069486 1 -0.03692 -0.110858 0.05 173797
0 3891 2 phononTF 0.000807019 -3.19574 0.905714 0.0280048 5152.22 0.00034743 1 0.0542671 -0.227838 0.05 38033
0 3900 4 phononTF 0.00212203 -1.73298 1.59404 -0.038924 11422.1 0.00034743 1 0.0582871 -0.193184 0.05 17105.3
0 3931 2 phononTS 0.00132689 -2.87662 2.58998 -0.00346025 984.547 0.00034743 1 -0.0874929 -0.141944 0.05 41608.6
0 3933 3 phononTS 0.00192684 -2.40904 1.89703 0.017513 3889.1 0.00104229 1 -0.09121 -0.174471 0.05 17100
0 3939 2 phononTS 0.00205619 -2.66246 1.60303 0.00555111 2862.41 0.00034743 1 0.0442773 -0.107108 0.05 41949.6
0 3952 5 phononTS 0.0018598 -3.91509 -0.900712 0.0457631 58678.1 0.00034743 1 -0.100481 -0.144716 0.05 66243.5
0 3991 2 phononTF 0.00162482 -3.19011 2.21229 0.0181965 456.388 0.00069486 1 0.0173189 -0.169449 0.05 37907
0 3991 4 phononTS 0.000485977 0.0173189 -0.169449 0.049999 37907 0.00034743 1 -0.0839789 -0.247394 0.05 38376.2
0 3993 3 phononTS 0.00294572 -1.08388 2.37291 -6.26808e-05 16271.7 0.00034743 1 0.0647325 -0.181261 0.05 25571
0 4049 2 phononTS 0.00189418 -4.25417 1.42233 0.0311944 4019.41 0.00069486 1 0.0283896 -0.261652 0.05 33414.3
0 4068 2 phononTF 0.00273887 -1.25457 2.96414 0.00367482 12310.8 0.00069486 1 0.0947878 -0.201236 0.05 22880.8
0 4162 2 phononTS 0.00250511 -3.15423 2.71035 0.0498094 1081.41 0.00034743 1 -0.0644479 -0.237595 0.05 49021.2
0 4162 5 phononTF 0.000505814 -0.0644479 -0.237595 0.049999 49021.2 0.00034743 1 0.0168566 -0.176803 0.05 49090.1
0 4162 4 phononTS 0.00137244 -0.0644479 -0.237595 0.049999 49021.2 0.00069486 1 -0.106718 -0.202295 0.05 49590.1
0 4215 2 phononTF 0.00225855 -4.75796 1.77127 0.00446595 13140.3 0.00069486 1 -0.107344 -0.192133 0.05 27778.1
0 4219 3 phononTF 0.00321754 -4.09556 2.6052 -0.000473633 9249.87 0.00069486 1 -0.105684 -0.193448 0.05 17777.6
0 4219 4 phononTF 0.00115847 -0.105684 -0.193448 0.049999 17777.6 0.00069486 1 0.0151841 -0.169433 0.05 19163.4
0 4229 4 phononTS 0.00111022 0.0398401 3.01885 0.0235122 16272.6 0.00034743 1 0.029356 -0.213394 0.05 46944.4
0 4229 6 phononTS 0.000437438 0.029356 -0.213394 0.049999 46944.4 0.00034743 1 0.0967207 -0.203077 0.05 48735.1
0 4259 5 phononTS 0.00100217 0.207993 2.79745 -0.0453757 19216.9 0.00034743 1 -0.0551632 -0.137087 0.05 104624
0 4275 2 phononTF 0.00168881 -2.8372 3.97366 0.026309 2491.19 0.00034743 1 0.0989893 -0.211685 0.05 18290.8
0 4308 3 phononTF 0.00222756 -4.02023 2.94179 -0.00509015 3892.32 0.00034743 1 -0.0344359 -0.100306 0.05 16888.9
0 4324 2 phononTS 0.00144101 -3.53422 3.14186 0.0394233 424.928 0.00034743 1 -0.0991439 -0.168454 0.05 17011.3
0 4324 10 phononL 0.000627641 -0.0991439 -0.168454 0.049999 17011.3 0.00034743 1 -0.0408585 -0.214064 0.05 18120.7
0 4358 2 phononTF 0.000856571 -4.09138 4.13827 -0.0108094 8070.54 0.00034743 1 0.04243 -0.267394 0.05 78185.2
0 4381 2 phononTF 0.00214113 -4.57991 2.13859 -0.0364071 8266.49 0.00069486 1 0.0932238 -0.182608 0.05 50172.1
0 4406 3 phononTS 0.00140249 -3.20556 2.92588 0.0309625 410.554 0.00069486 1 -0.103101 -0.150555 0.05 6606.34
0 4421 3 phononTS 0.00206704 -2.10243 3.01496 0.00441604 2616.31 0.00034743 1 0.0344905 -0.160573 0.05 34875.8
0 4446 2 phononTS 0.0026364 -1.0292 2.16472 0.0427031 9246.76 0.00034743 1 0.0377993 -0.199769 0.05 55162.4
0 4446 4 phononTS 0.0011472 0.0377993 -0.199769 0.049999 55162.4 0.00069486 1 -0.0478156 -0.271269 0.05 57102.4
0 4447 2 phononTS 0.00141565 -2.98359 1.72096 -0.0270255 3241.57 0.00069486 1 0.0268091 -0.181306 0.05 30426.8
0 4483 5 phononTS 0.00120436 -1.29139 4.87691e-05 -0.0365632 5047.39 0.00069486 1 -0.0223386 -0.144831 0.05 7149.51
0 4506 5 phononTS 0.000919933 0.691529 2.79414 0.0344731 40921.8 0.00034743 1 0.0374854 -0.118756 0.05 91992.8
0 4520 3 phononTS 0.00194304 -2.68457 2.98484 0.0108646 399.627 0.00034743 1 -0.0447852 -0.225586 0.05 8845.1
0 4528 3 phononTF 0.00245997 -0.689044 2.81341 -0.0265858 5548.47 0.00069486 1 -0.0520322 -0.0996187 0.05 14098.9
0 4528 11 phononTS 0.000806287 -0.0520322 -0.0996187 0.049999 14098.9 0.00034743 1 0.0231672 -0.152826 0.05 14315.1
0 4531 3 phononTS 0.00110407 -0.282027 4.1902 -0.00478045 13345.2 0.00034743 1 0.0244006 -0.192148 0.05 16853.1
0 4546 3 phononTS 0.00115166 -2.8686 2.38895 0.0357692 1406.38 0.00034743 1 -0.0832999 -0.141724 0.05 44681.9
0 4619 4 phononTS 0.00141943 -1.99789 -0.979703 0.0426571 19567.9 0.00069486 1 -0.0922379 -0.173811 0.05 56203.6
0 4623 5 phononTS 0.00120762 3.89062 1.48074 -0.0273422 23610.3 0.00034743 1 -0.0640292 -0.123926 0.05 54157.9
0 4725 3 phononTF 0.0014754 -3.15708 2.71362 -0.00878474 230.622 0.00034743 1 -0.0841279 -0.168367 0.05 31308
0 4725 4 phononL 0.000405417 -0.0841279 -0.168367 0.049999 31308 0.00034743 1 0.0952651 -0.185454 0.05 31372.5
0 4727 4 phononTF 0.0012671 -0.817237 2.61386 -0.0148253 27807.1 0.00034743 1 0.0743534 -0.233291 0.05 42180.7
0 4764 2 phononL 0.00139274 -1.68468 3.47478 -0.00951842 7381.76 0.00069486 1 0.0616262 -0.151893 0.05 12951.8
0 4769 4 phononTS 0.000808597 1.18199 -1.60677 0.00852968 6830.82 0.00034743 1 -0.0314441 -0.240209 0.05 40292.7
0 4801 4 phononL 0.00151404 -3.52607 3.10183 0.0405091 3252.56 0.00069486 1 -0.101974 -0.253597 0.05 57074.7
0 4820 2 phononL 0.00180774 -1.79363 2.52551 -0.011272 5340.37 0.00034743 1 0.108535 -0.182953 0.05 15821.1
0 4831 4 phononTS 0.000809578 -4.05851 4.80663 0.0175448 10394.6 0.00069486 1 -0.0153094 -0.179046 0.05 22688
0 4854 3 phononTF 0.00255095 -1.78347 2.19561 0.0168996 15376.4 0.00034743 1 0.0486277 -0.194767 0.05 29130.6
0 4854 4 phononTS 0.00137998 0.0486277 -0.194767 0.049999 29130.6 0.00069486 1 0.0257254 -0.184955 0.05 32081
0 4925 3 phononTS 0.00137691 -4.2308 -0.67237 -0.0221377 6712.88 0.00069486 1 0.0442073 -0.147514 0.05 100889
0 4932 3 phononL 0.00165024 -2.80108 2.25978 -0.00139462 1760.69 0.00034743 1 -0.0787512 -0.129996 0.05 17179.2
0 4951 2 phononL 0.00168414 -3.19784 1.87786 0.039142 4960.88 0.00034743 1 0.0489641 -0.136037 0.05 17443.4
0 4953 2 phononTS 0.00221402 -3.14247 2.17987 0.0208624 2870.21 0.00034743 1 -0.0747533 -0.236262 0.05 29921.1
0 4953 4 phononTS 0.000872141 -0.0747533 -0.236262 0.049999 29921.1 0.00034743 1 -0.0456718 -0.247563 0.05 29983.1
0 4958 2 phononTS 0.0017449 -2.34468 2.5495 0.0274718 1953.66 0.00069486 1 0.099796 -0.180238 0.05 16252.8
0 4958 10 phononTS 0.000404205 0.099796 -0.180238 0.049999 16252.8 0.00034743 1 0.0726047 -0.227722 0.05 16319.4
0 4962 2 phononL 0.0020615 -3.43891 3.16228 0.000306026 1673.73 0.00034743 1 -0.071105 -0.218585 0.05 15801.7
0 4975 5 phononTS 0.00120562 -2.43692 2.80494 -0.0358117 6985.17 0.00069486 1 0.035015 -0.226889 0.05 19296.5
0 4997 5 phononTF 0.00183891 -4.4095 4.1064 0.00327345 61703.5 0.00069486 1 0.0315183 -0.168781 0.05 81276.7
