Run ID,Event ID,Track ID,Particle Name,Start Energy [eV],Start X [mm],Start Y [mm],Start Z [mm],Start Time [ns],Energy Deposited [eV],Track Weight,End X [mm],End Y [mm],End Z [mm],Final Time [ns],Volume Name
0 25 2 phononTS 0.00179522 0.470071 -4.62612 -0.0480844 7063.81 0.00069486 1 -0.039637 -0.112095 0.05 23240.8
0 33 1 phononL 0.004 0.242163 -2.64798 0.00765548 0 0.00034743 1 -0.0654461 -0.172963 0.05 9604.8
0 53 2 phononL 0.00165992 1.11496 0.80495 0.0467927 501.978 0.00034743 1 -0.0138629 -0.194424 0.05 4801.29
0 80 4 phononTS 0.000620267 -2.4876 -1.92011 0.0487523 4567.1 0.00034743 1 0.0538101 -0.275041 0.05 71289.3
0 86 3 phononTS 0.0021872 3.17772 4.81842 -0.0222519 8577.21 0.00104229 1 0.0452642 -0.229972 0.05 74113.2
0 86 4 phononTS 0.000843561 0.0452642 -0.229972 0.049999 74113.2 0.00034743 1 -0.0493091 -0.214509 0.05 74189.8
0 91 2 phononTF 0.00155943 -0.660633 4.33402 0.00024845 116.426 0.00104229 1 -0.0449649 -0.281682 0.05 14893.2
0 112 2 phononTF 0.00259588 1.65739 -0.95745 -0.0417976 305.463 0.00069486 1 0.0535058 -0.136616 0.05 3669.27
0 112 4 phononTS 0.00103014 0.0535058 -0.136616 0.049999 3669.27 0.00034743 1 0.106611 -0.192038 0.05 3740.25
0 135 3 phononTF 0.00151506 3.28401 0.907567 0.0249212 2287.64 0.00069486 1 -0.0432442 -0.116966 0.05 66414.5
0 161 4 phononTF 0.00127946 0.902009 -0.0628557 0.0439506 52965.2 0.00034743 1 -0.0516051 -0.290922 0.05 61473
0 207 3 phononTF 0.00203131 -1.01434 -0.456741 -0.0417526 8013.76 0.00104229 1 0.0745865 -0.262771 0.05 9485.7
0 242 2 phononTS 0.000715329 -2.42349 0.0551447 0.049999 21319.1 0.00034743 1 -0.100069 -0.158324 0.05 22643.5
0 296 3 phononTF 0.00210767 1.01967 -3.84306 -0.0405616 785.381 0.00104229 1 -0.062616 -0.165322 0.05 75474.9
0 299 2 phononTF 0.00209494 -2.56136 -3.12463 0.0308034 5949.25 0.00069486 1 -0.0491293 -0.206274 0.05 73104
0 361 5 phononTS 0.00213566 2.9002 -1.94448 0.016274 5701.03 0.00104229 1 -0.0543996 -0.289321 0.05 23227.2
0 369 2 phononL 0.00143592 0.308627 1.2656 0.0425423 26409.1 0.00034743 1 0.0424729 -0.119963 0.05 27183.8
0 369 4 phononL 0.000519511 0.0424729 -0.119963 0.049999 27183.8 0.00034743 1 0.10206 -0.163744 0.05 35453.2
0 444 3 phononTF 0.0016854 0.0579825 -0.20241 -0.0280601 234.41 0.00034743 1 0.0670336 -0.126781 0.05 266.162
0 457 3 phononTS 0.00121866 4.15329 -3.02992 0.0322409 6178.72 0.00034743 1 -0.093208 -0.250448 0.05 29885.8
0 471 5 phononTS 0.000520149 1.39721 0.0770201 0.049999 633.293 0.00034743 1 0.041269 -0.113897 0.05 3300.66
0 493 3 phononL 0.00204168 -4.32614 -1.45181 -0.0204433 9276.83 0.00034743 1 0.0762816 -0.239952 0.05 15318.7
0 508 3 phononTF 0.0023714 1.07856 -0.239237 0.0255416 3085.79 0.00034743 1 0.0431737 -0.27193 0.05 11396.8
0 508 4 phononL 0.00103271 0.0431737 -0.27193 0.049999 11396.8 0.00034743 1 0.117102 -0.202528 0.05 11451
0 520 2 phononL 0.00135726 2.47645 -2.01216 0.0419135 3444.52 0.00069486 1 0.062468 -0.124052 0.05 60439.6
0 543 5 phononTS 0.00113566 1.47189 3.45731 0.0270059 19691.9 0.00034743 1 -0.0628732 -0.257155 0.05 38948.3
0 564 4 phononTS 0.000941741 -1.51927 -3.43159 0.035512 64687.2 0.00034743 1 0.0398629 -0.270641 0.05 110906
0 564 6 phononTS 0.000417942 0.0398629 -0.270641 0.049998 110906 0.00034743 1 0.0314241 -0.219925 0.05 111849
0 565 2 phononL 0.00242124 0.330634 -4.02001 -0.00448605 58.7722 0.00069486 1 -0.0194661 -0.250786 0.05 15419.2
0 603 2 phononTS 0.00204213 3.52924 3.34606 0.0346208 9748.45 0.00034743 1 -0.0275317 -0.220355 0.05 51578.1
0 623 3 phononTS 0.00158312 -0.6857 -0.840998 -0.0296506 1542.44 0.00069486 1 0.0508518 -0.214224 0.05 3486.36
0 642 3 phononL 0.00206283 -4.37491 -1.64191 -0.0288588 5960.32 0.00069486 1 0.11507 -0.212411 0.05 12839.7
0 642 8 phononTS 0.000764998 0.11507 -0.212411 0.049999 12839.7 0.00034743 1 0.0588257 -0.111824 0.05 12924.6
0 646 4 phononL 0.00147329 4.23418 1.04724 0.0221736 5162.71 0.00034743 1 -0.0144443 -0.185599 0.05 17815.4
0 662 3 phononTS 0.00181038 0.00259596 -0.818358 -0.0491464 7643.71 0.00069486 1 0.0485433 -0.137537 0.05 8035.11
0 663 5 phononTF 0.00147232 3.12416 1.13243 -0.00671113 54260.3 0.00069486 1 -0.0937255 -0.186322 0.05 91894.3
0 678 4 phononTF 0.00096619 4.9913 -2.5556 -0.0225738 61745.4 0.00034743 1 -0.043459 -0.29166 0.05 76960.5
0 697 3 phononTS 0.00229426 0.140156 1.87974 0.0387181 5581.09 0.00034743 1 0.0798377 -0.133747 0.05 14424.6
0 749 3 phononL 0.00200634 -1.34225 3.80423 -0.0402466 6458.9 0.00034743 1 -0.103693 -0.152161 0.05 11825.6
0 749 4 phononTF 0.00113893 -0.103693 -0.152161 0.049999 11825.6 0.00069486 1 -0.113757 -0.22493 0.05 12036.1
0 765 2 phononTS 0.00196654 -0.024241 2.34313 0.0285494 996.085 0.00104229 1 0.0520136 -0.1964 0.05 30203.6
0 770 2 phononTS 0.00174855 -3.83193 0.844303 0.0245459 170.773 0.00034743 1 0.0781937 -0.239047 0.05 44284.3
0 770 4 phononL 0.000724634 0.0781937 -0.239047 0.049999 44284.3 0.00034743 1 0.0691793 -0.18282 0.05 44359.8
0 772 3 phononTS 0.00083764 -1.96142 0.100824 0.049999 660.658 0.00034743 1 -0.0634533 -0.147443 0.05 20585.3
0 791 3 phononL 0.00231803 -1.64539 -0.69918 0.0382555 2594.15 0.00034743 1 -0.0725632 -0.279095 0.05 5630.42
0 791 5 phononTF 0.00154608 -0.0725632 -0.279095 0.049999 5630.42 0.00069486 1 -0.0408266 -0.270477 0.05 14409.4
0 829 1 phononTS 0.004 0.259025 0.0504355 -0.0164827 0 0.00034743 1 0.0872243 -0.272377 0.05 183.087
0 839 2 phononTS 0.00170074 2.02609 3.89322 0.0191849 3121.64 0.00034743 1 -0.11765 -0.203835 0.05 33415.6
0 929 2 phononTS 0.000377669 0.291232 -0.00200391 0.049999 869.777 0.00034743 1 -0.0710767 -0.195856 0.05 1964.43
0 959 5 phononTF 0.00136496 -1.71287 0.934053 -0.0379956 66675.3 0.00069486 1 -0.0734682 -0.214635 0.05 78169.3
0 1002 2 phononTF 0.00236366 -2.49185 2.4196 0.0142122 4565.39 0.00034743 1 0.0765007 -0.164089 0.05 31521.6
0 1023 3 phononTF 0.00263815 -3.52881 -3.32904 0.0198342 2318.35 0.00034743 1 0.0902587 -0.177125 0.05 38797.3
0 1023 8 phononTS 0.000380227 0.0902587 -0.177125 0.049999 38797.3 0.00034743 1 0.100214 -0.193511 0.05 38855.4
0 1030 3 phononTF 0.00144997 -2.28612 -2.44721 -0.0379471 3391.5 0.00034743 1 0.0586129 -0.1109 0.05 24534.7
0 1059 2 phononTF 0.00183342 -2.99912 3.42477 0.0352787 6695.74 0.00069486 1 0.0271276 -0.217622 0.05 23703.4
0 1059 7 phononTS 0.000542877 0.0271276 -0.217622 0.049999 23703.4 0.00034743 1 0.0385497 -0.21747 0.05 23763.4
0 1080 3 phononTF 0.0017646 0.206677 -0.217152 -0.0117678 6550.93 0.00034743 1 0.0695149 -0.122496 0.05 6981.37
0 1080 7 phononL 0.000580244 0.0695149 -0.122496 0.049998 6981.37 0.00034743 1 -0.0624565 -0.2081 0.05 9228.81
0 1086 4 phononTS 0.000502374 3.46991 0.0339098 0.049998 10209.4 0.00034743 1 0.0433963 -0.151704 0.05 52447.8
0 1114 5 phononTF 0.00122232 -4.08091 -0.256749 -0.00799854 24460 0.00034743 1 0.0237873 -0.249262 0.05 116856
0 1123 3 phononTS 0.00247823 1.75181 1.14343 0.0040706 755.672 0.00034743 1 0.0686007 -0.246273 0.05 10179.6
0 1153 2 phononL 0.000521448 -2.6447 -0.000987395 0.049999 3273.52 0.00034743 1 -0.0540319 -0.22212 0.05 12360.7
0 1198 5 phononTF 0.000760836 -3.6841 0.0402722 0.049998 3417.42 0.00069486 1 0.0676085 -0.291438 0.05 151638
0 1214 2 phononTF 0.00145597 -2.1077 0.40915 0.0163628 990.637 0.00034743 1 0.114499 -0.198189 0.05 16530.3
0 1297 1 phononTF 0.004 0.0152177 0.217147 -0.0389335 0 0.00104229 1 -0.0481992 -0.253274 0.05 1922.27
0 1341 1 phononTS 0.004 -0.653687 0.904411 0.00315382 0 0.00069486 1 0.089128 -0.272947 0.05 1286.1
0 1352 2 phononTS 0.00126475 -4.60696 0.422354 0.0469509 8336.57 0.00034743 1 -0.101256 -0.242367 0.05 39625.6
0 1364 5 phononTF 0.00176798 -2.37904 3.75028 -0.0492462 12492.5 0.00034743 1 -0.0787256 -0.240486 0.05 24217.9
0 1364 7 phononTF 0.00116921 -0.0787256 -0.240486 0.049999 24217.9 0.00034743 1 -0.0237639 -0.248727 0.05 24278.3
0 1371 2 phononL 0.00214214 4.54038 -2.62338 0.0413536 2802.58 0.00104229 1 0.0612708 -0.156933 0.05 33425.5
0 1376 2 phononTF 0.00201275 1.64085 -1.95913 0.034647 11442.2 0.00069486 1 -0.0270456 -0.283508 0.05 32413.9
0 1376 8 phononTS 0.000720664 -0.0270456 -0.283508 0.049999 32413.9 0.00034743 1 0.084594 -0.147099 0.05 32597.6
0 1381 2 phononTS 0.000551291 -4.61985 -2.96246 0.0268545 4040.92 0.00034743 1 0.0373296 -0.152804 0.05 17760.4
0 1383 4 phononTF 0.00121149 -0.563722 -4.41801 -0.00152977 132576 0.00034743 1 0.0740459 -0.159236 0.05 147369
0 1430 5 phononTS 0.00127477 3.3173 -4.09493 -0.0135093 24631.5 0.00034743 1 -0.0255387 -0.234801 0.05 37858.9
0 1461 2 phononTS 0.00104206 4.08634 4.48847 0.00563873 2113.75 0.00034743 1 -0.086189 -0.161848 0.05 32952.3
0 1461 4 phononTS 0.000544744 -0.086189 -0.161848 0.049999 32952.3 0.00034743 1 -0.0192657 -0.236748 0.05 33029.2
0 1487 2 phononTS 0.0022901 -1.41377 -2.6908 0.0255181 60.1358 0.00069486 1 0.0339181 -0.139815 0.05 2633.18
0 1487 8 phononTS 0.000886425 0.0339181 -0.139815 0.049999 2633.18 0.00034743 1 0.0596131 -0.141888 0.05 2697.2
0 1500 3 phononTS 0.00238262 3.8197 -2.33887 0.00814349 1168.1 0.00069486 1 0.116013 -0.210345 0.05 23593.1
0 1503 3 phononTF 0.00247793 0.445846 -1.57666 0.0243448 8193.01 0.00034743 1 -0.0190632 -0.184304 0.05 10789.8
0 1503 4 phononTS 0.000824141 -0.0190632 -0.184304 0.049999 10789.8 0.00034743 1 -0.0827682 -0.221473 0.05 10917.7
0 1530 3 phononL 0.00140216 3.05106 0.0564593 -0.00240096 2365.69 0.00034743 1 0.106611 -0.207883 0.05 18943.6
0 1555 1 phononL 0.004 -0.545614 -0.158079 -0.0219172 0 0.00034743 1 -0.108903 -0.217928 0.05 452.765
0 1555 4 phononTS 0.0012503 -0.108903 -0.217928 0.049999 452.765 0.00034743 1 0.0945779 -0.163269 0.05 680.422
0 1555 2 phononL 0.0011663 -0.108903 -0.217928 0.049999 452.765 0.00069486 1 0.0951921 -0.234556 0.05 4415.9
0 1580 2 phononL 0.00245248 -3.87954 -2.85941 0.0415556 4395.27 0.00034743 1 0.0230797 -0.264545 0.05 30844.6
0 1609 5 phononTS 0.000617845 0.843555 -2.17145 -0.0157604 13358 0.00034743 1 0.0247318 -0.197795 0.05 19727.4
0 1616 2 phononL 0.00158422 1.95363 1.12845 -0.00756308 6862.14 0.00069486 1 0.0536133 -0.30052 0.05 27623.6
0 1630 3 phononTS 0.00250428 -1.27164 -2.38557 -0.00954323 415.792 0.00069486 1 -0.0651838 -0.192455 0.05 6593.4
0 1646 2 phononTF 0.00217888 2.71526 0.851328 -0.0163906 691.025 0.00069486 1 -0.0177828 -0.156162 0.05 16640.6
0 1646 7 phononTS 0.00075124 -0.0177828 -0.156162 0.049999 16640.6 0.00069486 1 -0.0888987 -0.141458 0.05 17130
0 1676 3 phononTF 0.00199165 0.779574 -1.22815 -0.0352206 7567.54 0.00034743 1 0.0280714 -0.121528 0.05 58101.6
0 1676 5 phononTS 0.000534709 0.0280714 -0.121528 0.049999 58101.6 0.00034743 1 -0.097288 -0.239514 0.05 58192
0 1700 2 phononTF 0.00209625 1.27611 -0.803892 0.0499212 227.592 0.00034743 1 -0.0111025 -0.189167 0.05 6719.4
0 1700 4 phononTF 0.00149906 -0.0111025 -0.189167 0.049999 6719.4 0.00069486 1 -0.0540922 -0.128019 0.05 6783.11
0 1738 3 phononTS 0.00243653 0.0967529 2.04311 0.0383246 9577.84 0.00069486 1 0.0705144 -0.191202 0.05 13720.2
0 1738 9 phononTF 0.000615902 0.0705144 -0.191202 0.049999 13720.2 0.00034743 1 -0.091932 -0.196865 0.05 13793
0 1772 3 phononTS 0.00232375 -2.91901 3.93801 -0.0168741 6193.24 0.00069486 1 0.10242 -0.193598 0.05 45629.4
0 1781 2 phononTF 0.00127424 4.44947 3.11348 0.0243182 5126.01 0.00034743 1 0.0866696 -0.195475 0.05 128046
0 1820 2 phononL 0.00219265 2.55613 -4.56476 0.031277 19.2867 0.00034743 1 -0.027644 -0.234642 0.05 5435.85
0 1837 3 phononL 0.00189328 -2.35256 -3.9255 -0.0435939 11.7478 0.00034743 1 0.0699366 -0.268341 0.05 5734.8
0 1880 2 phononTS 0.00128832 0.297294 1.72506 0.0475961 13.9801 0.00034743 1 0.0172856 -0.199104 0.05 2980.88
0 1880 6 phononTF 0.000468002 0.0172856 -0.199104 0.049999 2980.88 0.00034743 1 0.119724 -0.189555 0.05 3045.42
0 1925 2 phononTS 0.0027464 1.24114 -3.66616 0.0475918 9837.57 0.00069486 1 -0.0368617 -0.213862 0.05 38212.9
0 1925 4 phononL 0.00108611 -0.0368617 -0.213862 0.049999 38212.9 0.00069486 1 0.109295 -0.185976 0.05 38865.2
0 1939 3 phononTS 0.00202391 1.90211 -4.10886 0.0425574 20.05 0.00069486 1 -0.0602859 -0.142495 0.05 6241.24
0 1939 6 phononTF 0.000867955 -0.0602859 -0.142495 0.049999 6241.24 0.00034743 1 0.044875 -0.202798 0.05 6496.53
0 1987 3 phononTF 0.00210876 -4.50187 -0.841731 -0.026987 5534.08 0.00104229 1 -0.0541047 -0.178844 0.05 55252.2
0 1987 4 phononTS 0.000546616 -0.0541047 -0.178844 0.049999 55252.2 0.00034743 1 -0.0865303 -0.128165 0.05 55419.2
0 2017 2 phononL 0.00205312 -1.30598 1.74461 0.00841739 11155.1 0.00034743 1 0.104009 -0.198423 0.05 27866.6
0 2017 5 phononTF 0.000866243 0.104009 -0.198423 0.049999 27866.6 0.00034743 1 0.0652187 -0.240048 0.05 27928.2
0 2020 3 phononL 0.00141301 3.67778 -3.22963 0.0171332 6516.98 0.00034743 1 -0.112472 -0.194405 0.05 176730
0 2020 4 phononTS 0.000816068 -0.112472 -0.194405 0.049999 176730 0.00034743 1 -0.0381085 -0.239033 0.05 176811
0 2026 3 phononTS 0.00210973 -0.341964 -3.68508 0.0197819 256.218 0.00034743 1 0.0355572 -0.136255 0.05 55652.1
0 2039 3 phononTS 0.00194341 -4.21992 -2.25777 0.0172047 749.424 0.00069486 1 0.0246217 -0.281965 0.05 11871.2
0 2103 5 phononTF 0.00153377 0.366101 -1.20203 -0.0325921 35505.6 0.00034743 1 0.101119 -0.239535 0.05 38237.1
0 2108 3 phononTS 0.00159925 -3.48585 -3.18656 -0.045713 20030.7 0.00034743 1 -0.0769396 -0.120599 0.05 52620.9
0 2110 3 phononTS 0.00160874 -4.93242 4.47946 -0.0170309 4744.48 0.00034743 1 0.0577525 -0.223373 0.05 22725.8
0 2110 5 phononTS 0.00120281 0.0577525 -0.223373 0.049999 22725.8 0.00034743 1 -0.0301643 -0.221539 0.05 22897.4
0 2110 10 phononTS 0.000583519 -0.0301643 -0.221539 0.049999 22897.4 0.00034743 1 -0.0223227 -0.176272 0.05 28161.7
0 2133 3 phononTS 0.00216518 -2.87226 -1.38292 -0.0155993 1094.85 0.00069486 1 -0.0733724 -0.217564 0.05 124674
0 2133 4 phononTS 0.000483013 -0.0733724 -0.217564 0.049999 124674 0.00034743 1 0.0605167 -0.212712 0.05 125271
0 2143 3 phononTS 0.00170436 4.34855 -0.529884 0.0371211 1861.52 0.00034743 1 -0.112163 -0.234867 0.05 12573.9
0 2143 5 phononL 0.00070463 -0.112163 -0.234867 0.049999 12573.9 0.00034743 1 -0.0397657 -0.285651 0.05 12735.3
0 2155 2 phononTS 0.00215359 1.9848 4.16386 -0.0347985 2815.8 0.00069486 1 0.0922737 -0.25559 0.05 7834.11
0 2160 3 phononTS 0.00209844 4.95944 -4.14794 -0.0456159 8062.08 0.00034743 1 -0.0928654 -0.195356 0.05 56460.3
0 2174 2 phononTF 0.00215252 3.16483 3.58378 -0.0427334 6240.33 0.00069486 1 0.067506 -0.291716 0.05 11432.9
0 2197 3 phononTF 0.00212898 -0.807182 0.65722 0.0347931 130.944 0.00034743 1 0.0984199 -0.214746 0.05 9650.57
0 2200 3 phononTF 0.0015629 -4.35797 -1.47772 -0.0103249 2413.51 0.00034743 1 0.0772989 -0.178154 0.05 26671.6
0 2226 4 phononTS 0.00111445 -2.36078 -3.28047 -0.0495272 96633.7 0.00034743 1 -0.0165768 -0.20189 0.05 124002
0 2226 6 phononTF 0.000605232 -0.0165768 -0.20189 0.049999 124002 0.00034743 1 -0.0204269 -0.201902 0.05 124061
0 2236 4 phononTF 0.00124363 4.18552 -4.35455 -0.00925788 99145.2 0.00069486 1 -0.0521256 -0.237797 0.05 163539
0 2242 3 phononTS 0.00223234 1.28761 -4.1039 0.0463786 5342.47 0.00034743 1 -0.0721584 -0.119833 0.05 20206.6
0 2289 4 phononTF 0.00159824 -1.25409 4.43325 0.032498 7706.78 0.00034743 1 0.0404671 -0.243905 0.05 37697.9
0 2352 3 phononL 0.00179923 3.91761 -0.496312 -0.0258273 5442.12 0.00034743 1 0.0404296 -0.107039 0.05 36247.3
0 2362 2 phononL 0.00168195 -3.12408 1.32647 -0.0341407 1248.35 0.00069486 1 0.0997017 -0.179268 0.05 23800.5
0 2383 4 phononTS 0.00121532 -1.22854 -1.67808 -0.027974 4550.25 0.00069486 1 -0.0431983 -0.22438 0.05 11378.3
0 2390 2 phononTS 0.00169295 -2.95187 4.53103 0.00566232 3575.67 0.00069486 1 0.0928348 -0.248108 0.05 22730.6
0 2398 2 phononTF 0.00128593 -1.61421 -1.26438 -0.0499054 18181.4 0.00034743 1 -0.0533567 -0.129523 0.05 47777
0 2422 1 phononTS 0.004 -1.36968 0.0666678 -0.0264595 0 0.00034743 1 -0.10849 -0.244039 0.05 1698.6
0 2422 3 phononTS 0.00125487 -0.10849 -0.244039 0.049999 1698.6 0.00034743 1 0.0490688 -0.18374 0.05 2245.9
0 2436 3 phononTF 0.0020179 4.00585 -0.583125 0.0127028 9848.23 0.00069486 1 0.0858335 -0.27933 0.05 39059.6
0 2436 5 phononTF 0.00037334 0.0858335 -0.27933 0.049998 39059.6 0.00034743 1 -0.0836245 -0.211156 0.05 39204.8
0 2453 3 phononTS 0.00172568 -4.75365 -2.35305 -0.0339798 942.231 0.00034743 1 0.0405562 -0.150865 0.05 21546.6
0 2453 5 phononTF 0.000987689 0.0405562 -0.150865 0.049999 21546.6 0.00034743 1 0.0266794 -0.23201 0.05 21608.7
0 2462 4 phononTS 0.000675306 -3.00576 0.0108624 0.049999 10143.8 0.00034743 1 0.0619916 -0.14252 0.05 54497.7
0 2510 3 phononTS 0.00190908 -2.58954 -2.90371 -0.0442357 10540.7 0.00034743 1 0.094284 -0.238707 0.05 28417.5
0 2511 1 phononL 0.004 0.165027 -0.223345 -0.021322 0 0.00104229 1 0.0503403 -0.134259 0.05 55.5972
0 2512 3 phononTS 0.00180613 0.538969 2.80724 0.0439539 1001.1 0.00034743 1 0.0557583 -0.251624 0.05 3347.92
0 2524 7 phononTS 0.00135058 4.46764 -3.94924 0.0165961 5363.4 0.00034743 1 0.0496833 -0.269831 0.05 22692.4
0 2527 3 phononTS 0.00307344 -1.37407 1.2439 0.00579834 7068.94 0.00104229 1 -0.0132013 -0.188968 0.05 22784.1
0 2527 5 phononTS 0.000943506 -0.0132013 -0.188968 0.049999 22784.1 0.00069486 1 -0.0391211 -0.203469 0.05 22855.3
0 2580 2 phononL 0.00135836 -0.0185183 -4.40677 0.0234038 516.307 0.00034743 1 -0.0503303 -0.290579 0.05 5417.14
0 2582 3 phononTS 0.00172665 -4.40834 1.06198 0.00392889 67.792 0.00034743 1 0.02294 -0.140616 0.05 44851.4
0 2584 7 phononTF 0.000983853 1.86775 0.43576 -0.0233339 77152.2 0.00034743 1 -0.109838 -0.172736 0.05 156461
0 2624 2 phononTS 0.00039185 0.396048 0.0303578 0.049999 512.502 0.00034743 1 0.0347107 -0.250494 0.05 1021.5
0 2645 4 phononTF 0.00116538 1.39916 -0.575031 0.035928 18864.3 0.00034743 1 -0.0241754 -0.305088 0.05 19901.9
0 2651 3 phononTS 0.00221316 -4.17023 1.76923 0.0451787 14868.2 0.00069486 1 0.0824392 -0.153884 0.05 40186
0 2651 4 phononL 0.00106106 0.0824392 -0.153884 0.049999 40186 0.00034743 1 0.0208689 -0.171965 0.05 40530.8
0 2658 1 phononTS 0.004 -0.256275 -0.153632 -0.029026 0 0.00034743 1 -0.0113202 -0.189472 0.05 366.199
0 2658 3 phononTS 0.000652788 -0.0113202 -0.189472 0.049999 366.199 0.00034743 1 -0.049916 -0.117778 0.05 629.085
0 2682 2 phononL 0.00178256 4.90863 -4.98443 -0.0424246 16475.3 0.00104229 1 -0.0552336 -0.121825 0.05 31240.5
0 2747 5 phononTS 0.001661 -1.79488 -1.84567 0.00112884 1134.96 0.00034743 1 0.0504291 -0.156789 0.05 19215
0 2768 3 phononTS 0.00253514 0.0226241 -2.69839 0.0320582 1463.02 0.00069486 1 0.090719 -0.181353 0.05 20484.8
0 2854 2 phononL 0.00127231 -3.0153 1.26284 -0.0232942 3388.05 0.00034743 1 -0.0740334 -0.145268 0.05 17920.7
0 2854 5 phononL 0.000422422 -0.0740334 -0.145268 0.049999 17920.7 0.00034743 1 -0.0770401 -0.262624 0.05 17983.1
0 2873 2 phononTF 0.000697194 1.76307 0.552189 -0.0277029 6727.02 0.00034743 1 0.0271566 -0.144116 0.05 32754.5
0 2895 3 phononTS 0.00126946 -4.93988 -0.241212 0.00917197 16.0576 0.00069486 1 -0.0939289 -0.130086 0.05 19125.1
0 2895 2 phononTF 0.00273054 -4.93988 -0.241212 0.00917197 16.0576 0.00034743 1 -0.041599 -0.299525 0.05 64472.4
0 2951 4 phononTF 0.000955291 1.41685 1.97645 0.0457829 58634.7 0.00069486 1 -0.101634 -0.203027 0.05 64704.9
0 2968 3 phononL 0.00121528 -2.26199 -4.24035 0.013077 15498.4 0.00069486 1 -0.0399397 -0.234023 0.05 64016.6
0 3006 2 phononTF 0.00108395 0.13785 -4.29674 -0.0382519 22260.2 0.00034743 1 0.0707303 -0.284288 0.05 34669.6
0 3054 3 phononL 0.0014387 -0.118404 3.86473 0.0264672 2977.02 0.00069486 1 0.0656012 -0.243833 0.05 134217
0 3076 3 phononTS 0.0024688 3.89137 -4.05258 0.00912438 1153.21 0.00069486 1 -0.0902303 -0.160733 0.05 70700.4
0 3102 3 phononTF 0.00316017 -0.559338 0.341888 0.0338261 1515 0.00034743 1 -0.108153 -0.215472 0.05 3505.84
0 3107 2 phononTF 0.00175664 0.239889 -4.04728 0.0294424 5335.44 0.00069486 1 0.0334405 -0.200599 0.05 23299
0 3137 4 phononTS 0.00157339 -3.64832 -4.17599 0.0398388 3570.38 0.00104229 1 -0.0493852 -0.151351 0.05 57803.6
0 3137 9 phononTF 0.00044478 -0.0493852 -0.151351 0.049999 57803.6 0.00034743 1 0.0492331 -0.288536 0.05 57957.6
0 3149 3 phononL 0.00159825 3.65101 1.28492 -0.0158199 2372.07 0.00034743 1 -0.0796654 -0.126288 0.05 59208.8
0 3162 2 phononL 0.00206477 -3.01098 1.90213 -0.0293066 3216.94 0.00069486 1 0.0776574 -0.229857 0.05 7701.02
0 3168 2 phononTF 0.00173808 1.59452 -3.49428 0.035194 2160.56 0.00034743 1 -0.0403138 -0.276178 0.05 18203.1
0 3222 3 phononTS 0.00193131 -3.68009 -4.409 0.00654776 3571.37 0.00034743 1 0.0421271 -0.253731 0.05 21845.7
0 3239 5 phononL 0.00150683 3.57766 2.44713 -0.00452658 1331.42 0.00034743 1 -0.0414008 -0.14234 0.05 34394.6
0 3246 2 phononTF 0.00122397 -3.11282 -1.35758 -0.0296995 5234.85 0.00034743 1 -0.032826 -0.114924 0.05 12005.5
0 3268 2 phononTS 0.00185464 -0.0453421 -0.435551 -7.32646e-06 22057.8 0.00069486 1 -0.041888 -0.292621 0.05 22414.9
0 3286 6 phononTS 0.00144624 -0.359838 -4.82002 0.0083729 34876.2 0.00069486 1 -0.105774 -0.24289 0.05 37215.2
0 3307 3 phononTS 0.00157244 4.95754 0.305627 0.00247906 1532.74 0.00034743 1 0.0874975 -0.186697 0.05 33743.4
0 3336 3 phononTS 0.00283298 4.96119 0.655898 0.0137059 1110.25 0.00034743 1 -0.0659262 -0.10832 0.05 40636.8
0 3352 2 phononTS 0.00254547 -3.68443 -2.67774 0.00117478 3345.59 0.00034743 1 -0.0224235 -0.242067 0.05 11929.6
0 3373 3 phononTS 0.00122536 -1.66467 -2.63035 -0.0264472 3021.18 0.00034743 1 0.021895 -0.221811 0.05 5177.77
0 3393 1 phononL 0.004 -0.473639 0.145265 -0.0234984 0 0.00034743 1 0.0809493 -0.180754 0.05 5100.81
0 3393 3 phononTF 0.00185644 0.0809493 -0.180754 0.049999 5100.81 0.00034743 1 0.0754325 -0.224981 0.05 5494.31
0 3393 10 phononTF 0.00105161 0.0754325 -0.224981 0.049999 5494.31 0.00069486 1 0.0222807 -0.221408 0.05 5559.96
0 3396 4 phononTF 0.000978715 0.867334 -0.37147 -0.0443978 48335.2 0.00034743 1 -0.0692721 -0.272755 0.05 49130
0 3418 3 phononTS 0.00259768 -1.66926 -4.63404 -0.00351448 243.167 0.00138972 1 -0.0166458 -0.235857 0.05 15827
0 3431 3 phononTS 0.00195701 -0.326096 -1.57911 0.0422585 2563.98 0.00069486 1 0.0693899 -0.269008 0.05 5655.22
0 3445 5 phononTF 0.00164164 3.83797 3.40759 0.00434971 17146.8 0.00034743 1 -0.0524482 -0.171423 0.05 26630.3
0 3496 4 phononTS 0.00111758 -4.57783 -3.45903 -0.0288917 42440.4 0.00069486 1 -0.0747472 -0.230454 0.05 57553.2
0 3506 3 phononTF 0.00285453 -1.47361 -0.361502 -0.00241837 1582.68 0.00069486 1 0.079817 -0.229161 0.05 6987.82
0 3514 3 phononTS 0.00202125 -0.627371 4.40244 0.0293722 2151.22 0.00034743 1 -0.0651859 -0.191168 0.05 33834.5
0 3548 2 phononL 0.000446699 1.70482 0.0603364 0.049999 858.804 0.00034743 1 -0.0254721 -0.253038 0.05 4987.66
0 3558 3 phononTS 0.00239683 -1.44497 3.48979 0.0400581 6404.07 0.00069486 1 -0.0818019 -0.131153 0.05 38215.4
0 3655 4 phononL 0.00165896 -3.98555 2.3662 0.0466181 22472.1 0.00034743 1 0.0591534 -0.109677 0.05 40280
0 3665 4 phononL 0.000910211 -1.64033 0.161225 -0.00147289 56547.5 0.00034743 1 0.041122 -0.251413 0.05 61865.8
0 3697 2 phononTS 0.00249917 0.67056 3.8133 0.0243843 19127.5 0.00034743 1 0.0472302 -0.231249 0.05 25287.9
0 3709 4 phononTS 0.000358836 4.54585 0.0132852 0.049999 17751.1 0.00034743 1 0.0244827 -0.179668 0.05 24537.9
0 3711 4 phononTS 0.000635049 -2.41282 -0.0651669 -0.020462 18283 0.00034743 1 0.0600633 -0.27602 0.05 27263.2
0 3714 4 phononTF 0.00102244 1.13843 1.66778 -0.00356267 6851.25 0.00069486 1 0.0357933 -0.145595 0.05 30974.4
0 3744 2 phononTF 0.0020063 4.17627 1.90301 0.00502488 7431.71 0.00034743 1 -0.0692365 -0.208001 0.05 24335.1
0 3744 5 phononTS 0.00108404 -0.0692365 -0.208001 0.049999 24335.1 0.00034743 1 0.100377 -0.261358 0.05 55708.5
0 3780 3 phononTF 0.00166336 2.92689 4.12497 -0.0180175 1837.25 0.00069486 1 -0.104755 -0.189545 0.05 20330.5
0 3787 1 phononL 0.004 1.4587 -0.264102 -0.025509 0 0.00104229 1 -0.0754005 -0.201424 0.05 6890.49
0 3787 2 phononTF 0.000436724 -0.0754005 -0.201424 0.049999 6890.49 0.00034743 1 0.054738 -0.18184 0.05 29912.7
0 3793 1 phononTS 0.004 0.371618 -0.046841 -0.021928 0 0.00138972 1 -0.0258396 -0.19501 0.05 4567.45
0 3804 2 phononTF 0.00141719 -0.408382 1.10611 0.0280189 450.462 0.00069486 1 -0.0797873 -0.194586 0.05 882.947
0 3846 2 phononTF 0.00220033 -4.31388 -0.4719 0.0221908 4340.64 0.00069486 1 -0.0535924 -0.190531 0.05 20899.4
0 3846 5 phononTS 0.00103165 -0.0535924 -0.190531 0.049999 20899.4 0.00034743 1 -0.0282393 -0.183413 0.05 20957.8
0 3846 14 phononTF 0.000450005 -0.0282393 -0.183413 0.049999 20957.8 0.00034743 1 0.0531516 -0.195684 0.05 21103.4
0 3850 2 phononTF 0.00193451 0.483475 -2.19707 0.00911311 1164.88 0.00069486 1 -0.0891442 -0.198144 0.05 67650.1
0 3893 3 phononTF 0.00202707 1.25553 1.6686 -0.0319836 3369.83 0.00034743 1 0.025759 -0.225876 0.05 14832.7
0 3893 6 phononTS 0.00145758 0.025759 -0.225876 0.049999 14832.7 0.00034743 1 -0.0146756 -0.193115 0.05 14898.9
0 3897 1 phononTS 0.004 0.398046 -1.03655 -0.0221863 0 0.00138972 1 -0.06111 -0.193635 0.05 1602.56
0 3897 3 phononTF 0.000452086 -0.06111 -0.193635 0.049999 1602.56 0.00034743 1 -0.0461544 -0.181446 0.05 5438.01
0 3911 2 phononTF 0.00151794 1.76598 4.6353 -0.0256209 5501.89 0.00034743 1 0.0729336 -0.267532 0.05 27291.4
0 3955 5 phononTF 0.00145915 -2.78568 1.28577 0.0400776 6775.17 0.00034743 1 0.0635371 -0.179248 0.05 12341.8
0 3983 2 phononTF 0.000509815 -0.908205 0.102241 0.049998 509.132 0.00034743 1 -0.0525933 -0.259739 0.05 1475.27
0 4007 4 phononL 0.00108667 -0.470523 4.79055 0.0415016 8913.26 0.00034743 1 0.0837214 -0.180069 0.05 35325.9
0 4007 7 phononTS 0.000517378 0.0837214 -0.180069 0.049999 35325.9 0.00034743 1 0.0149221 -0.219608 0.05 35398.1
0 4034 2 phononTF 0.00164565 -0.470378 3.1729 -0.0383538 10318.8 0.00069486 1 -0.0425002 -0.103345 0.05 32683.6
0 4041 3 phononTS 0.00287899 -4.55783 3.58896 0.00343876 4372.77 0.00104229 1 -0.0443924 -0.13379 0.05 50681.1
0 4041 9 phononTF 0.000362106 -0.0443924 -0.13379 0.049999 50681.1 0.00034743 1 -0.0814629 -0.218537 0.05 50928.8
0 4076 1 phononTS 0.004 0.174846 -0.0622648 0.0287668 0 0.00138972 1 0.0305284 -0.12946 0.05 148.008
0 4076 8 phononTS 0.000593229 0.0305284 -0.12946 0.049999 148.008 0.00034743 1 0.0869804 -0.212019 0.05 221.076
0 4092 5 phononTS 0.000692899 4.98914 -1.74932 -0.0253799 4979.03 0.00034743 1 0.0339816 -0.218601 0.05 15190.6
0 4105 2 phononTS 0.00175455 -1.64754 -4.48989 0.00748993 4795.21 0.00034743 1 -0.0513937 -0.19821 0.05 15520.9
0 4117 5 phononL 0.00102125 0.208245 -1.41429 0.00537097 53755.8 0.00034743 1 0.0829382 -0.242929 0.05 55516.3
0 4117 9 phononTF 0.000364669 0.0829382 -0.242929 0.049999 55516.3 0.00034743 1 0.0394178 -0.286853 0.05 55948.8
0 4135 2 phononTS 0.00226942 1.27938 0.832463 -0.0297048 2954.04 0.00034743 1 0.0357881 -0.191912 0.05 6436.12
0 4146 3 phononTS 0.00247669 -0.592137 -1.55331 0.032255 87.5194 0.00034743 1 0.0238388 -0.133936 0.05 3585.63
0 4157 2 phononL 0.00143468 -4.03861 1.18448 -0.0364874 1742.08 0.00034743 1 0.0139376 -0.190782 0.05 14189.6
0 4157 5 phononTS 0.000504148 0.0139376 -0.190782 0.049999 14189.6 0.00034743 1 0.0437746 -0.191356 0.05 14403.6
0 4183 3 phononL 0.000440101 -0.271946 0.0180853 0.049999 3487.58 0.00034743 1 0.0558893 -0.238998 0.05 3623.44
0 4250 2 phononTS 0.00205134 -0.634643 0.350074 -0.034853 4028.31 0.00034743 1 -0.0766929 -0.24846 0.05 10552.2
0 4271 2 phononTS 0.00149572 2.32625 2.96419 -0.0328196 1788.83 0.00069486 1 0.0605109 -0.237841 0.05 7244.7
0 4306 1 phononTF 0.004 0.342254 -0.794109 0.00292912 0 0.00069486 1 -0.0514333 -0.249135 0.05 1021.44
0 4317 2 phononL 0.00223288 2.54662 4.58656 0.0459993 22989.8 0.00034743 1 -0.0267706 -0.17749 0.05 50340.5
0 4318 2 phononTF 0.0012757 4.08613 -4.50438 0.0426705 1457.19 0.00034743 1 -0.0682395 -0.256925 0.05 37395.7
0 4352 2 phononTS 0.0026125 -2.68163 2.04905 -0.0133849 2409.09 0.00069486 1 -0.051567 -0.185062 0.05 6668.61
0 4352 7 phononTF 0.000420973 -0.051567 -0.185062 0.049999 6668.61 0.00034743 1 -0.0702845 -0.218616 0.05 6726.7
0 4356 3 phononTF 0.00144186 0.0892956 -1.44761 0.0293703 263.019 0.00034743 1 0.0646134 -0.165147 0.05 5346.48
0 4356 5 phononTS 0.000465358 0.0646134 -0.165147 0.049999 5346.48 0.00034743 1 0.0286288 -0.199964 0.05 5413.07
0 4388 2 phononTS 0.00183155 -4.69408 -2.01148 -0.0472844 571.144 0.00034743 1 -0.021711 -0.255692 0.05 28261.1
0 4390 5 phononTF 0.00129728 0.0537205 -2.15952 0.00613969 6126.55 0.00069486 1 -0.0209385 -0.233694 0.05 30004.3
0 4420 2 phononTS 0.00116268 3.32841 1.6446 -0.00624634 2672.75 0.00069486 1 0.0353959 -0.134443 0.05 63709.7
0 4553 2 phononTF 0.00213304 -2.84397 3.20814 -0.0248294 1735.71 0.00069486 1 -0.0633039 -0.155896 0.05 29500.7
0 4556 3 phononTS 0.00228174 0.853244 -0.424606 -0.0266709 13022.1 0.00069486 1 -0.0900896 -0.145958 0.05 49388.2
0 4605 3 phononTS 0.00202321 -3.15592 1.37285 -0.0257082 10923.5 0.00034743 1 -0.0693874 -0.152205 0.05 16855.7
0 4654 4 phononTF 0.00113198 0.341202 1.2202 0.0312332 33257.8 0.00034743 1 -0.0586558 -0.139462 0.05 34482.7
0 4689 2 phononTF 0.00180273 2.90962 3.19473 -0.0255585 1081.49 0.00104229 1 0.0523766 -0.145432 0.05 3297.69
0 4696 5 phononTS 0.000856766 -2.21078 -1.91919 -0.0210818 12071.9 0.00069486 1 -0.0685164 -0.230127 0.05 43688.8
0 4735 1 phononTS 0.004 0.269649 -0.03057 0.0154227 0 0.00069486 1 -0.0771081 -0.249553 0.05 1206.41
0 4735 2 phononTS 0.000420669 -0.0771081 -0.249553 0.049999 1206.41 0.00034743 1 -0.0913912 -0.232494 0.05 1266.91
0 4740 6 phononTS 0.00133324 -4.93962 1.15237 0.0219357 58898.7 0.00034743 1 0.0265354 -0.271618 0.05 92038.9
0 4759 1 phononTS 0.004 1.02585 -2.86439 -0.0235878 0 0.00034743 1 0.0623146 -0.187423 0.05 16768.1
0 4791 3 phononTS 0.00171517 0.837536 -2.75338 0.015784 1956.82 0.00034743 1 0.110031 -0.16562 0.05 61130.3
0 4810 4 phononL 0.0013295 -1.26653 -4.81624 -0.0463703 7723.82 0.00034743 1 -0.0277407 -0.191217 0.05 63310.7
0 4810 8 phononTS 0.000425757 -0.0277407 -0.191217 0.049999 63310.7 0.00034743 1 -0.0566679 -0.157002 0.05 63373.2
0 4819 2 phononTF 0.00213681 2.4238 2.8559 0.0240362 12001.7 0.00104229 1 0.0290671 -0.291761 0.05 30431.4
0 4827 3 phononTF 0.00226641 -2.82834 -0.26748 -0.0165373 4430.58 0.00034743 1 -0.10611 -0.226857 0.05 6014.65
0 4827 4 phononTF 0.000609406 -0.10611 -0.226857 0.049999 6014.65 0.00034743 1 -0.078703 -0.232986 0.05 6077.03
0 4846 3 phononTS 0.00246296 3.89194 1.3186 0.0142464 7050.59 0.00034743 1 -0.0413807 -0.17489 0.05 17011.6
0 4846 4 phononTF 0.00190227 -0.0413807 -0.17489 0.049999 17011.6 0.00034743 1 -0.0460013 -0.15078 0.05 17810
0 4852 4 phononTF 0.00148714 4.0188 -0.297001 -0.0496509 32225 0.00034743 1 0.0461681 -0.130548 0.05 50808
0 4852 7 phononTS 0.000432198 0.0461681 -0.130548 0.049999 50808 0.00034743 1 -0.0178301 -0.186198 0.05 53505.2
0 4854 3 phononTS 0.00138723 -0.468322 -3.307 -0.0380572 10642.4 0.00034743 1 0.0498946 -0.231806 0.05 21286.7
0 4871 2 phononTF 0.00284912 -1.00486 -3.18 0.0303267 8255.71 0.00173715 1 0.0279961 -0.194745 0.05 18905
0 4890 2 phononL 0.00205262 -1.68651 -0.149399 0.0108559 834.36 0.00069486 1 0.0504831 -0.273657 0.05 44927.9
0 4904 5 phononTF 0.000511506 -2.88584 1.5772 0.00934305 17520.8 0.00034743 1 0.0249446 -0.257004 0.05 52975
0 4906 5 phononL 0.00127584 3.82723 0.703596 -0.000617782 34555.3 0.00034743 1 -0.0724844 -0.202539 0.05 47318.1
0 4917 2 phononTS 0.00172162 4.32453 4.9127 -0.0440783 11145.7 0.00034743 1 -0.0371992 -0.235139 0.05 19240.6
0 4917 4 phononL 0.000889314 -0.0371992 -0.235139 0.049999 19240.6 0.00069486 1 -0.0331857 -0.300975 0.05 19284.7
0 4940 5 phononTS 0.00168214 -3.50793 1.62024 -0.0216351 13272.8 0.00034743 1 -0.0304613 -0.130829 0.05 90480.4
0 4954 2 phononTS 0.00122092 -0.79804 0.489045 -0.0459231 829.872 0.00069486 1 0.0499755 -0.237339 0.05 3404.24
0 4963 3 phononTS 0.00142999 0.244964 3.18349 0.000816777 2431.95 0.00034743 1 0.0424711 -0.136059 0.05 8618.62
0 4963 6 phononTS 0.000561158 0.0424711 -0.136059 0.049999 8618.62 0.00034743 1 0.0326089 -0.146665 0.05 8679.89
0 4974 4 phononTF 0.00109388 3.22854 0.497766 0.0375485 8447.12 0.00034743 1 -0.0623623 -0.22656 0.05 10434.1
0 4982 2 phononTF 0.00160564 -0.35288 -0.603558 0.0190411 84.5242 0.00034743 1 0.0197002 -0.14444 0.05 6075.04
0 4987 2 phononTS 0.0015281 1.36662 -2.61274 -0.0136506 7884.39 0.00069486 1 0.0454926 -0.180474 0.05 24544.1
0 5012 2 phononTS 0.00236919 2.3304 -3.53925 -0.0488191 2421.45 0.00034743 1 -0.0265526 -0.11782 0.05 30748.8
0 5014 2 phononTF 0.00209749 3.71898 2.2394 -0.00454709 9503.33 0.00034743 1 -0.0295059 -0.263047 0.05 26820.5
0 5014 4 phononTF 0.000838636 -0.0295059 -0.263047 0.049999 26820.5 0.00034743 1 -0.0254469 -0.180189 0.05 26882
0 5027 6 phononTS 0.000867345 -1.17777 1.42274 -0.0388131 173450 0.00069486 1 0.0731695 -0.193473 0.05 202148
0 5038 3 phononTS 0.00256459 3.39759 4.5973 0.0240801 6201.28 0.00069486 1 -0.0475656 -0.160881 0.05 36026.2
0 5061 2 phononTS 0.00166075 4.16795 -0.374843 0.0371157 911.585 0.00069486 1 -0.103556 -0.168626 0.05 14296.3
0 5078 2 phononTS 0.00160727 2.24995 -3.0072 -0.0186049 3076.48 0.00034743 1 -0.0854122 -0.228963 0.05 10918.1
0 5110 5 phononTS 0.000560903 0.538633 0.0484402 0.049999 268.455 0.00034743 1 -0.0268403 -0.257708 0.05 213255
0 5111 4 phononL 0.000632623 -1.96396 3.54016 0.0489587 31084.7 0.00034743 1 0.0312231 -0.108092 0.05 77104
0 5191 2 phononTF 0.0017998 2.76107 2.93651 -0.047878 5010.17 0.00069486 1 -0.00993692 -0.199539 0.05 29075.6
0 5224 3 phononTF 0.00190213 2.0273 -4.04232 0.0326569 1979.07 0.00034743 1 -0.0479026 -0.242619 0.05 125888
0 5224 7 phononTF 0.000684082 -0.0479026 -0.242619 0.049999 125888 0.00034743 1 -0.0308907 -0.257051 0.05 125949
0 5237 1 phononTF 0.004 -1.2898 -2.85402 -0.0392681 0 0.00104229 1 0.0404323 -0.276327 0.05 5868.81
0 5237 2 phononTF 0.00147768 0.0404323 -0.276327 0.049999 5868.81 0.00034743 1 -0.0511972 -0.186811 0.05 6576.09
0 5262 2 phononTF 0.00127906 -0.308949 0.378087 -0.0494604 4110.99 0.00069486 1 -0.0160787 -0.237289 0.05 6716.17
0 5263 2 phononTF 0.00177692 3.48656 0.766571 0.0296435 402.251 0.00069486 1 -0.104386 -0.163457 0.05 21079.5
0 5277 5 phononTF 0.00238715 2.60304 -0.407512 0.00970944 29196.3 0.00069486 1 0.0390715 -0.19644 0.05 77680
0 5277 7 phononTS 0.00108407 0.0390715 -0.19644 0.049999 77680 0.00069486 1 0.0611924 -0.21164 0.05 77739.5
0 5284 3 phononTS 0.00265295 0.238387 0.437102 0.0132633 1397.3 0.00069486 1 0.111526 -0.174159 0.05 2625.95
0 5284 4 phononTF 0.000837703 0.111526 -0.174159 0.049999 2625.95 0.00034743 1 -0.0563868 -0.216175 0.05 3073.58
0 5321 2 phononL 0.00265295 3.56805 -1.81144 -0.0024476 5169.87 0.00069486 1 0.0305219 -0.155233 0.05 14648.1
0 5326 2 phononTS 0.00301921 -2.13609 -3.15323 -0.0316513 8082.2 0.00034743 1 0.0812134 -0.259731 0.05 30221.8
0 5347 1 phononTF 0.004 0.718699 -1.0469 0.0277503 0 0.00034743 1 -0.0311757 -0.0988971 0.05 4037.21
0 5347 2 phononTF 0.000764406 -0.0311757 -0.0988971 0.049999 4037.21 0.00034743 1 -0.0659304 -0.208614 0.05 4114.07
0 5401 3 phononTS 0.00236697 0.439022 -0.916392 0.048393 9878.25 0.00034743 1 0.056668 -0.233338 0.05 12449.8
0 5422 2 phononTS 0.00245509 0.554339 3.73251 -0.0259711 3876.77 0.00034743 1 0.0923738 -0.196386 0.05 21939.6
0 5422 4 phononTS 0.00111476 0.0923738 -0.196386 0.049999 21939.6 0.00034743 1 -0.0769885 -0.205972 0.05 22521.7
0 5506 3 phononTF 0.00247339 -4.11377 1.71127 -0.0414875 784.944 0.00034743 1 0.0204472 -0.230922 0.05 46348.3
0 5512 3 phononTS 0.00128807 -1.50413 0.972912 -0.0121403 2141.89 0.00069486 1 0.111567 -0.210963 0.05 6110.12
0 5525 5 phononTF 0.00101307 -2.35884 -4.81554 0.0384445 54981.3 0.00034743 1 -0.0449956 -0.110725 0.05 118469
0 5548 5 phononTF 0.00079956 4.75696 -4.01136 0.0118908 63285.7 0.00034743 1 -0.0915816 -0.210424 0.05 156375
0 5552 3 phononL 0.00228288 -2.29539 -4.42293 -0.0240873 3912.22 0.00034743 1 0.0445841 -0.235402 0.05 14399
0 5587 3 phononTS 0.000874903 4.46237 0.0748137 0.049999 5276.23 0.00034743 1 -0.0793937 -0.162091 0.05 45194.3
0 5590 3 phononTF 0.00223088 -3.6553 -1.1966 -0.0170321 7035.12 0.00069486 1 -0.029127 -0.214014 0.05 27797.3
0 5590 7 phononTS 0.000780939 -0.029127 -0.214014 0.049999 27797.3 0.00034743 1 0.0406808 -0.232021 0.05 27870.6
0 5603 3 phononTS 0.00113433 -2.79597 -1.49675 -0.0480966 1403.08 0.00034743 1 -0.0752118 -0.120151 0.05 41273
0 5609 4 phononTF 0.0011215 0.519547 4.92091 -0.035168 4454.48 0.00034743 1 0.0657706 -0.212202 0.05 40966.1
0 5625 4 phononTF 0.00128078 0.8395 4.36082 0.0497064 6026.78 0.00034743 1 0.0150804 -0.217581 0.05 75430.6
0 5642 2 phononTF 0.00117194 0.468809 0.560872 0.0306525 4114.6 0.00034743 1 -0.0412442 -0.278921 0.05 6961.9
0 5647 3 phononTF 0.00227631 -0.951889 -2.01345 0.0134104 1325.63 0.00069486 1 0.0309975 -0.243917 0.05 42283.6
0 5671 2 phononTF 0.00241063 -1.05665 -1.72393 -0.0335776 444.445 0.00138972 1 0.0586996 -0.162841 0.05 11729.3
0 5690 3 phononTF 0.00211677 -1.67034 0.575423 0.017589 11607.5 0.00034743 1 -0.0617633 -0.268312 0.05 17137.8
0 5691 4 phononTS 0.00133277 -0.713929 4.34803 -0.00310906 17227.5 0.00034743 1 -0.0473379 -0.203216 0.05 48812.4
0 5709 5 phononTS 0.00177972 -0.823422 -1.44089 -0.0427718 12092.2 0.00034743 1 -0.100411 -0.164851 0.05 48318.3
0 5709 7 phononTF 0.000408722 -0.100411 -0.164851 0.049999 48318.3 0.00034743 1 -0.111385 -0.204967 0.05 48377.2
0 5728 2 phononTS 0.00212841 -0.917921 -2.39066 0.0278449 8018.87 0.00069486 1 -0.0516589 -0.294941 0.05 24173
0 5746 4 phononL 0.00167015 0.159067 -4.96012 -0.017201 35849.2 0.00069486 1 0.0950402 -0.170027 0.05 51362.1
0 5746 7 phononTF 0.000374471 0.0950402 -0.170027 0.049998 51362.1 0.00034743 1 0.0978768 -0.159694 0.05 51664.7
0 5750 3 phononTF 0.000437699 -1.18261 0.0323032 0.049999 2695.28 0.00034743 1 0.0890508 -0.169562 0.05 59286
0 5758 4 phononL 0.00160885 4.10696 -1.60313 0.0231918 37131.7 0.00034743 1 -0.040464 -0.114137 0.05 57489.5
0 5812 3 phononTS 0.00130436 4.5081 1.74797 -0.0171351 7904.87 0.00034743 1 0.0450396 -0.211109 0.05 15341
0 5812 6 phononTS 0.000840553 0.0450396 -0.211109 0.049999 15341 0.00034743 1 -0.105352 -0.191233 0.05 15801.1
0 5830 2 phononTS 0.000382503 3.54358 0.0332162 0.049999 571.093 0.00034743 1 -0.0447932 -0.229957 0.05 17159.7
0 5835 3 phononTF 0.00185637 -1.2162 2.48304 0.0348023 1342.45 0.00069486 1 -0.0546468 -0.200136 0.05 44450
0 5835 13 phononTS 0.000492613 -0.0546468 -0.200136 0.049999 44450 0.00034743 1 -0.0674574 -0.214742 0.05 44507.9
0 5844 2 phononTF 0.00247248 0.838215 -0.892245 -0.037365 3759.45 0.00034743 1 0.062517 -0.119955 0.05 5111.28
0 5846 3 phononTS 0.000627873 -1.40065 0.0507925 0.049999 516.115 0.00034743 1 0.0904334 -0.146109 0.05 33662.4
0 5858 2 phononTF 0.00209373 -1.79328 4.48355 -0.0413103 2601.48 0.00069486 1 -0.0716943 -0.157743 0.05 30857.3
0 5869 3 phononL 0.00183035 -1.37119 2.45223 -6.71395e-05 954.092 0.00069486 1 -0.0777318 -0.153472 0.05 27846.3
0 5898 2 phononTF 0.00168118 0.481713 3.68377 -0.0274195 10544.7 0.00034743 1 -0.0512671 -0.123628 0.05 91235.5
0 5910 4 phononL 0.00108408 -0.598222 1.35886 -0.0434024 14168.9 0.00034743 1 0.0634626 -0.271496 0.05 30626.6
0 5922 2 phononL 0.00182449 4.91253 -2.00372 0.0245534 4270.14 0.00034743 1 -0.0925126 -0.193006 0.05 37071.4
0 5978 2 phononTS 0.00082515 -2.61477 1.38755 0.0190327 2874.57 0.00034743 1 -0.0832978 -0.136571 0.05 12726.8
0 6027 4 phononTS 0.000433394 3.96132 0.0620432 0.049999 17918.4 0.00034743 1 0.109651 -0.224701 0.05 70559.8
0 6037 2 phononTS 0.00144218 -3.77505 4.21551 -0.0235594 7257.58 0.00034743 1 -0.0378835 -0.104796 0.05 46765.8
0 6037 5 phononTS 0.00101683 -0.0378835 -0.104796 0.049999 46765.8 0.00034743 1 0.0347009 -0.259789 0.05 47737.5
0 6067 2 phononTS 0.00127424 4.25144 1.39417 -0.03811 676.174 0.00034743 1 0.0313946 -0.214111 0.05 26525.8
0 6085 3 phononL 0.00198136 -2.12021 -3.22806 0.00844323 2994.6 0.00034743 1 -0.116692 -0.207179 0.05 5696.73
0 6087 3 phononTF 0.00250106 -4.15072 3.64921 0.0419962 1502.14 0.00104229 1 -0.11185 -0.242588 0.05 20813.6
0 6093 2 phononTF 0.00176077 -0.839534 -3.03792 0.0107368 21015.2 0.00034743 1 0.0281874 -0.199892 0.05 38134.1
0 6093 9 phononTF 0.000355376 0.0281874 -0.199892 0.049999 38134.1 0.00034743 1 -0.0496876 -0.115603 0.05 38690.7
0 6109 4 phononTF 0.000655829 3.86904 0.0518325 0.049999 1401.49 0.00034743 1 -0.0377639 -0.194359 0.05 62104.8
0 6116 3 phononTS 0.00178266 0.465715 0.610981 -0.0101923 3883.69 0.00069486 1 -0.0360993 -0.162387 0.05 36830
0 6211 4 phononTS 0.00182093 -3.02835 0.824666 -0.0111373 11088.4 0.00034743 1 -0.0550653 -0.213008 0.05 41424.4
0 6232 4 phononTF 0.000598998 -3.01603 0.0616818 0.049999 6663.59 0.00034743 1 -0.0303691 -0.267451 0.05 12712.8
0 6301 2 phononTS 0.00156636 -4.96468 3.99631 0.0102003 2981.2 0.00034743 1 -0.0991803 -0.248876 0.05 74308.4
0 6303 4 phononTS 0.00066351 1.73662 -0.807352 -0.0492733 15627.8 0.00034743 1 -0.0624406 -0.184561 0.05 16658.1
0 6324 5 phononTS 0.00173505 -0.455321 1.38275 -0.0406714 23536.5 0.00034743 1 0.0298715 -0.0949702 0.05 77412.8
0 6340 2 phononTF 0.00142285 0.570125 0.18987 -0.0228242 183.993 0.00069486 1 -0.0781288 -0.279317 0.05 23753.2
0 6347 3 phononTS 0.00180308 -3.69999 2.234 0.0269371 96.97 0.00104229 1 -0.0998874 -0.262752 0.05 10938.5
0 6357 3 phononTS 0.00232548 -1.79996 1.6919 -0.0117614 2764.08 0.00069486 1 -0.11731 -0.219129 0.05 11277
0 6384 5 phononL 0.000960858 2.7911 -3.41783 -0.039039 30445 0.00034743 1 -0.0362318 -0.217858 0.05 50006.2
0 6388 3 phononL 0.00203931 -1.40688 2.50225 -0.0241904 4467.03 0.00034743 1 0.0173141 -0.160294 0.05 10051.1
0 6397 3 phononTS 0.00269509 4.4679 -1.19132 0.0102715 18115 0.00034743 1 -0.0830062 -0.125155 0.05 37661.3
0 6414 2 phononTS 0.00209282 -1.0939 0.449414 -0.0269626 215.41 0.00104229 1 -0.0663955 -0.141329 0.05 8594.71
0 6422 5 phononTS 0.00162321 -2.97097 -4.19664 -0.0217299 23006.5 0.00034743 1 0.0910204 -0.230988 0.05 46503.7
0 6450 3 phononTF 0.00148986 4.15961 -3.82071 0.0157774 2678.25 0.00034743 1 0.061887 -0.21839 0.05 32970.9
0 6450 4 phononTS 0.000911831 0.061887 -0.21839 0.049999 32970.9 0.00034743 1 0.0760908 -0.21887 0.05 33046.9
0 6450 10 phononTS 0.000561625 0.0760908 -0.21887 0.049999 33046.9 0.00034743 1 0.101311 -0.2191 0.05 33263.4
0 6455 2 phononTS 0.0024117 -1.8494 -1.46499 -0.00286299 60.1807 0.00104229 1 -0.0205378 -0.21073 0.05 7836.4
0 6464 3 phononTS 0.00196838 -0.275699 0.695601 -0.0194378 3626.01 0.00034743 1 0.100214 -0.17201 0.05 49803.2
0 6464 7 phononTS 0.0005644 0.100214 -0.17201 0.049999 49803.2 0.00034743 1 0.0535112 -0.219943 0.05 51806
0 6464 6 phononTS 0.000920094 0.100214 -0.17201 0.049999 49803.2 0.00034743 1 0.0787251 -0.137424 0.05 49869
0 6464 16 phononTS 0.000474503 0.0787251 -0.137424 0.049999 49869 0.00034743 1 0.0418573 -0.268974 0.05 50018.5
0 6474 4 phononTF 0.000855367 3.88247 0.0256497 0.049999 6056.48 0.00034743 1 -0.0879461 -0.276868 0.05 29526.5
0 6518 3 phononTS 0.000719197 -0.43433 0.059356 0.049999 22.4084 0.00034743 1 0.099781 -0.259653 0.05 638.603
0 6522 2 phononTS 0.0015838 2.70521 4.78574 0.0490349 4710.61 0.00069486 1 -0.0684087 -0.292442 0.05 94748
0 6523 3 phononTF 0.000649473 -0.961295 0.0952242 0.049999 359.247 0.00034743 1 -0.0357115 -0.284755 0.05 52584.3
0 6551 4 phononTF 0.000825927 -3.67615 -0.173655 0.0152448 12257.1 0.00034743 1 0.0668906 -0.119137 0.05 16508.4
0 6563 2 phononTS 0.00240843 -1.38209 3.86175 -0.0195166 7671.93 0.00104229 1 0.0616387 -0.273751 0.05 14109.3
0 6564 4 phononTS 0.000669868 0.0439026 0.00171182 0.0423922 52553.2 0.00034743 1 0.0363845 -0.129198 0.05 53516.3
0 6570 2 phononL 0.0027283 4.34118 -1.55771 -0.0169762 3813.85 0.00069486 1 0.0640482 -0.231698 0.05 34778.3
0 6605 1 phononTS 0.004 -0.870557 -0.0281571 0.0125751 0 0.00138972 1 0.0184252 -0.229462 0.05 731.159
0 6636 3 phononL 0.0017018 0.313309 1.00867 -0.0238854 1365.81 0.00069486 1 -0.0648514 -0.217717 0.05 22710
0 6640 2 phononL 0.00165965 -1.11102 3.80416 0.0199974 13484.1 0.00069486 1 -0.0160701 -0.193665 0.05 21806.5
0 6659 5 phononTS 0.000970769 1.34743 1.6435 -0.0439818 14916.4 0.00034743 1 -0.0473619 -0.280398 0.05 45926.7
0 6689 4 phononL 0.0010912 3.93974 -4.00304 0.0499736 39627.2 0.00069486 1 -0.0273881 -0.199792 0.05 48109.3
0 6699 4 phononTS 0.00106451 -2.91211 -2.09302 0.0111854 23825.7 0.00034743 1 0.0411136 -0.158701 0.05 33460.9
0 6699 8 phononTS 0.000407498 0.0411136 -0.158701 0.049998 33460.9 0.00034743 1 0.0597203 -0.20944 0.05 33539.5
0 6710 4 phononTS 0.000783008 3.66107 0.0352145 0.049999 995.08 0.00034743 1 0.0896407 -0.221678 0.05 45689.4
0 6759 1 phononTS 0.004 -0.883358 -2.30398 0.0316968 0 0.00104229 1 -0.0359764 -0.0946262 0.05 7525.98
0 6760 2 phononTF 0.0020982 -3.63061 1.37696 0.0148539 5534.77 0.00034743 1 0.017191 -0.158333 0.05 12371.7
0 6766 3 phononL 0.00227264 -1.52644 1.34868 -0.0079845 1126.06 0.00034743 1 -0.0427733 -0.236226 0.05 2249.98
0 6773 2 phononTF 0.00225702 -2.64675 1.12422 0.0469295 8047.93 0.00069486 1 0.022271 -0.25787 0.05 14805.2
0 6773 6 phononTS 0.00041601 0.022271 -0.25787 0.049999 14805.2 0.00034743 1 0.0220296 -0.243027 0.05 14862.5
0 6777 2 phononTF 0.00292338 -1.71097 1.34898 -0.0073726 3853.21 0.00069486 1 -0.0608923 -0.186149 0.05 27721.2
0 6783 2 phononTS 0.00246417 2.89763 2.7447 0.0335464 560.109 0.00034743 1 0.0307642 -0.0929624 0.05 31123.9
0 6783 6 phononTS 0.000754855 0.0307642 -0.0929624 0.049999 31123.9 0.00034743 1 0.0830897 -0.261125 0.05 31352.2
0 6793 3 phononTS 0.00155776 -0.741333 -4.25919 0.0424904 256.399 0.00034743 1 -0.0565981 -0.26595 0.05 15273.6
0 6799 3 phononTS 0.00209053 -2.08829 -0.661025 -0.0107001 9302.12 0.00069486 1 0.0228237 -0.219536 0.05 19372.4
0 6799 4 phononTF 0.000372733 0.0228237 -0.219536 0.049999 19372.4 0.00034743 1 0.0989639 -0.139902 0.05 19443.7
0 6801 2 phononL 0.00194855 1.29841 2.25591 -0.00372101 1546.39 0.00069486 1 0.0596735 -0.144514 0.05 8364.11
0 6812 2 phononTF 0.00169947 -3.33506 4.04713 -0.0343796 2804.19 0.00034743 1 0.0551036 -0.149671 0.05 7842.54
0 6812 6 phononL 0.00120703 0.0551036 -0.149671 0.049999 7842.54 0.00069486 1 -0.103467 -0.220079 0.05 7896.35
0 6817 3 phononL 0.00243193 4.66271 -0.970978 -0.0374595 969.72 0.00069486 1 -0.0528292 -0.272989 0.05 52637.7
0 6820 7 phononTS 0.000892243 -1.95746 -1.60987 0.019158 37374.1 0.00034743 1 -0.0267505 -0.136322 0.05 102810
0 6858 2 phononTS 0.000608523 -4.40007 2.77189 -0.0307332 2142.74 0.00034743 1 0.0610253 -0.132275 0.05 92063.4
0 6896 1 phononTS 0.004 -0.425387 -0.327798 -0.039951 0 0.00069486 1 -0.102818 -0.229206 0.05 828.244
0 6904 3 phononTS 0.00173984 3.67902 2.00074 0.0127149 14882.6 0.00034743 1 -0.0485893 -0.213226 0.05 27848.9
0 6929 3 phononTS 0.00178062 -0.106028 1.26623 -0.0188484 2699.97 0.00069486 1 -0.0580765 -0.194112 0.05 6295.66
0 6944 3 phononTS 0.00205711 -4.34602 4.85274 -0.0134616 1442.88 0.00034743 1 -0.0553563 -0.241075 0.05 35748.6
0 6949 4 phononTS 0.00121787 3.98498 0.945768 -0.0339649 14319.3 0.00034743 1 0.0762985 -0.166135 0.05 53347.2
0 6949 7 phononTS 0.000798382 0.0762985 -0.166135 0.049999 53347.2 0.00069486 1 -0.0310501 -0.108699 0.05 53448.4
0 6954 2 phononTS 0.00170776 0.427346 4.38331 -0.0429107 3730.01 0.00104229 1 -0.0374787 -0.166338 0.05 67855.4
0 6972 1 phononTS 0.004 -1.32745 0.506727 -0.01641 0 0.00138972 1 -0.0717579 -0.168844 0.05 7117.59
0 6993 4 phononL 0.00190587 4.317 -1.86711 -0.0362044 10105.8 0.00069486 1 -0.0889959 -0.206699 0.05 40616.6
0 7004 2 phononTF 0.00275874 -2.79419 1.19863 -0.0425422 560.564 0.00069486 1 -0.0889989 -0.222906 0.05 7123.28
0 7025 1 phononL 0.004 -1.95618 -2.23367 -0.0107769 0 0.00069486 1 -0.0936922 -0.188796 0.05 12731.8
0 7025 6 phononTS 0.001127 -0.0936922 -0.188796 0.049999 12731.8 0.00034743 1 -0.0972427 -0.175212 0.05 12795.3
0 7037 2 phononL 0.0021313 3.81334 3.81779 -0.0341766 10637.5 0.00069486 1 0.071793 -0.2298 0.05 28945.1
0 7042 5 phononTS 0.00151385 3.03422 -3.5408 0.0341821 3696.75 0.00034743 1 -0.0285322 -0.230814 0.05 28852.3
0 7042 6 phononTF 0.000806333 -0.0285322 -0.230814 0.049999 28852.3 0.00034743 1 -0.0421196 -0.108432 0.05 29251.1
0 7055 3 phononTF 0.0029526 -2.90266 -0.512978 0.0135443 15926.9 0.00034743 1 -0.106789 -0.162433 0.05 21370.3
0 7055 4 phononTS 0.00222578 -0.106789 -0.162433 0.049999 21370.3 0.00069486 1 0.0220283 -0.176748 0.05 21455.3
0 7055 12 phononL 0.00121757 0.0220283 -0.176748 0.049999 21455.3 0.00034743 1 0.0215162 -0.213484 0.05 28409.6
0 7055 21 phononL 0.000480241 0.0215162 -0.213484 0.049999 28409.6 0.00034743 1 0.032088 -0.215375 0.05 28566.4
0 7062 5 phononTS 0.00108706 -1.88171 3.66169 -0.0249311 66107.2 0.00034743 1 -0.056449 -0.203146 0.05 170928
0 7065 2 phononTS 0.000708369 -3.20644 0.788141 -0.0137496 1578.34 0.00034743 1 0.070804 -0.242258 0.05 31723.6
0 7070 3 phononTS 0.00149158 0.550832 2.96116 0.0362479 25872.3 0.00034743 1 0.0215339 -0.258513 0.05 36453.6
0 7139 3 phononTS 0.00233457 -3.38567 -4.91147 -0.0483848 16329.6 0.00034743 1 -0.0675742 -0.126458 0.05 27427.9
0 7192 2 phononTF 0.00150529 0.764758 -0.156206 0.0461165 21.588 0.00034743 1 0.0295774 -0.208717 0.05 20091.1
0 7222 5 phononL 0.000849423 1.37122 -3.80797 -0.0154618 41996.2 0.00034743 1 0.0392319 -0.237129 0.05 84774.4
0 7234 2 phononTF 0.00298816 -0.413136 -3.05899 -0.044219 2696.22 0.00034743 1 0.0534366 -0.15067 0.05 10712.1
0 7260 3 phononTF 0.00255332 2.05279 -0.136542 0.0176835 907.679 0.00069486 1 0.0759347 -0.200041 0.05 4437.08
0 7260 4 phononL 0.000620738 0.0759347 -0.200041 0.049999 4437.08 0.00034743 1 -0.0250647 -0.184911 0.05 5636.49
0 7269 4 phononTF 0.000851682 0.61028 3.98948 -0.035953 4637.49 0.00034743 1 -0.0744261 -0.131497 0.05 84052.1
0 7291 5 phononTF 0.00216649 -2.9005 -1.24153 0.021699 33573.8 0.00069486 1 0.037536 -0.229208 0.05 40217
0 7304 3 phononTF 0.00159111 0.553296 -1.89544 -0.0423318 2903.55 0.00034743 1 -0.0147859 -0.170842 0.05 32703.3
0 7307 6 phononTS 0.00039339 -2.70166 -3.12703 -0.00626349 47498.7 0.00034743 1 0.104531 -0.167569 0.05 163003
0 7317 2 phononTF 0.0021257 -0.138915 0.551471 0.0106119 2272.03 0.00104229 1 0.0868011 -0.145215 0.05 3218.71
0 7326 2 phononTS 0.00194589 3.99232 -2.45943 -0.0232959 356.222 0.00104229 1 -0.0783624 -0.243407 0.05 9578.08
0 7344 5 phononTS 0.00123552 2.439 2.96616 0.0386334 15303.3 0.00034743 1 -0.0314322 -0.297602 0.05 27860.4
0 7347 2 phononTF 0.00100347 2.19917 -2.8569 0.0317034 17.0986 0.00069486 1 -0.0253504 -0.142372 0.05 9541.99
0 7348 2 phononTS 0.00140968 -2.20697 -2.33088 0.0277637 1281.57 0.00069486 1 0.0306698 -0.249091 0.05 16785.5
0 7375 3 phononTS 0.000780288 -1.07585 0.0182607 0.049999 85.6915 0.00034743 1 -0.0930616 -0.218861 0.05 472.543
0 7396 2 phononTS 0.00131158 -0.209242 -1.81515 -0.0110151 1357.72 0.00034743 1 -0.0380995 -0.209533 0.05 33620.2
0 7396 6 phononL 0.000456751 -0.0380995 -0.209533 0.049999 33620.2 0.00034743 1 -0.0855403 -0.162541 0.05 33745.6
0 7412 3 phononL 0.00147175 -3.8464 -3.98599 0.0297517 12745.5 0.00034743 1 0.0493879 -0.229387 0.05 23936.9
0 7436 2 phononTS 0.00209584 0.254646 0.823257 0.0499005 105.205 0.00069486 1 -0.0887347 -0.157083 0.05 784.447
0 7484 3 phononTS 0.00197396 -1.58188 -0.891066 -0.0244036 1090.61 0.00034743 1 -0.0532224 -0.283872 0.05 5571.33
0 7484 4 phononTS 0.00113915 -0.0532224 -0.283872 0.049999 5571.33 0.00069486 1 -0.0214669 -0.198096 0.05 5648.93
0 7486 2 phononTS 0.0012593 0.61487 2.77557 -0.000941613 2553.45 0.00034743 1 -0.0239606 -0.155742 0.05 21288.1
0 7499 3 phononTS 0.00197796 -2.98985 -4.75569 0.0387381 5239.51 0.00104229 1 0.0780049 -0.277498 0.05 19742.5
0 7512 2 phononL 0.00163142 -0.53979 -2.49623 0.036222 5601.39 0.00034743 1 -0.0377193 -0.28101 0.05 18124.9
0 7544 2 phononL 0.000559951 2.19984 0.014791 0.049999 53.5532 0.00034743 1 0.0493878 -0.140951 0.05 6628.58
0 7556 3 phononTS 0.00188603 -0.742419 -3.09454 -0.0480712 3029.99 0.00034743 1 -0.086311 -0.159823 0.05 33586.2
0 7556 5 phononTS 0.000363449 -0.086311 -0.159823 0.049999 33586.2 0.00034743 1 0.01494 -0.211678 0.05 33666
0 7556 4 phononTF 0.00110772 -0.086311 -0.159823 0.049999 33586.2 0.00034743 1 -0.0975371 -0.149609 0.05 33645.3
0 7561 2 phononTS 0.0024378 2.61412 -4.38905 0.0368498 8526.8 0.00069486 1 -0.0919029 -0.229126 0.05 24152.5
0 7561 9 phononTF 0.000440855 -0.0919029 -0.229126 0.049999 24152.5 0.00034743 1 -0.0675776 -0.202937 0.05 24277.7
0 7561 7 phononTS 0.000564561 -0.0919029 -0.229126 0.049999 24152.5 0.00034743 1 -0.072763 -0.250743 0.05 24667.7
0 7573 2 phononTF 0.000916741 1.56618 -0.00879017 -0.0473871 1161.43 0.00034743 1 0.0588836 -0.126214 0.05 14068.8
0 7606 2 phononTS 0.00259338 0.517168 1.09656 0.0402759 1919.04 0.00104229 1 0.0351796 -0.130979 0.05 15693.1
0 7608 3 phononTS 0.00199531 -4.16458 1.34526 -0.00113694 3688.3 0.00069486 1 -0.0397042 -0.267557 0.05 12086.9
0 7608 4 phononL 0.000480998 -0.0397042 -0.267557 0.049999 12086.9 0.00034743 1 -0.0887756 -0.247451 0.05 12199.6
0 7616 2 phononL 0.00204183 -4.77525 3.49908 0.0240699 7078.89 0.00069486 1 -0.0792079 -0.227419 0.05 99854.2
0 7616 4 phononL 0.000482296 -0.0792079 -0.227419 0.049999 99854.2 0.00034743 1 0.0792325 -0.129149 0.05 101372
0 7617 2 phononTF 0.00205287 1.98845 -4.23457 -0.0284873 8061.2 0.00034743 1 0.0578684 -0.144037 0.05 13914.8
0 7620 2 phononTF 0.00147244 -1.69512 -1.13217 0.018117 243.617 0.00069486 1 -0.0516616 -0.100454 0.05 103512
0 7624 3 phononTS 0.0021105 0.0013988 0.802896 0.0498953 431.077 0.00034743 1 -0.0738922 -0.155735 0.05 28721.1
0 7624 4 phononTF 0.000407685 -0.0738922 -0.155735 0.049999 28721.1 0.00034743 1 0.104407 -0.1688 0.05 28873.2
0 7627 4 phononTF 0.000939045 -0.123269 -4.26615 -0.0290741 12964.8 0.00034743 1 -0.0765027 -0.123765 0.05 113597
0 7634 2 phononTS 0.00255259 -2.84571 0.0898255 -0.00641692 1113.89 0.00034743 1 0.0182559 -0.181844 0.05 10209.8
0 7640 3 phononTF 0.00160769 -3.60254 3.81149 -0.0341273 1590.76 0.00034743 1 0.0722556 -0.259208 0.05 18664.7
0 7642 3 phononTS 0.00219334 -3.87687 0.951894 0.0147524 1778.61 0.00069486 1 -0.0618115 -0.200139 0.05 4184.96
0 7660 2 phononTS 0.00075207 -1.48861 0.0212521 0.049999 1134.77 0.00034743 1 0.0765404 -0.275285 0.05 32074.4
0 7671 3 phononTF 0.00235215 4.3443 1.99744 0.0168817 3926.12 0.00034743 1 0.0423906 -0.274277 0.05 22611.8
0 7671 5 phononTS 0.00106577 0.0423906 -0.274277 0.049999 22611.8 0.00034743 1 0.113357 -0.223611 0.05 22953.7
0 7680 1 phononL 0.004 0.0800585 -0.229058 0.00410586 0 0.00034743 1 0.0358258 -0.110085 0.05 39.3805
0 7680 4 phononTS 0.0015183 0.0358258 -0.110085 0.049999 39.3805 0.00034743 1 0.0409292 -0.101973 0.05 96.1507
0 7680 2 phononTS 0.000612102 0.0358258 -0.110085 0.049999 39.3805 0.00034743 1 -0.0438376 -0.115017 0.05 327.843
0 7682 3 phononTS 0.00200133 1.05823 -1.84822 0.0200929 5066.26 0.00104229 1 -0.11114 -0.241908 0.05 10754.1
0 7706 2 phononTS 0.00189494 2.00013 -0.538958 0.0276135 5671.46 0.00034743 1 -0.0548461 -0.159578 0.05 9518.97
0 7710 2 phononTS 0.00198019 1.27068 2.30623 0.0202872 3320.69 0.00034743 1 0.0851864 -0.12046 0.05 24836.3
0 7717 1 phononL 0.004 0.317361 -1.09689 0.0237498 0 0.00069486 1 0.0459268 -0.235588 0.05 3231.81
0 7745 2 phononTS 0.0024876 0.276645 -1.48778 0.0181278 1.71653 0.00069486 1 0.0401561 -0.20333 0.05 85687.4
0 7745 4 phononTS 0.000979728 0.0401561 -0.20333 0.049999 85687.4 0.00034743 1 -0.0166208 -0.177079 0.05 85815.9
0 7752 5 phononTS 0.000558243 2.90253 -4.50543 0.00671837 7544.14 0.00034743 1 0.0613966 -0.291539 0.05 20878.5
0 7755 2 phononTF 0.00268353 -2.95328 1.68904 0.043287 19909 0.00069486 1 0.0475733 -0.302711 0.05 39193.1
0 7757 1 phononL 0.004 0.167284 -0.0473912 0.0132492 0 0.00104229 1 0.0437503 -0.16365 0.05 52.9694
0 7782 1 phononTS 0.004 -0.641881 -1.09832 0.0274414 0 0.00034743 1 -0.0695119 -0.240675 0.05 3645.6
0 7782 2 phononTS 0.00129988 -0.0695119 -0.240675 0.049999 3645.6 0.00034743 1 -0.0131992 -0.184917 0.05 3750.9
0 7782 10 phononTS 0.000625141 -0.0131992 -0.184917 0.049999 3750.9 0.00034743 1 -0.0322581 -0.183481 0.05 41877.2
0 7796 4 phononTS 0.000348028 3.2492 0.099298 0.049999 924.816 0.00034743 1 -0.0670383 -0.196988 0.05 13272.7
0 7799 3 phononTS 0.00188544 -1.66526 3.93559 0.0493805 7547 0.00034743 1 -0.088006 -0.236645 0.05 25207.2
0 7827 4 phononL 0.00132984 -1.86824 -3.23739 -0.0325586 23029.8 0.00069486 1 -0.0429553 -0.25033 0.05 50746.2
0 7833 3 phononTS 0.00241958 0.8497 2.84751 -0.0338155 1407.82 0.00069486 1 -0.0171239 -0.230821 0.05 8637.83
0 7877 3 phononTF 0.00238493 -1.71119 -3.76378 0.0202841 1677.48 0.00034743 1 -0.0487128 -0.28151 0.05 11786.1
0 7877 2 phononL 0.00161507 -1.71119 -3.76378 0.0202841 1677.48 0.00034743 1 -0.0586561 -0.165772 0.05 24753.5
0 7896 4 phononTS 0.000786403 0.0776239 3.98704 0.0258679 21931.7 0.00034743 1 -0.0533089 -0.205353 0.05 66742.1
0 7896 7 phononL 0.000396382 -0.0533089 -0.205353 0.049999 66742.1 0.00034743 1 -0.0946302 -0.155716 0.05 67548.6
0 7902 2 phononTS 0.00296459 0.0829621 -4.23919 -0.0397935 35517.2 0.00034743 1 -0.0376066 -0.266314 0.05 52468.5
0 7936 5 phononTF 0.00103405 -0.0833401 -0.231425 -0.0216453 65845.7 0.00034743 1 -0.0807623 -0.122692 0.05 65882.4
0 7957 2 phononTF 0.000765622 0.185915 0.0242328 0.049999 18022.7 0.00034743 1 0.0907599 -0.143685 0.05 18169.6
0 7971 3 phononTF 0.00144366 -3.02802 -2.07944 0.0168537 1071.29 0.00034743 1 0.029483 -0.297171 0.05 11453.4
0 7971 6 phononTS 0.00100771 0.029483 -0.297171 0.049999 11453.4 0.00034743 1 -0.0423586 -0.253014 0.05 11525.3
0 7997 2 phononTS 0.000939938 0.814888 -1.95149 0.0300824 10822.8 0.00034743 1 0.0768256 -0.274603 0.05 12852.6
0 8014 3 phononTF 0.00288048 -4.3659 -1.58982 0.0299412 1464.68 0.00069486 1 -0.0741446 -0.231582 0.05 18361.1
0 8029 5 phononTS 0.00102289 -2.38683 -0.677553 -0.0282791 9517 0.00034743 1 0.0820447 -0.276018 0.05 10611.6
0 8034 2 phononTS 0.00177477 -2.42273 0.369104 0.0460559 7080.81 0.00034743 1 -0.0343989 -0.25582 0.05 10584.3
0 8092 3 phononL 0.00145908 -0.268227 1.12449 0.0375972 7080.7 0.00034743 1 0.0790139 -0.217483 0.05 9850.79
0 8092 4 phononTF 0.000390644 0.0790139 -0.217483 0.049999 9850.79 0.00034743 1 0.082007 -0.166453 0.05 9975.54
0 8148 1 phononTS 0.004 0.150375 -0.328552 0.0196412 0 0.00034743 1 0.11424 -0.233569 0.05 725.945
0 8148 4 phononTS 0.000686745 0.11424 -0.233569 0.049999 725.945 0.00034743 1 0.0390516 -0.303184 0.05 803.947
0 8157 2 phononTS 0.00130522 4.40036 -0.517463 -0.0287998 3335.36 0.00034743 1 0.0266536 -0.256789 0.05 25810
0 8157 4 phononTF 0.000639947 0.0266536 -0.256789 0.049999 25810 0.00034743 1 -0.0807855 -0.234324 0.05 25880.3
0 8173 4 phononTS 0.00161916 1.07402 -3.1495 0.0149347 8258.05 0.00069486 1 0.0788886 -0.132548 0.05 12341.4
0 8206 3 phononTF 0.00262218 -3.83833 -4.13511 -0.0067245 14027.9 0.00069486 1 0.0951172 -0.185474 0.05 31129.1
0 8231 3 phononL 0.00130881 1.58358 -1.34839 -0.0123856 761.144 0.00069486 1 0.0769354 -0.274995 0.05 16833.7
0 8232 2 phononL 0.00220062 -0.346097 2.2645 0.0202113 3061.83 0.00069486 1 0.0411765 -0.115026 0.05 5442.35
0 8249 3 phononTS 0.00108586 -0.424432 -0.894187 0.0216512 1139.13 0.00034743 1 -0.103444 -0.152323 0.05 64667.7
0 8272 5 phononL 0.000916829 0.00381269 -1.32481 -0.0223961 11362.1 0.00034743 1 0.0866251 -0.176944 0.05 14443.7
0 8275 4 phononTF 0.00125516 1.14935 3.87912 -0.0425714 13676.6 0.00034743 1 -0.0616416 -0.294915 0.05 55490.1
0 8290 1 phononTF 0.004 -0.625012 -0.908878 -0.0166541 0 0.00034743 1 -0.0704001 -0.25561 0.05 3810.98
0 8311 4 phononTF 0.00113652 0.313564 -0.976238 0.0179343 38218.3 0.00034743 1 0.0717763 -0.154081 0.05 92780.5
0 8311 6 phononTS 0.000594325 0.0717763 -0.154081 0.049999 92780.5 0.00034743 1 0.0526544 -0.291127 0.05 93136.6
0 8363 3 phononL 0.00150545 -4.40635 2.69813 0.0327848 3564.16 0.00034743 1 0.0354425 -0.244071 0.05 61881
0 8363 6 phononTF 0.00112466 0.0354425 -0.244071 0.049999 61881 0.00034743 1 -0.0263674 -0.25203 0.05 62032.9
0 8420 3 phononTS 0.0027184 -0.986798 1.14861 -0.0367049 10131.7 0.00069486 1 0.0600471 -0.270123 0.05 47860.5
0 8420 4 phononTS 0.000381237 0.0600471 -0.270123 0.049999 47860.5 0.00034743 1 -0.0781687 -0.265584 0.05 48384.6
0 8424 3 phononTF 0.00214576 1.46932 -1.29846 -0.00181682 7380.08 0.00069486 1 0.110468 -0.168446 0.05 20920.5
0 8437 3 phononL 0.00150306 0.234163 -0.257736 0.0424143 1828.37 0.00034743 1 0.0324463 -0.141817 0.05 2455.71
0 8457 2 phononTS 0.000643351 0.642337 0.0624616 0.049999 1892 0.00034743 1 0.0763491 -0.119066 0.05 4218.65
0 8469 3 phononL 0.0013229 3.42213 1.99573 -0.0395512 5790.46 0.00034743 1 0.0421083 -0.275563 0.05 23917.8
0 8469 4 phononTF 0.000908346 0.0421083 -0.275563 0.049999 23917.8 0.00034743 1 -0.0953627 -0.197841 0.05 24157.7
0 8471 3 phononTF 0.000918066 2.9557 -4.95898 -0.0118648 6245.42 0.00034743 1 0.0726905 -0.184422 0.05 62341.2
0 8471 5 phononTS 0.000446198 0.0726905 -0.184422 0.049999 62341.2 0.00034743 1 -0.0170452 -0.231291 0.05 62475.7
0 8474 3 phononTS 0.00169786 -3.16754 4.26527 0.011121 7304.36 0.00034743 1 0.110971 -0.204157 0.05 121780
0 8499 3 phononL 0.00294048 -3.15043 -0.356331 0.00808455 43.4848 0.00034743 1 -0.0817988 -0.143937 0.05 36341.4
0 8499 4 phononTF 0.00182044 -0.0817988 -0.143937 0.049999 36341.4 0.00034743 1 -0.0728491 -0.250677 0.05 36409
0 8502 3 phononL 0.00288416 3.12994 -4.16989 -0.0458277 1256.32 0.00069486 1 -0.103464 -0.23027 0.05 32383.1
0 8502 5 phononL 0.000588009 -0.103464 -0.23027 0.049999 32383.1 0.00034743 1 0.107823 -0.230814 0.05 33980.4
0 8523 2 phononTS 0.00239625 -0.866851 -4.01797 0.00316468 14671.6 0.00034743 1 0.114152 -0.229065 0.05 25890.2
0 8531 3 phononTS 0.00142466 -3.58636 1.76798 -0.000809005 2209.52 0.00034743 1 -0.0658802 -0.126348 0.05 41306.2
0 8544 2 phononTF 0.00122372 -2.30489 1.24453 -0.00770369 6542.18 0.00069486 1 0.0495246 -0.236228 0.05 65770.8
0 8553 5 phononTF 0.00244029 1.90826 0.724379 0.0255201 26471.4 0.00034743 1 -0.0613754 -0.133311 0.05 28935.1
0 8553 8 phononTS 0.00104335 -0.0613754 -0.133311 0.049999 28935.1 0.00034743 1 0.0901481 -0.216805 0.05 29476.7
0 8556 3 phononL 0.00137691 -2.18527 4.45445 -0.0482161 11604.2 0.00034743 1 0.104868 -0.16569 0.05 37634.5
0 8563 3 phononTS 0.00183525 -3.27286 -0.800875 -0.0118996 1533.39 0.00034743 1 0.0328134 -0.121715 0.05 22584.2
0 8575 2 phononTF 0.00171571 1.01648 0.513438 -0.00922374 796.705 0.00069486 1 -0.0799618 -0.187437 0.05 42111.7
0 8592 5 phononTS 0.00188772 0.734274 4.17864 0.00434073 16402.4 0.00034743 1 -0.0324744 -0.306833 0.05 77248
0 8597 3 phononL 0.00119276 4.20799 -4.02586 -0.000518817 2592.85 0.00069486 1 -0.0529269 -0.134558 0.05 31260.1
0 8600 3 phononL 0.00170007 -2.28315 -2.16727 -0.0291376 313.195 0.00104229 1 -0.050958 -0.109364 0.05 19921.6
0 8641 3 phononTS 0.000629064 -1.75222 0.0821849 0.049999 782.396 0.00034743 1 0.0609296 -0.13557 0.05 28369.6
0 8644 3 phononTF 0.00220068 2.92298 -1.8991 -0.000773706 2082.88 0.00034743 1 0.101077 -0.148055 0.05 7436.95
0 8676 3 phononTS 0.00221616 2.94903 -2.74046 -0.00104252 23.6102 0.00034743 1 0.0618728 -0.222145 0.05 61876.4
0 8676 5 phononL 0.000386494 0.0618728 -0.222145 0.049999 61876.4 0.00034743 1 -0.0630919 -0.182215 0.05 61986.8
0 8676 4 phononTS 0.00112979 0.0618728 -0.222145 0.049999 61876.4 0.00034743 1 0.081323 -0.155538 0.05 61951
0 8772 2 phononTS 0.00135224 -3.96588 4.18605 0.0126909 10668.3 0.00069486 1 -0.0447691 -0.256769 0.05 20713.1
0 8779 2 phononTF 0.00227365 0.742255 -1.01273 -0.01554 2120.74 0.00034743 1 -0.0547548 -0.139709 0.05 3124.12
0 8779 4 phononTF 0.000709608 -0.0547548 -0.139709 0.049999 3124.12 0.00034743 1 0.103366 -0.253764 0.05 4830.29
0 8785 3 phononTF 0.00178382 -4.89504 -2.90306 -0.0122778 8798.74 0.00034743 1 -0.0550056 -0.295972 0.05 58597
0 8785 4 phononTS 0.000446811 -0.0550056 -0.295972 0.049999 58597 0.00034743 1 0.0167554 -0.192791 0.05 58684.3
0 8793 2 phononTS 0.00196789 2.24229 0.925454 0.0162138 14750.1 0.00069486 1 -0.0688326 -0.133628 0.05 47059
0 8797 3 phononTS 0.00266437 1.28458 1.63875 -0.0124937 2817.53 0.00069486 1 0.0670194 -0.116835 0.05 13175.2
0 8797 6 phononTS 0.000893634 0.0670194 -0.116835 0.049999 13175.2 0.00034743 1 0.0554831 -0.139252 0.05 39824.1
0 8799 3 phononTF 0.00177706 -0.29508 -4.13058 -0.00572919 1938.03 0.00034743 1 0.0763297 -0.145459 0.05 24448.1
0 8897 3 phononTF 0.00171163 -3.69972 3.68986 -0.036344 5510.93 0.00034743 1 0.0940242 -0.203074 0.05 56282.8
0 8897 5 phononTF 0.000839319 0.0940242 -0.203074 0.049999 56282.8 0.00034743 1 0.102704 -0.15406 0.05 56345.4
0 8939 2 phononTS 0.00228326 -0.333052 -0.90923 0.0140851 1891.96 0.00034743 1 -0.0226698 -0.128981 0.05 10771.9
0 8963 5 phononTF 0.00102355 2.19994 -1.49159 0.0302272 20704 0.00034743 1 0.0930527 -0.258298 0.05 127400
0 8971 3 phononTS 0.00214441 -0.19539 0.11504 -0.00667532 8.36079 0.00034743 1 0.0755586 -0.178216 0.05 363.167
0 8971 7 phononTF 0.000863426 0.0755586 -0.178216 0.049999 363.167 0.00034743 1 -0.0406969 -0.138553 0.05 437.41
0 9018 2 phononTS 0.00252293 1.85384 2.4838 0.0156156 10764.1 0.00034743 1 -0.0969004 -0.152906 0.05 27188
0 9024 2 phononL 0.00229079 2.3785 0.37901 -0.0194799 440.611 0.00104229 1 -0.0425814 -0.134805 0.05 4130.1
0 9024 7 phononTS 0.000648727 -0.0425814 -0.134805 0.049999 4130.1 0.00034743 1 0.0808979 -0.280869 0.05 4765.41
0 9033 3 phononTS 0.00181351 -4.56191 -2.29815 -0.0304233 2886.03 0.00034743 1 0.0476911 -0.11776 0.05 18351.7
0 9033 8 phononTF 0.000684419 0.0476911 -0.11776 0.049999 18351.7 0.00034743 1 -0.0963582 -0.244655 0.05 18843
0 9033 5 phononTF 0.000602214 0.0476911 -0.11776 0.049999 18351.7 0.00034743 1 0.0517177 -0.188739 0.05 18437.3
0 9036 7 phononTF 0.00103086 3.64635 -2.53531 0.0147023 25429.1 0.00034743 1 0.0584258 -0.250303 0.05 107631
0 9039 2 phononTS 0.00141116 -4.58126 -0.404154 -0.00838849 410.791 0.00034743 1 -0.04243 -0.230426 0.05 26502.9
0 9039 4 phononTS 0.000382144 -0.04243 -0.230426 0.049999 26502.9 0.00034743 1 0.0413059 -0.153662 0.05 26672.8
0 9044 3 phononTS 0.00238828 3.1779 0.130481 -0.0258439 243.556 0.00104229 1 -0.0963565 -0.180366 0.05 34000.6
0 9046 2 phononTS 0.000879828 0.842293 0.0962286 0.049999 118.995 0.00034743 1 0.0920755 -0.234236 0.05 13804.5
0 9078 3 phononTF 0.00207729 2.41762 -0.761517 -0.043586 3275.38 0.00069486 1 -0.100971 -0.146159 0.05 26723.6
0 9096 4 phononTS 0.00145545 -4.95859 -4.05723 -0.00657895 20912.1 0.00034743 1 0.0990241 -0.167131 0.05 43893
0 9132 2 phononTF 0.00145906 -4.6439 0.0448516 -0.0484995 2727.91 0.00034743 1 -0.0809088 -0.204572 0.05 10637
0 9156 3 phononTS 0.00164017 -2.5611 -3.07406 -0.032932 7019.4 0.00034743 1 0.115185 -0.207627 0.05 50444.2
0 9156 5 phononTS 0.000572232 0.115185 -0.207627 0.049999 50444.2 0.00034743 1 0.0613056 -0.13967 0.05 50516.8
0 9187 3 phononTF 0.00252206 -4.11754 -4.69965 0.0229213 8000.82 0.00069486 1 -0.0313122 -0.222094 0.05 24496.2
0 9187 9 phononL 0.000387974 -0.0313122 -0.222094 0.049998 24496.2 0.00034743 1 -0.0431091 -0.246685 0.05 26953.4
0 9187 4 phononTS 0.00097553 -0.0313122 -0.222094 0.049998 24496.2 0.00034743 1 -0.0587799 -0.254033 0.05 24560.3
0 9230 3 phononTF 0.00183716 -2.78025 -0.821699 0.0390193 2879.77 0.00034743 1 -0.0172727 -0.23051 0.05 45423
0 9281 3 phononTS 0.00152849 -3.66429 -2.84799 -0.0435321 15944 0.00034743 1 -0.0874617 -0.274627 0.05 116909
0 9318 4 phononTF 0.00168074 0.160116 0.75993 -0.0182581 23393.5 0.00069486 1 0.0249201 -0.275902 0.05 41984.4
0 9318 7 phononTF 0.00052865 0.0249201 -0.275902 0.049999 41984.4 0.00034743 1 0.094914 -0.250238 0.05 42047.8
0 9320 2 phononTS 0.00141938 -2.38316 2.96963 -0.0338949 3711.62 0.00034743 1 -0.0222304 -0.18429 0.05 8670.17
0 9326 5 phononTS 0.000833493 -0.0493771 -0.782223 0.0398876 28790.5 0.00034743 1 -0.0749249 -0.178878 0.05 46094.3
0 9327 2 phononTF 0.00151253 -4.29653 1.35205 0.0170198 7246.3 0.00069486 1 0.0674054 -0.146445 0.05 21304.4
0 9425 3 phononTS 0.00173076 -3.40353 3.75889 -0.0367206 581.947 0.00034743 1 -0.0455797 -0.222739 0.05 7176.43
0 9456 3 phononTS 0.00188503 -3.76101 2.0424 -0.0189903 1969.32 0.00069486 1 -0.0711037 -0.124274 0.05 17514.7
0 9470 6 phononTF 0.000388764 0.345571 0.097569 0.049999 1019.03 0.00034743 1 -0.0524488 -0.16577 0.05 195918
0 9472 2 phononTS 0.0025792 0.235166 0.745879 -0.0430235 5.62659 0.00069486 1 -0.080323 -0.214696 0.05 1871.97
0 9476 2 phononL 0.00188909 1.36673 -3.24119 0.015365 3174 0.00034743 1 -0.0637137 -0.205344 0.05 40380.1
0 9490 2 phononTS 0.00121202 -2.26876 -0.576174 0.0408725 5561.56 0.00034743 1 -0.0297139 -0.257784 0.05 27784.9
0 9494 5 phononTS 0.00142459 2.81943 -2.83204 0.0087556 87222.9 0.00034743 1 0.0742265 -0.121879 0.05 107256
0 9509 2 phononTS 0.00220128 -3.97665 2.49774 -0.0333033 10135 0.00034743 1 0.0816944 -0.123408 0.05 56527.4
0 9509 9 phononTS 0.000357093 0.0816944 -0.123408 0.049999 56527.4 0.00034743 1 0.0789873 -0.180322 0.05 57247.6
0 9524 1 phononTS 0.004 0.320303 -2.41865 0.0366134 0 0.00104229 1 0.0745165 -0.245671 0.05 4863.84
0 9524 5 phononTS 0.00147833 0.0745165 -0.245671 0.049999 4863.84 0.00034743 1 -0.022859 -0.23716 0.05 5758.93
0 9536 4 phononTS 0.000505537 4.43229 1.6636 -0.0255234 88737.6 0.00034743 1 -0.0170637 -0.213417 0.05 200825
0 9586 2 phononTS 0.0019469 -4.65864 -4.24182 -0.0159682 2553.44 0.00104229 1 -0.0581793 -0.201496 0.05 37490.3
0 9594 1 phononL 0.004 -0.385112 -0.331289 0.0194147 0 0.00069486 1 0.0411975 -0.265719 0.05 1651.53
0 9594 12 phononTF 0.000861772 -2.35245 4.64936 -0.0467101 74298.9 0.00034743 1 0.08183 -0.182075 0.05 180308
0 9600 4 phononL 0.000846131 -0.423969 -0.00760261 0.049999 880.07 0.00034743 1 0.0645222 -0.141647 0.05 4034.43
0 9603 3 phononTF 0.00229484 -3.67666 -0.436837 -0.0391489 15737.2 0.00069486 1 0.0727366 -0.189937 0.05 26583.9
0 9603 4 phononTS 0.000393125 0.0727366 -0.189937 0.049999 26583.9 0.00034743 1 0.0613189 -0.236602 0.05 26710.1
0 9638 2 phononTF 0.00267946 0.420773 -1.68316 0.0386 4405.49 0.00034743 1 0.0310213 -0.108417 0.05 12336.3
0 9658 2 phononTF 0.0028806 -1.28378 2.36608 0.020688 2779.84 0.00104229 1 0.0487571 -0.282209 0.05 34195.4
0 9659 2 phononTS 0.00164177 2.26662 -2.9692 -0.0114794 10200.6 0.00069486 1 0.0436758 -0.273802 0.05 36867.1
0 9674 2 phononTF 0.00168666 -2.18211 3.25352 -0.0349566 1335.8 0.00069486 1 0.063744 -0.183453 0.05 23276.1
0 9733 4 phononTS 0.00166928 -0.518287 -4.57617 -0.019392 28455 0.00069486 1 -0.0725322 -0.206853 0.05 32244.7
0 9764 1 phononTS 0.004 -0.0892561 0.135552 -0.00885842 0 0.00034743 1 0.0615901 -0.143634 0.05 283.727
0 9764 6 phononTS 0.00138374 0.0615901 -0.143634 0.049999 283.727 0.00034743 1 -0.0673223 -0.15091 0.05 605.337
0 9764 4 phononTF 0.000614626 0.0615901 -0.143634 0.049999 283.727 0.00034743 1 0.0225074 -0.252341 0.05 356.257
0 9769 2 phononL 0.00129532 0.348319 -1.3835 -0.0161691 269.412 0.00034743 1 -0.0838812 -0.129021 0.05 3925.13
0 9769 6 phononTF 0.000466123 -0.0838812 -0.129021 0.049999 3925.13 0.00034743 1 -0.0810879 -0.181034 0.05 3993.32
0 9796 5 phononTS 0.00125611 0.980779 -1.23458 -0.0213045 6111.75 0.00034743 1 0.0207944 -0.181326 0.05 8890.83
0 9837 2 phononTF 0.00177835 -4.48936 -1.91136 0.0480617 5994.67 0.00069486 1 -0.0311471 -0.122023 0.05 40259.1
0 9837 6 phononTF 0.000534852 -0.0311471 -0.122023 0.049998 40259.1 0.00034743 1 0.053694 -0.263502 0.05 40596.2
0 9890 2 phononTS 0.00223251 -3.06556 4.96255 -0.0111061 4625.42 0.00069486 1 0.106819 -0.202997 0.05 44186.1
0 9914 2 phononTF 0.00198141 -0.921434 -0.848263 0.0326669 4811.5 0.00069486 1 0.00617589 -0.200139 0.05 5810.42
0 9963 4 phononTS 0.000781685 -2.72642 1.53991 0.0325647 19245.3 0.00034743 1 0.0762424 -0.124488 0.05 33013.8
0 9983 3 phononTF 0.00161563 -4.82119 4.31603 0.0447334 81.0344 0.00034743 1 0.0982218 -0.146594 0.05 25188.8
0 9989 3 phononL 0.00238899 -1.83358 -1.46081 0.0198588 4138.33 0.00034743 1 0.0885963 -0.217762 0.05 24695.3
0 9989 4 phononTF 0.000863217 0.0885963 -0.217762 0.049998 24695.3 0.00034743 1 0.0420971 -0.171238 0.05 24758.3
