# average_N_QP vs E_init[meV], 100000 phonons at a constant rate over 1 s
# E_init[meV]     SQUAT_Al_Nb_SW average_N_QP       SQUAT_Al_Nb_PF average_N_QP       
  0.4             8.58229                           1.18195                           
  0.5             8.95974                           1.30206                           
  0.6             9.62566                           1.34663                           
  0.8             11.0569                           1.65823                           
  1               12.9953                           2.07287                           
  1.5             15.1567                           2.98197                           
  2               17.3867                           3.96855                           
  2.5             20.9792                           5.21251                           
  3               25.6845                           6.25841                           
  3.5             1.23215                           0.437534                          
  4               5.75962                           1.77972                           
  4.5             9.41314                           2.86132                           
  5               13.35                             3.94249                           
  7.5             22.178                            6.60406                           
  10              29.2021                           8.25178                           
