Run ID,Event ID,Track ID,Particle Name,Start Energy [eV],Start X [mm],Start Y [mm],Start Z [mm],Start Time [ns],Energy Deposited [eV],Track Weight,End X [mm],End Y [mm],End Z [mm],Final Time [ns],Volume Name
0 28 1 phononTS 0.004 1.06931 -0.438676 -0.0296288 0 0.00173715 1 -0.0379509 -0.261111 0.05 1547.96
0 37 2 phononTF 0.000737488 -4.64436 3.38155 -0.0317784 6471.68 0.00034743 1 -0.0696688 -0.131015 0.05 46652.2
0 82 2 phononTS 0.00168615 -4.6113 -0.600288 0.0263657 192.715 0.00104229 1 -0.0139509 -0.202713 0.05 4558.28
0 89 1 phononTS 0.004 -1.33013 -0.471167 0.0342427 0 0.00034743 1 -0.104218 -0.168364 0.05 7662.13
0 89 28 phononL 0.000505923 -0.110075 0.092436 0.049998 8927.09 0.00034743 1 0.0487192 -0.178049 0.05 9175.25
0 101 2 phononTS 0.0017756 4.30419 -2.42575 0.037607 3038.04 0.00069486 1 0.0273012 -0.127791 0.05 28868.7
0 134 2 phononTF 0.00159206 0.823392 -2.43232 -0.00261624 1088.89 0.00069486 1 -0.0647329 -0.213459 0.05 7608.3
0 142 3 phononTS 0.00127738 0.800959 1.65527 0.00101518 7276.31 0.00069486 1 -0.120782 -0.198726 0.05 11404.9
0 158 3 phononTS 0.00251454 0.0374052 -0.318727 0.0369912 6400.64 0.00104229 1 -0.0605817 -0.250974 0.05 6517.78
0 171 2 phononTS 0.00135752 -2.37276 0.530839 -0.0491395 753.543 0.00104229 1 -0.0663308 -0.134674 0.05 29354.3
0 197 2 phononTF 0.00154586 -3.16839 -0.921293 0.000805544 1427.32 0.00069486 1 0.0903602 -0.270489 0.05 3667.39
0 198 4 phononTF 0.00144041 -4.09222 -3.42133 -0.0334807 3143.15 0.00069486 1 0.104516 -0.233122 0.05 19281.5
0 234 2 phononTS 0.00215014 0.600811 2.88973 0.0178543 4239.02 0.00104229 1 -0.0589053 -0.212836 0.05 5755.78
0 245 3 phononTS 0.00115288 -0.8146 -0.00805064 0.049999 1236.15 0.00034743 1 -0.063173 -0.25882 0.05 1568.72
0 245 24 phononTS 0.000703353 -0.063173 -0.25882 0.049999 1568.72 0.00034743 1 0.0396813 -0.112636 0.05 1797.12
0 281 3 phononTS 0.00174315 -3.26987 3.14449 -0.0493415 2581.13 0.00069486 1 -0.0412209 -0.284584 0.05 14879.9
0 377 2 phononTF 0.00114287 -4.36839 -3.65585 0.0235065 9155.98 0.00069486 1 -0.0419252 -0.189293 0.05 35974.2
0 398 3 phononL 0.00166094 0.349257 4.41885 -0.0465549 21.3521 0.00104229 1 -0.0806749 -0.136439 0.05 26161.5
0 421 3 phononTF 0.00278726 1.17728 -0.965313 0.0185468 81.3018 0.00138972 1 0.0902667 -0.222362 0.05 5528.56
0 451 2 phononTF 0.00251012 3.16261 -4.79622 0.00497205 887.88 0.00104229 1 0.0333747 -0.179653 0.05 11005.7
0 524 5 phononTF 0.00129737 2.84454 -2.80447 0.0487898 11811.1 0.00069486 1 -0.0761845 -0.260792 0.05 37502.4
0 608 7 phononTF 0.000619365 2.46039 0.0172346 0.049999 175.858 0.00034743 1 0.0664017 -0.108919 0.05 20931
0 648 1 phononTS 0.004 -0.0430908 -0.610197 -0.0319312 0 0.00138972 1 0.107533 -0.213173 0.05 606.524
0 708 4 phononTS 0.000618114 -0.197051 0.0175301 0.049999 14124.4 0.00034743 1 0.0845341 -0.182142 0.05 14484.5
0 726 3 phononTF 0.000855728 -1.57201 4.6472 0.016713 4643.64 0.00034743 1 -0.118745 -0.209038 0.05 14430.5
0 741 20 phononTS 0.00122436 -1.40579 -4.99695 -0.0161696 2808.05 0.00069486 1 -0.0264245 -0.272571 0.05 8917.47
0 780 2 phononL 0.00206477 -3.01098 1.90213 -0.0293066 3216.94 0.00104229 1 0.0776574 -0.229857 0.05 7701.02
0 793 9 phononTS 0.000372511 -0.413229 0.0592482 0.049999 479.37 0.00034743 1 0.0451727 -0.243426 0.05 818.128
0 796 3 phononTS 0.00203527 -1.31148 1.84383 -0.00582794 3362.12 0.00069486 1 0.103198 -0.20016 0.05 34279.9
0 796 5 phononTS 0.000412543 0.103198 -0.20016 0.049999 34279.9 0.00034743 1 -0.038332 -0.156871 0.05 34373.9
0 906 2 phononTF 0.00130245 -2.70828 -3.45151 0.00310097 1396.89 0.00034743 1 0.110171 -0.229298 0.05 19713.1
0 906 14 phononTF 0.000398228 0.110171 -0.229298 0.049999 19713.1 0.00034743 1 -0.0849687 -0.192954 0.05 20118.7
0 919 2 phononTS 0.00231103 0.599349 -2.77678 0.0295206 321.478 0.00173715 1 0.0870215 -0.278326 0.05 6405.21
0 936 5 phononTS 0.00153503 -3.26847 -1.87731 -0.0367777 15967.6 0.00069486 1 0.044298 -0.2723 0.05 24482.6
0 946 1 phononL 0.004 1.4587 -0.264102 -0.025509 0 0.00208458 1 -0.0754005 -0.201424 0.05 6890.49
0 987 3 phononTF 0.00215286 -2.24698 -4.66053 -0.039101 6776.71 0.00069486 1 0.110682 -0.157578 0.05 80643.2
0 1017 1 phononTS 0.004 0.174846 -0.0622648 0.0287668 0 0.00208458 1 0.0305284 -0.12946 0.05 148.008
0 1070 6 phononTS 0.000465517 3.21658 0.101475 0.049999 30043.2 0.00034743 1 0.0713958 -0.192908 0.05 46972.9
0 1082 5 phononTF 0.00140329 3.83896 -3.15916 -0.0213336 6033.06 0.00069486 1 0.0431639 -0.148016 0.05 11862
0 1084 1 phononTS 0.004 -0.646274 0.0621947 0.0174728 0 0.00208458 1 -0.026849 -0.201711 0.05 1129.7
0 1140 4 phononTS 0.00137296 1.11771 2.40331 0.00411191 7968.71 0.00069486 1 -0.0654809 -0.173375 0.05 19568.2
0 1303 1 phononTS 0.004 0.45655 -1.12168 -0.00928133 0 0.00173715 1 -0.0917177 -0.226507 0.05 4181
0 1327 2 phononTF 0.0017156 -0.602288 1.5777 0.0395861 4253.14 0.00104229 1 0.0913529 -0.238751 0.05 6331.64
0 1336 29 phononTS 0.000454732 -0.236821 0.0242815 0.049998 40694 0.00034743 1 0.0419156 -0.185344 0.05 40885.8
0 1385 3 phononTF 0.00266395 4.90461 -3.0364 -0.0225653 4420.52 0.00138972 1 -0.0569222 -0.130234 0.05 31188
0 1401 5 phononTF 0.00143442 4.53909 -3.32611 0.0149519 18333.5 0.00069486 1 0.0951507 -0.178932 0.05 50607.7
0 1422 3 phononL 0.00255813 1.30999 -2.53694 -0.00205305 1222.13 0.00104229 1 0.038167 -0.124427 0.05 29806.3
0 1492 2 phononTS 0.00229609 -4.12581 -3.66572 0.0449575 7163.66 0.00138972 1 0.0425731 -0.233681 0.05 35892.1
0 1543 3 phononTF 0.00209335 -2.16851 -3.37497 -0.0396062 545.683 0.00138972 1 -0.0709017 -0.23199 0.05 25192.2
0 1602 2 phononTF 0.00130948 1.78753 -2.13743 0.0095933 1326.38 0.00069486 1 0.0446715 -0.12755 0.05 12613.1
0 1602 4 phononTF 0.000398968 0.0446715 -0.12755 0.049999 12613.1 0.00034743 1 0.0438124 -0.206565 0.05 12850.6
0 1608 3 phononTF 0.00261723 -1.09684 -2.02908 -0.015503 5122.96 0.00208458 1 -0.102092 -0.178408 0.05 10896.5
0 1608 2 phononTS 0.00138277 -1.09684 -2.02908 -0.015503 5122.96 0.00104229 1 -0.0507908 -0.208912 0.05 30664.8
0 1698 2 phononL 0.00174571 4.52355 -3.01634 -0.035082 99.0036 0.00104229 1 -0.0795116 -0.130712 0.05 7812.25
0 1731 1 phononL 0.004 -1.95618 -2.23367 -0.0107769 0 0.00208458 1 -0.0936922 -0.188796 0.05 12731.8
0 1802 23 phononL 0.000508821 -0.493721 0.0791079 0.049999 12886.9 0.00034743 1 -0.0463692 -0.16055 0.05 13099.5
0 1818 3 phononTS 0.00175712 1.45615 -4.61953 -0.0318065 13308.6 0.00104229 1 -0.0434309 -0.183008 0.05 33922.4
0 1818 7 phononTS 0.00035502 -0.0434309 -0.183008 0.049999 33922.4 0.00034743 1 -0.0714372 -0.115889 0.05 33994.6
0 1900 2 phononTS 0.00119428 -2.15053 3.79881 0.0352242 4879.62 0.00069486 1 0.0203562 -0.191295 0.05 32647.7
0 1936 4 phononTS 0.000786403 0.0776239 3.98704 0.0258679 21931.7 0.00034743 1 -0.0533089 -0.205353 0.05 66742.1
0 1956 2 phononTS 0.00248715 0.900885 0.553006 -0.0233875 3816.65 0.00138972 1 0.0400525 -0.183891 0.05 5263.56
0 2014 10 phononTS 0.00160171 3.41311 -2.89601 -0.0355415 18678.6 0.00034743 1 0.0375853 -0.283948 0.05 37210.1
0 2014 12 phononTF 0.000659317 0.0375853 -0.283948 0.049999 37210.1 0.00034743 1 -0.0600403 -0.237637 0.05 37828.3
0 2081 2 phononTS 0.00166175 -0.275056 4.71298 0.0199538 2818.58 0.00104229 1 0.097456 -0.170204 0.05 12548.8
0 2114 3 phononTF 0.00220068 2.92298 -1.8991 -0.000773706 2082.88 0.00104229 1 0.101077 -0.148055 0.05 7436.95
0 2130 2 phononTF 0.00244024 0.770346 -1.81656 0.0417419 1120.74 0.00138972 1 0.0540387 -0.27353 0.05 3959.46
0 2143 2 phononTS 0.00273466 -0.887827 0.545805 0.0171276 8172.05 0.00173715 1 0.0825655 -0.136153 0.05 11950.3
0 2229 2 phononTF 0.00299033 -2.36034 3.42748 -0.00236048 5924.2 0.00173715 1 0.0314674 -0.186661 0.05 47115
0 2273 3 phononTS 0.00200663 -4.14484 2.36791 0.0101572 15.8672 0.00104229 1 0.0290425 -0.156216 0.05 7105.47
0 2326 4 phononL 0.00151302 0.46316 -2.76164 -0.00972426 3781.62 0.00069486 1 0.0311639 -0.255462 0.05 26391.7
0 2410 2 phononTS 0.00254862 -0.983157 2.44746 0.0112431 4838.88 0.00138972 1 -0.0430963 -0.186228 0.05 38420.5
0 2467 2 phononTF 0.00138623 0.362517 -4.45706 -0.0195743 9423.33 0.00034743 1 -0.0701952 -0.156789 0.05 56147.9
0 2467 4 phononTF 0.00067768 -0.0701952 -0.156789 0.049999 56147.9 0.00034743 1 -0.0373865 -0.183161 0.05 56223.5
0 2509 3 phononTF 0.00209649 3.22267 -3.22363 -0.00775474 10338.2 0.00104229 1 0.0533964 -0.171481 0.05 23877.9
0 2533 3 phononTS 0.00300174 -0.236812 -3.97446 -0.0274086 8189.41 0.00104229 1 0.044979 -0.195401 0.05 19940.4
0 2600 4 phononTF 0.0010141 -0.413951 0.0452921 0.049999 12566.8 0.00034743 1 0.0888899 -0.172069 0.05 13174.6
0 2607 3 phononTS 0.00274403 1.52661 2.44873 -0.04843 235.642 0.00104229 1 0.0184194 -0.239983 0.05 21967
0 2629 4 phononTS 0.00130639 0.349411 -2.84086 0.000840727 32152.6 0.00034743 1 0.0642891 -0.158043 0.05 43178.8
0 2680 2 phononTS 0.00195289 -0.819955 -2.77006 0.0232057 1740.38 0.00069486 1 0.0683106 -0.282498 0.05 42985.4
0 2687 3 phononTS 0.00160287 4.60688 2.70865 -0.0422442 458.571 0.00104229 1 -0.031582 -0.301702 0.05 6049.57
0 2861 2 phononTF 0.00200925 0.15453 4.28456 0.0442212 321.093 0.00104229 1 0.0808656 -0.263608 0.05 8925.87
0 2875 1 phononTS 0.004 0.0724981 -0.129089 -0.0193241 0 0.00243201 1 -0.109361 -0.165588 0.05 657.576
0 2930 7 phononL 0.000458131 2.07219 -2.6874 0.00263274 36517.1 0.00034743 1 0.0245984 -0.237588 0.05 42930.9
0 2952 3 phononTS 0.00187975 -0.682158 4.98158 0.021682 8209.57 0.00104229 1 0.0526467 -0.271447 0.05 50124.4
0 2953 2 phononTS 0.00263701 2.59676 -2.20688 -0.043365 12196.9 0.00104229 1 0.0132538 -0.193783 0.05 27706.1
0 2953 22 phononTF 0.000817345 0.0132538 -0.193783 0.049999 27706.1 0.00034743 1 0.0298033 -0.196886 0.05 27764
0 2975 1 phononTF 0.004 0.0582306 -0.207529 -0.0394911 0 0.00173715 1 0.0536591 -0.227612 0.05 1103
0 3008 2 phononTS 0.00120714 -0.0811055 -0.361963 0.00927549 2529.67 0.00069486 1 0.0247302 -0.227419 0.05 3391.95
0 3046 3 phononTF 0.00171778 0.00161896 -0.6516 0.0147121 3301.53 0.00138972 1 0.0831598 -0.253216 0.05 6056.9
0 3148 3 phononTS 0.00179871 -3.88304 2.7125 -0.0389342 5596.09 0.00069486 1 -0.0319203 -0.234109 0.05 34687
0 3153 1 phononL 0.004 -0.048387 -0.205316 -0.0079911 0 0.00243201 1 -0.0678626 -0.173493 0.05 39.6356
0 3160 2 phononL 0.00189137 -1.7396 1.18792 0.0125229 9922.35 0.00104229 1 0.0808064 -0.170371 0.05 19856.6
0 3200 1 phononTS 0.004 -0.941416 0.203318 0.0191281 0 0.00243201 1 -0.056994 -0.277238 0.05 1475.41
0 3227 3 phononTF 0.00286068 0.421072 -2.16918 -0.0162076 4864.64 0.00034743 1 -0.0787894 -0.117006 0.05 8098.77
0 3250 14 phononTF 0.00174644 -1.06225 -1.35611 -0.0179789 6506.45 0.00104229 1 -0.0820884 -0.270048 0.05 38873.1
0 3306 1 phononTS 0.004 -1.08534 1.95697 0.0292247 0 0.00138972 1 0.0563979 -0.296003 0.05 9374.95
0 3335 13 phononTS 0.00124108 0.0765618 -0.390812 -0.0460004 13774.4 0.00034743 1 0.0367847 -0.28168 0.05 14384.3
0 3340 2 phononTF 0.00130089 0.346091 3.34034 0.0369355 5752.08 0.00069486 1 0.0797458 -0.24172 0.05 49618.4
0 3367 2 phononTS 0.00162891 0.821803 -0.912294 0.00232098 647.67 0.00104229 1 0.0312292 -0.283698 0.05 1504.17
0 3372 2 phononTS 0.00288188 -1.43859 -4.99279 0.00271227 3244.83 0.00104229 1 -0.118171 -0.190107 0.05 16506.6
0 3428 2 phononTF 0.00134954 -0.275467 4.33847 -0.00331975 2204.45 0.00104229 1 0.0520358 -0.236181 0.05 26623.9
0 3441 1 phononTS 0.004 -0.110103 -1.13346 0.00188108 0 0.00173715 1 0.0401611 -0.18859 0.05 9279.76
0 3506 3 phononTF 0.00153846 -4.97499 1.30163 -0.0257179 6123.33 0.00069486 1 -0.0592851 -0.175672 0.05 12455
0 3595 4 phononTS 0.000585331 -0.332077 -2.66063 0.0339909 7583.08 0.00034743 1 -0.0457588 -0.162095 0.05 22596.2
0 3629 4 phononTF 0.000475098 -4.48059 2.91019 0.0331737 4799.2 0.00034743 1 0.0964014 -0.214858 0.05 16601.2
0 3667 1 phononL 0.004 -0.713366 -1.25576 0.00801322 0 0.00173715 1 -0.107593 -0.209298 0.05 6888.37
0 3679 3 phononTF 0.00196575 1.96727 -2.28789 0.0247683 9698.59 0.00104229 1 0.0681668 -0.137894 0.05 10678.5
0 3679 4 phononTS 0.000781048 0.0681668 -0.137894 0.049999 10678.5 0.00034743 1 0.0455864 -0.128655 0.05 10738.7
0 3770 1 phononTS 0.004 0.268186 -0.0946325 0.0228121 0 0.00243201 1 0.0604433 -0.136181 0.05 257.407
0 3798 19 phononTS 0.000704083 2.25216 0.0418625 0.049999 86100 0.00034743 1 -0.0537714 -0.155541 0.05 87198.4
0 3831 2 phononTS 0.00185112 3.00721 2.79535 -0.0173706 3170.76 0.00104229 1 0.0349742 -0.213815 0.05 16170.5
0 3849 2 phononTF 0.00158545 0.73917 -4.45513 -0.0169669 2774.1 0.00104229 1 0.0800429 -0.260279 0.05 18806.4
0 3882 3 phononTS 0.00166489 -1.198 -2.80044 0.0198235 8663.73 0.00104229 1 0.0863157 -0.129769 0.05 12243.3
0 3898 5 phononTS 0.000568678 -0.0480056 0.0881677 0.049999 37528 0.00034743 1 -0.0585343 -0.142298 0.05 38010
0 3914 1 phononTS 0.004 0.141274 -1.2577 0.0270081 0 0.00243201 1 -0.0916291 -0.224452 0.05 7943.42
0 3929 4 phononTF 0.00151533 -1.31372 3.8181 -0.0181644 8502.6 0.00034743 1 0.022777 -0.227479 0.05 31351.5
0 3968 1 phononTS 0.004 -0.655745 -0.763112 0.00401273 0 0.00208458 1 0.0513623 -0.265999 0.05 6322.71
0 3968 22 phononTF 0.000427746 0.0513623 -0.265999 0.049999 6322.71 0.00034743 1 -0.047593 -0.232444 0.05 6396.18
0 4007 1 phononTF 0.004 -0.596691 -0.74239 0.0141481 0 0.00208458 1 -0.034713 -0.231928 0.05 4685.74
0 4021 3 phononTS 0.00281526 0.674906 3.31933 0.037661 10992.9 0.00173715 1 0.1047 -0.193075 0.05 19447.2
0 4043 3 phononTS 0.00178155 2.38642 2.10764 0.0196474 16269.9 0.00104229 1 0.0190901 -0.224697 0.05 30787.1
0 4064 2 phononL 0.00210982 -4.66323 1.49375 -0.0216057 17192.6 0.00034743 1 -0.08201 -0.130488 0.05 30242.2
0 4094 1 phononTS 0.004 0.550468 -1.07964 -0.0260575 0 0.00208458 1 0.0395444 -0.292232 0.05 9397.26
0 4094 2 phononTF 0.00045614 0.0395444 -0.292232 0.049999 9397.26 0.00034743 1 0.112671 -0.225513 0.05 9711.22
0 4146 3 phononTS 0.00219755 0.177564 -2.40758 0.0200811 4786.02 0.00069486 1 0.0196172 -0.197335 0.05 25703.4
0 4146 4 phononTS 0.00087625 0.0196172 -0.197335 0.049999 25703.4 0.00069486 1 0.0450689 -0.136224 0.05 25774.4
0 4151 2 phononTS 0.00116713 2.83829 -2.78932 0.0393981 5469.94 0.00069486 1 0.0538367 -0.224567 0.05 26872.3
0 4171 4 phononTS 0.00086387 2.67369 0.016137 0.049999 10067.4 0.00069486 1 0.100641 -0.157164 0.05 21854
0 4190 4 phononTS 0.00188131 -0.225516 -1.03913 -0.00730938 43452.7 0.00104229 1 -0.0334432 -0.261357 0.05 45796.2
0 4251 3 phononTF 0.00164365 -3.80195 -3.53767 0.0153586 5212.53 0.00104229 1 0.0866574 -0.244417 0.05 26564.9
0 4262 5 phononTS 0.00035242 2.25176 0.0119727 0.049999 6615.25 0.00034743 1 -0.0634954 -0.300391 0.05 17073.7
0 4269 5 phononTS 0.00150395 -1.9501 -4.63953 -0.045193 25036.1 0.00104229 1 -0.095381 -0.141797 0.05 44769.7
0 4326 2 phononTF 0.00234314 -0.649888 4.18265 -0.0362326 9770.64 0.00138972 1 0.0750194 -0.111687 0.05 27916.6
0 4336 2 phononTS 0.00208514 0.375132 -2.80807 0.0454096 302.215 0.00138972 1 0.0643708 -0.190657 0.05 10240.2
0 4371 2 phononTF 0.00127452 1.2512 -1.93727 -0.0037024 8902.92 0.00069486 1 -0.0412241 -0.181116 0.05 15443.1
0 4415 3 phononTS 0.00187417 -4.5026 3.50242 -0.0240974 24051.1 0.00104229 1 0.0369104 -0.172755 0.05 31441.6
0 4427 1 phononL 0.004 2.1205 1.07461 -0.0158342 0 0.00243201 1 0.0296506 -0.229892 0.05 2820.13
0 4435 2 phononTF 0.00109546 2.60299 -3.16633 0.0276016 3963.26 0.00069486 1 0.0801016 -0.269085 0.05 6107.56
0 4446 2 phononTS 0.0012658 1.18066 2.07837 -0.024842 1605.38 0.00034743 1 0.0739336 -0.286174 0.05 15824.5
0 4548 5 phononTF 0.00107239 0.493375 -3.81205 0.0345161 14300.4 0.00034743 1 0.0270686 -0.176859 0.05 15544.3
0 4612 2 phononTS 0.00133151 3.41516 -3.4515 -0.0199553 9000.63 0.00069486 1 -0.0538686 -0.216301 0.05 53226.1
0 4669 2 phononTS 0.00235373 0.690565 2.77782 0.0158683 1339.13 0.00138972 1 0.101856 -0.247945 0.05 9644.02
0 4690 3 phononTF 0.00145212 -2.96189 -2.16312 0.00230693 749.564 0.00104229 1 0.0526046 -0.166699 0.05 6568.01
0 4699 3 phononTS 0.00235237 2.3122 2.02258 -0.0209097 1934.39 0.00138972 1 0.093544 -0.231881 0.05 7164
0 4771 3 phononTS 0.00154735 3.68649 1.89189 -0.0297352 3065.06 0.00104229 1 0.0252632 -0.121098 0.05 12301.2
0 4808 2 phononTF 0.00153763 -2.3776 -1.43233 0.0424024 4046.49 0.00069486 1 0.0349471 -0.257223 0.05 22695.9
0 4830 2 phononTF 0.00172432 -0.522838 -2.24912 -0.0159027 11075.6 0.00104229 1 -0.118711 -0.202668 0.05 37233.3
0 4861 3 phononL 0.00226006 0.807021 -1.15819 0.00684966 2237.9 0.00104229 1 0.0319591 -0.225288 0.05 4094.12
0 4887 3 phononL 0.00239561 -0.904069 2.06653 -0.0276153 10360.3 0.00104229 1 -0.0855024 -0.279671 0.05 25603.5
0 4957 2 phononTF 0.00223365 4.4438 -2.86965 -0.00228487 7717.36 0.00138972 1 -0.0455787 -0.189945 0.05 21456
0 4984 2 phononL 0.00217196 -4.01853 -3.85593 -0.0440403 1998 0.00138972 1 0.0362763 -0.0983926 0.05 103123
0 5064 2 phononTF 0.00222273 -1.14943 -3.40106 -0.0271023 5529.48 0.00138972 1 -0.0622918 -0.218917 0.05 34634.1
0 5064 17 phononTF 0.000439004 -0.0622918 -0.218917 0.049999 34634.1 0.00034743 1 -0.0675271 -0.188591 0.05 34699.9
0 5115 2 phononTS 0.00135304 1.63856 3.84922 -0.00718063 6261.3 0.00069486 1 -0.104316 -0.17789 0.05 11495
0 5180 3 phononTS 0.00295453 -0.107261 -0.164037 0.0378682 1151.78 0.00138972 1 -0.0529563 -0.208581 0.05 1262.94
0 5184 8 phononTS 0.000354484 2.38553 0.0732114 0.049999 18787 0.00034743 1 -0.0813128 -0.200553 0.05 20242.6
0 5437 2 phononTS 0.00112561 0.511882 2.94973 -0.0205984 14155.9 0.00034743 1 0.091428 -0.234809 0.05 31193.2
0 5443 2 phononL 0.00125655 -0.0867359 -3.60695 -0.00127129 3277.39 0.00069486 1 0.034256 -0.277647 0.05 9067.39
0 5519 5 phononTF 0.00156596 4.84103 4.37252 0.0155647 30762.9 0.00104229 1 -0.0541027 -0.2844 0.05 46444.6
0 5574 3 phononTS 0.00156557 -2.45908 4.14606 0.00532846 6875.4 0.00104229 1 0.0724766 -0.185589 0.05 21235.5
0 5610 8 phononL 0.000710424 0.339939 0.0875697 0.049999 22461.5 0.00034743 1 -0.079156 -0.18308 0.05 22626.5
0 5749 1 phononTS 0.004 0.313642 -0.653786 0.013418 0 0.00208458 1 -0.0421553 -0.243388 0.05 8735.55
0 5758 4 phononTS 0.000640007 -0.578684 -4.61811 0.014225 9138.65 0.00034743 1 -0.0607269 -0.285531 0.05 12495.2
0 5795 10 phononTF 0.0013796 3.17397 -3.85075 0.00533653 21346.6 0.00069486 1 -0.0528442 -0.169064 0.05 39506.2
0 5811 21 phononTS 0.0012143 0.430129 0.0674179 0.049999 31757.9 0.00069486 1 0.0682175 -0.289811 0.05 33416.6
0 5834 12 phononL 0.00116879 4.18199 0.105994 0.049999 857.519 0.00069486 1 -0.0472933 -0.119745 0.05 27724.4
0 5939 5 phononL 0.00064534 3.76174 4.80488 0.0079174 4083.95 0.00034743 1 0.101471 -0.241583 0.05 27332.6
0 5956 2 phononTF 0.0013302 2.71385 3.41575 0.0147767 2123.48 0.00069486 1 -0.0741274 -0.125842 0.05 23104.1
0 5968 3 phononTS 0.00243788 3.98115 -3.80718 -0.0190331 1727.41 0.00104229 1 -0.096144 -0.260585 0.05 11763.2
0 6008 3 phononTS 0.00187466 -2.65094 -3.55717 -0.0282155 1112.14 0.00104229 1 -0.103491 -0.181101 0.05 12266.5
0 6042 2 phononTS 0.00148671 0.165581 -2.86615 -0.0309744 43.9253 0.00104229 1 -0.117684 -0.212099 0.05 1585.39
0 6057 1 phononTF 0.004 -0.244445 -0.36432 0.034749 0 0.00069486 1 -0.080325 -0.25916 0.05 2224.17
0 6102 1 phononTS 0.004 -0.407425 1.45179 -0.0280904 0 0.00243201 1 -0.0483674 -0.128284 0.05 5978.33
0 6108 5 phononL 0.00119118 -1.54478 -1.19241 -0.0104231 24021.3 0.00069486 1 -0.0417293 -0.10893 0.05 25017.6
0 6158 2 phononTF 0.00202541 2.18588 -0.827773 0.0422996 4818.21 0.00104229 1 0.0694737 -0.152611 0.05 29201.3
0 6169 3 phononL 0.00139307 -2.15968 -0.52982 0.0179699 16360.9 0.00069486 1 -0.0680175 -0.255065 0.05 17756.9
0 6278 1 phononTS 0.004 3.34706 0.979657 -0.0109794 0 0.00173715 1 0.0953825 -0.264266 0.05 13942.5
0 6391 10 phononTF 0.000363995 -3.01632 0.02554 0.049999 401.481 0.00034743 1 0.102568 -0.196803 0.05 7321.78
0 6528 1 phononTS 0.004 -0.382551 -0.0640191 -0.0257679 0 0.00173715 1 -0.105864 -0.152669 0.05 2775.33
0 6538 1 phononL 0.004 1.4078 -2.29943 0.00110658 0 0.00138972 1 -0.116336 -0.219499 0.05 16501.8
0 6640 3 phononTF 0.00234056 3.08642 1.64141 0.0328626 5460.42 0.00138972 1 0.102829 -0.14349 0.05 62719
0 6683 2 phononTF 0.00236306 0.161015 -3.9835 -0.0179608 2118.4 0.00138972 1 0.0494428 -0.268114 0.05 6271.08
0 6686 2 phononTS 0.00124684 0.0911697 -3.57733 0.0038639 1527.42 0.00069486 1 0.103297 -0.226768 0.05 35856.4
0 6725 3 phononTS 0.000383967 2.03567 0.0865685 0.049999 1797.81 0.00034743 1 0.0593507 -0.173881 0.05 97302.1
0 6801 1 phononTS 0.004 -0.207608 -0.28077 -0.0133349 0 0.00173715 1 -0.0569256 -0.173242 0.05 1150.58
0 6801 6 phononTS 0.000593958 -0.0569256 -0.173242 0.049999 1150.58 0.00034743 1 0.0866622 -0.166618 0.05 1392.91
0 6802 3 phononTF 0.00323956 -0.129272 -0.932878 0.00636818 6093.09 0.00104229 1 0.0392452 -0.296661 0.05 7759.61
0 6942 3 phononTS 0.00181197 1.99787 -2.94523 0.0145536 1569.62 0.00104229 1 0.0994113 -0.187675 0.05 27675.5
0 7076 3 phononTF 0.00274817 -0.243464 -1.31292 -0.0058597 12698.3 0.00104229 1 0.109302 -0.203424 0.05 14755.6
0 7087 1 phononL 0.004 0.0366225 -0.106846 -0.0152665 0 0.00138972 1 -0.0976458 -0.175014 0.05 39.463
0 7087 7 phononTF 0.000731098 -0.0976458 -0.175014 0.049999 39.463 0.00034743 1 -0.09666 -0.211808 0.05 100.623
0 7134 3 phononTF 0.00265038 -1.90136 -0.606633 -0.0186347 377.587 0.00173715 1 -0.102913 -0.149193 0.05 3820.04
0 7152 3 phononTF 0.00132247 2.32606 -3.48077 -0.0465931 662.927 0.00069486 1 0.106952 -0.221321 0.05 5017.95
0 7179 3 phononL 0.00290374 -0.168243 -1.26317 0.00557342 94.6985 0.00138972 1 -0.037915 -0.139821 0.05 8461.03
0 7250 3 phononL 0.00184814 -0.76183 0.314058 0.00541813 100.839 0.00104229 1 -0.0620755 -0.295327 0.05 3800.54
0 7250 4 phononTS 0.000550554 -0.0620755 -0.295327 0.049999 3800.54 0.00034743 1 -0.0757976 -0.283123 0.05 3868.25
0 7298 5 phononTS 0.00109691 0.17303 -0.95415 0.04325 3202.35 0.00034743 1 0.042926 -0.127395 0.05 18474.4
0 7304 3 phononTF 0.00185345 3.68578 -1.41309 0.0139182 2167.3 0.00138972 1 -0.0372249 -0.230102 0.05 15497.6
0 7352 2 phononTF 0.00204277 3.23828 -1.49578 0.00408828 1.85859 0.00104229 1 -0.10519 -0.146047 0.05 20251.2
0 7354 5 phononTF 0.00139798 -3.96818 -4.16169 -0.000832798 30633.5 0.00034743 1 -0.0344573 -0.297666 0.05 37866.2
0 7634 2 phononTS 0.00247015 0.384902 2.51168 -0.0190583 4747.16 0.00104229 1 0.0679008 -0.253798 0.05 64197.9
0 7694 3 phononTF 0.00258281 4.08574 -3.8119 0.035017 756.132 0.00069486 1 -0.0316268 -0.194455 0.05 59249.3
0 7757 2 phononTF 0.00238683 4.36216 -4.70128 -0.0484889 1695.15 0.00104229 1 0.0929247 -0.127692 0.05 22456.6
0 7759 14 phononL 0.00155198 1.55459 3.0362 0.0449738 16753 0.00069486 1 -0.0444256 -0.223738 0.05 19340.2
0 7760 20 phononTF 0.000852694 -0.19477 0.0404294 0.049999 10849.3 0.00069486 1 -0.024483 -0.184117 0.05 12345
0 7867 4 phononTS 0.000653068 -0.297335 0.0661918 0.049999 243.751 0.00034743 1 -0.0618758 -0.173123 0.05 698.519
0 7912 5 phononTS 0.000763523 -0.191301 -0.528251 0.0490137 3868.49 0.00034743 1 -0.0414918 -0.143891 0.05 4250.71
0 7921 1 phononTS 0.004 1.2144 -1.39495 0.00742292 0 0.00243201 1 0.0471626 -0.261437 0.05 5596.05
0 7955 2 phononTF 0.00159362 2.88587 -1.31696 0.0253494 1760.18 0.00069486 1 0.0936074 -0.257947 0.05 25873.7
0 7963 4 phononTF 0.00140376 -0.734438 -0.0781845 0.0231137 1221.3 0.00069486 1 -0.0646916 -0.259024 0.05 3450.78
0 8047 3 phononTF 0.00285057 0.0317002 -0.22289 0.0156708 3611.59 0.00173715 1 0.0500823 -0.265269 0.05 3629.59
0 8068 3 phononTF 0.00222712 1.17136 -0.576332 0.00900379 2506.66 0.00104229 1 -0.0436255 -0.261832 0.05 7597.84
0 8109 1 phononTS 0.004 0.155922 -0.973887 -0.0318231 0 0.00243201 1 -0.0548748 -0.206921 0.05 2812.62
0 8148 3 phononL 0.00202957 2.29438 2.34677 0.0143685 2471.99 0.00104229 1 0.101249 -0.215378 0.05 26408.5
0 8154 1 phononTF 0.004 -0.710223 0.707938 0.0274156 0 0.00138972 1 -0.0537145 -0.222183 0.05 3770.07
0 8167 4 phononTS 0.00109993 -2.91008 -3.13906 -0.0240774 54742.6 0.00069486 1 0.0866578 -0.21 0.05 98278.2
0 8187 1 phononTF 0.004 -0.267216 -0.954788 -0.0100462 0 0.00208458 1 0.0733954 -0.215479 0.05 960.303
0 8187 10 phononTS 0.000440373 0.0733954 -0.215479 0.049998 960.303 0.00034743 1 0.0893384 -0.275448 0.05 1322.55
0 8193 1 phononTS 0.004 0.228537 0.528404 -0.00801753 0 0.00208458 1 0.0570984 -0.164584 0.05 713.644
0 8281 1 phononTS 0.004 0.131646 -0.874068 -0.0222444 0 0.00138972 1 -0.0737415 -0.239479 0.05 4632.92
0 8281 8 phononTS 0.000357887 -0.0737415 -0.239479 0.049999 4632.92 0.00034743 1 -0.0817569 -0.239716 0.05 4689.1
0 8304 3 phononTS 0.00269429 -0.792012 -1.29843 -0.0304026 2279.72 0.00138972 1 -0.0702914 -0.223398 0.05 9484.56
0 8315 1 phononL 0.004 0.157144 -0.185539 -0.0132314 0 0.00138972 1 0.0542666 -0.240287 0.05 2885.23
0 8315 4 phononTF 0.0010624 0.0542666 -0.240287 0.049999 2885.23 0.00069486 1 0.0917177 -0.212469 0.05 2956.41
0 8363 4 phononTS 0.00257604 3.32135 -2.02207 0.0361945 19245.5 0.00173715 1 -0.0244636 -0.277825 0.05 36317
0 8515 2 phononTF 0.00204557 2.81968 -2.09975 -0.0127409 3.00232 0.00069486 1 -0.0300156 -0.250426 0.05 5850.22
0 8545 1 phononTF 0.004 0.0466891 -0.663226 -0.037839 0 0.00208458 1 -0.0397577 -0.229841 0.05 414.069
0 8552 2 phononTF 0.00276114 -0.405299 -1.45546 -0.0417024 5580.58 0.00104229 1 0.0294419 -0.148628 0.05 9117.45
0 8557 13 phononTS 0.00045466 2.33304 0.103868 0.049999 9326.49 0.00034743 1 -0.0233092 -0.180706 0.05 15059.7
0 8562 2 phononTF 0.00242331 0.95465 1.89656 0.0114506 866.118 0.00104229 1 -0.0724431 -0.183345 0.05 4837.51
0 8592 12 phononTS 0.000365421 0.16918 0.0182766 0.049999 9880.53 0.00034743 1 -0.0652037 -0.223171 0.05 10145.5
0 8593 3 phononTF 0.00198875 4.7091 -2.94586 -0.0184147 2648.29 0.00034743 1 0.048497 -0.162922 0.05 13467.3
0 8593 4 phononTF 0.00162429 0.048497 -0.162922 0.049999 13467.3 0.00034743 1 0.0685086 -0.146109 0.05 13525.6
0 8597 5 phononTF 0.00132491 0.926967 -4.99882 -0.0454009 23691.7 0.00069486 1 0.0363463 -0.160391 0.05 52817.7
0 8597 10 phononTS 0.000466771 0.0363463 -0.160391 0.049999 52817.7 0.00034743 1 0.037567 -0.106807 0.05 53194.3
0 8604 3 phononL 0.00238136 -1.72876 -4.2288 -0.00905837 5922.84 0.00104229 1 0.101687 -0.244425 0.05 26950.3
0 8643 1 phononTF 0.004 -0.359912 0.0186269 -0.0235753 0 0.00104229 1 0.00018598 -0.199695 0.05 1385.93
0 8643 5 phononTS 0.000834948 0.00018598 -0.199695 0.049999 1385.93 0.00069486 1 -0.0798954 -0.196103 0.05 1462.42
0 8643 4 phononTS 0.000851477 0.00018598 -0.199695 0.049999 1385.93 0.00034743 1 -0.0178147 -0.175048 0.05 1451.97
0 8676 2 phononTF 0.00204322 -4.8274 3.53175 -0.0378521 4657.92 0.00138972 1 0.0809576 -0.181679 0.05 28443.8
0 8684 2 phononTS 0.00210888 2.81345 -2.4609 -0.00816876 7031.89 0.00138972 1 -0.0908364 -0.247537 0.05 12868.1
0 8783 3 phononTS 0.00114327 -4.58604 3.47848 0.032224 1339.1 0.00034743 1 -0.0719683 -0.116067 0.05 14590.9
0 8783 4 phononTF 0.000728638 -0.0719683 -0.116067 0.049999 14590.9 0.00069486 1 0.0510032 -0.234282 0.05 14801.6
0 8802 2 phononTS 0.00291212 2.04227 -1.91803 -0.00661436 8117 0.00104229 1 -0.0366798 -0.27611 0.05 14974.9
0 8878 4 phononTF 0.00139705 -1.50621 3.70775 -0.0442626 20071.5 0.00104229 1 0.0661851 -0.207328 0.05 51381.9
0 8883 2 phononL 0.00165928 2.20044 2.6051 -0.0263066 2613.4 0.00069486 1 0.117395 -0.189063 0.05 7843.81
0 8896 1 phononTF 0.004 1.725 -0.362409 -0.0373378 0 0.00173715 1 0.0369831 -0.182446 0.05 9332.5
0 8896 8 phononTS 0.000398067 0.0369831 -0.182446 0.049999 9332.5 0.00034743 1 0.0372506 -0.187211 0.05 9388.92
0 8902 1 phononTS 0.004 0.00900009 0.786051 0.0354723 0 0.00208458 1 -0.0646377 -0.21892 0.05 1925.57
0 8910 7 phononTS 0.00062239 -4.992 0.0380897 0.049999 31262.8 0.00034743 1 -0.0447135 -0.271654 0.05 36052.7
0 8980 2 phononTS 0.00241135 0.103042 3.82402 0.0392208 2887.75 0.00138972 1 0.107873 -0.170421 0.05 31766.5
0 8996 1 phononTS 0.004 -0.0444038 -0.0320374 -0.00125884 0 0.00243201 1 0.0488328 -0.13309 0.05 177.439
0 9046 5 phononTS 0.000774979 -0.226275 0.941314 0.0399467 15197.1 0.00069486 1 0.0417641 -0.260087 0.05 16783
0 9162 3 phononTS 0.00227135 -2.2984 0.281154 0.00928164 3934.9 0.00138972 1 -0.0733831 -0.114977 0.05 5836.71
0 9179 2 phononL 0.00128727 0.077908 -0.00980914 0.049999 889.693 0.00034743 1 0.0763332 -0.116491 0.05 941.374
0 9204 2 phononTS 0.00269017 -1.92738 -2.4376 0.0310133 2049.53 0.00138972 1 0.0596118 -0.27994 0.05 12085.8
0 9335 3 phononL 0.00257221 0.322701 2.74328 0.00422652 15587 0.00138972 1 0.0565567 -0.169629 0.05 28492.1
0 9344 3 phononTS 0.00180738 -3.33733 -2.8749 -0.0234896 2618.23 0.00034743 1 -0.0189671 -0.183043 0.05 7435.55
0 9351 3 phononTF 0.00137185 2.09908 4.26303 -0.0169502 4280.06 0.00069486 1 0.0175706 -0.245116 0.05 9029.26
0 9387 2 phononTS 0.00149898 2.05659 -2.43239 -0.0181401 4039.46 0.00069486 1 0.0871056 -0.149286 0.05 23719.8
0 9410 3 phononTS 0.00207298 1.49607 -2.89499 0.0306298 787.527 0.00069486 1 -0.0609175 -0.172142 0.05 18641.6
0 9411 2 phononL 0.00156804 -0.606454 3.40359 -0.0274015 46.6878 0.00069486 1 -0.0554803 -0.264513 0.05 5890.79
0 9411 4 phononTS 0.000395498 -0.0554803 -0.264513 0.049999 5890.79 0.00034743 1 0.050898 -0.196575 0.05 5976.7
0 9488 1 phononTS 0.004 0.461898 0.126092 -0.0256126 0 0.00243201 1 0.105692 -0.249993 0.05 1057.58
0 9529 1 phononTF 0.004 0.331485 -0.214275 0.023543 0 0.00208458 1 -0.0265435 -0.133427 0.05 433.501
0 9541 2 phononTS 0.00191186 1.3879 -1.8588 -0.00241119 2834.6 0.00069486 1 -0.0360777 -0.207296 0.05 6175.05
0 9541 4 phononL 0.000466197 -0.0360777 -0.207296 0.049999 6175.05 0.00034743 1 -0.0219384 -0.244729 0.05 6220.91
0 9633 2 phononTF 0.00149513 -3.18505 2.80268 0.0166529 17438.3 0.00069486 1 0.0638208 -0.164835 0.05 19934.7
0 9702 3 phononTF 0.00259296 -0.551549 4.57057 0.0253843 32.0076 0.00173715 1 0.1061 -0.202583 0.05 20978.4
0 9734 1 phononTS 0.004 -2.32207 -3.12055 -0.00234404 0 0.00208458 1 0.0480616 -0.181394 0.05 9969.22
0 9799 3 phononL 0.00178799 -0.410578 -0.2717 0.049618 2472.57 0.00104229 1 0.0441449 -0.247154 0.05 8964.43
0 9800 4 phononTF 0.00167922 0.117064 -3.83833 0.00425896 29330.6 0.00069486 1 -0.0649181 -0.164275 0.05 69070.1
0 9818 1 phononTF 0.004 0.158685 0.0186765 0.0362705 0 0.00069486 1 0.0983677 -0.242898 0.05 168.354
0 9851 4 phononTF 0.000754582 3.27513 4.14907 -0.0333088 9264.11 0.00034743 1 0.0566868 -0.22979 0.05 85165.2
0 9884 4 phononTS 0.000723533 0.0255198 0.225697 0.00473059 3644.97 0.00034743 1 0.0309393 -0.303669 0.05 3827.41
0 9908 5 phononTF 0.00137884 4.88827 -4.62127 -0.0433379 20941.6 0.00104229 1 0.057449 -0.129466 0.05 30592.8
0 9992 3 phononTF 0.00121488 -4.00935 2.59005 -0.0434122 24634.7 0.00069486 1 -0.0884398 -0.275121 0.05 39239.9
