Run ID,Event ID,Track ID,Particle Name,Start Energy [eV],Start X [mm],Start Y [mm],Start Z [mm],Start Time [ns],Energy Deposited [eV],Track Weight,End X [mm],End Y [mm],End Z [mm],Final Time [ns],Volume Name
0 3 21 phononTF 0.000936001 2.29086 1.17893 -0.0231432 6486.83 0.00069486 1 -0.055933 -0.178495 0.05 18367.9
0 17 6 phononTS 0.000977543 0.122599 -0.0099711 0.049999 11717.4 0.00069486 1 0.0721441 -0.189377 0.05 12272
0 33 2 phononTF 0.00247155 -0.0829876 -2.6192 -0.00295224 6815.3 0.00104229 1 0.08322 -0.203929 0.05 11924.2
0 33 14 phononL 0.000859465 0.08322 -0.203929 0.049999 11924.2 0.00034743 1 -0.112201 -0.196679 0.05 12032.7
0 55 1 phononTF 0.004 0.00967663 -0.0287688 0.00618494 0 0.00208458 1 0.0552096 -0.25888 0.05 184.608
0 55 6 phononTS 0.000774165 0.0552096 -0.25888 0.049998 184.608 0.00034743 1 0.0552744 -0.257075 0.05 298.925
0 85 1 phononL 0.004 0.138425 -0.523848 -0.0174494 0 0.00208458 1 -0.0389682 -0.275555 0.05 9436.32
0 86 3 phononTS 0.00224926 2.8712 -1.76049 -0.0271488 5314.26 0.00104229 1 0.0652627 -0.15952 0.05 11055.5
0 91 2 phononTS 0.00111767 0.189961 -0.546699 -0.0194652 1037.44 0.00069486 1 0.0381404 -0.175776 0.05 1702.66
0 113 3 phononTS 0.0022469 -0.0874623 -0.202705 -0.011914 11353.6 0.00138972 1 -0.0497142 -0.238575 0.05 11381
0 121 17 phononTS 0.00110803 1.21413 2.3025 0.0112067 5874.91 0.00069486 1 0.113336 -0.186889 0.05 7166.1
0 144 2 phononTF 0.00203029 2.15174 -1.56819 -0.00329096 2942.15 0.00138972 1 -0.0883124 -0.209157 0.05 15191.1
0 153 20 phononTS 0.000951278 -1.72834 0.100145 0.049999 1841.31 0.00069486 1 -0.0757613 -0.236227 0.05 26085.7
0 180 2 phononTS 0.00223528 0.933056 -0.339634 -0.00394885 11710.2 0.00138972 1 -0.0478005 -0.114433 0.05 35751.3
0 216 4 phononTF 0.00070398 0.170641 0.0114619 0.049999 11506 0.00034743 1 -0.0193768 -0.167215 0.05 11670.4
0 243 3 phononTF 0.00273932 1.08371 -0.0405793 0.0339525 56.2489 0.00138972 1 0.0880113 -0.151153 0.05 3597.35
0 259 2 phononTS 0.00257997 0.884642 -2.37856 0.0421755 6058.68 0.00104229 1 -0.090185 -0.158911 0.05 12609
0 259 18 phononTF 0.000367915 -0.090185 -0.158911 0.049999 12609 0.00034743 1 -0.0795663 -0.268089 0.05 13689.6
0 266 3 phononTS 0.00255829 0.410715 -0.238769 -0.0417344 14190.7 0.00069486 1 0.0487614 -0.163684 0.05 14536.5
0 387 3 phononTS 0.00229211 1.10342 -1.50641 -0.0267338 2629.22 0.00138972 1 0.0728537 -0.268563 0.05 8170.22
0 412 8 phononTS 0.000364298 -0.626415 0.0555836 0.049998 10486.1 0.00034743 1 0.0426858 -0.115503 0.05 37448.1
0 427 1 phononTF 0.004 1.14273 -0.862457 -0.0138386 0 0.00138972 1 -0.0396369 -0.18095 0.05 7348.18
0 427 3 phononTF 0.00109018 -0.0396369 -0.18095 0.049999 7348.18 0.00069486 1 0.0807573 -0.11863 0.05 7425.6
0 436 4 phononTS 0.000444429 0.688872 0.0138631 0.049999 3653.45 0.00034743 1 0.103043 -0.159625 0.05 4148.35
0 445 2 phononTF 0.00232596 0.322032 0.0828329 0.049999 6826.69 0.00104229 1 0.0703583 -0.18809 0.05 7100.33
0 445 16 phononTS 0.000363251 0.0703583 -0.18809 0.049999 7100.33 0.00034743 1 -0.022363 -0.168847 0.05 8334.69
0 462 2 phononL 0.00253027 0.893015 2.55049 0.00703247 1920.69 0.00173715 1 0.05399 -0.28757 0.05 15486.6
0 466 1 phononTS 0.004 0.149672 -0.128445 0.00566821 0 0.00208458 1 0.113433 -0.16234 0.05 280.964
0 472 2 phononTF 0.00178056 -1.23447 0.0372923 0.0200133 1718.85 0.00104229 1 -0.0807928 -0.269923 0.05 7524.83
0 482 3 phononL 0.00270371 -0.0260028 -0.272294 0.0267178 18750 0.00104229 1 -0.0456684 -0.24685 0.05 18757.2
0 482 7 phononTF 0.000589743 -0.0456684 -0.24685 0.049999 18757.2 0.00034743 1 -0.0629027 -0.279167 0.05 18817.9
0 482 2 phononTS 0.00129629 -0.0260028 -0.272294 0.0267178 18750 0.00034743 1 -0.0413066 -0.291711 0.05 18761.3
0 482 25 phononTS 0.000612528 -0.0413066 -0.291711 0.049999 18761.3 0.00034743 1 0.0648643 -0.243271 0.05 18844
0 505 1 phononTF 0.004 -0.77871 -0.247808 -0.0195505 0 0.00173715 1 -0.0366004 -0.277172 0.05 650.551
0 505 5 phononTS 0.000816591 -0.0366004 -0.277172 0.049999 650.551 0.00034743 1 -0.104662 -0.210477 0.05 726.447
0 507 2 phononTS 0.00134412 2.70554 -2.22552 0.0381285 2716.29 0.00104229 1 -0.0139103 -0.218897 0.05 23856.8
0 520 2 phononTS 0.00125729 2.37519 -0.772973 0.0262123 3.81358 0.00069486 1 0.0805643 -0.243651 0.05 18514
0 572 3 phononTF 0.00133483 1.05122 1.68892 -0.0232984 2909.27 0.00069486 1 0.0650139 -0.14182 0.05 21642.4
0 581 1 phononL 0.004 -2.74788 1.52578 -0.00907287 0 0.00173715 1 -0.0530039 -0.229914 0.05 6647.32
0 601 4 phononTF 0.000360168 -0.185789 0.0731784 0.049998 8157.29 0.00034743 1 0.0148156 -0.233843 0.05 12686.2
0 604 3 phononTF 0.00143508 -0.639094 1.39579 0.0470959 2082.61 0.00069486 1 0.0402083 -0.266558 0.05 6245.75
0 611 3 phononTS 0.0025905 -0.45904 -0.698362 0.0299762 3137.28 0.00069486 1 0.0739102 -0.246814 0.05 17140
0 616 3 phononTF 0.00246668 -0.460203 -0.123598 0.0165301 21332 0.00173715 1 0.055816 -0.224022 0.05 21915.2
0 629 1 phononTS 0.004 0.689032 -0.215342 0.0335781 0 0.00243201 1 0.0207079 -0.138821 0.05 2102.89
0 632 1 phononTS 0.004 -1.0571 -0.475686 -0.0121132 0 0.00243201 1 -0.114755 -0.164655 0.05 2270.79
0 674 3 phononTS 0.00191305 1.16234 -1.25925 -0.00628195 3233.46 0.00104229 1 0.0151293 -0.206366 0.05 10176
0 681 4 phononTS 0.000743152 -1.24509 0.00911401 0.049999 13236 0.00034743 1 -0.0605695 -0.11374 0.05 34623.9
0 709 5 phononTF 0.00183243 -0.154063 -0.232985 0.044623 5615.67 0.00069486 1 -0.116915 -0.190029 0.05 5679.34
0 711 3 phononTS 0.00209737 0.799322 2.31556 -0.00780176 6600.25 0.00034743 1 -0.0652169 -0.215567 0.05 10130
0 711 5 phononTF 0.000811788 -0.0652169 -0.215567 0.049999 10130 0.00069486 1 -0.0351225 -0.22945 0.05 28512.6
0 718 3 phononTF 0.00121723 0.681592 2.04392 0.0349886 9552.4 0.00069486 1 0.0941532 -0.246688 0.05 60196.8
0 723 1 phononTF 0.004 0.196539 -0.301231 0.020352 0 0.00173715 1 -0.0625838 -0.294693 0.05 344.465
0 723 3 phononTF 0.00047596 -0.0625838 -0.294693 0.049999 344.465 0.00034743 1 0.0436539 -0.283536 0.05 603.726
0 748 4 phononTS 0.00205074 -2.44859 1.10581 -0.0176429 3102.92 0.00138972 1 -0.0715451 -0.272365 0.05 17283.3
0 785 2 phononTF 0.00261075 -1.98845 1.55516 -0.0225755 3.84803 0.00138972 1 0.0625776 -0.13506 0.05 7821.37
0 791 2 phononL 0.00146178 -1.54494 2.54463 0.0266694 163.265 0.00069486 1 -0.107182 -0.228775 0.05 30093.2
0 801 3 phononTS 0.00287252 -2.3117 2.50482 -0.0390921 4196.83 0.00173715 1 -0.0748707 -0.165777 0.05 15329.8
0 801 6 phononTS 0.000376569 -0.0748707 -0.165777 0.049999 15329.8 0.00034743 1 -0.0660391 -0.167336 0.05 15385.9
0 804 5 phononL 0.00139253 -1.24641 -2.77935 -0.0167619 8374.46 0.00104229 1 -0.101296 -0.235343 0.05 16500.1
0 824 3 phononTS 0.00191857 -1.82033 -1.48679 -0.00187311 12647.5 0.00069486 1 -0.0384102 -0.255595 0.05 24705.1
0 830 2 phononTF 0.000831742 0.604679 -0.296571 -0.024977 4597.36 0.00034743 1 -0.0188465 -0.253023 0.05 5464.73
0 837 1 phononTF 0.004 1.05239 -1.5498 0.0128524 0 0.00243201 1 -0.0657789 -0.205543 0.05 3393.98
0 861 8 phononTF 0.000385337 0.301185 0.0504742 0.049999 28800.5 0.00034743 1 -0.0802076 -0.264285 0.05 37135
0 877 4 phononTS 0.000471309 0.764456 0.0839729 0.049998 27062.5 0.00034743 1 0.0844315 -0.208828 0.05 28050.4
0 879 1 phononTS 0.004 -1.81044 -1.93191 -0.0211103 0 0.00243201 1 -0.103562 -0.239537 0.05 17893.7
0 881 2 phononL 0.00234473 -0.624175 2.24409 -0.0214308 1397.48 0.00138972 1 -0.0589954 -0.160543 0.05 14165.3
0 907 2 phononTS 0.00184066 0.071343 2.07507 0.0427287 4541.72 0.00104229 1 -0.0790075 -0.122283 0.05 7921.89
0 933 3 phononTF 0.00193429 -0.866057 -1.83956 -0.0464158 1638.91 0.00104229 1 -0.103639 -0.206556 0.05 22168.3
0 938 3 phononTF 0.00186907 -0.208011 -1.55907 -0.00700813 3388.79 0.00104229 1 0.087244 -0.270059 0.05 4818.06
0 972 2 phononL 0.0019114 -2.49527 -2.58483 0.0469542 9146.52 0.00138972 1 -0.0581324 -0.116979 0.05 40644.2
0 1027 3 phononTS 0.00235579 -1.60968 -2.5231 0.0398427 2974.63 0.00138972 1 -0.116971 -0.175232 0.05 16404.9
0 1034 2 phononTF 0.00199064 -2.06233 -0.477122 -0.0118396 228.552 0.00104229 1 0.0772936 -0.148584 0.05 32747.7
0 1036 3 phononTF 0.00212119 2.70601 0.903965 0.0167186 2707.79 0.00104229 1 0.0287077 -0.249038 0.05 10501.8
0 1038 2 phononTF 0.00162006 -0.278284 -2.09624 -0.0223828 206.102 0.00069486 1 0.0235605 -0.275842 0.05 7846.91
0 1045 1 phononTF 0.004 -0.215484 -1.03582 -0.00211532 0 0.00312687 1 0.0334501 -0.285466 0.05 775.032
0 1065 26 phononL 0.000350051 -0.118718 0.0581326 0.049998 7399.06 0.00034743 1 -0.0350737 -0.175544 0.05 7946.22
0 1069 1 phononTS 0.004 0.0863739 -0.183475 -0.0276053 0 0.00208458 1 0.0595666 -0.11598 0.05 75.4038
0 1088 23 phononTF 0.000418386 0.0554614 0.00941798 0.049999 34499.3 0.00034743 1 0.0440247 -0.132088 0.05 34887.9
0 1138 7 phononTF 0.000484986 -0.0509675 0.0341662 0.049999 81.1391 0.00034743 1 -0.042983 -0.21808 0.05 497.533
0 1148 3 phononL 0.00230283 1.05516 -1.44977 0.00758586 7241.74 0.00138972 1 -0.0551123 -0.153855 0.05 12404.7
0 1188 2 phononTS 0.00210452 -0.883032 1.7852 0.0197806 18207.5 0.00104229 1 0.0755467 -0.21581 0.05 38943.3
0 1196 3 phononTS 0.00223261 1.08683 0.718942 -0.0311355 5842.54 0.00104229 1 -0.075714 -0.203751 0.05 35201.6
0 1203 2 phononL 0.00219657 0.952619 -1.32139 -0.0271676 315.763 0.00138972 1 -0.096293 -0.138755 0.05 8681.82
0 1225 2 phononL 0.00136742 -1.65487 0.739485 0.0446999 2611.5 0.00069486 1 -0.023699 -0.134867 0.05 31295.5
0 1248 2 phononTS 0.00218543 0.990174 1.47572 -0.0174721 14203 0.00104229 1 -0.0279238 -0.244021 0.05 35423.3
0 1251 19 phononTS 0.00037866 1.05943 0.0132911 0.049999 10946.5 0.00034743 1 0.0147424 -0.200781 0.05 11801.9
0 1258 2 phononL 0.00143797 -1.29154 -1.39818 0.0386497 4958.75 0.00069486 1 0.0496655 -0.229356 0.05 44478.4
0 1262 22 phononTS 0.00056809 -0.535991 0.0229614 0.049999 20941.9 0.00034743 1 0.0919504 -0.128046 0.05 21862
0 1293 4 phononL 0.00051077 0.307559 0.0365941 0.049999 24906.3 0.00034743 1 0.0321297 -0.299438 0.05 25709.3
0 1296 3 phononTF 0.00163506 -1.4366 1.02228 -0.0468261 1910.42 0.00069486 1 0.0604926 -0.130669 0.05 3927.21
0 1297 3 phononTS 0.00222609 -0.624589 -2.82876 -0.00295904 15789.2 0.00104229 1 0.025089 -0.211235 0.05 25924.8
0 1297 2 phononTS 0.00177391 -0.624589 -2.82876 -0.00295904 15789.2 0.00069486 1 0.0420767 -0.218344 0.05 20931.8
0 1351 5 phononTS 0.00153696 -0.945161 -1.53433 -0.0309498 19685.9 0.00104229 1 -0.0268543 -0.256276 0.05 27226.4
0 1364 1 phononL 0.004 -0.682811 -2.11961 0.0116358 0 0.00243201 1 0.0587789 -0.270154 0.05 3566
0 1406 2 phononTS 0.00205619 -0.912744 -0.559489 0.00837434 7291.53 0.00138972 1 -0.046188 -0.241635 0.05 21908.1
0 1412 2 phononTS 0.00236297 0.144357 -0.215742 -0.045974 18.716 0.00069486 1 -0.055432 -0.129848 0.05 98.3926
0 1412 7 phononTS 0.000588967 -0.055432 -0.129848 0.049998 98.3926 0.00034743 1 -0.0524699 -0.14178 0.05 157.851
0 1412 5 phononTS 0.000398287 -0.055432 -0.129848 0.049998 98.3926 0.00034743 1 -0.0599967 -0.12239 0.05 155.13
0 1420 1 phononL 0.004 0.0656352 -0.673204 0.00549564 0 0.00208458 1 -0.034704 -0.118862 0.05 247.622
0 1429 3 phononTF 0.00123278 0.236358 -1.33628 0.0138423 1245.68 0.00069486 1 -0.0296268 -0.172887 0.05 2064.8
0 1473 2 phononTS 0.00168644 0.120603 0.159023 0.0326664 1123.46 0.00034743 1 -0.0845559 -0.267034 0.05 1293.75
0 1507 1 phononTF 0.004 -0.882106 -0.713461 0.038244 0 0.00243201 1 0.0411468 -0.235717 0.05 2858.25
0 1513 6 phononTS 0.000555324 -0.0167407 -0.00831225 0.049999 23818.3 0.00034743 1 -0.0246611 -0.265308 0.05 24248.7
0 1524 2 phononTF 0.000811225 -0.211296 0.042702 0.049999 3564.81 0.00069486 1 -0.0202023 -0.260331 0.05 4123.6
0 1527 3 phononTS 0.00164474 2.84446 2.24392 0.00906839 20.8657 0.00069486 1 0.0878655 -0.19193 0.05 5727.49
0 1553 2 phononTS 0.00152571 1.13718 -1.90583 -0.0148943 18866.7 0.00069486 1 0.0309033 -0.166486 0.05 27933
0 1555 2 phononTS 0.00204421 -1.58816 1.78597 -0.0189679 15339.9 0.00104229 1 0.10605 -0.226167 0.05 23475.3
0 1556 1 phononTF 0.004 1.38813 -0.867639 -0.019981 0 0.00243201 1 0.0732506 -0.238641 0.05 2818.55
0 1616 4 phononTF 0.000742856 -0.459931 0.076439 0.049999 13705.6 0.00034743 1 -0.0938915 -0.253951 0.05 26694.8
0 1641 3 phononTS 0.00175923 1.01241 2.78499 -0.00231432 6765.14 0.00138972 1 -0.0485043 -0.270847 0.05 13744
0 1658 1 phononTF 0.004 -0.17078 -1.43051 -0.0104089 0 0.00208458 1 -0.0569035 -0.227117 0.05 6765.24
0 1686 1 phononL 0.004 -0.0684758 -0.318734 0.0107651 0 0.00138972 1 0.0669943 -0.151938 0.05 627.783
0 1730 2 phononTS 0.00190349 -1.21975 -1.79356 -0.00237634 10751.6 0.00104229 1 0.0831221 -0.251145 0.05 51974.6
0 1769 3 phononTF 0.0022695 -2.42333 2.74262 -0.0452207 11415.7 0.00138972 1 0.0677707 -0.270768 0.05 17493.7
0 1770 1 phononTF 0.004 -0.0635638 -0.686951 0.00236988 0 0.00243201 1 0.0603715 -0.240075 0.05 791.153
0 1788 4 phononTF 0.00066315 1.05156 -2.70617 -0.0411325 4857.47 0.00034743 1 -0.0790409 -0.142598 0.05 8551.72
0 1789 20 phononTS 0.000412081 0.190412 0.034596 0.049999 14652.5 0.00034743 1 -0.074817 -0.115016 0.05 14865.1
0 1796 2 phononL 0.00223774 1.10766 0.954019 0.0173013 11369.9 0.00138972 1 0.0452604 -0.196091 0.05 14331.7
0 1799 1 phononTF 0.004 1.12255 -0.150269 -0.00623351 0 0.00173715 1 0.035277 -0.17926 0.05 12674.6
0 1800 3 phononTF 0.00280429 -0.779887 -0.457266 -0.00727469 757.473 0.00138972 1 0.0949245 -0.133885 0.05 2710.42
0 1808 3 phononL 0.00232802 0.994282 0.37248 -0.0326154 8501.54 0.00138972 1 0.106547 -0.234716 0.05 9546.43
0 1811 2 phononTS 0.00255619 -0.936021 -1.13312 -0.0413169 3540.63 0.00104229 1 -0.0197757 -0.20271 0.05 8138.8
0 1820 2 phononTS 0.00202554 -1.88376 -1.37913 0.0488227 2068.01 0.00104229 1 -0.0489506 -0.23708 0.05 9892.19
0 1834 1 phononL 0.004 0.525622 -1.30572 -0.0189821 0 0.00138972 1 -0.0952044 -0.260621 0.05 2190.71
0 1887 2 phononTS 0.00179198 2.43722 -2.59643 0.0394269 2628.74 0.00104229 1 0.0477046 -0.16006 0.05 13120.8
0 1924 1 phononTF 0.004 -0.428206 -0.443625 0.0270825 0 0.00243201 1 0.0319559 -0.291803 0.05 1268.62
0 1928 5 phononL 0.00117752 2.77064 -1.90238 0.0420549 5781.55 0.00069486 1 -0.0120109 -0.180758 0.05 17729
0 1929 3 phononTS 0.00280864 -0.185112 -2.34046 -0.0107755 12546.5 0.00138972 1 -0.0699884 -0.189139 0.05 22995.9
0 1961 1 phononTS 0.004 -0.768476 -0.142024 0.0166396 0 0.00208458 1 0.0419561 -0.200377 0.05 636.204
0 2000 2 phononTS 0.00228992 -1.6362 1.85421 0.00733852 24535.9 0.00069486 1 -0.0588481 -0.166754 0.05 35242.9
0 2007 1 phononL 0.004 0.759623 0.989399 0.0120783 0 0.00208458 1 0.0659408 -0.126408 0.05 1869.16
0 2019 2 phononTF 0.00277828 -0.319679 -2.21548 0.0275142 7246.19 0.00104229 1 -0.113565 -0.189155 0.05 9612.21
0 2019 12 phononTS 0.000528311 -0.113565 -0.189155 0.049999 9612.21 0.00034743 1 -0.0503665 -0.247469 0.05 9927.96
0 2057 3 phononTS 0.00202443 -0.962031 -1.69388 0.0289482 7725.51 0.00104229 1 0.0751733 -0.194368 0.05 18301.9
0 2065 4 phononTS 0.0010258 -0.0900736 1.87456 -0.0314867 8658.35 0.00034743 1 0.0202141 -0.237825 0.05 59981.9
0 2126 2 phononTS 0.00229514 -1.64794 -0.9368 0.0177399 2338.39 0.00138972 1 -0.0805521 -0.220334 0.05 5179.41
0 2134 17 phononTS 0.000472972 2.87201 -0.00355357 0.049999 3272.35 0.00034743 1 0.094243 -0.2378 0.05 11212.7
0 2166 2 phononTS 0.00143427 -1.59457 -1.31678 -0.00971336 6.81184 0.00069486 1 -0.103993 -0.166997 0.05 12212.2
0 2171 22 phononTS 0.000413441 -0.77081 -0.00676111 0.049999 3530.74 0.00034743 1 0.0256507 -0.14784 0.05 4006.64
0 2258 6 phononL 0.000347961 0.0026607 0.0168953 0.049999 22568.6 0.00034743 1 -0.0379964 -0.0959257 0.05 22620.3
0 2302 1 phononTF 0.004 0.200151 -0.149421 0.0387976 0 0.00208458 1 0.115943 -0.200241 0.05 75.2133
0 2305 3 phononL 0.00151491 1.27208 -2.2914 0.00415075 6147.73 0.00069486 1 0.0337939 -0.151735 0.05 23316
0 2305 2 phononTS 0.00248509 1.27208 -2.2914 0.00415075 6147.73 0.00173715 1 -0.0577225 -0.270637 0.05 20227.8
0 2310 2 phononTS 0.00252464 -2.26632 -2.04555 -0.0313289 1311.77 0.00173715 1 0.0973241 -0.239588 0.05 13606.6
0 2341 3 phononL 0.00321009 -0.839975 -2.33284 -0.034804 226.87 0.00208458 1 0.115282 -0.216268 0.05 13443
0 2363 4 phononTF 0.000821065 -1.26135 -0.497573 0.0125696 1168.54 0.00034743 1 0.0737882 -0.190821 0.05 1983.15
0 2386 3 phononTS 0.00238937 -0.832478 -0.616405 0.0240762 2496.29 0.00138972 1 -0.0944415 -0.148202 0.05 3238.75
0 2403 15 phononTF 0.00151563 -0.0112287 -2.18422 0.041922 22731.9 0.00069486 1 -0.109678 -0.191145 0.05 25748.6
0 2437 2 phononTS 0.00215733 -0.613631 -1.69284 0.0174274 2658.85 0.00138972 1 -0.0883931 -0.276811 0.05 12293.8
0 2440 1 phononL 0.004 0.0575281 0.272302 0.028552 0 0.00173715 1 -0.0405739 -0.124136 0.05 2075.06
0 2526 1 phononTS 0.004 -0.837574 -0.323685 0.00706789 0 0.00173715 1 -0.104926 -0.20742 0.05 1555.69
0 2567 2 phononL 0.00114614 0.489304 -2.77126 0.0458399 3471.46 0.00069486 1 0.0192203 -0.218344 0.05 7681.88
0 2591 5 phononTF 0.000392766 0.0544215 0.0409718 0.049999 16450.9 0.00034743 1 -0.0456584 -0.148285 0.05 16551.4
0 2594 7 phononTF 0.0006266 0.0828842 0.0628323 0.049999 21063.9 0.00034743 1 -0.0473722 -0.220516 0.05 21541.1
0 2599 2 phononTF 0.00161879 2.77796 2.58821 -0.00012555 1992 0.00104229 1 0.0454603 -0.291143 0.05 15136.7
0 2611 2 phononTF 0.00109947 2.22605 -1.34971 -0.000992727 16914.7 0.00069486 1 0.0570253 -0.237579 0.05 25688.6
0 2632 2 phononTF 0.00141234 -0.117873 -2.04757 0.0174783 6731.61 0.00104229 1 -0.0854489 -0.124941 0.05 18785.2
0 2634 3 phononTF 0.00194094 -2.88009 1.8733 -0.00623609 3108.18 0.00069486 1 -0.09843 -0.136534 0.05 8799.21
0 2634 6 phononTF 0.000467783 -0.09843 -0.136534 0.049999 8799.21 0.00034743 1 -0.0856716 -0.169542 0.05 8862.46
0 2653 3 phononTS 0.00251273 -1.53379 -1.94761 -0.0209647 2522.21 0.00104229 1 -0.0859825 -0.275104 0.05 9781.76
0 2655 3 phononTF 0.00232807 -1.23839 -2.41978 -0.0146824 1139.83 0.00138972 1 -0.0352939 -0.127722 0.05 23004.6
0 2683 4 phononL 0.0017236 -0.622008 -2.09955 0.0297945 13605.1 0.00069486 1 0.119576 -0.207912 0.05 22419.1
0 2684 3 phononTF 0.000996564 -0.978848 1.87955 0.0103725 2186.99 0.00069486 1 -0.108053 -0.159117 0.05 11476.5
0 2708 3 phononTF 0.00196757 -2.57358 -1.50927 -0.0167886 8640.55 0.00069486 1 -0.0751598 -0.283898 0.05 22976.4
0 2729 4 phononL 0.00125331 2.08536 2.17185 -0.0346372 14686.6 0.00069486 1 -0.022767 -0.179286 0.05 35724.7
0 2737 5 phononTS 0.000603164 -0.110734 0.0647814 0.049999 483.036 0.00034743 1 0.105228 -0.203173 0.05 814.226
0 2762 2 phononTS 0.00189246 0.497148 1.79533 0.042828 3864.04 0.00104229 1 -0.0756147 -0.287208 0.05 7789.37
0 2766 2 phononTF 0.00187252 1.05681 -1.95049 0.0264325 4676.29 0.00069486 1 -0.0210102 -0.264838 0.05 17049.1
0 2777 3 phononTS 0.00204362 -0.563424 1.01637 0.0416879 9316.61 0.00069486 1 0.0558821 -0.176741 0.05 15167
0 2783 3 phononTF 0.00175492 -1.63869 2.53713 -0.00280749 2364.42 0.00104229 1 0.0555595 -0.126846 0.05 15972.1
0 2799 1 phononTF 0.004 -0.333341 0.719174 0.0227935 0 0.00173715 1 0.0548615 -0.213293 0.05 1606.29
0 2827 3 phononL 0.00248335 0.946401 1.38492 0.03229 2704.22 0.00138972 1 -0.0918976 -0.204374 0.05 8120.78
0 2832 3 phononTF 0.000468976 -2.41483 0.0995794 0.049999 2126.74 0.00034743 1 0.0160396 -0.207052 0.05 3590.43
0 2838 2 phononTS 0.00166765 2.53903 2.38258 -0.0170827 8589.54 0.00104229 1 0.0832414 -0.243306 0.05 18077.5
0 2852 4 phononL 0.000892558 -0.682028 0.010162 0.049998 17343.1 0.00034743 1 0.0520974 -0.192378 0.05 18834.8
0 2868 2 phononTS 0.00251636 -0.282348 -1.29933 -0.0316083 2650.49 0.00138972 1 -0.0426115 -0.279814 0.05 3903.75
0 2874 3 phononTS 0.00182954 0.367828 -1.01428 -0.0313081 2777.41 0.00104229 1 -0.0692286 -0.183256 0.05 5314.31
0 2898 10 phononTF 0.00188033 0.274602 0.579308 0.0255797 18949.5 0.00104229 1 0.0920176 -0.25932 0.05 26933.1
0 2900 1 phononL 0.004 0.0970445 0.44123 -0.0198239 0 0.00173715 1 0.0444846 -0.15778 0.05 2607.19
0 2900 10 phononTS 0.000366018 0.0444846 -0.15778 0.049999 2607.19 0.00034743 1 0.0725276 -0.258824 0.05 2898.69
0 2973 5 phononTS 0.00124043 -0.692144 -2.4248 -0.0146961 1877.82 0.00034743 1 -0.0933022 -0.152223 0.05 7659.59
0 2997 3 phononTS 0.00270237 0.856868 -1.07621 -0.029403 1419.45 0.00138972 1 -0.0596994 -0.131905 0.05 2293.29
0 2997 5 phononTS 0.000691231 -0.0596994 -0.131905 0.049999 2293.29 0.00034743 1 -0.0492723 -0.130982 0.05 2353.96
0 3013 28 phononTF 0.000872754 1.04657 0.0789958 0.049998 22772.4 0.00034743 1 -0.0802353 -0.125013 0.05 40277.9
0 3026 3 phononL 0.00215906 1.21304 1.13275 -0.0457551 3551.39 0.00138972 1 -0.0374732 -0.220803 0.05 26654.8
0 3102 2 phononTF 0.00127105 0.176239 -0.846174 -0.00441801 3617.09 0.00069486 1 0.0401895 -0.18687 0.05 11997.5
0 3102 26 phononTS 0.000446968 0.0401895 -0.18687 0.049999 11997.5 0.00034743 1 0.0378706 -0.176187 0.05 12057.2
0 3163 2 phononTF 0.000810959 2.29849 2.12669 0.0151003 12354.4 0.00034743 1 -0.0169694 -0.169713 0.05 38979.5
0 3171 6 phononTF 0.000425445 0.428572 0.0573978 0.049999 27003.2 0.00034743 1 0.0999057 -0.216989 0.05 27706.4
0 3187 3 phononTF 0.00216508 0.0685717 -1.14493 0.0143076 6160.99 0.00104229 1 -0.0567028 -0.227841 0.05 29034.2
0 3191 2 phononL 0.00197281 2.86393 0.0930694 0.049999 265.454 0.00104229 1 0.0352217 -0.179688 0.05 8433.66
0 3195 3 phononTS 0.00170231 -1.92282 1.47765 0.0280578 5043.68 0.00069486 1 0.0643178 -0.225021 0.05 16532.7
0 3197 2 phononTF 0.00207257 2.6964 -2.77014 0.027636 124.098 0.00069486 1 0.10958 -0.222492 0.05 14133.2
0 3197 15 phononTS 0.000495536 0.10958 -0.222492 0.049999 14133.2 0.00034743 1 0.0421726 -0.17302 0.05 14205.2
0 3210 2 phononL 0.00186553 0.339723 -1.39127 0.00176476 586.611 0.00069486 1 0.111367 -0.160125 0.05 3770.38
0 3215 4 phononL 0.000923733 -1.15431 1.50739 -0.00370112 7929.48 0.00034743 1 -0.0728257 -0.24733 0.05 16132.7
0 3276 2 phononTS 0.00124633 -2.56667 -1.76598 -0.0108107 1897.71 0.00069486 1 0.108561 -0.163736 0.05 29488.3
0 3278 3 phononTF 0.0025432 0.711477 0.884636 0.00556593 1115.1 0.00138972 1 0.036127 -0.295465 0.05 56509.4
0 3294 7 phononTS 0.000458693 0.801096 0.00857579 0.049999 17489.1 0.00034743 1 -0.0243509 -0.253335 0.05 27035.1
0 3300 2 phononTS 0.00211794 -0.652467 1.59924 -0.0183529 1761.5 0.00138972 1 -0.0702501 -0.20263 0.05 8974.95
0 3308 6 phononL 0.000622087 0.288949 0.0376739 0.049999 9481.89 0.00034743 1 0.0381712 -0.201304 0.05 9655.68
0 3365 8 phononTS 0.000406116 -0.0405309 0.0283247 0.049999 3136.18 0.00034743 1 -0.112535 -0.163014 0.05 3507.34
0 3389 2 phononTF 0.00133555 1.049 -0.78456 0.0253083 1023.98 0.00034743 1 -0.0260966 -0.276897 0.05 25183.7
0 3391 1 phononTS 0.004 0.65252 0.4474 -0.00052268 0 0.00243201 1 0.0950213 -0.134632 0.05 1424.81
0 3417 1 phononL 0.004 0.217524 -0.104973 0.00598509 0 0.00208458 1 -0.040334 -0.229126 0.05 219.337
0 3419 3 phononTS 0.00193239 -2.06013 -0.744924 -0.0466283 7129.01 0.00104229 1 0.0598752 -0.204717 0.05 17433.7
0 3458 15 phononTS 0.000459341 1.41084 0.0491791 0.049999 382.334 0.00034743 1 -0.0655766 -0.159157 0.05 16433.3
0 3527 1 phononTF 0.004 0.0930161 -0.381008 -0.0162517 0 0.00243201 1 -0.040952 -0.26673 0.05 204.755
0 3527 7 phononTS 0.000504627 -0.040952 -0.26673 0.049999 204.755 0.00034743 1 0.000850866 -0.199294 0.05 278.496
0 3529 1 phononTS 0.004 -1.06048 -0.358424 -0.0162592 0 0.00243201 1 0.0928233 -0.263653 0.05 3480.09
0 3531 3 phononL 0.00338773 -2.28027 -1.50225 -0.00670721 1301.31 0.00208458 1 0.0770625 -0.122671 0.05 19449.7
0 3540 3 phononL 0.0019529 -0.880776 -1.11782 0.00214215 1716.09 0.00104229 1 -0.0686649 -0.199814 0.05 3360.61
0 3545 2 phononL 0.00196917 1.45692 2.48579 -0.00122762 4554.01 0.00104229 1 0.0227294 -0.251609 0.05 7336.18
0 3548 3 phononTS 0.00185517 -0.610726 -1.76972 -0.0455242 10501 0.00104229 1 -0.0646357 -0.201887 0.05 11865.8
0 3583 9 phononTF 0.000521854 -0.0220266 0.00355414 0.049999 606.665 0.00034743 1 0.0280713 -0.193984 0.05 757.196
0 3609 2 phononTS 0.00139029 0.298022 2.73445 0.0485251 300.039 0.00034743 1 0.0686276 -0.269599 0.05 15455
0 3629 3 phononTS 0.00231464 -0.932136 0.0818747 -0.0462996 9759.81 0.00069486 1 0.0696736 -0.243822 0.05 43654.1
0 3629 6 phononTS 0.000464188 0.0696736 -0.243822 0.049999 43654.1 0.00034743 1 0.0826588 -0.280802 0.05 43725.1
0 3629 4 phononTF 0.000361548 0.0696736 -0.243822 0.049999 43654.1 0.00034743 1 0.0335846 -0.254224 0.05 44344.2
0 3635 2 phononTF 0.00138797 -2.01839 1.59666 0.0388991 2691.67 0.00069486 1 0.0898354 -0.265658 0.05 17570
0 3672 3 phononTS 0.00155433 -2.41718 1.29275 -0.0432729 1838.49 0.00069486 1 0.107165 -0.161089 0.05 22260.2
0 3684 9 phononTS 0.000436224 -1.68737 0.0920522 0.049999 6652.02 0.00034743 1 -0.0517369 -0.15919 0.05 43618.2
0 3735 7 phononTS 0.000988104 -0.140372 -0.00850987 0.049999 3207.92 0.00034743 1 -0.022731 -0.139775 0.05 3326.25
0 3748 2 phononTS 0.00190679 1.59692 1.2971 0.0102924 1153.5 0.00138972 1 -0.0395204 -0.103837 0.05 3386.69
0 3757 3 phononTS 0.00248302 2.36767 0.926441 0.0348418 3175.84 0.00138972 1 -0.0729116 -0.239633 0.05 5480.93
0 3770 2 phononL 0.00262159 2.61991 -1.2801 0.0404141 4074.59 0.00138972 1 0.027658 -0.211031 0.05 20963.9
0 3786 1 phononTS 0.004 0.23307 -0.308372 0.0171111 0 0.00173715 1 0.0904195 -0.262347 0.05 397.438
0 3819 21 phononTS 0.00104425 -1.60783 -2.67585 -0.0497002 12510.1 0.00034743 1 -0.0884352 -0.157446 0.05 22485.8
0 3845 3 phononL 0.00190783 -0.476827 2.58979 0.021114 7704.06 0.00104229 1 0.0382534 -0.123855 0.05 27793.8
0 3846 2 phononTF 0.00140179 1.3574 2.15592 -0.0487894 4435.73 0.00104229 1 0.031735 -0.29865 0.05 11635.4
0 3853 2 phononTF 0.00251236 -0.00392759 -1.3187 0.0207969 1911.74 0.00104229 1 -0.0661107 -0.240838 0.05 11136.7
0 3866 1 phononL 0.004 -0.0247143 -0.121354 0.0274951 0 0.00243201 1 -0.0456232 -0.155409 0.05 8.48519
0 3868 2 phononTS 0.00275465 -0.649997 1.20641 -0.0497066 2187.09 0.00104229 1 0.103513 -0.154584 0.05 6881.16
0 3868 8 phononL 0.000499343 0.103513 -0.154584 0.049999 6881.16 0.00034743 1 0.0796597 -0.249011 0.05 7710.05
0 3870 3 phononTS 0.00141587 -1.6227 -1.21525 -0.0254023 626.456 0.00069486 1 0.0327773 -0.257278 0.05 13644.4
0 3876 3 phononTS 0.00176588 -0.620673 1.97634 -0.0167935 4129.09 0.00104229 1 -0.0294435 -0.13295 0.05 6517.5
0 3890 1 phononTF 0.004 -0.651945 1.13511 0.023862 0 0.00208458 1 -0.102033 -0.146126 0.05 1431.28
0 3896 2 phononTS 0.00108692 1.8069 2.32307 -0.0381801 322.007 0.00069486 1 0.0518326 -0.280358 0.05 23736.2
0 3908 1 phononTS 0.004 -0.715288 -1.5045 -0.00810257 0 0.00208458 1 -0.112165 -0.178387 0.05 2573.89
0 3928 3 phononTF 0.00229718 1.81022 0.749503 0.0302688 8233.19 0.00034743 1 0.0734989 -0.265501 0.05 52644.7
0 3929 2 phononTS 0.00198213 0.511049 0.93991 0.0388679 4003.4 0.00138972 1 0.101444 -0.161993 0.05 7692.97
0 3930 2 phononTF 0.00156375 0.623916 -0.154594 -0.0164859 264.244 0.00104229 1 0.0427413 -0.239776 0.05 7600.74
0 3931 1 phononTS 0.004 -0.0367405 -0.197489 0.00988679 0 0.00208458 1 0.047941 -0.115022 0.05 64.5331
0 3937 3 phononTS 0.00196779 -0.486355 -0.356852 0.0125974 1204.24 0.00104229 1 0.0597399 -0.23135 0.05 2307.56
0 3940 4 phononTF 0.00117127 -0.311157 0.0340414 0.049999 40733.2 0.00069486 1 -0.032191 -0.261114 0.05 41583.2
0 3987 2 phononTS 0.00166304 -2.02604 0.845778 0.0192724 3863.23 0.00104229 1 0.0374851 -0.184167 0.05 6417.01
0 4001 1 phononTF 0.004 0.206672 -1.29324 -0.0227789 0 0.00208458 1 0.0722609 -0.222633 0.05 1591.7
0 4008 1 phononTF 0.004 0.346344 0.0314164 -0.0340712 0 0.00138972 1 0.0272268 -0.196154 0.05 764.396
0 4021 3 phononTS 0.00203779 -1.35376 0.720445 -0.0189667 7929.32 0.00138972 1 0.0676715 -0.204401 0.05 8807.5
0 4083 2 phononTF 0.000815787 -1.09927 2.29907 -0.0231156 5491.71 0.00069486 1 0.0501138 -0.102008 0.05 37942
0 4087 5 phononTF 0.00101854 -2.11427 1.45299 -0.00913994 16363.2 0.00034743 1 -0.0255253 -0.199134 0.05 19125.9
0 4092 1 phononTS 0.004 -0.233335 -0.482327 -0.0399398 0 0.00243201 1 -0.0693882 -0.275531 0.05 368.744
0 4112 3 phononTS 0.00230008 1.40027 -1.57274 -0.039943 1295.95 0.00034743 1 0.0423467 -0.258176 0.05 6019.5
0 4125 1 phononTS 0.004 0.464895 -0.332935 0.0231415 0 0.00173715 1 0.026726 -0.197922 0.05 1280.33
0 4155 4 phononTS 0.00124057 -1.83605 -2.60005 -0.0160352 16920.7 0.00069486 1 0.0678974 -0.214621 0.05 32327
0 4171 3 phononTS 0.00221962 -2.09477 1.23756 0.030809 12251.3 0.00104229 1 0.0331612 -0.127843 0.05 19999
0 4192 8 phononTS 0.000536377 -0.359729 0.055777 0.049999 943.57 0.00034743 1 -0.0698197 -0.221717 0.05 1297.68
0 4198 3 phononL 0.00216729 2.24701 1.3764 0.0206936 3826.06 0.00069486 1 0.0169006 -0.213478 0.05 9191.54
0 4198 7 phononTF 0.0011493 0.0169006 -0.213478 0.049999 9191.54 0.00069486 1 0.104743 -0.226006 0.05 9257.37
0 4230 3 phononTF 0.00213025 1.1283 0.694002 0.044858 3751.4 0.00104229 1 0.0606643 -0.215043 0.05 4466.19
0 4262 2 phononTS 0.00220091 0.587795 1.658 -0.0202517 1237.28 0.00138972 1 0.0535149 -0.189568 0.05 5828.9
0 4292 5 phononTF 0.00238128 -0.791971 -1.90869 -0.0154763 14727.7 0.00138972 1 0.071503 -0.274667 0.05 20566
0 4329 3 phononL 0.00207619 -1.01016 0.645067 -0.0245571 8125.83 0.00138972 1 -0.0242113 -0.250713 0.05 14360.1
0 4337 2 phononTS 0.00156746 -1.06055 -1.25522 -0.0311 895.656 0.00069486 1 0.0508642 -0.100806 0.05 17878.8
0 4350 1 phononTF 0.004 -0.0122684 0.0227192 -0.00487727 0 0.00104229 1 0.0367743 -0.125786 0.05 348.482
0 4379 3 phononTS 0.00202198 0.383348 -2.72927 -0.00891809 9169.66 0.00104229 1 -0.0578454 -0.190126 0.05 19949
0 4379 7 phononTS 0.000459547 -0.0578454 -0.190126 0.049999 19949 0.00034743 1 -0.0244001 -0.184313 0.05 20010
0 4379 4 phononTS 0.000357194 -0.0578454 -0.190126 0.049999 19949 0.00034743 1 -0.0634083 -0.108413 0.05 20502.4
0 4383 1 phononTS 0.004 -0.911506 -1.46719 -0.0203101 0 0.00208458 1 0.01402 -0.228287 0.05 8101.57
0 4400 2 phononTS 0.0026786 0.476442 -0.448751 0.000809126 5415.83 0.00138972 1 -0.0305378 -0.223336 0.05 43137.3
0 4441 2 phononTS 0.00206406 0.192888 2.14275 0.0111784 6662.96 0.00104229 1 -0.0693156 -0.143952 0.05 30859.5
0 4444 1 phononTS 0.004 -0.0925746 -0.407679 -0.0125857 0 0.00243201 1 0.0899786 -0.231718 0.05 389.786
0 4487 5 phononTF 0.00299079 2.61313 -1.62591 0.0186759 10828.5 0.00069486 1 -0.0616035 -0.202572 0.05 15026.8
0 4495 2 phononTF 0.00226684 0.731011 -1.44752 -0.0383267 603.143 0.00138972 1 -0.0957281 -0.240247 0.05 9517.71
0 4499 10 phononTS 0.00051111 0.0405827 0.0786797 0.049998 26744.7 0.00034743 1 -0.0315882 -0.199177 0.05 39039.9
0 4535 2 phononTF 0.00142462 2.18246 -2.58927 0.00935444 1957.43 0.00104229 1 0.0296923 -0.289124 0.05 23939.5
0 4548 1 phononTF 0.004 0.204751 -0.306992 0.0114799 0 0.00277944 1 0.0383608 -0.109189 0.05 224.209
0 4557 5 phononL 0.00148452 0.281319 -2.41664 -0.0124702 2180.86 0.00069486 1 -0.0430613 -0.156387 0.05 6105.65
0 4608 1 phononTS 0.004 2.7805 1.83451 -0.0146211 0 0.00173715 1 0.0169727 -0.243853 0.05 11864.9
0 4617 3 phononTS 0.0018252 -2.45037 -0.351868 0.0264352 2693.11 0.00104229 1 -0.0100875 -0.197187 0.05 17123.5
0 4630 1 phononTF 0.004 -0.343406 -2.06385 -0.0289619 0 0.00243201 1 -0.0783764 -0.182613 0.05 9084.08
0 4666 1 phononTF 0.004 2.36266 0.957073 0.0339322 0 0.00208458 1 -0.0508664 -0.259118 0.05 8761.74
0 4675 2 phononTS 0.00177724 1.15948 1.07743 0.0241314 7287.02 0.00104229 1 0.0347617 -0.201045 0.05 22954.6
0 4678 2 phononTF 0.00189061 0.0255788 0.811963 -0.0365129 2905.49 0.00138972 1 -0.0528619 -0.190411 0.05 4443.45
0 4679 1 phononTS 0.004 1.06756 -2.23596 0.0369272 0 0.00243201 1 0.0912369 -0.267939 0.05 6462.95
0 4700 4 phononTF 0.0016853 1.09626 2.73475 -0.0269991 16238.1 0.00104229 1 -0.0802943 -0.131429 0.05 35279.1
0 4721 1 phononTS 0.004 1.25025 -0.92675 -0.00734997 0 0.00138972 1 0.0868421 -0.124104 0.05 13906.9
0 4721 2 phononTS 0.000559698 0.0868421 -0.124104 0.049999 13906.9 0.00034743 1 -0.110608 -0.162303 0.05 14148.4
0 4763 3 phononTF 0.00222889 -0.909653 1.74709 -0.00659958 12476.4 0.00104229 1 0.0557459 -0.168368 0.05 18843.2
0 4768 3 phononTF 0.00189669 -0.780664 2.78563 0.0358971 2.30403 0.00069486 1 0.0694747 -0.242839 0.05 11708.5
0 4815 2 phononTF 0.0019458 1.6468 0.455262 -0.0204049 26.9393 0.00138972 1 -0.0777926 -0.209171 0.05 4295.72
0 4831 2 phononTS 0.0022704 0.134726 0.382788 -0.0048779 11521.8 0.00138972 1 0.0817589 -0.163146 0.05 11950.9
0 4832 1 phononTF 0.004 -0.628732 -0.336009 0.0206666 0 0.00208458 1 -0.050445 -0.174096 0.05 2091.25
0 4832 7 phononTF 0.000605859 -0.050445 -0.174096 0.049999 2091.25 0.00034743 1 -0.0718085 -0.251035 0.05 2158.35
0 4832 6 phononTF 0.000510344 -0.050445 -0.174096 0.049999 2091.25 0.00034743 1 -0.0403012 -0.168132 0.05 2151.71
0 4852 2 phononTS 0.00197535 0.374639 -1.01296 -0.0322058 1531.45 0.00034743 1 -0.0672523 -0.260988 0.05 82070.1
0 4866 3 phononTS 0.00227147 -2.64827 -2.11307 0.0160763 8574.53 0.00104229 1 0.0204997 -0.157209 0.05 11826.6
0 4886 2 phononL 0.0016593 1.71245 -1.67203 -0.0482016 8578.91 0.00104229 1 -0.0736578 -0.150177 0.05 19160.4
0 4888 3 phononTS 0.00217366 0.690662 -2.18288 0.00540078 2056.66 0.00104229 1 -0.0829857 -0.262797 0.05 6200.47
0 4919 3 phononTS 0.00281853 -1.08557 2.475 0.0117263 120.265 0.00173715 1 0.0194547 -0.160165 0.05 18763
0 4926 2 phononTF 0.0021735 -0.258622 2.7945 -0.0445219 6755.46 0.00104229 1 0.111655 -0.232328 0.05 11190.9
0 4932 3 phononTS 0.00269969 -0.0638395 2.09837 0.00960002 6198.72 0.00138972 1 -0.0640554 -0.260349 0.05 15172.7
0 4949 1 phononTS 0.004 0.0909624 -0.860204 -0.0357635 0 0.00243201 1 0.10181 -0.150579 0.05 2207.11
0 4959 2 phononTS 0.0021555 -1.76766 2.14057 0.0219433 3775.6 0.00104229 1 -0.0278655 -0.208305 0.05 37410.8
0 4961 1 phononL 0.004 -0.055589 -0.354505 -0.0342333 0 0.00138972 1 -0.0594936 -0.236255 0.05 27.5566
0 4961 3 phononTS 0.000653658 -0.0594936 -0.236255 0.049998 27.5566 0.00034743 1 -0.0703142 -0.195716 0.05 347.096
0 5048 1 phononTS 0.004 0.263018 -0.900042 -0.0396719 0 0.00243201 1 0.0514962 -0.10273 0.05 1589.64
0 5078 2 phononTS 0.00218333 0.819808 -1.06919 -0.000505363 12603 0.00138972 1 0.0462113 -0.210667 0.05 27324.6
0 5091 3 phononL 0.00209138 -0.667122 2.28652 -0.0235868 3896.6 0.00138972 1 -0.0791278 -0.155755 0.05 5259.95
0 5092 4 phononTS 0.00138498 -0.0350109 -0.00446742 0.049999 4341.47 0.00069486 1 0.0852643 -0.229491 0.05 7688.83
0 5103 3 phononTF 0.00231142 -0.2571 1.27439 -0.0320612 738.082 0.00138972 1 -0.0545411 -0.140542 0.05 2176.25
0 5108 6 phononTS 0.000354382 0.240593 0.0183894 0.049999 30440.4 0.00034743 1 0.0278136 -0.24389 0.05 48390.9
0 5110 3 phononTF 0.0020647 1.14103 -1.25013 0.0404247 391.959 0.00104229 1 0.0219016 -0.237447 0.05 1909.12
0 5158 3 phononTF 0.0025259 -2.5522 -2.37942 -0.0420248 8341.18 0.00138972 1 -0.0722267 -0.282463 0.05 42117.4
0 5166 1 phononL 0.004 -0.255646 -0.161489 0.0391738 0 0.00243201 1 0.0670937 -0.124031 0.05 130.907
0 5174 1 phononTS 0.004 0.157581 -0.151217 -0.0194219 0 0.00208458 1 -0.0608021 -0.257953 0.05 946.88
0 5183 5 phononTF 0.00211768 -0.697532 -1.42704 0.0253819 5794.77 0.00138972 1 0.109064 -0.179473 0.05 12075
0 5222 2 phononTF 0.00234874 2.097 -1.85178 0.0105774 2.12366 0.00138972 1 -0.0717438 -0.132108 0.05 17218.6
0 5223 5 phononTF 0.000600438 0.841384 0.0992757 0.049999 8749.35 0.00034743 1 -0.0586092 -0.279536 0.05 16744.3
0 5243 2 phononTF 0.00172501 -0.10086 2.69427 0.023427 856.776 0.00104229 1 -0.0131313 -0.18604 0.05 36698.2
0 5272 7 phononTF 0.00140098 0.163392 -0.289293 0.0326657 18853.4 0.00034743 1 0.0326041 -0.265212 0.05 20962.4
0 5272 10 phononTF 0.00051392 0.0326041 -0.265212 0.049999 20962.4 0.00034743 1 0.0205147 -0.168884 0.05 21178.9
0 5272 8 phononTF 0.000439339 0.0326041 -0.265212 0.049999 20962.4 0.00034743 1 -0.0670629 -0.134039 0.05 30200.4
0 5272 6 phononTS 0.000873714 0.163392 -0.289293 0.0326657 18853.4 0.00069486 1 0.118146 -0.187411 0.05 19347.7
0 5288 1 phononL 0.004 1.26899 -1.74065 0.0376755 0 0.00243201 1 0.0457985 -0.111693 0.05 2473.28
0 5298 5 phononTF 0.000357323 2.05383 -1.11296 -0.027692 27025.8 0.00034743 1 0.109879 -0.188824 0.05 75652.5
0 5301 4 phononTS 0.00043169 0.282307 0.0998374 0.049998 9061.81 0.00034743 1 -0.0242554 -0.215783 0.05 9474.43
0 5312 14 phononTS 0.00105458 0.324996 1.72336 0.0273296 15364.8 0.00069486 1 0.0916928 -0.126815 0.05 20761.3
0 5341 2 phononTS 0.00121238 0.666116 0.0155503 0.0275709 5.40937 0.00069486 1 0.0477868 -0.27936 0.05 10849.2
0 5364 2 phononTS 0.00197482 -2.10689 -0.577066 -0.0160946 1380.83 0.00069486 1 0.051107 -0.1683 0.05 34903
0 5364 20 phononTF 0.000514881 0.051107 -0.1683 0.049999 34903 0.00034743 1 -0.0283913 -0.179953 0.05 34975.6
0 5365 2 phononTS 0.00112954 -2.81013 -2.41464 0.021901 0.0379537 0.00069486 1 -0.0277359 -0.132311 0.05 8093.02
0 5374 1 phononTS 0.004 0.400197 -0.28985 0.00824614 0 0.00104229 1 0.0754465 -0.153896 0.05 6703.57
0 5397 3 phononTS 0.00231586 0.610379 -2.56632 -0.0242544 1000.27 0.00138972 1 0.0704328 -0.217017 0.05 24897.1
0 5418 3 phononTF 0.00293283 -0.270282 -1.23833 -0.0380978 5245.49 0.00208458 1 -0.0344865 -0.185051 0.05 11149.9
0 5454 3 phononL 0.00259913 0.935162 1.66262 -0.0454882 301.865 0.00104229 1 -0.0235034 -0.251564 0.05 15283.2
0 5533 3 phononTF 0.00246065 -0.694522 -2.82761 0.0321899 1675.46 0.00104229 1 -0.0530658 -0.131718 0.05 14083.3
0 5533 4 phononTS 0.000971085 -0.0530658 -0.131718 0.049999 14083.3 0.00069486 1 -0.0729368 -0.22317 0.05 14267.7
0 5542 2 phononTF 0.00142287 -2.16354 1.16485 -0.0421424 4471.51 0.00069486 1 -0.0277621 -0.165956 0.05 11325.8
0 5546 1 phononTF 0.004 -0.645196 -0.512909 -0.00368397 0 0.00243201 1 0.0535757 -0.216226 0.05 1550.65
0 5584 2 phononTF 0.00229964 0.239509 -1.16221 -0.0458401 532.258 0.00138972 1 -0.0598806 -0.146362 0.05 17269.3
0 5585 2 phononTF 0.000796702 0.939106 0.262401 0.0236974 6767.7 0.00069486 1 -0.0709064 -0.126042 0.05 7402.13
0 5591 2 phononL 0.00234236 -0.883547 2.59701 0.00055129 138.024 0.00138972 1 0.0214074 -0.194407 0.05 5098.03
0 5628 5 phononTS 0.000990542 1.82649 -1.90669 0.0179263 6950.58 0.00034743 1 0.096452 -0.261318 0.05 35502
0 5633 3 phononTF 0.0024247 2.63224 -2.42601 -0.0373584 981.536 0.00138972 1 -0.0296057 -0.182998 0.05 17705.5
0 5642 22 phononTF 0.00121419 -0.120595 0.495208 -0.0173528 37669.4 0.00069486 1 -0.070656 -0.118777 0.05 38170.6
0 5708 5 phononTS 0.000497898 -1.95139 0.102135 0.049999 25075.4 0.00034743 1 0.0232544 -0.221884 0.05 52672.1
0 5735 4 phononTS 0.000571317 -1.47883 -0.857626 -0.0489429 6120.49 0.00034743 1 0.0482072 -0.182552 0.05 14818.6
0 5769 1 phononL 0.004 1.40602 0.605631 -0.0334899 0 0.00243201 1 -0.106105 -0.159934 0.05 7788.9
0 5772 3 phononTS 0.00335277 -0.181344 -0.0638324 0.0400777 5981.98 0.00173715 1 -0.0358478 -0.254789 0.05 6858.7
0 5774 4 phononTF 0.00133028 -1.09552 1.83868 0.0451061 20300.8 0.00104229 1 0.0756836 -0.16699 0.05 28049.3
0 5840 3 phononTS 0.000945722 0.795369 -1.09133 -0.021105 8166.15 0.00069486 1 -0.107938 -0.187021 0.05 23826.4
0 5849 4 phononTS 0.00154629 0.0429017 -0.728278 -0.0174359 5225.89 0.00069486 1 -0.0695924 -0.255298 0.05 6102.37
0 5890 3 phononTF 0.00260143 -0.341058 -2.68881 0.0150669 6690.38 0.00104229 1 0.0406878 -0.254579 0.05 25804.5
0 5890 4 phononTS 0.00104861 0.0406878 -0.254579 0.049999 25804.5 0.00069486 1 0.0271389 -0.267231 0.05 25861.4
0 5904 11 phononTF 0.00154489 0.913702 -2.74305 -0.0253069 9790.62 0.00104229 1 -0.0828633 -0.27336 0.05 22724.7
0 5910 1 phononTS 0.004 -0.37133 0.723592 -0.0102344 0 0.00173715 1 -0.0376157 -0.145076 0.05 10856.7
0 5944 4 phononL 0.00112838 2.21172 -1.03213 -0.0366325 13433 0.00069486 1 -0.0717589 -0.277942 0.05 47675.6
0 5949 2 phononTS 0.00195135 0.0131971 -0.470289 -0.0446887 424.063 0.00069486 1 -0.0987023 -0.251812 0.05 23900.2
0 5951 1 phononTS 0.004 0.111712 -0.396041 0.00105255 0 0.00277944 1 -0.0576869 -0.249696 0.05 367.246
0 5957 8 phononTS 0.000435471 -2.40901 0.0600142 0.049999 21033.4 0.00034743 1 -0.0304524 -0.260734 0.05 50504.8
0 5981 2 phononTF 0.001036 -2.43009 2.61684 -0.00366803 12182.3 0.00069486 1 0.0595291 -0.220659 0.05 36632.9
0 5983 2 phononL 0.0026595 0.611716 -2.81122 0.0102306 5714.3 0.00138972 1 0.107945 -0.215858 0.05 7088.06
0 6017 3 phononTS 0.00156156 -2.31344 -1.49062 0.000729643 11195.9 0.00104229 1 0.0648764 -0.116232 0.05 19995
0 6044 4 phononTF 0.000477344 1.12027 0.0475789 0.049999 1565.27 0.00034743 1 0.103097 -0.218954 0.05 2217.66
0 6050 1 phononTS 0.004 0.391633 -1.33972 -0.0115528 0 0.00173715 1 0.0284575 -0.283391 0.05 4691.74
0 6054 2 phononTS 0.00121805 1.04303 -0.212331 0.000156774 30.0773 0.00034743 1 0.082324 -0.142261 0.05 8527.2
0 6054 29 phononTF 0.00078233 0.082324 -0.142261 0.049999 8527.2 0.00034743 1 0.0824218 -0.211519 0.05 8732.77
0 6070 21 phononTS 0.0014494 1.62289 -1.10765 -0.00381855 24439.5 0.00104229 1 0.0718938 -0.21345 0.05 48890.5
0 6077 2 phononTS 0.00121956 -1.91249 2.80984 0.0103294 3306.89 0.00034743 1 -0.0220183 -0.222021 0.05 8458.83
0 6078 2 phononTS 0.00293119 0.718664 -0.528395 0.0189764 1851.62 0.00208458 1 -0.0769122 -0.158743 0.05 17199.6
0 6099 2 phononTF 0.00148969 -1.996 2.1445 0.00464109 2634.66 0.00069486 1 0.103512 -0.203663 0.05 8782.38
0 6099 6 phononTS 0.000560963 0.103512 -0.203663 0.049999 8782.38 0.00034743 1 0.107667 -0.19987 0.05 8840.58
0 6116 5 phononTF 0.00183177 -0.841405 1.06455 0.00810272 22892.8 0.00104229 1 -0.0330434 -0.202229 0.05 25323.7
0 6118 2 phononTS 0.00139409 0.918262 -0.20135 -0.0174106 807.061 0.00104229 1 -0.0304966 -0.275945 0.05 1304.59
0 6135 1 phononTS 0.004 -0.402485 -0.3937 0.0262914 0 0.00173715 1 -0.0644678 -0.264677 0.05 5597.49
0 6135 7 phononTS 0.000713542 -0.0644678 -0.264677 0.049999 5597.49 0.00034743 1 -0.0428659 -0.255522 0.05 5656.48
0 6136 2 phononTF 0.00143664 -1.6875 -1.79502 -0.0176004 4107.16 0.00069486 1 0.0098137 -0.194465 0.05 17573.4
0 6149 2 phononTF 0.00254574 -0.31878 -0.541865 -0.0188394 978.401 0.00104229 1 -0.0241136 -0.272234 0.05 1656.24
0 6163 3 phononTS 0.00160132 -0.418916 -0.450543 0.0109418 4645.51 0.00034743 1 0.102022 -0.192857 0.05 4933.01
0 6178 1 phononTS 0.004 -0.530453 0.460097 0.0254248 0 0.00208458 1 0.0414437 -0.259529 0.05 894.067
0 6184 5 phononL 0.00116429 0.362065 -0.789549 -0.0403908 19685.8 0.00069486 1 -0.0646231 -0.105971 0.05 23328.4
0 6208 2 phononTF 0.00151419 2.37718 -2.84307 -0.0406506 5666.83 0.00104229 1 0.0130008 -0.193102 0.05 8217.43
0 6211 2 phononTF 0.00255811 -0.198913 -0.228634 0.0227863 5883.94 0.00104229 1 -0.0698704 -0.121673 0.05 6059.73
0 6211 15 phononTS 0.000608666 -0.0698704 -0.121673 0.049999 6059.73 0.00034743 1 -0.108822 -0.159392 0.05 6125.41
0 6224 3 phononTF 0.00143982 -1.3546 -0.590749 -0.0160406 3320.23 0.00104229 1 -0.0975004 -0.247988 0.05 5005.07
0 6248 15 phononTS 0.0010414 1.07501 -2.60344 -0.0201213 18751.3 0.00069486 1 0.1077 -0.204825 0.05 29576.6
0 6265 2 phononTS 0.00270144 2.33723 -0.626402 -0.0206527 4224.97 0.00138972 1 0.103926 -0.235677 0.05 17139.8
0 6295 10 phononTF 0.000423074 0.563841 0.0113703 0.049998 55921.4 0.00034743 1 0.0658524 -0.281286 0.05 56911.7
0 6322 3 phononTF 0.000353944 0.592426 0.0156217 0.049999 12934.1 0.00034743 1 -0.0382733 -0.151916 0.05 35606.9
0 6359 2 phononTF 0.00286458 0.140245 -0.377285 -0.00340363 1213.57 0.00138972 1 -0.077078 -0.169849 0.05 1335.43
0 6368 5 phononTS 0.000555547 -0.644747 0.0935613 0.049999 12267.3 0.00034743 1 -0.0362756 -0.223869 0.05 19803.2
0 6370 2 phononTF 0.00132775 1.59137 0.855696 -0.00171077 46.3118 0.00104229 1 -0.060045 -0.232267 0.05 6034.68
0 6393 1 phononL 0.004 -0.590133 2.62046 0.00541506 0 0.00243201 1 -0.0248375 -0.240256 0.05 15872.2
0 6444 1 phononL 0.004 -0.286224 -0.0689379 -0.0185129 0 0.00208458 1 -0.10686 -0.177663 0.05 291.659
0 6550 2 phononTF 0.00123724 -0.603315 1.32638 -0.0386658 8.3312 0.00069486 1 -0.0645374 -0.244791 0.05 60857.1
0 6556 1 phononTF 0.004 -2.3147 -0.616382 0.00286062 0 0.00243201 1 0.107347 -0.203798 0.05 15195.8
0 6597 1 phononTF 0.004 0.229411 -1.51193 0.0246038 0 0.00243201 1 0.0658228 -0.210528 0.05 4028.23
0 6636 2 phononTS 0.000917137 0.622723 2.08945 0.0439306 15415.2 0.00034743 1 0.0544936 -0.266541 0.05 21783.9
0 6660 3 phononTF 0.00159454 0.284416 -2.08223 -0.00881505 11.3818 0.00069486 1 0.0896188 -0.177288 0.05 7003.45
0 6673 2 phononTF 0.00201754 -2.33564 -0.270447 -0.0123976 3150.36 0.00138972 1 -0.0314446 -0.137071 0.05 15860.1
0 6685 7 phononTF 0.000384073 -1.98019 0.0374791 0.049999 4978.98 0.00034743 1 -0.0321591 -0.103879 0.05 20232.9
0 6688 1 phononTS 0.004 0.25221 -0.335166 0.0216941 0 0.00208458 1 0.0766372 -0.270174 0.05 654.484
0 6713 8 phononTS 0.000411333 0.886536 0.0500372 0.049999 2496.25 0.00034743 1 -0.0892153 -0.252477 0.05 2906.9
0 6719 1 phononTS 0.004 -0.238212 -0.0676315 -0.0281735 0 0.00208458 1 -0.0725502 -0.278554 0.05 473.684
0 6731 15 phononTS 0.000520508 1.65144 0.0516122 0.049999 4829.56 0.00034743 1 0.096794 -0.252191 0.05 42598.8
0 6756 5 phononTF 0.000819957 0.451918 -1.28947 0.0426798 34935.4 0.00034743 1 0.0175912 -0.223699 0.05 41161.6
0 6756 4 phononTF 0.00107974 0.451918 -1.28947 0.0426798 34935.4 0.00069486 1 0.0987595 -0.24483 0.05 37833
0 6827 2 phononTF 0.00231396 2.36287 0.498353 0.00627257 12180.8 0.00034743 1 0.0351523 -0.11416 0.05 22383.6
0 6852 6 phononTF 0.000856516 -2.5501 2.52713 0.0257247 9818.54 0.00034743 1 -0.0357947 -0.247496 0.05 14043.1
0 6866 4 phononL 0.000574768 0.148642 0.0646402 0.049999 2548.61 0.00034743 1 0.110857 -0.197965 0.05 3076.14
0 6889 3 phononTF 0.00156872 1.07889 -2.15121 0.0357542 843.03 0.00104229 1 -0.0506353 -0.18831 0.05 5224.25
0 6894 3 phononTF 0.00162958 0.494619 -1.88203 -0.0339171 8912.56 0.00069486 1 0.0558476 -0.249043 0.05 14872.8
0 6895 3 phononTF 0.0013678 -0.182287 2.29423 0.0152086 9464.12 0.00104229 1 0.0415095 -0.227901 0.05 15248.2
0 6900 2 phononL 0.00220721 1.91574 -2.31143 0.0269903 2439.53 0.00138972 1 0.101835 -0.140204 0.05 7204.8
0 6909 2 phononTS 0.00200982 -1.40183 2.29721 -0.020645 3271.67 0.00104229 1 -0.0142103 -0.200073 0.05 12801.2
0 6925 4 phononTF 0.00053938 0.0337579 0.0620206 0.049999 6626.17 0.00034743 1 -0.0406791 -0.133708 0.05 6728.53
0 6941 2 phononTF 0.00209504 -0.263089 1.20582 -0.00207711 3976.72 0.00104229 1 0.0252773 -0.181705 0.05 9023.84
0 6959 3 phononTF 0.00237691 -2.20611 2.05874 0.0024756 7696.59 0.00104229 1 -0.0431251 -0.290555 0.05 18270.9
0 6963 5 phononL 0.000923897 0.766744 0.0936216 0.049999 38749.1 0.00069486 1 -0.0617122 -0.191128 0.05 66650.6
0 6982 21 phononTS 0.000394862 2.1184 0.0531194 0.049999 21287.8 0.00034743 1 -0.027228 -0.21878 0.05 24044.1
0 7038 3 phononL 0.00240377 -0.994222 -2.40273 0.0470238 355.619 0.00138972 1 0.083126 -0.27205 0.05 8081.77
0 7063 2 phononTS 0.00173552 0.605679 -1.83007 -0.0357356 11240.6 0.00104229 1 0.0414926 -0.240145 0.05 15094.3
0 7063 24 phononTS 0.000412751 0.0414926 -0.240145 0.049999 15094.3 0.00034743 1 0.0528886 -0.240037 0.05 15794.6
0 7098 3 phononTF 0.00299444 -1.05632 -0.550971 -0.00968972 36.6646 0.00104229 1 0.0186768 -0.171464 0.05 6405.95
0 7107 3 phononTF 0.00263454 -0.332682 1.47699 -0.0187104 195.524 0.00138972 1 0.0994341 -0.230606 0.05 3146.99
0 7146 6 phononTF 0.000462074 -0.132537 -0.0103341 0.049999 12192.9 0.00034743 1 -0.0336384 -0.29777 0.05 12439.1
0 7161 2 phononTS 0.00247773 1.915 -0.924448 0.025513 4018.15 0.00104229 1 0.0595189 -0.294303 0.05 30003.6
0 7175 2 phononTS 0.00224381 -0.0657527 -0.93969 0.0355121 2684.94 0.00104229 1 0.0807814 -0.283945 0.05 4706.15
0 7179 2 phononTS 0.00180201 -0.882586 2.30454 -0.0461498 3315.66 0.00069486 1 -0.0554882 -0.163752 0.05 41353.3
0 7202 3 phononTF 0.0018896 2.8424 1.55666 -0.0411235 4190.16 0.00138972 1 0.111485 -0.238641 0.05 31443.6
0 7243 2 phononL 0.00137856 1.63 2.06565 0.00911054 714.463 0.00104229 1 0.0462339 -0.257201 0.05 12653.8
0 7342 1 phononTF 0.004 -0.233174 -0.214452 0.0397461 0 0.00243201 1 -0.0604014 -0.294602 0.05 261.218
0 7349 2 phononTF 0.00074462 -0.579156 -2.71267 0.0468289 1743.92 0.00069486 1 -0.0481104 -0.154433 0.05 9155.26
0 7358 3 phononL 0.00238583 -2.05314 -2.57523 -0.0313258 1690.84 0.00173715 1 -0.0148469 -0.188143 0.05 10620.1
0 7413 5 phononL 0.00139038 -2.61575 -2.44166 -0.00990545 17986.3 0.00069486 1 -0.0421735 -0.231132 0.05 28004.8
0 7433 4 phononL 0.00145605 -1.47613 -1.43235 -0.0111402 5177.03 0.00104229 1 0.0720922 -0.230278 0.05 9724.92
0 7446 1 phononTF 0.004 -0.0694164 -0.0524933 -0.0179836 0 0.00208458 1 -0.0681776 -0.169618 0.05 178.851
0 7459 3 phononTS 0.00224493 -0.975557 1.03884 -0.0444658 3254.09 0.00104229 1 0.0714616 -0.121836 0.05 14614.3
0 7468 1 phononTS 0.004 0.534219 0.297388 -0.0116215 0 0.00208458 1 -0.0506777 -0.147076 0.05 1434.69
0 7485 3 phononTF 0.00230206 1.36771 -2.14865 0.0380548 8668.98 0.00069486 1 0.0868751 -0.218429 0.05 11575.5
0 7491 2 phononTS 0.00144561 -2.12595 -2.0826 -0.0248833 6199.4 0.00104229 1 0.0471359 -0.166331 0.05 12193.7
0 7510 4 phononTF 0.00128615 2.68142 1.49645 -0.0336826 4020.51 0.00069486 1 0.0282619 -0.305294 0.05 47029.2
0 7565 1 phononTF 0.004 0.301382 -1.22756 0.00813048 0 0.00138972 1 0.0708524 -0.134532 0.05 2332.26
0 7568 2 phononTF 0.00187652 1.45142 1.89586 0.00391393 3403.12 0.00069486 1 -0.0439491 -0.256095 0.05 14228.2
0 7627 18 phononTS 0.000405867 -1.54188 0.104967 0.049999 36723.2 0.00034743 1 -0.0837052 -0.211971 0.05 40032.2
0 7658 4 phononTS 0.00146379 1.66424 -1.96662 0.000797936 17590.9 0.00069486 1 -0.0497958 -0.148277 0.05 22420.3
0 7704 2 phononL 0.00253494 -2.46833 2.83907 0.0227767 885.136 0.00138972 1 -0.0842883 -0.156955 0.05 12076
0 7706 1 phononL 0.004 0.156355 -0.37575 0.00927212 0 0.00173715 1 0.0719257 -0.270036 0.05 44.9548
0 7725 2 phononTS 0.00112014 0.571907 1.51415 0.0290975 4416.64 0.00069486 1 0.0769835 -0.166488 0.05 13882.3
0 7739 4 phononTS 0.000518279 -0.259075 0.0123423 0.049999 4878.71 0.00034743 1 -0.0751342 -0.112807 0.05 4986.29
0 7772 2 phononTS 0.00186923 1.04505 -1.36436 0.010945 8302.82 0.00104229 1 -0.0714126 -0.18178 0.05 14982.8
0 7812 3 phononL 0.002243 2.18858 0.814911 -0.0243383 2645.48 0.00104229 1 0.0335973 -0.19131 0.05 14764.3
0 7815 3 phononTS 0.00215756 -0.93702 -1.2596 0.0194217 6816.48 0.00104229 1 0.039866 -0.199147 0.05 20268.2
0 7820 1 phononTF 0.004 -0.930313 -0.806087 0.00701122 0 0.00173715 1 -0.0982601 -0.181185 0.05 13719.1
0 7820 2 phononTF 0.000459813 -0.0982601 -0.181185 0.049999 13719.1 0.00034743 1 -0.0650994 -0.178342 0.05 13790.4
0 7828 3 phononTF 0.00240478 0.174799 0.0816615 -0.0339821 4882.43 0.00138972 1 -0.0552938 -0.187591 0.05 6796.34
0 7837 2 phononTS 0.00163455 -0.794407 2.15295 -0.0180272 2216.42 0.00069486 1 0.0380475 -0.302115 0.05 23136.1
0 7866 3 phononTF 0.0017489 1.91986 1.18315 -0.0451372 1025.8 0.00069486 1 -0.0987719 -0.199305 0.05 3997.92
0 7869 1 phononTF 0.004 2.17564 0.792304 0.033968 0 0.00243201 1 -0.111465 -0.187987 0.05 3602.15
0 7875 2 phononL 0.00262347 -0.263625 -0.633667 -0.0300821 1233.43 0.00138972 1 0.0578799 -0.184367 0.05 2648.22
0 7878 2 phononTF 0.00190234 0.854235 -2.53801 0.00636864 5750.67 0.00138972 1 0.0205328 -0.244386 0.05 12293.5
0 7900 3 phononTS 0.0028036 1.02922 2.14655 -0.0302736 2014.68 0.00173715 1 0.0288186 -0.23582 0.05 10928.8
0 7961 2 phononTS 0.00134593 -1.04796 -2.09547 0.0221151 3012.44 0.00069486 1 -0.0678175 -0.233043 0.05 25570.1
0 7979 4 phononTF 0.000691842 0.741979 -0.910211 0.0368679 7798.43 0.00034743 1 -0.0932355 -0.225849 0.05 58924.5
0 7982 4 phononTS 0.000775167 1.76797 0.101321 0.049999 8779.98 0.00034743 1 0.0193924 -0.204702 0.05 42801.3
0 7984 2 phononL 0.00240404 -0.953703 -1.50853 0.0335332 1927.61 0.00138972 1 0.0472024 -0.29629 0.05 7864.68
0 8009 2 phononTS 0.00258544 -1.35315 -2.75781 0.0166508 2547.13 0.00173715 1 -0.0448587 -0.272376 0.05 26406.9
0 8018 2 phononTF 0.00193811 -2.82123 1.03488 0.0376394 1179.15 0.00104229 1 -0.0482996 -0.123486 0.05 7480.92
0 8043 1 phononTS 0.004 -0.551755 -0.39796 -0.0260517 0 0.00208458 1 0.0983028 -0.259185 0.05 496.709
0 8049 3 phononTF 0.00202594 -0.837604 -0.478147 0.0441096 931.118 0.00104229 1 0.0734527 -0.165982 0.05 2515.47
0 8060 2 phononTF 0.00206854 2.23647 -2.26968 0.0389336 357.649 0.00104229 1 -0.0375102 -0.276834 0.05 5300.65
0 8069 1 phononL 0.004 0.509828 0.222163 0.00455775 0 0.00173715 1 -0.0355362 -0.107039 0.05 1006.19
0 8083 8 phononTS 0.000440503 0.456018 0.0468752 0.049999 938.801 0.00034743 1 -0.0336394 -0.209178 0.05 1319.59
0 8091 2 phononTS 0.00108772 -0.0645044 -1.61395 0.0477873 1357.77 0.00034743 1 0.06577 -0.276623 0.05 19257.6
0 8091 27 phononTS 0.000588766 0.06577 -0.276623 0.049999 19257.6 0.00034743 1 0.091924 -0.22166 0.05 19324.2
0 8129 23 phononTF 0.000445437 0.0907398 0.0840326 0.049999 9171.97 0.00034743 1 -0.0338238 -0.259399 0.05 9317.14
0 8139 1 phononL 0.004 -0.890661 -1.50173 -0.0240672 0 0.00243201 1 -0.0172322 -0.235846 0.05 1968.99
0 8140 1 phononTS 0.004 0.514743 -1.7099 0.0117384 0 0.00173715 1 0.0215875 -0.15875 0.05 10238.3
0 8162 1 phononTS 0.004 0.502204 -0.0153311 0.0369431 0 0.00173715 1 0.0800931 -0.229168 0.05 1891.31
0 8278 3 phononL 0.00103181 -0.465007 -0.765324 -0.0104366 3047.81 0.00069486 1 -0.0484264 -0.236871 0.05 11269.8
0 8303 2 phononTS 0.000769912 -1.8217 0.0222273 0.049999 2047.52 0.00034743 1 -0.0972213 -0.179922 0.05 5418.08
0 8314 2 phononTS 0.00235578 2.47237 -2.79717 -0.0278084 1417.41 0.00104229 1 0.0231909 -0.255191 0.05 8401.74
0 8314 16 phononTS 0.000534459 0.0231909 -0.255191 0.049999 8401.74 0.00034743 1 0.0451446 -0.194923 0.05 8856.04
0 8368 3 phononTS 0.00256572 -1.20303 -1.29172 -0.0395636 6409.6 0.00069486 1 0.0538322 -0.164502 0.05 16744
0 8375 3 phononTF 0.00225723 -0.959296 2.84544 0.0272636 5290.91 0.00104229 1 0.0221132 -0.145353 0.05 19026.4
0 8392 4 phononTF 0.00109511 0.239456 1.70557 0.0213044 5035.76 0.00069486 1 -0.0477386 -0.157531 0.05 22541.4
0 8404 16 phononTS 0.000364669 -1.46848 0.00360139 0.049999 4383.55 0.00034743 1 -0.107724 -0.213171 0.05 5667.22
0 8467 2 phononL 0.00202502 -2.10626 -2.10397 0.0227357 9509.03 0.00034743 1 -0.0622951 -0.139306 0.05 18450.5
0 8467 4 phononTS 0.00127866 -0.0622951 -0.139306 0.049999 18450.5 0.00069486 1 -0.0867721 -0.124513 0.05 18563.5
0 8468 4 phononTS 0.00106269 0.382661 1.8387 -0.0179006 9399.82 0.00069486 1 -0.0332409 -0.212889 0.05 39963.1
0 8486 6 phononTS 0.00185463 1.87399 0.0649447 0.0105109 9312.63 0.00104229 1 0.0277542 -0.279336 0.05 10780.7
0 8500 1 phononTF 0.004 0.417099 -0.516274 0.00596529 0 0.00208458 1 -0.066477 -0.259837 0.05 815.471
0 8529 3 phononTS 0.00223563 0.39092 1.30387 -0.00146499 1594.79 0.00104229 1 0.0612302 -0.112465 0.05 13917.2
0 8529 6 phononTS 0.000393173 0.0612302 -0.112465 0.049999 13917.2 0.00034743 1 -0.0542065 -0.298988 0.05 14205.4
0 8604 2 phononTF 0.00219215 2.30911 1.47795 0.0335735 175.078 0.00104229 1 0.102613 -0.210019 0.05 23821.3
0 8617 3 phononTS 0.0017861 1.59545 1.04321 0.0198798 6679.72 0.00104229 1 -0.0522673 -0.119067 0.05 13777.4
0 8630 3 phononTS 0.00138424 2.27827 1.04278 -0.0161041 1129.55 0.00069486 1 -0.0940975 -0.231935 0.05 4748.5
0 8650 1 phononTS 0.004 0.308932 -0.372228 0.0177491 0 0.00208458 1 -0.041081 -0.282661 0.05 4722.64
0 8713 2 phononTF 0.00149334 1.26947 1.54282 0.0205947 2555.62 0.00104229 1 -0.0277867 -0.187136 0.05 17738.2
0 8737 3 phononTF 0.00317275 -1.50573 -2.7171 0.0191238 5177.85 0.00173715 1 -0.0149795 -0.224205 0.05 11432.9
0 8748 3 phononTS 0.00242249 1.16957 -0.0539438 -0.0280491 11613.2 0.00138972 1 0.0270318 -0.229345 0.05 12517.1
0 8771 1 phononTS 0.004 -0.298802 -0.458493 -0.00491428 0 0.00243201 1 -0.102479 -0.192877 0.05 649.932
0 8798 2 phononL 0.00239044 1.00183 -0.0580386 0.0374274 30.0959 0.00104229 1 -0.0745242 -0.186962 0.05 5269.01
0 8811 2 phononTF 0.000782054 -1.97484 1.61953 -0.0377785 989.935 0.00034743 1 -0.0285705 -0.214286 0.05 19969.3
0 8842 3 phononTS 0.00152033 -0.178362 -1.38982 0.0168274 1004.41 0.00034743 1 -0.0394711 -0.167989 0.05 24887.2
0 8842 5 phononTS 0.000716395 -0.0394711 -0.167989 0.049999 24887.2 0.00034743 1 -0.0393712 -0.162248 0.05 24945.5
0 8847 4 phononTF 0.000762293 -2.87591 0.376897 0.0495951 8855.24 0.00034743 1 -0.0425089 -0.20036 0.05 22206.2
0 8849 3 phononTF 0.0026367 -2.50531 -0.765266 -0.0285451 814.586 0.00138972 1 -0.0978755 -0.141136 0.05 7206.18
0 8872 1 phononTS 0.004 0.193773 -0.334738 -0.0377323 0 0.00173715 1 -0.0587991 -0.285182 0.05 2975.85
0 8879 3 phononTF 0.00253375 0.969136 -1.03146 0.0409527 2307.88 0.00104229 1 0.0970279 -0.225914 0.05 8518.98
0 8886 2 phononTF 0.000977985 2.11399 2.88258 -0.0245197 2147.59 0.00069486 1 -0.102955 -0.208466 0.05 15147
0 8898 5 phononTF 0.00106085 -0.000479923 2.49823 -0.043509 23699.9 0.00069486 1 0.0715161 -0.268833 0.05 25205
0 8935 4 phononTF 0.000410702 0.328556 0.0609335 0.049998 20826.4 0.00034743 1 -0.063239 -0.132267 0.05 21792.6
0 8961 2 phononTF 0.00155775 -0.831253 -0.835881 0.0467874 1521.25 0.00034743 1 0.0702414 -0.155903 0.05 2083.4
0 9029 3 phononTS 0.00250913 0.196566 -1.11982 -0.0165453 6613.9 0.00173715 1 0.0242382 -0.146254 0.05 7079.14
0 9038 2 phononTF 0.000419513 -0.0131597 0.0994944 0.049999 1285.62 0.00034743 1 0.107332 -0.190463 0.05 1760.92
0 9051 5 phononTF 0.00116539 -0.532782 1.80559 0.00245097 2141.38 0.00069486 1 -0.0371123 -0.233453 0.05 66228.5
0 9087 2 phononTF 0.00209167 -2.53997 -2.50228 -0.00875408 4199.01 0.00138972 1 0.10039 -0.2415 0.05 8337.47
0 9089 3 phononTS 0.00165439 1.52768 -0.991767 -0.0057621 5733.11 0.00069486 1 -0.0392067 -0.154255 0.05 21125.1
0 9089 5 phononL 0.000456732 -0.0392067 -0.154255 0.049999 21125.1 0.00034743 1 0.0773145 -0.212261 0.05 21173.7
0 9103 2 phononTF 0.00105012 2.54925 -0.962168 0.0342099 189.94 0.00034743 1 0.0334761 -0.255017 0.05 1534.38
0 9107 3 phononTF 0.00180605 -0.264796 -0.816006 0.0224417 7328.81 0.00138972 1 0.0619758 -0.121703 0.05 8123.34
0 9115 2 phononTS 0.00082465 0.676404 0.0598161 0.049999 1587.15 0.00034743 1 0.0852404 -0.227014 0.05 5512.66
0 9138 1 phononTF 0.004 -0.630708 -0.929497 0.000558928 0 0.00173715 1 0.0430072 -0.25085 0.05 4353.03
0 9139 1 phononL 0.004 0.170417 1.00006 0.0295678 0 0.00208458 1 -0.0287137 -0.281369 0.05 18664.3
0 9180 7 phononL 0.000589339 0.372196 0.0228164 0.049999 14917.5 0.00034743 1 0.0385472 -0.250534 0.05 16093.9
0 9223 3 phononTS 0.00178604 -1.33695 -0.97224 0.000342426 849.876 0.00104229 1 0.0230647 -0.205835 0.05 12458.9
0 9262 3 phononTS 0.00156575 -0.782908 2.82365 0.0350345 1844.96 0.00034743 1 -0.0546116 -0.170738 0.05 10395.1
0 9271 2 phononTF 0.00283782 -0.55747 -0.741044 -0.0069759 5190.72 0.00173715 1 0.0694124 -0.228019 0.05 6083.36
0 9329 6 phononTS 0.000450225 0.56438 0.0705305 0.049999 35327.5 0.00034743 1 -0.057125 -0.165317 0.05 35694.5
0 9330 2 phononL 0.00232 -2.56387 1.43479 0.0490507 11564 0.00104229 1 -0.106736 -0.178437 0.05 29036.7
0 9375 2 phononTS 0.00153548 -1.70228 -0.620299 0.00138758 990.215 0.00104229 1 -0.114396 -0.203955 0.05 2113.29
0 9381 5 phononL 0.000730731 -2.09195 -1.80568 -0.0262298 17506.3 0.00034743 1 0.0426648 -0.148951 0.05 40112.2
0 9387 2 phononTF 0.00197093 -2.47946 1.66053 0.00916314 143.31 0.00069486 1 0.078664 -0.164618 0.05 10773.2
0 9387 4 phononTS 0.000388662 0.078664 -0.164618 0.049999 10773.2 0.00034743 1 0.101008 -0.167706 0.05 10838.5
0 9429 3 phononTF 0.00211406 -2.2974 2.50724 0.0468364 752.284 0.00138972 1 -0.0866013 -0.243554 0.05 19838.3
0 9430 2 phononTS 0.00166339 -0.145046 1.34228 0.0444004 1724.14 0.00104229 1 -0.065459 -0.201631 0.05 4157.75
0 9439 2 phononTF 0.00136682 2.33859 1.89442 -0.0362117 2533.65 0.00104229 1 -0.0820557 -0.213052 0.05 23668.8
0 9443 6 phononTS 0.000502446 -0.269745 0.0522221 0.049999 30287.5 0.00034743 1 -0.0553074 -0.291308 0.05 30491
0 9464 3 phononTS 0.00186015 -2.47323 0.296002 -0.00765877 3371.51 0.00069486 1 0.0744364 -0.250873 0.05 10117.5
0 9489 2 phononTS 0.00228928 -2.71014 -2.87616 -0.0222942 6247.12 0.00138972 1 -0.0471745 -0.296746 0.05 16042.2
0 9500 3 phononL 0.00203206 -2.42188 2.2713 0.0394881 3602.53 0.00104229 1 -0.0172751 -0.18654 0.05 10701
0 9501 2 phononTF 0.00186808 1.30878 1.67756 0.00503106 659.809 0.00104229 1 0.112152 -0.235589 0.05 21279.3
0 9513 1 phononTS 0.004 0.558757 -0.326601 0.0346092 0 0.00243201 1 0.100424 -0.148737 0.05 1209.28
0 9581 5 phononTF 0.000985504 0.538385 -2.58615 0.00166353 15095.8 0.00034743 1 -0.0916158 -0.179382 0.05 20795.8
0 9594 3 phononL 0.00342004 -0.0977047 -2.38048 0.0210996 2606.32 0.00208458 1 0.0291339 -0.26382 0.05 13089.1
0 9599 3 phononTS 0.00272086 0.891961 -1.54367 0.0351195 1974.62 0.00173715 1 -0.0963425 -0.191981 0.05 6523.73
0 9611 22 phononTS 0.00050426 2.48726 0.0736712 0.049999 29906.1 0.00034743 1 0.0674481 -0.247101 0.05 43764.9
0 9618 2 phononTS 0.00263571 1.55402 -2.09977 -0.0271373 4821.2 0.00138972 1 0.0740052 -0.163759 0.05 13210.6
0 9619 2 phononTS 0.00282594 1.08633 1.3536 -8.46962e-05 6873.09 0.00104229 1 -0.0449099 -0.253561 0.05 9986.05
0 9622 3 phononTS 0.00197108 -2.66311 1.42365 0.00780924 5232.23 0.00104229 1 -0.0688645 -0.149805 0.05 15814.6
0 9632 7 phononTS 0.000432566 -0.403578 -0.00375816 0.049999 5320.24 0.00034743 1 -0.0252865 -0.116942 0.05 6103.39
0 9686 1 phononTF 0.004 -0.279831 -0.479586 0.00452915 0 0.00243201 1 -0.0804634 -0.134737 0.05 550.041
0 9738 3 phononL 0.002024 -0.372518 -0.239419 -0.00570369 44.1332 0.00138972 1 -0.027608 -0.26977 0.05 481.199
0 9743 2 phononTF 0.00146129 0.448157 2.14888 0.00822491 1430.52 0.00104229 1 0.0411097 -0.288924 0.05 15636.9
0 9755 12 phononTS 0.000591566 1.96601 0.0137817 0.049999 10046.7 0.00034743 1 -0.070983 -0.22679 0.05 20683.5
0 9758 2 phononL 0.00248116 -1.61945 1.75799 0.00249056 4979.82 0.00138972 1 -0.0605449 -0.243674 0.05 8576.45
0 9783 1 phononTF 0.004 -0.0721573 -0.358928 -0.00884695 0 0.00208458 1 0.0611894 -0.254076 0.05 214.281
0 9793 1 phononTS 0.004 0.710987 -1.27873 -0.0195669 0 0.00208458 1 0.0541479 -0.245248 0.05 2931.07
0 9796 2 phononTS 0.00141529 -1.45272 2.26331 -0.0104337 406.412 0.00069486 1 -0.0746196 -0.128995 0.05 3318.58
0 9825 2 phononTS 0.00211726 0.833215 -2.47264 0.0329844 3111.77 0.00069486 1 0.0376257 -0.154163 0.05 8196.74
0 9830 3 phononTF 0.00178728 -1.42335 -1.95684 -0.00906092 539.511 0.00138972 1 -0.0234285 -0.182856 0.05 21098
0 9896 1 phononTF 0.004 -0.816633 -0.504023 -0.00946939 0 0.00208458 1 -0.041318 -0.25882 0.05 5576.57
0 9935 3 phononTF 0.00288933 -0.330204 -1.11539 -0.0399266 2300 0.00138972 1 -0.0396749 -0.237443 0.05 9346.73
0 9935 4 phononTS 0.000701766 -0.0396749 -0.237443 0.049998 9346.73 0.00034743 1 -0.0806662 -0.23188 0.05 9461.71
0 9935 2 phononTS 0.00111067 -0.330204 -1.11539 -0.0399266 2300 0.00069486 1 0.052728 -0.206734 0.05 7945.95
0 9973 6 phononTF 0.00061584 0.0615904 -0.00982915 0.049999 14837.8 0.00034743 1 0.0709768 -0.162103 0.05 30592.7
0 9974 5 phononTF 0.00202233 2.86824 1.99452 0.00864806 13306.2 0.00104229 1 -0.01966 -0.164178 0.05 23322.7
0 9992 3 phononTF 0.00165835 -0.240862 -1.75955 -0.0180096 5616.12 0.00069486 1 0.0411643 -0.209656 0.05 6828.46
0 9995 3 phononTS 0.0027093 -0.0459114 -0.984779 0.0481715 12031.8 0.00034743 1 -0.0528719 -0.214575 0.05 13769.7
0 9995 4 phononTS 0.00219487 -0.0528719 -0.214575 0.049999 13769.7 0.00034743 1 -0.084601 -0.246171 0.05 13837
