Run ID,Event ID,Track ID,Particle Name,Start Energy [eV],Start X [mm],Start Y [mm],Start Z [mm],Start Time [ns],Energy Deposited [eV],Track Weight,End X [mm],End Y [mm],End Z [mm],Final Time [ns],Volume Name
0 27 2 phononTS 0.000641542 2.82235 2.81761 0.0313298 3539.75 0.00034743 1 -0.10397 -0.254413 0.05 40631.1
0 29 2 phononTF 0.00172206 -0.550981 1.77399 -0.0157575 584.804 0.00034743 1 0.0424105 -0.188933 0.05 31554.2
0 35 1 phononL 0.004 -0.0254675 -0.152258 0.0151162 0 0.00173715 1 -0.0157577 -0.215596 0.05 14.0789
0 40 3 phononTS 0.00217185 1.39886 -2.75673 0.000818466 5201.56 0.00104229 1 0.105642 -0.241483 0.05 10028.5
0 43 2 phononTS 0.00296844 0.890371 -1.37114 -0.0478766 16880.3 0.00173715 1 -0.0700302 -0.203504 0.05 18566.9
0 48 2 phononTS 0.00131902 -0.115476 -1.40367 0.0470549 13335.5 0.00069486 1 -0.0288347 -0.232311 0.05 15354.5
0 66 4 phononTS 0.00132058 -1.95371 -1.48068 0.0297486 10251.4 0.00034743 1 0.1118 -0.226019 0.05 13399.3
0 114 3 phononTS 0.0020154 0.429395 0.176043 0.0405453 227.668 0.00069486 1 0.0405053 -0.212861 0.05 4532.91
0 139 3 phononTS 0.00104657 -1.53581 3.3147 0.048142 8281.41 0.00034743 1 -0.10501 -0.1812 0.05 11193.1
0 139 5 phononTS 0.000597695 -0.10501 -0.1812 0.049999 11193.1 0.00034743 1 -0.0305132 -0.280088 0.05 11485.6
0 188 6 phononTS 0.00044066 -2.71263 0.0861866 0.049999 17024.1 0.00034743 1 0.0559665 -0.110958 0.05 18418.7
0 251 18 phononTF 0.00130265 -0.433237 1.32351 0.000154452 12071.6 0.00069486 1 -0.0701974 -0.243798 0.05 16990.7
0 295 16 phononL 0.000571558 2.24724 0.0513303 0.049998 50936 0.00034743 1 -0.0345649 -0.262639 0.05 59172
0 310 2 phononTS 0.00221243 1.40955 -0.226659 0.0283675 2636.41 0.00138972 1 0.0339571 -0.286536 0.05 25903
0 314 3 phononL 0.00280663 0.909736 -3.28625 0.0121854 3021.77 0.00069486 1 0.0284839 -0.177014 0.05 7122.52
0 314 4 phononTS 0.00144067 0.0284839 -0.177014 0.049998 7122.52 0.00069486 1 0.0308723 -0.155172 0.05 7183.72
0 383 3 phononTS 0.00165901 -3.35582 2.63351 -0.0477531 1277.99 0.00069486 1 -0.0878831 -0.135228 0.05 17844.9
0 427 5 phononTS 0.000950562 -3.00434 2.56197 0.0193498 14386.6 0.00069486 1 0.0329677 -0.121431 0.05 57814.4
0 442 22 phononTF 0.00107275 -0.111 0.0381437 0.049999 21447 0.00069486 1 -0.0704335 -0.131455 0.05 21597.7
0 447 5 phononTF 0.0021925 -2.13722 -0.415051 -0.0067932 12652.7 0.00104229 1 -0.055313 -0.138235 0.05 14351.9
0 452 6 phononTS 0.000382417 0.0366046 0.0782293 0.049999 18946 0.00034743 1 0.0720703 -0.272908 0.05 19089.2
0 466 3 phononTS 0.00316098 -1.22273 1.47885 0.0126519 8997.73 0.00138972 1 -0.0897527 -0.125435 0.05 30315.7
0 466 10 phononTS 0.000515225 -0.0897527 -0.125435 0.049998 30315.7 0.00034743 1 -0.0664734 -0.106278 0.05 30378.6
0 496 3 phononTF 0.00135132 3.34978 -2.11289 -0.00465269 5046.94 0.00069486 1 -0.0821146 -0.207019 0.05 47758.8
0 513 3 phononTF 0.00181201 -0.209176 1.45564 0.00105789 5138.84 0.00138972 1 0.104585 -0.145793 0.05 6358.79
0 517 7 phononL 0.000764312 0.129717 0.0478426 0.049999 15523.5 0.00034743 1 -0.0443753 -0.147471 0.05 15952.8
0 565 2 phononTS 0.00212852 -3.12936 0.970316 0.0146329 4926.18 0.00104229 1 -0.0291464 -0.243523 0.05 22200.5
0 565 20 phononL 0.000680541 -0.0291464 -0.243523 0.049999 22200.5 0.00034743 1 0.0941922 -0.15159 0.05 22273
0 658 2 phononTS 0.000529366 2.92228 2.32623 -0.0161491 5811.25 0.00034743 1 0.0906851 -0.16669 0.05 37017.4
0 712 3 phononTS 0.00181791 -3.0911 -1.4382 0.0162835 1760.14 0.00069486 1 0.0267142 -0.1065 0.05 8553.38
0 782 7 phononTS 0.000374401 0.629146 0.0220158 0.049999 29960.9 0.00034743 1 -0.0838395 -0.250293 0.05 33185.5
0 786 5 phononTF 0.000380387 0.0325195 -0.0103086 0.049999 63024.7 0.00034743 1 -0.0228779 -0.126636 0.05 91759
0 814 2 phononTS 0.00123711 0.455059 3.34371 0.0136333 979.297 0.00069486 1 -0.0643925 -0.180109 0.05 43533
0 878 2 phononTS 0.000657235 0.754515 1.47735 0.0208369 6037.66 0.00034743 1 -0.0379654 -0.221491 0.05 19271.4
0 984 3 phononTS 0.00308708 -0.45989 -1.14412 -0.00981267 999.251 0.00173715 1 -0.0473836 -0.175253 0.05 6016.39
0 1023 4 phononTS 0.000856198 -0.098016 0.030704 0.049999 10381.4 0.00069486 1 -0.0364029 -0.12823 0.05 10477.8
0 1033 2 phononL 0.00227738 0.775953 -0.751344 0.0192788 395.256 0.00104229 1 0.0736897 -0.151157 0.05 1042.29
0 1065 5 phononTS 0.000831627 3.32217 -1.19246 0.0209487 4964.22 0.00034743 1 -0.0555758 -0.167989 0.05 20768.3
0 1074 3 phononL 0.00218396 -2.7068 -1.44423 0.0211799 79.3074 0.00173715 1 -0.0487117 -0.098348 0.05 46669.6
0 1088 18 phononTF 0.00110351 3.27266 -1.9892 -0.0144529 9860.01 0.00034743 1 -0.0101441 -0.203738 0.05 15623.6
0 1144 1 phononTF 0.004 -0.871393 -1.55986 -0.0218602 0 0.00243201 1 0.0562324 -0.167954 0.05 3945.07
0 1150 1 phononTS 0.004 -0.205943 -0.65016 -0.0288355 0 0.00243201 1 0.103534 -0.170906 0.05 3096.42
0 1174 3 phononL 0.00256232 1.97893 1.04992 0.00869886 17.0506 0.00173715 1 0.0360701 -0.22048 0.05 45914.4
0 1268 2 phononTF 0.00168025 -2.16406 2.8031 0.0476631 3616.75 0.00034743 1 -0.034034 -0.28476 0.05 40304.3
0 1306 11 phononTS 0.000824003 -0.131351 0.015724 0.049999 7212.4 0.00034743 1 -0.078169 -0.250851 0.05 7345.96
0 1308 3 phononTF 0.00250009 1.6896 -3.18833 0.00319272 273.127 0.00138972 1 0.11394 -0.227985 0.05 10417.8
0 1309 3 phononTS 0.00201852 -1.85151 1.60378 0.0458038 8366.13 0.00104229 1 0.0703959 -0.161312 0.05 15964.5
0 1329 3 phononL 0.00172552 -0.522602 2.88949 0.0188738 2471.19 0.00104229 1 -0.0493328 -0.103963 0.05 17743.2
0 1359 3 phononTS 0.00193061 -2.73465 -1.81245 0.0289113 6173.07 0.00069486 1 0.0974966 -0.172685 0.05 16258.7
0 1370 2 phononTS 0.00203542 0.0844225 0.457226 -0.0133763 71.2385 0.00104229 1 -0.0995441 -0.183758 0.05 774.791
0 1437 6 phononL 0.000439926 -0.0899322 0.0900016 0.049999 38543.1 0.00034743 1 -0.0675668 -0.18469 0.05 38674.5
0 1467 3 phononTS 0.00197933 2.41477 -0.755197 -0.0153165 702.794 0.00104229 1 0.0479026 -0.0986479 0.05 35158.8
0 1479 2 phononTF 0.00152216 -3.25946 -1.35373 0.0412217 5143.76 0.00069486 1 0.0670698 -0.212244 0.05 9068.71
0 1481 2 phononTF 0.00117948 1.98346 3.23321 -0.0203007 17925.7 0.00034743 1 -0.105814 -0.193159 0.05 58537.4
0 1501 2 phononTS 0.00176703 -3.48251 1.15646 0.0322862 31.5801 0.00104229 1 0.0467778 -0.214611 0.05 8643.56
0 1506 5 phononTF 0.000878401 -2.03398 2.70952 -0.0193464 11735.2 0.00069486 1 0.0919365 -0.266213 0.05 35993.8
0 1506 11 phononTS 0.000585826 -0.317927 0.0352289 0.049999 22040.2 0.00034743 1 -0.0588565 -0.296426 0.05 22384.6
0 1529 2 phononTS 0.0011612 3.24884 -3.35596 0.0357469 6930.32 0.00034743 1 0.0731432 -0.164787 0.05 13953.7
0 1529 5 phononTS 0.000479055 0.0731432 -0.164787 0.049999 13953.7 0.00034743 1 0.0872589 -0.240331 0.05 14488.9
0 1538 2 phononTS 0.00133791 -0.860692 0.0564755 0.049999 3667.43 0.00104229 1 -0.0981675 -0.183772 0.05 11273.4
0 1561 20 phononTF 0.0005331 2.4715 0.0834246 0.049999 5510.67 0.00034743 1 -0.118866 -0.18617 0.05 66914.6
0 1587 3 phononTS 0.00140586 -0.878116 -2.34304 0.0304364 9239.97 0.00069486 1 0.0912001 -0.133335 0.05 11834.3
0 1663 2 phononTS 0.000906808 -0.248537 -0.00843602 0.049999 113.542 0.00069486 1 0.0618184 -0.285067 0.05 2218.01
0 1695 1 phononTS 0.004 0.0279158 -1.02651 0.0159106 0 0.00208458 1 -0.0542951 -0.244205 0.05 3377.12
0 1709 2 phononL 0.00216143 -3.14841 3.25805 -0.00289714 182.18 0.00138972 1 -0.0359111 -0.206727 0.05 15535.3
0 1718 1 phononTF 0.004 -0.043102 -0.388687 0.0358314 0 0.00173715 1 -0.0737006 -0.207423 0.05 187.088
0 1744 20 phononTF 0.00039118 0.558653 -0.000819847 0.049999 9281.92 0.00034743 1 0.0317403 -0.143943 0.05 40049.8
0 1754 2 phononL 0.00153489 3.15619 2.88993 -0.0262139 385.732 0.00069486 1 -0.0647005 -0.136619 0.05 9189.23
0 1759 2 phononTF 0.00243403 -2.14399 2.29555 -0.0239075 23.4022 0.00173715 1 0.106006 -0.189388 0.05 6787.97
0 1786 3 phononTS 0.00261608 0.582106 1.90603 -0.0359897 2181.44 0.00138972 1 -0.0752098 -0.131085 0.05 11661.9
0 1798 1 phononTF 0.004 0.256473 -0.101296 0.0288663 0 0.00243201 1 0.0933974 -0.218667 0.05 5183.94
0 1811 2 phononTS 0.00174147 -1.0441 -2.85795 0.0493094 5614.68 0.00069486 1 -0.0459081 -0.24989 0.05 12540.2
0 1816 3 phononTF 0.00192776 -1.45835 3.33208 0.0445988 22669.8 0.00138972 1 0.0364256 -0.20625 0.05 54153.8
0 1841 17 phononTF 0.000438882 0.454575 -0.00330308 0.049999 17469.3 0.00034743 1 0.111405 -0.158432 0.05 29031.1
0 1865 2 phononTF 0.00228301 0.143707 -2.7608 -0.0372633 18.0109 0.00104229 1 -0.0581972 -0.268254 0.05 2267.45
0 1866 5 phononTF 0.000402933 -1.86282 0.0619343 0.049999 28426.4 0.00034743 1 0.0224386 -0.217499 0.05 33965.6
0 1876 2 phononTS 0.0018054 1.7476 3.09058 0.0444136 18468.2 0.00069486 1 0.064163 -0.225084 0.05 41556.7
0 1890 3 phononTS 0.00194596 -1.16097 3.0377 0.0242115 1146.21 0.00104229 1 0.0360528 -0.104057 0.05 7294.74
0 1911 3 phononTS 0.00242699 0.224244 2.67328 -0.046587 354.535 0.00138972 1 0.0655371 -0.202497 0.05 5501.12
0 1920 4 phononTF 0.000775741 1.64606 0.686753 0.0285991 7896.24 0.00034743 1 -0.116117 -0.1773 0.05 29536.8
0 1929 1 phononTS 0.004 -1.2359 -1.04272 -0.00236572 0 0.00208458 1 0.0687188 -0.260259 0.05 5334.74
0 1932 1 phononTS 0.004 -0.201306 -0.255307 0.0368026 0 0.00173715 1 0.00178884 -0.199788 0.05 103.915
0 1942 19 phononTS 0.000938753 -1.90535 -2.23755 0.00773189 10572.4 0.00034743 1 0.0270951 -0.252597 0.05 73418.5
0 1946 2 phononTS 0.00143411 0.161218 0.597248 -0.0278758 634.63 0.00069486 1 -0.0511683 -0.14909 0.05 1330.06
0 1959 2 phononL 0.00185682 -1.46969 -1.59101 -0.0267335 1644.26 0.00069486 1 -0.0193223 -0.211721 0.05 45908.2
0 1990 1 phononTS 0.004 -0.43321 -0.493262 0.0181102 0 0.00173715 1 0.0458966 -0.223461 0.05 5777.75
0 1991 3 phononTS 0.00113956 1.02664 -1.41507 0.010745 14546.9 0.00034743 1 -0.0201883 -0.2004 0.05 28534.2
0 1993 2 phononL 0.00114647 3.16068 -0.0497549 -0.00904186 1124.62 0.00034743 1 -0.0426668 -0.214722 0.05 40814.8
0 1993 27 phononL 0.000619722 -0.0426668 -0.214722 0.049999 40814.8 0.00034743 1 0.105607 -0.206818 0.05 40980.2
0 1997 13 phononTS 0.00125679 1.26655 1.32554 -0.0278096 31635.1 0.00034743 1 0.0344635 -0.129582 0.05 33137.8
0 2011 2 phononTS 0.00164127 0.901961 -2.95283 0.0199238 1864.87 0.00034743 1 0.029853 -0.247717 0.05 5574.5
0 2026 3 phononL 0.00118934 -1.48744 -3.34385 0.0259259 8.55725 0.00034743 1 -0.0561679 -0.209432 0.05 9018.7
0 2026 4 phononTS 0.000403691 -0.0561679 -0.209432 0.049999 9018.7 0.00034743 1 -0.0757506 -0.236115 0.05 9145.77
0 2056 3 phononTS 0.00236667 1.35851 2.13124 -0.0017212 5556.92 0.00138972 1 0.0653609 -0.291906 0.05 34851.8
0 2070 2 phononTS 0.00206509 1.88561 3.48783 0.0113537 4936.6 0.00138972 1 0.10253 -0.247819 0.05 14753.6
0 2086 2 phononTF 0.0020254 -0.387123 -0.422924 -0.00147749 66.3196 0.00034743 1 0.026279 -0.233609 0.05 381.353
0 2122 3 phononTF 0.00233479 0.021878 1.46903 -0.0031271 2191.03 0.00104229 1 0.049134 -0.289858 0.05 3055.58
0 2124 1 phononTF 0.004 -0.153917 -0.516575 0.00859291 0 0.00243201 1 0.0766773 -0.253559 0.05 1045.74
0 2171 2 phononTS 0.000706083 0.171212 0.174961 -0.0054073 17.673 0.00034743 1 -0.0204196 -0.210067 0.05 851.412
0 2189 4 phononTS 0.00146566 1.95172 -1.74782 0.00219878 17935.5 0.00069486 1 -0.0246531 -0.27705 0.05 23671.2
0 2301 2 phononTS 0.00192705 0.39696 -1.28674 -0.0493651 2883.28 0.00034743 1 -0.0301301 -0.277406 0.05 23130.4
0 2319 2 phononTS 0.00178811 0.429063 -2.39588 0.0222115 11646.7 0.00104229 1 -0.0645632 -0.275426 0.05 19796.5
0 2346 3 phononTF 0.00229187 0.639005 -3.223 0.0384008 2968.5 0.00104229 1 -0.0875559 -0.252839 0.05 6729.84
0 2389 2 phononTS 0.00256257 -1.72916 2.90011 -0.00760306 10596 0.00138972 1 -0.105041 -0.165671 0.05 19361.6
0 2393 3 phononTS 0.00157825 -1.41581 2.24542 -0.00827788 53.8547 0.00034743 1 0.091966 -0.150661 0.05 5993.95
0 2393 5 phononTS 0.000608946 0.091966 -0.150661 0.049999 5993.95 0.00034743 1 0.0617549 -0.203013 0.05 6060.95
0 2427 3 phononTF 0.00132043 1.54253 -3.41526 0.0277919 7396.71 0.00069486 1 0.0139939 -0.210241 0.05 10132.4
0 2432 2 phononTF 0.0018247 -3.53365 -0.759029 -0.0231397 10993.2 0.00104229 1 -0.07692 -0.240833 0.05 15069.5
0 2457 4 phononTF 0.00152483 1.62351 0.0781142 0.049999 36761.5 0.00069486 1 0.0408686 -0.233342 0.05 44364.3
0 2495 3 phononTS 0.00182616 -2.09225 0.982875 0.018389 2054.68 0.00034743 1 -0.0515436 -0.252933 0.05 33808.2
0 2498 6 phononTF 0.000354887 2.45438 -0.00790854 0.049999 47250.8 0.00034743 1 -0.0700118 -0.143382 0.05 58915.2
0 2510 3 phononTS 0.00173227 -0.672481 -0.800225 0.00491017 5712.35 0.00069486 1 -0.0827689 -0.202767 0.05 8674.38
0 2521 1 phononTF 0.004 0.256361 -0.420576 0.0172513 0 0.00138972 1 -0.0767448 -0.236912 0.05 2150.99
0 2533 5 phononTF 0.00197242 1.53177 2.30438 0.0106802 26821.2 0.00069486 1 0.105443 -0.2246 0.05 34264.5
0 2535 3 phononL 0.00174387 0.337652 -1.09095 -0.0343645 34.0979 0.00104229 1 0.0568916 -0.222669 0.05 29727.1
0 2551 1 phononTF 0.004 0.145081 0.896045 -0.0361241 0 0.00173715 1 0.107237 -0.237098 0.05 2116.79
0 2551 6 phononTF 0.00138577 0.107237 -0.237098 0.049999 2116.79 0.00069486 1 -0.0285629 -0.176579 0.05 2197.74
0 2575 2 phononL 0.00191471 -0.912822 -3.23609 0.0420286 4197.79 0.00104229 1 -0.0225002 -0.133329 0.05 12050
0 2596 1 phononTS 0.004 -1.02861 -1.03971 0.0130619 0 0.00243201 1 -0.0514192 -0.250062 0.05 2144.46
0 2627 4 phononTF 0.00235407 1.82627 2.85792 -0.0165586 11832.3 0.00069486 1 0.0310031 -0.108353 0.05 20668.6
0 2634 1 phononL 0.004 0.633765 -0.459513 -0.00944114 0 0.00208458 1 0.0577128 -0.285686 0.05 626.961
0 2670 1 phononTS 0.004 0.822081 -0.459752 -0.0128736 0 0.00208458 1 -0.0277603 -0.237684 0.05 4885.44
0 2706 19 phononL 0.000620263 2.31411 0.0766993 0.049999 2646.01 0.00034743 1 0.0998763 -0.155136 0.05 6559.46
0 2717 3 phononTS 0.00263249 2.27759 2.16785 -0.0360916 5869.24 0.00173715 1 -0.0457903 -0.256945 0.05 14660.7
0 2723 2 phononTS 0.00174682 1.68559 1.64396 -0.0141254 4140.85 0.00069486 1 -0.0210412 -0.203302 0.05 15625.5
0 2740 4 phononTS 0.000531515 -0.995044 0.104736 0.049999 8927.62 0.00034743 1 0.0541764 -0.166355 0.05 9286.15
0 2760 6 phononTS 0.000429062 -1.37536 0.0250336 0.049999 39627 0.00034743 1 0.0921376 -0.138849 0.05 47233.4
0 2765 5 phononTS 0.00145174 3.09366 -2.45494 -0.00994552 10156.7 0.00069486 1 0.110269 -0.208755 0.05 16510.6
0 2766 4 phononTF 0.000893952 1.99157 2.6122 -0.00127049 6247.42 0.00069486 1 -0.0683926 -0.201392 0.05 8674.18
0 2788 4 phononTS 0.00085901 1.63366 1.3104 -0.0444647 4687.06 0.00034743 1 0.0467794 -0.286146 0.05 7424.73
0 2857 2 phononTS 0.00126138 0.914206 -0.316154 0.00696197 2482.62 0.00069486 1 -0.0303708 -0.208928 0.05 3512.56
0 2889 2 phononTS 0.00220206 1.32359 -0.727633 0.0484431 2176.73 0.00138972 1 -0.0682469 -0.108182 0.05 6986.61
0 2890 4 phononTF 0.00162368 -0.594714 3.27296 -0.0070576 54898.9 0.00069486 1 0.0501511 -0.127999 0.05 58469.3
0 2953 1 phononTS 0.004 0.343291 -2.0671 0.0341997 0 0.00208458 1 0.0484093 -0.207444 0.05 10422.6
0 2953 9 phononTF 0.000407356 0.0484093 -0.207444 0.049999 10422.6 0.00034743 1 0.0507579 -0.175763 0.05 10490.7
0 2955 4 phononTS 0.000856988 3.51801 -2.65929 0.0489407 7491.31 0.00034743 1 0.0950027 -0.15806 0.05 69966.6
0 2956 2 phononTF 0.00114509 0.0907477 -0.102194 0.014365 1582.96 0.00069486 1 -0.076801 -0.272703 0.05 2135.07
0 2963 2 phononTS 0.000705556 1.03075 0.00178652 0.049998 633.639 0.00034743 1 0.0468554 -0.113846 0.05 1012.26
0 3027 3 phononTF 0.00307776 0.658461 -3.4992 -0.0321833 171.726 0.00173715 1 0.103896 -0.2405 0.05 7626.84
0 3054 3 phononTS 0.00268753 1.18006 -1.07677 -0.0186041 1086.71 0.00104229 1 -0.0650394 -0.15369 0.05 12742.8
0 3054 5 phononTS 0.000974582 -0.0650394 -0.15369 0.049998 12742.8 0.00034743 1 -0.0521482 -0.190681 0.05 12810.5
0 3080 3 phononTS 0.00264814 -2.08527 0.573969 0.00917093 2146.47 0.00173715 1 0.035659 -0.100057 0.05 3818.97
0 3080 10 phononTS 0.000465206 0.035659 -0.100057 0.049999 3818.97 0.00034743 1 0.0409289 -0.109842 0.05 3879.81
0 3104 7 phononTS 0.000456523 0.921789 0.0150238 0.049999 6409.47 0.00034743 1 0.0766924 -0.249386 0.05 7682.96
0 3128 9 phononTF 0.000768979 -1.85438 0.105444 0.049999 24233 0.00034743 1 0.10223 -0.207912 0.05 28227.3
0 3128 2 phononL 0.00152054 -1.0405 1.25737 -0.0428225 4035.25 0.00069486 1 0.0197261 -0.144116 0.05 12205.5
0 3152 5 phononTS 0.00211014 -2.92047 -2.1196 0.0450649 10491.8 0.00104229 1 0.0290506 -0.164927 0.05 13018.1
0 3165 3 phononL 0.00132211 0.765113 2.3045 0.0441213 8733.58 0.00069486 1 0.0598249 -0.283048 0.05 17551.6
0 3180 3 phononTS 0.00247916 -2.78212 -1.42633 -0.0388928 2201.51 0.00104229 1 0.0263843 -0.206194 0.05 8637.76
0 3192 3 phononTF 0.00170104 -0.679343 -0.657245 0.00531793 75.6345 0.00069486 1 0.0377208 -0.175329 0.05 882.28
0 3204 9 phononTF 0.000496406 0.302695 0.0220065 0.049999 1355.01 0.00034743 1 0.11057 -0.18965 0.05 1661.89
0 3210 3 phononTF 0.00217661 -0.237339 -0.824535 -0.00930581 233.234 0.00138972 1 -0.0608729 -0.251889 0.05 483.083
0 3278 1 phononTS 0.004 0.603544 -1.27315 -0.0293911 0 0.00208458 1 0.110837 -0.162923 0.05 7892.31
0 3291 2 phononTS 0.0018516 0.207402 -0.0824458 -0.0120726 11142.4 0.00104229 1 0.0940383 -0.201983 0.05 11215
0 3303 5 phononTS 0.00216006 -0.809688 -0.386934 -0.0315262 10766.2 0.00069486 1 0.0769627 -0.123167 0.05 11521.4
0 3303 4 phononTF 0.000903104 -0.809688 -0.386934 -0.0315262 10766.2 0.00034743 1 0.0670001 -0.171542 0.05 18945.6
0 3309 1 phononTS 0.004 0.173292 -0.2142 0.0248656 0 0.00243201 1 -0.101037 -0.18372 0.05 146.971
0 3309 14 phononTS 0.000393964 -0.101037 -0.18372 0.049999 146.971 0.00034743 1 0.0392884 -0.125239 0.05 528.328
0 3419 3 phononL 0.00281348 -0.587517 -2.9804 -0.00595184 2136.79 0.00138972 1 -0.0679066 -0.2126 0.05 31039
0 3425 3 phononL 0.00037088 0.189714 0.0144557 0.049999 202.541 0.00034743 1 0.0969691 -0.209259 0.05 262.725
0 3425 2 phononTF 0.00108514 0.189714 0.0144557 0.049999 202.541 0.00034743 1 0.0861691 -0.133422 0.05 483.163
0 3454 2 phononL 0.00250565 -2.20811 -2.61705 0.0274611 15320.4 0.00069486 1 0.0907778 -0.254756 0.05 18817.1
0 3459 4 phononTF 0.000616394 2.62105 0.0390535 0.049999 20550.1 0.00034743 1 -0.0713747 -0.238515 0.05 29353.6
0 3470 3 phononL 0.00212909 2.46349 -3.16799 0.034996 309.975 0.00069486 1 0.0556028 -0.190005 0.05 13416.6
0 3548 4 phononTS 0.000355809 -0.74474 0.012282 0.049999 17144.3 0.00034743 1 -0.0786767 -0.262099 0.05 25157.6
0 3560 3 phononTS 0.00201071 3.10647 0.783571 0.027091 925.763 0.00104229 1 -0.0155651 -0.20068 0.05 7675.33
0 3562 2 phononTS 0.00217475 1.62895 -3.48506 -0.030036 13171 0.00104229 1 0.0908546 -0.153206 0.05 18636
0 3562 5 phononL 0.000384626 0.0908546 -0.153206 0.049999 18636 0.00034743 1 0.0428168 -0.151387 0.05 18684
0 3566 2 phononTS 0.0024246 0.0784698 -3.48453 0.0325487 1139.95 0.00138972 1 -0.102974 -0.147683 0.05 18558
0 3567 4 phononTF 0.00040302 0.635529 0.0776903 0.049999 15551.2 0.00034743 1 0.033535 -0.225934 0.05 16238.8
0 3574 3 phononTF 0.0019492 -0.992652 2.59807 0.0255 10325 0.00069486 1 -0.0881391 -0.267551 0.05 14933.3
0 3581 2 phononTF 0.000827959 0.0733608 -2.19912 0.020558 6378.59 0.00034743 1 -0.0467418 -0.275654 0.05 23443.7
0 3610 3 phononTS 0.00168945 -0.166473 2.33108 -0.0252008 1371.19 0.00069486 1 -0.0311077 -0.149465 0.05 29764
0 3638 4 phononTS 0.0013809 0.36804 -1.33373 -0.0260369 13935.2 0.00069486 1 -0.0316953 -0.155875 0.05 27262.3
0 3673 2 phononTS 0.00048198 0.759565 0.061161 0.049999 71.5121 0.00034743 1 -0.0211859 -0.145816 0.05 851.421
0 3679 4 phononTS 0.000764926 -2.65474 0.0481303 0.049999 11086.6 0.00034743 1 -0.0859737 -0.128427 0.05 37711
0 3734 1 phononTS 0.004 -0.52181 -0.261992 0.038275 0 0.00243201 1 -0.0620553 -0.258536 0.05 2492.15
0 3755 2 phononTF 0.00175656 0.90733 -0.914684 0.00458159 5985.57 0.00104229 1 0.0850903 -0.184249 0.05 36502.6
0 3764 3 phononTF 0.00236176 -0.418488 1.55494 -0.0459426 3842.97 0.00104229 1 0.0610173 -0.289595 0.05 6479.32
0 3764 5 phononTS 0.000386946 0.0610173 -0.289595 0.049999 6479.32 0.00034743 1 0.0371437 -0.299428 0.05 6540.41
0 3812 3 phononTS 0.00142539 3.02017 1.28356 -0.0231768 4496.75 0.00069486 1 -0.0510725 -0.22802 0.05 28045.8
0 3875 3 phononL 0.00297763 -1.14906 0.873123 -0.0471742 1997.44 0.00138972 1 0.108943 -0.1956 0.05 10829
0 3886 3 phononTF 0.00231881 0.587635 -1.48285 -0.00448266 7491.77 0.00138972 1 0.0794986 -0.19621 0.05 57149.7
0 3909 8 phononTS 0.000427133 0.344174 0.00986318 0.049999 9542.16 0.00034743 1 0.0843554 -0.231125 0.05 9859.05
0 3934 2 phononTS 0.00153582 0.750363 2.01658 0.0271839 23040.8 0.00104229 1 0.0263266 -0.18614 0.05 29658.7
0 3973 2 phononTS 0.0012814 -0.200656 -1.57872 -0.0195609 9339.22 0.00069486 1 0.0783045 -0.246659 0.05 11225.3
0 3973 26 phononTS 0.000526096 0.0783045 -0.246659 0.049999 11225.3 0.00034743 1 0.052689 -0.266242 0.05 11310.2
0 3996 18 phononTF 0.00123588 3.05378 0.0508506 0.049999 19048.8 0.00069486 1 0.0609456 -0.133998 0.05 34637.6
0 3999 2 phononTF 0.00167303 0.826179 1.32495 -0.0373102 21479.7 0.00034743 1 -0.112647 -0.179288 0.05 30924.4
0 3999 4 phononTS 0.000649632 -0.112647 -0.179288 0.049999 30924.4 0.00034743 1 0.0747338 -0.218997 0.05 34109.5
0 4006 2 phononL 0.00243458 1.53874 1.0516 -0.0476011 12738 0.00138972 1 0.027522 -0.261505 0.05 35257.3
0 4095 5 phononTS 0.00135134 -3.04668 -0.660628 -0.0284873 14940.3 0.00069486 1 0.0353144 -0.218264 0.05 18743.9
0 4165 4 phononTF 0.00256385 -1.62139 3.03718 -0.0408179 3230.4 0.00104229 1 0.0899981 -0.227157 0.05 17279
0 4170 2 phononTS 0.00220642 1.77419 3.06871 0.0036274 4842.57 0.00034743 1 0.0188733 -0.217188 0.05 8002.59
0 4184 2 phononTS 0.00213754 3.52261 -3.46973 -0.0120323 1695.71 0.00104229 1 -0.0632165 -0.279136 0.05 11188.6
0 4189 2 phononL 0.00100266 -3.32376 -1.08926 0.0220702 232.383 0.00034743 1 0.066544 -0.23625 0.05 21649.1
0 4200 4 phononTF 0.00083943 -0.047315 -2.87586 0.0350684 26011.1 0.00034743 1 0.0747962 -0.128381 0.05 40242
0 4246 7 phononTS 0.000686125 -1.07446 0.0703868 0.049999 6952.68 0.00034743 1 0.0654983 -0.147943 0.05 10573.7
0 4251 2 phononTF 0.00288906 -2.77624 1.67285 -0.0109783 4628.6 0.00138972 1 -0.0844666 -0.197452 0.05 15916.4
0 4263 2 phononTF 0.00252869 2.39698 -2.48633 0.0289467 3702.37 0.00069486 1 0.0425017 -0.180256 0.05 7220.01
0 4265 1 phononTS 0.004 -0.0559635 -0.881795 -0.0391952 0 0.00173715 1 0.0437738 -0.208517 0.05 8331.46
0 4265 4 phononTF 0.000627132 0.0437738 -0.208517 0.049999 8331.46 0.00034743 1 0.0591982 -0.285352 0.05 8395.7
0 4304 3 phononTS 0.00188268 -1.4291 -3.1897 -0.00475582 4666.87 0.00069486 1 -0.109435 -0.198476 0.05 37502.4
0 4335 6 phononL 0.000449321 -0.207895 0.055001 0.049999 15963.7 0.00034743 1 -0.0713176 -0.115252 0.05 16018.7
0 4350 3 phononTF 0.000572678 2.90932 0.00822623 0.049999 575.112 0.00034743 1 0.0223345 -0.177229 0.05 20914.5
0 4353 2 phononTS 0.00135885 -0.00611822 0.29871 0.0163147 20273.1 0.00069486 1 0.0873577 -0.254146 0.05 24317.7
0 4373 1 phononTF 0.004 -0.26918 0.719483 -0.0275309 0 0.00208458 1 -0.0216322 -0.17127 0.05 2066.08
0 4378 3 phononTF 0.0019664 -2.96502 -1.35641 -0.0205147 7.3649 0.00069486 1 -0.0576342 -0.236997 0.05 4116.86
0 4378 6 phononL 0.000553992 -0.0576342 -0.236997 0.049999 4116.86 0.00034743 1 0.11239 -0.196159 0.05 4342.2
0 4378 5 phononTF 0.000387064 -0.0576342 -0.236997 0.049999 4116.86 0.00034743 1 0.0658442 -0.15936 0.05 4198.21
0 4389 1 phononTF 0.004 0.235044 0.84162 0.00785863 0 0.00173715 1 -0.03293 -0.179119 0.05 1524.87
0 4389 12 phononTF 0.000565371 -0.03293 -0.179119 0.049999 1524.87 0.00034743 1 0.0259307 -0.176327 0.05 1590.49
0 4397 3 phononTS 0.00173393 -1.33373 -2.99999 0.0490837 1407.38 0.00104229 1 0.0897655 -0.207133 0.05 12480.1
0 4411 3 phononTS 0.00223691 -0.0415416 -1.47521 0.0020587 68.4397 0.00104229 1 0.0692747 -0.115721 0.05 1618.43
0 4411 2 phononTF 0.00176309 -0.0415416 -1.47521 0.0020587 68.4397 0.00069486 1 0.0730217 -0.11474 0.05 3068.05
0 4411 21 phononTS 0.000551919 0.0730217 -0.11474 0.049999 3068.05 0.00034743 1 0.110786 -0.201709 0.05 3148.64
0 4434 2 phononTS 0.00125264 1.33013 0.76687 0.00102463 6217.3 0.00069486 1 -0.0308849 -0.271822 0.05 6997.22
0 4439 3 phononTF 0.00166421 2.61571 -2.68025 0.014538 11855.6 0.00034743 1 -0.0781669 -0.214957 0.05 23625.5
0 4439 4 phononTF 0.000758952 -0.0781669 -0.214957 0.049999 23625.5 0.00034743 1 -0.0292784 -0.226521 0.05 24235.4
0 4441 15 phononTF 0.00147186 0.418491 -2.6175 -0.0476902 15130.2 0.00069486 1 -0.092731 -0.179032 0.05 28257.5
0 4450 2 phononTS 0.00257264 -2.96486 0.969081 -0.0319637 504.881 0.00138972 1 0.0475942 -0.212378 0.05 22077.5
0 4450 4 phononTF 0.000378109 0.0475942 -0.212378 0.049999 22077.5 0.00034743 1 0.0695939 -0.236251 0.05 22135.4
0 4472 2 phononTS 0.00169006 2.5357 3.17266 0.0135223 2775 0.00069486 1 -0.0427465 -0.185369 0.05 15927.6
0 4487 5 phononTS 0.00100866 -0.555675 -0.919943 0.0309372 25202.9 0.00034743 1 0.0873382 -0.202754 0.05 28168.6
0 4492 6 phononTS 0.000357234 -0.811955 0.0742996 0.049999 191.627 0.00034743 1 0.0620025 -0.10376 0.05 777.582
0 4520 5 phononTS 0.00181067 1.87505 1.55007 -0.00151997 1640.03 0.00034743 1 0.0936694 -0.156172 0.05 45906.2
0 4524 1 phononTS 0.004 -0.682293 0.0321023 0.0140423 0 0.00173715 1 -0.070519 -0.209742 0.05 1124.91
0 4524 5 phononTS 0.00109092 -0.070519 -0.209742 0.049999 1124.91 0.00069486 1 -0.0978104 -0.238489 0.05 1185.52
0 4543 2 phononL 0.00179488 0.303744 2.29586 0.0175322 5971.79 0.00034743 1 0.0202898 -0.220908 0.05 24243.8
0 4562 1 phononTF 0.004 0.22663 -3.0517 -0.00288635 0 0.00173715 1 -0.0519394 -0.111924 0.05 5186.04
0 4566 2 phononL 0.00174304 -3.14805 -2.2501 0.0229551 790.392 0.00104229 1 0.0366527 -0.171652 0.05 83672.3
0 4586 17 phononTF 0.000499482 -3.04935 0.00714417 0.049998 10790.7 0.00034743 1 -0.113373 -0.210936 0.05 14844.9
0 4607 4 phononL 0.00165056 1.22707 3.5052 0.0414769 6226.36 0.00069486 1 0.108528 -0.198479 0.05 13706.1
0 4616 2 phononL 0.00221552 -0.937835 -0.217664 -0.00110986 6669.4 0.00104229 1 -0.0518601 -0.270565 0.05 22230.3
0 4616 21 phononTS 0.000450912 -0.0518601 -0.270565 0.049999 22230.3 0.00034743 1 -0.073291 -0.249481 0.05 22289.7
0 4656 3 phononTF 0.00157423 0.303274 0.556461 0.0464074 2430.43 0.00104229 1 0.0396983 -0.179015 0.05 6218.4
0 4657 9 phononTS 0.000411899 1.6573 0.00240512 0.049998 38310.7 0.00034743 1 0.0510976 -0.157435 0.05 47277
0 4660 2 phononTS 0.0003594 0.147449 0.0870682 0.049999 918.123 0.00034743 1 0.0429523 -0.259327 0.05 1256.64
0 4666 4 phononTF 0.00157138 1.68522 -0.949648 -0.015249 15166.9 0.00104229 1 -0.0655593 -0.145798 0.05 70296.4
0 4667 4 phononTF 0.000755014 2.56569 0.0883321 0.049999 1705.34 0.00034743 1 0.0768331 -0.227202 0.05 8469.77
0 4678 2 phononTF 0.00208853 1.93238 -0.324334 0.0398229 6.59767 0.00104229 1 -0.037084 -0.235146 0.05 2550.36
0 4722 2 phononTF 0.00245782 -1.62563 -2.71154 -0.0431409 2727.76 0.00104229 1 -0.085461 -0.237547 0.05 6465.3
0 4745 3 phononTS 0.0023161 -2.81453 -1.3558 -0.0399479 8252.2 0.00104229 1 -0.0816533 -0.283416 0.05 34039.7
0 4745 4 phononTS 0.000702776 -0.0816533 -0.283416 0.049999 34039.7 0.00034743 1 -0.0526448 -0.106098 0.05 34354.5
0 4818 29 phononTF 0.000661817 0.788523 0.0268621 0.049999 15969 0.00034743 1 0.0280323 -0.28942 0.05 16695.2
0 4822 3 phononTS 0.00193137 -3.09154 -1.6292 0.0211677 3694.37 0.00034743 1 0.0764493 -0.184377 0.05 25891.8
0 4838 1 phononTF 0.004 -0.868818 -1.34151 0.0154275 0 0.00173715 1 0.0472327 -0.259335 0.05 4949.1
0 4864 1 phononTF 0.004 -0.00345263 -0.381026 -0.0351997 0 0.00208458 1 0.0558026 -0.25779 0.05 452.893
0 4871 4 phononTF 0.00134436 3.27843 -0.511167 -0.0353186 7104.03 0.00069486 1 -0.0881012 -0.204133 0.05 54366
0 4873 1 phononTS 0.004 0.389804 0.49761 -0.0212745 0 0.00173715 1 -0.0511426 -0.164394 0.05 354.527
0 4883 3 phononTS 0.00153213 -0.816381 0.202416 -0.0037295 11290.4 0.00104229 1 0.0751132 -0.122307 0.05 18217.8
0 4886 3 phononTS 0.00192377 3.459 0.943169 -0.0384229 18.9361 0.00034743 1 0.0626427 -0.162825 0.05 3418.31
0 4947 3 phononL 0.00189994 -2.73132 1.51478 0.00111602 1318.66 0.00104229 1 0.114082 -0.173676 0.05 6118.27
0 5001 2 phononTS 0.000924454 2.88654 -1.99485 0.0473054 918.073 0.00034743 1 0.0941405 -0.13376 0.05 30684.9
0 5004 2 phononL 0.00190822 3.49241 -1.64227 0.0192002 1869.32 0.00104229 1 0.0350044 -0.180722 0.05 9117.14
0 5009 3 phononTF 0.0018703 -1.12689 -1.57966 -0.0479449 16313.8 0.00138972 1 0.0182811 -0.245542 0.05 19387.3
0 5015 3 phononTS 0.00212154 1.55854 2.45235 0.0119474 3430.22 0.00069486 1 0.0900813 -0.164202 0.05 19207.7
0 5018 2 phononTF 0.00297481 -0.696098 3.32475 0.0156863 1274.77 0.00138972 1 -0.0694784 -0.12702 0.05 14529.6
0 5019 5 phononTS 0.00176645 2.11548 -1.49857 0.018736 4998.43 0.00069486 1 0.0814059 -0.278024 0.05 11669.5
0 5037 2 phononL 0.00176022 -2.81418 -1.99106 -0.0479066 3486.18 0.00069486 1 -0.0575122 -0.262063 0.05 16201.7
0 5054 1 phononTF 0.004 -0.0863905 0.176354 0.0296588 0 0.00208458 1 0.0519038 -0.231171 0.05 2125.92
0 5054 9 phononTS 0.000471617 0.0519038 -0.231171 0.049998 2125.92 0.00034743 1 0.0294347 -0.233818 0.05 2181.92
0 5060 2 phononTS 0.0017199 -0.923563 -2.95124 0.0446766 2435.37 0.00104229 1 0.0324572 -0.111325 0.05 15520.5
0 5060 6 phononTF 0.000457371 0.0324572 -0.111325 0.049999 15520.5 0.00034743 1 0.036654 -0.205581 0.05 15583.1
0 5061 4 phononL 0.000448305 -0.169748 0.0322088 0.049999 16590.6 0.00034743 1 -0.0141788 -0.221397 0.05 16827.5
0 5127 1 phononTF 0.004 0.370264 -1.02863 0.0317532 0 0.00104229 1 0.0347947 -0.301633 0.05 481.263
0 5134 2 phononTF 0.00180311 -0.801236 0.512044 -0.0296877 276.883 0.00069486 1 0.0847711 -0.134273 0.05 4966.14
0 5205 4 phononTS 0.000789203 2.62796 2.0536 0.0299581 6616.87 0.00034743 1 0.0840184 -0.246695 0.05 15755.6
0 5223 1 phononTS 0.004 -0.619596 2.91023 0.0169836 0 0.00243201 1 0.0574269 -0.228948 0.05 8771.28
0 5260 4 phononTS 0.00132861 -0.753649 0.081677 0.049999 10333.5 0.00034743 1 -0.0368606 -0.275987 0.05 14848.6
0 5261 7 phononTS 0.00103766 1.65612 0.089722 0.049999 10441 0.00069486 1 0.0243506 -0.226032 0.05 10974.6
0 5303 3 phononTS 0.00267488 -0.0999506 3.11328 0.00909306 9457.3 0.00104229 1 -0.102755 -0.146901 0.05 24070.6
0 5315 3 phononTS 0.00110544 -2.20722 2.89884 0.0318262 3633.17 0.00069486 1 -0.0859373 -0.27001 0.05 74607.5
0 5329 4 phononTF 0.0012714 0.162892 -0.58919 0.0152152 2970.44 0.00069486 1 0.115711 -0.169484 0.05 74957.9
0 5329 2 phononTF 0.00107818 0.126247 -0.604753 -0.0126626 2961.4 0.00034743 1 0.0272244 -0.235584 0.05 3244.39
0 5331 3 phononTS 0.00255727 -0.223023 -0.964828 0.0263415 419.17 0.00138972 1 0.0906024 -0.161407 0.05 4974.84
0 5339 2 phononTS 0.00267327 -0.828962 2.90794 0.00807311 449.553 0.00173715 1 0.0527922 -0.183992 0.05 5509.52
0 5340 1 phononTF 0.004 -0.454897 -0.925181 0.0108592 0 0.00138972 1 -0.0604376 -0.249581 0.05 10675.2
0 5340 5 phononTF 0.00179511 -0.0604376 -0.249581 0.049999 10675.2 0.00104229 1 -0.0449158 -0.219493 0.05 10735.1
0 5398 5 phononTF 0.00103253 -2.89577 0.335885 -0.0345137 71715 0.00069486 1 0.10172 -0.209623 0.05 75473.4
0 5416 3 phononTF 0.00287913 2.3929 -0.0955239 0.0184356 3566.37 0.00138972 1 -0.0514043 -0.183202 0.05 9533.49
0 5440 3 phononTS 0.00171308 -1.38858 -3.46192 -0.00559747 5440.32 0.00069486 1 0.0819352 -0.138517 0.05 9097.08
0 5440 4 phononTF 0.000565819 0.0819352 -0.138517 0.049998 9097.08 0.00034743 1 0.115689 -0.227951 0.05 9164.03
0 5455 3 phononL 0.00209601 -2.23212 1.47115 -0.0154161 23.3738 0.00069486 1 -0.109813 -0.223256 0.05 23764.7
0 5458 2 phononTS 0.00194212 0.930822 -3.18136 -0.0392315 13792.6 0.00104229 1 -0.0506744 -0.232248 0.05 20950.1
0 5499 1 phononL 0.004 -0.0926763 0.0325403 0.00423632 0 0.00173715 1 0.0669684 -0.103371 0.05 49.4111
0 5502 5 phononTS 0.0021585 -0.845992 0.0218471 0.049999 984.569 0.00138972 1 0.0779967 -0.235867 0.05 1414.43
0 5512 3 phononTS 0.00179362 2.37319 3.08432 -0.0270083 2222.99 0.00104229 1 -0.0653228 -0.132877 0.05 12359.8
0 5534 4 phononTS 0.00108088 -1.99884 0.0406275 0.049999 4587.1 0.00069486 1 0.0401766 -0.193728 0.05 8750.81
0 5537 4 phononTS 0.00156768 1.87065 3.30174 0.0367921 5882.64 0.00069486 1 0.0899963 -0.175067 0.05 31467.6
0 5539 3 phononTF 0.00107982 -0.538594 2.68078 -0.0308809 16122.8 0.00034743 1 -0.0721503 -0.217088 0.05 52257.6
0 5554 3 phononTS 0.0019212 0.767755 -2.88543 0.0273912 1063.11 0.00104229 1 0.10771 -0.151803 0.05 12099.4
0 5561 2 phononTS 0.00210663 -0.569853 -2.02427 -0.0284565 3241.34 0.00104229 1 0.0368905 -0.279041 0.05 24379.7
0 5568 2 phononTS 0.00137181 1.37383 -2.27383 -0.032646 17731.5 0.00069486 1 0.0356539 -0.257447 0.05 38819.8
0 5598 4 phononTS 0.000805693 -0.315998 0.0635319 0.049999 15658.3 0.00034743 1 -0.0649893 -0.145549 0.05 16119.7
0 5609 4 phononTF 0.00150418 3.52112 0.0950972 0.049999 22807.9 0.00104229 1 -0.105238 -0.167733 0.05 33134
0 5622 1 phononTF 0.004 -1.1921 -1.32111 0.0209744 0 0.00173715 1 0.110451 -0.242439 0.05 6698.82
0 5624 3 phononTF 0.00166545 1.93969 3.42658 0.00409917 2570.51 0.00069486 1 0.108709 -0.191494 0.05 27869.4
0 5625 4 phononTF 0.000831791 0.405587 0.0305304 0.049999 3002.42 0.00069486 1 0.0998959 -0.238072 0.05 4147.18
0 5639 1 phononTS 0.004 -1.14348 -1.44721 0.0126272 0 0.00243201 1 0.0515212 -0.13484 0.05 11013.2
0 5658 3 phononTF 0.00099643 -0.00438762 -0.223936 -0.0426292 1251.34 0.00069486 1 0.0319831 -0.142044 0.05 1291.31
0 5699 4 phononTS 0.000474329 -2.19331 0.072294 0.049999 7745.01 0.00034743 1 -0.0856695 -0.236747 0.05 22622.9
0 5705 3 phononTF 0.00139921 3.32102 -2.17714 0.0476932 1384.05 0.00104229 1 0.112794 -0.238345 0.05 3922.08
0 5810 6 phononTS 0.00035831 0.482018 0.0975981 0.049999 3879.33 0.00034743 1 -0.104863 -0.184499 0.05 4296.68
0 5810 27 phononTS 0.00035199 -1.16709 0.0842808 0.049999 2290.76 0.00034743 1 0.0773507 -0.223427 0.05 4624.19
0 5845 6 phononL 0.000996591 -2.66141 0.0268977 0.049999 1845.16 0.00034743 1 -0.0859677 -0.215868 0.05 6252.59
0 5869 1 phononL 0.004 -0.438095 -0.50074 -0.00302037 0 0.00173715 1 -0.101598 -0.250361 0.05 448.667
0 5873 2 phononTF 0.00283462 0.474146 3.50733 -0.00999511 5066.97 0.00173715 1 0.0486543 -0.301644 0.05 16795.7
0 5891 2 phononTS 0.00166355 -0.722626 0.847313 0.0382703 11.693 0.00104229 1 -0.0899524 -0.212604 0.05 11708.4
0 5897 3 phononL 0.00277882 -0.120087 -0.27875 0.0161276 7394.86 0.00104229 1 0.0479663 -0.292738 0.05 7591.43
0 5919 2 phononTS 0.00140884 1.18208 0.913086 0.0325057 3154.41 0.00034743 1 0.0955016 -0.16336 0.05 25422.2
0 5919 25 phononTF 0.000471704 0.0955016 -0.16336 0.049999 25422.2 0.00034743 1 -0.030077 -0.149324 0.05 25577.4
0 5944 2 phononTF 0.00298665 -1.37051 -2.63862 0.0213123 11.4327 0.00104229 1 -0.0908548 -0.202699 0.05 19192.9
0 5944 4 phononTS 0.00140211 -0.0908548 -0.202699 0.049999 19192.9 0.00069486 1 -0.0601603 -0.227304 0.05 19253.5
0 5963 1 phononL 0.004 3.27198 -0.208953 -0.0391498 0 0.00208458 1 -0.0908215 -0.160777 0.05 15994.5
0 5966 2 phononL 0.00172501 -0.0306313 3.26079 0.023427 856.776 0.00104229 1 -0.0619231 -0.274635 0.05 4583.26
0 5969 3 phononTF 0.00180872 -2.67689 -0.449964 0.0104429 7019.53 0.00104229 1 -0.047469 -0.216632 0.05 32504.9
0 6001 3 phononTF 0.00129545 1.63555 3.32419 0.0131893 7096.33 0.00069486 1 0.107178 -0.171886 0.05 14324.3
0 6020 3 phononL 0.00264125 -2.11811 0.981104 -0.0413527 4088.58 0.00138972 1 0.0704182 -0.201077 0.05 12498.8
0 6055 7 phononTS 0.000582157 1.44762 1.88603 -0.0304168 12315.1 0.00034743 1 0.0915222 -0.266326 0.05 18432.6
0 6138 3 phononTS 0.00348739 1.50122 -1.38662 -0.0356679 10246.5 0.00138972 1 -0.0292529 -0.272759 0.05 15457.7
0 6186 6 phononTF 0.000418262 -0.106581 0.0349859 0.049999 24542.3 0.00034743 1 -0.0222086 -0.131441 0.05 24631.9
0 6188 2 phononL 0.00222082 1.16988 1.40464 -0.000291455 512.785 0.00138972 1 -0.0757652 -0.284731 0.05 2285.8
0 6203 2 phononL 0.00227215 2.28625 -1.8645 0.0414915 13810.3 0.00104229 1 -0.0227631 -0.17315 0.05 28473.2
0 6207 2 phononTF 0.0022227 1.57892 -0.511416 0.0255538 9262.78 0.00138972 1 0.0585846 -0.223427 0.05 18513.3
0 6216 3 phononL 0.00272972 0.42086 0.751029 0.0498205 3789.79 0.00138972 1 0.114724 -0.2261 0.05 6555.76
0 6217 2 phononTS 0.00238788 0.257494 -2.67352 0.0140456 6827.33 0.00069486 1 0.05782 -0.192604 0.05 14155.7
0 6233 4 phononTS 0.000660563 -0.19347 0.0693053 0.049999 2356.88 0.00034743 1 0.103307 -0.184041 0.05 4125.22
0 6273 7 phononTS 0.000594712 -0.775299 0.0681938 0.049999 15631.4 0.00034743 1 -0.0478992 -0.137171 0.05 16414.5
0 6295 2 phononTF 0.00163742 2.80051 -2.07055 -0.0134087 113.496 0.00104229 1 -0.0995988 -0.166145 0.05 13087.9
0 6326 3 phononTS 0.00165626 -1.2575 1.10958 -0.0277396 306.442 0.00104229 1 -0.103423 -0.144708 0.05 1920.8
0 6351 3 phononL 0.00133822 1.82852 -1.5664 0.0203145 1757.92 0.00069486 1 0.0429306 -0.208785 0.05 13227.7
0 6387 1 phononL 0.004 1.71926 -1.51394 -0.000276604 0 0.00173715 1 0.0429707 -0.107966 0.05 9282.99
0 6397 24 phononTS 0.000640802 -0.464994 0.0266638 0.049999 15076.2 0.00034743 1 -0.091894 -0.237447 0.05 53118.9
0 6411 2 phononTF 0.00104434 3.00896 -3.28379 -0.0383263 1342.93 0.00034743 1 -0.0416414 -0.277904 0.05 7683.39
0 6413 1 phononTS 0.004 -0.0689296 -0.0203537 -0.00690081 0 0.00138972 1 -0.0605772 -0.141691 0.05 134.093
0 6417 3 phononTF 0.00184467 -0.1771 -2.17539 -0.0128477 2808.66 0.00104229 1 -0.0656225 -0.226458 0.05 13469.1
0 6461 3 phononL 0.00292648 -1.46759 0.438238 -0.0395448 14708.1 0.00034743 1 -0.0803081 -0.186813 0.05 16682.3
0 6471 4 phononTF 0.000787784 -0.581711 0.0398307 0.049999 16745.5 0.00034743 1 -0.0749095 -0.238995 0.05 17028.8
0 6505 7 phononTS 0.000375257 -0.363108 0.021869 0.049999 5085.25 0.00034743 1 -0.0923283 -0.252184 0.05 5399.14
0 6513 6 phononL 0.000794462 -0.515222 0.0520205 0.049999 5207.38 0.00034743 1 0.0992541 -0.168962 0.05 5827.6
0 6530 3 phononL 0.00267347 0.357416 2.25334 0.0475338 14.4806 0.00173715 1 -0.0753912 -0.138301 0.05 20523
0 6534 2 phononTF 0.00110347 1.30063 -2.21903 0.022045 733.922 0.00069486 1 -0.0293572 -0.233456 0.05 43436.4
0 6538 2 phononTS 0.00260906 -1.1558 -1.45517 0.0103931 749.609 0.00138972 1 -0.0588873 -0.184322 0.05 5102.27
0 6548 1 phononTS 0.004 2.59549 -3.06199 0.00239279 0 0.00208458 1 -0.0227735 -0.183452 0.05 13001.6
0 6551 5 phononTS 0.000531394 -0.847879 0.0220483 0.049999 8257.9 0.00034743 1 0.0195953 -0.202017 0.05 9011.55
0 6558 2 phononTS 0.00107013 -0.0936528 -1.31737 0.0343831 2184.26 0.00069486 1 -0.0629217 -0.138106 0.05 11093.9
0 6583 3 phononTS 0.00158873 3.45421 3.13481 -0.0154605 197.233 0.00069486 1 -0.0581656 -0.190237 0.05 6739.02
0 6587 3 phononL 0.00161911 -0.0523307 -2.2971 0.0410938 374.604 0.00104229 1 -0.0277321 -0.266579 0.05 35334.9
0 6628 2 phononTF 0.00160095 -2.86645 3.12785 -0.0323644 6754.16 0.00104229 1 0.104593 -0.175968 0.05 28809.7
0 6654 9 phononTS 0.000397899 1.97754 0.0743772 0.049999 26045.5 0.00034743 1 0.037436 -0.238637 0.05 44714.9
0 6670 3 phononTS 0.0016979 -3.40909 -2.67774 -0.01565 16944.7 0.00104229 1 -0.0794679 -0.251185 0.05 36896.3
0 6671 2 phononTF 0.00226618 -1.11161 -0.871835 -0.0285173 4698.26 0.00138972 1 0.110279 -0.182868 0.05 9430.52
0 6683 3 phononL 0.00212204 2.73325 -1.15057 -0.0250183 15.215 0.00104229 1 0.0512117 -0.126482 0.05 6380.53
0 6686 3 phononL 0.00166749 0.679831 1.91199 -0.0197427 283.176 0.00069486 1 0.111005 -0.23262 0.05 46478.2
0 6699 5 phononTS 0.00152738 -0.316999 -1.39407 -0.0180318 11742.1 0.00104229 1 -0.0317553 -0.269927 0.05 31885.5
0 6719 2 phononTF 0.00183002 -0.872021 -0.674876 0.0393475 7945.57 0.00034743 1 -0.0310111 -0.241782 0.05 9874.43
0 6751 2 phononL 0.00124041 -1.46064 -3.1029 0.0247876 0.283801 0.00104229 1 0.082579 -0.151901 0.05 10041.7
0 6756 2 phononL 0.00278929 -3.5343 -1.86649 0.0169999 5103.72 0.00173715 1 0.0432221 -0.272544 0.05 13430.5
0 6792 1 phononTS 0.004 -1.38028 -1.55235 0.015961 0 0.00173715 1 0.0780495 -0.225947 0.05 2571.47
0 6802 2 phononTF 0.00205214 -1.25639 2.39575 0.0346151 4289.54 0.00069486 1 -0.0994251 -0.17106 0.05 20836.5
0 6808 1 phononTS 0.004 0.393289 -0.529598 -0.00296354 0 0.00069486 1 0.0354777 -0.30162 0.05 620.781
0 6843 2 phononTF 0.00151584 -1.95891 -1.68058 0.0153289 9558.97 0.00034743 1 -0.0775073 -0.255884 0.05 13646.5
0 6915 3 phononTF 0.00224862 2.69415 -1.18752 -0.0020008 30.6938 0.00138972 1 -0.0540891 -0.2144 0.05 12870.2
0 6998 3 phononTS 0.00164036 1.1404 -1.503 0.0261104 4382.22 0.00034743 1 -0.0681177 -0.288467 0.05 83287.5
0 6999 2 phononTS 0.0017155 0.257939 3.52173 -0.0146937 3120.06 0.00034743 1 0.0774889 -0.229719 0.05 68109.1
0 7001 2 phononTF 0.00169485 2.70259 -3.2873 -0.0461244 3994.47 0.00069486 1 0.0131919 -0.221672 0.05 18978.9
0 7007 3 phononTS 0.00190917 -1.32499 -2.89899 -0.00128553 4190.83 0.00069486 1 -0.0998304 -0.224242 0.05 42088.6
0 7011 1 phononTF 0.004 0.0998418 -0.110238 -0.0243655 0 0.00243201 1 0.0281962 -0.185071 0.05 100.938
0 7060 3 phononTS 0.00347814 2.5183 2.62156 -0.0125802 3583.51 0.00104229 1 -0.0880244 -0.211404 0.05 10272.5
0 7060 5 phononTF 0.00105446 -0.0880244 -0.211404 0.049999 10272.5 0.00069486 1 -0.0758102 -0.159855 0.05 25969.2
0 7069 1 phononTF 0.004 1.79051 -1.73341 0.0139697 0 0.00069486 1 0.0610813 -0.277551 0.05 3954.78
0 7069 3 phononTS 0.000711828 0.0610813 -0.277551 0.049999 3954.78 0.00034743 1 0.0838619 -0.27665 0.05 4014.82
0 7069 2 phononTF 0.00207147 0.0610813 -0.277551 0.049999 3954.78 0.00104229 1 0.0302877 -0.140528 0.05 4027.45
0 7079 3 phononTF 0.00234213 -1.19331 1.69596 0.036509 764.242 0.00173715 1 0.0773715 -0.157538 0.05 10302.4
0 7079 2 phononTS 0.00165787 -1.19331 1.69596 0.036509 764.242 0.00104229 1 0.048822 -0.26388 0.05 5378.58
0 7102 3 phononTF 0.00175955 -1.28194 -0.978998 0.0106277 4321.87 0.00069486 1 0.0413203 -0.264229 0.05 6186.56
0 7102 5 phononL 0.000459995 0.0413203 -0.264229 0.049999 6186.56 0.00034743 1 -0.0338757 -0.258534 0.05 6540.4
0 7106 5 phononTF 0.00227829 -1.02642 -1.55743 -0.0155396 2483.62 0.00104229 1 -0.0795304 -0.195048 0.05 7919.51
0 7168 2 phononTS 0.00140865 3.37261 3.02171 -0.0211765 0.0119624 0.00069486 1 -0.055944 -0.148951 0.05 10808.5
0 7170 5 phononTF 0.00134721 1.60286 -2.56069 -0.0478148 24298.8 0.00069486 1 0.102809 -0.148424 0.05 29699.2
0 7235 2 phononL 0.00211044 -2.45415 1.36995 0.00187432 1189.26 0.00104229 1 0.0566971 -0.148584 0.05 2315.68
0 7282 2 phononTS 0.00225819 -2.83337 -2.43184 0.00692161 24.8381 0.00034743 1 -0.103465 -0.249956 0.05 11987.6
0 7282 20 phononTS 0.00162639 -0.103465 -0.249956 0.049999 11987.6 0.00104229 1 0.0295765 -0.133585 0.05 12301.4
0 7290 1 phononTF 0.004 -0.25629 -0.339196 0.0395685 0 0.00208458 1 0.0200321 -0.177784 0.05 1322.86
0 7341 3 phononTS 0.00304087 0.372272 -1.22501 -0.0396544 21739.7 0.00138972 1 0.0583583 -0.220948 0.05 34813.2
0 7377 17 phononTF 0.000389585 -0.0164574 0.0265059 0.049999 11074.8 0.00034743 1 0.102792 -0.175322 0.05 11235.1
0 7384 3 phononTS 0.00218164 -0.28838 -0.901791 -0.0115699 3283.44 0.00138972 1 -0.0410803 -0.135303 0.05 10036.9
0 7399 1 phononTF 0.004 -1.70056 -1.81838 0.0284555 0 0.00243201 1 -0.0507163 -0.26234 0.05 5828.6
0 7404 2 phononL 0.000825608 -2.61137 -1.07268 0.004451 3544.4 0.00069486 1 0.0629286 -0.287189 0.05 46157.1
0 7415 3 phononTS 0.0024959 -3.08132 -2.63916 0.0144631 7509.36 0.00069486 1 -0.0808566 -0.215484 0.05 18520.5
0 7437 3 phononL 0.0017358 0.0506106 -0.128282 0.00502546 21.0363 0.00069486 1 0.115386 -0.220452 0.05 123.881
0 7437 6 phononTS 0.000352395 0.115386 -0.220452 0.049998 123.881 0.00034743 1 0.104338 -0.221338 0.05 180.717
0 7439 5 phononTS 0.00118419 -0.198432 -1.64483 -0.0409637 6608 0.00069486 1 -0.0747194 -0.224294 0.05 8882.41
0 7439 4 phononL 0.00158098 -0.198432 -1.64483 -0.0409637 6608 0.00034743 1 0.0335775 -0.258628 0.05 8056.22
0 7439 16 phononTF 0.00105012 0.0335775 -0.258628 0.049999 8056.22 0.00069486 1 -0.0332972 -0.265591 0.05 8118.68
0 7443 2 phononTS 0.00197248 -2.1286 -0.330961 -0.00371433 2749.53 0.00104229 1 -0.0220889 -0.141794 0.05 5717.84
0 7467 3 phononTS 0.00185693 -1.89589 1.72587 -0.0323042 2086.2 0.00104229 1 0.0879896 -0.232517 0.05 11000.9
0 7490 1 phononL 0.004 0.851912 -1.5428 0.00343047 0 0.00104229 1 0.100524 -0.206164 0.05 1910.5
0 7516 3 phononTS 0.00273493 0.965156 1.31278 -0.0479237 8482.98 0.00173715 1 -0.0388967 -0.126541 0.05 12724.6
0 7534 4 phononTS 0.000376038 -1.26284 0.0622596 0.049999 393.788 0.00034743 1 -0.0787522 -0.186021 0.05 15072.2
0 7568 3 phononL 0.00275671 2.25462 -1.53689 0.0370963 2279.56 0.00104229 1 -0.0643594 -0.280534 0.05 14515.9
0 7578 5 phononTF 0.00196394 -2.89826 2.32176 0.0135708 6763.3 0.00069486 1 -0.0147967 -0.233769 0.05 15211.5
0 7602 4 phononTF 0.000635363 -3.28747 0.0632336 0.049999 2096.01 0.00034743 1 0.0671782 -0.177655 0.05 5453.97
0 7620 5 phononTF 0.00118797 -2.16259 2.20559 0.000237717 6470.8 0.00034743 1 -0.057333 -0.121361 0.05 19092
0 7637 5 phononTF 0.00133557 -3.30855 -2.40676 0.000783472 14381.6 0.00069486 1 0.0503185 -0.260899 0.05 22957.6
0 7678 3 phononTS 0.00333525 1.71438 -1.28969 -0.0366248 856.274 0.00173715 1 -0.0485569 -0.238655 0.05 24710.2
0 7679 1 phononTF 0.004 -1.01682 -1.06827 0.0173648 0 0.00243201 1 -0.0373421 -0.164659 0.05 3952.39
0 7685 2 phononTS 0.00128229 -2.96651 -2.20803 0.0241643 14936.4 0.00069486 1 0.0138628 -0.18551 0.05 45165.9
0 7734 4 phononTS 0.000641986 1.69118 0.0105264 0.049999 44111.8 0.00034743 1 -0.0800613 -0.247843 0.05 47444.8
0 7734 2 phononTS 0.00236201 -2.03935 1.23533 0.0157088 12703.8 0.00138972 1 0.0888612 -0.188892 0.05 34995.5
0 7767 2 phononTS 0.0017447 2.19414 -1.75144 0.0102874 3771.52 0.00104229 1 -0.0721372 -0.273138 0.05 18228
0 7774 2 phononTF 0.00284835 0.97419 -1.33549 0.0191985 1855.66 0.00069486 1 -0.073033 -0.157925 0.05 6359.46
0 7774 6 phononTF 0.000394636 -0.073033 -0.157925 0.049999 6359.46 0.00034743 1 0.0928879 -0.211668 0.05 6442.12
0 7792 4 phononTS 0.00137386 2.41775 1.40708 -0.0414185 3846.97 0.00069486 1 -0.0113572 -0.183959 0.05 45318.6
0 7882 3 phononTS 0.0013985 2.23806 -3.17506 -0.0372856 31023.5 0.00034743 1 0.117145 -0.176091 0.05 33486.6
0 7887 3 phononTF 0.00215414 0.14254 0.0873854 -0.0470445 1484.47 0.00069486 1 0.0668034 -0.111883 0.05 2018.65
0 7887 2 phononTF 0.00184586 0.14254 0.0873854 -0.0470445 1484.47 0.00104229 1 0.0681995 -0.154441 0.05 1617.51
0 7911 2 phononTS 0.00117528 3.27376 -1.78816 -0.0145702 25769.8 0.00069486 1 -0.060823 -0.273023 0.05 92215.7
0 7955 2 phononTS 0.00281348 -0.458502 0.807858 -0.0456971 174.63 0.00173715 1 0.0634559 -0.160068 0.05 4470.04
0 7960 28 phononTS 0.000360668 -2.62673 0.0481628 0.049999 46047.6 0.00034743 1 0.0585065 -0.201423 0.05 53376.2
0 7964 4 phononTF 0.000915764 0.2672 0.00311854 0.049999 15663.2 0.00034743 1 0.0469036 -0.288976 0.05 15889.7
0 7982 2 phononTS 0.00152413 0.475802 -1.62328 0.0335852 758.705 0.00069486 1 0.0633425 -0.275789 0.05 16232.3
0 8022 1 phononL 0.004 3.35485 -0.149182 0.00149146 0 0.00208458 1 -0.0731382 -0.210964 0.05 9185.19
0 8031 1 phononTF 0.004 -1.60041 -0.0297628 0.00624714 0 0.00138972 1 0.0755503 -0.203152 0.05 5349.71
0 8051 3 phononL 0.0020791 -2.9439 1.0074 -0.0254787 487.654 0.00069486 1 0.0507889 -0.206457 0.05 2157.6
0 8088 2 phononTS 0.00250204 1.92219 1.02865 -0.000687096 8538.86 0.00104229 1 0.0515431 -0.142458 0.05 27130.1
0 8106 2 phononTS 0.00169113 -0.113418 0.507577 -0.0222314 1328.95 0.00104229 1 0.0204961 -0.13852 0.05 10352.2
0 8109 1 phononTF 0.004 -0.310172 -0.844032 0.0139893 0 0.00208458 1 0.0917681 -0.262395 0.05 656.507
0 8126 17 phononTS 0.000400212 2.35007 0.0533582 0.049999 21822.4 0.00034743 1 -0.0791776 -0.19473 0.05 70660.5
0 8152 3 phononTF 0.00213886 1.47958 -1.76174 0.0295629 11160.4 0.00104229 1 -0.066995 -0.181057 0.05 18938.2
0 8173 2 phononTF 0.00172236 -0.719831 -2.96556 -0.0374145 27.4833 0.00104229 1 0.0964955 -0.186402 0.05 2071.1
0 8174 2 phononL 0.00191628 -1.97487 -1.08761 0.0474274 27734.1 0.00104229 1 0.0677464 -0.198192 0.05 33686.7
0 8214 1 phononTF 0.004 -0.193855 -0.0186684 -0.000321409 0 0.00243201 1 0.0337345 -0.179314 0.05 213.104
0 8247 3 phononL 0.00264797 0.0333903 -0.737475 -0.047096 1934.39 0.00138972 1 0.0525006 -0.24935 0.05 4529.88
0 8255 3 phononTS 0.00209238 -1.06088 -3.49795 -0.0262014 2135.08 0.00138972 1 -0.0261023 -0.165481 0.05 25250
0 8281 5 phononTF 0.000947394 -0.280545 -0.926782 0.00316224 17239.6 0.00034743 1 -0.040338 -0.278747 0.05 23769.1
0 8283 2 phononTS 0.00155649 -2.14503 1.48746 -0.0480178 1124.61 0.00069486 1 -0.0226048 -0.260164 0.05 89437.5
0 8292 2 phononTF 0.00176591 -2.8758 -3.22288 0.0383318 8628.04 0.00104229 1 -0.0707702 -0.199927 0.05 19511.4
0 8328 3 phononTF 0.00170031 -3.08805 0.439693 -0.0145618 1704.66 0.00069486 1 -0.0540107 -0.198907 0.05 13554.1
0 8344 15 phononTS 0.000368142 -1.06078 0.0248293 0.049999 7187.57 0.00034743 1 0.0242783 -0.236578 0.05 21600.1
0 8391 3 phononTS 0.00154703 -2.16078 -0.477929 0.0277101 50.9455 0.00138972 1 0.0772749 -0.174653 0.05 18658.5
0 8415 2 phononTS 0.00121763 -1.30209 -0.718127 -0.0254841 9094.39 0.00069486 1 0.058579 -0.216297 0.05 17424.8
0 8418 1 phononTS 0.004 0.990852 -1.13574 0.0346028 0 0.00208458 1 -0.0449535 -0.180908 0.05 16797.8
0 8418 6 phononTS 0.000928205 -0.0449535 -0.180908 0.049999 16797.8 0.00034743 1 -0.0502408 -0.17926 0.05 16855.2
0 8434 2 phononTF 0.00110102 2.58331 -0.718784 -0.0478923 5875.16 0.00069486 1 0.045759 -0.261413 0.05 7736.76
0 8448 2 phononTF 0.00219034 -2.1305 -1.31327 -0.0319724 180.508 0.00138972 1 -0.0368861 -0.234936 0.05 13696.7
0 8463 3 phononTS 0.00101863 0.75262 0.0947254 0.049999 80.3861 0.00069486 1 -0.091736 -0.134101 0.05 558.162
0 8478 5 phononTF 0.00151523 -3.41058 -0.918854 0.0201183 22917.3 0.00069486 1 0.0284972 -0.0993445 0.05 33619.7
0 8522 2 phononTF 0.00205788 -0.243065 -1.47408 0.00185548 16710.1 0.00104229 1 0.0577357 -0.102476 0.05 18526.5
0 8543 1 phononTS 0.004 -1.11452 -0.709229 0.015738 0 0.00138972 1 -0.0565034 -0.136478 0.05 2536.28
0 8577 2 phononL 0.00160923 0.0710592 1.68943 -0.00117721 6737.59 0.00069486 1 -0.0480593 -0.271711 0.05 34555.1
0 8595 2 phononTS 0.00142518 -0.620218 -2.67376 0.0043126 5943.36 0.00034743 1 -0.0341987 -0.27301 0.05 37171.4
0 8596 1 phononTF 0.004 0.449357 -3.17906 -0.0164841 0 0.00243201 1 -0.0747027 -0.175403 0.05 12877.1
0 8620 23 phononTS 0.000759194 1.25156 0.0160053 0.049999 24935.6 0.00034743 1 0.0515268 -0.282738 0.05 26010.6
0 8626 1 phononL 0.004 0.189921 -0.561906 -0.00575969 0 0.00243201 1 0.065439 -0.223569 0.05 4265.44
0 8680 2 phononTF 0.00253165 -0.0024071 -2.41408 0.0489945 2917.38 0.00104229 1 -0.109423 -0.19449 0.05 8804.49
0 8680 7 phononTS 0.000700294 -0.109423 -0.19449 0.049999 8804.49 0.00034743 1 0.0526956 -0.241892 0.05 9032.91
0 8774 5 phononTS 0.000404083 -0.217875 0.0755494 0.049999 3034.25 0.00034743 1 -0.0733329 -0.206878 0.05 3481.36
0 8789 2 phononL 0.00209658 -0.639386 1.6559 0.0245042 10267.7 0.00104229 1 -0.0415207 -0.15695 0.05 11282.7
0 8835 2 phononTS 0.00254166 3.03659 2.1198 -0.0441502 2658.81 0.00138972 1 0.0785863 -0.160271 0.05 11968.4
0 8848 3 phononL 0.00212364 -0.631322 -2.7992 -0.0175067 313.932 0.00069486 1 -0.0599449 -0.288089 0.05 39989.5
0 8848 6 phononTF 0.000454832 -0.0599449 -0.288089 0.049999 39989.5 0.00034743 1 -0.0211042 -0.230268 0.05 40202.9
0 8852 3 phononTS 0.0019781 -1.34463 -2.82165 0.038055 3727.55 0.00069486 1 0.0201558 -0.20428 0.05 46535.3
0 8857 1 phononTS 0.004 1.09669 -0.978061 -0.0234559 0 0.00243201 1 0.0748325 -0.273223 0.05 2215
0 8886 2 phononTS 0.00234965 2.11856 -2.69314 0.036597 14320.1 0.00069486 1 0.0633688 -0.169988 0.05 27523.3
0 8899 2 phononTS 0.00209066 2.79965 1.14298 -0.00236416 4150.7 0.00069486 1 -0.0754814 -0.277407 0.05 9245.75
0 8910 2 phononTS 0.00260279 -2.91774 2.21384 -0.0167368 1794.35 0.00104229 1 -0.120701 -0.18974 0.05 9539.89
0 8910 5 phononTF 0.000766895 -0.120701 -0.18974 0.049999 9539.89 0.00069486 1 -0.078247 -0.121707 0.05 9605.68
0 8914 3 phononTS 0.00175924 3.201 -1.9088 -0.0273106 3269.2 0.00069486 1 0.0808742 -0.136464 0.05 18314.7
0 8954 3 phononTF 0.00209214 -1.79206 2.54909 -0.0371159 3482.28 0.00104229 1 0.0273077 -0.235754 0.05 19820.8
0 8975 1 phononTF 0.004 -0.884986 -0.285348 -0.0150393 0 0.00277944 1 -0.0796746 -0.184358 0.05 879.137
0 9002 3 phononTF 0.00130274 -0.108509 1.59262 -0.0346738 7010.62 0.00069486 1 -0.0439901 -0.277864 0.05 10809.1
0 9040 3 phononTS 0.00149966 -1.8032 -0.620324 -0.0465934 11318.8 0.00104229 1 0.0728028 -0.289444 0.05 12120.3
0 9048 2 phononTS 0.00149002 -2.92794 2.91961 0.0292312 11492.5 0.00069486 1 0.0311499 -0.182932 0.05 26046.5
0 9056 3 phononTF 0.00224749 1.08226 -0.168109 0.0131414 1.28787 0.00138972 1 -0.0460141 -0.191082 0.05 1462.43
0 9078 2 phononTS 0.00169554 -0.315319 -0.229984 0.0106016 3227.9 0.00104229 1 -0.0555209 -0.273405 0.05 3378.18
0 9109 2 phononTS 0.0019645 -2.44661 -0.95455 -0.0459089 6058.37 0.00104229 1 0.0494522 -0.154799 0.05 28427.6
0 9111 11 phononTF 0.000364345 0.554378 0.0255455 0.049998 9403.32 0.00034743 1 0.0468799 -0.125605 0.05 10094.7
0 9123 3 phononL 0.00225141 -0.952736 1.78173 0.0363091 71.9795 0.00069486 1 -0.0465614 -0.195396 0.05 6859.2
0 9131 3 phononTF 0.00245422 2.25903 2.03245 -0.0363833 10990.9 0.00104229 1 -0.0352808 -0.2408 0.05 35481.5
0 9160 2 phononTS 0.00213922 2.71607 -2.86979 0.0118687 488.327 0.00104229 1 -0.0393614 -0.204159 0.05 4881.08
0 9238 1 phononTF 0.004 -0.766815 -0.534294 0.0369227 0 0.00173715 1 -0.0334814 -0.195885 0.05 919.46
0 9245 2 phononTS 0.00199458 3.46899 2.14492 0.00606863 2052.89 0.00069486 1 0.0436961 -0.234784 0.05 20229
0 9245 15 phononTF 0.000512665 0.0436961 -0.234784 0.049999 20229 0.00034743 1 -0.0675656 -0.163574 0.05 20316.7
0 9261 2 phononTS 0.00112594 -0.454922 2.61434 0.0150849 19.0719 0.00034743 1 0.0637063 -0.193845 0.05 3790.86
0 9300 3 phononTF 0.000612978 0.211039 0.0457276 0.049999 8825.95 0.00034743 1 -0.0456156 -0.232059 0.05 9175.12
0 9332 2 phononL 0.00173366 -2.77441 -3.39582 0.0310909 5976.67 0.00104229 1 0.0606052 -0.267376 0.05 13847.5
0 9343 2 phononTS 0.0025188 0.189922 -1.67639 0.0279698 99.8172 0.00173715 1 0.0425676 -0.248297 0.05 946.966
0 9345 16 phononTS 0.0023032 2.16844 -2.93003 0.00474081 495.356 0.00138972 1 0.0382259 -0.230408 0.05 8992.62
0 9367 2 phononTS 0.00177089 2.67761 -2.61892 -0.0317825 536.618 0.00104229 1 -0.039547 -0.302301 0.05 20803
0 9390 3 phononTS 0.0019565 -0.73444 -2.27874 -0.0145425 131.152 0.00104229 1 0.0848294 -0.262604 0.05 6710
0 9427 2 phononL 0.0026772 -1.97716 -0.427756 -0.0440171 7024.28 0.00138972 1 -0.0418316 -0.107442 0.05 19677.6
0 9427 7 phononTF 0.000347661 -0.0418316 -0.107442 0.049999 19677.6 0.00034743 1 0.0634979 -0.181568 0.05 19753.4
0 9457 7 phononTF 0.000869134 -1.12146 0.0738482 0.049999 906.806 0.00069486 1 0.0963442 -0.162567 0.05 25107.8
0 9460 2 phononTS 0.00190309 -2.50652 1.29413 -0.0494084 2125.64 0.00034743 1 -0.0286219 -0.277864 0.05 4668.91
0 9493 5 phononTF 0.000511362 -0.366296 0.0173387 0.049999 1591.3 0.00034743 1 -0.0210674 -0.218741 0.05 2779.11
0 9529 3 phononTF 0.00114982 -0.496499 -2.06687 -0.0433438 5728.93 0.00069486 1 -0.0455663 -0.167497 0.05 15025.9
0 9537 3 phononL 0.00205127 0.545037 -1.48271 -0.00664508 3835.11 0.00138972 1 0.0623209 -0.153172 0.05 5155.82
0 9544 2 phononTF 0.00140741 -0.0625744 0.531817 0.0334301 2675.59 0.00069486 1 0.0555523 -0.210931 0.05 3254.25
0 9597 3 phononTS 0.00214059 -2.57027 -2.82415 -0.0301798 1159.73 0.00069486 1 -0.0138848 -0.201565 0.05 5021.82
0 9600 19 phononTS 0.00111478 3.44622 -2.43173 -0.0382648 101951 0.00069486 1 -0.081671 -0.240742 0.05 112987
0 9617 6 phononTF 0.00036434 -0.00538913 0.00401778 0.049998 3646.84 0.00034743 1 -0.109851 -0.225323 0.05 4696.7
0 9618 2 phononTS 0.00291166 -3.34093 -0.876072 0.0306101 3341.11 0.00208458 1 0.0891027 -0.207482 0.05 27529
0 9631 3 phononTF 0.00238626 -0.965805 -2.59108 0.0309134 504.573 0.00034743 1 0.0982065 -0.233083 0.05 8166.05
0 9643 1 phononTS 0.004 -0.197911 0.0212701 -0.0149058 0 0.00138972 1 -0.0942153 -0.237614 0.05 630.029
0 9655 1 phononTS 0.004 -0.40418 -2.52178 -0.0320745 0 0.00208458 1 0.0701549 -0.190788 0.05 16302.4
0 9713 2 phononTS 0.00159036 1.4076 -2.32994 0.00802178 1849.53 0.00034743 1 0.0981877 -0.259826 0.05 13785.1
0 9738 5 phononTF 0.00038183 -0.529002 0.0547718 0.049999 26861.5 0.00034743 1 0.0277231 -0.221713 0.05 27655.1
0 9743 5 phononTS 0.00125827 -0.158317 2.07804 0.0189221 2820.8 0.00069486 1 -0.0847524 -0.245059 0.05 3898.24
0 9745 3 phononTS 0.00156771 2.43514 2.35808 0.0128873 1803.73 0.00104229 1 -0.0350976 -0.24989 0.05 14733.1
0 9749 3 phononTF 0.00138686 3.08876 -3.33082 0.0409177 1681.81 0.00034743 1 -0.0704958 -0.125475 0.05 4704.44
0 9754 22 phononL 0.000596022 -0.0770318 0.0838418 0.049999 16442.5 0.00034743 1 0.0828213 -0.135073 0.05 16590.3
0 9757 1 phononL 0.004 0.118809 -0.156141 0.0178425 0 0.00208458 1 0.0475227 -0.149694 0.05 36.2062
0 9757 8 phononTF 0.000381983 0.0475227 -0.149694 0.049998 36.2062 0.00034743 1 -0.0402952 -0.146541 0.05 328.95
0 9799 5 phononTF 0.00117558 2.32096 -1.65703 0.0192692 8377.53 0.00069486 1 0.0407673 -0.286376 0.05 18977.8
0 9829 4 phononTS 0.000783761 1.74101 0.0134696 0.049999 15888.3 0.00069486 1 -0.0705177 -0.216437 0.05 29334
0 9859 3 phononTS 0.00161842 3.51454 -3.25907 -0.0308058 128.439 0.00069486 1 0.0469425 -0.226345 0.05 3622.64
0 9888 3 phononTF 0.0015542 0.782593 2.87667 -0.016459 4176.61 0.00069486 1 0.0985958 -0.179195 0.05 15656.4
0 9898 3 phononTF 0.00166103 -0.993585 -1.3243 0.00367477 12070.8 0.00034743 1 0.0197218 -0.245228 0.05 20138.5
0 9947 7 phononTS 0.000435863 -3.44278 -0.0104251 0.049999 16122.9 0.00034743 1 0.0418822 -0.263548 0.05 20514.7
0 9956 2 phononTF 0.0016452 2.68261 -0.599873 -0.0125826 1664.13 0.00069486 1 -0.0429904 -0.240876 0.05 2740.56
0 9957 2 phononTF 0.00226961 1.76908 -3.27584 0.0233178 17303.9 0.00173715 1 -0.0277974 -0.272694 0.05 23931.8
0 9962 4 phononTS 0.000694124 1.44079 0.151323 -0.0490144 23205.7 0.00034743 1 0.0553355 -0.139685 0.05 35997.3
0 9972 24 phononTF 0.000635406 0.0307368 0.102599 0.049998 2869.53 0.00034743 1 0.0889805 -0.141738 0.05 2967.54
