Run ID,Event ID,Track ID,Particle Name,Start Energy [eV],Start X [mm],Start Y [mm],Start Z [mm],Start Time [ns],Energy Deposited [eV],Track Weight,End X [mm],End Y [mm],End Z [mm],Final Time [ns],Volume Name
0 3 25 phononTS 0.000363827 0.413123 0.0480641 0.049999 7904.61 0.00034743 1 -0.0937968 -0.235135 0.05 8752.28
0 58 12 phononTF 0.000713891 1.73371 -0.782548 -0.0228784 8396.8 0.00034743 1 0.113794 -0.166383 0.05 45328.5
0 78 2 phononTF 0.00187521 0.943647 -1.78314 0.0315577 4386.07 0.00069486 1 -0.0379097 -0.291145 0.05 11358.9
0 79 2 phononTS 0.00119599 -1.62563 2.40604 0.00767567 2203.72 0.00069486 1 0.0236852 -0.255076 0.05 28245.5
0 94 2 phononTS 0.00143684 -2.09981 3.21389 -0.00404095 26.3569 0.00034743 1 -0.031616 -0.298598 0.05 13299.2
0 116 5 phononTF 0.000922292 -2.43637 2.58707 -0.0272273 38515.4 0.00034743 1 -0.0249376 -0.141717 0.05 60889.4
0 191 2 phononTF 0.00154586 -3.16839 -0.921293 0.000805544 1427.32 0.00069486 1 0.0903602 -0.270489 0.05 3667.39
0 191 23 phononTF 0.000543158 0.0903602 -0.270489 0.049999 3667.39 0.00034743 1 0.092852 -0.257905 0.05 3793.76
0 209 3 phononTS 0.0016503 -4.61168 -2.25567 -0.0174292 8509.51 0.00069486 1 0.0431433 -0.100299 0.05 82239.3
0 213 1 phononL 0.004 -0.030373 -0.343282 0.00554272 0 0.00173715 1 -0.0850805 -0.142513 0.05 1417.05
0 213 13 phononTS 0.000468282 -0.0850805 -0.142513 0.049999 1417.05 0.00034743 1 0.0849421 -0.133836 0.05 1587.99
0 213 2 phononTS 0.000538876 -0.0850805 -0.142513 0.049999 1417.05 0.00034743 1 -0.0094352 -0.194124 0.05 1794.26
0 256 3 phononTF 0.00224158 -4.5947 3.92677 -0.0307188 779.649 0.00138972 1 0.107044 -0.173848 0.05 67784.3
0 331 6 phononTS 0.000454103 -0.0121895 0.0333926 0.049999 15477.6 0.00034743 1 0.0199423 -0.143093 0.05 16413.8
0 359 1 phononL 0.004 0.771387 -2.02279 -0.0344996 0 0.00277944 1 -0.0549073 -0.189614 0.05 19739.4
0 364 3 phononTF 0.00243236 -3.73456 2.36384 0.0161946 1534.59 0.00173715 1 0.0575928 -0.265585 0.05 6991.19
0 371 3 phononTS 0.00209259 -4.16561 -2.49359 -0.0206141 143.979 0.00104229 1 0.0651477 -0.150488 0.05 27379.8
0 392 3 phononTS 0.00198329 2.88902 2.75676 0.0246989 4222.71 0.00104229 1 -0.0701895 -0.132248 0.05 29868.3
0 477 3 phononL 0.00319819 0.618745 -3.74908 0.0381508 15265.4 0.00138972 1 -0.0935081 -0.260223 0.05 21396.9
0 538 2 phononTS 0.00162326 -0.231751 4.25648 0.000926716 3466.12 0.00104229 1 -0.102132 -0.184769 0.05 21329.9
0 583 2 phononTF 0.00240142 0.0940302 -2.65092 -0.00938022 4.86744 0.00069486 1 -0.0795079 -0.241872 0.05 50202.5
0 709 2 phononTF 0.00145939 -0.97803 -0.423323 -0.0406325 17762.3 0.00034743 1 -0.0468635 -0.226847 0.05 19733.8
0 716 1 phononTF 0.004 -1.35227 -1.03867 -0.034162 0 0.00208458 1 0.101594 -0.238979 0.05 2538.44
0 767 5 phononTF 0.0012282 3.63416 4.3349 -0.0307963 47436.9 0.00069486 1 -0.0829975 -0.211081 0.05 59160.7
0 832 3 phononTF 0.00199723 -3.58755 -2.28787 -0.0395769 2043.36 0.00138972 1 -0.112617 -0.207758 0.05 41507.4
0 880 2 phononTF 0.00248105 -1.45348 -4.0815 0.0430617 642.599 0.00138972 1 0.0196591 -0.223998 0.05 23163.7
0 889 2 phononTF 0.00185296 3.83793 2.31491 -0.0120247 910.037 0.00104229 1 -0.0913043 -0.18038 0.05 4569.05
0 911 2 phononTS 0.0015413 2.27276 -1.66369 0.0284186 3629.76 0.00069486 1 0.0547868 -0.218774 0.05 28083.3
0 945 2 phononTS 0.000818378 1.71995 -4.38124 0.00394664 1205.32 0.00034743 1 -0.0664117 -0.259706 0.05 41217.5
0 959 4 phononTF 0.0016295 -1.88564 -3.63649 -0.0357225 10895.5 0.00104229 1 0.0265849 -0.262484 0.05 36189.8
0 961 3 phononTF 0.00207187 0.110262 0.982438 -0.00893981 803.879 0.00104229 1 0.0919453 -0.223412 0.05 4110.73
0 963 1 phononTS 0.004 0.174846 -0.0622648 0.0287668 0 0.00173715 1 0.0305284 -0.12946 0.05 148.008
0 963 6 phononTF 0.000593229 0.0305284 -0.12946 0.049999 148.008 0.00034743 1 -0.0871477 -0.124568 0.05 214.739
0 1035 3 phononTS 0.00257534 -1.12978 -2.8458 -0.0359627 185.239 0.00069486 1 0.065962 -0.104972 0.05 8016.56
0 1038 3 phononTS 0.00155873 4.32036 4.47132 0.00550813 8720.08 0.00104229 1 0.115106 -0.178822 0.05 32255
0 1076 3 phononTS 0.000782804 -0.820945 -2.7414 -0.0288224 3381.19 0.00069486 1 -0.032999 -0.152777 0.05 19625.9
0 1093 2 phononTS 0.00216491 -0.915742 1.56026 0.0431655 4030.66 0.00138972 1 0.0997186 -0.185928 0.05 5192.8
0 1102 4 phononTS 0.00107892 -2.65994 4.36113 0.0307256 20294.5 0.00069486 1 -0.105871 -0.189608 0.05 105807
0 1126 3 phononTS 0.00171517 0.837536 -2.75338 0.015784 1956.82 0.00104229 1 0.110031 -0.16562 0.05 61130.3
0 1149 2 phononTF 0.00205176 -0.146224 -0.0526368 -0.0224111 8543.02 0.00138972 1 -0.0948087 -0.154878 0.05 8954.08
0 1150 1 phononTS 0.004 0.47221 -1.67675 -0.0378294 0 0.00208458 1 -0.0710688 -0.202496 0.05 3413.15
0 1192 2 phononTF 0.00106305 -2.12944 0.931576 0.0390383 1623.31 0.00034743 1 0.0601484 -0.135269 0.05 4538.38
0 1204 4 phononTF 0.000628512 -0.90155 0.0484085 0.049998 20285 0.00034743 1 -0.0408409 -0.143812 0.05 21488.4
0 1215 5 phononTS 0.0017621 0.210139 3.66388 0.00643601 9069.62 0.00104229 1 -0.0850595 -0.185676 0.05 15188.7
0 1236 3 phononTF 0.00239961 1.30426 -2.38674 -0.00442783 18463.5 0.00173715 1 0.0266703 -0.16044 0.05 32092.9
0 1277 2 phononTS 0.00120276 -0.720627 -3.69178 0.0433762 299.631 0.00069486 1 0.0390002 -0.136037 0.05 40727.3
0 1323 3 phononL 0.00211386 -2.77105 2.13353 0.0208142 1559.32 0.00138972 1 0.077415 -0.185676 0.05 16271.4
0 1327 2 phononL 0.00282835 0.936353 1.743 0.0369693 303.376 0.00138972 1 0.0990009 -0.180735 0.05 2218.35
0 1339 4 phononL 0.00167015 0.159067 -4.96012 -0.017201 35849.2 0.00104229 1 0.0950402 -0.170027 0.05 51362.1
0 1339 7 phononTS 0.00035576 0.0950402 -0.170027 0.049998 51362.1 0.00034743 1 0.0482072 -0.221162 0.05 51429.1
0 1356 2 phononTF 0.0015137 3.34197 -3.04057 -0.046721 4065.55 0.00104229 1 0.0348211 -0.296097 0.05 12864.8
0 1421 2 phononTS 0.00245478 3.6727 -3.17398 -0.0456515 4750.93 0.00104229 1 -0.0997869 -0.152827 0.05 30619.5
0 1421 24 phononTS 0.00075375 -0.0997869 -0.152827 0.049999 30619.5 0.00034743 1 -0.0375728 -0.287794 0.05 30713
0 1474 7 phononL 0.000785905 -0.364958 0.0218102 0.049999 4568.2 0.00034743 1 -0.0947331 -0.159036 0.05 4943.14
0 1485 1 phononTS 0.004 0.774876 -1.38287 -0.0373294 0 0.00243201 1 0.0791145 -0.279466 0.05 3646.57
0 1550 4 phononL 0.0010912 3.93974 -4.00304 0.0499736 39627.2 0.00069486 1 -0.0273881 -0.199792 0.05 48109.3
0 1574 2 phononTS 0.0025653 1.57729 -4.86174 0.0336548 9400.72 0.00069486 1 -0.0390224 -0.137425 0.05 23007.4
0 1596 2 phononTS 0.002495 -3.72361 2.91887 -0.036817 3687.39 0.00138972 1 -0.030618 -0.193862 0.05 24519.8
0 1604 1 phononTS 0.004 -0.425387 -0.327798 -0.039951 0 0.00243201 1 -0.102818 -0.229206 0.05 828.244
0 1628 1 phononTS 0.004 -1.32745 0.506727 -0.01641 0 0.00208458 1 -0.0717579 -0.168844 0.05 7117.59
0 1644 3 phononL 0.00181269 -3.29497 -2.48739 -0.00186451 11557.4 0.00104229 1 -0.0364561 -0.153599 0.05 31729.6
0 1683 3 phononTS 0.00136318 3.293 -2.98867 0.0460233 1158.46 0.00104229 1 -0.0422849 -0.15322 0.05 6640.25
0 1735 2 phononTF 0.00247294 -0.596397 0.508751 0.00312333 934.874 0.00104229 1 0.026999 -0.159959 0.05 7381.83
0 1829 3 phononL 0.00132837 0.469632 -1.49024 -0.0101074 4063.91 0.00069486 1 -0.0802258 -0.208864 0.05 37788.4
0 1851 3 phononTF 0.00190162 0.700935 -1.70893 0.00576982 2965.77 0.00138972 1 -0.0666569 -0.293149 0.05 5219.35
0 1884 2 phononL 0.0021618 -2.20428 -0.578374 -0.0149779 1101.38 0.00104229 1 0.0558833 -0.137355 0.05 3753.4
0 1887 1 phononTS 0.004 0.551467 -0.611738 -0.00283912 0 0.00173715 1 0.0636378 -0.139331 0.05 2399.65
0 1941 1 phononTF 0.004 0.661701 -0.124157 1.8676e-05 0 0.00243201 1 0.0691583 -0.15607 0.05 887.617
0 1950 2 phononTS 0.00153847 -1.2825 0.749814 0.00293664 2113.84 0.00104229 1 -0.0935452 -0.140547 0.05 3066.61
0 1968 5 phononTF 0.00177931 -3.60889 4.53088 0.0434964 14050.6 0.00104229 1 -0.0805856 -0.221223 0.05 28070.7
0 1984 8 phononTS 0.000386105 0.104183 0.0565262 0.049999 19450.1 0.00034743 1 0.11226 -0.198728 0.05 19735.1
0 2035 3 phononTS 0.00196007 0.779173 2.39057 -0.0176302 1720.95 0.00104229 1 -0.0850481 -0.216101 0.05 17699.2
0 2077 4 phononTF 0.00142268 -2.64271 4.57105 -0.00836475 13219.1 0.00104229 1 -0.0715923 -0.268143 0.05 17927.6
0 2203 2 phononTF 0.00152356 4.23485 1.1714 0.0139685 2083.32 0.00104229 1 -0.0886684 -0.126957 0.05 27014.6
0 2219 2 phononTS 0.0025792 0.235166 0.745879 -0.0430235 5.62659 0.00138972 1 -0.080323 -0.214696 0.05 1871.97
0 2340 1 phononTF 0.004 -0.545252 1.36211 0.0394026 0 0.00138972 1 0.0686378 -0.133058 0.05 4733.74
0 2340 3 phononTS 0.00058965 0.0686378 -0.133058 0.049999 4733.74 0.00034743 1 0.0418365 -0.253976 0.05 4939.12
0 2347 2 phononTF 0.00183138 1.31899 1.99182 -0.0397216 991.871 0.00069486 1 0.0429443 -0.146699 0.05 3685.87
0 2474 5 phononTF 0.00126085 -2.36569 3.38614 -0.0229089 11358.6 0.00034743 1 -0.0643052 -0.188135 0.05 26272.6
0 2474 6 phononTS 0.000546968 -0.0643052 -0.188135 0.049999 26272.6 0.00034743 1 0.0463059 -0.182067 0.05 26363.4
0 2555 6 phononL 0.000946415 -0.329757 0.0578707 0.049999 86154.2 0.00069486 1 -0.0601648 -0.14397 0.05 87054.8
0 2557 3 phononTS 0.00178334 2.61031 1.64859 -0.0376632 1872.36 0.00138972 1 -0.0486481 -0.142403 0.05 13282.9
0 2559 2 phononTS 0.00161838 4.70068 -1.43441 0.0282662 2051.89 0.00104229 1 -0.0291319 -0.226909 0.05 19808
0 2573 3 phononTF 0.00165555 -0.020571 -1.27638 0.0332472 4697.14 0.00069486 1 -0.106653 -0.168156 0.05 5927.9
0 2580 1 phononTS 0.004 -0.174599 0.736333 0.00673681 0 0.00173715 1 0.0262279 -0.284346 0.05 1155.08
0 2617 3 phononTF 0.00230636 -4.91549 -3.058 0.00283955 6676.33 0.00138972 1 -0.0579655 -0.27179 0.05 12081.6
0 2679 2 phononTF 0.00266856 -4.60103 -3.89358 -0.0213935 10895.9 0.00069486 1 -0.0663308 -0.219529 0.05 27551.7
0 2679 7 phononL 0.00120294 -0.0663308 -0.219529 0.049999 27551.7 0.00069486 1 -0.0671372 -0.194815 0.05 27713.6
0 2692 5 phononTF 0.00187159 -4.21625 -3.61381 -0.0457226 1415.69 0.00104229 1 0.0593919 -0.275972 0.05 11052.8
0 2719 1 phononTS 0.004 0.174646 -0.134348 -0.0294176 0 0.00208458 1 -0.0347411 -0.214399 0.05 561.535
0 2919 3 phononTS 0.00231162 -1.81929 1.92329 -0.0323364 1781.61 0.00138972 1 0.0253702 -0.147522 0.05 4961.42
0 2933 2 phononL 0.00194051 -1.88035 1.12934 -0.0449879 4537.04 0.00104229 1 0.105196 -0.150417 0.05 6469.94
0 3058 2 phononTF 0.00208742 -1.27169 -1.98365 0.0114147 6124.77 0.00138972 1 0.0334869 -0.224762 0.05 44239
0 3083 3 phononTS 0.00216502 -1.74058 -4.90911 -0.0307558 867.461 0.00104229 1 -0.04235 -0.130352 0.05 6325.74
0 3083 9 phononTF 0.0004323 -0.04235 -0.130352 0.049999 6325.74 0.00034743 1 0.0213889 -0.267067 0.05 6407.61
0 3150 2 phononTS 0.00150914 -4.43871 4.12534 0.0282217 3091.81 0.00104229 1 -0.0529034 -0.171938 0.05 9279.43
0 3162 3 phononTS 0.00255973 -2.06544 1.63412 -0.0367339 4336.34 0.00104229 1 0.0582755 -0.152122 0.05 62736.7
0 3200 3 phononTS 0.00165883 3.0677 -2.32672 0.00489361 8400.16 0.00104229 1 0.0483998 -0.244103 0.05 12393.6
0 3237 2 phononTF 0.00130089 0.346091 3.34034 0.0369355 5752.08 0.00069486 1 0.0797458 -0.24172 0.05 49618.4
0 3240 2 phononTS 0.00245621 0.696698 4.86463 -0.0102687 14304.6 0.00173715 1 -0.0624172 -0.111758 0.05 31487.2
0 3263 3 phononL 0.00247558 0.0797419 1.9383 -0.0336156 18739.3 0.00138972 1 0.0400022 -0.213262 0.05 22712.2
0 3319 3 phononTS 0.00131407 2.73624 -2.60893 0.027792 346.448 0.00104229 1 0.0338412 -0.179163 0.05 28155.8
0 3355 2 phononTF 0.00280064 3.58222 1.16524 0.0353394 3706.38 0.00138972 1 -0.0168708 -0.174772 0.05 8955.14
0 3355 13 phononTF 0.000449147 -0.0168708 -0.174772 0.049999 8955.14 0.00034743 1 -0.0141401 -0.187332 0.05 9038.9
0 3423 2 phononTF 0.00175403 0.397967 0.477217 -0.0362794 3289.38 0.00104229 1 0.030964 -0.115362 0.05 3513.57
0 3433 2 phononTS 0.00201122 2.68817 1.67443 0.035494 6801.39 0.00138972 1 0.0695828 -0.287268 0.05 45650.1
0 3436 4 phononTF 0.000842515 2.83865 -1.31995 0.00635297 6262 0.00069486 1 0.0793354 -0.13968 0.05 18976.6
0 3442 2 phononTF 0.00167997 2.22788 3.27694 0.00527408 3033.11 0.00104229 1 -0.0642752 -0.257032 0.05 56677.3
0 3509 3 phononTS 0.00304209 2.75538 -1.71805 0.0213098 3645.23 0.00173715 1 0.0921509 -0.263613 0.05 8006.02
0 3578 1 phononTS 0.004 -0.707747 -2.1731 0.00634853 0 0.00138972 1 -0.0556252 -0.194141 0.05 11680.8
0 3581 1 phononTS 0.004 -0.901603 -0.450369 0.0182259 0 0.00173715 1 -0.0478027 -0.227727 0.05 1978.25
0 3581 4 phononL 0.000755569 -0.0478027 -0.227727 0.049999 1978.25 0.00034743 1 0.106032 -0.151497 0.05 2293.25
0 3584 2 phononTS 0.00152542 1.66108 -3.07798 0.0118216 11688.5 0.00104229 1 0.107965 -0.226449 0.05 17824.6
0 3620 2 phononTS 0.0021333 -3.1759 -0.572291 0.0366235 29.4689 0.00034743 1 0.088956 -0.184296 0.05 26430.5
0 3631 3 phononTS 0.00225449 0.506011 1.52368 0.0371168 1156.99 0.00138972 1 -0.0607715 -0.113665 0.05 21087.9
0 3699 3 phononTS 0.00127107 -0.649647 -4.82778 0.0256448 11318.2 0.00104229 1 -0.0434828 -0.254891 0.05 12746.5
0 3721 2 phononTS 0.00178878 -1.46425 3.7745 0.0275208 303.439 0.00069486 1 0.119806 -0.207944 0.05 10057.6
0 3723 3 phononTF 0.001306 -1.04181 4.44144 0.040655 11109.5 0.00034743 1 -0.0391284 -0.132641 0.05 46542.5
0 3734 1 phononTF 0.004 -0.838862 -0.595293 -0.0233335 0 0.00208458 1 0.0375303 -0.119837 0.05 1352.99
0 3750 3 phononTF 0.00283145 -2.478 -3.69677 -0.00745787 3461.65 0.00138972 1 -0.0367187 -0.286001 0.05 18230.8
0 3931 3 phononTF 0.00245093 0.154446 -1.68834 0.00344496 2799.61 0.00138972 1 -0.018236 -0.222063 0.05 26944.2
0 3949 4 phononTF 0.00103908 1.76451 3.7855 -0.0450676 20005.6 0.00069486 1 -0.0678149 -0.258977 0.05 31295.7
0 3965 3 phononTF 0.00144818 -4.0861 0.315052 -0.0155941 2358.01 0.00069486 1 -0.0762708 -0.257869 0.05 6154.6
0 3980 3 phononTS 0.00254282 1.28275 4.48541 -0.0368231 12279.8 0.00138972 1 -0.0830014 -0.127516 0.05 28362.1
0 3994 1 phononTF 0.004 -0.802467 -0.796449 0.0254107 0 0.00208458 1 -0.0140837 -0.18853 0.05 6199.2
0 3994 2 phononTS 0.000438437 -0.0140837 -0.18853 0.049999 6199.2 0.00034743 1 -0.05156 -0.154612 0.05 6384.88
0 3997 1 phononL 0.004 -0.160301 0.00176567 -0.0318556 0 0.00277944 1 -0.0482776 -0.123009 0.05 2810.45
0 4021 2 phononTS 0.001762 -4.68254 1.81345 -0.0310608 4828.95 0.00034743 1 -0.0918816 -0.165763 0.05 36750.4
0 4042 3 phononTS 0.00196924 -0.329583 0.357628 0.02748 3150.23 0.00104229 1 0.0332458 -0.204393 0.05 4705.11
0 4132 3 phononTS 0.00200247 -0.676755 -0.639756 0.0349739 1476.51 0.00138972 1 -0.111058 -0.235615 0.05 2851.83
0 4158 1 phononTS 0.004 0.383452 -0.971112 -0.00992942 0 0.00173715 1 -0.0609991 -0.109092 0.05 2130.71
0 4195 3 phononTS 0.00257684 -0.0137136 3.39431 0.00648149 13649.1 0.00104229 1 -0.04621 -0.13454 0.05 50476.1
0 4228 1 phononTF 0.004 0.391179 -0.022115 -0.0137484 0 0.00208458 1 0.0565016 -0.267774 0.05 4911.95
0 4263 2 phononL 0.00272944 -4.83655 1.08391 -0.00651176 498.318 0.00104229 1 0.0435388 -0.104382 0.05 12814.3
0 4300 2 phononTS 0.00236391 -4.99602 -3.69949 -0.0254608 13009.6 0.00104229 1 0.05987 -0.164439 0.05 36009.2
0 4309 3 phononTS 0.00172823 -4.00388 -3.64572 -0.000571983 8099.65 0.00069486 1 -0.0517593 -0.164271 0.05 15632.7
0 4310 2 phononTF 0.000963288 3.57057 2.58943 0.0338812 5099.56 0.00034743 1 0.051439 -0.221292 0.05 20512.6
0 4322 2 phononTS 0.0016853 4.45442 0.893672 0.045335 4.72039 0.00138972 1 -0.0282909 -0.157724 0.05 28002.4
0 4402 1 phononTF 0.004 3.02715 -1.45097 -0.0308699 0 0.00173715 1 0.0785457 -0.248866 0.05 15952.4
0 4410 3 phononL 0.00211304 1.81855 -3.31157 -0.006149 6079.5 0.00138972 1 0.0808079 -0.213816 0.05 29215.7
0 4470 3 phononTS 0.00250816 4.39368 -1.88383 -0.0107725 22.9532 0.00104229 1 -0.113659 -0.218689 0.05 15753.9
0 4470 7 phononL 0.000389701 -0.113659 -0.218689 0.049999 15753.9 0.00034743 1 -0.0598413 -0.197165 0.05 15810.2
0 4558 3 phononL 0.00254408 -2.97226 1.97063 0.0479826 258.095 0.00138972 1 0.0863809 -0.254503 0.05 4059.54
0 4584 2 phononTF 0.00125494 0.764142 0.83985 0.0322194 472.972 0.00069486 1 0.101917 -0.232448 0.05 6192.56
0 4620 2 phononTS 0.00155049 0.431034 0.287206 0.0422219 436.731 0.00069486 1 0.0363664 -0.261857 0.05 2453.65
0 4713 2 phononL 0.00203209 -0.458707 -3.90094 0.0464445 3618.69 0.00104229 1 0.0462035 -0.17168 0.05 8120.35
0 4714 3 phononTF 0.00234221 -4.61511 -2.95535 -0.0221284 2.09709 0.00104229 1 -0.0546553 -0.171945 0.05 19237
0 4719 1 phononTF 0.004 -0.0877363 1.45656 -0.000845865 0 0.00173715 1 0.0465274 -0.137541 0.05 4868.2
0 4719 7 phononTS 0.000481752 0.0465274 -0.137541 0.049999 4868.2 0.00034743 1 0.0237191 -0.195663 0.05 4983.58
0 4802 2 phononTF 0.000573981 -1.92096 3.75428 0.00974387 5980.98 0.00034743 1 -0.0876043 -0.260986 0.05 61840.5
0 4888 1 phononTF 0.004 0.0413193 0.71316 -0.0319471 0 0.00138972 1 0.112987 -0.174689 0.05 8345.35
0 4963 1 phononTS 0.004 1.21966 -2.27231 0.0171721 0 0.00243201 1 -0.0604426 -0.295153 0.05 9256.38
0 5002 2 phononTS 0.00120367 1.33718 1.82691 0.0177893 739.086 0.00069486 1 -0.0245408 -0.216042 0.05 25057
0 5051 2 phononTF 0.00190654 -4.5713 3.09613 0.0490685 1742.15 0.00104229 1 -0.0572881 -0.13201 0.05 9160.93
0 5083 1 phononTS 0.004 -1.19633 -0.854207 0.00697957 0 0.00208458 1 0.0445049 -0.142304 0.05 3305.34
0 5204 4 phononTF 0.00177983 -2.68236 -0.496845 0.0395417 19581.5 0.00069486 1 0.0262886 -0.121989 0.05 28040.7
0 5204 6 phononTF 0.000953619 0.0262886 -0.121989 0.049999 28040.7 0.00034743 1 0.0361013 -0.0965253 0.05 28532.1
0 5221 3 phononTS 0.00221742 1.83017 4.90906 -0.0391402 20.9457 0.00173715 1 -0.040295 -0.225592 0.05 30391
0 5315 2 phononTS 0.00112561 0.511882 2.94973 -0.0205984 14155.9 0.00034743 1 0.091428 -0.234809 0.05 31193.2
0 5377 3 phononL 0.00245972 -0.393488 -1.25811 0.016151 338.81 0.00069486 1 -0.0451034 -0.296863 0.05 10588.9
0 5377 4 phononTS 0.00139489 -0.0451034 -0.296863 0.049999 10588.9 0.00069486 1 -0.0719377 -0.251392 0.05 10653.7
0 5416 3 phononTS 0.00175266 0.60408 1.45815 -0.043665 5500.83 0.00104229 1 -0.103555 -0.196805 0.05 6647.13
0 5445 3 phononTS 0.00156557 -2.45908 4.14606 0.00532846 6875.4 0.00104229 1 0.0724766 -0.185589 0.05 21235.5
0 5514 2 phononTF 0.000879519 -3.83322 -3.88311 0.0335751 20803.9 0.00034743 1 0.0350642 -0.275627 0.05 37136.2
0 5517 2 phononTF 0.00184056 0.777524 4.62719 -0.0259678 4350.69 0.00069486 1 0.0688724 -0.266287 0.05 11322.3
0 5559 3 phononTF 0.00264694 -3.1225 -2.46456 -0.0294935 5291.69 0.00104229 1 0.0876184 -0.22213 0.05 40201.4
0 5601 2 phononTS 0.00101672 -0.127144 0.889279 -0.049858 525.329 0.00069486 1 0.0624228 -0.163719 0.05 1105.12
0 5633 3 phononTS 0.00187295 2.15232 -1.25595 -0.0243012 840.938 0.00069486 1 0.0604189 -0.263647 0.05 45510.4
0 5633 4 phononTS 0.000622704 0.0604189 -0.263647 0.049998 45510.4 0.00034743 1 -0.0428121 -0.237294 0.05 45646.9
0 5644 2 phononTS 0.00236949 1.45022 -3.98997 0.0203364 7918.6 0.00138972 1 -0.0491761 -0.139428 0.05 31712.1
0 5760 4 phononTS 0.00129728 4.34235 3.73202 0.0354023 25250.3 0.00069486 1 -0.0616441 -0.175061 0.05 90877.2
0 5762 1 phononTS 0.004 -1.04923 -0.456517 0.0149974 0 0.00208458 1 -0.0811987 -0.24029 0.05 5226.14
0 5770 3 phononTF 0.00284507 -0.129063 -0.553064 0.00792777 2699.61 0.00138972 1 0.0743806 -0.186959 0.05 3117.9
0 5808 2 phononTS 0.00101447 -1.1597 -3.89022 -0.0149695 2408 0.00034743 1 0.0363335 -0.133445 0.05 38804
0 5831 1 phononTS 0.004 -0.696463 -0.710178 0.00519867 0 0.00138972 1 0.0626445 -0.224748 0.05 4244.72
0 5852 3 phononTF 0.00124725 -3.21764 1.21987 -0.0379211 5708.64 0.00069486 1 0.0136713 -0.175178 0.05 11142
0 5884 3 phononTS 0.00150443 0.384624 -1.43506 -0.014362 5757.18 0.00069486 1 -0.049302 -0.152145 0.05 7164.73
0 5911 3 phononTS 0.00133836 -2.84183 -4.19929 0.0192969 363.043 0.00069486 1 -0.0756779 -0.23773 0.05 14986.9
0 5951 3 phononTS 0.00264607 -0.123128 1.36426 -0.0456888 47.0326 0.00173715 1 -0.0920072 -0.206085 0.05 6879.33
0 5980 1 phononTS 0.004 0.276138 -1.80687 0.0251458 0 0.00208458 1 0.091744 -0.253002 0.05 2472.67
0 5991 1 phononL 0.004 0.284682 -0.50081 0.00475554 0 0.00243201 1 -0.0423612 -0.271826 0.05 83.3224
0 6052 4 phononTS 0.00141964 -4.59285 1.69827 0.00689682 14370.1 0.00034743 1 -0.0869618 -0.180675 0.05 24190.3
0 6146 1 phononTS 0.004 3.34706 0.979657 -0.0109794 0 0.00173715 1 0.0953825 -0.264266 0.05 13942.5
0 6146 2 phononTS 0.000539543 0.0953825 -0.264266 0.049999 13942.5 0.00034743 1 0.0626634 -0.197439 0.05 14904.8
0 6182 1 phononL 0.004 0.00198159 0.857191 0.0361563 0 0.00243201 1 0.0489923 -0.212929 0.05 551.598
0 6185 11 phononTF 0.000624496 -0.357815 0.105323 0.049999 18113.6 0.00034743 1 -0.0381928 -0.132926 0.05 18274.5
0 6289 2 phononL 0.00269303 -4.89894 -3.26077 -0.0271455 11895.7 0.00104229 1 -0.0234538 -0.155341 0.05 51868
0 6315 2 phononTF 0.00110031 -1.54236 -3.50704 0.025111 7713.73 0.00069486 1 0.0776132 -0.238419 0.05 50396
0 6350 12 phononTS 0.000394436 -0.267762 0.0764371 0.049999 23966 0.00034743 1 -0.0488762 -0.208016 0.05 24289
0 6395 1 phononTF 0.004 -0.0912296 -0.141411 0.00930827 0 0.00173715 1 0.0701182 -0.195152 0.05 2050.07
0 6399 1 phononTS 0.004 1.08113 -0.635714 -0.0276716 0 0.00173715 1 0.04174 -0.191864 0.05 8730.78
0 6436 3 phononTS 0.00275611 3.53512 -1.805 0.0256703 870.679 0.00138972 1 0.0529216 -0.263297 0.05 16419.1
0 6436 2 phononTS 0.00124389 3.53512 -1.805 0.0256703 870.679 0.00069486 1 0.0844771 -0.269961 0.05 15579.3
0 6458 1 phononTF 0.004 0.106682 -0.109515 0.00147519 0 0.00243201 1 -0.0327689 -0.134507 0.05 63.7463
0 6494 2 phononTS 0.00155673 3.24649 -0.386299 0.0309215 2688.79 0.00104229 1 0.0494442 -0.286935 0.05 46629.7
0 6515 4 phononTF 0.00194098 0.552806 -1.86701 -0.0323031 2191.13 0.00069486 1 0.0976233 -0.170607 0.05 6499.13
0 6520 2 phononTS 0.00250868 0.0163889 0.43956 -0.0481944 6964.53 0.00104229 1 0.0016753 -0.201112 0.05 7797.75
0 6601 1 phononTS 0.004 -0.21668 -2.12454 0.00301095 0 0.00138972 1 -0.0935808 -0.197427 0.05 7640.62
0 6605 3 phononTF 0.00171561 2.31222 1.36134 -0.00507291 7818.59 0.00069486 1 0.0390013 -0.119606 0.05 11043.1
0 6616 5 phononTF 0.00104855 2.27998 1.71397 0.04758 14512.6 0.00069486 1 -0.115679 -0.205318 0.05 56903.8
0 6631 5 phononL 0.00123508 -0.411441 4.00049 0.0349306 4587.51 0.00069486 1 -0.0666205 -0.262417 0.05 18211.1
0 6637 4 phononTS 0.00113179 -1.95631 1.71853 0.0138097 5631.39 0.00034743 1 0.0640216 -0.280818 0.05 8095.35
0 6681 2 phononL 0.00115986 3.70179 3.1057 -0.0110641 1800.75 0.00034743 1 0.0329253 -0.158175 0.05 14508.1
0 6681 28 phononTF 0.000478741 0.0329253 -0.158175 0.049999 14508.1 0.00034743 1 -0.0604688 -0.178123 0.05 14574.5
0 6775 3 phononTF 0.00156243 2.91738 0.588051 -0.0247685 3796.37 0.00069486 1 -0.0614868 -0.210449 0.05 13154.5
0 6816 12 phononTF 0.00108877 0.907311 0.023371 0.049999 26470.7 0.00069486 1 0.0447379 -0.290933 0.05 27351.3
0 6862 3 phononTS 0.00275901 1.0905 -1.5659 0.0412159 12798.6 0.00104229 1 -0.0452775 -0.112006 0.05 17889
0 6862 4 phononL 0.000506967 -0.0452775 -0.112006 0.049999 17889 0.00034743 1 0.102177 -0.254627 0.05 17992.5
0 6933 3 phononTS 0.0028971 -2.7495 -4.1309 0.0306378 9020.04 0.00104229 1 -0.0932729 -0.167064 0.05 20868.3
0 7009 1 phononTS 0.004 0.303922 -0.703025 -0.0354991 0 0.00173715 1 -0.0806487 -0.248011 0.05 2742.8
0 7016 1 phononL 0.004 -1.03952 -1.67035 -0.0355049 0 0.00173715 1 0.0629824 -0.288237 0.05 8180.48
0 7025 3 phononTF 0.00132247 2.32606 -3.48077 -0.0465931 662.927 0.00069486 1 0.106952 -0.221321 0.05 5017.95
0 7063 7 phononTF 0.000383675 -0.028361 0.0558663 0.049999 6790.23 0.00034743 1 0.106016 -0.147505 0.05 6988.82
0 7071 4 phononTF 0.0017286 1.20904 -4.60507 0.0422736 2584.11 0.00034743 1 0.057558 -0.259597 0.05 16228.2
0 7071 10 phononTF 0.00070253 0.057558 -0.259597 0.049999 16228.2 0.00069486 1 0.0250985 -0.27856 0.05 16370.9
0 7091 4 phononL 0.00125599 -0.0626273 1.39283 -0.00808477 16336.9 0.00034743 1 -0.0609851 -0.28713 0.05 46177.4
0 7102 5 phononTF 0.00106006 0.0687782 -0.804816 -0.0263819 5900.62 0.00069486 1 0.0684929 -0.189264 0.05 6934.21
0 7141 2 phononTS 0.00230241 -0.563663 3.36787 0.00423732 2419.08 0.00138972 1 -0.110406 -0.204415 0.05 24125.4
0 7196 1 phononTF 0.004 0.269163 -1.26061 -0.0352847 0 0.00208458 1 0.0191745 -0.174712 0.05 2799.45
0 7230 2 phononTF 0.000564764 4.82511 0.0591373 0.049999 1069.99 0.00034743 1 0.106226 -0.16601 0.05 36016
0 7257 2 phononTF 0.00176491 -0.908132 -0.599752 0.030227 9559.85 0.00104229 1 0.0235546 -0.243887 0.05 12492.8
0 7358 2 phononTS 0.00209018 -0.520348 -3.31757 0.0127683 2591.21 0.00104229 1 0.110747 -0.243891 0.05 12769.3
0 7454 2 phononTF 0.000710857 -4.5223 4.18991 -0.0288209 4558.65 0.00034743 1 -0.0783695 -0.268046 0.05 17529.5
0 7491 3 phononL 0.00197164 3.23273 1.4773 -0.0382414 15135.4 0.00104229 1 -0.0858681 -0.213053 0.05 35924.1
0 7551 4 phononTS 0.000604529 1.5553 0.0153738 0.049999 2204.43 0.00034743 1 0.0672213 -0.125101 0.05 3421.35
0 7553 1 phononL 0.004 0.110896 -0.659947 -0.035861 0 0.00243201 1 -0.0637746 -0.264552 0.05 1699.26
0 7568 3 phononL 0.00276253 0.353282 3.82564 -0.0479249 3287.48 0.00138972 1 -0.0788774 -0.199607 0.05 10130.5
0 7619 2 phononTS 0.00180033 4.19682 -1.24079 0.0012071 11424.6 0.00138972 1 0.0856312 -0.259503 0.05 21375.7
0 7641 2 phononTF 0.00185478 0.735523 -1.08654 0.0240337 14772.6 0.00104229 1 -0.0337642 -0.142714 0.05 16798
0 7644 2 phononTS 0.00208793 0.190014 -0.449568 -0.00655871 13734.9 0.00138972 1 -0.0116438 -0.187696 0.05 14340.1
0 7646 3 phononTS 0.00167287 4.36353 2.83154 -0.00651475 1734.7 0.00069486 1 -0.044444 -0.187165 0.05 23538.1
0 7665 5 phononTF 0.00100746 -3.57184 -4.70592 -0.0223787 12948.2 0.00034743 1 -0.103913 -0.188737 0.05 22494.2
0 7708 1 phononTF 0.004 -0.133916 -0.64088 0.0190726 0 0.00208458 1 -0.0518854 -0.287494 0.05 4411.19
0 7743 1 phononTS 0.004 -0.015938 -0.333137 -0.0331379 0 0.00173715 1 0.0315282 -0.227425 0.05 132.81
0 7967 2 phononTS 0.00184889 0.321797 -0.770127 -0.0498992 866.799 0.00069486 1 0.0756269 -0.218019 0.05 2245.08
0 8086 3 phononTS 0.00209538 -0.281997 -1.12328 -0.0229082 1323.63 0.00104229 1 -0.102279 -0.250096 0.05 18576.5
0 8098 1 phononTS 0.004 -0.0974821 -0.0287848 -0.00690081 0 0.00138972 1 -0.0891297 -0.150122 0.05 134.093
0 8098 2 phononL 0.000454165 -0.0891297 -0.150122 0.049998 134.093 0.00034743 1 -0.0328854 -0.154178 0.05 181.358
0 8116 2 phononL 0.00226471 -4.48276 -4.869 0.0242565 12928.4 0.00104229 1 0.0484465 -0.103645 0.05 35221.6
0 8153 3 phononTF 0.00153353 0.32255 -0.688332 -0.0282335 4634.6 0.00069486 1 -0.101359 -0.219717 0.05 5622.77
0 8203 1 phononTS 0.004 0.131646 -0.874068 -0.0222444 0 0.00243201 1 -0.0737415 -0.239479 0.05 4632.92
0 8268 20 phononTF 0.000961182 3.12591 4.84569 -0.0260002 48680.8 0.00069486 1 0.0695449 -0.169757 0.05 68907.4
0 8274 3 phononTF 0.00237645 -4.18076 -4.08416 0.00478098 6444.76 0.00138972 1 0.0319115 -0.217568 0.05 25146.9
0 8394 4 phononTS 0.000979895 2.2957 -3.38564 -0.00838299 54326.7 0.00069486 1 -0.111814 -0.17217 0.05 60707.5
0 8396 4 phononTS 0.00137166 0.00221557 -1.92574 0.0362753 15192.3 0.00104229 1 -0.0495077 -0.277196 0.05 39907.6
0 8453 23 phononTS 0.000543555 1.99666 -0.00259417 0.049999 521.868 0.00034743 1 0.09608 -0.182739 0.05 1810.22
0 8469 2 phononTS 0.00107748 -0.720323 -0.341605 0.0272053 17759 0.00069486 1 -0.0412236 -0.162118 0.05 18467.4
0 8478 2 phononL 0.00301413 -0.368626 -3.26287 -0.0142008 13161.5 0.00208458 1 -0.100778 -0.144542 0.05 16905.5
0 8583 2 phononTS 0.00210888 2.81345 -2.4609 -0.00816876 7031.89 0.00138972 1 -0.0908364 -0.247537 0.05 12868.1
0 8629 2 phononTF 0.00204669 0.213116 -0.759717 -0.0375421 9254.66 0.00069486 1 -0.0701376 -0.213052 0.05 11287.2
0 8767 3 phononTS 0.00202971 0.310014 -1.24713 0.0133704 11186.9 0.00104229 1 -0.0425372 -0.226943 0.05 13941.5
0 8779 5 phononTS 0.000973658 1.63604 0.0389922 0.049998 71197.9 0.00069486 1 0.0978971 -0.165684 0.05 74971.8
0 8809 5 phononTS 0.000395654 -2.99001 0.0964639 0.049999 5532.95 0.00034743 1 -0.0381012 -0.242095 0.05 12062.6
0 8811 3 phononTS 0.00269787 -0.740126 -2.09711 -0.045619 3441.56 0.00138972 1 -0.0344753 -0.273694 0.05 6024.48
0 8811 2 phononTF 0.00130213 -0.740126 -2.09711 -0.045619 3441.56 0.00069486 1 0.0224027 -0.239423 0.05 43416.8
0 8823 2 phononTS 0.00205851 0.95145 1.00058 0.0339116 1983.01 0.00069486 1 0.0408234 -0.187332 0.05 15430.4
0 8900 5 phononTF 0.00137438 -0.381679 3.9012 -0.0242601 13544.2 0.00069486 1 0.0556667 -0.187023 0.05 26887.9
0 8931 3 phononTS 0.00227679 -2.19341 -0.593271 -0.00667228 3275.09 0.00069486 1 0.0380043 -0.179491 0.05 5350.16
0 8931 4 phononTF 0.00113045 0.0380043 -0.179491 0.049999 5350.16 0.00104229 1 0.0441373 -0.261099 0.05 5422.66
0 8943 4 phononTS 0.00109753 -4.3426 1.8288 0.00819858 4688.93 0.00069486 1 0.0234621 -0.156019 0.05 24231.1
0 8970 2 phononTF 0.00103667 2.44248 -1.82663 0.0370699 5685.91 0.00069486 1 0.0711518 -0.255602 0.05 25147.8
0 8985 3 phononTF 0.00201865 -0.00137293 -2.30904 -0.0248885 15707.7 0.00104229 1 0.102065 -0.227451 0.05 18477.5
0 9040 2 phononTS 0.00271639 0.685707 0.424086 -0.048419 892.208 0.00173715 1 -0.086646 -0.161051 0.05 2712.64
0 9112 1 phononTF 0.004 -0.453007 -0.409516 -0.0237283 0 0.00208458 1 0.0450859 -0.126647 0.05 10681.6
0 9242 2 phononTF 0.00170541 0.414714 -2.56281 0.0457985 8280.36 0.00069486 1 0.0270896 -0.267779 0.05 22606.9
0 9279 5 phononTF 0.00070414 -0.347276 -1.71809 0.0364278 2641.66 0.00034743 1 -0.0149052 -0.203378 0.05 40561.1
0 9285 3 phononTS 0.00207298 1.49607 -2.89499 0.0306298 787.527 0.00104229 1 -0.0609175 -0.172142 0.05 18641.6
0 9357 21 phononTS 0.00068124 -4.61617 -3.46014 -0.00180327 15207.9 0.00034743 1 0.0160945 -0.183794 0.05 24376.8
0 9383 2 phononL 0.001745 -3.80424 -0.484911 -0.0363827 4998.14 0.00034743 1 0.0858289 -0.221962 0.05 14073.9
0 9389 6 phononTF 0.00134112 -2.06915 0.0254412 0.049999 15484.2 0.00104229 1 0.0455228 -0.183172 0.05 36669.1
0 9449 3 phononTS 0.0027824 0.363595 4.26452 0.0350403 10707.7 0.00173715 1 -0.0681094 -0.215782 0.05 12867.3
0 9482 5 phononTF 0.00158923 2.46749 2.65439 -0.0316405 6452.25 0.00104229 1 0.0745666 -0.137571 0.05 25197.4
0 9493 5 phononTF 0.00165553 4.81407 -0.280788 0.000435598 3950.5 0.00104229 1 0.0976278 -0.191776 0.05 21975.4
0 9506 18 phononTF 0.00129134 -2.22793 -0.694567 0.0313771 1301.7 0.00069486 1 -0.0889158 -0.180079 0.05 3543.81
0 9510 3 phononTF 0.000894936 -0.563363 1.47484 0.0446267 6109.24 0.00069486 1 -0.0586012 -0.231256 0.05 7462.38
0 9545 4 phononTS 0.000784224 -0.104919 3.07322 -0.0084314 13190.4 0.00069486 1 0.0804626 -0.143177 0.05 17705
0 9601 3 phononTS 0.00211133 -3.03732 -0.960355 -0.0111446 197.101 0.00104229 1 0.100504 -0.153718 0.05 13871.5
0 9614 3 phononTS 0.00235422 -3.19456 -3.31566 -0.00106815 15024.7 0.00104229 1 -0.0474902 -0.215876 0.05 53392.9
0 9621 2 phononTS 0.00041623 -0.441166 -3.18664 -0.00161607 9550.08 0.00034743 1 0.0338794 -0.304689 0.05 18367.9
0 9671 2 phononTS 0.00188127 4.20531 3.37273 0.0139369 760.992 0.00138972 1 -0.0632761 -0.257944 0.05 5436.25
0 9682 2 phononTS 0.00204792 0.712794 0.598514 0.0271538 3261.03 0.00104229 1 0.0513595 -0.220003 0.05 3633.59
0 9710 13 phononTS 0.00151577 2.58531 1.29169 0.0341224 15181.2 0.00104229 1 0.0900668 -0.268285 0.05 35801.6
0 9781 3 phononL 0.002111 -4.47806 -3.93778 0.0168161 910.641 0.00104229 1 0.0437521 -0.115253 0.05 17679.8
0 9782 3 phononL 0.00188823 0.323306 -1.69564 -0.0439489 3155.81 0.00138972 1 0.0207419 -0.140136 0.05 13756.2
0 9894 2 phononTF 0.00245045 -2.43814 -2.77409 -0.0307935 20586.6 0.00104229 1 0.0806995 -0.225152 0.05 38071.2
0 9979 2 phononTS 0.00188856 -0.286196 4.25171 0.00723248 14238.1 0.00069486 1 -0.115108 -0.170016 0.05 22343.9
0 9984 6 phononTS 0.000950752 2.74305 -2.7512 -0.0360813 16082.4 0.00069486 1 -0.0597577 -0.154637 0.05 29316.4
