Run ID,Event ID,Track ID,Particle Name,Start Energy [eV],Start X [mm],Start Y [mm],Start Z [mm],Start Time [ns],Energy Deposited [eV],Track Weight,End X [mm],End Y [mm],End Z [mm],Final Time [ns],Volume Name
0 21 3 phononL 0.00174811 3.26671 2.79553 -0.0350604 1169.09 0.00034743 1 0.0560699 -0.104454 0.05 7662.02
0 21 4 phononTS 0.00108503 0.0560699 -0.104454 0.049999 7662.02 0.00034743 1 0.0377345 -0.271717 0.05 7848.11
0 30 24 phononTS 0.000446083 -2.13019 0.100636 0.049998 87144.9 0.00034743 1 -0.0639166 -0.276631 0.05 126096
0 79 17 phononTF 0.000482448 1.4488 0.00411075 0.049999 14515.6 0.00034743 1 0.0749156 -0.158222 0.05 75584.2
0 91 1 phononTS 0.004 -1.33013 -0.471167 0.0342427 0 0.00034743 1 -0.104218 -0.168364 0.05 7662.13
0 135 8 phononTF 0.000351577 -0.181111 0.10205 0.049999 19327.4 0.00034743 1 -0.0806265 -0.253184 0.05 20585.6
0 179 12 phononTS 0.00034948 -0.00919036 0.00726288 0.049999 55910.7 0.00034743 1 -0.0796808 -0.196142 0.05 56022.8
0 277 3 phononTS 0.00238655 -0.289683 -1.93616 -0.0436594 30.4015 0.00138972 1 -0.0211761 -0.167938 0.05 3987.66
0 290 5 phononTF 0.00106536 -3.42108 -4.80435 -0.0236838 3959.53 0.00034743 1 0.112148 -0.230021 0.05 15116.4
0 319 3 phononTF 0.00161085 1.31447 2.90684 -0.012195 7224.81 0.00069486 1 0.0578037 -0.142621 0.05 50388.1
0 340 2 phononTS 0.0018297 -2.26019 -2.00669 -0.0433318 4794.41 0.00069486 1 -0.0280203 -0.288982 0.05 10419.7
0 340 10 phononTS 0.000436134 -0.0280203 -0.288982 0.049999 10419.7 0.00034743 1 0.097156 -0.211113 0.05 10508.6
0 370 2 phononTS 0.000984166 3.96526 4.37909 -0.0242648 17313.3 0.00069486 1 -0.0575838 -0.210972 0.05 32095.9
0 375 3 phononTS 0.00223048 3.21134 4.41142 -0.0354757 764.449 0.00069486 1 0.0216357 -0.203053 0.05 40733.3
0 389 4 phononTF 0.000562637 -2.05387 0.00905213 0.049999 42649.4 0.00034743 1 -0.0752342 -0.231733 0.05 78434.8
0 391 3 phononTS 0.0022257 -1.02038 -3.53128 -0.0298582 7159.86 0.00069486 1 -0.0746197 -0.266982 0.05 12967.3
0 422 3 phononL 0.00166094 0.349257 4.41885 -0.0465549 21.3521 0.00069486 1 -0.0806749 -0.136439 0.05 26161.5
0 572 2 phononTS 0.00141612 3.23098 4.5392 0.0442007 38735.5 0.00034743 1 0.0976379 -0.181714 0.05 48777.4
0 767 4 phononTS 0.000624107 -0.498094 0.0982565 0.049999 15207.9 0.00034743 1 -0.0602563 -0.264827 0.05 17289.1
0 793 1 phononL 0.004 -0.688639 0.439213 -0.00439824 0 0.00138972 1 -0.0618387 -0.128863 0.05 541.703
0 793 17 phononTS 0.000482336 -0.0618387 -0.128863 0.049999 541.703 0.00034743 1 -0.0800352 -0.129136 0.05 604.515
0 836 3 phononTF 0.00239275 -1.25481 -3.66846 0.00753389 11724.5 0.00069486 1 0.0794366 -0.12093 0.05 18669.5
0 885 1 phononTS 0.004 -0.181032 0.429656 0.0300305 0 0.00069486 1 -0.0580869 -0.141469 0.05 990.405
0 885 2 phononTS 0.0019065 -0.0580869 -0.141469 0.049999 990.405 0.00034743 1 -0.0866781 -0.164263 0.05 1055.02
0 888 1 phononL 0.004 -0.473639 0.145265 -0.0234984 0 0.00034743 1 0.0809493 -0.180754 0.05 5100.81
0 904 2 phononTF 0.00252659 2.12431 -1.43515 -0.0373903 825.758 0.00069486 1 -0.0356132 -0.107878 0.05 4773.67
0 904 8 phononTS 0.000672228 -0.0356132 -0.107878 0.049999 4773.67 0.00034743 1 0.0944475 -0.256402 0.05 4933
0 917 14 phononL 0.00190653 0.181057 -3.30742 -0.0334274 7406.62 0.00069486 1 0.0748013 -0.118531 0.05 16262.6
0 942 3 phononTS 0.00256182 1.75714 4.91848 0.0313396 4681.65 0.00104229 1 -0.100123 -0.203946 0.05 49280.5
0 942 4 phononTF 0.0006133 -0.100123 -0.203946 0.049998 49280.5 0.00034743 1 -0.110394 -0.245358 0.05 49565.5
0 966 2 phononTS 0.00231103 0.599349 -2.77678 0.0295206 321.478 0.00034743 1 0.0870215 -0.278326 0.05 6405.21
0 1021 2 phononTF 0.00103066 4.2597 -1.17152 0.0432795 15224.7 0.00034743 1 -0.0850808 -0.247252 0.05 33003.7
0 1036 5 phononL 0.0022822 -0.251176 -0.288962 -0.0341738 4818.28 0.00034743 1 -0.0285393 -0.295532 0.05 5395.99
0 1042 3 phononTS 0.00164793 3.64021 4.59392 0.00864301 5239.14 0.00034743 1 0.0887327 -0.274559 0.05 26150.8
0 1042 5 phononTS 0.000530227 0.0887327 -0.274559 0.049999 26150.8 0.00034743 1 -0.0244817 -0.191579 0.05 26234.1
0 1065 5 phononTF 0.000497266 4.93097 0.074738 0.049999 787.497 0.00034743 1 0.0414599 -0.210952 0.05 40485.5
0 1109 3 phononTF 0.000451415 0.828139 0.100681 0.049999 1222.23 0.00034743 1 -0.0424238 -0.280528 0.05 3769.06
0 1271 5 phononL 0.00279144 -0.644319 -0.976035 -0.0235319 1397.29 0.00104229 1 0.112654 -0.238689 0.05 3657.04
0 1351 5 phononTS 0.000768231 1.42809 0.0399934 0.049999 13508 0.00034743 1 0.0724429 -0.174429 0.05 14271.5
0 1362 2 phononTS 0.00173538 -1.96116 -0.818244 0.0104461 4959.32 0.00034743 1 -0.0262563 -0.275046 0.05 18757.4
0 1362 6 phononL 0.000739963 -0.0262563 -0.275046 0.049999 18757.4 0.00034743 1 0.10676 -0.225985 0.05 18811.7
0 1479 2 phononTF 0.00178851 -2.51187 -4.88775 -0.0418923 7927.6 0.00069486 1 0.0796593 -0.184096 0.05 36944.8
0 1489 2 phononTF 0.00127259 -1.02961 2.6334 0.0103125 6384.17 0.00104229 1 -0.0743478 -0.250569 0.05 9106.07
0 1516 2 phononL 0.00282835 0.936353 1.743 0.0369693 303.376 0.00138972 1 0.0990009 -0.180735 0.05 2218.35
0 1530 4 phononL 0.00167015 0.159067 -4.96012 -0.017201 35849.2 0.00069486 1 0.0950402 -0.170027 0.05 51362.1
0 1530 7 phononTF 0.000374471 0.0950402 -0.170027 0.049998 51362.1 0.00034743 1 -0.0979273 -0.164024 0.05 51441.3
0 1538 7 phononTS 0.00038276 1.43237 0.0199006 0.049999 31746.1 0.00034743 1 0.039599 -0.226213 0.05 32656.8
0 1614 1 phononTS 0.004 -0.762457 -0.492416 0.0269982 0 0.00138972 1 0.0784136 -0.136407 0.05 7879.69
0 1645 2 phononTS 0.00143327 0.42404 4.92023 0.0414817 16851.3 0.00069486 1 0.0938072 -0.169952 0.05 25778.2
0 1655 1 phononTF 0.004 -0.419426 -0.14184 0.0028807 0 0.00138972 1 0.00725827 -0.199081 0.05 1371.62
0 1667 7 phononTF 0.000827259 -0.0594381 0.0788414 0.049999 28193.4 0.00034743 1 -0.0665516 -0.188253 0.05 28297.8
0 1708 2 phononTS 0.0024117 -1.8494 -1.46499 -0.00286299 60.1807 0.00104229 1 -0.0205378 -0.21073 0.05 7836.4
0 1752 1 phononTF 0.004 -0.296122 0.398042 -0.00314204 0 0.00138972 1 -0.0492131 -0.20625 0.05 1227.08
0 1752 5 phononTF 0.000368404 -0.0492131 -0.20625 0.049999 1227.08 0.00034743 1 -0.0518236 -0.165123 0.05 1286.81
0 1762 1 phononTS 0.004 1.10008 -2.34202 -0.0182253 0 0.00104229 1 -0.0731761 -0.287378 0.05 7256.2
0 1762 3 phononTF 0.000513549 -0.0731761 -0.287378 0.049999 7256.2 0.00034743 1 -0.0669879 -0.223729 0.05 8414.43
0 1785 3 phononTS 0.00194206 -0.371996 -1.05107 0.00744705 264.474 0.00034743 1 0.0255553 -0.227407 0.05 1959.8
0 1885 3 phononTF 0.00122159 3.628 -4.37858 0.024102 742.614 0.00069486 1 0.0361513 -0.235877 0.05 58575
0 1923 3 phononTS 0.0019036 0.474388 -4.86066 -0.0454981 276.572 0.00104229 1 -0.0374741 -0.137329 0.05 2916.27
0 1953 4 phononTF 0.00100471 -4.75904 0.078834 0.049999 29658.2 0.00034743 1 0.0561814 -0.161829 0.05 56535.5
0 1967 1 phononTF 0.004 -1.15334 -0.319044 0.00250773 0 0.00104229 1 -0.0599484 -0.247237 0.05 1750.59
0 1988 2 phononTS 0.0012593 0.61487 2.77557 -0.000941613 2553.45 0.00034743 1 -0.0239606 -0.155742 0.05 21288.1
0 1988 4 phononTS 0.000382593 -0.0239606 -0.155742 0.049998 21288.1 0.00034743 1 0.0935975 -0.2041 0.05 21507.2
0 2020 4 phononTS 0.000615471 0.149538 0.0276593 0.049999 46452.1 0.00034743 1 0.0277208 -0.189286 0.05 46569.3
0 2027 2 phononTS 0.00177656 1.46321 1.47649 -0.0461042 2078.06 0.00034743 1 0.0356762 -0.239368 0.05 18156.2
0 2029 2 phononL 0.00246516 1.78834 2.05019 -0.00955757 2880.02 0.00104229 1 0.0444796 -0.13252 0.05 10113.1
0 2075 3 phononTF 0.00209113 0.446001 -2.86299 0.0437571 87.101 0.00069486 1 0.0948087 -0.240778 0.05 15398.5
0 2179 9 phononTS 0.000433515 0.0136265 0.0921067 0.049999 24937.4 0.00034743 1 0.037183 -0.211901 0.05 25125.6
0 2209 2 phononTS 0.00220483 0.657422 4.38658 -0.0481216 1234.09 0.00069486 1 -0.0944145 -0.199439 0.05 34858.7
0 2209 4 phononTF 0.000842144 -0.0944145 -0.199439 0.049999 34858.7 0.00034743 1 -0.0520107 -0.199593 0.05 34924.8
0 2230 3 phononL 0.00150545 -4.40635 2.69813 0.0327848 3564.16 0.00034743 1 0.0354425 -0.244071 0.05 61881
0 2230 6 phononTF 0.00112466 0.0354425 -0.244071 0.049999 61881 0.00034743 1 -0.0263674 -0.25203 0.05 62032.9
0 2233 12 phononTS 0.000780504 1.52428 0.0903405 0.049999 17232.7 0.00034743 1 -0.0351601 -0.232982 0.05 24815.5
0 2243 3 phononTS 0.00161717 4.07153 2.76234 0.0446627 7939.43 0.00069486 1 -0.0209092 -0.178125 0.05 10641.1
0 2269 4 phononTF 0.000539278 -4.48327 0.0177334 0.049998 26930.6 0.00034743 1 0.0197082 -0.217668 0.05 30753.2
0 2306 4 phononTS 0.00094454 4.40321 0.0825702 0.049999 21271.1 0.00034743 1 0.0474574 -0.184925 0.05 28296.4
0 2314 2 phononTF 0.00158919 2.98798 4.52784 0.041472 4391.2 0.00034743 1 -0.0699333 -0.227244 0.05 49976.4
0 2318 8 phononTF 0.000496033 4.48314 0.0317518 0.049999 1532.47 0.00034743 1 -0.0684327 -0.28439 0.05 29757
0 2323 2 phononTS 0.00128276 -4.84704 2.13278 0.030004 4684.83 0.00034743 1 -0.00112198 -0.201072 0.05 8245.4
0 2341 2 phononTS 0.00196789 2.24229 0.925454 0.0162138 14750.1 0.00069486 1 -0.0688326 -0.133628 0.05 47059
0 2413 16 phononTS 0.00152521 -3.01356 2.87208 0.0366626 11854.8 0.00069486 1 -0.0559094 -0.254216 0.05 32074.2
0 2418 2 phononTF 0.000510164 -3.64534 0.0388415 0.049999 25442.2 0.00034743 1 -0.0570592 -0.204739 0.05 31002.9
0 2499 4 phononTS 0.00105979 -4.49673 -4.72897 0.0239539 35506.5 0.00034743 1 0.0341307 -0.0930599 0.05 52920.5
0 2555 2 phononL 0.00186723 2.21214 -1.48084 -0.0466674 2737.77 0.00034743 1 0.0656015 -0.183322 0.05 6153.65
0 2630 4 phononTF 0.000351691 -0.0404256 0.0316396 0.049999 5477.13 0.00034743 1 0.0372209 -0.20686 0.05 5810.89
0 2676 2 phononTF 0.00138623 0.362517 -4.45706 -0.0195743 9423.33 0.00034743 1 -0.0701952 -0.156789 0.05 56147.9
0 2676 4 phononL 0.00067768 -0.0701952 -0.156789 0.049999 56147.9 0.00034743 1 -0.0783221 -0.137053 0.05 56196.2
0 2778 2 phononL 0.0014792 -3.1762 -4.23532 -0.0156735 960.909 0.00069486 1 0.0258546 -0.245842 0.05 20869.4
0 2875 2 phononTF 0.00275846 0.137392 -0.325051 0.0399459 7.55167 0.00034743 1 -0.0905039 -0.208061 0.05 555.211
0 2875 15 phononTF 0.00133604 -0.0905039 -0.208061 0.049999 555.211 0.00034743 1 -0.0696282 -0.178108 0.05 837.159
0 2892 3 phononL 0.00235137 0.422659 -0.717646 0.0410193 773.878 0.00069486 1 0.0773967 -0.185367 0.05 985.247
0 2990 3 phononTF 0.00189529 -4.80104 2.7727 -0.00687727 5881.3 0.00034743 1 0.0368821 -0.18637 0.05 15630.8
0 2990 4 phononTF 0.00143673 0.0368821 -0.18637 0.049999 15630.8 0.00069486 1 -0.0684618 -0.143185 0.05 15700.1
0 3027 2 phononTF 0.00141709 -1.34923 -1.68054 -0.0394129 1505.42 0.00069486 1 0.0207454 -0.187361 0.05 24733.1
0 3046 1 phononTS 0.004 -1.06334 0.199717 -0.0188259 0 0.00069486 1 -0.0552664 -0.165278 0.05 2003.94
0 3101 20 phononTS 0.000355199 -0.196175 0.0519308 0.049999 28870.4 0.00034743 1 0.0178739 -0.241326 0.05 29165
0 3118 2 phononTF 0.001715 -4.32507 -3.82278 -0.0345794 22335.2 0.00069486 1 -0.105643 -0.154002 0.05 42546.8
0 3156 6 phononL 0.00147629 3.12623 0.0789847 0.049999 22494.8 0.00069486 1 0.062615 -0.29306 0.05 35406.9
0 3204 7 phononTS 0.000507284 4.75328 0.0782846 0.049999 21593.2 0.00034743 1 0.0677744 -0.113214 0.05 24331.4
0 3236 5 phononTF 0.00159245 -3.19764 4.28093 -0.0121752 9453.29 0.00034743 1 0.0956872 -0.196241 0.05 37941.8
0 3250 2 phononL 0.00221173 0.589335 -1.39636 -0.0278937 3972.15 0.00104229 1 -0.0756849 -0.144435 0.05 4865.31
0 3267 4 phononL 0.00140044 -0.898592 2.68286 -0.0131358 18032.6 0.00069486 1 -0.0678971 -0.261061 0.05 22663.4
0 3275 4 phononTF 0.000769318 -1.61004 0.010257 0.049999 16125.4 0.00034743 1 0.0355102 -0.232903 0.05 54918.8
0 3282 4 phononTS 0.00126866 -2.20046 -1.24105 -0.0176716 5299.64 0.00034743 1 0.0190698 -0.166745 0.05 13713.7
0 3313 2 phononTS 0.00272301 0.641635 -0.768239 -0.0348138 2441.26 0.00104229 1 0.062708 -0.232668 0.05 3399.87
0 3313 8 phononTS 0.000606925 0.062708 -0.232668 0.049999 3399.87 0.00034743 1 0.0597328 -0.133968 0.05 3873.62
0 3322 4 phononTS 0.0012596 -0.946228 1.17641 0.00707089 23786.5 0.00034743 1 0.0453598 -0.243911 0.05 36700.5
0 3354 17 phononTS 0.000554164 0.184603 0.0119913 0.049999 35293.2 0.00034743 1 -0.0185605 -0.19591 0.05 35474.1
0 3369 4 phononL 0.000920843 -0.956077 -0.000610246 0.049999 8038.43 0.00034743 1 0.0744981 -0.281593 0.05 9008.96
0 3439 3 phononL 0.00198142 -3.24376 -4.54303 0.0129912 6683.85 0.00034743 1 -0.0424484 -0.261891 0.05 12494.9
0 3460 26 phononTS 0.000548466 -0.0688056 0.050837 0.049999 41245.3 0.00034743 1 -0.0802681 -0.162509 0.05 41395.8
0 3527 4 phononTS 0.00256027 2.38613 1.77775 -0.0203647 3266.66 0.00069486 1 0.0927291 -0.262564 0.05 45988.8
0 3527 9 phononTF 0.00106044 0.0927291 -0.262564 0.049999 45988.8 0.00034743 1 0.099456 -0.207963 0.05 46054.7
0 3546 2 phononTS 0.00169028 1.867 3.7111 -0.00632873 20130.1 0.00069486 1 -0.111507 -0.196726 0.05 26650.3
0 3554 1 phononTF 0.004 0.599431 -0.862389 -0.00814449 0 0.00138972 1 -0.0510358 -0.137487 0.05 1455.74
0 3581 3 phononTS 0.00165883 3.0677 -2.32672 0.00489361 8400.16 0.00034743 1 0.0483998 -0.244103 0.05 12393.6
0 3582 2 phononTS 0.00186062 1.30777 1.88737 0.0484613 3300.26 0.00034743 1 -0.095392 -0.266959 0.05 20340.9
0 3582 14 phononTS 0.00105643 -0.095392 -0.266959 0.049999 20340.9 0.00034743 1 -0.0856687 -0.274602 0.05 20396.8
0 3591 3 phononTF 0.00177079 3.14101 2.76103 -0.031541 10951.1 0.00034743 1 -0.0985888 -0.243609 0.05 41022.9
0 3616 1 phononL 0.004 0.289888 -2.20746 -0.0361361 0 0.00069486 1 0.06133 -0.277951 0.05 14061.6
0 3636 7 phononTF 0.000448334 -0.0475124 0.0843757 0.049999 48238.7 0.00034743 1 0.0838849 -0.237118 0.05 49449.7
0 3656 3 phononTF 0.00122657 -0.0294654 1.70108 -0.00263949 292.118 0.00069486 1 0.0222927 -0.178928 0.05 14122.8
0 3656 4 phononTS 0.000465365 0.0222927 -0.178928 0.049999 14122.8 0.00034743 1 -0.0585638 -0.213589 0.05 14208.8
0 3664 2 phononTS 0.00183926 -1.63253 -3.85285 -0.00577398 7569.6 0.00034743 1 -0.0467523 -0.099626 0.05 40302.6
0 3693 4 phononL 0.000491188 0.416755 0.000808927 0.049999 22133.3 0.00034743 1 0.0851631 -0.184499 0.05 22253
0 3713 3 phononTS 0.000983529 -2.52835 1.38261 -0.0490586 6181.34 0.00034743 1 0.10331 -0.176892 0.05 18798
0 3747 25 phononTS 0.000536866 0.83019 0.0604552 0.049999 32010.9 0.00034743 1 -0.0328447 -0.176769 0.05 60040.6
0 3754 2 phononTS 0.0024322 -0.0457382 0.0816859 0.049999 2904.24 0.00173715 1 -0.0680296 -0.201836 0.05 3321
0 3767 2 phononTF 0.00284646 3.71435 2.91258 -0.00176931 22257.8 0.00069486 1 0.0359922 -0.0968853 0.05 53341.9
0 3853 5 phononTS 0.00158248 4.55885 -3.41828 0.0401719 1868.91 0.00034743 1 -0.0620186 -0.262868 0.05 8881.03
0 3870 1 phononTF 0.004 -0.322874 0.390565 -0.0361939 0 0.00104229 1 0.0439817 -0.15397 0.05 2969.58
0 3870 11 phononTF 0.00046339 0.0439817 -0.15397 0.049999 2969.58 0.00034743 1 0.0464376 -0.233822 0.05 3040.58
0 3870 2 phononL 0.00127927 0.0439817 -0.15397 0.049999 2969.58 0.00069486 1 -0.0433743 -0.198959 0.05 3032.03
0 3887 2 phononTS 0.00196635 -2.70727 4.6354 -0.0090268 372.394 0.00069486 1 -0.0702177 -0.191655 0.05 10163
0 3888 9 phononL 0.000460485 -0.0253512 0.0744364 0.049999 17516.5 0.00034743 1 -0.109471 -0.202931 0.05 17769.6
0 3894 1 phononL 0.004 1.25868 -1.50476 0.0110103 0 0.00104229 1 0.0650326 -0.270646 0.05 4061.31
0 3894 5 phononTS 0.000407134 0.0650326 -0.270646 0.049998 4061.31 0.00034743 1 -0.0204123 -0.21637 0.05 4589.84
0 3894 2 phononTF 0.00144766 0.0650326 -0.270646 0.049998 4061.31 0.00034743 1 -0.0485184 -0.200361 0.05 9827.72
0 3967 4 phononTS 0.00192539 0.144052 2.43401 -0.0201026 14113.4 0.00034743 1 0.0523534 -0.243347 0.05 21696.3
0 3967 10 phononTF 0.00102674 0.0523534 -0.243347 0.049999 21696.3 0.00069486 1 0.0572883 -0.242264 0.05 21757.9
0 3975 26 phononTS 0.00100598 0.12662 0.034961 0.049999 13421.2 0.00034743 1 -0.0287255 -0.257669 0.05 13625.2
0 3981 2 phononL 0.00170461 4.79328 4.80843 -0.0474899 932.458 0.00034743 1 -0.0564395 -0.217752 0.05 15426.6
0 3981 6 phononTS 0.000435208 -0.0564395 -0.217752 0.049999 15426.6 0.00034743 1 -0.0658202 -0.222788 0.05 15483.5
0 4034 3 phononTF 0.00267182 4.92044 -1.97928 0.0122589 9458.61 0.00034743 1 -0.0363161 -0.240408 0.05 29532.8
0 4065 2 phononTF 0.00207746 -4.50508 -4.30275 -0.0157244 2130.49 0.00034743 1 -0.103661 -0.150558 0.05 16220
0 4065 5 phononTS 0.00077114 -0.103661 -0.150558 0.049999 16220 0.00034743 1 -0.115452 -0.197288 0.05 16293.5
0 4090 1 phononTS 0.004 0.268186 -0.0946325 0.0228121 0 0.00208458 1 0.0604433 -0.136181 0.05 257.407
0 4127 3 phononTS 0.00168358 -4.58973 -1.65999 -0.049943 6671.16 0.00034743 1 -0.087287 -0.249042 0.05 19660.2
0 4161 3 phononTS 0.00184265 2.63262 -4.5013 0.0303027 3792.55 0.00034743 1 0.0175976 -0.175554 0.05 18905.3
0 4180 2 phononTS 0.00120261 0.49122 2.02445 0.0400609 677.904 0.00034743 1 0.0496446 -0.166141 0.05 1423.11
0 4180 4 phononTS 0.000619729 0.0496446 -0.166141 0.049999 1423.11 0.00034743 1 0.0919852 -0.217577 0.05 1493.9
0 4193 3 phononTS 0.00246206 1.95667 -4.44428 0.0210439 10122.1 0.00034743 1 -0.0516828 -0.245374 0.05 32359.9
0 4198 3 phononTF 0.00160103 -0.153396 -0.438346 -0.0304071 1352.15 0.00104229 1 -0.0867683 -0.252218 0.05 1559.13
0 4198 2 phononTS 0.00239897 -0.153396 -0.438346 -0.0304071 1352.15 0.00069486 1 -0.0828537 -0.239644 0.05 1588.61
0 4198 17 phononTS 0.000856881 -0.0828537 -0.239644 0.049999 1588.61 0.00034743 1 -0.0494415 -0.266893 0.05 1651
0 4210 7 phononTF 0.000518584 -4.82258 0.0344426 0.049999 7855.82 0.00034743 1 0.0471025 -0.271014 0.05 35699.7
0 4250 4 phononTF 0.000495654 -2.38916 0.0827813 0.049999 19888.8 0.00034743 1 -0.0730673 -0.255471 0.05 25087.6
0 4276 5 phononTS 0.00188104 -2.43184 -4.1532 -0.0479132 2159.45 0.00069486 1 -0.092301 -0.26127 0.05 28168.4
0 4384 3 phononTS 0.00223507 3.26545 -2.81666 -0.0167644 4923.83 0.00104229 1 0.0488747 -0.258324 0.05 13245.8
0 4405 2 phononTS 0.00122129 4.97001 -2.48144 0.0358734 329.454 0.00034743 1 0.0138739 -0.208045 0.05 19265.6
0 4425 16 phononTF 0.000658471 3.68982 0.839261 -0.0241124 66261.6 0.00034743 1 0.0200739 -0.208817 0.05 103858
0 4457 3 phononTF 0.00156737 -0.758074 4.19669 -0.0175272 2.29344 0.00069486 1 -0.078274 -0.219648 0.05 2169.13
0 4483 3 phononTF 0.00176222 -0.0432995 0.213108 -0.0230771 1630.19 0.00069486 1 -0.0770356 -0.238637 0.05 1893.59
0 4560 3 phononTF 0.00282137 4.85971 -0.256464 0.0466301 8515.41 0.00138972 1 -0.0528954 -0.293319 0.05 35405.5
0 4572 3 phononTS 0.00194634 0.130856 -0.252579 0.00520755 397.816 0.00104229 1 0.0699261 -0.216639 0.05 425.848
0 4581 2 phononTF 0.00100492 1.03839 0.0790639 0.049999 163.973 0.00034743 1 -0.0210777 -0.25687 0.05 535.38
0 4589 3 phononL 0.00231862 -1.62089 -2.67536 0.0457884 7356.8 0.00069486 1 0.0712129 -0.215834 0.05 11399.1
0 4598 1 phononTS 0.004 0.383452 -0.971112 -0.00992942 0 0.00069486 1 -0.0609991 -0.109092 0.05 2130.71
0 4659 2 phononTF 0.001955 -2.75903 -4.93622 -0.0350152 3301.52 0.00034743 1 0.108987 -0.172353 0.05 12636.5
0 4659 4 phononTS 0.00103577 0.108987 -0.172353 0.049999 12636.5 0.00034743 1 0.0309747 -0.287205 0.05 14959.6
0 4696 4 phononTS 0.00113527 1.33432 -0.539757 -0.0323259 8631.79 0.00034743 1 -0.10172 -0.253105 0.05 10522.8
0 4697 2 phononTS 0.00235662 -0.633186 4.38429 0.00675606 2700.55 0.00104229 1 -0.0237512 -0.219725 0.05 15373.6
0 4704 3 phononTF 0.00242692 -0.725974 -3.93659 -0.0448883 517.694 0.00138972 1 -0.0447794 -0.194276 0.05 20890
0 4704 12 phononTF 0.000395922 -0.0447794 -0.194276 0.049999 20890 0.00034743 1 -0.103558 -0.235206 0.05 20952.7
0 4706 2 phononL 0.00272944 -4.83655 1.08391 -0.00651176 498.318 0.00069486 1 0.0435388 -0.104382 0.05 12814.3
0 4706 5 phononTF 0.000800392 0.0435388 -0.104382 0.049999 12814.3 0.00034743 1 -0.0501783 -0.13823 0.05 13686.2
0 4729 1 phononTS 0.004 -0.0607643 -0.196241 -0.0127248 0 0.00138972 1 -0.103 -0.210103 0.05 20.5171
0 4729 7 phononTS 0.000401397 -0.103 -0.210103 0.049999 20.5171 0.00034743 1 0.0719406 -0.244843 0.05 381.549
0 4729 4 phononL 0.000524113 -0.103 -0.210103 0.049999 20.5171 0.00034743 1 0.0606678 -0.264641 0.05 178.775
0 4734 2 phononTF 0.00127503 -4.46767 -0.725582 -0.0214949 6438.73 0.00069486 1 -0.0197607 -0.24859 0.05 14778
0 4738 3 phononTS 0.00248354 2.89967 0.999253 -0.042975 1835.23 0.00034743 1 -0.0537961 -0.241216 0.05 26287.9
0 4738 4 phononTS 0.00049897 -0.0537961 -0.241216 0.049999 26287.9 0.00034743 1 0.0907641 -0.248592 0.05 26714.5
0 4847 5 phononTS 0.000499138 3.27044 0.0819734 0.049999 28287.9 0.00034743 1 0.0932287 -0.205756 0.05 50542.5
0 4852 3 phononTS 0.00305379 0.0748111 -0.527507 -0.0420691 3358.03 0.00104229 1 0.106105 -0.245549 0.05 3644.21
0 4852 6 phononTS 0.000358459 0.106105 -0.245549 0.049999 3644.21 0.00034743 1 -0.0284974 -0.13379 0.05 3737.56
0 4898 1 phononTF 0.004 3.02715 -1.45097 -0.0308699 0 0.00104229 1 0.0785457 -0.248866 0.05 15952.4
0 4898 7 phononTS 0.000670212 0.0785457 -0.248866 0.049999 15952.4 0.00034743 1 0.113209 -0.20661 0.05 16022.2
0 4921 3 phononTS 0.00150142 -4.78415 -2.78896 -0.00544047 1660.44 0.00034743 1 0.0479965 -0.100583 0.05 27093.7
0 4921 4 phononTS 0.000563351 0.0479965 -0.100583 0.049999 27093.7 0.00034743 1 -0.0507203 -0.182125 0.05 27183.1
0 4979 11 phononTS 0.000466615 -4.46941 0.100097 0.049999 4568.51 0.00034743 1 0.038659 -0.245295 0.05 40374.9
0 5055 4 phononL 0.000390585 -0.0284227 0.00227626 0.049999 185.186 0.00034743 1 0.0485884 -0.232242 0.05 475.467
0 5076 2 phononTS 0.00196016 -0.825721 -1.42612 -0.0352135 2786.28 0.00104229 1 -0.0304433 -0.151203 0.05 50661.3
0 5140 3 phononTS 0.00224585 3.30566 -3.67979 -0.0153437 3126.64 0.00069486 1 -0.0551763 -0.155081 0.05 36304.8
0 5169 7 phononTS 0.00123613 0.471031 -1.20297 -0.00272585 3054.69 0.00069486 1 -0.0404523 -0.207477 0.05 13209.9
0 5185 1 phononL 0.004 0.402356 1.10367 0.0291886 0 0.00069486 1 -0.108972 -0.198027 0.05 7458.95
0 5185 3 phononTF 0.00201152 -0.108972 -0.198027 0.049999 7458.95 0.00069486 1 0.0288201 -0.27739 0.05 7543.94
0 5185 2 phononTF 0.000625162 -0.108972 -0.198027 0.049999 7458.95 0.00034743 1 0.0636857 -0.248705 0.05 7749.64
0 5191 24 phononTF 0.000667418 0.2405 0.034696 0.049999 488.657 0.00034743 1 0.0327567 -0.240806 0.05 625.079
0 5204 2 phononTS 0.00144912 3.06306 -3.27998 -0.0420676 9656.45 0.00069486 1 0.0558573 -0.289079 0.05 55526
0 5211 2 phononTF 0.00111044 -2.52254 0.7021 0.010148 6852.67 0.00034743 1 -0.0383799 -0.305627 0.05 24494.3
0 5222 5 phononL 0.000482316 1.24564 0.104127 0.049999 5747.82 0.00034743 1 -0.0767108 -0.255443 0.05 7190.18
0 5229 1 phononTF 0.004 -0.0877363 1.45656 -0.000845865 0 0.00069486 1 0.0465274 -0.137541 0.05 4868.2
0 5229 4 phononL 0.00154383 0.0465274 -0.137541 0.049999 4868.2 0.00069486 1 0.0977303 -0.169247 0.05 5140.68
0 5256 10 phononTF 0.00064051 1.11445 0.00683222 0.049999 20657.8 0.00034743 1 0.0931206 -0.165906 0.05 22271.4
0 5266 2 phononTF 0.00173813 3.74012 0.296302 0.0185254 8297.98 0.00034743 1 -0.0476994 -0.11322 0.05 32770.9
0 5282 1 phononTF 0.004 -0.0069912 0.12332 0.0106718 0 0.00104229 1 0.0747223 -0.151911 0.05 1152.93
0 5282 4 phononTF 0.00061305 0.0747223 -0.151911 0.049999 1152.93 0.00034743 1 -0.0972241 -0.154636 0.05 1313
0 5282 2 phononTS 0.000394818 0.0747223 -0.151911 0.049999 1152.93 0.00034743 1 -0.0502217 -0.255905 0.05 1294.79
0 5292 3 phononTS 0.00297742 -1.84202 3.496 -0.0181078 530.567 0.00173715 1 -0.0820063 -0.218024 0.05 5945.68
0 5301 5 phononTS 0.00054381 -0.0371071 0.0236275 0.049999 51466.6 0.00034743 1 0.0961424 -0.154956 0.05 52201.9
0 5498 3 phononTF 0.00261181 -1.25013 4.97911 -0.00262172 2114.97 0.00069486 1 0.057956 -0.188573 0.05 8951.36
0 5527 1 phononTF 0.004 0.459258 2.22912 0.0228399 0 0.00069486 1 0.0335266 -0.149306 0.05 6994.75
0 5536 4 phononTS 0.00113893 -0.883156 -3.81961 -0.0221849 22211.8 0.00069486 1 -0.0606491 -0.223991 0.05 27579.6
0 5566 3 phononTS 0.00196376 -2.42063 -0.746615 0.0162269 67.7333 0.00104229 1 -0.0346357 -0.19148 0.05 2623.54
0 5573 2 phononTF 0.00249024 -4.43731 2.12193 -0.0154656 6913.04 0.00104229 1 0.0943189 -0.188043 0.05 20111.7
0 5575 4 phononTF 0.000534683 2.62883 0.0592009 0.049999 41871.7 0.00034743 1 0.0432486 -0.199155 0.05 50566.8
0 5634 3 phononTF 0.00186353 3.72633 4.9946 0.034558 1684.39 0.00069486 1 -0.0465253 -0.210072 0.05 11837.4
0 5656 4 phononL 0.00115008 -2.32504 2.16921 0.0289521 10818.7 0.00034743 1 0.0781796 -0.19485 0.05 14096
0 5660 5 phononTF 0.00137575 2.23644 4.05536 -0.0107892 791.299 0.00034743 1 -0.112857 -0.175332 0.05 38715.5
0 5804 2 phononL 0.00189373 -1.50375 -4.99403 -0.0490835 9292.28 0.00104229 1 -0.110291 -0.244962 0.05 27490.8
0 5842 2 phononTS 0.00254627 -1.9157 -1.84752 -0.00285424 4563.82 0.00034743 1 -0.0617378 -0.271383 0.05 18459.4
0 5842 4 phononTF 0.00121247 -0.0617378 -0.271383 0.049999 18459.4 0.00069486 1 -0.087925 -0.244606 0.05 18520.4
0 5920 2 phononTF 0.00202741 -1.72279 -4.35702 0.0415131 10676.3 0.00034743 1 -0.0779815 -0.248859 0.05 16444.3
0 5934 4 phononTS 0.00165924 1.66133 -3.04275 -0.0441196 27170.7 0.00069486 1 0.094085 -0.222158 0.05 55513.4
0 5934 6 phononTS 0.000735572 0.094085 -0.222158 0.049999 55513.4 0.00034743 1 0.0783167 -0.20888 0.05 55569.4
0 5992 2 phononTF 0.00197343 3.33807 2.58432 -0.0421745 71.4392 0.00034743 1 0.0531443 -0.101128 0.05 3680.83
0 5998 3 phononTF 0.00043785 4.34166 0.0662647 0.049999 1455.72 0.00034743 1 -0.0600524 -0.245501 0.05 7642.02
0 6001 2 phononTS 0.0018288 -4.13014 1.01463 0.0266043 15260.9 0.00069486 1 -0.0836231 -0.196658 0.05 18307.6
0 6070 4 phononTF 0.000688106 -1.88924 0.0719659 0.049998 19691.3 0.00034743 1 0.0215438 -0.134098 0.05 27328.9
0 6073 3 phononTS 0.00255168 2.90527 2.77677 0.0441623 7.23742 0.00104229 1 0.040587 -0.193949 0.05 42771.5
0 6073 4 phononTF 0.000421509 0.040587 -0.193949 0.049999 42771.5 0.00034743 1 -0.029705 -0.159364 0.05 43026.5
0 6095 1 phononTF 0.004 1.1206 0.619167 -0.0320839 0 0.00208458 1 0.0644207 -0.145843 0.05 6399.1
0 6102 2 phononTS 0.00278599 3.82123 0.738986 -0.0362002 717.142 0.00173715 1 -0.0131177 -0.204812 0.05 4207.67
0 6160 5 phononTF 0.00100986 -0.257516 -0.00213681 0.049999 16864.8 0.00034743 1 0.101855 -0.183035 0.05 17522.2
0 6238 3 phononTS 0.0018172 3.83583 4.31434 0.031029 10158.3 0.00034743 1 0.02193 -0.26507 0.05 38615.3
0 6354 2 phononTF 0.00172482 0.894703 1.68479 0.00218387 1015.79 0.00034743 1 -0.108337 -0.186663 0.05 2143.06
0 6456 3 phononTS 0.000872852 2.29974 0.326268 0.0356672 332.069 0.00034743 1 0.0973261 -0.185762 0.05 3970.09
0 6456 12 phononTS 0.000367124 2.08298 0.0752909 0.049999 3441.32 0.00034743 1 0.116135 -0.203255 0.05 5526.71
0 6463 3 phononTS 0.00264607 -0.123128 1.36426 -0.0456888 47.0326 0.00104229 1 -0.0920072 -0.206085 0.05 6879.33
0 6463 8 phononTS 0.000470789 -0.0920072 -0.206085 0.049999 6879.33 0.00034743 1 -0.0711835 -0.247336 0.05 6944.86
0 6463 4 phononTS 0.000433005 -0.0920072 -0.206085 0.049999 6879.33 0.00034743 1 -0.0261963 -0.138312 0.05 6962.96
0 6491 3 phononTS 0.00107886 -0.752937 1.25832 -0.0284249 4427.49 0.00034743 1 -0.100248 -0.190353 0.05 39167.8
0 6491 4 phononTF 0.000400917 -0.100248 -0.190353 0.049999 39167.8 0.00034743 1 -0.0530502 -0.221585 0.05 39228.7
0 6499 2 phononTS 0.00266638 -0.621719 1.63613 0.0370965 199.478 0.00034743 1 0.0902589 -0.261643 0.05 4974.61
0 6499 4 phononTS 0.00191873 0.0902589 -0.261643 0.049999 4974.61 0.00104229 1 0.0281085 -0.127211 0.05 5235.28
0 6517 3 phononTF 0.00121297 1.2664 -2.26096 -0.0168456 17049.4 0.00034743 1 -0.108168 -0.205606 0.05 26222.8
0 6517 6 phononTS 0.000472042 -0.108168 -0.205606 0.049999 26222.8 0.00034743 1 -0.0607864 -0.166221 0.05 26659.4
0 6521 6 phononTS 0.000630301 3.04568 0.104054 0.049999 3134.77 0.00034743 1 0.0422822 -0.24358 0.05 18245.8
0 6612 2 phononTS 0.00218243 -2.45653 -3.82697 0.0329727 5361.05 0.00069486 1 -0.0791287 -0.283865 0.05 17940
0 6612 6 phononTS 0.00080013 -0.0791287 -0.283865 0.049999 17940 0.00034743 1 -0.0453423 -0.127828 0.05 19665.8
0 6625 3 phononTF 0.00285259 0.26149 0.828331 -0.00764119 7910.92 0.00069486 1 0.0281347 -0.276737 0.05 10844.5
0 6625 5 phononTF 0.00144292 0.0281347 -0.276737 0.049999 10844.5 0.00069486 1 -0.0466247 -0.27802 0.05 10904.8
0 6658 1 phononTS 0.004 -0.338284 0.718098 -0.00251476 0 0.00173715 1 -0.117733 -0.185177 0.05 1567.51
0 6658 2 phononTS 0.00049627 -0.117733 -0.185177 0.049999 1567.51 0.00034743 1 -0.0800475 -0.135232 0.05 1697.21
0 6675 20 phononTF 0.00056488 -0.473695 0.0658643 0.049999 20941.6 0.00034743 1 -0.0415177 -0.177367 0.05 21709.5
0 6770 5 phononL 0.000437279 2.84076 0.0580571 0.049998 7833 0.00034743 1 -0.0712905 -0.287446 0.05 12124.4
0 6779 6 phononL 0.000507151 0.0138176 0.0526026 0.049999 19720.7 0.00034743 1 0.0186943 -0.158375 0.05 19787.9
0 6831 3 phononTS 0.00146105 2.16462 -1.82476 0.033685 3622.42 0.00069486 1 -0.047934 -0.299771 0.05 7445.59
0 6902 2 phononTS 0.000933403 0.654798 -0.332917 -0.0221832 1913.58 0.00034743 1 0.0792002 -0.170405 0.05 10429.8
0 6939 4 phononTF 0.000365371 0.0644995 0.00419742 0.049998 63413.9 0.00034743 1 0.0930851 -0.185324 0.05 64353.2
0 6981 4 phononTF 0.000671059 -0.0693475 1.22267 0.00876983 6532 0.00034743 1 -0.0366221 -0.105808 0.05 146273
0 7003 3 phononTS 0.00151616 0.28603 -1.35083 -0.048035 1119.97 0.00069486 1 0.0497244 -0.276624 0.05 1498.26
0 7013 9 phononTS 0.00106612 -3.1011 -0.00351112 0.049998 380.233 0.00034743 1 0.0451437 -0.181272 0.05 17408.5
0 7013 20 phononTS 0.000521994 0.0451437 -0.181272 0.049999 17408.5 0.00034743 1 0.111476 -0.179308 0.05 17652.4
0 7027 2 phononTF 0.00148496 1.0354 4.58393 0.0349809 7844.7 0.00069486 1 0.101726 -0.151983 0.05 18149.1
0 7101 1 phononTF 0.004 -0.719275 0.373365 0.00245939 0 0.00104229 1 0.0156572 -0.169482 0.05 1290.22
0 7132 1 phononTS 0.004 -0.0306726 0.0848273 -0.037789 0 0.00104229 1 -0.0723557 -0.240102 0.05 529.457
0 7211 7 phononTF 0.000441512 -0.177078 0.014425 0.049999 1816.26 0.00034743 1 -0.0742608 -0.123579 0.05 1905.36
0 7240 27 phononTF 0.000501101 -1.83096 0.0537012 0.049999 14287.1 0.00034743 1 -0.0485139 -0.171268 0.05 150930
0 7277 1 phononTS 0.004 -1.58577 -1.613 0.0335235 0 0.00034743 1 -0.0751997 -0.188082 0.05 7844.07
0 7277 3 phononTF 0.00356115 -0.0751997 -0.188082 0.049999 7844.07 0.00104229 1 -0.0637372 -0.261599 0.05 7871.87
0 7290 5 phononL 0.000775894 -4.45624 -3.26829 9.13033e-05 1804.73 0.00034743 1 -0.0896789 -0.162152 0.05 46069.5
0 7324 2 phononTS 0.000715985 0.0876551 -0.00399546 0.049999 739.667 0.00034743 1 -0.0680173 -0.11783 0.05 983.891
0 7379 21 phononTS 0.000594694 -0.299905 0.043056 0.049999 15745.1 0.00034743 1 -0.0327349 -0.146344 0.05 17773.9
0 7382 5 phononTF 0.000360269 -2.39509 -0.00169026 0.049999 1442.64 0.00034743 1 0.0438486 -0.103507 0.05 112991
0 7394 3 phononTS 0.00275901 1.0905 -1.5659 0.0412159 12798.6 0.00069486 1 -0.0452775 -0.112006 0.05 17889
0 7394 7 phononTF 0.000837539 -0.0452775 -0.112006 0.049999 17889 0.00034743 1 -0.0601798 -0.195818 0.05 18022.6
0 7394 4 phononTF 0.000506967 -0.0452775 -0.112006 0.049999 17889 0.00034743 1 0.0298826 -0.189884 0.05 18010.9
0 7444 4 phononL 0.00123351 1.01486 0.545102 -0.0426478 7039.58 0.00034743 1 0.0649874 -0.231096 0.05 8569.01
0 7486 2 phononTF 0.00230264 0.103814 -2.20579 -0.0194527 20428.2 0.00104229 1 -0.0808986 -0.155319 0.05 28067.2
0 7493 1 phononTS 0.004 0.507154 -0.120349 -0.0250138 0 0.00173715 1 -0.0735481 -0.263699 0.05 662.588
0 7511 1 phononL 0.004 0.423935 -0.350466 0.0288197 0 0.00138972 1 0.0934475 -0.270513 0.05 1449.17
0 7511 2 phononTF 0.000828666 0.0934475 -0.270513 0.049999 1449.17 0.00034743 1 0.0956453 -0.266936 0.05 1515.2
0 7520 1 phononTS 0.004 -0.697905 -0.629797 -0.0170153 0 0.00069486 1 -0.0573386 -0.281817 0.05 2981.97
0 7531 5 phononTS 0.00156698 -2.06337 -2.97815 0.00314152 19686.8 0.00069486 1 0.0229542 -0.238678 0.05 66412.8
0 7537 5 phononTF 0.000749696 -4.84058 4.47939 -0.0454339 14519.4 0.00034743 1 0.0630381 -0.191111 0.05 30704.5
0 7609 11 phononTS 0.000654032 -0.196194 0.0885528 0.049999 10067.8 0.00034743 1 0.0890876 -0.261577 0.05 24964.6
0 7643 2 phononL 0.00162004 -1.16166 3.33261 -0.000597987 178.835 0.00069486 1 0.0919647 -0.171278 0.05 36185.1
0 7665 10 phononTS 0.00060421 -1.23552 -0.00342124 0.049999 587.936 0.00034743 1 -0.0937217 -0.264989 0.05 1592.32
0 7665 9 phononTS 0.000515962 -1.23552 -0.00342124 0.049999 587.936 0.00034743 1 -0.0591774 -0.216653 0.05 2936.11
0 7666 9 phononL 0.000440857 1.79319 0.00253515 0.049998 22030.1 0.00034743 1 0.0521516 -0.21593 0.05 26763.4
0 7698 3 phononL 0.00143673 0.0449147 -0.414381 -0.0371432 1.65167 0.00034743 1 0.0688563 -0.192878 0.05 38728.9
0 7698 6 phononTS 0.000754625 0.0688563 -0.192878 0.049999 38728.9 0.00034743 1 0.106521 -0.189119 0.05 38854.6
0 7698 2 phononTF 0.00256327 0.0449147 -0.414381 -0.0371432 1.65167 0.00138972 1 0.0387447 -0.301761 0.05 467.685
0 7726 2 phononTS 0.000498341 -1.88905 0.460218 0.00342303 628.28 0.00034743 1 -0.100107 -0.218379 0.05 13511.6
0 7747 4 phononTS 0.00144271 -0.49191 -4.73994 0.0132258 31329.3 0.00069486 1 -0.0670646 -0.291556 0.05 65337.3
0 7802 6 phononTS 0.000435835 1.07847 0.0432738 0.049998 8871.29 0.00034743 1 0.076736 -0.159147 0.05 11046.9
0 7803 3 phononTS 0.00193389 1.60944 -1.51415 0.0417587 7162.88 0.00034743 1 -0.0294465 -0.295534 0.05 38900.3
0 7803 2 phononTF 0.00206611 1.60944 -1.51415 0.0417587 7162.88 0.00069486 1 0.0980665 -0.229591 0.05 10415.2
0 7856 4 phononTS 0.000368082 -2.71612 0.0785502 0.049999 27287.2 0.00034743 1 -0.0639415 -0.286061 0.05 29263.7
0 7896 3 phononL 0.0024108 2.79539 3.96727 0.0469583 1292.69 0.00034743 1 -0.0368177 -0.23789 0.05 17481.4
0 7904 1 phononTS 0.004 -0.345467 -0.316364 0.0365744 0 0.00104229 1 -0.054924 -0.188787 0.05 1423.91
0 7931 3 phononTS 0.00128693 3.59547 -0.290889 0.0489414 10361.2 0.00069486 1 -0.0708768 -0.14755 0.05 36079.8
0 7951 1 phononTF 0.004 -0.839268 -0.569714 -0.0263971 0 0.00069486 1 -0.0262999 -0.138092 0.05 1574.76
0 7954 1 phononTF 0.004 1.84783 -1.82625 0.00920175 0 0.00104229 1 -0.0328077 -0.247467 0.05 4704.68
0 7954 3 phononL 0.0014917 -0.0328077 -0.247467 0.049999 4704.68 0.00069486 1 -0.0556636 -0.207497 0.05 4819.62
0 8009 1 phononTF 0.004 0.22822 -0.70144 0.0186093 0 0.00104229 1 0.0625719 -0.255484 0.05 5726.9
0 8009 2 phononTF 0.00112148 0.0625719 -0.255484 0.049999 5726.9 0.00034743 1 -0.06556 -0.187592 0.05 44970.5
0 8092 21 phononTF 0.000393832 -0.178377 0.103328 0.049999 28232.4 0.00034743 1 0.105656 -0.171133 0.05 57211.6
0 8141 11 phononTF 0.000923367 -1.5064 0.0839932 0.049999 60573.3 0.00034743 1 0.0367537 -0.299427 0.05 65307.5
0 8141 17 phononTS 0.000529724 0.0367537 -0.299427 0.049998 65307.5 0.00034743 1 -0.0615088 -0.236843 0.05 65399.5
0 8146 27 phononTF 0.000613438 1.63561 0.0996675 0.049999 5091.31 0.00034743 1 0.0702709 -0.156593 0.05 8999.9
0 8176 4 phononTF 0.000783529 1.18992 0.0288185 0.049999 40595.3 0.00034743 1 0.0929428 -0.267831 0.05 42599.9
0 8177 3 phononTS 0.00222218 4.76867 3.14941 0.0148126 4377.25 0.00034743 1 0.0487774 -0.286751 0.05 27406.5
0 8185 7 phononTF 0.000642982 3.12355 0.0707368 0.049999 7556.34 0.00034743 1 -0.0715578 -0.127905 0.05 16598.7
0 8257 5 phononL 0.00111492 -0.278442 0.018743 0.049999 9541.86 0.00069486 1 -0.0611198 -0.2731 0.05 27762.3
0 8481 3 phononTF 0.00174469 -2.83303 -0.494895 0.0468654 13310.4 0.00034743 1 0.0475412 -0.162201 0.05 26790.6
0 8511 2 phononTS 0.00184889 0.321797 -0.770127 -0.0498992 866.799 0.00034743 1 0.0756269 -0.218019 0.05 2245.08
0 8565 1 phononTS 0.004 2.25619 -2.42122 0.0257611 0 0.00104229 1 0.0271797 -0.212154 0.05 12547
0 8610 2 phononTF 0.00163545 2.41396 -1.0762 -0.0288005 5679.3 0.00069486 1 -0.0615026 -0.222283 0.05 9100.51
0 8639 3 phononTS 0.00205506 3.12193 4.85202 -0.0459561 2339.28 0.00069486 1 0.0623531 -0.182607 0.05 10329.1
0 8660 3 phononTF 0.00169203 -4.6113 -3.30988 0.0164777 3587.01 0.00034743 1 -0.0727896 -0.198304 0.05 15301.6
0 8733 5 phononTF 0.000504474 -3.66283 -0.00728441 0.049999 27199.5 0.00034743 1 0.057556 -0.228448 0.05 70780
0 8734 7 phononTS 0.000886267 3.17458 0.0467448 0.049999 50848.9 0.00034743 1 0.118338 -0.218991 0.05 65838.2
0 8907 21 phononTS 0.00101966 -3.64576 0.000893468 0.049998 1339.47 0.00069486 1 0.019641 -0.209699 0.05 23505
0 8956 4 phononTF 0.000358181 -0.577133 -0.0103933 0.049999 7088.42 0.00034743 1 -0.0990841 -0.204404 0.05 7652.48
0 8960 3 phononTS 0.00229649 -0.63191 1.94339 0.0265175 2680.66 0.00069486 1 -0.0674752 -0.207997 0.05 8302.38
0 9002 2 phononL 0.00227765 1.22584 -0.694245 0.0436165 13643.9 0.00034743 1 0.0560534 -0.176113 0.05 15454.7
0 9003 7 phononTS 0.000523241 0.430006 0.027113 0.049999 6550.78 0.00034743 1 0.0971009 -0.158764 0.05 82303.3
0 9036 1 phononTF 0.004 -1.31917 -1.00944 0.0192194 0 0.00104229 1 0.0737891 -0.190081 0.05 4538.93
0 9109 4 phononL 0.00197417 2.56058 -0.762055 -0.0325573 5355.65 0.00104229 1 0.0981596 -0.239585 0.05 8937.46
0 9132 2 phononL 0.00176355 -2.80759 -1.2517 -0.0423079 1145.56 0.00034743 1 -0.0932394 -0.199166 0.05 13325.4
0 9196 2 phononL 0.00125245 -2.73622 -1.90645 0.00114924 9217.75 0.00069486 1 -0.0294575 -0.261915 0.05 23489.3
0 9206 7 phononTS 0.000388338 -1.2223 0.0720615 0.049999 37216.2 0.00034743 1 -0.0556892 -0.26869 0.05 39072.9
0 9214 6 phononTS 0.000707266 0.790983 0.0205113 0.049999 6133.45 0.00034743 1 0.0662382 -0.114143 0.05 7564.85
0 9223 5 phononTS 0.00173551 1.51986 0.0443895 0.00997941 1578.01 0.00069486 1 0.0977628 -0.254531 0.05 3876.77
0 9329 2 phononTF 0.00216494 -0.0368351 4.52126 -0.0323836 3640.54 0.00069486 1 0.0252647 -0.281824 0.05 23515.7
0 9329 4 phononTS 0.000699274 0.0252647 -0.281824 0.049999 23515.7 0.00034743 1 -0.056161 -0.214995 0.05 23590.6
0 9343 2 phononL 0.00165928 2.20044 2.6051 -0.0263066 2613.4 0.00034743 1 0.117395 -0.189063 0.05 7843.81
0 9344 2 phononTS 0.00172449 0.506073 -4.5574 -0.0150546 16465 0.00104229 1 -0.0427511 -0.164724 0.05 19927.6
0 9353 8 phononTF 0.000901541 2.16832 0.10288 0.049999 33468.5 0.00034743 1 -0.114268 -0.230826 0.05 43031.2
0 9360 3 phononTF 0.00196526 -3.28906 -2.21183 0.0232488 1460.8 0.00034743 1 0.0857933 -0.209849 0.05 45794.7
0 9380 4 phononTS 0.00135554 -0.581493 -4.74879 -0.00617727 24442.9 0.00034743 1 0.0276444 -0.243931 0.05 40689.1
0 9450 2 phononTS 0.00241135 0.103042 3.82402 0.0392208 2887.75 0.00069486 1 0.107873 -0.170421 0.05 31766.5
0 9450 5 phononTF 0.000842526 0.107873 -0.170421 0.049999 31766.5 0.00069486 1 -0.0459293 -0.104702 0.05 31852.7
0 9463 3 phononTS 0.00320968 -3.23368 -1.1631 0.0147259 3671.52 0.00104229 1 0.0214381 -0.227172 0.05 7878.6
0 9560 2 phononTF 0.00149631 -4.34037 -2.35479 -0.00988469 18113.1 0.00034743 1 0.0370716 -0.148576 0.05 34440.7
0 9686 30 phononL 0.000420284 -0.364853 0.0576888 0.049999 8785.88 0.00034743 1 0.0666781 -0.224661 0.05 11238.5
0 9819 4 phononTF 0.000579248 3.95083 0.0749103 0.049998 331.716 0.00034743 1 -0.0811781 -0.13532 0.05 23183
0 9821 2 phononTS 0.00149193 -4.7522 3.95115 -0.00308485 20533.6 0.00069486 1 0.0500956 -0.168189 0.05 68142.8
0 9851 2 phononTS 0.00202611 0.618306 -1.1878 -0.0401481 266.895 0.00104229 1 -0.0734113 -0.204461 0.05 1058.38
0 9851 21 phononTF 0.000489428 -0.0734113 -0.204461 0.049999 1058.38 0.00034743 1 -0.0704573 -0.209525 0.05 1122.23
0 9856 3 phononTF 0.00174256 2.89561 -0.20304 0.00511681 7814.13 0.00069486 1 0.0540131 -0.271342 0.05 13486.9
0 9884 4 phononL 0.000982877 1.20169 3.27108 0.0275138 8612.21 0.00034743 1 -0.0462573 -0.26631 0.05 13710.6
0 9905 8 phononTS 0.000489341 -0.126217 -0.00399783 0.049999 22924.5 0.00034743 1 -0.0426182 -0.114862 0.05 23147.9
0 9920 11 phononTS 0.000519328 -0.176751 0.00334364 0.049999 20302.8 0.00034743 1 -0.0627691 -0.155725 0.05 20458.4
0 9928 1 phononTF 0.004 -0.487486 -0.535817 -0.0161277 0 0.00138972 1 -0.0313522 -0.229505 0.05 818.885
0 9928 4 phononTF 0.00165053 -0.0313522 -0.229505 0.049999 818.885 0.00034743 1 -0.104634 -0.184549 0.05 972.169
