Run ID,Event ID,Track ID,Particle Name,Start Energy [eV],Start X [mm],Start Y [mm],Start Z [mm],Start Time [ns],Energy Deposited [eV],Track Weight,End X [mm],End Y [mm],End Z [mm],Final Time [ns],Volume Name
0 9 3 phononTS 0.0013169 0.170835 0.0900357 0.049999 11483.4 0.00034743 1 -0.0880527 -0.138551 0.05 11989.1
0 15 17 phononTS 0.00112583 0.0543923 -2.12166 -0.00438045 13328.2 0.00034743 1 0.029457 -0.0992563 0.05 16878
0 15 18 phononTF 0.000569229 0.029457 -0.0992563 0.049999 16878 0.00034743 1 0.0641418 -0.18985 0.05 16945.2
0 25 2 phononTS 0.00246904 1.17115 -0.284447 0.00232947 1685.7 0.00138972 1 0.0612939 -0.149941 0.05 11982.3
0 38 2 phononL 0.00201185 1.13931 -2.39248 -0.0299912 1088.36 0.00034743 1 0.0300488 -0.247281 0.05 32004.5
0 47 3 phononTS 0.00253102 -0.317579 2.04108 -0.0106368 148.942 0.00034743 1 -0.0292548 -0.0938194 0.05 6300.25
0 47 6 phononTF 0.000906962 -0.0292548 -0.0938194 0.049999 6300.25 0.00069486 1 0.0534476 -0.283626 0.05 6670.74
0 53 1 phononTF 0.004 0.213638 -0.0482887 -0.0219316 0 0.00173715 1 -0.0468193 -0.251575 0.05 102.987
0 69 2 phononTF 0.00252712 2.52882 -0.30628 0.0348799 2872.83 0.00034743 1 -0.0884515 -0.212061 0.05 34432.7
0 69 10 phononTF 0.0011441 -0.0884515 -0.212061 0.049999 34432.7 0.00069486 1 0.102478 -0.225389 0.05 34543.7
0 77 18 phononL 0.000494395 0.758426 0.00871446 0.049999 19627.5 0.00034743 1 -0.0188684 -0.21474 0.05 28464.3
0 112 2 phononTF 0.00205803 0.852928 -0.118616 0.0146564 111.223 0.00104229 1 0.0730127 -0.170654 0.05 1476.55
0 137 4 phononTF 0.00158128 1.72688 -2.07473 0.00160378 12682.1 0.00069486 1 -0.0715378 -0.153614 0.05 27352.1
0 137 6 phononTS 0.000460489 -0.0715378 -0.153614 0.049999 27352.1 0.00034743 1 -0.0427768 -0.17856 0.05 27446.7
0 144 28 phononTS 0.000577769 -2.48922 0.0587219 0.049999 2449.47 0.00034743 1 -0.0662268 -0.213689 0.05 7509.92
0 151 9 phononTF 0.000626566 2.67632 0.0464999 0.049999 3911.67 0.00034743 1 -0.0334258 -0.101944 0.05 75495.6
0 198 3 phononL 0.00230694 0.261406 -0.133381 -0.0223468 3803.57 0.00104229 1 0.0469263 -0.301557 0.05 4222.36
0 205 3 phononTS 0.0023599 -1.57623 1.99667 0.0433133 31.5022 0.00104229 1 0.0914325 -0.216364 0.05 20925.9
0 205 12 phononTF 0.000383004 0.0914325 -0.216364 0.049999 20925.9 0.00034743 1 0.099183 -0.249641 0.05 21340.6
0 217 4 phononTS 0.000530886 -2.34075 0.0851433 0.049999 26903.3 0.00034743 1 0.0262674 -0.211981 0.05 39091.1
0 221 2 phononTF 0.00171647 -0.659309 0.0977885 0.049999 3211.28 0.00034743 1 0.112869 -0.214333 0.05 3607.4
0 222 2 phononTF 0.0017003 -0.329634 -1.32687 0.00172881 19732.4 0.00034743 1 0.0204115 -0.226422 0.05 20954.6
0 228 2 phononTS 0.00106739 0.616186 0.101116 0.049999 5958.04 0.00034743 1 0.0267387 -0.112719 0.05 6474.13
0 250 5 phononTF 0.000648741 2.57678 0.0169487 0.049999 12457.4 0.00034743 1 -0.071709 -0.234324 0.05 26012.3
0 259 3 phononL 0.00167596 2.61904 1.21162 -0.00366907 1856.6 0.00069486 1 0.0475209 -0.201323 0.05 20806.2
0 261 3 phononTF 0.00321814 0.4198 -2.45899 -0.0292717 2361.16 0.00104229 1 -0.0774941 -0.283627 0.05 10242.5
0 284 2 phononTS 0.000861854 0.168579 -0.29696 -0.033908 0.595764 0.00034743 1 0.0597609 -0.284235 0.05 13328.8
0 289 1 phononTF 0.004 0.288363 0.118572 -0.0202469 0 0.00138972 1 -0.0358956 -0.233796 0.05 248.44
0 289 6 phononTF 0.000708112 -0.0358956 -0.233796 0.049999 248.44 0.00034743 1 -0.067651 -0.281772 0.05 6194.31
0 296 6 phononTF 0.000668646 1.46858 0.0929925 0.049999 2790.8 0.00034743 1 -0.0221608 -0.260223 0.05 36112.2
0 297 10 phononTF 0.000491016 -2.78843 0.0508258 0.049999 8051.95 0.00034743 1 0.019167 -0.159578 0.05 10431.5
0 315 3 phononTS 0.00205271 -1.1392 2.46683 0.0154458 17682.3 0.00069486 1 0.0723314 -0.128188 0.05 30247.2
0 327 3 phononTS 0.00240118 -1.70795 -1.83288 -0.0438944 9882.21 0.00069486 1 -0.0163516 -0.195965 0.05 20818.5
0 333 2 phononTS 0.00177307 -2.17959 0.01849 -0.0296565 109.389 0.00069486 1 0.0369556 -0.147337 0.05 2972.3
0 334 2 phononTF 0.00134654 1.56641 -0.236083 -0.0271624 9806.88 0.00034743 1 0.073464 -0.173769 0.05 21368.4
0 346 5 phononTS 0.00148988 -0.12737 0.0268366 0.049999 7145.09 0.00069486 1 0.0919731 -0.248906 0.05 7423.14
0 380 23 phononL 0.000361054 0.104525 0.105033 0.049999 7686.99 0.00034743 1 -0.0436224 -0.106955 0.05 8503.5
0 426 2 phononTF 0.00233721 1.21814 2.79323 0.0216158 5778.26 0.00069486 1 0.0263207 -0.269711 0.05 24281.7
0 436 3 phononTS 0.0022827 -2.18445 -1.33971 0.0281161 3676.8 0.00138972 1 -0.0330168 -0.286032 0.05 22357.6
0 436 2 phononTS 0.0017173 -2.18445 -1.33971 0.0281161 3676.8 0.00069486 1 0.080076 -0.233068 0.05 9495.37
0 446 5 phononTS 0.000732393 -1.99325 0.0405419 0.049999 34677.4 0.00034743 1 0.0210028 -0.147702 0.05 37342.7
0 449 14 phononL 0.000385739 -0.0872144 -0.00126864 0.049999 6041.13 0.00034743 1 -0.0686791 -0.148177 0.05 6143.68
0 472 4 phononTS 0.000635935 -0.319615 0.0988803 0.049999 5384.82 0.00034743 1 0.115236 -0.225175 0.05 6691.55
0 481 3 phononTS 0.00272925 -1.64484 1.07366 -0.00648371 5.49505 0.00069486 1 0.0800246 -0.282611 0.05 7894.4
0 481 6 phononTS 0.000350479 0.0800246 -0.282611 0.049999 7894.4 0.00034743 1 0.0549132 -0.283645 0.05 7952.79
0 496 2 phononTS 0.00224404 2.48343 -2.42949 0.049403 2365.05 0.00104229 1 0.100656 -0.166628 0.05 16243.6
0 496 10 phononTS 0.000514942 0.100656 -0.166628 0.049999 16243.6 0.00034743 1 -0.0427138 -0.298881 0.05 16544.2
0 511 3 phononTS 0.00181297 0.380826 -2.01497 -0.0496073 410.195 0.00104229 1 -0.108615 -0.19033 0.05 6931.17
0 514 19 phononL 0.000371458 -1.61917 0.0859148 0.049999 22994.8 0.00034743 1 0.0231963 -0.17036 0.05 58083.7
0 515 2 phononTS 0.000919107 1.23895 0.251373 0.00446588 578.118 0.00034743 1 0.0708481 -0.195251 0.05 2283.01
0 534 5 phononL 0.000953264 0.20373 -2.62571 0.0312692 16235.8 0.00069486 1 0.116575 -0.174653 0.05 19785.1
0 544 2 phononTS 0.000689249 -0.117614 -2.23596 -0.0340025 2074.74 0.00034743 1 -0.0126836 -0.21651 0.05 9720.65
0 592 3 phononTS 0.00100421 -1.08806 -2.11789 0.00473452 2429.98 0.00069486 1 -0.0744961 -0.245022 0.05 13600.2
0 595 1 phononTS 0.004 -0.353539 -0.906275 0.0241799 0 0.00173715 1 -0.0684585 -0.145235 0.05 1947.08
0 627 2 phononTS 0.00240581 1.83285 -1.52051 -0.00443682 7344.92 0.00104229 1 -0.0762737 -0.131674 0.05 15186.5
0 656 11 phononTF 0.00073215 2.53173 0.0478205 0.049999 9984.42 0.00069486 1 0.018058 -0.196346 0.05 40186.5
0 690 3 phononTF 0.00267754 1.58312 2.10602 -0.0254775 1110.85 0.00104229 1 -0.0230968 -0.242139 0.05 7555.49
0 690 4 phononL 0.000521986 -0.0230968 -0.242139 0.049999 7555.49 0.00034743 1 -0.0430406 -0.164921 0.05 7598.42
0 749 4 phononTS 0.000677761 -0.795204 0.0985359 0.049999 16558.3 0.00034743 1 -0.0761244 -0.249178 0.05 32107.6
0 769 3 phononTS 0.0011611 2.3337 2.48368 -0.0441175 9232.61 0.00069486 1 0.0261783 -0.233618 0.05 69259.6
0 774 13 phononTS 0.000446702 -2.67326 0.0153769 0.049999 20896.2 0.00034743 1 -0.0574224 -0.133884 0.05 22760.5
0 785 3 phononL 0.00215162 -1.4357 -1.283 0.0379858 2938.9 0.00138972 1 -0.0848229 -0.232903 0.05 6977.42
0 857 5 phononTS 0.0014704 -1.19466 -2.13295 -0.0303105 3676.35 0.00034743 1 0.0301878 -0.239156 0.05 27213.5
0 862 3 phononTS 0.00126757 -0.0903225 -0.398729 0.0278405 2891.01 0.00034743 1 -0.0228285 -0.146561 0.05 3987
0 877 13 phononL 0.000380118 1.25946 0.0115923 0.049999 2591.92 0.00034743 1 -0.0252323 -0.172327 0.05 39651
0 885 2 phononTF 0.00231033 -2.17306 0.0524844 -0.00811963 8178.6 0.00104229 1 -0.0835104 -0.204253 0.05 14225.2
0 893 11 phononL 0.00039628 -1.14982 0.0178989 0.049999 12796.9 0.00034743 1 -0.0192822 -0.15325 0.05 14453.1
0 898 3 phononTF 0.00248013 0.922024 -2.40832 -0.0044586 2476.07 0.00104229 1 -0.108028 -0.202465 0.05 12463.5
0 898 11 phononTF 0.000590223 -0.108028 -0.202465 0.049999 12463.5 0.00034743 1 -0.0935725 -0.141367 0.05 12535.6
0 898 7 phononTS 0.000495242 -0.108028 -0.202465 0.049999 12463.5 0.00034743 1 -0.0431587 -0.295271 0.05 12672
0 899 4 phononL 0.00192638 -2.02775 1.91633 0.0136047 4896.61 0.00069486 1 0.0235714 -0.15286 0.05 29558.4
0 906 5 phononTF 0.0014295 -1.93365 0.891661 0.0331729 6096.6 0.00069486 1 -0.0421027 -0.157318 0.05 8381.53
0 932 2 phononL 0.00271458 0.198645 -0.0960534 -0.0127477 8898.34 0.00069486 1 -0.0600034 -0.230122 0.05 9020.13
0 932 18 phononTS 0.0011265 -0.0600034 -0.230122 0.049999 9020.13 0.00069486 1 -0.059149 -0.250246 0.05 9078.54
0 932 17 phononTF 0.000410951 -0.0600034 -0.230122 0.049999 9020.13 0.00034743 1 -0.040783 -0.179168 0.05 9090.79
0 938 6 phononTS 0.000896767 -0.324593 0.0747265 0.049999 4586.61 0.00034743 1 -0.087213 -0.140997 0.05 21035.8
0 946 2 phononTF 0.00254513 -0.319837 1.76964 -0.0269451 7964.11 0.00104229 1 -0.070312 -0.193211 0.05 9900.56
0 956 5 phononTS 0.000359195 -0.566807 0.0851418 0.049999 6192.92 0.00034743 1 -0.0324648 -0.11137 0.05 6443.37
0 967 2 phononTS 0.00142603 1.33036 -2.29967 0.0172836 3373.98 0.00069486 1 -0.0385491 -0.151523 0.05 13398.1
0 989 3 phononTS 0.000955538 2.69277 1.92842 0.0202697 7185.44 0.00034743 1 -0.104325 -0.195729 0.05 53158.7
0 995 1 phononTF 0.004 1.34418 -0.846395 0.0140323 0 0.00104229 1 0.0767323 -0.257631 0.05 1621.1
0 995 5 phononTS 0.00179926 0.0767323 -0.257631 0.049999 1621.1 0.00034743 1 0.0690447 -0.259889 0.05 1679
0 1006 2 phononTS 0.00228178 -0.726128 -0.30217 0.00647367 82.136 0.00104229 1 -0.0621151 -0.120242 0.05 476.248
0 1010 3 phononTF 0.00239199 0.264373 1.9906 -0.0219095 10983.8 0.00034743 1 -0.0848842 -0.202396 0.05 16406.1
0 1010 4 phononTS 0.00125424 -0.0848842 -0.202396 0.049999 16406.1 0.00034743 1 -0.110201 -0.154715 0.05 16484.9
0 1013 9 phononTS 0.00063568 1.91952 0.101943 0.049999 11567.6 0.00034743 1 -0.0240736 -0.119871 0.05 30135.1
0 1013 2 phononTS 0.00201133 0.472627 1.02474 0.046648 1995.52 0.00069486 1 0.0844548 -0.249338 0.05 19160.9
0 1023 2 phononTF 0.00123358 -0.260653 -2.16494 -0.00906686 26.4313 0.00069486 1 -0.0302704 -0.235497 0.05 1143.81
0 1024 18 phononTS 0.000405316 -0.0876386 0.073213 0.049999 12701.3 0.00034743 1 0.0216434 -0.164008 0.05 12828.8
0 1044 3 phononTF 0.00186907 -0.208011 -1.55907 -0.00700813 3388.79 0.00104229 1 0.087244 -0.270059 0.05 4818.06
0 1051 3 phononTF 0.00198074 -1.87595 -0.976769 -0.0129621 17232.8 0.00034743 1 0.0378126 -0.125184 0.05 26720.6
0 1066 1 phononTS 0.004 0.176711 -0.571173 -0.0208453 0 0.00138972 1 0.0509677 -0.278824 0.05 3597.54
0 1069 2 phononTF 0.0017273 0.460764 -0.367879 -0.0113067 2452.34 0.00034743 1 -0.101106 -0.249604 0.05 2922.07
0 1069 5 phononTS 0.000629119 -0.101106 -0.249604 0.049999 2922.07 0.00034743 1 -0.108785 -0.203387 0.05 3163.61
0 1076 1 phononTS 0.004 -0.859818 0.165047 -0.0306557 0 0.00208458 1 -0.0597454 -0.150362 0.05 822.772
0 1116 17 phononL 0.000843423 0.179076 0.0548305 0.049999 5220.29 0.00069486 1 -0.0843455 -0.165972 0.05 7266.56
0 1141 2 phononTS 0.00104946 -1.66789 -0.822835 -0.0100628 3794.67 0.00034743 1 -0.0277604 -0.293521 0.05 30122.3
0 1151 3 phononTF 0.00178685 -1.4079 0.949625 -0.00453369 910.913 0.00069486 1 0.098752 -0.164803 0.05 14048.1
0 1164 4 phononTF 0.00104435 -0.365094 0.0448147 0.049998 10655.4 0.00034743 1 -0.116176 -0.194625 0.05 10798.6
0 1166 3 phononTS 0.00168593 1.08249 -1.6609 -0.0243538 88.8707 0.00069486 1 0.110887 -0.162218 0.05 6181.62
0 1172 3 phononTF 0.00132344 -0.899309 -2.51299 0.0429742 6176.21 0.00034743 1 -0.0490804 -0.157456 0.05 44898.1
0 1172 4 phononTF 0.000593156 -0.0490804 -0.157456 0.049999 44898.1 0.00034743 1 0.0431296 -0.129688 0.05 58860.3
0 1174 15 phononTS 0.000484937 0.353837 0.0992401 0.049999 20115.9 0.00034743 1 0.0882688 -0.233276 0.05 20527.2
0 1200 5 phononTS 0.000811666 0.0599328 0.0454814 0.049999 9103.52 0.00034743 1 0.0840526 -0.129584 0.05 10949.8
0 1202 2 phononTS 0.00288732 -0.47219 0.0440998 0.049999 21075 0.00104229 1 0.0916702 -0.245219 0.05 24543
0 1212 12 phononTF 0.000635494 0.796079 0.0940594 0.049999 5310.66 0.00034743 1 -0.0794452 -0.216131 0.05 5929.17
0 1223 18 phononTS 0.00054931 0.657003 0.0518775 0.049999 27585.9 0.00034743 1 0.0701492 -0.266185 0.05 29028
0 1242 1 phononTF 0.004 -1.68558 0.408453 -0.0275204 0 0.00173715 1 0.0652163 -0.105394 0.05 2073.53
0 1242 6 phononTS 0.000542534 0.0652163 -0.105394 0.049999 2073.53 0.00034743 1 -0.105721 -0.2127 0.05 2685.86
0 1248 2 phononL 0.00255696 -0.498316 2.2735 -0.0138639 12624.4 0.00138972 1 0.0866942 -0.193237 0.05 20246.5
0 1250 28 phononTS 0.000463787 -2.6533 0.0421218 0.049999 9597.69 0.00034743 1 0.0309916 -0.229512 0.05 67352.6
0 1258 2 phononL 0.00231268 1.51304 -1.79339 -0.0272784 5820.01 0.00104229 1 -0.11691 -0.172899 0.05 8509.62
0 1274 18 phononTF 0.000879199 -0.11353 0.0995456 0.049999 13974.8 0.00034743 1 -0.073954 -0.19052 0.05 16965.5
0 1279 3 phononTF 0.0024176 0.322486 -2.81038 0.00374923 16206.9 0.00138972 1 -0.0383165 -0.129583 0.05 81743.5
0 1295 2 phononTS 0.00142618 -2.32104 -2.26661 -0.0168019 2119.39 0.00104229 1 -0.0758797 -0.127743 0.05 26274.2
0 1305 3 phononTF 0.00268976 -2.63368 -2.35937 0.0432821 8134.07 0.00104229 1 -0.0286675 -0.11249 0.05 27993.9
0 1327 1 phononTS 0.004 -0.0316267 -1.17731 0.0375956 0 0.00104229 1 -0.0985309 -0.185141 0.05 9570.12
0 1327 4 phononTF 0.00119838 -0.0985309 -0.185141 0.049999 9570.12 0.00104229 1 -0.0779994 -0.22461 0.05 9630.38
0 1331 3 phononTF 0.00249713 0.0290236 -1.28335 0.0203371 249.101 0.00034743 1 -0.0404069 -0.110863 0.05 6968.14
0 1356 6 phononTF 0.000630917 2.04295 -0.00029311 0.049999 20357.6 0.00034743 1 0.0453978 -0.125613 0.05 30289.4
0 1364 7 phononL 0.00127645 -0.976349 0.0126288 0.049998 12251.1 0.00069486 1 -0.0535982 -0.185475 0.05 33296.5
0 1369 3 phononL 0.00205308 0.241587 -0.838087 -0.00212241 620.021 0.00104229 1 -0.0468922 -0.274845 0.05 1432.28
0 1388 3 phononTF 0.00236765 -2.33233 -1.51851 0.0445698 23.0309 0.00069486 1 0.099805 -0.229693 0.05 11614.4
0 1391 3 phononTS 0.00064428 0.0286203 0.0832771 0.049999 272.467 0.00034743 1 0.0922688 -0.190146 0.05 401.064
0 1402 1 phononTS 0.004 -0.41377 0.00996723 0.0125874 0 0.00138972 1 -0.0639617 -0.116032 0.05 164.548
0 1415 3 phononL 0.00189489 -1.18032 0.481206 -0.0161014 100.969 0.00034743 1 0.0290288 -0.129767 0.05 22445.6
0 1429 4 phononTS 0.000370191 2.39036 0.048193 0.049999 20391.1 0.00034743 1 0.0451042 -0.209618 0.05 59125.5
0 1437 3 phononTF 0.00243187 0.682868 -0.162646 0.0419528 9737.12 0.00138972 1 0.0179174 -0.223424 0.05 10806
0 1465 4 phononTF 0.000746259 -0.0870475 0.0600415 0.049999 23265.9 0.00034743 1 0.115752 -0.206299 0.05 56956.1
0 1541 1 phononTF 0.004 0.294863 -0.14723 0.0333822 0 0.00138972 1 0.0655689 -0.10709 0.05 511.201
0 1541 3 phononTS 0.000436097 0.0655689 -0.10709 0.049999 511.201 0.00034743 1 0.0552649 -0.129697 0.05 567.845
0 1568 2 phononTS 0.00205619 -0.912744 -0.559489 0.00837434 7291.53 0.00069486 1 -0.046188 -0.241635 0.05 21908.1
0 1568 4 phononL 0.000890868 -0.046188 -0.241635 0.049999 21908.1 0.00034743 1 -0.0861253 -0.135234 0.05 21958.6
0 1570 2 phononTF 0.00203881 0.985123 -1.60745 0.0411096 3545.28 0.00069486 1 0.018825 -0.242127 0.05 13514.8
0 1587 5 phononTF 0.000535487 -0.260905 -0.00903246 0.049999 110.216 0.00034743 1 -0.0877687 -0.26656 0.05 290.277
0 1611 1 phononTS 0.004 -0.125612 -0.171967 0.0160769 0 0.00069486 1 -0.0539048 -0.189022 0.05 32.6041
0 1612 3 phononL 0.00175992 1.68442 0.654813 -0.00280473 244.157 0.00069486 1 0.0850908 -0.272272 0.05 4727.7
0 1624 12 phononL 0.000347886 -0.283226 0.0179447 0.049999 9629.68 0.00034743 1 -0.0922663 -0.193837 0.05 9699.35
0 1641 1 phononTF 0.004 1.07528 -0.0475857 -0.00358575 0 0.00208458 1 0.0245898 -0.179841 0.05 4054.48
0 1645 2 phononTS 0.0021259 2.37401 -1.60056 0.0250221 4415.18 0.00069486 1 0.056629 -0.26947 0.05 17320
0 1712 3 phononTF 0.00239194 -1.91561 -0.63998 -0.041933 5326.34 0.00069486 1 0.0962561 -0.162591 0.05 10060.3
0 1712 12 phononTS 0.000435133 0.0962561 -0.162591 0.049998 10060.3 0.00034743 1 -0.0525968 -0.167944 0.05 10152.8
0 1720 2 phononTS 0.00102948 -2.73309 -1.89954 -0.00595337 2178.22 0.00069486 1 0.0898539 -0.201577 0.05 4915.53
0 1729 3 phononTF 0.00248378 -0.028323 -2.49509 0.00118915 5556.81 0.00069486 1 0.036776 -0.192172 0.05 7633.67
0 1757 2 phononTS 0.00136962 -2.55273 2.74635 0.0432543 7729.11 0.00069486 1 -0.0640431 -0.294431 0.05 29399.9
0 1761 5 phononTF 0.000748483 0.945425 0.0140106 0.049999 501.561 0.00034743 1 0.0528186 -0.285084 0.05 801.057
0 1769 1 phononTF 0.004 -0.116027 -0.979864 0.0366405 0 0.00243201 1 0.0141965 -0.228426 0.05 2146.39
0 1801 1 phononTS 0.004 1.22942 0.293124 0.0121662 0 0.00138972 1 0.0562247 -0.225753 0.05 11449.2
0 1801 5 phononTF 0.000825632 0.0562247 -0.225753 0.049999 11449.2 0.00034743 1 0.0376968 -0.0963805 0.05 29113.4
0 1805 3 phononL 0.000966837 2.6924 2.84701 -0.0478615 663.631 0.00034743 1 -0.0839109 -0.259563 0.05 22479.2
0 1807 1 phononL 0.004 0.569765 0.811888 0.00849056 0 0.00069486 1 -0.0386838 -0.120969 0.05 2321.73
0 1832 2 phononTF 0.00141373 0.509987 -2.73203 0.0104826 123.877 0.00034743 1 -0.0437599 -0.17065 0.05 8306.48
0 1832 6 phononTS 0.000671848 -0.0437599 -0.17065 0.049999 8306.48 0.00034743 1 -0.116783 -0.217988 0.05 8380.87
0 1848 28 phononTF 0.000410516 -2.42229 0.0322509 0.049999 5662.64 0.00034743 1 -0.0436535 -0.233522 0.05 12713.3
0 1849 4 phononTF 0.00110815 -0.0347007 0.0621681 0.049999 16660.9 0.00069486 1 -0.0714149 -0.11435 0.05 16748.2
0 1850 3 phononTS 0.00170059 -1.72439 1.65837 -0.0186811 8782.49 0.00104229 1 0.0561416 -0.188158 0.05 58871.9
0 1905 2 phononTF 0.00146129 1.94062 -2.3457 0.0226482 540.285 0.00104229 1 0.0288883 -0.296827 0.05 26681.2
0 1928 2 phononTS 0.00250644 0.535494 -0.277078 -0.0284704 16.1163 0.00138972 1 0.0593909 -0.216842 0.05 518.413
0 1948 1 phononTF 0.004 -0.630734 -0.599062 -0.0019267 0 0.00138972 1 -0.0317311 -0.109129 0.05 765.107
0 1948 12 phononTS 0.000501834 -0.0317311 -0.109129 0.049999 765.107 0.00034743 1 -0.0211725 -0.248149 0.05 1017.76
0 1948 5 phononTS 0.000739839 -0.0317311 -0.109129 0.049999 765.107 0.00034743 1 -0.0391706 -0.197967 0.05 1723.15
0 1957 5 phononTS 0.000466207 -0.624077 0.102077 0.049999 11351.1 0.00034743 1 -0.0353741 -0.302946 0.05 12341.1
0 1971 4 phononTF 0.000704495 0.00410809 0.0489081 0.049999 9500.08 0.00034743 1 -0.0621451 -0.112633 0.05 9602.94
0 1982 3 phononL 0.00199701 -2.71614 -2.14049 0.000373356 1146.31 0.00069486 1 -0.103444 -0.197716 0.05 15384.5
0 2026 2 phononTF 0.00211516 -2.21163 -0.79747 0.0356823 13914.9 0.00069486 1 -0.0525128 -0.295243 0.05 16348.7
0 2032 8 phononTF 0.000573131 -0.0270353 0.0976677 0.049999 5720.26 0.00034743 1 0.0267613 -0.247499 0.05 6063.94
0 2037 4 phononL 0.00139818 0.551431 1.88996 0.00787702 6233.03 0.00034743 1 0.0732791 -0.263447 0.05 18025.1
0 2037 15 phononTS 0.00039902 0.0732791 -0.263447 0.049999 18025.1 0.00034743 1 0.108833 -0.211469 0.05 18095.2
0 2047 2 phononTF 0.0014375 0.518435 1.82512 -0.0303659 11948.8 0.00104229 1 0.0189318 -0.164725 0.05 25675.3
0 2070 24 phononTF 0.000397555 -1.45223 0.0843486 0.049998 2077.16 0.00034743 1 -0.115719 -0.199594 0.05 3174.27
0 2132 26 phononTS 0.000936328 0.224871 0.0164507 0.049999 6044.13 0.00034743 1 0.105055 -0.170816 0.05 6304.19
0 2146 6 phononTS 0.000470785 -1.63382 0.0668737 0.049999 3356.76 0.00034743 1 0.0366726 -0.19982 0.05 8173.2
0 2148 3 phononTF 0.000944382 -2.05495 -2.60596 -0.0348476 4387.85 0.00034743 1 -0.028757 -0.117337 0.05 20831.9
0 2151 2 phononTF 0.00240016 -0.613286 0.934293 -0.0107904 6414.62 0.00104229 1 -0.0896631 -0.251003 0.05 9715.25
0 2153 3 phononTF 0.00275168 1.17178 2.7995 -0.0115575 7401.91 0.00173715 1 0.118378 -0.203823 0.05 10152.9
0 2155 4 phononTS 0.000626707 0.677835 0.0180317 0.049999 32662.2 0.00034743 1 0.0483887 -0.253759 0.05 72888.5
0 2185 3 phononTF 0.00294044 1.76086 -0.307064 0.0288559 693.46 0.00104229 1 -0.0299298 -0.140163 0.05 18343.5
0 2185 11 phononTS 0.000836651 -0.0299298 -0.140163 0.049998 18343.5 0.00069486 1 0.0315226 -0.226916 0.05 18953.7
0 2188 2 phononTF 0.00261833 -0.490342 -0.620848 0.0381511 9445.18 0.00138972 1 -0.104118 -0.231702 0.05 9689.64
0 2195 1 phononTF 0.004 0.267596 -0.872334 -0.0364313 0 0.00208458 1 -0.110315 -0.230019 0.05 1474.91
0 2208 7 phononTS 0.000597465 1.65653 0.0163385 0.049999 4354.92 0.00034743 1 -0.0404922 -0.234903 0.05 13083
0 2214 17 phononTS 0.000665058 -2.29 0.0308468 0.049999 11402 0.00034743 1 0.039078 -0.227727 0.05 14903.8
0 2241 3 phononL 0.00288363 -0.822924 -0.292978 -0.0121345 15427.1 0.00138972 1 0.0255347 -0.11669 0.05 17849.1
0 2250 6 phononTS 0.000409139 -2.30149 0.0530413 0.049999 2996.03 0.00034743 1 -0.0185679 -0.23739 0.05 12753.5
0 2258 3 phononL 0.00200694 -2.12925 -1.4231 0.0176762 14277 0.00034743 1 0.0705783 -0.234017 0.05 18725.3
0 2258 5 phononTS 0.000485449 0.0705783 -0.234017 0.049998 18725.3 0.00034743 1 0.112437 -0.239884 0.05 18990
0 2269 2 phononTF 0.00205924 -2.35041 2.27484 0.00741468 1796.35 0.00069486 1 -0.0969785 -0.207178 0.05 13857.2
0 2281 17 phononTS 0.000404143 2.34136 0.0749193 0.049999 12821.4 0.00034743 1 0.0362391 -0.292324 0.05 43208.2
0 2295 2 phononTS 0.00214348 0.40272 -1.85866 0.00609325 1114.04 0.00138972 1 -0.0628795 -0.263707 0.05 8536.09
0 2303 2 phononTF 0.00186607 -2.80643 2.11086 0.0138602 27.0285 0.00034743 1 -0.0919796 -0.131734 0.05 16619.4
0 2303 22 phononTS 0.00112991 -0.0919796 -0.131734 0.049999 16619.4 0.00034743 1 0.0643092 -0.25712 0.05 16779.3
0 2324 3 phononTS 0.00134674 2.38778 -0.665975 0.02835 19.9862 0.00069486 1 0.0388369 -0.204496 0.05 17064.8
0 2334 4 phononTF 0.000370768 -2.16004 0.000690738 0.049999 17047.5 0.00034743 1 0.055502 -0.286862 0.05 71043.5
0 2357 4 phononTF 0.00183324 1.43924 1.37059 0.037009 15390.7 0.00069486 1 0.036318 -0.300892 0.05 17995.2
0 2357 17 phononTF 0.00082603 0.036318 -0.300892 0.049999 17995.2 0.00034743 1 -0.0228826 -0.188417 0.05 18137
0 2360 26 phononTS 0.000387004 -0.587588 0.0242903 0.049999 11187.6 0.00034743 1 0.0901418 -0.231339 0.05 11936
0 2370 3 phononTF 0.00238328 -1.93007 -1.04026 -0.0369808 12772 0.00034743 1 0.104644 -0.168904 0.05 22886.5
0 2386 2 phononTF 0.0011477 1.66221 -2.76263 0.0149842 8814.55 0.00069486 1 -0.0421486 -0.296358 0.05 10413.5
0 2429 3 phononTS 0.00238243 -0.0625611 2.85763 -0.0395267 968.375 0.00104229 1 -0.104035 -0.242007 0.05 26249.6
0 2437 4 phononTS 0.00151065 1.38118 0.0797812 0.049999 6473.56 0.00069486 1 -0.0620793 -0.122032 0.05 21785
0 2461 3 phononTS 0.00254894 -0.872988 -1.19101 -0.0109938 12235 0.00104229 1 0.0701744 -0.236026 0.05 13851
0 2461 6 phononTF 0.000428051 0.0701744 -0.236026 0.049999 13851 0.00034743 1 0.0528731 -0.237049 0.05 13923.3
0 2463 4 phononTS 0.00134851 1.05555 1.94903 0.0431814 11729.7 0.00069486 1 0.0311394 -0.142146 0.05 35066.8
0 2499 1 phononTS 0.004 -1.24563 -1.80144 0.00851515 0 0.00138972 1 -0.0496936 -0.101524 0.05 8153.49
0 2499 4 phononTF 0.000660996 -0.0496936 -0.101524 0.049999 8153.49 0.00034743 1 -0.0522977 -0.157179 0.05 8216.53
0 2503 3 phononL 0.00227099 -0.203738 -0.433182 -0.00143265 7388.45 0.00069486 1 0.0107675 -0.206831 0.05 7572.72
0 2504 3 phononL 0.00256337 -0.603885 -0.555236 0.0057967 2679.6 0.00069486 1 -0.0596341 -0.226133 0.05 3178.05
0 2504 5 phononTF 0.000792828 -0.0596341 -0.226133 0.049999 3178.05 0.00034743 1 0.0657501 -0.110305 0.05 3264.51
0 2517 5 phononTS 0.00155594 -1.68329 -0.490097 -0.0449502 16016 0.00104229 1 0.0815065 -0.154994 0.05 17876.7
0 2522 3 phononTS 0.000798067 2.4314 -1.50229 0.0124471 996.579 0.00034743 1 -0.0606982 -0.212629 0.05 4402.61
0 2530 3 phononTS 0.00246642 0.429441 -1.09486 0.0365084 3417.78 0.00104229 1 0.11929 -0.195473 0.05 4372.88
0 2565 1 phononTS 0.004 0.114458 -0.409377 -0.0287861 0 0.00138972 1 0.040404 -0.265888 0.05 172.006
0 2584 1 phononTS 0.004 0.202215 0.152457 0.0103194 0 0.00208458 1 -0.055042 -0.177644 0.05 2677.84
0 2584 8 phononTS 0.000440349 -0.055042 -0.177644 0.049999 2677.84 0.00034743 1 -0.0932264 -0.157262 0.05 2904.21
0 2594 2 phononTF 0.00079157 0.427145 2.81029 0.0433404 12311 0.00034743 1 0.0499579 -0.0992333 0.05 23690.9
0 2597 4 phononTS 0.000688999 -0.357145 0.0778513 0.049998 198.191 0.00034743 1 -0.0655871 -0.105836 0.05 955.982
0 2612 3 phononTS 0.00334973 -0.315885 1.52194 -0.00776105 1059.64 0.00104229 1 0.105654 -0.175962 0.05 9767.05
0 2631 2 phononL 0.00131505 -1.67657 -0.202099 -0.00860749 1622.15 0.00069486 1 -0.0288338 -0.23888 0.05 26011.3
0 2636 3 phononTS 0.00183177 2.71203 -1.24466 0.00987491 14769.5 0.00034743 1 -0.0546075 -0.245177 0.05 24711.5
0 2649 3 phononTF 0.00157709 -0.875745 1.97697 0.0105036 4434.44 0.00034743 1 0.106163 -0.186595 0.05 18441.6
0 2649 4 phononTF 0.000938754 0.106163 -0.186595 0.049999 18441.6 0.00069486 1 0.0546013 -0.195865 0.05 18783.7
0 2668 1 phononTF 0.004 -0.561545 -0.942401 0.00959235 0 0.00104229 1 0.0450204 -0.194322 0.05 2767.71
0 2668 2 phononTS 0.000556332 0.0450204 -0.194322 0.049999 2767.71 0.00034743 1 0.0679208 -0.168799 0.05 2841.03
0 2675 2 phononTS 0.00230993 -2.84008 2.75559 -0.0458682 7148.81 0.00104229 1 -0.0164515 -0.162559 0.05 31243.8
0 2678 3 phononTS 0.000687928 0.643506 0.0977074 0.049998 554.034 0.00034743 1 -0.03861 -0.175056 0.05 1534.63
0 2678 23 phononTS 0.000771889 1.58624 0.0672476 0.049998 1367.73 0.00034743 1 -0.112148 -0.21228 0.05 4300.53
0 2679 3 phononTF 0.00202213 0.900502 1.835 -0.0189368 7933.82 0.00138972 1 0.110427 -0.204849 0.05 15435.6
0 2715 3 phononTF 0.00239804 0.277494 -2.81609 -0.0362843 18.3228 0.00069486 1 -0.093599 -0.218224 0.05 20763
0 2738 10 phononTF 0.000580002 1.21177 0.0334164 0.049998 5184.93 0.00034743 1 0.0822247 -0.199713 0.05 6014.9
0 2743 2 phononTS 0.0021573 2.40859 2.43352 0.00113558 12523.3 0.00069486 1 0.0337089 -0.235139 0.05 24798
0 2765 2 phononL 0.00219394 0.0348261 0.0134848 0.049999 1761.64 0.00104229 1 0.104685 -0.208186 0.05 1822.72
0 2793 4 phononTF 0.000649347 2.52187 0.0939797 0.049999 86.8447 0.00034743 1 -0.0975156 -0.148636 0.05 3468.33
0 2797 7 phononTS 0.000387076 0.480503 0.0425919 0.049999 1333.42 0.00034743 1 0.0577246 -0.235239 0.05 32101.6
0 2812 6 phononTS 0.00103274 -1.93929 2.08832 0.00742173 31245.2 0.00069486 1 0.11538 -0.233816 0.05 37136.5
0 2836 1 phononTF 0.004 0.426887 -0.506059 -0.0385869 0 0.00069486 1 -0.0465281 -0.135298 0.05 1426.53
0 2862 3 phononTS 0.00140896 -0.329775 1.81897 -0.0368722 2768.17 0.00069486 1 -0.0829715 -0.152296 0.05 21326.1
0 2869 14 phononTS 0.00180364 2.75053 -1.215 -0.0449685 5335.56 0.00069486 1 -0.0597592 -0.180272 0.05 16361.4
0 2879 3 phononL 0.00100209 -0.868567 0.373261 0.04056 54.8296 0.00034743 1 -0.0975733 -0.148582 0.05 2440.87
0 2891 4 phononTS 0.00067947 -2.58441 0.439005 0.032345 8196.76 0.00034743 1 -0.0720336 -0.184612 0.05 17685.5
0 2899 5 phononTF 0.000923106 -0.0368019 0.00982018 0.049999 213.897 0.00034743 1 -0.0556429 -0.212577 0.05 541.388
0 2900 3 phononTS 0.00187231 -1.62611 2.66796 0.0222977 1545.39 0.00069486 1 -0.0583454 -0.224954 0.05 23742.1
0 2919 2 phononTF 0.00119898 -2.75367 1.00002 -0.0135381 3347.97 0.00069486 1 -0.0768697 -0.257016 0.05 29453.7
0 2952 1 phononTS 0.004 0.576975 -0.682969 0.0244427 0 0.00138972 1 0.0806216 -0.261211 0.05 523.269
0 2960 3 phononL 0.00243603 0.0517931 -0.195028 0.0390323 5277.4 0.00034743 1 0.0304332 -0.180691 0.05 5282.6
0 2960 2 phononTS 0.00156397 0.0517931 -0.195028 0.0390323 5277.4 0.00034743 1 0.0944606 -0.138415 0.05 14178.2
0 2960 26 phononTS 0.000728338 0.0944606 -0.138415 0.049999 14178.2 0.00034743 1 0.0435689 -0.297104 0.05 14470.9
0 2979 2 phononTS 0.00098432 -2.8741 0.0141244 0.049999 751.547 0.00034743 1 -0.0459075 -0.297529 0.05 2384.12
0 2979 27 phononTS 0.00054228 -0.0459075 -0.297529 0.049999 2384.12 0.00034743 1 -0.0356273 -0.299237 0.05 2712.38
0 2984 4 phononL 0.000531205 -0.815362 0.0233832 0.049999 27925.6 0.00034743 1 -0.106271 -0.23586 0.05 28487
0 2985 1 phononTS 0.004 0.369941 -1.30429 0.0233771 0 0.00104229 1 0.0848433 -0.198559 0.05 960.488
0 2998 8 phononTS 0.00173937 -0.511593 0.0126185 0.049999 15355.7 0.00034743 1 -0.09404 -0.131864 0.05 15527
0 3026 2 phononTF 0.0020785 1.81325 -0.856437 -0.0208606 9256.15 0.00104229 1 -0.0191936 -0.18569 0.05 11933.6
0 3049 8 phononTS 0.000387784 0.225123 0.0376373 0.049999 32802.6 0.00034743 1 -0.0412517 -0.159534 0.05 35073.3
0 3056 2 phononTF 0.00136239 -0.849832 0.718705 -0.00767005 6023.9 0.00069486 1 -0.0284463 -0.296945 0.05 12368.4
0 3058 2 phononL 0.00285788 2.6981 1.13069 -0.0151774 3086.5 0.00069486 1 0.0767984 -0.241583 0.05 11945.4
0 3063 5 phononTS 0.00167213 -0.391347 0.0806935 0.049999 29607.8 0.00104229 1 0.0314233 -0.232246 0.05 30103.8
0 3063 4 phononTS 0.000726958 -0.391347 0.0806935 0.049999 29607.8 0.00069486 1 0.0253768 -0.23773 0.05 29941.7
0 3091 3 phononTF 0.00208389 0.954482 2.40177 0.00268696 2117.52 0.00069486 1 0.0886094 -0.176769 0.05 27476.1
0 3096 3 phononTS 0.00249441 -1.07616 2.32256 -0.0399378 5200.15 0.00069486 1 -0.072749 -0.184238 0.05 13568.2
0 3096 4 phononTS 0.000540781 -0.072749 -0.184238 0.049999 13568.2 0.00034743 1 -0.0551595 -0.157019 0.05 13681.5
0 3120 2 phononTF 0.0021637 -1.25828 2.72782 0.0179453 2743.62 0.00069486 1 0.102819 -0.175443 0.05 43127
0 3129 4 phononTS 0.000628947 -0.608071 -1.37835 0.024995 10421.3 0.00034743 1 -0.0652297 -0.120728 0.05 36041.7
0 3133 3 phononL 0.0024193 -2.62882 2.59802 0.0288106 848.925 0.00069486 1 -0.0398136 -0.189912 0.05 27145.3
0 3164 1 phononTS 0.004 1.95809 -0.607837 0.0155772 0 0.00208458 1 0.0323569 -0.257744 0.05 6017.23
0 3168 2 phononTS 0.0015406 -2.80383 1.11507 -0.0118134 531.013 0.00069486 1 0.0575901 -0.210226 0.05 16653.5
0 3173 2 phononTF 0.00303048 -0.55895 -0.652124 -0.038695 37.401 0.00069486 1 -0.0640342 -0.261947 0.05 1769.34
0 3173 4 phononTF 0.000803694 -0.0640342 -0.261947 0.049999 1769.34 0.00034743 1 -0.0904121 -0.205626 0.05 5131.72
0 3193 1 phononL 0.004 -1.24492 0.000749725 0.0299833 0 0.00208458 1 -0.10782 -0.200919 0.05 2785.17
0 3197 6 phononTF 0.000496745 0.332219 0.0903033 0.049999 9550.35 0.00034743 1 0.0735095 -0.207541 0.05 10912.8
0 3211 10 phononTS 0.00190809 -0.653669 2.26814 0.0423438 16222 0.00104229 1 0.0609313 -0.247349 0.05 23636.9
0 3222 14 phononTS 0.0011385 -0.485291 -0.826385 0.0196351 2030.38 0.00034743 1 -0.0561319 -0.167518 0.05 28097.4
0 3240 4 phononTF 0.000455126 -1.19518 0.0250081 0.049998 1194.82 0.00034743 1 0.0267383 -0.177538 0.05 7531.31
0 3263 5 phononTS 0.00111122 0.0704257 0.0722814 0.049999 11044.8 0.00034743 1 -0.0389017 -0.0945157 0.05 11301.2
0 3276 2 phononTF 0.00191721 -0.343454 0.804863 0.0334987 6236.17 0.00069486 1 -0.118477 -0.186993 0.05 21311.9
0 3281 2 phononTS 0.000569323 1.47774 2.50359 -0.00848918 2286.71 0.00034743 1 0.024865 -0.14561 0.05 11764.2
0 3286 2 phononTS 0.00163563 -2.12424 -2.4002 -0.0113975 15373.1 0.00069486 1 0.0461887 -0.195051 0.05 17861
0 3286 24 phononL 0.0007962 0.0461887 -0.195051 0.049999 17861 0.00034743 1 0.0769033 -0.254353 0.05 18195.2
0 3295 2 phononTF 0.00200256 -2.81339 -1.15105 -0.0255707 211.129 0.00138972 1 -0.0324852 -0.216761 0.05 6290.16
0 3296 2 phononTS 0.00135084 -0.196158 -2.70791 0.00246149 13204.6 0.00034743 1 -0.0336622 -0.129356 0.05 43268.5
0 3300 2 phononTF 0.00128516 2.55181 -1.62321 0.0345081 14390.3 0.00069486 1 -0.0651708 -0.151353 0.05 21909.3
0 3309 4 phononTS 0.00150038 0.364181 0.0902028 0.049999 12916.4 0.00034743 1 0.0187783 -0.220565 0.05 13829.5
0 3309 8 phononL 0.000572941 0.0187783 -0.220565 0.049999 13829.5 0.00034743 1 0.0731992 -0.15668 0.05 13947.5
0 3328 15 phononTS 0.00149047 0.129854 -0.0623251 -0.0417174 5178.01 0.00104229 1 0.047521 -0.156913 0.05 5235.46
0 3338 3 phononTS 0.00133614 0.0710991 2.85361 0.00468527 4886.02 0.00069486 1 -0.0712111 -0.136521 0.05 6090.15
0 3359 3 phononTF 0.0025209 2.86696 -1.87372 0.0469937 13101 0.00138972 1 -0.0461701 -0.254987 0.05 20310.8
0 3405 1 phononTS 0.004 0.332869 -2.40921 0.0291064 0 0.00104229 1 0.0761883 -0.277055 0.05 7000.34
0 3405 7 phononTS 0.000446836 0.0761883 -0.277055 0.049999 7000.34 0.00034743 1 0.0386278 -0.233729 0.05 7064.51
0 3422 2 phononL 0.00224552 2.49477 -1.48905 0.0431838 13883 0.00069486 1 0.0562926 -0.107997 0.05 34897
0 3423 4 phononTF 0.000399498 -1.83137 0.0592554 0.049999 3603.93 0.00034743 1 -0.0698528 -0.163658 0.05 41684.9
0 3459 1 phononL 0.004 -0.386348 -0.0734484 -0.0046818 0 0.00104229 1 0.0366461 -0.153348 0.05 431.119
0 3476 5 phononTS 0.00157544 0.62357 -1.09672 0.00641943 7165.66 0.00069486 1 -0.0711655 -0.212969 0.05 30109.8
0 3483 2 phononTS 0.00055131 2.2776 0.0825259 0.049999 394.626 0.00034743 1 -0.0456809 -0.101815 0.05 10921
0 3487 24 phononL 0.000523433 0.0889923 0.0473895 0.049999 12378.5 0.00034743 1 -0.0294004 -0.211779 0.05 21095.2
0 3507 4 phononTS 0.00104831 0.0306942 0.0928652 0.049999 17678.9 0.00034743 1 0.0620023 -0.286324 0.05 26597.1
0 3513 4 phononTS 0.000857655 -1.28596 0.0605468 0.049999 15012.9 0.00034743 1 -0.0928343 -0.167437 0.05 51135.9
0 3517 4 phononTS 0.000406234 0.468256 0.0225993 0.049999 3975.69 0.00034743 1 0.0535351 -0.291549 0.05 5071.26
0 3552 5 phononTS 0.00105085 -1.01519 1.20537 -0.00329899 4311.45 0.00034743 1 0.029507 -0.212981 0.05 23285.8
0 3556 2 phononTF 0.000379363 -1.91459 -0.874425 0.00926237 2967.27 0.00034743 1 -0.0712057 -0.286135 0.05 17931.1
0 3560 2 phononTS 0.00232189 -2.81861 1.4149 -0.0132447 1777.99 0.00069486 1 -0.076315 -0.246393 0.05 18960.1
0 3564 3 phononTS 0.0021586 -1.53515 -2.88227 -0.0429173 3417.57 0.00104229 1 0.0519233 -0.238476 0.05 44328.4
0 3567 1 phononTS 0.004 -0.37268 -0.0348721 -0.0305608 0 0.00173715 1 0.091143 -0.237102 0.05 407.074
0 3574 3 phononTF 0.0025432 0.711477 0.884636 0.00556593 1115.1 0.00104229 1 0.036127 -0.295465 0.05 56509.4
0 3574 9 phononTF 0.000426598 0.036127 -0.295465 0.049999 56509.4 0.00034743 1 -0.0158834 -0.232918 0.05 56746.1
0 3574 5 phononTF 0.000378811 0.036127 -0.295465 0.049999 56509.4 0.00034743 1 -0.0471439 -0.21399 0.05 56589
0 3579 22 phononTS 0.000379582 -0.531753 0.034117 0.049999 6095.46 0.00034743 1 -0.0640684 -0.108038 0.05 6643.14
0 3588 10 phononTS 0.000427991 -1.08843 0.0127152 0.049999 6012.97 0.00034743 1 0.0243266 -0.133622 0.05 10504.7
0 3595 19 phononTF 0.00053731 0.937937 0.034809 0.049998 24056.6 0.00034743 1 0.0681376 -0.200322 0.05 76430.5
0 3603 2 phononTS 0.0023194 -1.73625 -0.989543 0.0133331 5534.3 0.00034743 1 -0.0830757 -0.26222 0.05 6926.9
0 3615 4 phononTS 0.000435772 -1.26158 0.0853735 0.049999 8114.36 0.00034743 1 -0.0350967 -0.259473 0.05 24669.3
0 3627 2 phononTF 0.00135553 2.09716 -2.41828 0.0304827 1671.75 0.00069486 1 -0.0327188 -0.225574 0.05 32711.2
0 3633 3 phononL 0.00200043 1.67031 -1.95438 4.16331e-05 9814.83 0.00138972 1 0.107547 -0.159255 0.05 14202.7
0 3642 2 phononTS 0.00203764 2.41797 -1.26377 -0.0162828 1082.4 0.00069486 1 -0.0632656 -0.113756 0.05 7893.17
0 3642 19 phononTS 0.000695402 -0.0632656 -0.113756 0.049999 7893.17 0.00034743 1 0.0782021 -0.247799 0.05 8692.3
0 3668 6 phononTS 0.000450888 0.406025 0.0126546 0.049999 25386.3 0.00034743 1 0.0739412 -0.275012 0.05 51321.1
0 3679 2 phononTS 0.00217041 -1.43826 0.293652 -0.0334736 3484.86 0.00104229 1 -0.0896052 -0.129976 0.05 35714.6
0 3696 5 phononTS 0.00190962 -2.0557 -1.84159 -0.0251437 28007.1 0.00138972 1 0.0967909 -0.253241 0.05 49778.4
0 3700 2 phononTF 0.000731742 2.62638 -2.00047 -0.0220693 11.5888 0.00034743 1 0.0609616 -0.234306 0.05 5247.98
0 3714 5 phononTS 0.00187293 0.0942868 0.0948608 0.049999 2149.38 0.00104229 1 -0.0199066 -0.234957 0.05 9809.61
0 3715 3 phononTS 0.00221703 -2.6262 1.52793 0.0310067 10485.9 0.00138972 1 -0.0366497 -0.28605 0.05 18642.7
0 3731 2 phononL 0.00258307 -0.335372 1.98787 -0.0372401 62.8663 0.00104229 1 -0.105839 -0.227828 0.05 6334.99
0 3731 17 phononL 0.000376052 -0.105839 -0.227828 0.049999 6334.99 0.00034743 1 -0.0805612 -0.233324 0.05 6615.64
0 3737 1 phononTS 0.004 -1.0863 -1.04735 -0.0228202 0 0.00138972 1 -0.10115 -0.192933 0.05 3747.32
0 3737 9 phononTF 0.000437189 -0.10115 -0.192933 0.049999 3747.32 0.00034743 1 -0.0537251 -0.288008 0.05 3893.03
0 3746 4 phononTS 0.000521577 0.194344 0.0653053 0.049999 65386.7 0.00034743 1 -0.0410763 -0.232435 0.05 66515.5
0 3752 3 phononTS 0.00140529 -1.65394 -2.19763 -0.0117187 9353.66 0.00034743 1 -0.0343383 -0.137329 0.05 19253.2
0 3765 24 phononTS 0.000695511 0.0887885 0.00116943 0.049999 14106 0.00034743 1 -0.100233 -0.257549 0.05 17218.9
0 3779 4 phononTS 0.00168071 2.62207 0.020702 0.049998 24326.5 0.00069486 1 -0.107143 -0.244163 0.05 34138.2
0 3790 17 phononTS 0.000385332 0.106109 0.0472226 0.049999 18834.8 0.00034743 1 -0.06728 -0.289363 0.05 23515.3
0 3801 3 phononTF 0.00222577 2.03967 -0.79013 0.0318102 4869.77 0.00104229 1 0.0815178 -0.253725 0.05 7028.73
0 3836 4 phononTF 0.000785863 2.21367 0.0339601 0.049999 15160.3 0.00034743 1 0.0558206 -0.271057 0.05 19908
0 3852 2 phononTS 0.00147534 1.444 0.0793638 0.049999 450.376 0.00104229 1 -0.0899336 -0.216744 0.05 1171.62
0 3853 7 phononTF 0.00147459 1.51372 -1.60953 0.0163016 40526.2 0.00104229 1 -0.0845403 -0.132452 0.05 44531.9
0 3857 3 phononL 0.0019529 -0.880776 -1.11782 0.00214215 1716.09 0.00104229 1 -0.0686649 -0.199814 0.05 3360.61
0 3870 2 phononTF 0.00127684 -0.360068 1.68807 -0.0149145 2373.36 0.00034743 1 0.0594243 -0.186207 0.05 7003.39
0 3871 2 phononTS 0.00181025 -0.673659 -1.87039 -0.0177664 4391.24 0.00034743 1 -0.0613844 -0.197098 0.05 18940.1
0 3876 6 phononTF 0.000426699 2.5209 0.0962617 0.049999 46516.8 0.00034743 1 -0.0596246 -0.200245 0.05 63423.2
0 3878 3 phononTF 0.00229991 1.96104 -2.58895 -0.0446546 243.767 0.00069486 1 0.080343 -0.180329 0.05 10271.6
0 3878 4 phononTS 0.0012747 0.080343 -0.180329 0.049999 10271.6 0.00034743 1 0.0733438 -0.195634 0.05 10331.6
0 3897 1 phononTF 0.004 -1.77456 -2.58899 0.0229104 0 0.00173715 1 0.0899584 -0.137582 0.05 14159.3
0 3914 16 phononTF 0.00134606 0.407414 0.054987 0.049999 38563.6 0.00034743 1 -0.0511535 -0.265055 0.05 39516.6
0 3914 28 phononTS 0.000411066 -0.0511535 -0.265055 0.049998 39516.6 0.00034743 1 -0.079043 -0.242825 0.05 39581.5
0 3920 7 phononTS 0.000458676 0.0412546 0.0706957 0.049999 27599.8 0.00034743 1 -0.0580792 -0.111657 0.05 33870.4
0 3947 15 phononTF 0.000404091 0.710007 0.0202062 0.049999 49662.9 0.00034743 1 0.100336 -0.208009 0.05 50156
0 3966 3 phononTS 0.00103426 -1.2182 -0.470934 -0.028302 179.949 0.00069486 1 -0.067621 -0.268639 0.05 9905.11
0 3979 5 phononTF 0.000564078 -0.629726 0.0810839 0.049999 14190.8 0.00034743 1 0.049542 -0.251684 0.05 14622.8
0 3991 7 phononTF 0.000583213 0.220167 0.105269 0.049999 5047.93 0.00034743 1 0.0726426 -0.129192 0.05 5334.31
0 3992 1 phononTF 0.004 1.02987 0.700669 -0.00864034 0 0.00208458 1 -0.0260289 -0.191202 0.05 3209.96
0 4004 8 phononTS 0.0007327 -2.35238 0.0280413 0.049999 15017.1 0.00034743 1 -0.0714604 -0.270079 0.05 32291.3
0 4034 2 phononTF 0.000966616 2.71963 0.321532 -0.0149285 13543.2 0.00069486 1 0.0636804 -0.154762 0.05 27761.1
0 4035 4 phononL 0.000806342 -0.851433 0.0717462 0.049999 3218.26 0.00034743 1 0.0528266 -0.177336 0.05 4286.97
0 4044 6 phononTS 0.000358158 -2.32047 0.0755896 0.049999 1552.39 0.00034743 1 -0.0563518 -0.120817 0.05 7374.29
0 4051 17 phononTF 0.000404452 0.413593 0.0282174 0.049999 24801.1 0.00034743 1 0.019951 -0.239532 0.05 25622
0 4071 3 phononTS 0.00117416 2.3413 2.77026 0.0435407 1512.03 0.00069486 1 -0.0380858 -0.130534 0.05 21784
0 4099 7 phononL 0.000384297 -2.51078 0.042053 0.049999 17177.1 0.00034743 1 -0.101369 -0.194299 0.05 19542.2
0 4116 2 phononTS 0.00137994 2.18165 -0.720899 0.043936 1226.22 0.00069486 1 0.0612652 -0.147393 0.05 3000.78
0 4125 1 phononTS 0.004 -0.120274 0.0661107 0.00176219 0 0.00104229 1 -0.0887874 -0.156716 0.05 540.05
0 4125 2 phononTS 0.000730093 -0.0887874 -0.156716 0.049999 540.05 0.00034743 1 -0.0799499 -0.1594 0.05 597.307
0 4146 24 phononL 0.000756372 -0.494219 0.0357938 0.049999 6228.23 0.00034743 1 -0.0864227 -0.164365 0.05 6480.82
0 4152 1 phononTF 0.004 -1.06911 -0.0548841 0.0337334 0 0.00138972 1 0.0387494 -0.106443 0.05 1064.79
0 4171 22 phononTS 0.000394877 0.139157 0.0869328 0.049999 33493 0.00034743 1 0.115437 -0.189185 0.05 34522.3
0 4186 3 phononL 0.00211638 -1.36289 1.56434 -0.0199238 3926.41 0.00069486 1 0.0529713 -0.14083 0.05 16567.3
0 4236 3 phononTF 0.00175813 2.86505 0.944769 0.0118504 54.6299 0.00104229 1 0.0216543 -0.184976 0.05 7513.67
0 4242 1 phononTS 0.004 -0.220769 -0.473917 0.00179732 0 0.00104229 1 -0.0866079 -0.187067 0.05 680.061
0 4246 2 phononTF 0.0014231 0.734503 -2.22894 -0.0246948 3161.57 0.00069486 1 0.0857479 -0.181638 0.05 7818.6
0 4251 3 phononTS 0.002212 -2.62234 1.80563 -0.0427638 1803.95 0.00104229 1 -0.0408697 -0.267315 0.05 39751.1
0 4269 4 phononTF 0.00202439 -1.085 2.66975 0.0323762 30042.8 0.00069486 1 -0.0436061 -0.18147 0.05 33313
0 4269 6 phononTS 0.0010475 -0.0436061 -0.18147 0.049999 33313 0.00034743 1 -0.0501684 -0.194377 0.05 33372.5
0 4279 2 phononTS 0.00169674 -2.31418 2.73705 0.0258341 1542.76 0.00104229 1 0.0360675 -0.264018 0.05 19806.5
0 4282 7 phononTF 0.000563208 -2.21062 0.0826472 0.049999 284.303 0.00034743 1 -0.0481216 -0.219692 0.05 2395.41
0 4283 1 phononTF 0.004 0.287068 -0.286374 0.0265794 0 0.00138972 1 -0.055909 -0.227912 0.05 359.757
0 4283 3 phononTF 0.00139824 -0.055909 -0.227912 0.049999 359.757 0.00034743 1 -0.0215132 -0.232129 0.05 428.372
0 4283 25 phononTF 0.000751918 -0.0215132 -0.232129 0.049998 428.372 0.00034743 1 -0.0574956 -0.106136 0.05 936.094
0 4284 1 phononTF 0.004 -0.681773 -0.644286 0.0295727 0 0.00069486 1 0.022142 -0.229883 0.05 8829.46
0 4289 3 phononTS 0.00146192 1.34222 -1.38339 -0.000781513 8901.15 0.00069486 1 -0.054492 -0.178576 0.05 28337.6
0 4290 3 phononTS 0.00176133 -0.323646 2.81337 -0.0119263 6615.11 0.00069486 1 -0.0292476 -0.132266 0.05 27900.7
0 4294 1 phononTS 0.004 0.363928 -1.91155 -0.00964391 0 0.00138972 1 -0.0418573 -0.239768 0.05 2788.03
0 4294 4 phononTF 0.000808531 -0.0418573 -0.239768 0.049999 2788.03 0.00034743 1 0.0843442 -0.23379 0.05 2991.09
0 4320 26 phononTF 0.000375463 2.63175 0.0090172 0.049999 7302.47 0.00034743 1 0.0647152 -0.261107 0.05 13480.1
0 4324 3 phononL 0.00252772 -2.29313 -2.57807 0.0297152 7032.59 0.00104229 1 0.0834092 -0.230214 0.05 24145.9
0 4324 10 phononTS 0.000636013 0.0834092 -0.230214 0.049999 24145.9 0.00034743 1 0.0789265 -0.239645 0.05 24202.8
0 4326 5 phononTF 0.000868581 2.53832 -2.64189 -0.032674 14652.4 0.00034743 1 0.0152001 -0.188599 0.05 18056.8
0 4339 4 phononL 0.000772938 0.163362 0.0692559 0.049999 7611.29 0.00034743 1 0.0451881 -0.271503 0.05 8626.69
0 4346 3 phononTF 0.00137835 0.205489 2.11869 0.0308011 174.367 0.00034743 1 0.0495702 -0.236299 0.05 15955.6
0 4346 5 phononTS 0.000735317 0.0495702 -0.236299 0.049999 15955.6 0.00034743 1 0.0585395 -0.284531 0.05 16019.8
0 4378 3 phononTS 0.00188615 0.830453 1.32153 -0.00561927 3979.93 0.00069486 1 0.0274331 -0.28471 0.05 6730.29
0 4402 2 phononTS 0.00217156 1.79922 0.658368 -0.0206512 7899.66 0.00104229 1 0.0443176 -0.296086 0.05 45585.4
0 4403 8 phononTS 0.000816594 -1.70104 0.0196183 0.049999 4228.97 0.00034743 1 -0.0399278 -0.297784 0.05 15214.7
0 4434 3 phononL 0.00109864 -2.77663 -1.24346 -0.0130503 1508.54 0.00034743 1 -0.0980195 -0.250901 0.05 12130.1
0 4435 2 phononTF 0.00102172 1.89835 2.77441 -0.0227406 8265.12 0.00069486 1 0.112665 -0.200484 0.05 16847.3
0 4437 3 phononTS 0.0018883 -0.0923142 -2.50042 -0.0374087 10496 0.00069486 1 -0.0703252 -0.216663 0.05 23246.4
0 4502 3 phononTF 0.00113341 -1.50063 0.461055 -0.0439644 310.172 0.00069486 1 -0.0544075 -0.242911 0.05 20189.7
0 4507 2 phononTS 0.00131229 -0.0708869 -1.80025 0.0296053 5120.08 0.00069486 1 -0.0713993 -0.238492 0.05 5834.96
0 4511 2 phononTF 0.00133117 -1.75254 -2.73715 0.0122989 4200.88 0.00069486 1 -0.0179637 -0.177588 0.05 46388.1
0 4513 5 phononTS 0.000537477 -0.155603 0.0663494 0.049999 25303.6 0.00034743 1 0.0886905 -0.146667 0.05 33864.6
0 4517 2 phononTS 0.00137536 -2.38224 -0.592847 -0.0230173 7081.94 0.00034743 1 0.0711517 -0.186855 0.05 10056.1
0 4517 20 phononTF 0.000932345 0.0711517 -0.186855 0.049999 10056.1 0.00069486 1 0.0238819 -0.200466 0.05 10125.9
0 4520 1 phononTS 0.004 -0.790903 0.596989 0.0290596 0 0.00104229 1 0.0306381 -0.148449 0.05 1887.05
0 4542 2 phononTS 0.00124439 -2.5381 0.103402 0.049999 5013.76 0.00034743 1 0.0383827 -0.184525 0.05 19073.4
0 4545 4 phononTF 0.00111941 -2.20134 1.12862 -0.0140123 20042.9 0.00069486 1 -0.0808112 -0.138368 0.05 24196.3
0 4550 4 phononTF 0.00066411 2.86868 -0.40445 0.0183689 25102.1 0.00034743 1 0.0584902 -0.162331 0.05 28393.1
0 4562 2 phononTS 0.00153376 -2.31072 2.34194 -0.0481618 109.34 0.00034743 1 -0.0463228 -0.273594 0.05 8186.9
0 4562 27 phononL 0.000969912 -0.0463228 -0.273594 0.049999 8186.9 0.00069486 1 -0.0317808 -0.172787 0.05 8285.29
0 4599 26 phononTS 0.000513505 2.81443 0.0996791 0.049999 12200.8 0.00034743 1 0.0333654 -0.284044 0.05 25782.4
0 4605 1 phononL 0.004 0.0603494 -0.300428 0.0364224 0 0.00138972 1 0.052546 -0.289544 0.05 3.51361
0 4605 2 phononTF 0.00119285 0.052546 -0.289544 0.049999 3.51361 0.00034743 1 0.0283505 -0.296158 0.05 62.1796
0 4605 24 phononTS 0.00055757 0.0283505 -0.296158 0.049999 62.1796 0.00034743 1 0.0836012 -0.278145 0.05 17308.5
0 4609 2 phononTF 0.000776469 1.63281 0.0151271 0.049999 84.7695 0.00034743 1 -0.116359 -0.210898 0.05 2620.53
0 4610 3 phononL 0.00178936 -1.40412 -1.75142 -0.0435138 1087.18 0.00034743 1 0.0641902 -0.216483 0.05 39423.9
0 4612 1 phononTS 0.004 0.0187141 -0.222494 0.0383788 0 0.00034743 1 0.0353829 -0.26836 0.05 46.7292
0 4612 3 phononTS 0.00116133 0.0353829 -0.26836 0.049999 46.7292 0.00034743 1 0.0752056 -0.224328 0.05 113.209
0 4631 2 phononTF 0.00188868 -1.13047 0.416189 0.0335726 4810.06 0.00069486 1 -0.0552212 -0.232816 0.05 35724.9
0 4647 2 phononTS 0.0021745 -0.552798 -2.83605 0.0114348 2403.3 0.00034743 1 0.0992104 -0.264909 0.05 5134.4
0 4647 5 phononL 0.0012507 0.0992104 -0.264909 0.049999 5134.4 0.00069486 1 0.115107 -0.228929 0.05 5404.4
0 4663 2 phononTS 0.00205984 2.30514 -2.07835 -0.0233794 5367.75 0.00069486 1 0.0227275 -0.20617 0.05 43358.1
0 4714 10 phononTS 0.000414779 -0.0115805 0.0927014 0.049999 1353.15 0.00034743 1 -0.0911256 -0.145337 0.05 1558.32
0 4715 1 phononTS 0.004 0.023841 -0.432678 0.0390241 0 0.00138972 1 0.0356131 -0.298328 0.05 434.498
0 4716 2 phononTS 0.0032105 -0.449399 -1.63628 0.0217487 75.3513 0.00104229 1 0.058805 -0.251058 0.05 10017.2
0 4716 11 phononTF 0.000567734 0.058805 -0.251058 0.049999 10017.2 0.00034743 1 0.0601692 -0.269159 0.05 10075.1
0 4720 1 phononTF 0.004 1.78846 -0.491935 0.0361807 0 0.00138972 1 -0.115013 -0.193245 0.05 6080.98
0 4730 3 phononL 0.00188599 2.77418 1.88481 0.0341906 1945.13 0.00104229 1 0.0231515 -0.258912 0.05 4802.65
0 4750 3 phononL 0.00202954 -0.520618 -1.42696 -0.0383594 5.50801 0.00138972 1 0.101116 -0.222669 0.05 6339.63
0 4755 2 phononTS 0.000986422 -0.214065 -0.24606 0.00132638 142.529 0.00069486 1 -0.032443 -0.195372 0.05 230.851
0 4795 4 phononTS 0.00060045 -2.82034 0.0748754 0.049998 7276.35 0.00034743 1 0.0695641 -0.263149 0.05 105590
0 4810 9 phononTS 0.000500011 -0.0746622 0.0619781 0.049999 22455.1 0.00034743 1 -0.0869793 -0.154548 0.05 22571.8
0 4815 7 phononTF 0.000969037 1.48195 0.0483114 0.049999 9866.03 0.00034743 1 -0.0255011 -0.238645 0.05 21719.6
0 4831 16 phononL 0.000942352 0.625403 -0.00968833 0.049999 7238.29 0.00034743 1 0.0352602 -0.283187 0.05 10014.8
0 4849 3 phononTS 0.00186246 -2.55704 -2.47503 0.0453993 3977.99 0.00104229 1 0.0688459 -0.265032 0.05 6705.69
0 4853 3 phononTS 0.00240047 -0.227025 -1.43888 0.0102311 3775.22 0.00104229 1 -0.0472899 -0.180341 0.05 17605.8
0 4853 6 phononTF 0.000488083 -0.0472899 -0.180341 0.049999 17605.8 0.00034743 1 -0.0864643 -0.231392 0.05 17735.8
0 4860 4 phononTS 0.00135638 -0.78158 -0.335882 -0.00875335 6058.24 0.00034743 1 -0.0727222 -0.15724 0.05 18498.2
0 4860 20 phononL 0.000611323 -0.0727222 -0.15724 0.049999 18498.2 0.00034743 1 -0.0383733 -0.220972 0.05 18604.3
0 4863 2 phononTF 0.00133151 0.33347 1.636 -0.00273875 4700.18 0.00034743 1 -0.0160403 -0.174221 0.05 12801.9
0 4909 1 phononTF 0.004 1.69544 -0.885069 -0.00909178 0 0.00069486 1 -0.113243 -0.1908 0.05 3134.19
0 4909 3 phononTF 0.00100892 -0.113243 -0.1908 0.049999 3134.19 0.00034743 1 0.0750842 -0.134357 0.05 3338.85
0 4949 3 phononTF 0.00226761 -0.597046 -1.34525 -0.0301098 1099.57 0.00104229 1 -0.054534 -0.257891 0.05 5432.02
0 4959 5 phononTF 0.000786794 -2.61974 2.26413 0.0448917 4846.65 0.00069486 1 0.0487538 -0.240697 0.05 8281.83
0 4973 3 phononTS 0.00270046 0.932264 -1.52265 0.0443141 1631.85 0.00104229 1 -0.0631166 -0.237187 0.05 2305.24
0 4973 13 phononTS 0.000841962 -0.0631166 -0.237187 0.049999 2305.24 0.00069486 1 -0.0307265 -0.285358 0.05 2440.75
0 4974 2 phononTS 0.0019782 -1.60517 -1.77092 -0.00270178 11767 0.00034743 1 0.105348 -0.232508 0.05 14679.5
0 4991 3 phononL 0.00179539 -0.604114 1.20774 -0.0194185 9948.61 0.00034743 1 -0.0278592 -0.194737 0.05 19900.2
0 4991 4 phononTF 0.000927921 -0.0278592 -0.194737 0.049999 19900.2 0.00034743 1 -0.0200401 -0.197884 0.05 20053.4
0 4997 2 phononTS 0.00185182 1.31021 1.04348 0.00565534 391.053 0.00069486 1 0.0120054 -0.185148 0.05 2396.71
0 5011 3 phononTS 0.00175281 0.640928 -2.32231 -0.00183025 1067.45 0.00034743 1 0.07098 -0.257794 0.05 17571.5
0 5018 2 phononTS 0.00141585 1.9812 1.59577 -0.023191 4008.69 0.00069486 1 0.0386426 -0.220976 0.05 26816.8
0 5022 2 phononTF 0.00246444 -1.88616 0.422759 0.0111108 4974.48 0.00104229 1 -0.0782128 -0.124722 0.05 10235.3
0 5022 7 phononTF 0.000638562 -0.0782128 -0.124722 0.049999 10235.3 0.00034743 1 0.0978744 -0.138888 0.05 10321.1
0 5023 26 phononTS 0.000371183 -2.41833 0.0819494 0.049999 12187.5 0.00034743 1 -0.0189707 -0.231311 0.05 20289.3
0 5030 6 phononTF 0.000362545 -1.50947 0.0785895 0.049999 3219.12 0.00034743 1 0.0841825 -0.249059 0.05 6127.59
0 5035 5 phononTF 0.000411097 -0.380214 0.0113053 0.049999 26129.3 0.00034743 1 -0.108018 -0.201057 0.05 26948.9
0 5060 4 phononTS 0.000663308 0.988765 0.0589143 0.049999 17925.3 0.00034743 1 -0.0301769 -0.170145 0.05 39734.9
0 5072 4 phononTS 0.000795207 -0.503043 0.00948903 0.049999 2108.17 0.00034743 1 -0.0183698 -0.147962 0.05 8099.6
0 5086 3 phononTS 0.00294182 1.91798 -0.00996889 -0.0374257 674.003 0.00069486 1 -0.0905335 -0.155137 0.05 7515.75
0 5105 2 phononTF 0.00135456 0.552745 -2.51547 -0.00507137 0.847076 0.00034743 1 0.0722972 -0.228163 0.05 23731.1
0 5105 31 phononTF 0.00085661 0.0722972 -0.228163 0.049999 23731.1 0.00034743 1 0.0187 -0.248188 0.05 23913.7
0 5126 2 phononTF 0.00136695 -1.79769 1.60454 -0.0227378 925.405 0.00034743 1 0.0569501 -0.18044 0.05 6869.6
0 5126 19 phononTS 0.000843455 0.0569501 -0.18044 0.049999 6869.6 0.00034743 1 0.10039 -0.196018 0.05 7274.42
0 5164 1 phononL 0.004 -0.270743 -0.396445 -0.0296206 0 0.00208458 1 0.0145486 -0.189653 0.05 898.414
0 5178 15 phononL 0.000412943 -0.933788 -0.00294987 0.049999 2194.27 0.00034743 1 -0.10758 -0.243096 0.05 9981.66
0 5182 5 phononTF 0.000811797 -2.78767 -1.83401 -0.00637138 290.115 0.00069486 1 -0.0746532 -0.120955 0.05 38808.9
0 5197 3 phononL 0.00177807 -0.947284 1.76522 -0.0207982 353.869 0.00034743 1 0.0931232 -0.215687 0.05 20597.2
0 5197 5 phononTS 0.0006993 0.0931232 -0.215687 0.049999 20597.2 0.00034743 1 0.0956831 -0.195491 0.05 21601.2
0 5229 2 phononTF 0.00133544 -0.331557 -1.05106 0.0435165 2564.78 0.00069486 1 0.0643732 -0.269731 0.05 24672.4
0 5242 3 phononTF 0.00238078 2.00972 -2.00502 -0.016395 9864.01 0.00104229 1 -0.0736554 -0.219047 0.05 54787.2
0 5242 10 phononTF 0.000375136 -0.0736554 -0.219047 0.049999 54787.2 0.00034743 1 0.0684258 -0.221662 0.05 54939.7
0 5242 9 phononTS 0.000429893 -0.0736554 -0.219047 0.049999 54787.2 0.00034743 1 0.0427877 -0.219208 0.05 55463.5
0 5253 5 phononL 0.00166766 -2.18017 -1.52825 -0.0122881 5791.37 0.00034743 1 -0.0488795 -0.14871 0.05 17780.5
0 5257 2 phononTF 0.000910183 -1.58059 -2.80073 0.00363541 6376.04 0.00034743 1 -0.0741628 -0.227521 0.05 13320.9
0 5257 5 phononTS 0.00053288 -0.0741628 -0.227521 0.049999 13320.9 0.00034743 1 -0.0524607 -0.216425 0.05 13382
0 5258 4 phononTS 0.00126847 -1.67393 0.0128297 0.049999 436.79 0.00034743 1 -0.117486 -0.193018 0.05 28554.8
0 5260 6 phononTS 0.00132721 -1.30174 0.0144493 0.049999 723.58 0.00034743 1 -0.104562 -0.163616 0.05 27948.3
0 5260 20 phononTF 0.000741091 -0.104562 -0.163616 0.049999 27948.3 0.00034743 1 -0.103647 -0.178508 0.05 28080
0 5278 3 phononTS 0.00217366 0.690662 -2.18288 0.00540078 2056.66 0.00069486 1 -0.0829857 -0.262797 0.05 6200.47
0 5339 2 phononTF 0.0017936 2.62513 0.571243 -0.00976454 6938.1 0.00034743 1 0.0688582 -0.227483 0.05 13336.3
0 5394 2 phononTS 0.00260283 -1.33915 -1.14419 0.0063276 4072.17 0.00104229 1 0.0950768 -0.178295 0.05 11456.2
0 5396 3 phononTF 0.00229681 -0.509782 -1.20318 -0.0194469 6391.23 0.00034743 1 0.0779845 -0.129014 0.05 15941.9
0 5396 5 phononTS 0.00123864 0.0779845 -0.129014 0.049999 15941.9 0.00069486 1 0.0723856 -0.123066 0.05 16000.2
0 5402 27 phononTS 0.000579024 -2.61629 0.0149639 0.049999 19984.2 0.00034743 1 0.074658 -0.157675 0.05 22820.6
0 5417 2 phononTF 0.00225029 -2.27576 -2.17194 -0.0163382 8.44462 0.00069486 1 0.0419141 -0.205665 0.05 17829.2
0 5417 9 phononTS 0.00058936 0.0419141 -0.205665 0.049999 17829.2 0.00034743 1 0.0617428 -0.185812 0.05 17890.5
0 5431 2 phononTS 0.000836244 0.651307 0.0497712 0.049999 7316.68 0.00034743 1 -0.0478539 -0.219902 0.05 8389.9
0 5450 6 phononTS 0.000609589 2.22199 0.0712254 0.049998 21405.8 0.00034743 1 -0.0598061 -0.209678 0.05 31084.9
0 5470 3 phononTS 0.00152555 -2.13875 -2.13265 0.0295205 3025.91 0.00034743 1 -0.108131 -0.189554 0.05 10801.6
0 5470 6 phononTS 0.000556771 -0.108131 -0.189554 0.049999 10801.6 0.00034743 1 -0.117521 -0.194386 0.05 10860.2
0 5478 2 phononTF 0.00202916 -1.81093 0.617053 -0.00670835 1098.44 0.00034743 1 0.0419201 -0.152165 0.05 11038.4
0 5481 17 phononTS 0.000419853 -2.31387 0.0657787 0.049999 5568.98 0.00034743 1 0.0284368 -0.147601 0.05 36024.4
0 5483 12 phononL 0.00122108 -0.251644 0.101491 0.049999 1101.26 0.00069486 1 -0.0221402 -0.181135 0.05 1325.14
0 5492 21 phononTS 0.000622134 1.8921 0.0628621 0.049999 769.552 0.00034743 1 -0.0679037 -0.114188 0.05 2086.25
0 5527 4 phononTF 0.000400598 -0.388716 0.00862896 0.049999 8154.26 0.00034743 1 -0.0372973 -0.109257 0.05 8399.58
0 5534 1 phononTS 0.004 -0.276226 0.114277 -0.0157731 0 0.00034743 1 0.0440689 -0.217875 0.05 2780.66
0 5535 2 phononTS 0.00065518 0.895139 0.0249816 0.049999 23695 0.00034743 1 -0.0578607 -0.155853 0.05 27249.9
0 5592 6 phononTS 0.000365749 0.121577 0.0125926 0.049999 35587.3 0.00034743 1 -0.0321765 -0.192812 0.05 36366.4
0 5599 3 phononTF 0.00182918 2.4263 -2.67059 -0.0071544 4398.57 0.00034743 1 -0.0249083 -0.241576 0.05 12271.8
0 5621 3 phononTF 0.00237931 -2.74631 0.864231 0.0219334 812.367 0.00104229 1 0.0659994 -0.289354 0.05 5320.46
0 5621 10 phononTS 0.000662986 0.0659994 -0.289354 0.049999 5320.46 0.00034743 1 0.061725 -0.274043 0.05 5440.81
0 5622 3 phononTF 0.00223449 -0.468235 -2.56756 0.0381756 1561.82 0.00104229 1 0.0572402 -0.1534 0.05 6248.17
0 5625 3 phononTS 0.00142615 -2.35187 1.92551 0.0239993 2593.35 0.00034743 1 -0.0218659 -0.209567 0.05 13749.6
0 5664 1 phononTF 0.004 -0.0724084 -0.167781 -0.00459611 0 0.00138972 1 -0.0246313 -0.119377 0.05 348.973
0 5678 6 phononTS 0.000590346 0.183229 -0.00966127 0.049999 8062.36 0.00034743 1 -0.0635212 -0.294586 0.05 8542.02
0 5678 2 phononTS 0.00176749 -0.483413 -1.7966 -0.0413837 3451.2 0.00069486 1 0.0215347 -0.266716 0.05 8668.99
0 5706 5 phononL 0.000753748 0.585921 0.0460745 0.049999 27861.3 0.00034743 1 -0.0447183 -0.108469 0.05 28126.4
0 5723 18 phononTS 0.000440047 -0.21251 0.0795713 0.049999 12856.5 0.00034743 1 0.0767079 -0.230605 0.05 15532.4
0 5725 1 phononL 0.004 1.06184 -1.75186 -0.0105269 0 0.00069486 1 0.0681991 -0.268603 0.05 5368.4
0 5725 2 phononTS 0.000617148 0.0681991 -0.268603 0.049999 5368.4 0.00034743 1 0.0207485 -0.217224 0.05 6316.23
0 5749 2 phononTF 0.00052157 0.760443 0.06794 0.049999 1228.1 0.00034743 1 -0.0367665 -0.297066 0.05 26415.6
0 5792 4 phononTS 0.00059161 0.983737 0.00346597 0.049999 11328.9 0.00034743 1 0.0526335 -0.224752 0.05 21534.5
0 5812 1 phononL 0.004 0.614638 -0.957144 0.037831 0 0.00138972 1 0.103878 -0.238141 0.05 3281.27
0 5812 4 phononTS 0.000432663 0.103878 -0.238141 0.049999 3281.27 0.00034743 1 -0.0339358 -0.174488 0.05 3411.03
0 5815 2 phononTS 0.00183877 -1.80717 -2.24593 0.00378016 2833.39 0.00069486 1 0.0378593 -0.273934 0.05 13811
0 5815 7 phononL 0.000573039 0.0378593 -0.273934 0.049999 13811 0.00034743 1 -0.107974 -0.222487 0.05 13859.4
0 5825 2 phononTS 0.00194393 -0.852854 -1.33487 -0.0342758 12079.3 0.00069486 1 0.0177771 -0.207006 0.05 16488.1
0 5825 7 phononTS 0.000560783 0.0177771 -0.207006 0.049999 16488.1 0.00034743 1 -0.102133 -0.242514 0.05 16636.4
0 5828 5 phononTS 0.0023574 -1.51527 -0.750654 -0.0315101 8677.4 0.00138972 1 0.0424624 -0.266981 0.05 10592.5
0 5899 2 phononTF 0.00265789 1.05687 -0.792499 0.0175746 10421 0.00173715 1 -0.0821115 -0.269076 0.05 22968.5
0 5910 3 phononTF 0.0014865 1.00907 -2.12372 0.0372124 1469.06 0.00034743 1 0.0207263 -0.244074 0.05 21389.8
0 5910 4 phononTS 0.000544062 0.0207263 -0.244074 0.049999 21389.8 0.00034743 1 0.109928 -0.16485 0.05 21649.4
0 5917 3 phononTF 0.00171711 1.18674 -1.66322 0.0131539 11376 0.00069486 1 -0.0321161 -0.225823 0.05 32336.4
0 5917 18 phononTS 0.000832311 -0.641287 0.0914435 0.049999 13864.3 0.00034743 1 -0.0352723 -0.0982994 0.05 14816.3
0 5938 2 phononTS 0.00275141 -0.522922 2.50758 0.00317035 34.0395 0.00138972 1 -0.0507683 -0.211393 0.05 1673.97
0 5953 2 phononTS 0.00168565 1.8696 -1.45149 -0.031459 719.822 0.00104229 1 0.0512071 -0.301075 0.05 16905.9
0 5968 1 phononL 0.004 -0.323931 0.02527 0.030757 0 0.00173715 1 -0.0856617 -0.120133 0.05 4207.62
0 5968 15 phononTS 0.000596506 -0.0856617 -0.120133 0.049999 4207.62 0.00034743 1 -0.0897416 -0.186381 0.05 4290.7
0 5977 3 phononTS 0.000376499 2.60565 0.0492547 0.049999 1210.8 0.00034743 1 0.0827145 -0.166896 0.05 17182.9
0 6005 14 phononTS 0.00122471 -2.8092 1.43657 0.0333852 25390.3 0.00034743 1 -0.0808567 -0.210501 0.05 33790.1
0 6005 16 phononTS 0.000781901 -0.0808567 -0.210501 0.049999 33790.1 0.00069486 1 -0.102044 -0.141204 0.05 33938.1
0 6006 4 phononL 0.00124534 -2.17569 -0.000945458 0.049999 3913.35 0.00034743 1 -0.0214391 -0.21659 0.05 21689.4
0 6006 7 phononTF 0.00040283 -0.0214391 -0.21659 0.049999 21689.4 0.00034743 1 -0.105154 -0.20204 0.05 21751.8
0 6009 3 phononTF 0.00272384 0.42993 2.1931 -0.011972 7327.1 0.00104229 1 -0.0727494 -0.268981 0.05 19903
0 6011 5 phononTF 0.00140417 1.16877 -1.8404 0.00304105 12178.7 0.00069486 1 0.0323041 -0.214429 0.05 60626.3
0 6034 16 phononTS 0.000519576 -2.38893 0.0196858 0.049999 15005.7 0.00034743 1 0.0418906 -0.122627 0.05 28015.3
0 6037 18 phononTS 0.000573037 2.86509 0.0182268 0.049999 2339.86 0.00034743 1 0.0687537 -0.261506 0.05 8883.49
0 6042 2 phononTF 0.00142535 -0.379144 1.19795 -0.0197951 1248.25 0.00069486 1 -0.0560243 -0.304047 0.05 16803.2
0 6067 2 phononTF 0.000614886 0.310929 -1.9153 0.018567 1413.63 0.00034743 1 -0.103518 -0.143939 0.05 41623.7
0 6108 6 phononTS 0.000497184 2.66533 0.041686 0.049999 21371.8 0.00034743 1 0.0334249 -0.126085 0.05 31256.5
0 6109 3 phononTS 0.00190051 2.54167 1.24074 0.034826 5393.28 0.00138972 1 0.018431 -0.214575 0.05 16946.2
0 6124 5 phononTS 0.00161559 0.191533 -1.44717 -0.0465612 17682.2 0.00069486 1 0.0407246 -0.222498 0.05 38363.1
0 6189 2 phononTS 0.00217532 0.327547 -2.14048 0.0122079 2805.84 0.00034743 1 -0.068391 -0.278673 0.05 3873.55
0 6189 18 phononL 0.000909327 -0.068391 -0.278673 0.049999 3873.55 0.00034743 1 0.0559258 -0.28531 0.05 3926.35
0 6189 30 phononL 0.000430955 0.0559258 -0.28531 0.049999 3926.35 0.00034743 1 -0.0381162 -0.283838 0.05 3970.2
0 6200 5 phononTS 0.00174942 -0.119572 0.0847527 0.049999 5337.15 0.00104229 1 -0.0748877 -0.122692 0.05 5453.96
0 6206 1 phononTF 0.004 0.302106 -0.332768 -0.0235697 0 0.00138972 1 0.0572188 -0.108806 0.05 1484.16
0 6222 1 phononTF 0.004 0.534889 0.538697 0.0272129 0 0.00208458 1 0.0578559 -0.242288 0.05 4268.24
0 6232 3 phononTF 0.00176621 -2.12928 -0.502884 -0.0433309 1328.62 0.00034743 1 -0.0196222 -0.253267 0.05 3068.6
0 6232 5 phononTS 0.000655049 -0.0196222 -0.253267 0.049999 3068.6 0.00034743 1 0.0223257 -0.223539 0.05 3245.37
0 6236 4 phononTS 0.00118532 -0.317799 0.106419 0.049999 33150.3 0.00034743 1 0.0965603 -0.250554 0.05 33456.5
0 6286 15 phononTS 0.000614673 0.024751 0.0190866 0.049999 16348.1 0.00034743 1 -0.0886231 -0.180552 0.05 16570.9
0 6292 3 phononTS 0.00264836 1.86355 2.18672 0.0435966 1429.62 0.00104229 1 0.0200952 -0.178484 0.05 8385.86
0 6292 6 phononTF 0.000436412 0.0200952 -0.178484 0.049999 8385.86 0.00034743 1 0.0197 -0.154385 0.05 8448.83
0 6298 3 phononL 0.00172044 1.19588 0.98791 -0.00311399 23.4098 0.00069486 1 -0.0409863 -0.275656 0.05 4284.49
0 6332 1 phononTF 0.004 0.397748 -0.301872 -0.0383672 0 0.00138972 1 0.104524 -0.152145 0.05 301.478
0 6332 2 phononTS 0.00133798 0.104524 -0.152145 0.049999 301.478 0.00034743 1 0.0464932 -0.22311 0.05 375.398
0 6332 21 phononTF 0.000675382 0.0464932 -0.22311 0.049999 375.398 0.00034743 1 0.0863405 -0.218649 0.05 444.285
0 6336 1 phononTS 0.004 0.345939 -0.90523 -0.00522989 0 0.00173715 1 0.104388 -0.23027 0.05 714.198
0 6336 4 phononTF 0.00060133 0.104388 -0.23027 0.049999 714.198 0.00034743 1 0.0669432 -0.281685 0.05 844.837
0 6338 10 phononTS 0.000770084 -1.22168 -0.00177357 0.049999 2501.02 0.00034743 1 0.0535381 -0.142591 0.05 2959.34
0 6348 3 phononTF 0.00167875 -2.781 -0.99475 -0.0327514 62.1063 0.00069486 1 -0.0417558 -0.116397 0.05 24063.9
0 6350 3 phononTF 0.00222688 2.53579 2.14231 -0.0148814 4071.2 0.00104229 1 -0.0879898 -0.233869 0.05 12808.9
0 6356 1 phononTS 0.004 0.402467 -0.442089 0.0112279 0 0.00208458 1 0.0550702 -0.244542 0.05 16820.5
0 6357 3 phononTF 0.00154772 2.83863 -1.36678 0.0251203 1175.58 0.00069486 1 -0.0805956 -0.245018 0.05 19856.3
0 6386 6 phononTS 0.000607116 -0.80013 0.00843817 0.049999 13.0654 0.00034743 1 0.0538894 -0.209445 0.05 3923.6
0 6389 4 phononTF 0.00102446 -0.741469 0.0262807 0.049999 15160.5 0.00034743 1 -0.0646557 -0.258099 0.05 15991.6
0 6403 2 phononTF 0.000703726 -1.37899 -2.19408 -0.0440774 1537.59 0.00034743 1 -0.0334036 -0.204105 0.05 4676.77
0 6424 2 phononTF 0.00180088 2.26911 0.945242 0.0283766 980.395 0.00069486 1 0.0420509 -0.266327 0.05 2882.12
0 6438 2 phononL 0.00250998 -0.532797 -0.871637 -0.0490279 45.3563 0.00034743 1 -0.074254 -0.119163 0.05 14406.3
0 6438 7 phononL 0.000484092 -0.074254 -0.119163 0.049999 14406.3 0.00034743 1 -0.0678493 -0.205526 0.05 14902.2
0 6466 3 phononTS 0.0019059 0.588201 -0.386888 0.0313929 971.236 0.00069486 1 -0.0373023 -0.251346 0.05 2273.51
0 6466 8 phononTS 0.000598103 -0.0373023 -0.251346 0.049998 2273.51 0.00034743 1 -0.0766495 -0.263751 0.05 2339.21
0 6471 2 phononTS 0.00285769 -1.04627 -1.17594 -0.0379593 1.45216 0.00069486 1 -0.0655397 -0.184944 0.05 2516.67
0 6476 4 phononTS 0.000540115 -0.0543439 0.0443225 0.049999 59435.2 0.00034743 1 -0.104986 -0.171271 0.05 59555.2
0 6501 2 phononTF 0.00153482 1.33459 0.248903 0.0493741 7164.93 0.00069486 1 -0.0307881 -0.204751 0.05 16121.1
0 6502 2 phononTF 0.00126123 -1.78076 0.0459022 0.049999 2659.02 0.00034743 1 -0.100737 -0.14708 0.05 12993.4
0 6517 2 phononL 0.00276083 -1.44876 -2.13599 0.00575337 79.5209 0.00104229 1 0.0462701 -0.143306 0.05 6917.8
0 6532 5 phononL 0.00169915 -1.72526 -2.5841 0.0194948 3840.85 0.00138972 1 -0.0176788 -0.214363 0.05 22409.8
0 6538 2 phononTS 0.00139456 0.659788 2.83724 -0.0369695 105.956 0.00069486 1 0.05864 -0.211374 0.05 24370.2
0 6544 3 phononTF 0.00178753 2.32051 2.83762 0.0332081 488.302 0.00034743 1 -0.0894849 -0.264327 0.05 6766.88
0 6555 4 phononTS 0.00080322 -0.0964044 0.059508 0.049999 26821 0.00034743 1 -0.107378 -0.226231 0.05 27296.5
0 6573 3 phononTS 0.0011668 -1.15865 0.946014 -0.0405119 5205.47 0.00034743 1 -0.0516291 -0.107825 0.05 8349.48
0 6576 3 phononTF 0.00185397 0.998978 -2.26355 -0.00883058 5496.64 0.00069486 1 0.0683509 -0.266847 0.05 19255.1
0 6576 4 phononTF 0.000650181 0.0683509 -0.266847 0.049999 19255.1 0.00034743 1 0.0411514 -0.29173 0.05 19331.9
0 6586 3 phononTS 0.00158929 -1.94113 -2.69504 -0.0355584 373.27 0.00034743 1 -0.0569079 -0.298782 0.05 11745.5
0 6586 7 phononTS 0.000708846 -0.0569079 -0.298782 0.049999 11745.5 0.00034743 1 -0.0667265 -0.179033 0.05 11829.7
0 6599 3 phononTS 0.00166168 -2.87398 1.83976 -0.0449087 2901.69 0.00034743 1 -0.062069 -0.282312 0.05 29327.6
0 6628 1 phononTF 0.004 0.0126492 -1.00038 0.0147422 0 0.00138972 1 0.0566413 -0.274545 0.05 1201.91
0 6645 2 phononL 0.00242409 1.41073 -1.0143 0.0173794 2523.29 0.00104229 1 -0.061246 -0.150924 0.05 10371.8
0 6652 2 phononTS 0.00211808 -1.58147 0.576444 -0.040104 1454.67 0.00034743 1 -0.0390346 -0.237954 0.05 29717.8
0 6654 21 phononTS 0.000372477 0.0275123 0.0285791 0.049998 21374.6 0.00034743 1 0.0903963 -0.266088 0.05 21569.3
0 6663 9 phononTS 0.000564489 2.2079 0.0787627 0.049999 2472.52 0.00034743 1 -0.0884615 -0.198962 0.05 11450.6
0 6684 3 phononTS 0.0026197 -0.996879 -0.531016 -0.0150081 912.22 0.00069486 1 -0.0514875 -0.181363 0.05 43695.2
0 6699 3 phononTS 0.00186699 -0.796048 1.52327 -0.0458354 2074.54 0.00104229 1 -0.0730514 -0.16435 0.05 49998.3
0 6701 2 phononL 0.00265549 -1.57712 -1.19455 0.0258132 4792.7 0.00104229 1 -0.11838 -0.179464 0.05 6414.04
0 6701 21 phononTF 0.000990813 -0.11838 -0.179464 0.049999 6414.04 0.00069486 1 -0.0563754 -0.19911 0.05 6476.17
0 6702 1 phononTF 0.004 -2.06178 -0.368494 -0.00996228 0 0.00069486 1 -0.089675 -0.213042 0.05 6907.12
0 6702 2 phononTS 0.00100306 -0.089675 -0.213042 0.049998 6907.12 0.00034743 1 -0.0830193 -0.214156 0.05 6964.25
0 6702 14 phononTS 0.000440303 -0.0830193 -0.214156 0.049998 6964.25 0.00034743 1 -0.0916607 -0.178492 0.05 7028.88
0 6708 1 phononL 0.004 -0.292982 -0.181541 0.0317578 0 0.00138972 1 0.0314996 -0.289664 0.05 893.368
0 6708 8 phononTF 0.000795759 0.0314996 -0.289664 0.049999 893.368 0.00034743 1 0.0672947 -0.255941 0.05 953.079
0 6708 21 phononTF 0.000375999 0.0672947 -0.255941 0.049999 953.079 0.00034743 1 0.0513612 -0.260494 0.05 1021.79
0 6723 2 phononL 0.00107919 1.47581 1.25062 -0.0119151 3265.47 0.00034743 1 0.0394038 -0.259341 0.05 6489.67
0 6736 9 phononTS 0.000765351 2.00259 0.0422763 0.049999 16893.7 0.00069486 1 -0.0206223 -0.260436 0.05 43340.1
0 6745 5 phononL 0.0012728 0.211111 0.0896089 0.049998 454.518 0.00069486 1 -0.0551234 -0.129745 0.05 11259.7
0 6753 4 phononTS 0.000580912 -1.19385 0.00968351 0.049999 441.632 0.00034743 1 0.0410935 -0.127927 0.05 15288.4
0 6772 1 phononTS 0.004 -2.03173 -2.06096 -0.0302861 0 0.00069486 1 0.0346193 -0.268785 0.05 26307.3
0 6772 2 phononTS 0.0024634 0.0346193 -0.268785 0.049999 26307.3 0.00104229 1 0.0466994 -0.170571 0.05 26384.3
0 6772 17 phononTS 0.000462388 0.0466994 -0.170571 0.049999 26384.3 0.00034743 1 0.0290952 -0.173324 0.05 26441
0 6773 1 phononTS 0.004 -0.0714382 -0.35538 -0.0223966 0 0.00208458 1 -0.0577323 -0.290809 0.05 375.044
0 6804 2 phononL 0.00121918 0.445093 1.29044 0.0320371 12276.9 0.00034743 1 -0.0826176 -0.203752 0.05 29156.6
0 6811 2 phononTF 0.00154157 -0.149767 0.0983864 0.049999 2187.36 0.00069486 1 0.0631631 -0.173286 0.05 6318.91
0 6822 1 phononTF 0.004 0.892286 -1.52169 -0.0125349 0 0.00138972 1 0.0639651 -0.213184 0.05 3133.66
0 6822 10 phononTF 0.000979718 0.0639651 -0.213184 0.049999 3133.66 0.00069486 1 -0.0563003 -0.165996 0.05 3209.28
0 6827 17 phononTS 0.00056844 -0.520595 0.00956813 0.049999 3385.78 0.00034743 1 -0.0415242 -0.110825 0.05 3740.04
0 6855 3 phononTF 0.00150468 -0.404525 1.7037 0.00548156 6864.6 0.00034743 1 0.0677669 -0.244776 0.05 17106.6
0 6893 2 phononL 0.00249393 0.717873 -2.1906 0.0268164 106.103 0.00104229 1 -0.0457229 -0.224509 0.05 31185.8
0 6901 3 phononL 0.00214893 -0.831223 -1.13022 0.0471729 4568.24 0.00104229 1 -0.025232 -0.15946 0.05 7999.9
0 6912 4 phononL 0.00150979 1.73088 0.0422786 0.049999 39611.9 0.00069486 1 -0.0886166 -0.214472 0.05 48048.4
0 6918 3 phononTS 0.00113704 1.87804 1.26238 0.0360998 2511.88 0.00034743 1 0.0491248 -0.225473 0.05 93417
0 6924 4 phononL 0.00212386 -1.25127 -0.557993 -0.0304407 2608.79 0.00069486 1 0.0239354 -0.241338 0.05 11711.8
0 6938 14 phononTF 0.000705777 -1.39333 0.099138 0.049999 2132.51 0.00034743 1 -0.0341432 -0.196136 0.05 4521.03
0 6960 2 phononTF 0.000612081 -2.81325 -1.01879 0.0421205 2557.27 0.00034743 1 0.0630836 -0.283348 0.05 17006.1
0 6976 5 phononL 0.00190745 1.30062 2.7651 -0.00331124 13123.6 0.00104229 1 -0.0996477 -0.241616 0.05 25543.4
0 6984 1 phononTS 0.004 0.415041 -0.80856 -0.029239 0 0.00138972 1 -0.117652 -0.203097 0.05 1663.8
0 7002 18 phononTF 0.00127627 -0.398119 0.0195619 0.049999 18968.7 0.00034743 1 0.0254226 -0.218952 0.05 22840.9
0 7002 25 phononTS 0.000654272 0.0254226 -0.218952 0.049999 22840.9 0.00034743 1 0.0608395 -0.269962 0.05 22971.3
0 7003 2 phononL 0.000562072 -0.21594 0.000130422 0.049999 775.392 0.00034743 1 -0.050617 -0.24371 0.05 841.886
0 7008 4 phononTS 0.00102069 -0.221318 -0.352991 -0.0231763 12983.2 0.00034743 1 -0.0339168 -0.29712 0.05 13547.5
0 7009 2 phononL 0.00169695 0.180689 -2.7158 0.0492726 1227.32 0.00104229 1 -0.0604872 -0.144522 0.05 3332.65
0 7031 9 phononTS 0.000371581 1.25325 0.016358 0.049999 2356.49 0.00034743 1 -0.0275418 -0.114801 0.05 19051.2
0 7042 3 phononTF 0.00234384 1.88661 2.62523 -0.0215777 2.64641 0.00034743 1 0.0329043 -0.111033 0.05 10275.7
0 7060 2 phononTS 0.00230013 2.21682 -0.77341 0.0484471 3811.23 0.00069486 1 -0.0980874 -0.165141 0.05 15429.6
0 7060 5 phononTS 0.000414829 -0.0980874 -0.165141 0.049999 15429.6 0.00034743 1 -0.0884452 -0.175258 0.05 15486.4
0 7074 3 phononL 0.00242537 0.114057 1.66191 -0.0349498 27.2349 0.00173715 1 -0.0926285 -0.251211 0.05 12518
0 7094 2 phononTF 0.00233544 -1.73423 1.03069 -0.000863764 2434.9 0.00104229 1 -0.07732 -0.244057 0.05 23325.2
0 7095 19 phononTF 0.000922127 -0.505452 0.0119564 0.049999 19526.1 0.00034743 1 0.0286096 -0.102945 0.05 20168.1
0 7104 4 phononL 0.00122623 -2.46033 0.0840608 0.049999 8708.35 0.00104229 1 0.0672893 -0.151788 0.05 17530.7
0 7115 3 phononTS 0.00257792 -1.03522 0.834705 0.0153064 1392.2 0.00104229 1 0.084968 -0.154587 0.05 26043.5
0 7125 7 phononTF 0.0011592 -0.263172 0.0407919 0.049999 2982.1 0.00034743 1 -0.0922892 -0.205514 0.05 14472.6
0 7148 3 phononTS 0.00302305 -0.469923 -0.29953 -0.0429967 5433.53 0.00138972 1 0.113363 -0.17712 0.05 12149.9
0 7148 8 phononTS 0.000378175 0.113363 -0.17712 0.049999 12149.9 0.00034743 1 0.0682665 -0.112536 0.05 12277.6
0 7184 9 phononTS 0.000528608 1.03493 0.0553479 0.049999 2247.52 0.00034743 1 0.07686 -0.202449 0.05 12280.5
0 7190 3 phononTS 0.00275308 0.89282 1.4408 0.0176526 2785.82 0.00138972 1 -0.0339787 -0.227904 0.05 9504.58
0 7216 24 phononTS 0.000370115 -0.506912 0.0570057 0.049999 11863.5 0.00034743 1 -0.0974087 -0.198255 0.05 12904.5
0 7218 16 phononL 0.00146971 -2.56733 -0.958441 -0.000526063 4851.71 0.00069486 1 -0.0454647 -0.1334 0.05 9353.12
0 7232 4 phononTS 0.00123817 -0.504271 1.7761 -0.0471732 23349 0.00034743 1 -0.0484427 -0.287125 0.05 61470
0 7237 4 phononTS 0.00108736 0.567153 0.201988 0.00700723 7331.15 0.00034743 1 0.0953358 -0.180744 0.05 7727.47
0 7243 2 phononL 0.000810505 2.80084 -1.69903 0.0142121 819.849 0.00034743 1 0.0779569 -0.157863 0.05 20035.4
0 7306 1 phononL 0.004 -1.37188 0.56058 -0.0241694 0 0.00138972 1 -0.0711878 -0.223163 0.05 2531.13
0 7318 5 phononTS 0.00125919 -0.236878 0.0318218 0.049999 23878 0.00069486 1 -0.0506129 -0.107246 0.05 24218
0 7318 8 phononTS 0.000382866 -0.0506129 -0.107246 0.049999 24218 0.00034743 1 -0.0174923 -0.159405 0.05 32565.2
0 7323 1 phononTS 0.004 -0.668076 -0.434526 -0.0344169 0 0.00173715 1 0.0214504 -0.201045 0.05 645.904
0 7339 21 phononL 0.000353947 -1.09274 0.0281039 0.049999 9209.95 0.00034743 1 0.038271 -0.191914 0.05 9912.58
0 7392 3 phononTS 0.00142516 -0.368874 -2.78928 -0.0359297 1384.9 0.00034743 1 -0.0598693 -0.16239 0.05 5000.63
0 7392 4 phononTF 0.000699656 -0.0598693 -0.16239 0.049999 5000.63 0.00034743 1 -0.0460997 -0.130856 0.05 5059.11
0 7397 19 phononTS 0.000378322 -2.02378 0.0600851 0.049999 37312.9 0.00034743 1 -0.0300436 -0.282618 0.05 57546.7
0 7463 5 phononTS 0.000695418 -0.861177 0.0178998 0.049999 12624.1 0.00034743 1 -0.023486 -0.227531 0.05 13613.6
0 7510 6 phononTF 0.00149181 -2.07082 -2.84798 0.0047244 10972.3 0.00034743 1 0.097498 -0.195462 0.05 15678.4
0 7510 13 phononTS 0.000448595 0.097498 -0.195462 0.049999 15678.4 0.00034743 1 0.0859422 -0.188005 0.05 15737.6
0 7533 2 phononL 0.00239977 -0.838635 -1.47349 -0.0450938 1890.98 0.00104229 1 -0.11699 -0.217993 0.05 5269.87
0 7534 5 phononL 0.000925083 -0.248175 0.0982283 0.049999 15198.7 0.00034743 1 -0.0438772 -0.259728 0.05 15622.6
0 7542 3 phononTS 0.00130832 -2.65833 0.0750325 0.049998 1148.51 0.00034743 1 0.0396165 -0.284852 0.05 4333.14
0 7544 1 phononTS 0.004 -0.810585 -1.56356 -0.0199582 0 0.00208458 1 0.105569 -0.215457 0.05 6038.97
0 7544 5 phononTF 0.000866682 0.105569 -0.215457 0.049999 6038.97 0.00034743 1 0.114685 -0.188221 0.05 6112.13
0 7548 17 phononTS 0.00137395 -0.0204741 0.0908205 0.049999 23371.7 0.00034743 1 0.0311184 -0.14841 0.05 23611.7
0 7548 26 phononTS 0.000749405 0.0311184 -0.14841 0.049999 23611.7 0.00034743 1 0.0512625 -0.29128 0.05 36002.8
0 7558 4 phononTF 0.00059924 0.444883 0.0240821 0.049999 26469.5 0.00034743 1 -0.0688419 -0.217159 0.05 26694.3
0 7563 3 phononTF 0.00155585 1.29104 -2.85495 -0.00244211 2758.88 0.00034743 1 0.0238185 -0.249564 0.05 4477.15
0 7566 3 phononL 0.00248775 -0.207071 2.33758 0.0265951 3739.08 0.00069486 1 0.0868787 -0.221111 0.05 7403.43
0 7577 2 phononTS 0.000844249 -0.190297 -2.31673 4.90494e-05 14975.7 0.00034743 1 -0.0729138 -0.187045 0.05 22183.5
0 7601 3 phononTF 0.00253594 1.53161 1.96352 -0.00686865 4980.92 0.00104229 1 -0.0268766 -0.28592 0.05 12349.8
0 7601 7 phononTS 0.000585125 -0.0268766 -0.28592 0.049999 12349.8 0.00034743 1 -0.0506519 -0.100253 0.05 12569.7
0 7601 4 phononL 0.00070512 -0.0268766 -0.28592 0.049999 12349.8 0.00034743 1 -0.0473901 -0.0985925 0.05 12507.4
0 7617 3 phononL 0.00161221 -0.748024 2.42005 -0.00979047 3627.3 0.00069486 1 -0.0847967 -0.252967 0.05 9475.12
0 7623 2 phononTS 0.000834353 -2.18958 1.55591 0.0412436 3738.27 0.00034743 1 0.046858 -0.301144 0.05 19882.1
0 7677 5 phononTS 0.000967966 -2.36723 0.0545678 0.049999 1665.93 0.00034743 1 0.0219176 -0.269394 0.05 17201.1
0 7683 2 phononTF 0.00141525 1.36373 -0.958664 -0.00302773 656.553 0.00069486 1 -0.0771958 -0.262758 0.05 13779
0 7731 4 phononL 0.000682896 0.497982 0.00842322 0.049999 10961.5 0.00034743 1 0.0819707 -0.209406 0.05 11259.1
0 7753 3 phononL 0.00217455 1.24469 2.41778 -0.000450722 257.316 0.00069486 1 -0.079906 -0.233593 0.05 7564.2
0 7755 1 phononTF 0.004 0.735492 -0.876153 0.0288128 0 0.00104229 1 -0.0691934 -0.161215 0.05 3126.83
0 7755 10 phononTF 0.000871778 -0.0691934 -0.161215 0.049999 3126.83 0.00034743 1 -0.0668531 -0.164057 0.05 3197.36
0 7755 5 phononTS 0.000501684 -0.0691934 -0.161215 0.049999 3126.83 0.00034743 1 -0.106703 -0.14876 0.05 3193.34
0 7774 2 phononTS 0.00253381 1.74425 0.649029 0.0231077 14184.6 0.00138972 1 -0.0697407 -0.241076 0.05 17693.9
0 7780 1 phononTS 0.004 0.268324 -0.228497 0.0367158 0 0.00138972 1 0.0718878 -0.213948 0.05 4614.04
0 7780 3 phononTS 0.00128651 0.0718878 -0.213948 0.049999 4614.04 0.00069486 1 0.0631849 -0.228671 0.05 4670.19
0 7797 4 phononL 0.000811704 -0.138582 0.0788806 0.049999 25868.9 0.00034743 1 -0.0340794 -0.113887 0.05 65555.6
0 7801 2 phononTF 0.00156409 -2.82672 -2.6565 0.021861 9123.44 0.00069486 1 -0.0465255 -0.274439 0.05 11645.3
0 7803 2 phononL 0.001338 -2.36068 -2.61946 0.0493629 543.963 0.00034743 1 0.065838 -0.135348 0.05 30415
0 7838 2 phononTS 0.00189284 -2.56654 2.27623 -0.042144 1966.32 0.00104229 1 -0.0524875 -0.29744 0.05 11460.4
0 7848 2 phononTS 0.00164512 2.74617 -2.16251 0.00406321 6276.9 0.00069486 1 -0.0830432 -0.248596 0.05 20092.2
0 7852 3 phononTF 0.00107454 -2.40729 -2.32901 -0.0442445 13202.6 0.00069486 1 0.0205223 -0.138285 0.05 16000
0 7887 1 phononTF 0.004 -0.470133 0.708163 0.0345987 0 0.00104229 1 -0.0568058 -0.215185 0.05 1401.39
0 7887 2 phononTS 0.00208505 -0.0568058 -0.215185 0.049999 1401.39 0.00104229 1 -0.109104 -0.239538 0.05 1473.44
0 7916 3 phononTF 0.00047104 -1.99842 0.00181866 0.049999 9577.59 0.00034743 1 -0.0830824 -0.221171 0.05 18825.3
0 7929 2 phononTS 0.00180552 1.51696 1.25726 -0.0143677 3843.71 0.00069486 1 0.0236006 -0.159659 0.05 8169.62
0 7939 3 phononTF 0.002137 -1.23804 -1.92142 0.0469128 5227.82 0.00104229 1 0.095747 -0.135181 0.05 12923.8
0 7973 6 phononTF 0.000630849 -2.12058 0.0107719 0.049999 3845.73 0.00034743 1 -0.104629 -0.160341 0.05 47580.1
0 7980 4 phononTF 0.000973528 0.127667 0.0290728 0.049999 17667.7 0.00034743 1 -0.0815062 -0.205858 0.05 18121.2
0 8001 3 phononTF 0.000790397 1.94263 -0.00936383 0.049999 1951.6 0.00034743 1 0.0293128 -0.218503 0.05 29131.8
0 8013 25 phononL 0.000574876 -0.055356 0.0192758 0.049999 25066.9 0.00034743 1 -0.0279819 -0.121754 0.05 25621.8
0 8020 3 phononTS 0.00185909 1.38394 -2.28098 0.0120653 11678.2 0.00104229 1 0.0670302 -0.110867 0.05 17627
0 8023 11 phononL 0.000525387 -0.254626 0.0881781 0.049999 37452.6 0.00034743 1 -0.0490743 -0.129202 0.05 37519.6
0 8042 1 phononL 0.004 0.113676 -0.122014 0.024453 0 0.00138972 1 0.102075 -0.213097 0.05 38.7639
0 8044 10 phononTF 0.000377286 -2.51316 0.023611 0.049999 2023.38 0.00034743 1 0.088299 -0.24924 0.05 48084.9
0 8051 11 phononTS 0.000373108 -0.503629 0.0512723 0.049999 5564.42 0.00034743 1 0.0638662 -0.254424 0.05 9207.14
0 8054 5 phononL 0.00165375 0.254614 0.0687703 0.049999 7208.31 0.00069486 1 0.089576 -0.262279 0.05 7681.25
0 8056 3 phononTS 0.00224493 -0.975557 1.03884 -0.0444658 3254.09 0.00034743 1 0.0714616 -0.121836 0.05 14614.3
0 8080 2 phononL 0.00178752 0.957385 2.85397 -0.0019785 3455.17 0.00069486 1 -0.0764942 -0.274078 0.05 10448.9
0 8088 2 phononL 0.00111164 -2.64781 -2.01571 0.0406921 3478.53 0.00034743 1 0.0891066 -0.138939 0.05 9367.92
0 8096 4 phononTF 0.000534893 -2.17229 0.00139972 0.049999 9247.09 0.00034743 1 -0.0775474 -0.164258 0.05 13549.4
0 8170 3 phononTS 0.0019483 -0.0761143 -1.96375 -0.0408037 4780.99 0.00069486 1 0.0558673 -0.141587 0.05 23418.4
0 8170 5 phononTS 0.000981464 0.0558673 -0.141587 0.049999 23418.4 0.00069486 1 0.0459871 -0.15903 0.05 23475.4
0 8175 3 phononTS 0.00233408 2.65342 -1.38416 0.0415476 2937.39 0.00138972 1 0.0163137 -0.199611 0.05 5552.67
0 8207 2 phononTF 0.00159724 -2.48451 -2.01379 0.0486464 2661.82 0.00069486 1 0.0486711 -0.132549 0.05 12037.5
0 8212 4 phononTF 0.000381835 -0.363388 0.0123268 0.049999 4662.69 0.00034743 1 -0.10985 -0.156068 0.05 5161.02
0 8213 3 phononTS 0.00204066 -0.465222 0.333464 -0.01318 20.2146 0.00069486 1 -0.0398232 -0.252227 0.05 477.108
0 8213 5 phononTF 0.00051767 -0.0398232 -0.252227 0.049999 477.108 0.00034743 1 0.0541428 -0.26311 0.05 630.733
0 8293 2 phononL 0.00116153 0.625905 -0.702803 0.0161112 13652.4 0.00034743 1 -0.0371403 -0.174465 0.05 17641.8
0 8296 1 phononL 0.004 -0.256083 -0.0225717 0.0368241 0 0.00138972 1 -0.084926 -0.254182 0.05 2289.52
0 8304 3 phononTF 0.00241253 2.26374 -0.967245 0.00398916 14526.4 0.00138972 1 0.0874876 -0.132477 0.05 36776.7
0 8305 5 phononTF 0.00128803 -1.4982 0.105527 0.049999 50.262 0.00034743 1 -0.0156851 -0.227679 0.05 13232
0 8314 3 phononTF 0.00185682 -0.274515 1.60555 -0.0125608 9276.04 0.00034743 1 0.0985573 -0.187846 0.05 13284
0 8314 4 phononTS 0.000833157 0.0985573 -0.187846 0.049999 13284 0.00034743 1 -0.0802527 -0.271437 0.05 13649.8
0 8332 9 phononTF 0.00069942 -0.285225 0.0893991 0.049999 8523.67 0.00034743 1 0.051687 -0.294553 0.05 45794
0 8336 3 phononTF 0.00266891 1.4995 -0.186952 -0.00769661 12547.9 0.00138972 1 -0.0363719 -0.135601 0.05 21534.9
0 8339 1 phononL 0.004 0.156355 -0.37575 0.00927212 0 0.00138972 1 0.0719257 -0.270036 0.05 44.9548
0 8345 2 phononTF 0.00182677 -0.296643 -2.03293 0.0202716 125.136 0.00034743 1 -0.0242319 -0.176033 0.05 1493.47
0 8346 3 phononTF 0.00281646 0.415027 1.40018 0.0358938 339.227 0.00034743 1 -0.0702015 -0.27307 0.05 9102.56
0 8346 4 phononTS 0.000436576 -0.0702015 -0.27307 0.049999 9102.56 0.00034743 1 -0.115165 -0.216323 0.05 9198.82
0 8348 2 phononTF 0.00155095 -0.451995 0.714476 0.0164346 3604.97 0.00034743 1 0.0583027 -0.138393 0.05 4179.21
0 8350 2 phononTF 0.0013898 0.0906 0.080546 0.049999 160.711 0.00034743 1 0.0936545 -0.268318 0.05 278.161
0 8350 22 phononL 0.000466699 0.0936545 -0.268318 0.049999 278.161 0.00034743 1 0.054028 -0.167551 0.05 614.967
0 8356 6 phononTF 0.0008353 -1.39373 0.00053816 0.049998 49742.6 0.00069486 1 -0.0790302 -0.24103 0.05 66407.9
0 8371 1 phononTS 0.004 0.594847 0.251889 -0.0303928 0 0.00138972 1 -0.115031 -0.234843 0.05 2159.99
0 8394 3 phononTS 0.00204163 1.28182 2.45975 -0.0231615 4009.41 0.00138972 1 0.0792349 -0.252238 0.05 8193.65
0 8396 1 phononTS 0.004 -0.411267 -0.494703 -0.00845319 0 0.00173715 1 -0.0723551 -0.172519 0.05 3887.55
0 8435 2 phononL 0.00181725 2.02758 0.280884 0.0371214 88.1862 0.00138972 1 0.0508552 -0.223984 0.05 14115.8
0 8441 1 phononTF 0.004 2.62252 1.52512 -0.0125145 0 0.00034743 1 0.0269522 -0.160196 0.05 20433.5
0 8452 4 phononL 0.000605858 0.0744398 0.0492792 0.049999 22014.5 0.00034743 1 -0.0999935 -0.221741 0.05 23087.2
0 8470 4 phononTS 0.00147449 0.701061 0.380727 0.0460555 518.228 0.00034743 1 0.0186766 -0.212422 0.05 1534.77
0 8483 3 phononTF 0.00259059 0.624527 0.922401 -0.0403453 3383.6 0.00104229 1 0.0685309 -0.257622 0.05 6076.9
0 8483 9 phononTS 0.000484415 0.0685309 -0.257622 0.049999 6076.9 0.00034743 1 0.0308567 -0.251232 0.05 6636.96
0 8495 1 phononTF 0.004 -0.217739 -0.456621 -0.0223487 0 0.00208458 1 0.024557 -0.218901 0.05 338.657
0 8504 4 phononTS 0.000388024 -1.49503 0.0880177 0.049999 6601.82 0.00034743 1 -0.0910077 -0.184031 0.05 8261.95
0 8525 2 phononL 0.0019171 0.257707 1.59292 -0.0257708 2055.34 0.00034743 1 0.056279 -0.20362 0.05 22131.5
0 8528 3 phononTF 0.00229432 -1.50984 -2.64831 0.034351 10188.5 0.00069486 1 0.0405718 -0.217308 0.05 14210.6
0 8532 2 phononTF 0.0012605 -1.87252 1.98703 0.00109102 2147.09 0.00069486 1 0.0262319 -0.291013 0.05 7221.09
0 8543 3 phononTF 0.00109765 2.63137 1.12369 0.0338866 1162.99 0.00034743 1 0.0401848 -0.217657 0.05 15253.3
0 8545 3 phononTF 0.00151722 0.386878 -1.77223 -0.0430603 7439.25 0.00069486 1 -0.0445166 -0.164626 0.05 8500.08
0 8548 2 phononTF 0.00208176 -1.93811 -0.972213 -0.0272839 0.228332 0.00104229 1 0.0391057 -0.0977346 0.05 60529.7
0 8561 2 phononTS 0.00264853 -1.42437 -0.12517 0.0335489 20713.4 0.00069486 1 -0.0709037 -0.135318 0.05 22590.8
0 8578 9 phononTS 0.000483717 0.0657803 0.00442881 0.049999 61906.8 0.00034743 1 0.0282318 -0.281442 0.05 62285.7
0 8578 2 phononTF 0.00103559 1.2647 -2.13546 -0.0484181 3998.39 0.00034743 1 0.0941146 -0.200774 0.05 21355.6
0 8578 32 phononTS 0.000474576 0.0941146 -0.200774 0.049999 21355.6 0.00034743 1 0.112719 -0.203552 0.05 21412.1
0 8592 3 phononTS 0.00267232 -1.36607 -1.82775 0.0415647 3373.85 0.00069486 1 -0.0886376 -0.133995 0.05 19104.6
0 8601 1 phononL 0.004 -0.0544486 -0.255524 0.0355605 0 0.00208458 1 -0.0573453 -0.266396 0.05 3.4467
0 8604 2 phononL 0.00225138 0.221878 0.635703 -0.0281526 1315.69 0.00069486 1 0.0167685 -0.205314 0.05 3680.02
0 8604 7 phononTS 0.000773297 0.0167685 -0.205314 0.049999 3680.02 0.00034743 1 -0.0860426 -0.247005 0.05 3764.12
0 8609 4 phononTF 0.000562167 -2.63254 0.0445631 0.049999 903.826 0.00034743 1 -0.0460402 -0.208649 0.05 5573.78
0 8625 3 phononTS 0.00192812 2.47636 -0.695091 -0.0327566 1840.63 0.00069486 1 0.0330522 -0.229692 0.05 18987.2
0 8625 6 phononL 0.000349895 0.0330522 -0.229692 0.049999 18987.2 0.00034743 1 0.0322858 -0.269042 0.05 19077.6
0 8645 23 phononTS 0.000979111 -0.231106 -1.61726 -0.0479378 58907.8 0.00034743 1 -0.0564163 -0.287133 0.05 87977.3
0 8649 3 phononL 0.0022099 -0.19705 1.18152 -0.0404488 2014.43 0.00069486 1 -0.0114191 -0.212025 0.05 48029.5
0 8674 6 phononTS 0.000598886 2.54183 0.0508717 0.049999 17763.2 0.00034743 1 -0.0368775 -0.115191 0.05 18725.5
0 8679 3 phononL 0.00275055 1.52887 -1.32245 0.00960657 475.255 0.00104229 1 0.0686651 -0.233127 0.05 2916.69
0 8679 8 phononTF 0.00124183 0.0686651 -0.233127 0.049999 2916.69 0.00034743 1 0.0532565 -0.246677 0.05 2976.37
0 8683 2 phononTS 0.00107786 0.43443 -0.451156 -0.0249685 2314.64 0.00034743 1 0.0205513 -0.248669 0.05 5737.77
0 8690 3 phononTF 0.00195924 -2.29895 -1.92864 -0.00265296 1249.22 0.00069486 1 0.0456664 -0.230687 0.05 6182.41
0 8701 18 phononTS 0.000854077 1.79014 0.00428074 0.049998 830.677 0.00034743 1 0.113875 -0.236725 0.05 30992.7
0 8706 3 phononTS 0.00151152 -1.72369 -2.73945 0.0453809 729.358 0.00069486 1 -0.0988181 -0.244335 0.05 14371.8
0 8732 3 phononL 0.00107282 -2.62077 1.86994 0.0412101 2884.34 0.00069486 1 0.0698597 -0.263109 0.05 8885.88
0 8739 3 phononTF 0.00202725 -2.5433 -2.24245 -0.00852857 2034.38 0.00104229 1 -0.0203618 -0.14534 0.05 10627.9
0 8749 3 phononTS 0.00258146 1.81799 -0.459737 0.00723743 149.005 0.00104229 1 -0.0426631 -0.241191 0.05 1146.06
0 8750 3 phononTF 0.00175162 -0.311865 1.31867 -0.00935314 10206.9 0.00069486 1 -0.0538491 -0.296662 0.05 12251.2
0 8752 1 phononL 0.004 -0.239155 -1.5312 0.0278616 0 0.00138972 1 -0.0644645 -0.151186 0.05 8721.74
0 8762 2 phononL 0.00179929 2.64728 2.72641 0.0186336 75.5309 0.00034743 1 -0.0815762 -0.155939 0.05 7805.06
0 8762 6 phononTS 0.000590607 -0.0815762 -0.155939 0.049999 7805.06 0.00034743 1 -0.0921145 -0.159535 0.05 7864.39
0 8762 4 phononTS 0.000520229 -0.0815762 -0.155939 0.049999 7805.06 0.00034743 1 0.0611523 -0.271683 0.05 7965.58
0 8771 1 phononTS 0.004 0.730201 0.198043 0.0157197 0 0.00034743 1 -0.0593051 -0.240967 0.05 1396.97
0 8771 2 phononTS 0.000858291 -0.0593051 -0.240967 0.049999 1396.97 0.00034743 1 0.0262763 -0.289876 0.05 1634.55
0 8777 4 phononTS 0.000399647 -1.12022 0.0845739 0.049999 1335.89 0.00034743 1 0.0580624 -0.129168 0.05 6491.89
0 8779 3 phononTS 0.00162419 0.878937 0.468711 0.0491028 1155.44 0.00069486 1 0.0147983 -0.223403 0.05 37767
0 8779 6 phononTS 0.000392285 0.0147983 -0.223403 0.049999 37767 0.00034743 1 -0.0466205 -0.290013 0.05 37839.2
0 8782 4 phononTF 0.00137043 0.0758591 -0.00777922 0.049999 13047.3 0.00034743 1 -0.053195 -0.160531 0.05 13241.9
0 8793 2 phononTF 0.00260271 1.49103 2.71473 -0.0124601 2443 0.00104229 1 -0.0625557 -0.219733 0.05 6560.04
0 8793 10 phononTS 0.000386753 -0.0625557 -0.219733 0.049998 6560.04 0.00034743 1 -0.0570483 -0.250855 0.05 6622.34
0 8793 4 phononL 0.000361462 -0.0625557 -0.219733 0.049998 6560.04 0.00034743 1 0.0882943 -0.211778 0.05 6609.74
0 8795 6 phononTS 0.000500947 0.584654 0.0784632 0.049999 2669.63 0.00034743 1 0.042322 -0.207654 0.05 22012.6
0 8795 2 phononTS 0.0012426 0.584654 0.0784632 0.049999 2669.63 0.00104229 1 0.107318 -0.203055 0.05 6559.28
0 8800 3 phononTS 0.00224911 1.91838 -2.23069 -0.0394365 2968.28 0.00069486 1 0.0827597 -0.143094 0.05 6145.94
0 8803 3 phononTS 0.00141451 1.11348 -0.4527 -0.0362443 7581.63 0.00069486 1 -0.0639348 -0.254009 0.05 8225.49
0 8803 4 phononTF 0.000399522 -0.0639348 -0.254009 0.049998 8225.49 0.00034743 1 0.0139305 -0.217003 0.05 8477.04
0 8810 3 phononTS 0.00173604 1.46358 2.86301 -0.0161287 2134.66 0.00069486 1 0.0875171 -0.149662 0.05 5652.19
0 8821 3 phononTS 0.00153015 0.935257 -1.20475 -0.0346048 8284.68 0.00069486 1 -0.0815499 -0.159386 0.05 15685.4
0 8822 6 phononTS 0.000390607 -2.43001 0.0654738 0.049999 1923.7 0.00034743 1 0.0274853 -0.166213 0.05 16238
0 8841 3 phononTF 0.00248997 -1.5795 -0.70104 0.0497674 473.327 0.00104229 1 0.0829826 -0.206751 0.05 1949
0 8851 1 phononTS 0.004 0.75413 -0.781576 0.0316364 0 0.00173715 1 -0.0246494 -0.128234 0.05 2427.53
0 8860 3 phononTS 0.00176429 1.7985 1.70451 0.033014 9166.36 0.00034743 1 0.0408214 -0.275153 0.05 42999
0 8876 2 phononL 0.00238733 -0.905718 0.245572 -0.0341127 742.069 0.00034743 1 0.062022 -0.122687 0.05 2747.29
0 8924 3 phononL 0.0017684 -1.22556 -2.21458 0.0469609 821.328 0.00069486 1 -0.0375943 -0.0970834 0.05 36322.8
0 8927 5 phononL 0.00218409 1.22097 -0.757017 0.0159815 9572.82 0.00104229 1 0.0912221 -0.253658 0.05 15743
0 8964 10 phononTS 0.000640174 -1.85411 0.0265432 0.049999 20105.5 0.00034743 1 -0.091255 -0.268731 0.05 22178.3
0 8965 3 phononTS 0.00129432 -1.19283 -1.92036 0.0382699 1579.32 0.00069486 1 -0.0728326 -0.129123 0.05 9229.48
0 8973 15 phononL 0.000396554 -0.0278512 0.0820818 0.049999 54040.1 0.00034743 1 -0.112939 -0.234631 0.05 54423.2
0 8983 2 phononTF 0.00241156 -1.26308 -2.65605 0.0182143 12375.2 0.00034743 1 0.0241385 -0.263243 0.05 26632.7
0 8983 17 phononTS 0.00151798 0.0241385 -0.263243 0.049999 26632.7 0.00069486 1 0.0577269 -0.230153 0.05 26698
0 8990 2 phononTS 0.000462189 -1.02729 0.0391118 0.049999 7488.79 0.00034743 1 -0.0349348 -0.237158 0.05 13929.1
0 9011 2 phononL 0.00141649 -1.7011 -1.3205 -0.0132737 6054.1 0.00069486 1 -0.0731494 -0.235814 0.05 9135.43
0 9018 1 phononTF 0.004 -0.313196 0.787034 0.0209842 0 0.00104229 1 -0.0395434 -0.100949 0.05 1871.26
0 9018 13 phononTF 0.000606535 -0.0395434 -0.100949 0.049999 1871.26 0.00034743 1 -0.0423866 -0.241512 0.05 2119.3
0 9018 7 phononTF 0.00075053 -0.0395434 -0.100949 0.049999 1871.26 0.00034743 1 -0.0546342 -0.215667 0.05 1994.47
0 9030 19 phononTF 0.000425422 -0.367237 0.0685074 0.049999 42995.3 0.00034743 1 0.0812991 -0.147576 0.05 46255.4
0 9038 3 phononTS 0.000487839 0.157353 0.0211637 0.049999 4123.18 0.00034743 1 -0.0717013 -0.273028 0.05 4310.14
0 9080 3 phononTS 0.00232773 -1.40444 1.93241 0.0426041 2051.1 0.00104229 1 0.0232086 -0.239879 0.05 51150.5
0 9105 11 phononTS 0.000524754 1.69091 0.0618576 0.049999 7489.39 0.00034743 1 0.0443987 -0.278872 0.05 17831.2
0 9108 3 phononTF 0.00120837 1.38517 1.79007 -0.0365499 645.745 0.00034743 1 0.0211958 -0.170646 0.05 10832.4
0 9120 4 phononTS 0.00121466 2.45911 -1.08074 0.0447988 1243.71 0.00034743 1 -0.0848785 -0.155147 0.05 10777.6
0 9134 1 phononTS 0.004 -0.0715323 -0.215325 -0.0371645 0 0.00173715 1 0.0668178 -0.125775 0.05 356.474
0 9136 1 phononTS 0.004 -1.01728 -0.339873 -0.0133362 0 0.00138972 1 -0.0870832 -0.276314 0.05 4644.42
0 9136 3 phononTS 0.00143387 -0.0870832 -0.276314 0.049999 4644.42 0.00034743 1 -0.074979 -0.282469 0.05 4702.45
0 9139 2 phononTS 0.00165452 2.45625 2.68066 -0.0190695 258.373 0.00069486 1 -0.0495584 -0.286646 0.05 2467.37
0 9148 3 phononTF 0.0018549 -0.842943 0.765158 0.0423333 1497.55 0.00034743 1 0.0609951 -0.249382 0.05 6655.67
0 9155 1 phononTS 0.004 0.317989 -1.26718 -0.00731843 0 0.00138972 1 -0.0414339 -0.141085 0.05 2141.86
0 9168 4 phononTS 0.000499934 -0.11315 0.0439256 0.049999 2230.62 0.00034743 1 0.102125 -0.231973 0.05 21998.2
0 9168 2 phononTF 0.0024105 -0.848506 -1.03612 -0.0299627 1005.27 0.00104229 1 -0.0587463 -0.230481 0.05 2486.65
0 9168 20 phononTF 0.000359412 -0.0587463 -0.230481 0.049999 2486.65 0.00034743 1 0.0239304 -0.211551 0.05 2853.95
0 9174 2 phononTF 0.00136576 1.43808 -2.6468 -0.0424202 1126.41 0.00069486 1 0.0459712 -0.202283 0.05 28386.6
0 9206 1 phononTF 0.004 0.535753 -0.381194 0.0194131 0 0.00104229 1 0.035849 -0.116513 0.05 12472.3
0 9214 17 phononTS 0.000799236 1.53359 0.0163749 0.049999 17929.2 0.00034743 1 0.107183 -0.167362 0.05 25837.7
0 9214 16 phononL 0.000872616 1.53359 0.0163749 0.049999 17929.2 0.00034743 1 -0.0533642 -0.205703 0.05 25870.3
0 9217 3 phononTS 0.00240656 -0.43699 -1.33432 -0.0134046 12505 0.00138972 1 0.103668 -0.190307 0.05 17468
0 9228 1 phononTF 0.004 0.452947 0.159656 -0.00826429 0 0.00173715 1 0.0536906 -0.137365 0.05 1986.05
0 9230 3 phononTS 0.00191645 -0.31829 2.4034 -0.0100513 5433.46 0.00104229 1 0.0565128 -0.154702 0.05 21084.1
0 9236 24 phononTS 0.000402128 0.239212 0.0231129 0.049998 10462.5 0.00034743 1 0.0440462 -0.26446 0.05 13473.2
0 9240 3 phononL 0.00209849 1.55744 -0.30229 -0.0260483 972.882 0.00034743 1 0.0596806 -0.153203 0.05 23517.3
0 9250 3 phononTS 0.00190673 1.45953 2.68331 0.0346607 13562.6 0.00034743 1 0.0674808 -0.246979 0.05 22331.7
0 9250 5 phononTS 0.00104307 0.0674808 -0.246979 0.049999 22331.7 0.00034743 1 0.0432732 -0.230138 0.05 22401
0 9250 10 phononL 0.000371935 0.0432732 -0.230138 0.049999 22401 0.00034743 1 -0.0320275 -0.185753 0.05 22449
0 9255 5 phononTF 0.000999357 -0.0340161 -0.00412317 0.049999 8821.21 0.00069486 1 0.0516295 -0.18564 0.05 26802.4
0 9343 3 phononTS 0.00185495 2.39167 -0.437386 0.00010361 3.16238 0.00104229 1 0.0287889 -0.230196 0.05 8550.87
0 9350 3 phononTS 0.00150686 -1.74816 0.0673977 0.049999 1023.55 0.00034743 1 0.10545 -0.149691 0.05 37914.3
0 9382 2 phononTF 0.00201114 1.05201 -2.77113 -0.0322448 2484.96 0.00104229 1 -0.106783 -0.155655 0.05 23122.5
0 9402 2 phononTF 0.00174066 0.129986 -0.382534 0.039459 1351.81 0.00069486 1 -0.102384 -0.212602 0.05 1824.24
0 9407 1 phononTF 0.004 -0.0621848 -0.0913096 -0.0164254 0 0.00173715 1 0.0866927 -0.165913 0.05 260.378
0 9440 3 phononL 0.00196479 0.103583 1.14226 -0.00541901 2052.16 0.00104229 1 -0.114589 -0.210194 0.05 19528.4
0 9440 8 phononTS 0.000394103 -0.114589 -0.210194 0.049999 19528.4 0.00034743 1 -0.116911 -0.188583 0.05 19605.4
0 9449 3 phononTS 0.00203409 0.863227 -2.77833 -0.00516134 6619.81 0.00069486 1 -0.0999658 -0.147737 0.05 16284.8
0 9470 1 phononL 0.004 -0.0459259 -0.439466 -0.0380174 0 0.00208458 1 0.0291895 -0.129229 0.05 529.266
0 9488 1 phononL 0.004 1.14934 -2.32478 -0.00746901 0 0.00208458 1 0.0600604 -0.293741 0.05 6782.23
0 9497 2 phononTS 0.00147869 -2.83405 1.56509 0.0127135 5371.75 0.00034743 1 -0.0862237 -0.2529 0.05 27512
0 9497 6 phononTF 0.000750586 -0.0862237 -0.2529 0.049999 27512 0.00034743 1 -0.0523074 -0.157533 0.05 27651.2
0 9503 1 phononL 0.004 0.325085 -0.53845 0.0287453 0 0.00173715 1 -0.0828254 -0.179305 0.05 317.341
0 9503 5 phononTF 0.000382704 -0.0828254 -0.179305 0.049998 317.341 0.00034743 1 -0.0394433 -0.20051 0.05 550.145
0 9503 3 phononL 0.00126029 -0.0828254 -0.179305 0.049998 317.341 0.00034743 1 -0.0145838 -0.204064 0.05 430.337
0 9503 26 phononTS 0.000758413 -0.0145838 -0.204064 0.049998 430.337 0.00034743 1 -0.0407444 -0.202874 0.05 493.229
0 9509 1 phononL 0.004 -0.47817 -0.634304 0.0160729 0 0.00173715 1 -0.0292994 -0.289308 0.05 1437.91
0 9509 4 phononTS 0.00121459 -0.0292994 -0.289308 0.049999 1437.91 0.00069486 1 -0.069386 -0.220684 0.05 1509.09
0 9515 1 phononTS 0.004 -0.00957196 0.00516512 0.0381417 0 0.00104229 1 -0.0551073 -0.154855 0.05 121.391
0 9536 17 phononTF 0.000919562 0.932494 2.62132 0.0366413 11682.6 0.00034743 1 0.041072 -0.217678 0.05 19330.1
0 9566 25 phononTS 0.00103894 -0.08121 0.0294432 0.049999 10009.1 0.00034743 1 -0.0335616 -0.114824 0.05 10169.7
0 9584 2 phononTF 0.00227524 0.797382 -2.50384 0.0284908 2623.11 0.00138972 1 0.0593164 -0.206364 0.05 13259.8
0 9601 10 phononTS 0.00165932 1.49795 -2.69304 -0.022022 14488 0.00104229 1 -0.0516956 -0.158724 0.05 21355.5
0 9603 4 phononTF 0.000677358 -0.26447 0.0710557 0.049999 2697.16 0.00034743 1 0.0282347 -0.153563 0.05 2936.94
0 9617 9 phononTF 0.001439 -0.931434 0.0143122 0.049999 622.794 0.00034743 1 -0.06534 -0.251315 0.05 15904.2
0 9630 13 phononTF 0.00135555 2.62273 0.0807773 0.049999 495.348 0.00069486 1 -0.0991797 -0.138505 0.05 47553.6
0 9643 6 phononTS 0.00163825 0.198106 2.18902 0.0322667 10204.7 0.00069486 1 -0.0185923 -0.214466 0.05 33438.7
0 9661 4 phononTF 0.000512146 -0.120451 0.0928011 0.049999 8628.6 0.00034743 1 -0.0414291 -0.263015 0.05 13852.3
0 9665 3 phononTS 0.00240228 1.85881 -0.934815 -0.0126967 2327.57 0.00069486 1 0.044611 -0.107501 0.05 9097.48
0 9667 1 phononTS 0.004 -1.69168 -1.60445 -0.024334 0 0.00034743 1 -0.0715892 -0.260871 0.05 4083.72
0 9686 2 phononTS 0.00108958 -0.636115 2.16877 -0.00969254 6182.57 0.00034743 1 0.0312815 -0.236772 0.05 17196.3
0 9687 2 phononTF 0.00257683 -1.48423 0.737729 0.0158874 8149.05 0.00034743 1 0.0417772 -0.293117 0.05 16844.3
0 9700 4 phononL 0.00189571 -0.523977 0.0637613 0.049999 12247.2 0.00069486 1 0.0758834 -0.274756 0.05 47891
0 9703 12 phononL 0.000474477 -1.43786 0.0971954 0.049999 12564.4 0.00034743 1 -0.0353195 -0.106933 0.05 15724.3
0 9710 4 phononTF 0.00130456 0.665677 0.00405657 0.049999 13911.8 0.00034743 1 0.0958299 -0.151004 0.05 14217.6
0 9710 11 phononTS 0.00058237 0.0958299 -0.151004 0.049999 14217.6 0.00034743 1 -0.0293964 -0.252759 0.05 14310.8
0 9735 2 phononTF 0.0017983 -0.924016 -1.27784 -0.0302833 5200.24 0.00069486 1 -0.0242564 -0.147983 0.05 5735.93
0 9761 4 phononTS 0.000987996 2.13309 0.0308124 0.049999 9665.38 0.00034743 1 -0.112337 -0.191322 0.05 16041.1
0 9763 4 phononTF 0.00126856 -2.79529 0.0920239 0.049999 399.287 0.00069486 1 0.0321235 -0.26475 0.05 10455.8
0 9795 2 phononTS 0.00118352 -1.3238 0.47169 0.0225204 72.8524 0.00034743 1 0.0547462 -0.131964 0.05 3512.61
0 9800 3 phononTF 0.00180605 -0.264796 -0.816006 0.0224417 7328.81 0.00138972 1 0.0619758 -0.121703 0.05 8123.34
0 9827 2 phononTS 0.00321808 -0.0286895 -1.28649 0.0485566 379.951 0.00104229 1 0.0604343 -0.108946 0.05 3564.97
0 9827 12 phononL 0.000396089 0.0604343 -0.108946 0.049998 3564.97 0.00034743 1 -0.0370015 -0.108517 0.05 3888.01
0 9835 2 phononTS 0.0016066 -0.677461 2.10819 -0.00455319 4762.14 0.00034743 1 0.0649198 -0.273379 0.05 6084.64
0 9839 1 phononTF 0.004 -0.630708 -0.929497 0.000558928 0 0.00069486 1 0.0430072 -0.25085 0.05 4353.03
0 9839 3 phononTS 0.000781658 0.0430072 -0.25085 0.049999 4353.03 0.00034743 1 0.090986 -0.273506 0.05 4528.86
0 9869 3 phononTF 0.00285046 -1.70021 -1.19864 -0.0473895 5012.48 0.00104229 1 -0.0392458 -0.262481 0.05 23854.3
0 9881 18 phononTS 0.000350312 0.470765 0.0871174 0.049999 3901.62 0.00034743 1 0.10199 -0.186366 0.05 4195.12
0 9916 3 phononTF 0.00172468 0.431222 1.26267 0.000184264 4157.3 0.00069486 1 -0.0519809 -0.099947 0.05 16672.6
0 9925 11 phononTF 0.000438883 -1.52201 0.0277835 0.049999 617.26 0.00034743 1 -0.0360096 -0.200478 0.05 2034.14
0 9931 3 phononTF 0.00216355 -0.574192 -0.855224 -0.0296649 12521 0.00034743 1 -0.0777985 -0.184943 0.05 18351.1
0 9963 3 phononL 0.00280394 2.75059 0.458731 0.0439945 1098.04 0.00034743 1 -0.0131906 -0.193443 0.05 19422.1
0 9963 5 phononTS 0.00147682 -0.0131906 -0.193443 0.049999 19422.1 0.00034743 1 0.0109247 -0.190869 0.05 19538.6
0 9972 3 phononTS 0.00234898 -2.78186 -2.14063 0.0485853 5860.81 0.00069486 1 -0.0847212 -0.206875 0.05 10588.3
0 9990 14 phononTS 0.00117981 0.284559 -0.0154749 0.0360306 13530.2 0.00069486 1 0.0337368 -0.0979815 0.05 13672.2
