Run ID,Event ID,Track ID,Particle Name,Start Energy [eV],Start X [mm],Start Y [mm],Start Z [mm],Start Time [ns],Energy Deposited [eV],Track Weight,End X [mm],End Y [mm],End Z [mm],Final Time [ns],Volume Name
0 22 2 phononL 0.00207874 3.24058 -3.69363 0.0183588 4626.11 0.00104229 1 -0.0735392 -0.163455 0.05 14004.3
0 70 2 phononTF 0.00192391 1.62339 -1.29603 -0.0319283 310.071 0.00069486 1 -0.0303591 -0.0923387 0.05 2950.55
0 70 22 phononL 0.000803254 -0.0303591 -0.0923387 0.049999 2950.55 0.00069486 1 0.057405 -0.177882 0.05 7243.53
0 93 2 phononTF 0.00187521 0.943647 -1.78314 0.0315577 4386.07 0.00034743 1 -0.0379097 -0.291145 0.05 11358.9
0 93 4 phononTS 0.00112931 -0.0379097 -0.291145 0.049999 11358.9 0.00069486 1 -0.0332667 -0.301228 0.05 11426.5
0 141 2 phononTF 0.000476985 3.47656 2.76113 -0.0305315 5293 0.00034743 1 -0.0491817 -0.275067 0.05 15097.8
0 191 1 phononTS 0.004 0.773194 -0.187076 -0.0132124 0 0.00138972 1 -0.0735339 -0.149231 0.05 2636.52
0 191 2 phononTS 0.000455145 -0.0735339 -0.149231 0.049999 2636.52 0.00034743 1 -0.115328 -0.200875 0.05 2720.51
0 231 3 phononTS 0.0016503 -4.61168 -2.25567 -0.0174292 8509.51 0.00034743 1 0.0431433 -0.100299 0.05 82239.3
0 231 4 phononL 0.000840802 0.0431433 -0.100299 0.049999 82239.3 0.00069486 1 0.0203497 -0.227729 0.05 82291.2
0 331 2 phononTF 0.00184995 -0.351311 4.83605 0.037208 9621.21 0.00069486 1 0.0454191 -0.161997 0.05 35918.6
0 392 3 phononL 0.00166094 0.349257 4.41885 -0.0465549 21.3521 0.00104229 1 -0.0806749 -0.136439 0.05 26161.5
0 393 3 phononTF 0.00243236 -3.73456 2.36384 0.0161946 1534.59 0.00104229 1 0.0575928 -0.265585 0.05 6991.19
0 441 3 phononL 0.00189328 -2.35256 -3.9255 -0.0435939 11.7478 0.00034743 1 0.0699366 -0.268341 0.05 5734.8
0 460 2 phononTS 0.00207195 -1.70107 -4.05874 0.0394163 1826.49 0.00104229 1 -0.0540311 -0.270416 0.05 11765.2
0 531 2 phononTS 0.0015846 1.20376 2.94736 0.0218906 15553.8 0.00069486 1 0.0444399 -0.188325 0.05 20716.7
0 550 10 phononTF 0.000375228 -0.157187 0.0750777 0.049999 7648.59 0.00034743 1 -0.0343 -0.239859 0.05 7945.84
0 600 3 phononTS 0.00180613 0.538969 2.80724 0.0439539 1001.1 0.00069486 1 0.0557583 -0.251624 0.05 3347.92
0 600 5 phononTF 0.000583834 0.0557583 -0.251624 0.049999 3347.92 0.00034743 1 0.0977202 -0.196054 0.05 3412.65
0 703 2 phononTF 0.00235881 1.09222 -1.08168 -0.0347232 10663.6 0.00104229 1 0.0810906 -0.28115 0.05 11975.9
0 703 6 phononL 0.00043722 0.0810906 -0.28115 0.049999 11975.9 0.00034743 1 -0.0633663 -0.230878 0.05 12031.5
0 785 2 phononTF 0.000820045 4.69523 -0.76227 0.0183708 910.938 0.00034743 1 -0.068837 -0.19582 0.05 52886.5
0 830 1 phononTS 0.004 0.369001 -0.402003 -0.0227461 0 0.00208458 1 0.0890434 -0.199934 0.05 335.995
0 854 4 phononTS 0.000887521 0.556087 4.90744 -0.0291062 18165.7 0.00034743 1 -0.0430031 -0.213697 0.05 131640
0 878 2 phononTF 0.00131469 -4.79211 0.523567 0.0345464 6030.23 0.00034743 1 0.0343437 -0.209279 0.05 9116.73
0 890 3 phononTS 0.00219105 -1.70129 -1.90569 0.0154134 11643 0.00104229 1 -0.0962876 -0.232172 0.05 16376.8
0 890 8 phononTS 0.000567943 -0.0962876 -0.232172 0.049999 16376.8 0.00034743 1 -0.054102 -0.214279 0.05 16481.9
0 914 11 phononL 0.000396837 -0.125292 0.090118 0.049999 1982.11 0.00034743 1 -0.0443551 -0.0959223 0.05 2105.97
0 975 2 phononTS 0.0013123 -1.00166 2.50159 -0.0326029 9286.87 0.00069486 1 0.0678996 -0.275908 0.05 74244
0 992 2 phononTS 0.00196713 -0.433532 -0.8335 0.0414739 721.408 0.00069486 1 0.0900138 -0.157866 0.05 2009.93
0 992 28 phononTS 0.000459509 0.0900138 -0.157866 0.049999 2009.93 0.00034743 1 0.0535335 -0.119509 0.05 2277.93
0 1009 1 phononL 0.004 0.204348 -0.798353 -0.0135847 0 0.00138972 1 0.0862494 -0.166743 0.05 1426.23
0 1061 3 phononTS 0.00155873 4.32036 4.47132 0.00550813 8720.08 0.00034743 1 0.115106 -0.178822 0.05 32255
0 1103 2 phononTF 0.00260327 -4.37889 -1.67884 0.040434 1582.91 0.00138972 1 -0.0592569 -0.214743 0.05 29478.7
0 1153 1 phononTS 0.004 1.87491 -0.927889 0.0200161 0 0.00138972 1 -0.030956 -0.0946258 0.05 5860.32
0 1170 8 phononTS 0.000414866 0.954105 0.0931379 0.049999 7905.21 0.00034743 1 0.0502476 -0.175855 0.05 10422.6
0 1208 2 phononTF 0.00170556 -0.219556 -0.00365041 0.049999 3988.65 0.00069486 1 -0.0473868 -0.171174 0.05 4344.37
0 1243 4 phononTS 0.00156364 1.93607 -1.10789 0.0425259 21045.7 0.00034743 1 -0.0276885 -0.23374 0.05 54313.6
0 1257 2 phononL 0.00239102 0.496136 1.20864 -0.0151322 748.754 0.00138972 1 0.0579644 -0.143951 0.05 11160.6
0 1324 3 phononTF 0.00239375 1.44189 -0.821654 -0.0165268 366.874 0.00173715 1 0.0200854 -0.198302 0.05 43270.2
0 1371 3 phononTS 0.00237926 1.9735 0.787177 -0.0126299 8182.23 0.00104229 1 -0.0435573 -0.145172 0.05 9704.44
0 1373 1 phononTF 0.004 0.615621 -0.502895 -0.0236338 0 0.00104229 1 -0.0954639 -0.160226 0.05 743.128
0 1392 2 phononL 0.00198106 -2.01156 1.34078 -0.0431391 2137.53 0.00138972 1 -0.0228627 -0.179514 0.05 8807.1
0 1417 4 phononTF 0.0010476 3.94156 0.083648 0.049999 4434.08 0.00069486 1 0.0881202 -0.222419 0.05 10634.4
0 1438 3 phononTS 0.00161785 -3.68683 -1.29018 0.0298037 52.4666 0.00069486 1 0.03215 -0.0999167 0.05 3781.68
0 1473 3 phononTF 0.00152866 -4.72645 -4.8146 -0.0255527 15550.4 0.00034743 1 0.116139 -0.175587 0.05 31704.1
0 1506 4 phononTF 0.000364382 -0.698381 0.0276973 0.049999 20288.1 0.00034743 1 -0.0443495 -0.218497 0.05 21044.4
0 1508 4 phononTS 0.000414208 0.100915 0.083906 0.049999 9874.44 0.00034743 1 -0.051956 -0.244887 0.05 10024.5
0 1533 1 phononL 0.004 0.149607 -0.317794 -0.0276053 0 0.00208458 1 0.0482155 -0.229515 0.05 37.6691
0 1576 4 phononTS 0.00102228 3.82539 2.51855 0.0367022 38015.9 0.00069486 1 0.110669 -0.17067 0.05 87793.3
0 1589 5 phononTS 0.00136034 -0.247374 -4.32426 -0.0416787 12652.6 0.00069486 1 -0.0673271 -0.227658 0.05 23684.9
0 1629 3 phononTF 0.0012315 1.90339 -1.63621 -0.0426075 4391.4 0.00069486 1 -0.0944951 -0.176038 0.05 5748.98
0 1643 1 phononTS 0.004 -0.883358 -2.30398 0.0316968 0 0.00173715 1 -0.0359764 -0.0946262 0.05 7525.98
0 1651 2 phononTS 0.0025653 1.57729 -4.86174 0.0336548 9400.72 0.00034743 1 -0.0390224 -0.137425 0.05 23007.4
0 1651 8 phononTF 0.000407475 -0.0390224 -0.137425 0.049999 23007.4 0.00034743 1 0.0466971 -0.100085 0.05 23075.6
0 1651 5 phononTS 0.000855337 -0.0390224 -0.137425 0.049999 23007.4 0.00034743 1 -0.0805393 -0.194347 0.05 23478.9
0 1710 2 phononTF 0.00153695 -3.39216 -0.661186 0.0246501 5006.9 0.00069486 1 0.0693529 -0.226681 0.05 40618.1
0 1734 3 phononTS 0.0021417 -0.314177 -1.75212 -0.0120163 39.8024 0.00104229 1 -0.0726958 -0.262516 0.05 17593.6
0 1777 1 phononTS 0.004 -0.0350776 -0.502757 0.00839462 0 0.00104229 1 0.058161 -0.238712 0.05 153.754
0 1784 2 phononL 0.00123707 1.57476 -3.51481 -0.00178596 2846.02 0.00034743 1 -0.0921436 -0.175387 0.05 23634.9
0 1826 2 phononTS 0.0012593 0.61487 2.77557 -0.000941613 2553.45 0.00034743 1 -0.0239606 -0.155742 0.05 21288.1
0 1867 4 phononTF 0.00159421 0.539351 0.234849 0.0296446 16800.7 0.00069486 1 -0.089459 -0.223558 0.05 19906.6
0 1869 2 phononTF 0.00175388 1.22042 -3.96875 -0.00735785 12110.6 0.00104229 1 -0.0725762 -0.244201 0.05 30339
0 1941 3 phononL 0.00213585 -3.92376 1.40255 -0.0119394 5015.16 0.00069486 1 -0.0844231 -0.175704 0.05 19016.8
0 1975 1 phononTS 0.004 0.182093 -1.49161 -0.0104437 0 0.00173715 1 0.0916097 -0.244372 0.05 4287.95
0 2009 2 phononTS 0.00214016 -0.982823 1.93558 0.018744 31883.7 0.00104229 1 -0.0537079 -0.263952 0.05 36516.5
0 2009 11 phononTS 0.000445865 -0.0537079 -0.263952 0.049999 36516.5 0.00034743 1 -0.0703351 -0.289562 0.05 36579.9
0 2041 2 phononTS 0.00220483 0.657422 4.38658 -0.0481216 1234.09 0.00069486 1 -0.0944145 -0.199439 0.05 34858.7
0 2041 4 phononTF 0.000842144 -0.0944145 -0.199439 0.049999 34858.7 0.00034743 1 -0.0520107 -0.199593 0.05 34924.8
0 2051 2 phononTF 0.00144362 3.48534 -1.16969 -0.00525033 7907.39 0.00034743 1 -0.032508 -0.24538 0.05 14819.5
0 2051 5 phononTS 0.000448871 -0.032508 -0.24538 0.049999 14819.5 0.00034743 1 0.0341829 -0.270606 0.05 14895.5
0 2071 2 phononTF 0.00185424 1.46932 -1.29846 -0.00181682 7380.08 0.00104229 1 0.0371087 -0.19684 0.05 27731.7
0 2116 3 phononTF 0.00220068 2.92298 -1.8991 -0.000773706 2082.88 0.00104229 1 0.101077 -0.148055 0.05 7436.95
0 2147 2 phononTS 0.00196789 2.24229 0.925454 0.0162138 14750.1 0.00069486 1 -0.0688326 -0.133628 0.05 47059
0 2159 2 phononL 0.0018372 -4.86634 4.78602 0.0155617 152.506 0.00104229 1 0.0566909 -0.111731 0.05 35592.8
0 2231 4 phononTF 0.000804358 -0.200934 0.0245973 0.049999 15040.9 0.00034743 1 -0.0678692 -0.125929 0.05 15134.7
0 2264 3 phononL 0.00109755 -4.81535 -4.01084 -0.0115433 2201.77 0.00069486 1 -0.0962445 -0.261903 0.05 16782
0 2278 3 phononL 0.00202956 0.764256 3.8713 -0.0248334 4812.07 0.00104229 1 0.0520664 -0.185262 0.05 20333.3
0 2370 2 phononTF 0.00182985 -2.61575 -3.90857 0.0340214 2637.48 0.00034743 1 -0.0793908 -0.280573 0.05 7368.75
0 2495 5 phononL 0.00145146 0.64381 -4.34487 -0.0402588 46086.2 0.00069486 1 -0.101985 -0.229455 0.05 82223.9
0 2515 2 phononTF 0.00128479 4.25073 -2.68537 -0.0334221 19643.5 0.00069486 1 0.0389952 -0.236108 0.05 23986.6
0 2517 3 phononTF 0.00204538 0.385518 -0.635482 0.0483078 1346.35 0.00069486 1 0.0483589 -0.112293 0.05 7024.35
0 2591 3 phononTS 0.00216611 -0.197204 -0.168336 -0.019599 1277.21 0.00104229 1 0.0557703 -0.152094 0.05 1360.08
0 2591 2 phononTF 0.00183389 -0.197204 -0.168336 -0.019599 1277.21 0.00138972 1 0.0323699 -0.249467 0.05 1464.94
0 2598 3 phononL 0.00238377 -2.40879 4.22937 -0.0423356 5427.91 0.00104229 1 -0.0383843 -0.102054 0.05 25852.6
0 2598 9 phononTS 0.000629775 -0.0383843 -0.102054 0.049999 25852.6 0.00034743 1 -0.0501116 -0.128205 0.05 25980.9
0 2715 3 phononTS 0.00160287 4.60688 2.70865 -0.0422442 458.571 0.00104229 1 -0.031582 -0.301702 0.05 6049.57
0 2717 2 phononTS 0.00181687 -0.0401256 0.710044 -0.00679816 1.26436 0.00069486 1 -0.090972 -0.219371 0.05 2517.69
0 2756 3 phononTF 0.00230636 -4.91549 -3.058 0.00283955 6676.33 0.00138972 1 -0.0579655 -0.27179 0.05 12081.6
0 2793 1 phononTF 0.004 -2.43825 -0.247793 0.00884639 0 0.00173715 1 -0.036649 -0.129827 0.05 5434.01
0 2808 2 phononTF 0.00279008 -1.44641 -4.66535 -0.00644744 2316.26 0.00138972 1 -0.0709351 -0.131582 0.05 48902
0 2910 9 phononTS 0.000469159 -0.290429 0.0088796 0.049999 2279.39 0.00034743 1 -0.040736 -0.107061 0.05 29047.8
0 2929 3 phononTF 0.00302331 1.01973 4.47708 0.00914145 7888.5 0.00069486 1 -0.087656 -0.242924 0.05 20526
0 2929 4 phononTS 0.00109668 -0.087656 -0.242924 0.049999 20526 0.00034743 1 -0.0825476 -0.271387 0.05 20591.4
0 2989 2 phononTF 0.00118025 -2.71358 -1.83516 0.0417614 2175.48 0.00034743 1 -0.0810839 -0.15604 0.05 3702.62
0 2994 3 phononTS 0.00196768 3.7996 -0.823946 -0.015244 1464.2 0.00104229 1 0.0688113 -0.228957 0.05 8826.83
0 3000 3 phononTS 0.0022908 0.926759 1.15242 0.00686607 5120.15 0.00069486 1 0.0694758 -0.221146 0.05 17296.5
0 3030 3 phononTF 0.00133409 1.65647 -0.914607 -0.0444505 2829.43 0.00069486 1 0.0228038 -0.137624 0.05 78995.4
0 3138 4 phononL 0.000915106 0.872457 0.0174596 0.049998 30282.5 0.00034743 1 0.103911 -0.188038 0.05 33156.6
0 3150 3 phononTS 0.00264707 0.354174 -2.02848 0.000487455 8747.37 0.00138972 1 0.0388571 -0.15933 0.05 17756.5
0 3172 1 phononTS 0.004 1.15756 -0.806708 0.0301628 0 0.00173715 1 0.0302664 -0.142859 0.05 5270.52
0 3251 6 phononTF 0.000630241 0.132751 0.655664 0.0252111 75293.8 0.00034743 1 -0.0622537 -0.142059 0.05 79089.9
0 3348 2 phononTS 0.00146929 1.75229 1.39675 0.0449112 2158.12 0.00069486 1 0.0916371 -0.210713 0.05 4373.86
0 3352 22 phononTF 0.000444877 -0.299494 0.0840307 0.049999 4617.53 0.00034743 1 -0.0893928 -0.142813 0.05 5257.52
0 3370 3 phononTS 0.00177607 -2.99177 3.80082 0.00115609 4194.77 0.00104229 1 0.0969565 -0.177076 0.05 31629.7
0 3495 3 phononL 0.00221095 3.27993 -2.18335 -0.00661575 2008.36 0.00104229 1 0.118878 -0.218062 0.05 11692.5
0 3495 6 phononTS 0.000366107 0.118878 -0.218062 0.049999 11692.5 0.00034743 1 0.0661577 -0.168174 0.05 12522.2
0 3512 3 phononTS 0.00172648 1.77847 4.06873 -0.020045 4948.68 0.00069486 1 -0.0409277 -0.143084 0.05 18340.6
0 3526 2 phononTS 0.00174451 0.0130129 -0.147941 0.0115562 11950.8 0.00034743 1 -0.029701 -0.197549 0.05 12062.7
0 3531 2 phononTF 0.00175403 0.397967 0.477217 -0.0362794 3289.38 0.00069486 1 0.030964 -0.115362 0.05 3513.57
0 3575 7 phononTS 0.000493969 0.14407 0.0381005 0.049999 9179.49 0.00034743 1 -0.0793881 -0.264834 0.05 9617.71
0 3649 4 phononL 0.000840118 -0.43606 0.0493939 0.049999 2226.64 0.00034743 1 0.0594858 -0.211654 0.05 3007.64
0 3682 3 phononTS 0.00159822 -1.68146 2.53265 -0.0115056 4215.48 0.00069486 1 -0.0604036 -0.166881 0.05 16394.2
0 3737 2 phononTS 0.00262371 1.08594 2.29522 0.0299769 7270.08 0.00069486 1 0.110648 -0.186418 0.05 34828.3
0 3742 11 phononL 0.000660293 -0.264262 0.0859773 0.049998 15564.7 0.00034743 1 -0.103623 -0.198108 0.05 15645.8
0 3798 2 phononTS 0.00140586 4.08087 3.07222 -0.00120085 3078.85 0.00069486 1 -0.0149261 -0.186056 0.05 15010
0 3798 8 phononTS 0.00052959 -0.0149261 -0.186056 0.049998 15010 0.00034743 1 0.112089 -0.195147 0.05 15247.1
0 3855 4 phononTS 0.000618071 -1.01524 0.0398396 0.049998 10357.2 0.00034743 1 -0.0648963 -0.157236 0.05 10975.2
0 3934 1 phononL 0.004 0.344249 -0.546484 -0.032439 0 0.00104229 1 0.0443005 -0.121181 0.05 895.836
0 3934 2 phononTS 0.000899783 0.0443005 -0.121181 0.049999 895.836 0.00069486 1 -0.0304223 -0.163197 0.05 1102.47
0 3941 11 phononTS 0.000491265 -4.20372 0.0953436 0.049999 3782.19 0.00034743 1 -0.065089 -0.126361 0.05 6567.66
0 3965 5 phononTS 0.00188104 -2.43184 -4.1532 -0.0479132 2159.45 0.00069486 1 -0.092301 -0.26127 0.05 28168.4
0 3986 2 phononL 0.00273054 -1.47605 -0.659997 -0.0411394 8373.36 0.00208458 1 0.107243 -0.250413 0.05 10623.7
0 4026 3 phononL 0.00171975 3.7461 1.94399 -0.0375588 3248.79 0.00034743 1 0.0876716 -0.26295 0.05 19635
0 4070 2 phononTS 0.00199902 3.163 -2.20959 -0.0182855 4624.16 0.00104229 1 0.0898978 -0.235775 0.05 9149.34
0 4092 1 phononTF 0.004 -0.802467 -0.796449 0.0254107 0 0.00208458 1 -0.0140837 -0.18853 0.05 6199.2
0 4238 2 phononTS 0.00079602 -0.575724 -4.53976 -0.0474371 1822.67 0.00069486 1 -0.0280153 -0.117724 0.05 12868.7
0 4242 3 phononTS 0.00200247 -0.676755 -0.639756 0.0349739 1476.51 0.00104229 1 -0.111058 -0.235615 0.05 2851.83
0 4277 20 phononTS 0.000423112 -0.993817 0.029789 0.049999 37503.9 0.00034743 1 -0.0544004 -0.213545 0.05 74279.9
0 4292 5 phononTS 0.00150395 -1.9501 -4.63953 -0.045193 25036.1 0.00104229 1 -0.095381 -0.141797 0.05 44769.7
0 4303 2 phononTF 0.00200886 1.86215 1.00815 -0.0464165 3042.55 0.00104229 1 0.0841039 -0.278968 0.05 5515.96
0 4309 11 phononTS 0.000836483 -1.52517 0.0517503 0.049999 1960.5 0.00069486 1 0.053452 -0.276659 0.05 19194.5
0 4362 3 phononTF 0.00215583 -4.34185 1.63958 0.0082571 6.73746 0.00104229 1 0.0517427 -0.110511 0.05 25840.6
0 4372 2 phononTF 0.00185007 -1.86024 2.1815 -0.0351733 25.8382 0.00034743 1 0.103998 -0.218499 0.05 16728.4
0 4372 6 phononTF 0.000833138 0.103998 -0.218499 0.049999 16728.4 0.00034743 1 -0.0506201 -0.228754 0.05 16918.1
0 4380 3 phononTS 0.00211908 -1.14976 2.56573 0.0178385 1553.42 0.00034743 1 -0.0732153 -0.261297 0.05 4197.61
0 4380 4 phononL 0.00122866 -0.0732153 -0.261297 0.049999 4197.61 0.00069486 1 -0.107862 -0.204966 0.05 4244.87
0 4432 2 phononL 0.00288631 1.04479 -1.93757 -0.0240041 3810.29 0.00069486 1 -0.0307635 -0.307686 0.05 9362.23
0 4432 12 phononTS 0.00166493 -0.0307635 -0.307686 0.049999 9362.23 0.00069486 1 -0.0821005 -0.244073 0.05 9555.04
0 4460 2 phononTF 0.00109546 2.60299 -3.16633 0.0276016 3963.26 0.00069486 1 0.0801016 -0.269085 0.05 6107.56
0 4465 3 phononTS 0.00169913 0.56249 -3.14151 -0.0417763 3412.62 0.00104229 1 0.0898816 -0.234188 0.05 18493.9
0 4485 1 phononL 0.004 0.810705 -0.841245 0.0056293 0 0.00208458 1 -0.0611389 -0.112792 0.05 2064.93
0 4485 21 phononTS 0.000374204 -0.0611389 -0.112792 0.049999 2064.93 0.00034743 1 0.0306517 -0.0968404 0.05 2145
0 4524 4 phononL 0.000792131 -0.0864539 0.0299606 0.049999 2540.94 0.00034743 1 0.0604683 -0.177232 0.05 2941.5
0 4558 3 phononTS 0.00209643 2.50697 4.41067 0.0211696 2515.36 0.00069486 1 0.0586903 -0.157377 0.05 26616.5
0 4631 3 phononL 0.000419866 4.77931 0.0700543 0.049999 1746.44 0.00034743 1 0.0595121 -0.119416 0.05 18700.6
0 4646 2 phononTF 0.00243558 -0.287738 1.76622 0.00896752 1552.87 0.00069486 1 0.10844 -0.230921 0.05 7875.72
0 4652 2 phononTF 0.00246587 1.82932 0.087614 0.049998 713.416 0.00069486 1 0.03822 -0.2215 0.05 1805.29
0 4662 2 phononTS 0.00174989 -3.11965 -0.990659 0.0016728 1270.99 0.00069486 1 0.034108 -0.295956 0.05 8158.21
0 4681 3 phononTS 0.00254635 -1.60426 -2.34404 -0.00449684 526.647 0.00138972 1 -0.0933811 -0.192381 0.05 7980.81
0 4687 2 phononTF 0.00125098 2.47122 -0.15841 0.0413604 3088.93 0.00069486 1 0.0832092 -0.265181 0.05 28277.4
0 4719 2 phononTF 0.00231383 0.704033 -4.43952 0.0124724 9368.64 0.00104229 1 0.113561 -0.227287 0.05 33569.8
0 4740 4 phononTS 0.000630409 -0.542725 -4.58798 0.0439213 11094.7 0.00034743 1 -0.0539209 -0.139397 0.05 19614.4
0 4789 1 phononTS 0.004 0.405606 0.47553 -0.00562311 0 0.00138972 1 -0.0610679 -0.118778 0.05 2036.03
0 4852 2 phononTS 0.00144912 3.06306 -3.27998 -0.0420676 9656.45 0.00069486 1 0.0558573 -0.289079 0.05 55526
0 4860 2 phononTF 0.00111044 -2.52254 0.7021 0.010148 6852.67 0.00034743 1 -0.0383799 -0.305627 0.05 24494.3
0 4923 3 phononTS 0.00257357 -1.41936 -0.732452 0.0335373 3360.38 0.00104229 1 0.0583961 -0.264883 0.05 9105.21
0 4923 4 phononTS 0.000755894 0.0583961 -0.264883 0.049999 9105.21 0.00034743 1 0.0513714 -0.258428 0.05 9285.86
0 4927 1 phononTF 0.004 -0.198578 -0.743693 -0.0123383 0 0.00138972 1 0.0256927 -0.171288 0.05 2272.14
0 5023 4 phononTS 0.000596817 -4.22419 -4.26845 -0.00172423 230375 0.00034743 1 0.0386408 -0.200008 0.05 281105
0 5042 1 phononL 0.004 0.456602 -0.578548 0.0244316 0 0.00173715 1 -0.101858 -0.139857 0.05 485.6
0 5094 12 phononTS 0.000354243 4.52684 -0.00351451 0.049999 27482.9 0.00034743 1 -0.0458611 -0.16306 0.05 34316
0 5123 3 phononTS 0.00233778 1.52914 4.46677 -0.0133562 5208.9 0.00104229 1 -0.0330858 -0.236627 0.05 12405
0 5178 2 phononTF 0.00184456 2.70133 -1.7318 0.00714235 6235.3 0.00104229 1 -0.0974615 -0.137931 0.05 22102.9
0 5191 3 phononL 0.00203779 -3.14596 2.47637 0.0163285 3879.49 0.00138972 1 0.058389 -0.225386 0.05 26452.1
0 5198 19 phononTS 0.00120725 0.085703 -1.24935 0.00408975 2434.98 0.00069486 1 -0.0719677 -0.172011 0.05 6006.96
0 5223 2 phononTS 0.00104361 -1.96223 1.01538 -0.039265 6374.12 0.00034743 1 -0.0694454 -0.10957 0.05 10363.1
0 5229 1 phononTF 0.004 -0.0126916 -0.243011 -0.00297887 0 0.00208458 1 -0.0653719 -0.195961 0.05 18.5424
0 5451 2 phononTF 0.00190513 -0.96764 0.819895 0.0270837 152.953 0.00138972 1 -0.0736286 -0.264231 0.05 21753.3
0 5490 27 phononTS 0.000606904 0.949481 0.0908338 0.049999 18363.8 0.00034743 1 -0.0218236 -0.176781 0.05 19435.8
0 5499 3 phononTF 0.00198002 -3.31403 1.87053 -0.00477966 3724.1 0.00069486 1 0.0124232 -0.197672 0.05 11897.4
0 5553 3 phononTS 0.00156557 -2.45908 4.14606 0.00532846 6875.4 0.00104229 1 0.0724766 -0.185589 0.05 21235.5
0 5726 1 phononTF 0.004 -1.11897 -0.326269 -0.0314912 0 0.00138972 1 0.0805525 -0.281682 0.05 2578.19
0 5726 2 phononTS 0.000371292 0.0805525 -0.281682 0.049999 2578.19 0.00034743 1 -0.0822101 -0.119938 0.05 2915.37
0 5772 5 phononTF 0.000446135 -0.000546793 0.0118635 0.049999 13140.2 0.00034743 1 -0.053524 -0.161625 0.05 17996.8
0 5772 4 phononTS 0.000707257 -0.000546793 0.0118635 0.049999 13140.2 0.00034743 1 0.0975969 -0.20513 0.05 13312.3
0 5815 2 phononL 0.00121779 -3.19971 2.14875 -0.00801661 10536.2 0.00034743 1 -0.0929863 -0.216579 0.05 52889.8
0 5851 2 phononTS 0.00234292 -1.14266 -1.52819 -0.0246074 609.563 0.00104229 1 -0.0383088 -0.210945 0.05 19348
0 5851 5 phononTF 0.000379266 -0.0383088 -0.210945 0.049999 19348 0.00034743 1 -0.087113 -0.274774 0.05 19467
0 5851 4 phononTS 0.000516251 -0.0383088 -0.210945 0.049999 19348 0.00034743 1 -0.0279514 -0.23359 0.05 19410.1
0 5877 6 phononTF 0.00038862 -0.275675 0.00730442 0.049999 133.074 0.00034743 1 -0.10061 -0.137012 0.05 487.41
0 5878 2 phononTF 0.00192974 1.19009 -3.22876 -0.0175627 4162.8 0.00138972 1 0.0485839 -0.192724 0.05 10914.2
0 6000 6 phononTS 0.000380547 2.06874 0.00329142 0.049999 32717.4 0.00034743 1 0.0987599 -0.198249 0.05 37466.8
0 6098 3 phononTS 0.000922651 -1.64712 -4.14848 0.0192841 57.3158 0.00069486 1 0.0607956 -0.17615 0.05 24060
0 6098 10 phononTS 0.00139296 -1.63338 -4.1607 -0.00494077 7367.46 0.00104229 1 0.063782 -0.25288 0.05 16483
0 6107 2 phononTS 0.00205984 4.008 -2.74755 -0.0233794 5367.75 0.00104229 1 0.0374692 -0.27851 0.05 19382.2
0 6116 6 phononTS 0.000855819 0.45714 1.84562 -0.0221459 6305.21 0.00034743 1 -0.0541614 -0.275419 0.05 32209.5
0 6128 3 phononL 0.00195079 -0.485411 0.166789 0.0172665 4421.72 0.00104229 1 0.112275 -0.172731 0.05 5761.52
0 6201 1 phononTS 0.004 -0.338284 0.718098 -0.00251476 0 0.00208458 1 -0.117733 -0.185177 0.05 1567.51
0 6204 5 phononTF 0.00131796 -3.53673 -2.16341 0.0262745 26630.3 0.00069486 1 -0.0294365 -0.0929738 0.05 155922
0 6206 3 phononTS 0.00167068 -1.86713 4.13195 -0.0102332 5516.73 0.00034743 1 -0.0367701 -0.102197 0.05 16865.4
0 6206 5 phononTS 0.000554884 -0.0367701 -0.102197 0.049999 16865.4 0.00034743 1 -0.0551893 -0.105654 0.05 16927.5
0 6206 4 phononL 0.000735338 -0.0367701 -0.102197 0.049999 16865.4 0.00034743 1 -0.0431408 -0.116725 0.05 17253.5
0 6219 2 phononL 0.00244311 -1.12471 -1.55482 -0.0292984 3072.29 0.00138972 1 -0.0655612 -0.289365 0.05 5080.67
0 6355 2 phononTF 0.00165929 -1.03668 3.06905 -0.0488769 5068.14 0.00104229 1 -0.0815555 -0.194686 0.05 20985
0 6368 7 phononTF 0.000567842 -4.37705 0.0318099 0.049999 4254.65 0.00034743 1 0.0981423 -0.235929 0.05 31271.8
0 6394 15 phononTS 0.00104964 -1.95741 0.0758997 0.049998 22607.3 0.00034743 1 -0.0500032 -0.205865 0.05 24723.6
0 6484 3 phononTF 0.00112666 -2.69941 -4.08187 0.0196114 7188.16 0.00069486 1 -0.0317899 -0.202609 0.05 21535.8
0 6497 3 phononTF 0.00046504 -4.44148 0.00822175 0.049999 2798.41 0.00034743 1 -0.0560353 -0.271987 0.05 18498.3
0 6523 8 phononTF 0.000520703 4.32762 0.0767877 0.049998 16546.6 0.00034743 1 0.0761534 -0.236642 0.05 28614.9
0 6561 2 phononTS 0.00154875 0.311005 3.95388 0.00393773 1010.27 0.00069486 1 0.0428409 -0.169243 0.05 28298.5
0 6600 3 phononTS 0.00198799 -2.70707 1.21686 0.0238891 1406.96 0.00069486 1 0.0691232 -0.236715 0.05 19126.6
0 6600 4 phononTS 0.000483178 0.0691232 -0.236715 0.049999 19126.6 0.00034743 1 0.0540957 -0.217854 0.05 19186.6
0 6602 3 phononTS 0.0019617 -1.54273 -4.78115 0.0385971 9940.26 0.00138972 1 0.0926527 -0.185621 0.05 18579.8
0 6611 2 phononL 0.00222284 4.45779 3.59658 -0.0379058 14140.2 0.00104229 1 -0.0250703 -0.198397 0.05 33841.6
0 6738 3 phononTS 0.00238583 -4.42408 -2.92378 -0.0411181 2269.05 0.00069486 1 0.0849313 -0.180388 0.05 70790.5
0 6738 4 phononL 0.000997117 0.0849313 -0.180388 0.049999 70790.5 0.00034743 1 0.0602532 -0.124305 0.05 71480.1
0 6755 3 phononTF 0.00215468 -2.49361 3.40063 0.045339 94.7719 0.00034743 1 -0.0517775 -0.110724 0.05 23097.9
0 6776 14 phononL 0.00212162 3.43927 -4.14096 -0.0162358 7902.13 0.00069486 1 0.0481999 -0.218845 0.05 49696.5
0 6811 6 phononTS 0.000561255 3.00307 0.0471986 0.049999 11947.2 0.00034743 1 -0.0200186 -0.157424 0.05 17860.4
0 6848 3 phononTS 0.00181197 1.99787 -2.94523 0.0145536 1569.62 0.00104229 1 0.0994113 -0.187675 0.05 27675.5
0 6848 2 phononL 0.00218803 1.99787 -2.94523 0.0145536 1569.62 0.00069486 1 -0.0845671 -0.275921 0.05 15403.8
0 6871 4 phononTF 0.00104065 1.93167 -0.908482 -0.0201201 14072.3 0.00034743 1 -0.105906 -0.183829 0.05 14883.4
0 6871 24 phononTF 0.000374371 -0.105906 -0.183829 0.049999 14883.4 0.00034743 1 -0.0324278 -0.249612 0.05 14952.4
0 6887 19 phononTS 0.000436407 4.73518 0.103198 0.049999 33863 0.00034743 1 0.0321632 -0.280014 0.05 73826.9
0 6918 2 phononL 0.0012385 4.41565 0.681745 -0.0333145 1359.09 0.00104229 1 0.0611635 -0.234106 0.05 48325.1
0 6924 3 phononTS 0.00275901 1.0905 -1.5659 0.0412159 12798.6 0.00138972 1 -0.0452775 -0.112006 0.05 17889
0 7005 5 phononTF 0.000578485 0.644248 0.0103052 0.049999 47729.6 0.00034743 1 -0.0376978 -0.21853 0.05 73012.6
0 7044 10 phononTF 0.000509322 0.245347 0.032005 0.049999 16705.7 0.00034743 1 0.0741847 -0.125872 0.05 16866.4
0 7076 4 phononTS 0.00117965 2.44489 -3.34671 -0.0335759 15854.8 0.00069486 1 0.0374418 -0.287943 0.05 30064.4
0 7105 4 phononTS 0.00101928 -4.45034 -3.6828 0.0164974 10557.3 0.00069486 1 -0.0499841 -0.240589 0.05 31822
0 7170 2 phononTF 0.0028861 -0.0691931 -0.318213 -0.00742231 1003.19 0.00138972 1 0.0482371 -0.222981 0.05 1115.96
0 7176 2 phononTS 0.00158217 -1.92021 3.42012 0.0354339 12184.8 0.00034743 1 0.104019 -0.187342 0.05 36221.5
0 7185 3 phononTF 0.00184469 2.50901 -4.03962 -0.034186 4461.19 0.00104229 1 -0.0360556 -0.153793 0.05 27662.2
0 7236 2 phononTS 0.000946167 1.81608 -2.07832 0.0374168 1526.87 0.00069486 1 0.100392 -0.216368 0.05 4066.06
0 7256 3 phononTF 0.00199223 3.54433 3.07934 -0.0193507 1970.66 0.00104229 1 0.0901777 -0.15663 0.05 9783.58
0 7306 21 phononL 0.00149281 0.706395 0.086152 0.049999 14200.3 0.00069486 1 0.0443676 -0.198528 0.05 14884.2
0 7306 23 phononTS 0.000638078 0.0443676 -0.198528 0.049999 14884.2 0.00034743 1 0.0382536 -0.224143 0.05 14953.9
0 7332 2 phononTF 0.00175555 3.46812 -4.94341 0.00648859 9334.95 0.00104229 1 0.0479685 -0.159338 0.05 19536.3
0 7514 2 phononTF 0.00219974 -0.829622 -3.75727 0.0439444 7338.01 0.00138972 1 0.0109093 -0.199931 0.05 9897.81
0 7560 2 phononTS 0.00166459 0.759489 4.17405 -0.0078528 7488.01 0.00069486 1 -0.0617794 -0.140587 0.05 30458.9
0 7560 22 phononTF 0.000684885 -0.0617794 -0.140587 0.049999 30458.9 0.00034743 1 0.0662835 -0.164985 0.05 30528.9
0 7568 8 phononTF 0.000394688 -0.948244 0.07272 0.049999 7290.49 0.00034743 1 -0.116413 -0.196195 0.05 15543.6
0 7581 26 phononL 0.000410026 0.0919263 0.0917845 0.049999 33655.8 0.00034743 1 0.039302 -0.238932 0.05 33782.2
0 7585 1 phononL 0.004 0.52903 -0.609642 -0.0141332 0 0.00208458 1 0.0517594 -0.291545 0.05 2060.23
0 7610 8 phononTF 0.000760652 0.0234057 0.00432251 0.049999 43994.9 0.00034743 1 -0.0789732 -0.267824 0.05 44208.1
0 7638 3 phononL 0.00203276 -1.23081 4.19714 -0.0137518 8244.11 0.00104229 1 0.0167117 -0.210369 0.05 48956.4
0 7639 3 phononTS 0.000693534 0.037354 0.0363947 0.049999 3743.09 0.00034743 1 0.0515127 -0.295909 0.05 3894.67
0 7670 2 phononTS 0.00115356 -3.35806 0.46623 -0.00286311 157.793 0.00069486 1 0.015669 -0.204774 0.05 12675.2
0 7688 3 phononTS 0.00220314 0.0700917 -2.94498 -0.0180136 3719.81 0.00138972 1 -0.0188132 -0.218347 0.05 6632.89
0 7695 4 phononTF 0.000824268 -0.838034 0.0774625 0.049998 24311.4 0.00034743 1 0.036786 -0.299056 0.05 25603.1
0 7704 4 phononTS 0.000652452 -2.13975 3.55852 0.00147538 5965.39 0.00034743 1 -0.0446459 -0.232752 0.05 21646.9
0 7712 3 phononL 0.00231088 0.33451 -4.44122 -0.0237143 10619.6 0.00138972 1 0.072547 -0.153988 0.05 31303.2
0 7778 3 phononTF 0.0030688 -0.924621 3.38495 -0.0398688 2902.62 0.00104229 1 0.0500788 -0.239068 0.05 23620.4
0 7778 5 phononTF 0.00113621 0.0500788 -0.239068 0.049999 23620.4 0.00034743 1 0.0520896 -0.210064 0.05 23683.1
0 7778 18 phononTS 0.000377813 0.0520896 -0.210064 0.049999 23683.1 0.00034743 1 -0.0871925 -0.159995 0.05 32716.7
0 7789 4 phononTF 0.000707533 2.50454 0.0191282 0.049998 47310.9 0.00034743 1 0.084726 -0.209525 0.05 64889.7
0 7817 3 phononTF 0.00156639 0.538807 -0.0467697 -0.0165422 6146.64 0.00069486 1 0.0333758 -0.213148 0.05 6601.23
0 7829 2 phononTS 0.00201308 0.859045 -3.12714 -0.0360954 11971 0.00069486 1 0.0188167 -0.150724 0.05 29676.7
0 7952 1 phononTF 0.004 -0.718566 -1.75808 -0.0145787 0 0.00173715 1 0.0283126 -0.256384 0.05 4076.36
0 7960 3 phononTF 0.00174469 -2.83303 -0.494895 0.0468654 13310.4 0.00069486 1 0.0475412 -0.162201 0.05 26790.6
0 7982 2 phononTS 0.00177089 1.47787 4.16137 0.00253925 2942.44 0.00069486 1 -0.0658612 -0.289379 0.05 11439.4
0 8027 1 phononTS 0.004 0.155922 -0.973887 -0.0318231 0 0.00208458 1 -0.0548748 -0.206921 0.05 2812.62
0 8075 2 phononTS 0.000788212 -0.167254 0.946915 0.0238941 2879.77 0.00034743 1 0.0976547 -0.245498 0.05 7380.95
0 8102 11 phononTF 0.00065294 2.70951 -0.000154369 0.049999 2997.53 0.00034743 1 0.0644759 -0.199193 0.05 7848.43
0 8109 7 phononTF 0.00084591 -0.549105 0.0300185 0.049999 453.553 0.00034743 1 -0.0409816 -0.29495 0.05 856.411
0 8124 2 phononTS 0.0012361 3.00944 3.006 -0.0226367 4656.48 0.00069486 1 -0.0876291 -0.234944 0.05 18512.5
0 8138 2 phononL 0.00218783 0.852188 -0.481929 0.0167965 385.973 0.00034743 1 -0.0778281 -0.186235 0.05 3636.84
0 8215 7 phononTS 0.000886267 3.17458 0.0467448 0.049999 50848.9 0.00034743 1 0.118338 -0.218991 0.05 65838.2
0 8222 5 phononTS 0.00170818 -0.974003 -2.90875 0.0392678 15974 0.00034743 1 -0.0674898 -0.195349 0.05 19288.2
0 8222 7 phononTS 0.000622053 -0.0674898 -0.195349 0.049999 19288.2 0.00034743 1 0.0257511 -0.252306 0.05 20267.8
0 8222 6 phononTS 0.000470603 -0.0674898 -0.195349 0.049999 19288.2 0.00034743 1 0.0696497 -0.187622 0.05 19490.6
0 8236 1 phononTS 0.004 0.131646 -0.874068 -0.0222444 0 0.00173715 1 -0.0737415 -0.239479 0.05 4632.92
0 8236 4 phononL 0.000890925 -0.0737415 -0.239479 0.049999 4632.92 0.00034743 1 0.0547197 -0.220471 0.05 4801.97
0 8341 4 phononTS 0.000434898 1.39606 -1.32892 -0.0376642 17165.3 0.00034743 1 0.049043 -0.242468 0.05 41513.2
0 8386 2 phononL 0.00215125 -0.743463 -3.59582 -0.00663603 1209.85 0.00034743 1 0.0480768 -0.242488 0.05 35271.6
0 8389 5 phononTS 0.0011298 -2.5886 4.90422 -0.0207119 9698.49 0.00069486 1 0.0328309 -0.293778 0.05 16829.5
0 8431 3 phononTS 0.00166624 4.7595 -4.661 0.0182609 20805.7 0.00069486 1 0.0962632 -0.153632 0.05 34953.1
0 8432 5 phononTS 0.00185445 4.59164 3.52655 0.0227626 10373.4 0.00104229 1 0.0882111 -0.20403 0.05 23690.8
0 8436 4 phononTS 0.00194568 -0.318928 -4.32935 -0.0414901 12583.2 0.00104229 1 0.0240052 -0.194229 0.05 23196.7
0 8483 5 phononTF 0.00132491 0.926967 -4.99882 -0.0454009 23691.7 0.00069486 1 0.0363463 -0.160391 0.05 52817.7
0 8483 10 phononTS 0.000466771 0.0363463 -0.160391 0.049999 52817.7 0.00034743 1 0.037567 -0.106807 0.05 53194.3
0 8483 24 phononTS 0.000363344 0.393913 -0.0028393 0.049999 1142.11 0.00034743 1 -0.105083 -0.254163 0.05 1855.18
0 8485 3 phononTF 0.0023989 -3.44209 1.1707 0.0279628 4245.99 0.00104229 1 -0.112717 -0.222881 0.05 11810.6
0 8489 4 phononTF 0.000533049 -0.268128 0.0789965 0.049999 9957.79 0.00034743 1 -0.0989575 -0.189745 0.05 10339.5
0 8519 15 phononTS 0.00149549 -2.20535 -3.87295 -0.036476 32548.6 0.00034743 1 -0.114036 -0.237791 0.05 62364.1
0 8519 16 phononTS 0.00107114 -0.114036 -0.237791 0.049999 62364.1 0.00069486 1 0.109262 -0.182915 0.05 62535.3
0 8746 2 phononTF 0.00129154 -4.93764 -4.67109 0.00815961 16614.9 0.00069486 1 0.0881594 -0.167469 0.05 26735.1
0 8764 5 phononTF 0.00228141 -0.370922 -0.545372 0.0341465 44202.8 0.00104229 1 0.049795 -0.160501 0.05 47896.7
0 8794 1 phononTF 0.004 -0.454968 -1.54109 0.0186322 0 0.00243201 1 -0.0189432 -0.198931 0.05 7881.44
0 8816 1 phononTS 0.004 -0.960876 -0.879014 0.0360949 0 0.00173715 1 0.112091 -0.168883 0.05 1456.51
0 8818 1 phononTS 0.004 -0.402686 0.160094 0.0214061 0 0.00173715 1 0.0632115 -0.128397 0.05 11817.1
0 8818 7 phononTS 0.000548325 0.0632115 -0.128397 0.049999 11817.1 0.00034743 1 0.0779014 -0.117044 0.05 11875.1
0 8849 2 phononTF 0.00230497 0.200307 3.91096 0.00953761 6678.75 0.00104229 1 -0.105191 -0.153727 0.05 13142.7
0 8860 2 phononTS 0.00249109 -1.32793 2.3907 0.0404263 5281.66 0.00069486 1 -0.0608481 -0.212317 0.05 43797.1
0 8901 2 phononTS 0.00239199 -0.513732 -3.72117 -0.0340523 16365.1 0.00104229 1 -0.0381115 -0.272626 0.05 21607.4
0 8938 1 phononTF 0.004 -0.533886 -0.709126 0.0361936 0 0.00173715 1 0.0295726 -0.121368 0.05 816.043
0 8947 2 phononTF 0.00140322 -0.0712322 -0.0404398 -0.0318681 84.5018 0.00069486 1 0.0033184 -0.200152 0.05 154.204
0 8951 4 phononTS 0.00109753 -4.3426 1.8288 0.00819858 4688.93 0.00069486 1 0.0234621 -0.156019 0.05 24231.1
0 8973 2 phononL 0.00193038 -1.53283 -2.05469 0.0255881 2359.84 0.00034743 1 -0.0420307 -0.146791 0.05 29369.3
0 8974 2 phononTF 0.00111923 1.70885 3.72402 0.0110526 7316.69 0.00104229 1 -0.0303138 -0.200435 0.05 12206.6
0 8990 3 phononTF 0.00141801 -0.511439 2.83768 -0.0251764 4016.09 0.00069486 1 -0.0916549 -0.184126 0.05 8282.59
0 9068 3 phononL 0.00255358 -3.30796 1.65606 -0.0407616 4385.09 0.00173715 1 -0.0529795 -0.227426 0.05 30964.5
0 9072 3 phononTS 0.00157124 1.28428 0.759967 0.0436219 8746.37 0.00104229 1 -0.0828843 -0.246685 0.05 11828.7
0 9126 2 phononL 0.00200872 -2.69994 0.766649 -0.0323194 1055.98 0.00069486 1 0.0642195 -0.262601 0.05 4104.72
0 9143 6 phononTS 0.000664762 4.57798 -0.0087024 0.049999 1532.68 0.00034743 1 0.0312418 -0.224918 0.05 11580.5
0 9146 2 phononL 0.00280882 -4.3402 2.27047 -0.0206606 799.198 0.00173715 1 0.046302 -0.197361 0.05 57717.2
0 9199 2 phononTF 0.00222826 2.66654 -4.3356 0.0396759 16960.2 0.00104229 1 0.0722593 -0.205744 0.05 37417.3
0 9272 2 phononTF 0.000635928 3.37666 -3.53985 0.0209606 2435.17 0.00034743 1 -0.111589 -0.240318 0.05 15942.4
0 9287 3 phononTS 0.0026893 1.2814 -0.456206 -0.0262403 5690.84 0.00034743 1 0.0634881 -0.136581 0.05 10597.7
0 9324 1 phononTF 0.004 -1.34917 -3.27221 -0.00584152 0 0.00208458 1 0.0501035 -0.144864 0.05 13460.1
0 9423 2 phononL 0.00111732 -3.09571 -0.555465 0.00619299 4.61319 0.00034743 1 -0.0629542 -0.173177 0.05 17838.6
0 9473 1 phononTF 0.004 0.523943 -1.27462 -0.0205437 0 0.00138972 1 -0.0977442 -0.156351 0.05 8161.13
0 9525 3 phononL 0.00241002 -1.73447 -4.6882 -0.0188853 7860.92 0.00069486 1 -0.0911196 -0.26276 0.05 36757.5
0 9544 14 phononTF 0.000397189 -0.142804 0.0550099 0.049999 310.726 0.00034743 1 -0.0705003 -0.131613 0.05 463.768
0 9548 2 phononL 0.00175127 -2.84544 3.85288 -0.000961371 1478.03 0.00034743 1 -0.0451188 -0.217109 0.05 13311.4
0 9764 2 phononTF 0.00158287 -1.68343 0.839025 0.00656794 1824.33 0.00104229 1 -0.0303515 -0.269647 0.05 7500.63
0 9772 11 phononTF 0.000958314 -2.357 -4.62089 0.0208809 60516.5 0.00069486 1 -0.0479269 -0.197091 0.05 97431.6
0 9818 3 phononTS 0.00208864 -3.09423 2.80307 0.00139074 21447 0.00034743 1 0.0325057 -0.104897 0.05 28182.4
0 9831 3 phononL 0.00121912 -3.37656 -3.77649 0.00762405 986.713 0.00034743 1 -0.0690251 -0.259789 0.05 28243.2
0 9915 3 phononTF 0.00266078 -2.90789 4.35314 0.005137 10214.3 0.00138972 1 -0.109934 -0.158823 0.05 19693.3
