Run ID,Event ID,Track ID,Particle Name,Start Energy [eV],Start X [mm],Start Y [mm],Start Z [mm],Start Time [ns],Energy Deposited [eV],Track Weight,End X [mm],End Y [mm],End Z [mm],Final Time [ns],Volume Name
0 5 22 phononTS 0.00120938 2.19602 0.0555361 0.049999 10114.4 0.00069486 1 -0.0652273 -0.152553 0.05 28056.5
0 26 1 phononTF 0.004 -0.302962 -1.26231 -0.0205186 0 0.00104229 1 -0.0555756 -0.135282 0.05 3132.12
0 31 2 phononTF 0.00186941 -0.541522 -0.724191 0.0158814 22432.1 0.00034743 1 -0.112766 -0.19803 0.05 27106.1
0 42 1 phononTF 0.004 1.18202 -0.930702 -0.0391486 0 0.00208458 1 -0.0694074 -0.130313 0.05 3842.23
0 47 2 phononTS 0.00199087 2.49167 -1.53288 -0.01538 1087.8 0.00104229 1 -0.110206 -0.207228 0.05 5192.26
0 48 2 phononTS 0.00135973 2.19492 2.47018 -0.0169304 15471.2 0.00104229 1 0.0796166 -0.264105 0.05 29467.7
0 126 3 phononL 0.00237291 0.416624 -2.09945 0.00592323 5398.23 0.00138972 1 0.0507046 -0.135999 0.05 17267.1
0 126 4 phononL 0.000543879 0.0507046 -0.135999 0.049999 17267.1 0.00034743 1 0.0440808 -0.168835 0.05 17384.3
0 128 2 phononTS 0.00220587 -1.06887 -0.790307 -0.000860377 12392.5 0.00138972 1 0.105163 -0.216634 0.05 15341
0 141 3 phononL 0.00208587 -0.325859 -0.994641 -0.00204723 12721 0.00069486 1 0.0837986 -0.27221 0.05 14442.2
0 141 9 phononTS 0.000544581 0.0837986 -0.27221 0.049999 14442.2 0.00034743 1 0.0965245 -0.264566 0.05 14499.9
0 141 6 phononTF 0.000348323 0.0837986 -0.27221 0.049999 14442.2 0.00034743 1 0.0832053 -0.179646 0.05 14526
0 170 4 phononL 0.00155787 -2.18278 -1.3422 -0.0306393 5203.2 0.00104229 1 -0.100094 -0.207409 0.05 21481.1
0 210 2 phononTS 0.00131486 1.87973 -0.87279 -0.0235841 1257.82 0.00069486 1 -0.0702031 -0.161865 0.05 8561.23
0 221 3 phononTF 0.00281053 -0.89968 1.63105 -0.0309195 1489.91 0.00104229 1 0.054813 -0.232357 0.05 2937
0 222 2 phononTS 0.0022092 0.510546 -2.45723 0.00306288 12428.6 0.00104229 1 -0.106726 -0.229525 0.05 16909.7
0 235 2 phononTF 0.00181901 -0.659073 -2.05731 0.0272711 2281.23 0.00104229 1 -0.0468009 -0.280148 0.05 27586.7
0 242 2 phononTS 0.00244957 -2.00659 1.79039 0.0131084 14968.5 0.00138972 1 0.0456562 -0.196296 0.05 31700.6
0 250 3 phononTS 0.00298167 0.336726 0.201696 -0.00788962 6888.53 0.00104229 1 0.0992309 -0.262631 0.05 9124.48
0 279 2 phononTF 0.00151369 -0.881331 -0.910498 0.0012882 7818.13 0.00069486 1 -0.0495512 -0.202335 0.05 18090.8
0 314 3 phononTF 0.00250172 -2.3608 -2.3544 0.0212298 1616.14 0.00104229 1 0.0666551 -0.230754 0.05 16655.5
0 314 11 phononTF 0.00036871 0.0666551 -0.230754 0.049999 16655.5 0.00034743 1 -0.103144 -0.221743 0.05 16760.5
0 332 2 phononL 0.00209676 0.113615 -0.127594 -0.0206255 481.248 0.00104229 1 0.0472772 -0.121157 0.05 502.264
0 346 3 phononTF 0.00198997 -1.29742 1.03464 -0.0100707 627.336 0.00138972 1 -0.0920728 -0.26798 0.05 7328.01
0 369 11 phononTS 0.000364596 -2.31716 0.034141 0.049999 9406.56 0.00034743 1 -0.0449031 -0.114775 0.05 12169.6
0 371 1 phononTS 0.004 0.645142 -1.83839 0.00628586 0 0.00138972 1 -0.0347611 -0.114651 0.05 5100.05
0 371 4 phononTF 0.000469312 -0.0347611 -0.114651 0.049999 5100.05 0.00034743 1 0.0156491 -0.188206 0.05 5166.48
0 373 3 phononTS 0.00155405 1.7764 -1.91353 0.0492141 3338.23 0.00069486 1 0.0777161 -0.18765 0.05 21341.7
0 401 1 phononTS 0.004 -0.132658 0.187118 0.00617978 0 0.00173715 1 0.0961688 -0.143868 0.05 522.806
0 408 2 phononTS 0.00178114 -1.03723 -2.05523 0.00137927 4886.45 0.00069486 1 0.0248836 -0.258057 0.05 13205.1
0 422 24 phononTS 0.000451003 -1.52809 0.0427142 0.049999 7011.44 0.00034743 1 -0.0284013 -0.185624 0.05 17034
0 428 9 phononL 0.000434762 -1.22657 0.0332266 0.049999 7149.13 0.00034743 1 0.0406406 -0.237191 0.05 7975.27
0 431 5 phononTF 0.00106007 1.73986 -2.46742 -0.0433423 7963.04 0.00034743 1 -0.10104 -0.22002 0.05 13713.2
0 465 2 phononTS 0.000792027 -0.609629 -1.18869 -0.00796611 7811.07 0.00069486 1 0.117915 -0.211282 0.05 9025.04
0 497 2 phononL 0.00163123 -0.931097 -0.671615 -0.0116578 6701.48 0.00069486 1 -0.0801605 -0.264407 0.05 7748.91
0 555 1 phononL 0.004 1.61754 -1.74647 -0.0306742 0 0.00138972 1 -0.0401504 -0.246642 0.05 6747.56
0 555 2 phononTS 0.00156451 -0.0401504 -0.246642 0.049998 6747.56 0.00104229 1 0.0757101 -0.15749 0.05 6839.25
0 556 3 phononTS 0.00151082 -0.225751 1.57955 0.0439959 6570.14 0.00069486 1 -0.0314363 -0.0926824 0.05 8018.71
0 570 3 phononTS 0.00164719 -0.651975 -1.73901 0.030555 373.186 0.00069486 1 -0.0836211 -0.154353 0.05 19157.4
0 597 1 phononTF 0.004 -1.12988 -0.419019 0.0132933 0 0.00277944 1 -0.0298324 -0.240623 0.05 4553.91
0 614 1 phononTS 0.004 -0.692918 -0.477899 -0.014528 0 0.00208458 1 0.0425511 -0.237489 0.05 1223.29
0 624 6 phononTS 0.000723991 -0.659644 0.0565982 0.049999 12977.5 0.00034743 1 0.0942895 -0.261495 0.05 59502.3
0 643 1 phononTS 0.004 -0.848883 1.58979 0.0278723 0 0.00104229 1 0.0698695 -0.13214 0.05 4794.53
0 643 5 phononTF 0.000787039 0.0698695 -0.13214 0.049999 4794.53 0.00069486 1 0.0571964 -0.225538 0.05 4858.49
0 647 1 phononTS 0.004 0.808774 -1.79015 -0.00772999 0 0.00104229 1 -0.0705624 -0.156258 0.05 2567.56
0 647 2 phononL 0.00216323 -0.0705624 -0.156258 0.049999 2567.56 0.00104229 1 -0.0300549 -0.219215 0.05 2619.3
0 663 5 phononTS 0.00195332 1.15778 -1.07328 0.0326464 49468.4 0.00069486 1 0.0172332 -0.17659 0.05 54461.2
0 727 2 phononL 0.00221723 -1.23038 -1.22522 0.0461842 778.039 0.00104229 1 -0.0975841 -0.206984 0.05 1563.68
0 728 3 phononTS 0.00124109 1.14766 1.67262 -0.0242182 269.401 0.00069486 1 0.0991773 -0.179276 0.05 8487.98
0 728 2 phononL 0.00275891 1.14766 1.67262 -0.0242182 269.401 0.00069486 1 0.0467772 -0.239715 0.05 14952
0 741 6 phononTF 0.000538424 -0.0374769 0.00913135 0.049998 15593.6 0.00034743 1 -0.0191157 -0.162502 0.05 15674.1
0 741 2 phononTS 0.00073566 -1.06827 0.557856 0.0014469 5331.05 0.00034743 1 -0.107872 -0.209722 0.05 8650.92
0 756 6 phononL 0.00079457 -1.64901 0.0550705 0.049999 14011.8 0.00034743 1 -0.027121 -0.135694 0.05 14408.7
0 762 3 phononTF 0.00301567 1.6908 1.13784 -0.00649727 947.8 0.00138972 1 0.0961261 -0.215015 0.05 15408.2
0 762 4 phononTF 0.000443905 0.0961261 -0.215015 0.049999 15408.2 0.00034743 1 0.0367023 -0.168697 0.05 31713.8
0 793 1 phononTS 0.004 -0.833393 -1.50489 0.0144507 0 0.00208458 1 -0.0266751 -0.141961 0.05 4331.28
0 807 3 phononTF 0.0010918 -2.30275 0.240669 0.00706568 5.21444 0.00069486 1 -0.0867823 -0.235376 0.05 33750.9
0 852 1 phononTF 0.004 1.89641 -0.735357 -0.019148 0 0.00208458 1 -0.055362 -0.294743 0.05 2820.8
0 853 2 phononL 0.00184382 0.869962 2.48757 0.0170506 8289.13 0.00069486 1 0.0311695 -0.128526 0.05 18485.2
0 859 1 phononTS 0.004 0.35935 -0.52345 0.0277503 0 0.00173715 1 -0.0609302 -0.204285 0.05 597.063
0 859 2 phononTF 0.000430561 -0.0609302 -0.204285 0.049999 597.063 0.00034743 1 -0.0616894 -0.152795 0.05 677.452
0 871 3 phononTF 0.0023047 0.426005 2.34614 -0.0235169 6260.59 0.00104229 1 0.0633996 -0.287998 0.05 21816
0 871 4 phononTS 0.000366352 0.0633996 -0.287998 0.049999 21816 0.00034743 1 -0.0292114 -0.205493 0.05 22776.2
0 887 4 phononTF 0.00168544 0.0188755 -0.864954 0.0130742 16161.9 0.00034743 1 -0.0364268 -0.233918 0.05 41215
0 894 7 phononTS 0.00050975 1.31711 0.0180183 0.049999 2249.32 0.00034743 1 -0.0887786 -0.233752 0.05 17854.4
0 895 2 phononTF 0.00200825 -2.15961 -1.88941 0.033947 637.17 0.00104229 1 0.0626295 -0.166434 0.05 8302.04
0 906 6 phononTS 0.000520408 0.887742 0.0138547 0.049999 12531.6 0.00034743 1 -0.0445234 -0.260263 0.05 51467.5
0 922 3 phononTF 0.00229918 -2.45982 0.231929 -0.04111 2812.03 0.00138972 1 -0.0712756 -0.22512 0.05 10313
0 922 5 phononTS 0.000428995 -0.0712756 -0.22512 0.049999 10313 0.00034743 1 -0.0948347 -0.197448 0.05 10375.5
0 933 2 phononTS 0.00189483 -0.0248972 2.13924 -0.0386157 4585.74 0.00138972 1 0.0633189 -0.215012 0.05 6016.19
0 936 2 phononTS 0.00190634 0.30576 -0.713998 -0.0128595 2092.57 0.00138972 1 0.0562091 -0.232605 0.05 3879.77
0 942 5 phononTS 0.000430381 1.13627 0.0827898 0.049999 701.031 0.00034743 1 -0.0402219 -0.253368 0.05 9953.94
0 945 1 phononL 0.004 -0.261568 -0.102901 0.000690969 0 0.00243201 1 -0.0915334 -0.193306 0.05 371.045
0 965 16 phononTS 0.000491874 2.00524 0.0824795 0.049999 19502.2 0.00034743 1 0.0507049 -0.268774 0.05 20764.1
0 976 3 phononTF 0.00241062 -2.24471 -1.19641 0.0459163 2287.21 0.00104229 1 -0.113514 -0.184669 0.05 8141.72
0 1003 3 phononTF 0.00308997 -0.630324 -0.233426 -0.00236758 955.23 0.00138972 1 -0.0900491 -0.228751 0.05 6123.15
0 1038 2 phononL 0.00186637 -1.0375 1.10713 -0.0133688 228.436 0.00104229 1 -0.0354646 -0.173998 0.05 15417.9
0 1042 2 phononTF 0.00253242 -1.57399 0.104903 -0.0158181 229.215 0.00138972 1 -0.0814812 -0.234484 0.05 1290.59
0 1049 3 phononTS 0.00199429 -0.160115 1.74107 -0.0340191 2726.98 0.00069486 1 -0.0900655 -0.180957 0.05 50337.1
0 1060 2 phononTS 0.00140779 0.863046 0.515012 -0.038304 836.462 0.00069486 1 0.0811187 -0.27345 0.05 9463.85
0 1072 2 phononL 0.0015792 0.975357 1.1716 -0.0247432 21459.9 0.00104229 1 -0.0513413 -0.273692 0.05 50010.8
0 1076 3 phononTS 0.00139179 0.30639 -1.25813 -0.0270002 779.014 0.00069486 1 -0.0177697 -0.178645 0.05 3675.3
0 1076 4 phononTF 0.000429734 -0.0177697 -0.178645 0.049999 3675.3 0.00034743 1 -0.0177867 -0.191843 0.05 3732.72
0 1083 2 phononTF 0.00103675 0.429202 1.20171 0.031284 4796.64 0.00069486 1 0.0649811 -0.218419 0.05 50763.3
0 1132 5 phononTS 0.00189285 -0.653953 0.918311 -0.0334836 7042.41 0.00104229 1 -0.0820668 -0.139645 0.05 17367.8
0 1191 1 phononTS 0.004 -0.145716 -0.543225 -0.0253338 0 0.00277944 1 0.0762172 -0.25045 0.05 311.197
0 1195 3 phononTF 0.00208423 -2.15837 -2.23439 0.0422361 7765.86 0.00138972 1 -0.0383626 -0.286139 0.05 18882.5
0 1225 4 phononTS 0.0017131 -0.658324 1.08459 -0.0108548 12211.6 0.00104229 1 0.0299078 -0.257132 0.05 22176.7
0 1232 1 phononL 0.004 -1.39938 0.0616525 -0.0084101 0 0.00277944 1 -0.0709888 -0.174569 0.05 6770.44
0 1237 3 phononTS 0.00214995 -0.833067 2.12956 0.0171545 35.3134 0.00104229 1 -0.0576668 -0.181654 0.05 13083.4
0 1270 23 phononL 0.0014418 -0.379765 -1.02887 0.0323675 5285.04 0.00069486 1 0.0639263 -0.292374 0.05 6194.93
0 1275 3 phononTS 0.00267614 -0.475511 -0.667134 -0.0305196 733.768 0.00138972 1 -0.0537817 -0.240817 0.05 1094.47
0 1277 3 phononTF 0.00122339 0.517262 -2.21338 0.00897597 751.448 0.00034743 1 -0.0531627 -0.173536 0.05 3716.36
0 1277 2 phononTF 0.00277661 0.517262 -2.21338 0.00897597 751.448 0.00173715 1 -0.0579257 -0.263793 0.05 23448.4
0 1287 2 phononL 0.00151646 0.598493 1.59187 0.00664857 4725.18 0.00069486 1 -0.0958583 -0.184908 0.05 11056.5
0 1322 3 phononTF 0.00153465 -1.32759 -1.57518 -0.00450032 3236.33 0.00069486 1 0.0434463 -0.246997 0.05 14366.7
0 1329 1 phononL 0.004 0.689274 -0.764817 0.00946288 0 0.00243201 1 0.0528603 -0.267532 0.05 9322.56
0 1343 3 phononL 0.00257984 -0.0744532 -0.100754 0.0486092 829.792 0.00173715 1 -0.0435721 -0.217019 0.05 1176.62
0 1356 2 phononTS 0.00175784 -1.47078 -0.699492 0.0332865 10.9413 0.00069486 1 -0.0391927 -0.284854 0.05 14157.4
0 1356 23 phononTS 0.000409731 -0.0391927 -0.284854 0.049999 14157.4 0.00034743 1 0.0350861 -0.281721 0.05 19955.9
0 1357 1 phononTS 0.004 0.0588163 -0.141933 0.0312268 0 0.00208458 1 -0.0375422 -0.132365 0.05 105.621
0 1374 1 phononTS 0.004 0.159963 -0.00328443 -0.018645 0 0.00277944 1 0.031891 -0.201897 0.05 782.87
0 1408 1 phononTF 0.004 -1.13432 0.238691 0.00036014 0 0.00173715 1 0.0522023 -0.227569 0.05 4353.17
0 1436 1 phononTS 0.004 1.1347 -0.884754 -0.0242676 0 0.00173715 1 0.0175921 -0.171302 0.05 3827.71
0 1453 1 phononTF 0.004 1.6091 0.487118 0.0128542 0 0.00243201 1 0.0244688 -0.202567 0.05 15624.8
0 1464 3 phononTS 0.00206494 1.52161 -2.03586 -0.0124292 1463.14 0.00138972 1 -0.0697864 -0.206036 0.05 18819.6
0 1528 2 phononL 0.00190903 -1.10111 -0.608162 0.0470702 3317.43 0.00104229 1 0.0488454 -0.181997 0.05 4681.62
0 1544 3 phononTS 0.00035061 0.720133 0.0381923 0.049999 745.982 0.00034743 1 0.0753242 -0.157839 0.05 1105.88
0 1572 1 phononTF 0.004 0.597817 -1.89887 -0.00878163 0 0.00138972 1 0.0381935 -0.274316 0.05 2166.35
0 1572 4 phononL 0.000762686 0.0381935 -0.274316 0.049999 2166.35 0.00034743 1 0.0737852 -0.236387 0.05 2216.4
0 1576 12 phononTS 0.000916119 0.831536 -0.00948261 0.049998 1593.43 0.00069486 1 -0.0882763 -0.151548 0.05 65542.8
0 1608 15 phononTF 0.000684919 1.31303 0.101869 0.049999 8603.04 0.00034743 1 -0.0759081 -0.273032 0.05 19827.6
0 1613 2 phononTS 0.00204803 -0.325515 -0.400039 -0.0111305 1721.93 0.00034743 1 -0.0249149 -0.271304 0.05 4491.22
0 1613 20 phononTF 0.00107009 -0.0249149 -0.271304 0.049999 4491.22 0.00069486 1 -0.0575158 -0.295528 0.05 4550.96
0 1616 1 phononTF 0.004 -0.028573 1.29194 -0.0277974 0 0.00243201 1 0.0732676 -0.198999 0.05 4131.99
0 1628 1 phononL 0.004 0.764635 -0.426043 0.0233652 0 0.00208458 1 0.056774 -0.167236 0.05 3108
0 1645 3 phononTF 0.00120478 -0.855054 2.10664 -0.0337614 456.035 0.00034743 1 0.0853629 -0.147817 0.05 33902.2
0 1660 2 phononTS 0.00144749 -2.12703 -2.2151 -0.0394114 6584.39 0.00069486 1 0.100584 -0.224002 0.05 15720.4
0 1666 1 phononTF 0.004 -0.0462354 -0.213449 -0.0350193 0 0.00243201 1 0.115161 -0.183835 0.05 129.661
0 1677 4 phononTS 0.00128289 -0.676985 0.350933 0.040458 11831.6 0.00069486 1 -0.0323105 -0.175009 0.05 60823.4
0 1689 1 phononL 0.004 0.550954 -0.48995 0.00405635 0 0.00173715 1 -0.0402081 -0.27197 0.05 1354.08
0 1695 5 phononTF 0.00111807 -0.180561 2.12272 -0.0246785 5313.79 0.00069486 1 -0.0525654 -0.17642 0.05 19741.2
0 1713 5 phononTF 0.000366409 0.216567 0.0242841 0.049999 11946 0.00034743 1 0.0286885 -0.299485 0.05 23444.4
0 1730 4 phononTS 0.00172466 0.0570224 1.82884 -0.0476408 9278.4 0.00104229 1 -0.0845687 -0.272572 0.05 60242.7
0 1732 3 phononTF 0.00175954 0.458552 1.9538 -0.0400152 3828.76 0.00104229 1 0.0320125 -0.151834 0.05 12805.4
0 1738 3 phononL 0.00213828 -0.292715 0.760035 -0.0216108 70.5155 0.00104229 1 -0.0330228 -0.159402 0.05 57036.9
0 1758 3 phononTS 0.00237537 0.925917 -1.99386 -0.0217813 1031.94 0.00104229 1 0.0509298 -0.197536 0.05 5487.82
0 1782 3 phononTF 0.00104471 -1.88751 2.00164 -0.0336597 3998.15 0.00034743 1 0.0244795 -0.135648 0.05 28691.9
0 1788 3 phononTF 0.0011267 0.276904 0.0464562 0.049999 9532.37 0.00034743 1 0.0320866 -0.133901 0.05 9657.25
0 1811 3 phononTF 0.00174554 1.36797 2.30572 -0.0093312 9.53173 0.00069486 1 -0.10045 -0.161984 0.05 29070.3
0 1837 3 phononTF 0.00198386 0.109406 -2.39429 -0.00361557 27.7296 0.00069486 1 0.0538884 -0.101207 0.05 5692.6
0 1858 2 phononTF 0.00120113 -0.0757428 2.09429 0.0469479 411.307 0.00034743 1 -0.0779474 -0.154814 0.05 6604.38
0 1861 2 phononTS 0.0011889 1.84245 2.02502 -0.0319552 11821.7 0.00034743 1 0.0643704 -0.118827 0.05 42290.6
0 1867 2 phononTS 0.000857012 0.0822578 -2.2401 0.0412799 28.2962 0.00034743 1 0.0822623 -0.266021 0.05 4333.62
0 1870 1 phononL 0.004 -0.182166 -0.898007 -0.0146622 0 0.00208458 1 0.0396764 -0.262677 0.05 6787.19
0 1889 10 phononTS 0.000482546 -0.0421513 0.0887186 0.049999 15958.2 0.00034743 1 0.0688851 -0.163408 0.05 16735.8
0 1898 2 phononTS 0.00216793 -2.42127 1.20884 0.0259277 19.3564 0.00104229 1 0.0838939 -0.148112 0.05 17446.9
0 1914 8 phononTS 0.000761323 -0.31223 0.00954885 0.049998 23304.7 0.00034743 1 -0.0575241 -0.147709 0.05 23837.8
0 1948 1 phononTS 0.004 0.222785 -1.14764 0.0172653 0 0.00208458 1 -0.0357784 -0.101683 0.05 9644.57
0 1957 2 phononTS 0.00274841 0.274295 -0.459939 -0.0235193 18297.3 0.00173715 1 0.108986 -0.158871 0.05 18975.8
0 1961 2 phononTS 0.00106343 1.01896 0.957436 0.0141239 196.377 0.00069486 1 0.0327112 -0.177433 0.05 16576.7
0 1966 1 phononL 0.004 0.179166 -0.208364 -0.011756 0 0.00243201 1 0.070605 -0.205086 0.05 43.1108
0 1968 2 phononL 0.00137413 -1.74725 -1.50591 -0.0433184 6933.74 0.00069486 1 -0.0200611 -0.171873 0.05 11454.5
0 1970 2 phononTS 0.00120588 -2.2586 1.87304 -0.0187784 1872.86 0.00069486 1 -0.037283 -0.12383 0.05 24059.2
0 1979 3 phononTS 0.00194598 0.0153455 -0.181595 0.0168149 87.982 0.00138972 1 0.0313163 -0.192185 0.05 101.118
0 1998 3 phononL 0.00172185 -2.29192 -2.21222 -0.00264079 6428.84 0.00104229 1 -0.0982938 -0.211429 0.05 19102.5
0 2044 1 phononTS 0.004 0.910857 0.0499908 -0.0380944 0 0.00208458 1 -0.048561 -0.136039 0.05 10205.8
0 2056 4 phononTF 0.000728657 0.385878 -0.091003 -0.00343715 3097.8 0.00034743 1 -0.0880041 -0.140856 0.05 71512.6
0 2089 3 phononTF 0.00293043 -2.24759 -2.23392 -0.0117497 9887.17 0.00104229 1 -0.0778787 -0.233229 0.05 23815.6
0 2102 2 phononL 0.00220807 -1.10591 2.32474 -0.0151917 3.43882 0.00104229 1 -0.0518749 -0.213205 0.05 4352.61
0 2141 20 phononTS 0.00125406 -0.57205 1.55563 0.04787 3789.83 0.00069486 1 0.0960032 -0.171807 0.05 8390.86
0 2190 1 phononTS 0.004 1.05591 0.417712 0.0360949 0 0.00208458 1 0.0981602 -0.266279 0.05 4994.93
0 2196 1 phononTS 0.004 0.672733 0.276391 -0.0236046 0 0.00208458 1 -0.0574835 -0.256509 0.05 2516.5
0 2278 2 phononTS 0.00123149 0.940597 -2.10996 0.0246116 6787.57 0.00034743 1 -0.0784102 -0.21511 0.05 8555.63
0 2295 3 phononTS 0.00124073 -2.35643 1.72305 -0.0220679 8808.62 0.00069486 1 -0.0376075 -0.183134 0.05 50379.2
0 2298 3 phononTS 0.00216665 1.56546 -2.30272 0.0289644 92.9369 0.00138972 1 0.0738565 -0.116712 0.05 3357.63
0 2308 1 phononTF 0.004 -0.529488 0.688643 0.00703895 0 0.00208458 1 -0.0438107 -0.195684 0.05 5393.52
0 2308 4 phononTS 0.000359658 -0.0438107 -0.195684 0.049999 5393.52 0.00034743 1 -0.0506556 -0.103705 0.05 5474.76
0 2313 3 phononTS 0.00199936 1.5292 0.990071 -0.0422993 2408.77 0.00104229 1 -0.0383385 -0.27238 0.05 52295.6
0 2339 2 phononL 0.00136746 0.948641 -2.33831 -0.0207411 517.484 0.00069486 1 -0.0794512 -0.256944 0.05 25145.5
0 2340 1 phononTF 0.004 0.865048 -1.05247 -0.0360834 0 0.00243201 1 -0.115851 -0.22511 0.05 2474.91
0 2371 5 phononTF 0.000758172 0.915175 -2.04861 -0.0362708 21681.6 0.00034743 1 0.0533936 -0.233005 0.05 64942.1
0 2372 10 phononTS 0.000375595 0.124338 0.0272991 0.049999 2228.93 0.00034743 1 0.046822 -0.188192 0.05 2741.11
0 2412 2 phononTF 0.00153103 -1.93151 1.68257 -0.0350097 2800.18 0.00069486 1 -0.101266 -0.150759 0.05 20881.8
0 2423 2 phononTS 0.00239595 2.11243 -0.536035 -0.0472801 1989.49 0.00138972 1 0.0344834 -0.235157 0.05 5875.5
0 2428 2 phononTS 0.00245318 1.79728 1.98351 0.0487578 20344.2 0.00138972 1 -0.0510877 -0.166832 0.05 30165.3
0 2444 1 phononTS 0.004 -0.303011 -0.944352 0.00746661 0 0.00243201 1 -0.0820723 -0.280192 0.05 1925.39
0 2481 3 phononTS 0.00233381 1.01261 -1.2135 -0.048523 3566.59 0.00069486 1 0.0405985 -0.241144 0.05 33133.1
0 2481 8 phononTS 0.000622865 0.0405985 -0.241144 0.049999 33133.1 0.00034743 1 0.0364438 -0.267755 0.05 33198.3
0 2515 3 phononTF 0.00229199 -1.58479 1.08724 0.020181 3762.16 0.00138972 1 0.0849653 -0.132227 0.05 7656.04
0 2521 3 phononTS 0.00181207 -1.78094 -0.984144 -0.0386748 1440.86 0.00138972 1 -0.0833892 -0.198251 0.05 10853.2
0 2557 3 phononTS 0.00206967 1.56381 -1.26738 -0.0375585 6203.43 0.00104229 1 -0.0510232 -0.243401 0.05 9892.01
0 2563 4 phononTS 0.0012824 -1.12648 -1.34731 0.0275545 8003.19 0.00034743 1 0.019762 -0.174549 0.05 13445.9
0 2572 3 phononTS 0.00222993 0.574558 2.15765 0.0462828 71.9156 0.00104229 1 0.105906 -0.163192 0.05 10503
0 2592 3 phononTS 0.00231542 -1.66304 1.80384 -0.0103214 631.449 0.00138972 1 -0.054948 -0.211466 0.05 4437.03
0 2610 2 phononTF 0.00131476 0.67398 -0.428003 0.00355068 1122.57 0.00034743 1 0.0444296 -0.207046 0.05 5160.08
0 2614 7 phononTF 0.000479905 0.208846 -0.0090816 0.049999 3202.7 0.00034743 1 0.0588147 -0.103693 0.05 3407.7
0 2622 2 phononTF 0.00235117 -1.78531 1.3702 0.0330022 1555.22 0.00138972 1 0.0199536 -0.195377 0.05 54978.8
0 2631 3 phononTS 0.00186634 0.697873 -1.89001 0.0168652 1254.14 0.00104229 1 -0.0330513 -0.242028 0.05 29271.5
0 2649 1 phononTS 0.004 0.360563 -1.15667 -0.00728865 0 0.00208458 1 -0.0513748 -0.102032 0.05 2717.35
0 2664 1 phononTF 0.004 1.69579 -0.526412 0.0155772 0 0.00243201 1 -0.0787691 -0.17202 0.05 4465
0 2683 6 phononTS 0.000762203 -0.508136 -0.00949718 0.049999 40729.5 0.00034743 1 0.0381481 -0.117766 0.05 44682.1
0 2701 1 phononTS 0.004 -0.0950369 -1.6268 -0.0397943 0 0.00208458 1 0.0863904 -0.257606 0.05 6570.51
0 2714 3 phononTF 0.000365744 -0.140158 0.01943 0.049999 285.435 0.00034743 1 0.0490845 -0.104171 0.05 1267.47
0 2719 2 phononTS 0.00126196 -2.14628 -0.159287 -0.0129762 1959.71 0.00104229 1 -0.0700766 -0.253391 0.05 6368.34
0 2762 2 phononTS 0.0029086 0.356063 -1.59346 0.00736928 2621.22 0.00173715 1 -0.0775957 -0.225583 0.05 7340.48
0 2790 5 phononTF 0.00196359 1.29332 -1.96135 0.0296697 10968.5 0.00104229 1 -0.0335256 -0.195956 0.05 19024.2
0 2790 2 phononTS 0.000996776 2.07596 -0.517275 0.0474999 2783.7 0.00034743 1 -0.0373057 -0.298378 0.05 37208.8
0 2809 3 phononTS 0.0020503 0.258523 0.520038 -0.00932117 8547.93 0.00138972 1 -0.0941474 -0.220974 0.05 10007.8
0 2813 2 phononTS 0.00204031 -2.25258 -1.10881 0.0174293 1888.48 0.00104229 1 -0.0391155 -0.192632 0.05 7105.89
0 2836 1 phononTS 0.004 -2.35567 -1.81905 -0.033308 0 0.00312687 1 -0.0750119 -0.211872 0.05 5993.98
0 2856 3 phononTS 0.00218333 2.47071 1.34656 0.0161359 1397.25 0.00069486 1 0.0473831 -0.15533 0.05 6079.17
0 2868 6 phononTS 0.000445868 0.332153 0.0494368 0.049998 9496.12 0.00034743 1 0.0474138 -0.109401 0.05 36778.4
0 2870 2 phononTS 0.00216575 -0.546046 -0.425457 -0.0257158 170.356 0.00138972 1 0.0919397 -0.188546 0.05 1164.71
0 2884 3 phononTF 0.00206505 -0.337397 -0.806502 -0.0262501 2612.73 0.00104229 1 -0.0470831 -0.201896 0.05 3112.06
0 2890 2 phononTF 0.00185941 2.04146 -2.14883 0.0205691 21992.7 0.00104229 1 -0.104883 -0.247907 0.05 25338.6
0 2895 2 phononTF 0.00163984 -0.469629 -0.308418 0.0478281 264.64 0.00069486 1 0.0591578 -0.205319 0.05 715.396
0 2908 3 phononL 0.00161399 -0.236226 1.55771 0.0313249 4211.43 0.00104229 1 -0.0480249 -0.236186 0.05 31092.1
0 2933 1 phononTF 0.004 -0.476204 -0.185341 0.0294247 0 0.00173715 1 -0.0992064 -0.25379 0.05 472.566
0 2954 10 phononTF 0.000665396 1.08436 0.104281 0.049999 9.02564 0.00034743 1 0.0814483 -0.272466 0.05 8459.78
0 2964 3 phononTF 0.00260675 -0.335979 -0.730065 0.0232104 6380.14 0.00173715 1 -0.0532662 -0.183339 0.05 8586.44
0 2990 2 phononTS 0.00243893 -2.21308 -1.36214 0.0340818 10.015 0.00104229 1 0.0313546 -0.203757 0.05 10898.8
0 3018 1 phononTF 0.004 0.519475 -0.497401 -0.0138157 0 0.00208458 1 0.0774156 -0.254163 0.05 11513.4
0 3024 2 phononL 0.00211375 0.345312 -0.527302 -0.0326907 5249.8 0.00104229 1 -0.0328916 -0.101287 0.05 5501.2
0 3033 3 phononTF 0.0028774 1.33139 -0.12316 -0.0161223 2782.82 0.00104229 1 0.0658897 -0.254601 0.05 5601.73
0 3047 2 phononL 0.00194655 0.340871 0.802941 0.00940532 2090.37 0.00138972 1 0.0500015 -0.166353 0.05 4592.54
0 3049 3 phononTF 0.0021247 0.77706 -0.59456 0.0295212 790.806 0.00069486 1 -0.0211785 -0.247481 0.05 1662.29
0 3110 2 phononTF 0.00235824 -2.04609 -1.52214 -0.0156752 185.763 0.00138972 1 0.0322302 -0.252058 0.05 10750.2
0 3111 2 phononTS 0.00143241 0.234124 -1.57172 -0.002029 1.7729 0.00104229 1 -0.0663692 -0.221685 0.05 28245.9
0 3112 2 phononTS 0.00193312 2.09235 -0.844196 -0.0153567 2196.68 0.00104229 1 0.0558935 -0.187645 0.05 9395.77
0 3118 5 phononTF 0.00154118 -2.19773 0.486516 0.0220082 1483.42 0.00104229 1 -0.0298058 -0.201656 0.05 62394
0 3125 2 phononTF 0.00250546 -0.53756 1.74361 -0.0221886 5193.01 0.00069486 1 0.071583 -0.222084 0.05 6676.7
0 3129 4 phononTS 0.000579766 2.20296 -2.09435 -0.0239326 13977.3 0.00034743 1 -0.0935456 -0.189459 0.05 22551.7
0 3143 3 phononTS 0.00236073 -2.33785 -1.16279 -0.0120509 478.989 0.00138972 1 -0.0420821 -0.204842 0.05 16832.8
0 3150 1 phononL 0.004 0.0286318 -0.782022 -0.0221468 0 0.00138972 1 0.0558395 -0.206318 0.05 663.309
0 3150 11 phononTS 0.000462456 0.0558395 -0.206318 0.049999 663.309 0.00034743 1 -0.018417 -0.197866 0.05 757.999
0 3158 2 phononTF 0.0012121 -0.242264 -1.93158 0.0398447 2093.91 0.00069486 1 0.0640525 -0.118143 0.05 7356.46
0 3173 3 phononL 0.00266614 0.464342 -1.60857 -0.0385936 4686.73 0.00138972 1 0.0619301 -0.228345 0.05 9070.61
0 3173 4 phononTS 0.000580384 0.0619301 -0.228345 0.049999 9070.61 0.00034743 1 -0.0308058 -0.15878 0.05 9171.21
0 3173 2 phononL 0.00133386 0.464342 -1.60857 -0.0385936 4686.73 0.00069486 1 0.0345026 -0.180377 0.05 16187.8
0 3210 3 phononTF 0.00179594 -0.46249 -0.337838 0.032251 15971.1 0.00034743 1 0.0293174 -0.135791 0.05 16618.4
0 3221 2 phononL 0.00188164 -2.01756 1.40824 -0.0149356 8298.97 0.00104229 1 -0.0269794 -0.250542 0.05 13071.2
0 3222 3 phononL 0.00187102 0.710646 0.34625 0.00825405 3624.33 0.00104229 1 0.0261376 -0.218202 0.05 11427
0 3268 3 phononL 0.00198402 2.06309 -2.09828 0.0149829 3938.46 0.00138972 1 0.0801737 -0.209724 0.05 8198.11
0 3273 2 phononTS 0.00144795 0.556553 -2.49156 -0.0220725 2012.46 0.00104229 1 0.0230403 -0.247333 0.05 5333.82
0 3291 3 phononTS 0.000782685 0.230806 -1.99033 -0.00281613 7602.26 0.00069486 1 0.0820517 -0.260215 0.05 10622.5
0 3292 4 phononTF 0.00154219 -2.05222 -0.721573 -0.00842389 37058.9 0.00104229 1 -0.0550194 -0.163964 0.05 41889.6
0 3292 2 phononTF 0.00164513 -2.20107 -0.897573 0.0489579 7341.39 0.00104229 1 -0.0446595 -0.2936 0.05 19474.2
0 3309 3 phononTF 0.00254927 -0.737956 1.41052 -0.0122227 3281.34 0.00104229 1 0.0315926 -0.139895 0.05 7050.82
0 3310 6 phononL 0.00131784 1.21356 0.0709924 0.049999 7754.06 0.00069486 1 0.0821169 -0.247938 0.05 9063.35
0 3335 1 phononTS 0.004 -0.194882 -0.358592 0.00929299 0 0.00208458 1 -0.0253224 -0.133128 0.05 458.489
0 3343 3 phononL 0.00275712 -1.58769 -0.760597 -0.0310802 6925.66 0.00138972 1 0.028983 -0.263826 0.05 10636.7
0 3346 13 phononTF 0.000409717 -0.272018 0.0140438 0.049999 18907.4 0.00034743 1 -0.114245 -0.204241 0.05 19320
0 3347 2 phononTF 0.00120188 0.943041 -0.237804 -0.0471883 11396.6 0.00069486 1 -0.0733369 -0.167293 0.05 31665.1
0 3367 3 phononTS 0.00217509 -0.184898 -0.95316 -0.0359202 2099.11 0.00138972 1 -0.0476005 -0.1106 0.05 4808.43
0 3374 3 phononTF 0.00335267 2.15023 2.34768 0.0119346 11419.7 0.00208458 1 0.0292624 -0.254403 0.05 22886.3
0 3413 4 phononTF 0.000615175 -1.48827 0.0571843 0.049999 11659.5 0.00034743 1 -0.0305418 -0.304327 0.05 13109.6
0 3418 3 phononTS 0.00187309 -1.24983 1.99521 -0.0104883 6636.22 0.00034743 1 -0.0886835 -0.177725 0.05 15177.7
0 3457 1 phononL 0.004 0.414184 -0.751582 0.0398738 0 0.00208458 1 -0.0810592 -0.215078 0.05 859.121
0 3460 3 phononTS 0.00230626 -2.00906 1.3866 0.0378139 5308.95 0.00104229 1 -0.0383503 -0.140258 0.05 9230.42
0 3461 5 phononL 0.00177497 2.33176 0.960233 -0.0215543 2162.1 0.00104229 1 -0.0501365 -0.239265 0.05 22884.7
0 3464 2 phononL 0.00193307 -0.455904 0.15157 0.0236992 1720.73 0.00138972 1 0.0840785 -0.152699 0.05 9555.73
0 3480 2 phononTS 0.00117261 -1.30661 2.43341 8.95678e-05 14941.1 0.00069486 1 0.0451404 -0.169141 0.05 17683.4
0 3490 3 phononTF 0.00275451 -0.779868 -0.272714 0.0248787 2757.14 0.00173715 1 -0.0631361 -0.234016 0.05 3352.75
0 3493 2 phononTS 0.001386 -0.653892 2.34127 0.0473968 183.315 0.00069486 1 0.118287 -0.20165 0.05 5493.77
0 3509 3 phononTF 0.00138695 1.86339 1.4038 -0.0227923 1271.63 0.00104229 1 0.115789 -0.231908 0.05 3010.28
0 3510 2 phononTS 0.00108242 -1.78867 2.01677 -0.0151812 4486.04 0.00069486 1 0.0377168 -0.199268 0.05 8294.11
0 3520 3 phononTS 0.000968694 -0.315818 1.73947 -0.00287522 3078.42 0.00069486 1 0.0878664 -0.236703 0.05 9616.51
0 3526 2 phononTS 0.00188933 2.42412 0.931036 0.0201836 6864.01 0.00104229 1 0.0815531 -0.276049 0.05 17944.7
0 3584 18 phononL 0.00190435 0.657785 1.00375 0.0195294 13110.3 0.00104229 1 -0.0332478 -0.284384 0.05 14311.2
0 3621 3 phononTS 0.0024135 -0.546294 -1.74354 0.0367866 4010.33 0.00104229 1 -0.107897 -0.213661 0.05 14040.7
0 3655 3 phononTS 0.00147974 -1.09045 0.892579 0.00959521 4362.26 0.00069486 1 -0.0776691 -0.255257 0.05 16611.6
0 3658 3 phononL 0.00224719 -1.28983 -1.66412 0.0150375 744.304 0.00138972 1 -0.0692159 -0.27158 0.05 19644.7
0 3662 2 phononTS 0.00194929 -1.83309 -1.7637 0.0323744 11906.6 0.00069486 1 0.0372446 -0.147903 0.05 20088.2
0 3701 4 phononTS 0.000685925 -2.1551 0.0214233 0.049999 4660.7 0.00034743 1 0.0567193 -0.220517 0.05 5975.58
0 3718 2 phononTS 0.00172444 -1.21535 -0.860052 -0.014876 605.605 0.00069486 1 0.0602406 -0.106854 0.05 8769.36
0 3726 1 phononL 0.004 0.240806 -0.0735543 -0.00981631 0 0.00208458 1 0.0875271 -0.137643 0.05 60.0311
0 3728 1 phononTS 0.004 0.397109 0.386867 -0.011254 0 0.00173715 1 -0.0100745 -0.192596 0.05 2273.06
0 3728 2 phononL 0.00134555 -0.0100745 -0.192596 0.049998 2273.06 0.00034743 1 -0.0733165 -0.267956 0.05 2324.22
0 3728 21 phononTF 0.000633055 -0.0733165 -0.267956 0.049999 2324.22 0.00034743 1 -0.0102934 -0.199135 0.05 2392.47
0 3731 4 phononTF 0.000382457 2.39632 0.0644979 0.049999 1931.81 0.00034743 1 -0.0904227 -0.180146 0.05 5037.61
0 3746 1 phononL 0.004 -0.852928 -1.3189 -0.000137177 0 0.00243201 1 -0.116936 -0.178077 0.05 11298.4
0 3754 2 phononTF 0.000577955 0.0799757 0.0222845 0.049999 634.419 0.00034743 1 0.0459967 -0.145002 0.05 2859.36
0 3755 1 phononL 0.004 -1.03516 -0.699414 0.0276504 0 0.00208458 1 -0.0893632 -0.178474 0.05 2463.15
0 3784 3 phononTF 0.0022363 -0.972397 -1.80677 0.0415328 2025.85 0.00138972 1 -0.0721083 -0.151025 0.05 3068.42
0 3790 3 phononTS 0.00228954 -0.0655336 -0.746775 -0.0382412 2317.88 0.00138972 1 0.0265378 -0.146583 0.05 2916.41
0 3791 3 phononTS 0.0016794 2.08489 -0.884415 0.033945 4624.28 0.00104229 1 -0.099326 -0.234289 0.05 18136.6
0 3808 3 phononTF 0.00163714 0.674587 -0.0852921 -0.0120394 1669.37 0.00069486 1 0.0947744 -0.181939 0.05 2095.67
0 3812 1 phononL 0.004 0.873708 -0.766124 0.00333271 0 0.00243201 1 -0.080799 -0.273524 0.05 2907.67
0 3815 4 phononTS 0.00069298 -0.752971 0.0864053 0.049999 9520.57 0.00034743 1 -0.0496541 -0.218887 0.05 14024.8
0 3818 2 phononTS 0.00146831 1.79414 -0.675008 -0.00203204 5431.92 0.00069486 1 -0.0847988 -0.144112 0.05 38296.9
0 3842 3 phononL 0.000394225 -0.211591 0.0853273 0.049999 4367.88 0.00034743 1 -0.04821 -0.106863 0.05 4809.46
0 3853 1 phononL 0.004 0.114148 -0.278317 0.0398057 0 0.00208458 1 0.0920676 -0.254525 0.05 127.479
0 3862 2 phononTF 0.000353465 1.7234 -2.20475 -0.0016407 7421.6 0.00034743 1 -0.0207039 -0.217718 0.05 11757
0 3877 2 phononTS 0.00186167 1.71922 -0.551548 0.0265928 3616.29 0.00104229 1 0.0187957 -0.223986 0.05 5095.73
0 3879 5 phononTS 0.00157919 0.909554 -2.36507 0.0438858 10521.4 0.00104229 1 0.0547924 -0.143352 0.05 13216.9
0 3882 2 phononTS 0.00266036 -1.26886 -0.944973 -0.0232858 2743.14 0.00173715 1 0.041288 -0.282729 0.05 18737.3
0 3909 3 phononTS 0.00240448 -0.141534 -2.19846 -0.0400815 2267.59 0.00138972 1 -0.0408707 -0.114754 0.05 4111.68
0 3933 1 phononTF 0.004 -0.106137 0.656695 -0.00636043 0 0.00277944 1 -0.0300998 -0.149517 0.05 702.973
0 3935 2 phononL 0.00172634 -2.02813 -0.790957 0.0365218 3494.05 0.00069486 1 -0.0505096 -0.298063 0.05 6581.43
0 3970 2 phononTS 0.000737509 -0.0204809 0.619636 -0.0204194 774.375 0.00034743 1 -0.0821928 -0.213381 0.05 1181.77
0 3986 7 phononTS 0.000822201 -0.258895 -1.70705 0.023712 14538.4 0.00069486 1 -0.0827491 -0.254362 0.05 21424.1
0 4003 3 phononTS 0.00216422 -1.84948 -0.670452 -0.00516004 912.517 0.00104229 1 -0.0931913 -0.150561 0.05 10290.2
0 4006 1 phononTF 0.004 0.627087 -0.662748 -0.0117086 0 0.00208458 1 0.0226405 -0.258582 0.05 712.75
0 4008 2 phononTF 0.00173721 -2.29004 2.34507 -0.00811379 2663.8 0.00104229 1 -0.0519408 -0.136837 0.05 15830.2
0 4013 2 phononTF 0.00200987 1.96414 -0.177488 0.0159401 2323.73 0.00069486 1 -0.102808 -0.199466 0.05 24651.9
0 4015 3 phononL 0.00221027 -1.83589 1.70942 0.0193299 3577.47 0.00138972 1 0.057353 -0.193477 0.05 6714.31
0 4025 3 phononTF 0.00299567 0.866203 0.871807 0.0342898 1714.28 0.00173715 1 -0.0498987 -0.281465 0.05 20060.6
0 4029 3 phononTF 0.0031427 -0.0702523 1.32283 -0.0406673 10.8217 0.00138972 1 0.0774624 -0.242072 0.05 1871.81
0 4076 6 phononTS 0.000547052 1.86818 0.0205601 0.049999 11382.7 0.00034743 1 -0.0704525 -0.188261 0.05 13556.2
0 4082 1 phononTS 0.004 -0.541989 0.171288 -0.0224165 0 0.00312687 1 -0.0852544 -0.162147 0.05 1633.38
0 4110 2 phononL 0.00239676 0.343857 2.00627 0.0253939 8165.58 0.00138972 1 0.022802 -0.269941 0.05 11957.1
0 4110 11 phononL 0.000422109 0.022802 -0.269941 0.049999 11957.1 0.00034743 1 -0.0603836 -0.279489 0.05 12806.5
0 4120 2 phononTF 0.0014281 1.41468 -1.34121 0.0149017 2222.11 0.00069486 1 0.0356871 -0.114362 0.05 9125.58
0 4167 6 phononTS 0.000362926 -2.08271 0.0550633 0.049999 8059.67 0.00034743 1 0.0931347 -0.166403 0.05 10903.3
0 4184 3 phononTS 0.0031003 0.672938 0.968143 -0.0044473 3340.34 0.00173715 1 -0.0302859 -0.27946 0.05 7463.49
0 4204 2 phononTF 0.00133649 -2.12929 1.96103 -0.0490115 19017.6 0.00069486 1 -0.0734882 -0.171474 0.05 30841.3
0 4223 1 phononTS 0.004 -0.843191 -0.777826 0.0159403 0 0.00243201 1 -0.0532672 -0.1661 0.05 834.992
0 4232 2 phononTS 0.00115199 -1.59296 0.54466 -0.000504606 2270.9 0.00069486 1 0.0372188 -0.28479 0.05 22804.4
0 4239 1 phononTS 0.004 0.757363 -0.264884 -0.024671 0 0.00138972 1 -0.0366343 -0.178443 0.05 1414.58
0 4258 3 phononTS 0.00296731 -0.347048 -0.6508 0.0248201 15454.5 0.00173715 1 -0.0379566 -0.251775 0.05 15821.2
0 4304 2 phononL 0.00192948 1.2938 0.293919 0.0383896 771.894 0.00104229 1 -0.0519188 -0.212517 0.05 2003.78
0 4316 3 phononTS 0.00121562 1.55918 -0.249369 -0.0229608 42.6876 0.00069486 1 0.0790612 -0.276366 0.05 18785.7
0 4319 2 phononTF 0.00218321 -0.74628 0.75862 0.0242844 552.561 0.00138972 1 0.091306 -0.164652 0.05 6115.31
0 4327 2 phononTS 0.00150054 1.42869 -2.41903 0.00409993 2868.97 0.00104229 1 0.0234849 -0.153967 0.05 10735.8
0 4335 2 phononTF 0.00181537 -0.0885655 1.78152 0.0137193 6934.62 0.00069486 1 -0.0172699 -0.187366 0.05 9096.77
0 4350 2 phononTS 0.00137498 -0.68567 0.196565 0.0150455 3529.38 0.00104229 1 0.0305897 -0.206331 0.05 3934.24
0 4359 22 phononTS 0.000491901 -0.0620511 -0.00718501 0.049999 15924 0.00034743 1 -0.0783287 -0.246529 0.05 16389.7
0 4388 1 phononTS 0.004 0.0358161 -0.635395 0.0196764 0 0.00208458 1 0.0521491 -0.249083 0.05 225.067
0 4398 3 phononTS 0.00232919 -0.527762 -0.207955 -0.0355367 1989.21 0.00138972 1 -0.0906887 -0.165756 0.05 2658.6
0 4405 5 phononL 0.00135575 -0.1462 -1.96291 -0.007606 18413.1 0.00034743 1 -0.0665689 -0.218794 0.05 22975.3
0 4408 1 phononTS 0.004 0.109478 -0.822849 -0.0187678 0 0.00104229 1 0.0924241 -0.244925 0.05 1115.07
0 4423 3 phononTS 0.00313818 1.16709 -0.613543 -0.0168475 1678.84 0.00138972 1 -0.047329 -0.108873 0.05 3070.15
0 4433 3 phononTS 0.00106054 1.45844 0.0993462 0.049998 87.694 0.00069486 1 0.0336093 -0.269425 0.05 12364.8
0 4455 1 phononTF 0.004 -0.544508 -0.290997 0.0206666 0 0.00208458 1 0.0337794 -0.129084 0.05 2091.25
0 4457 2 phononTS 0.00194307 -1.41387 1.86135 -0.0192981 7598.78 0.00138972 1 0.0803541 -0.191302 0.05 12271.2
0 4468 5 phononTF 0.00300572 -2.23589 -1.71251 0.040414 6841.68 0.00173715 1 -0.0776776 -0.16537 0.05 21562.7
0 4469 2 phononTS 0.00225879 2.14034 2.05168 -0.020554 2278.82 0.00138972 1 -0.0870301 -0.263998 0.05 8947.39
0 4477 3 phononTS 0.00307592 0.529685 -2.31775 0.0157763 6181.5 0.00243201 1 -0.111849 -0.198592 0.05 19715.2
0 4490 2 phononTS 0.00160919 -2.19844 1.74507 0.045298 4168.62 0.00069486 1 -0.0154069 -0.179991 0.05 12479.8
0 4495 3 phononTF 0.00245221 0.144377 -2.46926 -0.0195228 19296.4 0.00104229 1 -0.0194895 -0.179593 0.05 28293.6
0 4506 1 phononTF 0.004 -0.945086 -1.8936 0.0277274 0 0.00208458 1 -0.0358464 -0.206098 0.05 14517
0 4517 5 phononTS 0.00139986 -1.09996 -2.33389 -0.0420197 30462.9 0.00069486 1 -0.10336 -0.226684 0.05 32112.2
0 4517 6 phononTS 0.000501681 -0.10336 -0.226684 0.049999 32112.2 0.00034743 1 -0.104533 -0.214483 0.05 32531.4
0 4542 3 phononTF 0.00139337 -0.424138 -0.697214 -0.0467024 4787.34 0.00069486 1 0.0903398 -0.260133 0.05 5886.02
0 4551 3 phononTS 0.00149215 0.46042 -1.7296 0.0434807 2894.03 0.00104229 1 -0.0402428 -0.286853 0.05 11915.6
0 4559 2 phononTF 0.00209651 1.37618 -0.965612 -0.0403869 13.9184 0.00069486 1 -0.04933 -0.18669 0.05 1289.89
0 4580 2 phononTS 0.00196782 0.864948 0.0888936 -0.0107204 87.4756 0.00104229 1 -0.0846365 -0.203258 0.05 902.331
0 4581 3 phononTF 0.00318772 -2.17655 -1.91103 -0.0488618 3125.31 0.00173715 1 0.0438518 -0.181175 0.05 13501.4
0 4594 1 phononTF 0.004 1.29968 -1.23829 0.019751 0 0.00173715 1 0.0426325 -0.170059 0.05 7650.98
0 4607 1 phononTS 0.004 0.711591 -1.15853 -0.0237375 0 0.00243201 1 -0.0360875 -0.197021 0.05 4618.97
0 4642 2 phononTS 0.00192223 1.68759 -0.531425 0.0209301 1575.18 0.00138972 1 -0.0904906 -0.159481 0.05 6090.84
0 4650 1 phononL 0.004 0.296624 -0.739246 -0.0272186 0 0.00138972 1 -0.0925678 -0.220762 0.05 3875.5
0 4661 1 phononL 0.004 0.0267167 0.194401 0.0335055 0 0.00173715 1 0.0451196 -0.106489 0.05 917.796
0 4661 8 phononTS 0.000645728 0.0451196 -0.106489 0.049998 917.796 0.00034743 1 0.0170663 -0.163503 0.05 986.16
0 4686 3 phononTS 0.00150222 0.0178344 0.0383062 0.049999 32.4991 0.00069486 1 -0.0683196 -0.26957 0.05 392.459
0 4718 3 phononTS 0.0020059 0.561234 -2.12303 0.00245757 3565.25 0.00138972 1 0.0384239 -0.124869 0.05 9815.86
0 4725 4 phononTF 0.000351699 0.281361 0.0811993 0.049999 9978.46 0.00034743 1 -0.0899041 -0.260049 0.05 23460.9
0 4738 3 phononTF 0.00229249 -1.54146 -2.34601 0.0145785 36.3834 0.00104229 1 0.0747234 -0.220419 0.05 4150.93
0 4751 3 phononTF 0.00258777 0.295758 1.50731 0.025686 5644.1 0.00173715 1 -0.0514626 -0.140809 0.05 28932.9
0 4752 4 phononTF 0.000757728 -0.838636 0.0761808 0.049999 19980.8 0.00034743 1 -0.0949136 -0.249455 0.05 41928.8
0 4752 14 phononTF 0.000358929 -0.0949136 -0.249455 0.049999 41928.8 0.00034743 1 0.0131649 -0.21803 0.05 43133.7
0 4781 1 phononTS 0.004 0.827166 -0.987259 0.0253158 0 0.00208458 1 0.0334864 -0.285381 0.05 1646.18
0 4835 2 phononTS 0.0024852 0.564627 0.797622 -0.0253463 6441.81 0.00104229 1 0.0906256 -0.269207 0.05 7231.52
0 4848 1 phononTF 0.004 1.55078 -0.742423 0.0352938 0 0.00173715 1 -0.0455106 -0.262979 0.05 11553.8
0 4848 15 phononTS 0.000401225 -0.0455106 -0.262979 0.049999 11553.8 0.00034743 1 -0.02192 -0.262461 0.05 11617.6
0 4883 3 phononL 0.00210349 -1.83046 0.813049 -0.0310525 4059.84 0.00069486 1 0.0372546 -0.263747 0.05 21392.8
0 4883 7 phononTF 0.000748052 0.0372546 -0.263747 0.049999 21392.8 0.00034743 1 0.0534104 -0.139662 0.05 21464.5
0 4884 1 phononTF 0.004 -0.652447 0.146582 0.0306169 0 0.00138972 1 0.0764388 -0.150141 0.05 835.535
0 4884 4 phononTS 0.000401848 0.0764388 -0.150141 0.049999 835.535 0.00034743 1 0.0590504 -0.192667 0.05 896.955
0 4900 1 phononTS 0.004 -0.794133 -0.355675 0.0386475 0 0.00243201 1 -0.034004 -0.139481 0.05 3128.45
0 4904 4 phononTS 0.000990019 -0.571085 -1.74256 0.0173965 26619.2 0.00069486 1 0.0867249 -0.216517 0.05 29204.9
0 4917 2 phononTF 0.00119492 -2.46057 -0.813512 0.0280159 773.91 0.00034743 1 -0.116782 -0.214576 0.05 10592.6
0 4935 2 phononTS 0.00259942 1.69491 2.24529 0.034196 2162.65 0.00104229 1 0.0551016 -0.271139 0.05 10717.5
0 4946 3 phononTS 0.00192709 -1.17865 -1.37929 0.0453937 6048.83 0.00138972 1 -0.0781356 -0.221661 0.05 13784.8
0 4980 1 phononL 0.004 0.00303376 -0.333624 -0.00485811 0 0.00173715 1 -0.0710609 -0.263168 0.05 66.8672
0 4980 11 phononTF 0.000408012 -0.0710609 -0.263168 0.049999 66.8672 0.00034743 1 -0.0470848 -0.132297 0.05 620.829
0 4989 2 phononL 0.00187018 -0.740944 -2.06825 -0.0124789 1008.95 0.00034743 1 0.0674994 -0.190555 0.05 5847.34
0 4989 19 phononTF 0.000531782 0.0674994 -0.190555 0.049999 5847.34 0.00034743 1 0.0349358 -0.193363 0.05 7070.57
0 4995 2 phononL 0.00259971 1.22008 -1.4999 -0.0193091 7663.74 0.00069486 1 0.0819495 -0.25892 0.05 10957
0 5001 3 phononTS 0.00205493 0.852012 -1.91628 0.0448579 5331.28 0.00104229 1 0.0341312 -0.0939823 0.05 9509.86
0 5004 2 phononTS 0.00140639 1.7026 0.855385 -0.0333309 5083.71 0.00104229 1 -0.0835382 -0.266577 0.05 82099.2
0 5050 3 phononTS 0.00273841 1.22028 1.1081 0.0131076 18404.2 0.00173715 1 0.018679 -0.208394 0.05 22288.7
0 5053 2 phononTF 0.000846968 -1.9478 1.80965 0.0178907 3000.78 0.00069486 1 0.0344496 -0.17278 0.05 50276.5
0 5068 3 phononTS 0.00163098 0.428804 2.37752 0.0242878 10731.2 0.00069486 1 -0.0316174 -0.21181 0.05 11712.4
0 5079 6 phononL 0.000349545 -0.236944 0.101382 0.049998 11320.3 0.00034743 1 0.0590246 -0.24025 0.05 11526.6
0 5083 3 phononTS 0.00083199 -0.452326 0.0607744 0.049999 2321.08 0.00034743 1 0.0688202 -0.139713 0.05 2572.11
0 5111 3 phononTF 0.00248999 0.989025 -2.26522 0.0240625 5631.75 0.00138972 1 0.0466649 -0.236214 0.05 22150.8
0 5130 3 phononTS 0.00266618 0.155515 -1.12029 -0.0210212 1881.91 0.00104229 1 0.0639111 -0.262314 0.05 30665.9
0 5148 3 phononTS 0.00167531 1.7009 2.14759 0.0460647 9114.02 0.00069486 1 0.107456 -0.192918 0.05 13040.4
0 5148 4 phononTS 0.00045516 0.107456 -0.192918 0.049999 13040.4 0.00034743 1 -0.0567291 -0.20468 0.05 13220.7
0 5153 1 phononTS 0.004 -0.0381926 -0.439973 0.0288376 0 0.00208458 1 -0.0341854 -0.148068 0.05 1024.71
0 5180 2 phononTF 0.000860786 -1.98375 -1.91279 0.029647 2357.9 0.00069486 1 -0.0386987 -0.216264 0.05 21358.2
0 5211 22 phononTF 0.000556812 1.37092 -0.0065176 0.049999 6138.79 0.00034743 1 0.0710584 -0.111726 0.05 23803.2
0 5220 2 phononTF 0.0022969 0.788398 -0.550776 0.043758 401.028 0.00138972 1 0.0919669 -0.259105 0.05 8054.36
0 5240 20 phononTS 0.000573131 2.19608 -0.00329635 0.049999 1719.06 0.00034743 1 -0.0284255 -0.203784 0.05 12805.5
0 5241 2 phononTF 0.00284075 -1.83294 2.01712 0.0290324 5318.03 0.00173715 1 -0.0678107 -0.159186 0.05 51782.4
0 5252 2 phononTS 0.00201609 -0.920819 -1.71237 -0.0199761 4541.53 0.00104229 1 0.0483962 -0.147328 0.05 14960.9
0 5258 1 phononTF 0.004 -0.175059 -2.4208 0.0129452 0 0.00173715 1 0.10474 -0.176749 0.05 11500.4
0 5258 2 phononTS 0.00063029 0.10474 -0.176749 0.049999 11500.4 0.00034743 1 0.0447302 -0.292551 0.05 11593.5
0 5263 12 phononTS 0.00157507 2.20193 2.49545 -0.000118176 7655.73 0.00069486 1 0.0304068 -0.241527 0.05 22980.8
0 5275 5 phononL 0.00139854 1.06538 -2.04207 -0.00326363 10993.5 0.00069486 1 -0.0629119 -0.212884 0.05 13129.3
0 5282 4 phononTS 0.000876042 0.587309 1.34036 -0.037023 7955.09 0.00034743 1 -0.0639927 -0.21679 0.05 19741.3
0 5308 2 phononTF 0.00256961 -0.690132 -1.14949 0.0275641 8000.13 0.00138972 1 0.090405 -0.215446 0.05 12176.9
0 5318 3 phononTF 0.00183439 2.44507 2.38356 -0.0147544 13395 0.00104229 1 0.0190398 -0.183255 0.05 38395.9
0 5321 2 phononTS 0.00155312 -1.66784 -0.28056 0.0180402 135.093 0.00104229 1 -0.092962 -0.133399 0.05 4496.41
0 5327 1 phononL 0.004 -0.805167 -0.0346467 0.0154972 0 0.00069486 1 -0.0231651 -0.16847 0.05 2422.68
0 5327 2 phononTS 0.00290057 -0.0231651 -0.16847 0.049999 2422.68 0.00138972 1 -0.0260279 -0.114679 0.05 2453.46
0 5336 1 phononL 0.004 -0.0594287 -0.246423 0.0119871 0 0.00208458 1 -0.107551 -0.193555 0.05 64.1267
0 5337 5 phononTS 0.000482602 -0.0989294 -0.00416306 0.049999 29115 0.00034743 1 0.0464768 -0.216603 0.05 29610.7
0 5355 1 phononTS 0.004 0.389972 0.0381247 0.00581834 0 0.00208458 1 -0.0355085 -0.183338 0.05 410.892
0 5371 5 phononTS 0.00112276 -1.97223 0.514627 -0.0492351 8965.25 0.00069486 1 -0.0750486 -0.17587 0.05 39307.5
0 5376 2 phononTS 0.00268714 -0.894583 -1.38221 0.0376801 20581.6 0.00138972 1 -0.03534 -0.286609 0.05 47956.6
0 5390 1 phononTS 0.004 -0.772626 -0.353338 0.020574 0 0.00138972 1 0.0681779 -0.116611 0.05 3181.55
0 5409 1 phononL 0.004 -0.0347673 -2.13675 -0.0392449 0 0.00243201 1 0.0269754 -0.257945 0.05 4599.71
0 5410 1 phononL 0.004 0.31642 -0.0275068 0.00479579 0 0.00208458 1 0.0712126 -0.201922 0.05 109.287
0 5412 3 phononTS 0.00374825 0.756351 -1.2231 0.0322397 3643.75 0.00138972 1 -0.060226 -0.294095 0.05 5250.27
0 5416 2 phononTF 0.000883539 -0.530989 0.907303 -0.0249416 4079.45 0.00034743 1 0.0350155 -0.306526 0.05 14822.5
0 5416 29 phononL 0.000492332 0.0350155 -0.306526 0.049998 14822.5 0.00034743 1 -0.104733 -0.204232 0.05 14985.3
0 5422 1 phononTS 0.004 0.365677 -0.371052 -0.0130507 0 0.00243201 1 0.0373646 -0.154313 0.05 235.36
0 5447 5 phononTF 0.000989292 0.997248 -2.10106 -0.0460901 8963.05 0.00034743 1 0.0401446 -0.287018 0.05 48523.5
0 5544 3 phononTF 0.00171229 0.881597 1.6451 -0.0143385 12383.1 0.00138972 1 -0.0857599 -0.250456 0.05 17116.8
0 5548 2 phononTF 0.00162769 -0.612482 1.12057 0.0324957 31827.5 0.00069486 1 0.0446885 -0.214932 0.05 43925.2
0 5584 3 phononTS 0.00175614 -0.442799 -1.84167 0.047445 3196.79 0.00104229 1 0.0479151 -0.205587 0.05 5160.02
0 5613 3 phononTF 0.00345608 -0.359176 -0.902589 -0.0461432 438.448 0.00208458 1 0.110333 -0.242653 0.05 4294.58
0 5666 2 phononTF 0.00226303 0.0855069 -0.0355287 0.0230094 2212.43 0.00138972 1 -0.0203219 -0.173368 0.05 2357.47
0 5668 2 phononL 0.00227144 -1.05927 -1.06103 -0.029802 22.3079 0.00104229 1 0.0361317 -0.290061 0.05 26159.9
0 5679 3 phononTS 0.00174742 -1.64336 1.21775 0.0299803 20.7156 0.00069486 1 -0.0212258 -0.174258 0.05 8852.47
0 5689 1 phononTS 0.004 0.0410172 -0.232034 -0.0252933 0 0.00208458 1 -0.0457879 -0.163347 0.05 66.0331
0 5690 2 phononTS 0.00110553 -0.0995543 0.925996 -0.0221732 1203.78 0.00069486 1 -0.0121783 -0.195662 0.05 1764.85
0 5707 3 phononTF 0.00283703 0.415841 -0.668372 0.0462158 6314.37 0.00138972 1 -0.11732 -0.185807 0.05 7381.87
0 5735 1 phononL 0.004 -0.2228 -0.374406 0.030171 0 0.00243201 1 -0.0428035 -0.285925 0.05 46.6103
0 5762 2 phononL 0.00237203 1.63415 -2.31613 -0.00576832 2966.47 0.00104229 1 -0.0709492 -0.254257 0.05 22100.2
0 5763 4 phononTF 0.000529638 0.713807 0.0885512 0.049999 4239.35 0.00034743 1 0.0412262 -0.218857 0.05 14662.7
0 5765 1 phononL 0.004 -0.253735 -0.157222 0.0317578 0 0.00208458 1 0.0707473 -0.265345 0.05 893.368
0 5781 5 phononTS 0.000530616 0.557663 0.0628339 0.049999 16270.6 0.00034743 1 0.0299847 -0.279758 0.05 44082.9
0 5826 2 phononTF 0.00229642 -0.0293747 0.322133 0.0340833 4.20824 0.00138972 1 0.0911372 -0.235713 0.05 445.077
0 5844 1 phononTF 0.004 0.190227 0.557063 0.0227199 0 0.00243201 1 -0.0715429 -0.253948 0.05 1603.83
0 5897 17 phononTS 0.00058383 0.131423 0.0547909 0.049999 2210.59 0.00034743 1 0.107281 -0.1864 0.05 2808.47
0 5903 2 phononTF 0.0029485 -0.146124 -0.105378 -0.0382518 689.618 0.00138972 1 -0.0834531 -0.163743 0.05 1605.5
0 5903 4 phononTS 0.000559008 -0.0834531 -0.163743 0.049999 1605.5 0.00034743 1 0.0225598 -0.134046 0.05 1866.88
0 5921 9 phononTF 0.000512946 0.409427 0.0721045 0.049999 4455.43 0.00034743 1 0.0576304 -0.191892 0.05 16748
0 5928 3 phononTS 0.00247152 -1.8302 1.07808 0.0356042 8640.03 0.00104229 1 0.0663258 -0.209006 0.05 16282
0 5928 5 phononTF 0.000531107 0.0663258 -0.209006 0.049999 16282 0.00034743 1 0.0247478 -0.265565 0.05 16345.2
0 5930 7 phononTS 0.000368288 -1.33524 0.0976447 0.049999 731.48 0.00034743 1 0.0487787 -0.188135 0.05 3241.66
0 5931 1 phononL 0.004 -0.700038 -0.429629 -0.0210041 0 0.00208458 1 -0.0567612 -0.181465 0.05 3140.37
0 5960 6 phononTF 0.000350904 0.376828 0.0467954 0.049999 14832.5 0.00034743 1 0.0785077 -0.275488 0.05 29218.5
0 5992 2 phononTS 0.0016415 0.702073 -2.43687 -0.00682444 8113.68 0.00069486 1 -0.0923942 -0.158061 0.05 12927
0 6000 3 phononTS 0.00130873 -1.38499 -2.24628 -0.0234939 21498.5 0.00069486 1 -0.0536095 -0.236452 0.05 26563.6
0 6015 2 phononL 0.0024015 0.328029 -1.24673 0.0059986 6134.89 0.00069486 1 -0.0100721 -0.196583 0.05 51994.2
0 6055 6 phononL 0.000431316 0.245726 0.0239525 0.049999 456.564 0.00034743 1 -0.0609718 -0.286342 0.05 1254.78
0 6072 4 phononTF 0.000620843 2.23773 0.0454587 0.049999 23451.2 0.00034743 1 -0.0619621 -0.194517 0.05 31564.4
0 6079 12 phononTF 0.000928253 2.26388 2.18657 -0.016429 32036.7 0.00069486 1 0.0166769 -0.222446 0.05 50909.4
0 6081 1 phononTF 0.004 0.777087 0.843 0.0198845 0 0.00243201 1 0.0646903 -0.282124 0.05 2694.85
0 6082 2 phononTF 0.0019047 1.97507 -2.20831 -0.0276295 1390.69 0.00104229 1 0.0953593 -0.221676 0.05 12195
0 6109 4 phononTF 0.000964486 -1.55222 0.919135 -0.00153027 5487.51 0.00034743 1 0.0471551 -0.156072 0.05 10114.9
0 6155 5 phononTF 0.000366898 0.121475 0.0922282 0.049999 19288.4 0.00034743 1 0.087512 -0.128332 0.05 19506.6
0 6156 3 phononL 0.00187818 -1.97073 1.41101 0.0339427 1384.99 0.00104229 1 -0.0368121 -0.161798 0.05 3011.87
0 6185 2 phononTS 0.00141797 -2.44937 -1.94633 0.0258028 2167.43 0.00069486 1 0.0643209 -0.268845 0.05 22789.6
0 6222 1 phononL 0.004 -0.177543 -1.28116 -0.0128115 0 0.00173715 1 0.0438888 -0.159865 0.05 5118.15
0 6232 2 phononL 0.00260824 -1.45517 0.398782 0.0139447 4078.5 0.00104229 1 0.0994854 -0.166162 0.05 22462.5
0 6237 1 phononL 0.004 0.39856 -0.834808 -0.0249686 0 0.00243201 1 0.0433978 -0.237542 0.05 3222.83
0 6238 1 phononTS 0.004 -0.581117 0.413139 0.00431334 0 0.00243201 1 0.0637809 -0.142167 0.05 637.158
0 6242 1 phononL 0.004 -0.367102 -0.608542 -0.0360994 0 0.00173715 1 -0.0577669 -0.276069 0.05 511.372
0 6250 4 phononTS 0.000951677 -2.26768 0.220209 -0.0128453 17243.7 0.00069486 1 0.0571365 -0.23241 0.05 22942.4
0 6250 2 phononTF 0.00131081 -0.103688 -0.336182 0.0282579 15869.2 0.00104229 1 -0.0891301 -0.134752 0.05 16470.7
0 6302 3 phononTF 0.00209058 -0.21591 1.93745 -0.0204639 5572.2 0.00138972 1 0.0507574 -0.100189 0.05 12552.6
0 6304 5 phononTS 0.000378913 1.61551 0.0199412 0.049999 22308.7 0.00034743 1 -0.0781561 -0.257851 0.05 24958.6
0 6306 30 phononTS 0.000553963 1.96063 0.095786 0.049999 33986.5 0.00034743 1 0.0287484 -0.26032 0.05 36008.9
0 6390 3 phononTS 0.00169634 -0.152929 0.758499 -0.00722441 8691.03 0.00104229 1 -0.0182978 -0.189373 0.05 16905.5
0 6411 1 phononTS 0.004 -0.22678 -0.348575 -0.0019858 0 0.00243201 1 0.095358 -0.201794 0.05 483.181
0 6417 7 phononTS 0.000439265 0.587215 -0.000263135 0.049999 3216.46 0.00034743 1 0.0298408 -0.128847 0.05 4647.9
0 6427 1 phononL 0.004 0.398333 -1.00151 0.0198559 0 0.00173715 1 0.0842482 -0.193248 0.05 1059.93
0 6433 1 phononTS 0.004 0.274473 -0.456364 0.0166979 0 0.00243201 1 0.0360667 -0.192462 0.05 1922.47
0 6480 1 phononTS 0.004 -0.175828 0.580252 0.00592175 0 0.00243201 1 0.113655 -0.164096 0.05 1178.92
0 6483 1 phononTF 0.004 -2.02922 -1.57359 0.00397716 0 0.00243201 1 -0.0321368 -0.222063 0.05 10347.8
0 6484 20 phononTS 0.000956455 -1.1755 -0.602954 -0.0342207 22251.9 0.00069486 1 0.0607247 -0.188207 0.05 29528.1
0 6485 4 phononTS 0.000647704 -1.16875 0.0327234 0.049999 8612.86 0.00034743 1 -0.029327 -0.306395 0.05 9488.38
0 6522 1 phononTS 0.004 0.572837 0.435404 0.00322012 0 0.00208458 1 0.0458315 -0.225351 0.05 1613.7
0 6529 2 phononTS 0.00153994 0.0505835 -1.03111 0.000674519 3129.99 0.00069486 1 -0.0618134 -0.20331 0.05 12622.3
0 6543 3 phononTS 0.00195459 -0.534103 0.480017 -0.0175883 3536.58 0.00069486 1 0.102948 -0.14227 0.05 6111.71
0 6580 1 phononTF 0.004 0.55006 0.0319889 -0.0294463 0 0.00243201 1 -0.0485258 -0.1554 0.05 1930.57
0 6587 1 phononTS 0.004 -0.270848 -0.0430184 -0.0361884 0 0.00277944 1 -0.0907353 -0.229465 0.05 643.281
0 6645 3 phononTS 0.00146028 1.7514 -0.270689 -0.0348563 2036.53 0.00104229 1 0.112601 -0.192845 0.05 5073.99
0 6648 3 phononTF 0.00171687 -0.0658934 -0.612524 -0.0301 8086.49 0.00069486 1 -0.0596226 -0.145618 0.05 8724.32
0 6668 3 phononTS 0.00214122 1.19179 -0.128668 0.0216699 5586.14 0.00173715 1 0.0817363 -0.120186 0.05 12737.2
0 6686 6 phononTS 0.000382093 -0.150004 0.0510693 0.049998 6060.26 0.00034743 1 -0.068574 -0.259106 0.05 33795.6
0 6701 2 phononTS 0.00164831 -0.1559 -0.640597 0.0218614 14642.3 0.00069486 1 -0.019711 -0.219061 0.05 14947.4
0 6710 18 phononTS 0.0010046 -2.12437 -2.14959 0.0281463 2583.18 0.00069486 1 0.0924616 -0.15832 0.05 10407.9
0 6712 2 phononL 0.00227608 -1.46341 -2.04028 0.0423292 1203.9 0.00104229 1 0.112843 -0.211013 0.05 7678.08
0 6714 2 phononTF 0.000801794 -1.76056 0.412654 -0.0331903 404.129 0.00034743 1 -0.0866011 -0.216319 0.05 17076.6
0 6756 4 phononTF 0.000462787 -0.0191518 0.0858892 0.049999 1389.67 0.00034743 1 -0.0547669 -0.100612 0.05 6703.49
0 6792 3 phononL 0.00174554 -2.32528 2.05689 -0.0160469 90.2144 0.00104229 1 -0.0752811 -0.278303 0.05 10012.8
0 6796 2 phononTS 0.00204347 2.46607 1.01233 -0.0367097 756.358 0.00069486 1 -0.0768383 -0.139063 0.05 4445.19
0 6812 2 phononTS 0.0029817 -0.364704 -0.345456 -0.00910812 17961.6 0.00173715 1 -0.0748367 -0.192348 0.05 18268.3
0 6822 2 phononTS 0.00144434 0.556001 -1.45166 -0.0156213 282.073 0.00069486 1 -0.0864547 -0.188081 0.05 27532.4
0 6831 3 phononTF 0.0019327 1.3849 -1.0954 -0.0346402 1074.49 0.00069486 1 0.0115923 -0.204484 0.05 7812.11
0 6844 3 phononL 0.00141767 0.331767 1.78693 0.0164376 5348.59 0.00104229 1 -0.0831037 -0.132189 0.05 50551
0 6846 2 phononTS 0.000988708 0.506003 -1.73878 -0.040841 9213.98 0.00069486 1 0.0358812 -0.2482 0.05 32319.6
0 6848 2 phononL 0.00114325 1.23398 0.961068 0.0264507 257.166 0.00069486 1 0.100972 -0.149098 0.05 22400.4
0 6861 3 phononTF 0.00310134 -0.901173 -1.17617 -0.013029 7221.76 0.00138972 1 -0.0270816 -0.26371 0.05 10066
0 6904 2 phononTS 0.00145513 -1.11363 1.81638 -0.0166423 31.0127 0.00069486 1 -0.0248649 -0.240586 0.05 14265.2
0 6911 4 phononTF 0.000796889 -1.11447 -0.24675 0.0454633 9807.45 0.00034743 1 -0.0451485 -0.116087 0.05 62846.3
0 6915 2 phononTS 0.00227629 -0.00939057 0.75721 0.0362146 2540.5 0.00069486 1 -0.0603 -0.257272 0.05 3212.12
0 6928 2 phononL 0.00240991 2.14246 2.07852 0.0275509 12230.8 0.00104229 1 0.0497515 -0.101202 0.05 23775.5
0 6943 3 phononTS 0.00249868 -1.50737 2.11813 0.018374 708.271 0.00173715 1 0.0411226 -0.25202 0.05 20440.5
0 6951 3 phononTS 0.00209162 0.00755623 -0.898258 0.00144359 1294.6 0.00069486 1 -0.0983507 -0.246731 0.05 2947.74
0 6954 2 phononTS 0.00284696 1.21446 -0.645766 -0.0499475 4051.32 0.00138972 1 -0.0384147 -0.299034 0.05 7174.3
0 6957 1 phononTS 0.004 0.156634 -1.3367 -0.0247653 0 0.00173715 1 -0.0464778 -0.191676 0.05 11813.6
0 6991 2 phononTS 0.00211182 0.0280394 0.885448 -0.00542938 7162.92 0.00138972 1 -0.0680554 -0.132463 0.05 7949.19
0 6992 3 phononL 0.00204541 2.14719 -2.48695 -0.046087 25.3686 0.00104229 1 0.07538 -0.11643 0.05 2522.9
0 6994 3 phononTF 0.00178136 1.9723 2.46159 -0.0325569 11805.4 0.00034743 1 0.0513925 -0.183962 0.05 23171
0 6994 4 phononTS 0.00076581 0.0513925 -0.183962 0.049999 23171 0.00034743 1 -0.0388611 -0.186842 0.05 23561
0 7012 5 phononL 0.000769729 -0.115464 -0.000811723 0.049999 25483.7 0.00034743 1 -0.0728794 -0.242172 0.05 25594.7
0 7019 3 phononTS 0.00161772 2.09914 -1.04554 -0.0393622 4845.05 0.00104229 1 0.115114 -0.177759 0.05 27353.5
0 7076 3 phononTS 0.00156287 -1.63061 0.207915 -0.00187316 0.030766 0.00069486 1 0.101702 -0.249063 0.05 7656.73
0 7076 6 phononTF 0.000393422 0.101702 -0.249063 0.049999 7656.73 0.00034743 1 -0.0491712 -0.238671 0.05 7729.27
0 7078 1 phononTS 0.004 0.460683 -0.606895 0.0118301 0 0.00173715 1 -0.0386611 -0.288956 0.05 469.586
0 7084 2 phononTF 0.00253165 -0.0645671 -1.70012 0.0489945 2917.38 0.00138972 1 0.101813 -0.182915 0.05 9303.45
0 7089 2 phononTS 0.00247361 -0.136375 -0.211174 -0.0404726 10435.3 0.00138972 1 -0.066167 -0.227375 0.05 10593.1
0 7089 14 phononTS 0.000566443 -0.066167 -0.227375 0.049999 10593.1 0.00034743 1 -0.0894471 -0.274229 0.05 10678.3
0 7111 4 phononTF 0.000630119 -0.431897 0.102669 0.049999 928.803 0.00034743 1 0.0793766 -0.226028 0.05 18343.9
0 7128 2 phononTF 0.00267532 -0.757446 -2.36184 -0.0488551 2029.15 0.00138972 1 -0.089099 -0.188383 0.05 6250.39
0 7178 3 phononTF 0.00289316 -0.365675 -0.125851 0.0198489 7888.12 0.00173715 1 -0.0893121 -0.258832 0.05 8119.34
0 7193 3 phononTS 0.00192562 0.641292 -0.86055 -0.0239396 2707.65 0.00104229 1 -0.0475325 -0.278389 0.05 4649.21
0 7230 6 phononTS 0.00065412 0.00710417 0.0908665 0.049999 5053.47 0.00034743 1 0.0205805 -0.143771 0.05 5168.15
0 7240 2 phononL 0.00233927 -1.66609 1.9182 0.000497 8978.45 0.00138972 1 -0.0476986 -0.245438 0.05 36763.7
0 7246 5 phononTS 0.00196419 0.761289 -1.3683 -0.00268688 14527.8 0.00104229 1 0.079979 -0.218214 0.05 25560
0 7249 3 phononTS 0.00267145 -0.737508 -0.474295 -0.0165736 6388.19 0.00138972 1 0.0276369 -0.178568 0.05 7341.51
0 7249 12 phononTF 0.000450386 0.0276369 -0.178568 0.049999 7341.51 0.00034743 1 0.0439845 -0.126026 0.05 7411.9
0 7252 3 phononTS 0.00152083 2.02276 1.79512 -0.0112934 6288.25 0.00069486 1 0.0474126 -0.191543 0.05 9330.29
0 7290 2 phononL 0.000982745 0.760891 2.43728 -0.00860522 6741.64 0.00069486 1 -0.0293236 -0.145741 0.05 26867.8
0 7300 6 phononTF 0.000450585 -1.77869 0.0652625 0.049999 2702.53 0.00034743 1 0.114448 -0.219329 0.05 29696
0 7314 3 phononTF 0.00218748 0.910204 -0.72204 0.0487472 5344.59 0.00138972 1 -0.0742628 -0.271058 0.05 5901.27
0 7342 2 phononTF 0.00217269 -1.82448 0.811554 -0.0040948 1908.26 0.00104229 1 0.0830194 -0.234985 0.05 14411.9
0 7357 1 phononTS 0.004 -0.190533 -0.654029 -0.0168564 0 0.00138972 1 0.112645 -0.174033 0.05 622.313
0 7357 3 phononTF 0.000446915 0.112645 -0.174033 0.049998 622.313 0.00034743 1 0.0792192 -0.172397 0.05 684.988
0 7366 2 phononTF 0.00169246 2.07685 2.05539 -0.00101255 6046.61 0.00034743 1 -0.070606 -0.132895 0.05 14947.1
0 7376 3 phononTF 0.00263184 1.43561 0.754619 -0.0460872 2081.12 0.00104229 1 0.0152211 -0.199512 0.05 9609.16
0 7377 1 phononTS 0.004 0.718435 -1.5841 -0.0379343 0 0.00208458 1 -0.104971 -0.149952 0.05 3495.33
0 7377 2 phononTF 0.000378678 -0.104971 -0.149952 0.049999 3495.33 0.00034743 1 -0.0740896 -0.111514 0.05 3555.18
0 7417 1 phononL 0.004 -0.0471547 -0.221294 0.0355605 0 0.00208458 1 -0.0500514 -0.232166 0.05 3.4467
0 7434 2 phononTS 0.0022851 -0.178214 -1.93467 -0.025858 79.6879 0.00104229 1 -0.09971 -0.264021 0.05 851.845
0 7452 2 phononTS 0.00269767 -1.1955 -1.50946 0.00413486 9502.77 0.00173715 1 -0.0388319 -0.16919 0.05 18224.1
0 7469 1 phononL 0.004 0.576219 -2.09408 -0.000142174 0 0.00138972 1 -0.0747015 -0.120246 0.05 7089.93
0 7469 2 phononTF 0.00163744 -0.0747015 -0.120246 0.049999 7089.93 0.00138972 1 -0.0577164 -0.236524 0.05 9848.44
0 7489 2 phononTF 0.00164671 0.963572 2.12376 0.0313598 3094.95 0.00069486 1 -0.0849594 -0.198787 0.05 10719
0 7499 1 phononTF 0.004 -1.52463 -1.5914 0.0298529 0 0.00173715 1 0.0205229 -0.157609 0.05 19779.4
0 7517 3 phononTF 0.0016447 -2.11078 -1.17178 -0.0420142 1660.03 0.00034743 1 0.0791043 -0.258148 0.05 19380
0 7517 4 phononTF 0.000683572 0.0791043 -0.258148 0.049999 19380 0.00034743 1 -0.0321653 -0.188028 0.05 19599.3
0 7517 2 phononTS 0.0023553 -2.11078 -1.17178 -0.0420142 1660.03 0.00138972 1 0.0973494 -0.24302 0.05 5103.85
0 7530 2 phononTS 0.00246483 1.69635 -0.876079 0.0339688 14794.6 0.00138972 1 0.0949397 -0.213066 0.05 15857.6
0 7533 2 phononL 0.00203974 -1.61123 0.931575 0.0327707 2279.42 0.00104229 1 0.102948 -0.159452 0.05 19172.5
0 7537 4 phononTS 0.000558915 0.710036 0.105267 0.049999 360.807 0.00034743 1 -0.0347316 -0.226019 0.05 790.995
0 7557 2 phononTS 0.00129989 -0.600381 -0.633457 0.0352882 1779.85 0.00069486 1 0.0610805 -0.231415 0.05 8841.23
0 7557 28 phononL 0.000359244 0.0610805 -0.231415 0.049998 8841.23 0.00034743 1 0.0300221 -0.139012 0.05 8888.66
0 7582 3 phononL 0.003819 -0.936102 -1.22267 -0.0429543 4666.08 0.00173715 1 0.0792302 -0.252138 0.05 6718.12
0 7601 2 phononTF 0.000816367 -1.02543 -1.58245 0.0386937 13580.1 0.00034743 1 -0.0709584 -0.150409 0.05 28232.8
0 7612 1 phononTS 0.004 -0.859705 1.28151 0.0375768 0 0.00173715 1 -0.0515299 -0.134943 0.05 5219.87
0 7612 3 phononTS 0.00047222 -0.0515299 -0.134943 0.049999 5219.87 0.00034743 1 -0.0675314 -0.157893 0.05 5283.38
0 7617 1 phononL 0.004 0.0487724 -0.145984 0.0126439 0 0.00173715 1 0.0406816 -0.189349 0.05 10.8191
0 7618 2 phononTF 0.00208179 -0.630155 -0.216464 -0.0133781 5.01833 0.00138972 1 0.0858228 -0.118661 0.05 21631.9
0 7623 3 phononTF 0.00264075 1.67393 1.57281 -0.0433808 666.954 0.00104229 1 0.0273526 -0.239517 0.05 24486.4
0 7623 7 phononTS 0.000547186 0.0273526 -0.239517 0.049999 24486.4 0.00034743 1 -0.0714511 -0.274222 0.05 24569
0 7661 3 phononTF 0.00233648 -2.4892 -2.11066 -0.0439652 4.43736 0.00104229 1 0.0960844 -0.154564 0.05 4199.79
0 7662 1 phononTF 0.004 -1.79075 -1.04811 0.0191794 0 0.00208458 1 -0.100882 -0.259484 0.05 15535.4
0 7669 1 phononTS 0.004 0.697499 -0.8682 0.0322727 0 0.00277944 1 0.058975 -0.246724 0.05 1969.01
0 7673 1 phononTS 0.004 -1.35291 -0.412823 -0.0115009 0 0.00173715 1 -0.0501954 -0.263359 0.05 12642.7
0 7673 11 phononTS 0.000443951 -0.0501954 -0.263359 0.049999 12642.7 0.00034743 1 -0.0593713 -0.262947 0.05 12699
0 7712 1 phononL 0.004 0.648327 -0.770163 0.021851 0 0.00208458 1 0.0669232 -0.275749 0.05 6578.28
0 7716 25 phononTS 0.000519867 0.0426007 0.0755085 0.049999 4355.23 0.00034743 1 -0.0333439 -0.216885 0.05 4549.62
0 7720 2 phononTF 0.0016624 1.43063 0.454036 -0.0084682 2165.84 0.00104229 1 0.0805079 -0.24415 0.05 3768.9
0 7730 2 phononTS 0.00266936 0.0654631 -1.87704 -0.0407216 334.397 0.00173715 1 0.0697401 -0.230237 0.05 16175.4
0 7752 2 phononTS 0.00246196 -0.71508 1.7284 0.0406852 1833.92 0.00138972 1 0.0981273 -0.200925 0.05 4000.95
0 7756 7 phononTS 0.000409604 2.45792 0.00436575 0.049999 24422.9 0.00034743 1 0.100607 -0.201108 0.05 29882.9
0 7757 2 phononTS 0.00243263 1.13379 -1.0857 0.0397124 12219.4 0.00138972 1 0.0885343 -0.233941 0.05 13557.6
0 7776 16 phononTF 0.000592819 -0.205228 0.0278704 0.049999 12478.8 0.00034743 1 -0.109293 -0.227466 0.05 12814.4
0 7818 2 phononTS 0.00230009 -0.0674359 -1.02778 -0.0166961 3670.29 0.00104229 1 -0.0315521 -0.20159 0.05 4365.08
0 7818 8 phononTF 0.000432065 -0.0315521 -0.20159 0.049999 4365.08 0.00034743 1 -0.0475398 -0.195896 0.05 4427.43
0 7819 1 phononTF 0.004 -0.125137 -0.552543 -0.0354608 0 0.00138972 1 -0.0500265 -0.153398 0.05 612.539
0 7819 4 phononTS 0.000611983 -0.0500265 -0.153398 0.049999 612.539 0.00034743 1 0.0644358 -0.265929 0.05 1085.06
0 7838 3 phononL 0.00186824 0.520366 0.682368 -0.0207728 12014.8 0.00069486 1 -0.101724 -0.259268 0.05 20681.4
0 7867 2 phononTS 0.00259797 2.18929 -1.23375 0.000632333 374.634 0.00173715 1 0.069532 -0.261802 0.05 10107.2
0 7889 2 phononTS 0.00201216 0.198231 2.43458 0.0214762 1311.55 0.00104229 1 -0.0534788 -0.243702 0.05 18167.6
0 7911 4 phononL 0.00208933 -0.0629053 -2.14542 0.0196235 9474.95 0.00104229 1 0.0861143 -0.197189 0.05 12221.8
0 7960 1 phononTS 0.004 -0.733169 -0.945985 0.0018395 0 0.00208458 1 -0.031554 -0.185506 0.05 2764.45
0 7973 1 phononTS 0.004 -0.853028 0.412144 -0.0157596 0 0.00173715 1 -0.0985186 -0.164522 0.05 1581.62
0 7975 7 phononL 0.000453226 0.423885 0.0225502 0.049998 8347.97 0.00034743 1 -0.0153209 -0.227238 0.05 8959.94
0 7985 1 phononTF 0.004 0.00519658 -0.711575 0.000271369 0 0.00243201 1 -0.0340237 -0.235951 0.05 2693.13
0 7990 1 phononTF 0.004 0.621008 -0.865958 -0.0106838 0 0.00208458 1 0.0402516 -0.290462 0.05 2481.13
0 8036 2 phononL 0.00141682 -0.207183 -1.34543 -0.00210699 4515.92 0.00034743 1 0.0930175 -0.222506 0.05 34335.5
0 8040 5 phononL 0.00153775 -0.816957 1.72884 -0.0207072 4449.43 0.00069486 1 -0.0281772 -0.289904 0.05 19597.6
0 8041 5 phononTF 0.000388017 0.0144552 -0.00323818 0.049999 2261.22 0.00034743 1 0.0671225 -0.154489 0.05 2547.83
0 8059 3 phononTS 0.00250702 -0.0980008 -2.27944 -0.0418416 7604.51 0.00104229 1 0.0476238 -0.170115 0.05 12702
0 8099 1 phononTF 0.004 -0.416073 -0.00779583 0.0174413 0 0.00243201 1 0.0820057 -0.127389 0.05 1332.8
0 8104 1 phononTS 0.004 0.0260536 -0.247499 -0.0141024 0 0.00243201 1 -0.0409875 -0.224352 0.05 79.5695
0 8110 3 phononTS 0.00153917 0.470633 -1.54634 0.00197787 5846.15 0.00069486 1 0.0688389 -0.265359 0.05 52512.2
0 8124 2 phononL 0.00265421 2.46439 -1.96963 0.00384305 2404.7 0.00138972 1 0.0491722 -0.152286 0.05 12097.7
0 8139 28 phononTS 0.000413238 1.15031 0.0395274 0.049998 6535.39 0.00034743 1 0.0455854 -0.279504 0.05 21441.5
0 8142 1 phononTS 0.004 -0.30104 -0.358854 -0.0164909 0 0.00208458 1 -0.0505566 -0.177299 0.05 402.758
0 8143 4 phononTS 0.000988544 0.288987 0.289002 -0.0109214 4011.48 0.00069486 1 0.0212965 -0.163665 0.05 16659.4
0 8157 1 phononTS 0.004 -0.160227 1.30712 0.0247936 0 0.00243201 1 -0.0899442 -0.244701 0.05 10336.6
0 8171 5 phononTS 0.00112954 0.0336929 -0.946267 -0.0187684 6749.36 0.00069486 1 -0.0311035 -0.271567 0.05 50564.2
0 8183 3 phononTS 0.00174546 -1.69362 2.23584 -0.0222449 23151.3 0.00069486 1 0.117004 -0.200597 0.05 41069.3
0 8189 3 phononL 0.00230088 -0.724151 1.01275 -0.0272713 2908 0.00138972 1 -0.0726439 -0.232887 0.05 4642.86
0 8197 2 phononTS 0.00155809 -0.0285335 0.553412 0.00905638 1506.39 0.00069486 1 0.0500188 -0.234715 0.05 1735.57
0 8199 2 phononTS 0.001612 2.29929 -2.42006 0.0490007 6653.06 0.00069486 1 0.0321659 -0.255853 0.05 24759.7
0 8219 2 phononTF 0.00166567 1.02143 2.19461 -0.0162926 10037.6 0.00069486 1 0.0884088 -0.259067 0.05 25298.6
0 8231 3 phononTS 0.00121854 1.21814 -1.28307 -0.0239201 2628.93 0.00069486 1 -0.0393446 -0.188081 0.05 4550.7
0 8272 1 phononTF 0.004 0.609076 -0.0640581 0.0127177 0 0.00243201 1 0.113546 -0.215506 0.05 170.184
0 8304 2 phononTS 0.00236283 -2.49905 1.46641 0.0208414 13770.8 0.00138972 1 0.0285915 -0.283599 0.05 25487
0 8324 1 phononL 0.004 0.0055179 -0.0743343 -0.00529483 0 0.00243201 1 -0.0786015 -0.153102 0.05 394.43
0 8340 4 phononTS 0.00107832 -2.1065 -0.91354 0.032681 4231.25 0.00069486 1 -0.0907514 -0.273137 0.05 7064.19
0 8349 3 phononTF 0.00338398 -0.174229 -1.37097 0.02648 13.4192 0.00208458 1 -0.0594467 -0.169066 0.05 3205.86
0 8363 8 phononTF 0.00037277 0.686333 0.0756196 0.049999 4101.65 0.00034743 1 0.0352675 -0.154738 0.05 4890.44
0 8363 2 phononTS 0.000353854 0.686333 0.0756196 0.049999 4101.65 0.00034743 1 -0.0815931 -0.152571 0.05 36461.6
0 8388 3 phononTS 0.00250126 0.918514 1.37781 -0.0180132 6166.41 0.00138972 1 0.0348187 -0.223092 0.05 7171.18
0 8390 15 phononL 0.0017706 1.86324 2.41678 0.00513563 43801.1 0.00104229 1 -0.0441266 -0.0990186 0.05 49424.1
0 8391 3 phononTF 0.00250616 -0.462331 2.3754 0.0147839 2893.22 0.00138972 1 0.0344663 -0.150379 0.05 11787.6
0 8391 2 phononTS 0.00149384 -0.462331 2.3754 0.0147839 2893.22 0.00069486 1 -0.0218984 -0.131244 0.05 12461.9
0 8402 3 phononTF 0.00108837 2.26233 1.50183 0.00232037 2495.99 0.00069486 1 0.0485636 -0.264423 0.05 8002.51
0 8405 3 phononTF 0.00364217 1.14937 -0.971181 -0.039905 42.1782 0.00208458 1 0.0261294 -0.161965 0.05 8205.55
0 8423 1 phononL 0.004 0.370535 -0.0576866 0.0331649 0 0.00208458 1 0.0890059 -0.264611 0.05 222.992
0 8426 2 phononTS 0.000923459 0.26246 -1.43668 0.00209929 291.832 0.00034743 1 -0.116784 -0.211772 0.05 18095.8
0 8451 1 phononTS 0.004 1.9023 2.26678 0.0389918 0 0.00208458 1 -0.0803539 -0.228624 0.05 9230.15
0 8485 3 phononTS 0.000551336 1.94293 0.0917886 0.049999 2086.84 0.00034743 1 -0.0956344 -0.141107 0.05 37613
0 8493 2 phononTS 0.000576904 -1.7476 0.081434 0.049999 7851.85 0.00034743 1 0.0278307 -0.204015 0.05 22753.1
0 8531 4 phononTF 0.00115599 0.731387 -2.08532 -0.00588038 6904.3 0.00069486 1 0.0939231 -0.177751 0.05 19866.7
0 8544 1 phononL 0.004 0.173872 -0.34203 0.0162056 0 0.00277944 1 0.107377 -0.166045 0.05 3650.81
0 8565 1 phononL 0.004 -0.210034 -0.973823 0.0346255 0 0.00208458 1 0.0994571 -0.157991 0.05 1423.24
0 8565 3 phononL 0.000593169 0.0994571 -0.157991 0.049998 1423.24 0.00034743 1 0.0384407 -0.200551 0.05 1474.12
0 8604 2 phononTF 0.00233426 -0.601688 -1.15862 0.0080579 3876.05 0.00138972 1 0.049206 -0.176044 0.05 12265
0 8669 3 phononTS 0.00186034 1.36467 1.63203 0.0173913 10764.7 0.00104229 1 -0.0304598 -0.178231 0.05 17454.4
0 8669 20 phononTF 0.000775325 0.105636 0.0884583 0.049999 15100 0.00069486 1 0.0547701 -0.135955 0.05 15199.6
0 8677 1 phononTS 0.004 0.242109 -0.782819 -0.0384802 0 0.00277944 1 0.0826015 -0.27291 0.05 862.487
0 8689 3 phononTF 0.00164189 -2.30186 1.34328 0.0281256 1373.87 0.00069486 1 0.0817918 -0.122559 0.05 2272.44
0 8700 3 phononL 0.00279997 1.18063 0.827522 -0.00579731 4406.41 0.00104229 1 0.0344537 -0.121089 0.05 8311.52
0 8704 2 phononTS 0.00109281 0.776103 -0.344425 0.0182302 262.971 0.00069486 1 0.104618 -0.246045 0.05 1079.75
0 8716 2 phononTS 0.00178597 1.01105 1.61102 -0.0304613 798.067 0.00104229 1 0.103312 -0.179795 0.05 2860.3
0 8740 3 phononTF 0.00145112 -0.566125 -1.55318 0.026194 247.339 0.00034743 1 -0.0788774 -0.118148 0.05 33864.3
0 8758 3 phononTS 0.00248422 -0.987437 -1.53453 0.00798366 1466.97 0.00138972 1 -0.0512855 -0.275953 0.05 4611.17
0 8760 3 phononL 0.00151703 -1.90845 1.22228 -0.000369248 12733.9 0.00034743 1 -0.0234232 -0.272638 0.05 21804.1
0 8760 4 phononTS 0.000752278 -0.0234232 -0.272638 0.049999 21804.1 0.00034743 1 -0.0875699 -0.248404 0.05 21875.1
0 8794 5 phononTS 0.000692799 -0.415629 0.0130068 0.049999 4894.62 0.00034743 1 -0.0724082 -0.23108 0.05 5235.56
0 8816 1 phononTF 0.004 -0.0182522 -0.348345 0.0165786 0 0.00243201 1 0.0854244 -0.261364 0.05 607.7
0 8837 2 phononTS 0.00237483 0.794219 1.28665 0.0201398 14970 0.00138972 1 -0.0586991 -0.238383 0.05 21710.1
0 8843 3 phononTF 0.00202755 2.12645 -1.509 0.0401071 307.789 0.00138972 1 0.0967654 -0.198732 0.05 20060.1
0 8849 3 phononL 0.00282362 -0.259 -0.885007 -0.0417966 2494.5 0.00138972 1 -0.0563727 -0.22601 0.05 14775.4
0 8855 3 phononTF 0.00171617 -0.725068 -1.15586 0.0161962 8977.84 0.00104229 1 0.0862127 -0.122116 0.05 21965.3
0 8860 2 phononTS 0.00287701 0.525418 1.02503 -0.0311838 345.965 0.00173715 1 -0.0563252 -0.255798 0.05 5522.71
0 8871 3 phononTS 0.0019297 -1.00162 1.61453 -0.0206534 6457.1 0.00104229 1 -0.0625651 -0.188881 0.05 10193.4
0 8884 2 phononTF 0.00243894 1.10596 -0.642329 0.0440897 117.861 0.00173715 1 0.112468 -0.165155 0.05 2963.82
0 8900 17 phononTF 0.00127032 0.977394 -1.42974 -0.0294436 23712.5 0.00069486 1 0.0326823 -0.188583 0.05 47946.1
0 8917 3 phononL 0.00203238 0.759799 -0.688105 -0.0217844 4936.19 0.00138972 1 0.0751985 -0.180795 0.05 6439.47
0 8920 1 phononL 0.004 0.523943 -0.250688 -0.0246969 0 0.00243201 1 0.0984325 -0.155288 0.05 417.34
0 8941 1 phononTS 0.004 -0.0637219 0.495027 0.00872115 0 0.00208458 1 0.0540847 -0.13798 0.05 6393.58
0 8941 3 phononTS 0.000610717 0.0540847 -0.13798 0.049999 6393.58 0.00034743 1 0.100324 -0.184036 0.05 6462.53
0 8953 3 phononTS 0.00214163 0.889007 -1.156 -0.0154662 7139.01 0.00138972 1 0.0577096 -0.101545 0.05 11867.1
0 8965 1 phononL 0.004 -1.07471 -0.974369 0.0316187 0 0.00208458 1 -0.0991427 -0.155834 0.05 5468.15
0 8976 1 phononTF 0.004 0.268678 0.421437 0.0219503 0 0.00173715 1 0.0289483 -0.165269 0.05 347.906
0 8985 5 phononTS 0.00177145 -0.282519 -0.263917 -0.00325339 29153.5 0.00069486 1 0.0624199 -0.112289 0.05 30701.2
0 8985 6 phononTF 0.000898301 0.0624199 -0.112289 0.049999 30701.2 0.00069486 1 0.0386214 -0.183285 0.05 30764.8
0 8988 4 phononTS 0.000983641 -1.24513 -2.12743 0.0335247 8571.46 0.00069486 1 0.0630615 -0.175826 0.05 27081.8
0 8990 3 phononTF 0.00222566 1.82836 2.13187 -0.0404522 1542.74 0.00104229 1 0.0821861 -0.240297 0.05 11801.5
0 8996 1 phononTS 0.004 0.420187 -0.430965 0.0335668 0 0.00173715 1 0.0727207 -0.137134 0.05 2894.1
0 9026 3 phononL 0.00191683 1.41877 1.24424 -0.0123103 54.4296 0.00034743 1 -0.0733983 -0.139287 0.05 7385.86
0 9026 4 phononTF 0.00122744 -0.0733983 -0.139287 0.049999 7385.86 0.00069486 1 -0.0863848 -0.243475 0.05 7467.8
0 9039 3 phononTS 0.0018191 0.072058 -0.0797178 0.000976902 475.779 0.00104229 1 0.0311907 -0.140072 0.05 505.989
0 9043 1 phononTS 0.004 0.346585 -0.372565 0.0227611 0 0.00277944 1 0.0549204 -0.242818 0.05 2421.96
0 9047 3 phononTS 0.00223366 -2.28014 -1.40713 0.00923214 2696.76 0.00069486 1 -0.059447 -0.15808 0.05 9909.76
0 9051 7 phononTS 0.000533612 -0.298929 0.0269371 0.049999 3405.88 0.00034743 1 0.0162972 -0.197659 0.05 5827.35
0 9052 1 phononTS 0.004 0.705134 0.181684 0.0387732 0 0.00243201 1 0.0370025 -0.182269 0.05 2219.76
0 9053 1 phononTS 0.004 0.452285 0.196455 -0.0333403 0 0.00173715 1 -0.0367465 -0.174713 0.05 248.552
0 9092 3 phononTS 0.00134605 -1.21973 1.00212 0.00584745 18820.6 0.00069486 1 0.0652538 -0.215799 0.05 36708.1
0 9095 3 phononL 0.00220418 -1.56263 0.332029 -0.020627 2617.81 0.00138972 1 -0.0534409 -0.262113 0.05 4950.79
0 9102 24 phononTS 0.000373568 2.16978 0.0620831 0.049999 13330.2 0.00034743 1 0.0797163 -0.226877 0.05 22033.4
0 9115 1 phononTS 0.004 -0.571769 0.0732729 0.0180059 0 0.00208458 1 -0.11548 -0.174473 0.05 2767.67
0 9125 3 phononTS 0.00118884 1.98287 1.9091 -0.000193611 5521.42 0.00069486 1 0.0868983 -0.199454 0.05 19566.6
0 9127 3 phononTS 0.00281194 0.718839 -0.639454 0.0464519 65.7129 0.00173715 1 0.0756493 -0.140912 0.05 558.264
0 9129 7 phononTF 0.000489679 1.83777 0.0532744 0.049999 7142.62 0.00034743 1 0.044499 -0.126203 0.05 19559.4
0 9148 3 phononTF 0.00158991 -2.21732 2.14848 0.0121406 10201.5 0.00069486 1 -0.107682 -0.175123 0.05 36355
0 9171 2 phononL 0.00205606 1.71936 -2.05933 0.0446806 3446.15 0.00138972 1 0.0653016 -0.167259 0.05 9289.8
0 9172 2 phononTS 0.00113093 0.0777482 0.000816537 0.049999 1721.48 0.00069486 1 -0.069967 -0.190633 0.05 1939.86
0 9207 3 phononL 0.00179486 0.332156 -0.79559 0.0160873 2119.11 0.00069486 1 0.0860263 -0.141698 0.05 3503.81
0 9207 4 phononL 0.000711604 0.0860263 -0.141698 0.049999 3503.81 0.00034743 1 0.0592675 -0.216588 0.05 3565.45
0 9258 1 phononTF 0.004 -0.15657 -0.964557 0.00820423 0 0.00173715 1 0.0675931 -0.22335 0.05 1107.59
0 9272 1 phononTF 0.004 1.1359 -1.71135 0.0262338 0 0.00243201 1 -0.0439225 -0.216165 0.05 7326.75
0 9284 1 phononTF 0.004 0.503884 -0.0519802 -0.00304621 0 0.00138972 1 0.0706217 -0.282546 0.05 4280.3
0 9284 4 phononTF 0.000938609 0.0706217 -0.282546 0.049999 4280.3 0.00034743 1 0.0636589 -0.168919 0.05 4495.07
0 9317 3 phononTS 0.00198861 1.22805 2.21834 7.65145e-05 4203.55 0.00104229 1 0.0392732 -0.285274 0.05 11977.9
0 9351 5 phononL 0.000719591 -0.875961 0.0554144 0.049998 23136.8 0.00034743 1 -0.0292885 -0.201131 0.05 49829.7
0 9417 13 phononTS 0.000348989 -1.70564 0.0176385 0.049999 11366.7 0.00034743 1 0.0408606 -0.256457 0.05 13262.6
0 9427 5 phononL 0.001368 -1.56706 2.24139 0.00630483 8136.93 0.00034743 1 -0.0579828 -0.285364 0.05 32293.3
0 9429 1 phononTS 0.004 0.935768 1.95181 0.0218166 0 0.00243201 1 -0.112317 -0.193701 0.05 18704.9
0 9440 3 phononTF 0.00194375 1.23567 1.74006 -0.0295665 9189.55 0.00104229 1 -0.0586919 -0.170454 0.05 18011.7
0 9440 10 phononTS 0.000385169 -0.0586919 -0.170454 0.049999 18011.7 0.00034743 1 -0.0549521 -0.117088 0.05 18078.9
0 9444 4 phononL 0.00197675 0.808432 -1.77173 0.0255584 10073.7 0.00104229 1 -0.0461327 -0.280621 0.05 15433.7
0 9449 2 phononL 0.00196452 -0.18661 -0.383563 -0.00649533 4124.05 0.00104229 1 0.0703244 -0.161553 0.05 16448.4
0 9449 19 phononL 0.000370888 0.0703244 -0.161553 0.049999 16448.4 0.00034743 1 -0.0295692 -0.143483 0.05 16499.2
0 9475 3 phononTF 0.002519 -2.39034 -1.19319 0.0422628 5776.08 0.00138972 1 -0.0590724 -0.213425 0.05 34052.3
0 9486 2 phononTF 0.0017888 1.87668 0.730213 -0.00615093 10037.5 0.00104229 1 0.0298954 -0.196777 0.05 12398.7
0 9502 2 phononTS 0.00169723 1.38382 1.74254 -0.0143358 73.2331 0.00104229 1 0.0656401 -0.124217 0.05 14098.4
0 9511 1 phononL 0.004 -2.41913 0.58486 -0.0270571 0 0.00243201 1 0.0285984 -0.234323 0.05 9121.55
0 9513 2 phononTF 0.00171033 2.41275 1.43492 0.0152692 3302.3 0.00104229 1 0.0689726 -0.130785 0.05 10014.1
0 9533 2 phononTF 0.000793474 -2.18342 -2.38223 0.00329019 6467 0.00069486 1 0.0551391 -0.228794 0.05 12550.2
0 9536 2 phononTF 0.00235037 0.154211 -0.365786 0.0499318 504.825 0.00104229 1 -0.0554085 -0.12867 0.05 5002.86
0 9547 9 phononTS 0.000430468 0.902407 0.0527414 0.049998 4327.78 0.00034743 1 -0.0732962 -0.170243 0.05 17022.5
0 9553 3 phononTS 0.00171554 -0.398698 -1.79621 0.0183462 2960.58 0.00104229 1 0.0222902 -0.173114 0.05 19625
0 9553 2 phononTF 0.00228446 -0.398698 -1.79621 0.0183462 2960.58 0.00069486 1 -0.0409772 -0.112318 0.05 5888.39
0 9554 3 phononTF 0.00171289 -1.26816 -2.08059 -0.0140896 3832.18 0.00104229 1 -0.094584 -0.200697 0.05 5797.28
0 9561 3 phononTF 0.00251166 2.07973 1.13465 0.017911 2103.61 0.00138972 1 -0.0563801 -0.26293 0.05 18124.4
0 9563 3 phononTS 0.00108792 2.38667 -0.00212866 0.049999 895.01 0.00034743 1 -0.0927538 -0.263055 0.05 13711.9
0 9606 1 phononTF 0.004 -0.18288 -1.67455 -0.0190979 0 0.00138972 1 -0.0713536 -0.213654 0.05 2539.48
0 9617 3 phononL 0.0015845 -0.0815176 -0.392244 -0.0195049 1241.11 0.00104229 1 -0.0618552 -0.172385 0.05 1514.12
0 9623 3 phononTF 0.00206565 -2.09801 -2.24705 0.019307 33.8011 0.00138972 1 -0.0818167 -0.153992 0.05 1423.78
0 9632 4 phononTS 0.0018799 -1.43524 -1.53056 -0.00674254 29235.3 0.00104229 1 0.0884103 -0.25431 0.05 31086.8
0 9632 12 phononTF 0.000500425 0.0884103 -0.25431 0.049999 31086.8 0.00034743 1 0.0541086 -0.123028 0.05 31160
0 9637 3 phononTS 0.0023279 -1.24347 -1.64821 -0.040903 1499.1 0.00104229 1 0.0764095 -0.182803 0.05 8082.92
0 9667 2 phononTS 0.0026995 0.227181 -1.90857 -0.0187817 1382.62 0.00173715 1 0.066448 -0.20081 0.05 2862.4
0 9690 4 phononTF 0.00116085 -2.15655 1.72429 0.0436104 3268.87 0.00069486 1 -0.0993735 -0.249215 0.05 6828.42
0 9698 2 phononL 0.00184066 2.17327 -1.6086 0.00893894 2.48342 0.00104229 1 -0.0533032 -0.190459 0.05 17171.5
0 9698 5 phononTF 0.000484695 -0.0533032 -0.190459 0.049999 17171.5 0.00034743 1 -0.0376976 -0.1149 0.05 17568.7
0 9716 2 phononTF 0.00189731 2.42633 2.48405 0.0373508 243.786 0.00104229 1 0.0575224 -0.22831 0.05 2594.12
0 9718 2 phononTF 0.00193578 0.451066 1.31282 0.0232485 885.679 0.00069486 1 0.103112 -0.237088 0.05 32656.5
0 9726 3 phononTF 0.00172322 2.34474 1.76461 -0.040119 2826.77 0.00138972 1 -0.074691 -0.190771 0.05 18828.8
0 9735 1 phononTF 0.004 -0.0286497 -0.290658 0.0176085 0 0.00208458 1 -0.0428286 -0.214773 0.05 66.9409
0 9735 2 phononTS 0.0010148 -0.0428286 -0.214773 0.049999 66.9409 0.00069486 1 0.0855909 -0.129117 0.05 9038.54
0 9757 2 phononL 0.00129973 -0.448439 1.13038 -0.0361172 3828.37 0.00069486 1 -0.0760428 -0.147126 0.05 18686.4
0 9761 1 phononTS 0.004 -2.11623 -2.46482 -0.0169523 0 0.00277944 1 -0.0796135 -0.267554 0.05 11408.8
0 9777 2 phononTF 0.00199607 0.389011 -0.278398 -0.0151541 3692.32 0.00069486 1 0.105133 -0.240695 0.05 22996.3
0 9782 1 phononTF 0.004 0.76945 0.675251 -0.0117321 0 0.00173715 1 -0.0735692 -0.132112 0.05 867.82
0 9785 5 phononTS 0.00077248 1.50005 -1.61914 0.0146914 21023.9 0.00034743 1 -0.0943279 -0.184064 0.05 25428.1
0 9785 4 phononTF 0.00149309 1.50005 -1.61914 0.0146914 21023.9 0.00069486 1 0.030708 -0.285544 0.05 24416.1
0 9787 1 phononTS 0.004 0.726905 -0.474853 0.0281974 0 0.00243201 1 0.0805424 -0.154354 0.05 8843.18
0 9790 1 phononTS 0.004 -0.186022 -0.617959 -0.031703 0 0.00243201 1 -0.0500034 -0.141165 0.05 1010.47
0 9801 2 phononTS 0.00153986 1.82039 1.36995 -0.0429122 3058.72 0.00104229 1 0.0316526 -0.243597 0.05 9907.98
0 9815 2 phononTS 0.00256219 0.735221 -0.0371337 0.0295741 2447.83 0.00173715 1 0.0497646 -0.181654 0.05 3788.05
0 9818 4 phononTF 0.000412269 0.151802 -0.0074692 0.049999 20704 0.00034743 1 0.0659095 -0.277176 0.05 21092.4
0 9836 3 phononTS 0.00280471 -0.000294353 -2.01484 -0.0350409 577.863 0.00173715 1 0.0457826 -0.151343 0.05 15136.3
0 9836 2 phononTF 0.00119529 -0.000294353 -2.01484 -0.0350409 577.863 0.00069486 1 -0.0253138 -0.215467 0.05 16487.5
0 9849 3 phononTS 0.00364759 1.0611 -0.328854 0.0201637 9994.92 0.00138972 1 -0.0290436 -0.203324 0.05 12242.6
0 9863 3 phononTS 0.00207638 -0.67194 -2.02537 0.0316766 3114.12 0.00138972 1 -0.116308 -0.181178 0.05 4207.29
0 9867 3 phononTS 0.00223788 0.580888 -1.04853 0.0474556 2725.94 0.00069486 1 0.0808427 -0.232017 0.05 14147
0 9878 4 phononTS 0.00255405 0.709781 -2.34287 0.049683 18334.5 0.00104229 1 -0.032443 -0.303209 0.05 31924.8
0 9880 3 phononTF 0.00208121 -1.08727 0.640847 -0.0477159 5167.61 0.00104229 1 -0.0547644 -0.200955 0.05 29736.1
0 9909 2 phononTS 0.00166893 -0.954263 1.19983 0.030854 17.9284 0.00104229 1 0.0403459 -0.12372 0.05 6046.85
0 9917 2 phononTF 0.00175366 1.09547 -1.4627 0.0312718 31.7989 0.00104229 1 0.0646362 -0.290976 0.05 2523.99
0 9962 6 phononTF 0.000376698 1.57467 0.101676 0.049999 4006.97 0.00034743 1 -0.0248222 -0.221606 0.05 35975.5
