Run ID,Event ID,Track ID,Particle Name,Start Energy [eV],Start X [mm],Start Y [mm],Start Z [mm],Start Time [ns],Energy Deposited [eV],Track Weight,End X [mm],End Y [mm],End Z [mm],Final Time [ns],Volume Name
0 22 1 phononTF 0.004 0.461024 -1.07968 0.0307773 0 0.00173715 1 -0.0962567 -0.178524 0.05 4632.6
0 45 1 phononTF 0.004 0.213638 -0.0482887 -0.0219316 0 0.00173715 1 -0.0468193 -0.251575 0.05 102.987
0 61 4 phononTS 0.00173032 -1.5543 1.58533 0.0117133 22180.1 0.00138972 1 -0.0596807 -0.217879 0.05 25582.1
0 100 3 phononTS 0.0026028 0.444762 1.01033 -0.00602652 8996.6 0.00104229 1 0.0686167 -0.180758 0.05 11221.1
0 110 1 phononL 0.004 -1.87517 -2.21996 0.0376298 0 0.00208458 1 -0.0884459 -0.22412 0.05 17019.6
0 111 2 phononTS 0.00109302 -0.578096 1.94368 0.0481494 5311.32 0.00034743 1 -0.0317145 -0.149749 0.05 18456.7
0 112 20 phononTS 0.000348414 -0.00992922 0.072953 0.049999 3504.29 0.00034743 1 -0.0169156 -0.221014 0.05 4152.86
0 125 2 phononTS 0.0026033 0.850351 1.89845 0.0298107 2575.77 0.00104229 1 -0.0896994 -0.175961 0.05 15968.6
0 126 3 phononTS 0.000999847 1.22548 -0.379091 -0.0150828 4252.34 0.00069486 1 0.0830928 -0.235721 0.05 44797.1
0 140 19 phononTS 0.000379604 -1.34458 0.027983 0.049999 5025.52 0.00034743 1 -0.103453 -0.166413 0.05 8088.01
0 154 1 phononTS 0.004 0.154779 -0.995744 0.0178068 0 0.00104229 1 0.09829 -0.141115 0.05 1587.74
0 163 3 phononTF 0.00261999 2.5741 -2.544 -0.032055 1365.11 0.00104229 1 -0.0865673 -0.224396 0.05 8509.05
0 163 6 phononTS 0.00043331 -0.0865673 -0.224396 0.049999 8509.05 0.00034743 1 -0.0692706 -0.23187 0.05 8612.62
0 174 3 phononTF 0.000811689 -0.514308 -0.958023 0.0399397 5699.11 0.00034743 1 -0.106212 -0.250299 0.05 14929
0 174 5 phononTS 0.000438675 -0.106212 -0.250299 0.049998 14929 0.00034743 1 -0.0612763 -0.158882 0.05 15096.6
0 205 4 phononTF 0.000463269 -1.88288 0.0579035 0.049999 1555.03 0.00034743 1 0.069651 -0.248144 0.05 4009.98
0 210 3 phononTS 0.00162094 -0.808957 -2.75679 -0.000523016 796.455 0.00069486 1 0.104772 -0.194806 0.05 5736.67
0 210 16 phononTF 0.000980943 -0.13337 0.071143 0.049999 18110 0.00034743 1 0.0382812 -0.202897 0.05 18308.2
0 306 2 phononTF 0.00169026 -1.26998 2.20393 0.0449464 5810.2 0.00104229 1 0.0357347 -0.175145 0.05 19007.5
0 312 5 phononTF 0.00143927 1.8255 -1.83138 0.0415864 44120.5 0.00034743 1 0.0577063 -0.297339 0.05 83078.7
0 325 1 phononTS 0.004 0.0294658 -1.32028 0.0165889 0 0.00104229 1 -0.0361257 -0.138628 0.05 4497.82
0 330 4 phononTF 0.00038197 2.22977 -0.00195213 0.049999 14834.6 0.00034743 1 0.0314699 -0.104837 0.05 16989.9
0 349 2 phononL 0.00196631 -1.29048 1.58877 -0.0492277 5452.26 0.00104229 1 0.0965042 -0.169107 0.05 46987.7
0 394 2 phononL 0.00297125 -1.88341 2.79612 0.0128584 13169.2 0.00138972 1 -0.0897468 -0.144798 0.05 37199.8
0 403 2 phononTF 0.00180976 0.989087 1.00364 -0.0424272 20605.9 0.00104229 1 -0.0345061 -0.0993369 0.05 21827.4
0 433 3 phononTS 0.00132693 -1.59993 -2.67322 0.00650135 9845.68 0.00034743 1 0.108213 -0.166025 0.05 27649.4
0 433 4 phononTS 0.000723852 0.108213 -0.166025 0.049998 27649.4 0.00034743 1 0.0677987 -0.216431 0.05 27725.2
0 444 1 phononTF 0.004 2.83942 -2.00989 0.0141694 0 0.00208458 1 0.0346338 -0.100813 0.05 10944.5
0 449 3 phononTS 0.00224922 2.04804 1.86621 -0.00775405 14368.3 0.00138972 1 0.0639611 -0.242449 0.05 21597.9
0 460 19 phononTF 0.0013812 -0.792301 2.27525 0.013982 6598.76 0.00034743 1 0.0675327 -0.203054 0.05 40378.7
0 480 5 phononL 0.000953264 0.20373 -2.62571 0.0312692 16235.8 0.00069486 1 0.116575 -0.174653 0.05 19785.1
0 485 8 phononTS 0.000475889 -0.0562556 0.0316335 0.049998 26996 0.00034743 1 -0.102208 -0.1925 0.05 27144.9
0 493 2 phononTS 0.00259978 2.88669 0.486985 0.0192019 1372.56 0.00069486 1 -0.0807645 -0.242883 0.05 27457.8
0 495 3 phononL 0.00119153 0.246476 -0.454417 -0.0453259 693.457 0.00069486 1 0.106926 -0.165254 0.05 860.215
0 523 3 phononTS 0.00146666 0.772791 2.04189 -0.0382173 1217.83 0.00069486 1 -0.0155502 -0.22785 0.05 14537
0 536 2 phononTF 0.00200546 0.353899 0.815058 -0.0187317 8259.54 0.00138972 1 0.062154 -0.156018 0.05 19555.5
0 546 2 phononTS 0.00124064 -0.254955 0.0698532 0.049999 5278.49 0.00034743 1 -0.0272584 -0.21587 0.05 5526.96
0 559 3 phononTF 0.00127992 -0.167532 2.17061 0.0294486 4309.43 0.00034743 1 -0.100893 -0.19746 0.05 20077.9
0 580 2 phononTS 0.00216826 -1.77082 2.58909 -0.0338491 7072.78 0.00069486 1 -0.0470794 -0.231145 0.05 26741.8
0 580 16 phononTS 0.000734621 -0.0470794 -0.231145 0.049998 26741.8 0.00034743 1 0.0851115 -0.134097 0.05 26902.1
0 582 17 phononTF 0.000390486 2.01894 0.0927279 0.049998 15913.7 0.00034743 1 0.0542578 -0.122953 0.05 19204.7
0 608 2 phononTS 0.00156578 -0.734515 -1.29604 0.0329713 3.54703 0.00069486 1 -0.0243342 -0.275919 0.05 2883.16
0 613 3 phononTS 0.00237551 -1.01419 -1.19974 0.00518417 1381.88 0.00069486 1 0.102162 -0.178301 0.05 6149.57
0 614 3 phononTS 0.0031699 0.0108257 -1.61836 -0.00275081 19.5729 0.00173715 1 -0.0390915 -0.160498 0.05 5120.86
0 629 1 phononTS 0.004 -1.99767 0.0221966 -0.0193514 0 0.00138972 1 0.0182589 -0.24296 0.05 3577.42
0 629 4 phononTF 0.00067727 0.0182589 -0.24296 0.049999 3577.42 0.00034743 1 0.041799 -0.241074 0.05 3637.55
0 638 1 phononTS 0.004 0.356801 -0.406066 -0.0362403 0 0.00173715 1 0.0397269 -0.112972 0.05 1353.74
0 690 3 phononTF 0.00171561 1.01446 2.04974 -0.0103772 1274.27 0.00104229 1 -0.0865031 -0.175279 0.05 20434.6
0 737 1 phononTS 0.004 -0.380572 1.03733 0.00827907 0 0.00173715 1 0.117542 -0.216297 0.05 9145.32
0 741 10 phononTF 0.000376186 0.758547 0.0518495 0.049998 11068.8 0.00034743 1 0.0847416 -0.279573 0.05 17749.4
0 767 3 phononTS 0.00301609 -0.732831 -0.936182 0.0136065 730.217 0.00138972 1 -0.0233861 -0.180112 0.05 2915.98
0 775 4 phononTS 0.000913806 -1.67795 0.0405426 0.049998 10698.4 0.00069486 1 0.0788736 -0.215846 0.05 12122.6
0 792 4 phononTF 0.000913419 0.914053 0.0543823 0.049999 4943.83 0.00069486 1 -0.0881535 -0.154495 0.05 22499.7
0 817 1 phononTS 0.004 -0.173635 -0.634156 0.00436153 0 0.00173715 1 0.0514465 -0.220173 0.05 1402.81
0 817 4 phononTS 0.000616027 0.0514465 -0.220173 0.049999 1402.81 0.00034743 1 -0.0777308 -0.162324 0.05 1495.76
0 857 3 phononTS 0.00273681 2.34987 -2.49016 -0.0451963 6510.78 0.00138972 1 0.0240081 -0.194565 0.05 14475.8
0 880 4 phononTS 0.000467228 -0.0853655 0.0300335 0.049999 5997.12 0.00034743 1 0.0899544 -0.168658 0.05 6671.56
0 887 18 phononTF 0.00039552 -0.28429 0.000313592 0.049998 22340.1 0.00034743 1 0.0898773 -0.23291 0.05 22977.6
0 900 5 phononTS 0.000363341 -0.312829 0.0829919 0.049999 14519.2 0.00034743 1 0.0359595 -0.291837 0.05 16902.7
0 913 4 phononL 0.000647121 0.0979272 0.0497318 0.049999 3584.08 0.00034743 1 0.0373665 -0.163963 0.05 3642.53
0 933 3 phononL 0.00169206 -2.12939 -2.42558 -0.0334619 3503.12 0.00034743 1 -0.0211457 -0.260865 0.05 5746.13
0 933 2 phononTF 0.00230794 -2.12939 -2.42558 -0.0334619 3503.12 0.00104229 1 0.0787319 -0.167993 0.05 20888.6
0 939 2 phononTS 0.00239487 -2.42451 -1.71334 0.0323178 1168.58 0.00138972 1 0.0306931 -0.0985985 0.05 19071.9
0 943 1 phononTF 0.004 0.414934 -0.604417 0.0277503 0 0.00104229 1 0.0494778 -0.154551 0.05 670.284
0 943 3 phononTS 0.000847227 0.0494778 -0.154551 0.049999 670.284 0.00034743 1 0.0599661 -0.192649 0.05 855.791
0 958 2 phononTF 0.00149451 2.30776 -0.894934 0.0312854 1932.35 0.00034743 1 -0.0882112 -0.178576 0.05 18404.2
0 959 4 phononTF 0.00110623 0.736472 0.0531936 0.049999 11304.5 0.00034743 1 -0.0744917 -0.131877 0.05 11662.2
0 959 27 phononTS 0.000468941 0.699547 -0.00298965 0.049999 11820.4 0.00034743 1 -0.0648941 -0.275715 0.05 14336.6
0 1005 3 phononTS 0.00202342 -2.56872 0.744848 0.0462218 5186.46 0.00104229 1 -0.0501836 -0.14856 0.05 7313.48
0 1048 2 phononTS 0.00199467 0.548635 -0.65904 -0.0451662 9576.4 0.00104229 1 0.0208816 -0.158104 0.05 13829.2
0 1054 2 phononL 0.00200817 1.48987 2.0179 0.00367059 4536.91 0.00104229 1 0.0380769 -0.285232 0.05 5863.74
0 1069 8 phononTF 0.000385864 -0.801095 0.065277 0.049999 4845.78 0.00034743 1 0.0603367 -0.193451 0.05 6018.62
0 1077 2 phononTS 0.00183396 1.44734 0.491697 -0.0277794 2030.18 0.00104229 1 0.0183612 -0.182659 0.05 32056.2
0 1079 3 phononTS 0.00226529 -0.421174 -2.53676 -0.0386625 1641.22 0.00138972 1 0.0894155 -0.259066 0.05 3706.67
0 1093 1 phononTS 0.004 -0.189095 -0.977629 -0.0360403 0 0.00138972 1 0.0696053 -0.258164 0.05 4752.13
0 1104 2 phononTF 0.00196476 1.22221 -1.57021 -0.0385238 2278.41 0.00138972 1 -0.0133553 -0.190255 0.05 3954.79
0 1113 10 phononTF 0.000357443 -0.105096 0.0174468 0.049999 17902.8 0.00034743 1 -0.0945985 -0.21186 0.05 18090.9
0 1114 24 phononTS 0.000355619 1.66278 -0.00284839 0.049999 21873.1 0.00034743 1 -0.0334307 -0.255296 0.05 22422.1
0 1123 3 phononTS 0.00282073 1.2514 -0.749695 0.011327 5323.75 0.00104229 1 -0.0575573 -0.182436 0.05 16960.5
0 1124 2 phononTS 0.00268814 2.46661 -2.75398 0.010439 65.0818 0.00138972 1 -0.0661522 -0.274799 0.05 6855.37
0 1140 3 phononL 0.00312418 0.160203 -2.7195 0.00961392 3549.51 0.00138972 1 -0.0540332 -0.289184 0.05 26052.1
0 1140 7 phononTS 0.000563753 -0.0540332 -0.289184 0.049999 26052.1 0.00034743 1 0.0502706 -0.280491 0.05 26160.7
0 1144 3 phononTF 0.00164902 -0.139837 -0.766546 -0.0362876 2494.27 0.00069486 1 -0.0381339 -0.256202 0.05 3852.38
0 1144 4 phononTS 0.000525861 -0.0381339 -0.256202 0.049998 3852.38 0.00034743 1 -0.0538852 -0.269587 0.05 3912.19
0 1165 2 phononTS 0.00222829 -2.06387 2.18453 0.0189822 366.791 0.00138972 1 0.0403823 -0.107051 0.05 17272
0 1169 2 phononTF 0.00260674 0.327352 -1.51998 0.00802986 11565.1 0.00069486 1 0.0857169 -0.249629 0.05 12297.7
0 1169 16 phononTS 0.000862893 0.0857169 -0.249629 0.049999 12297.7 0.00034743 1 0.11916 -0.188642 0.05 17198.5
0 1174 3 phononTF 0.00206448 -1.15431 1.53524 0.0186402 1913.13 0.00104229 1 0.0436758 -0.195534 0.05 18607
0 1177 2 phononTF 0.00129712 0.320977 -0.571388 0.0179334 1408.79 0.00069486 1 0.0262755 -0.185607 0.05 36878.3
0 1188 4 phononTF 0.00171082 -0.578954 1.12899 -0.00971242 10944.7 0.00034743 1 -0.0321667 -0.164504 0.05 27577.9
0 1188 16 phononTF 0.00120652 -0.0321667 -0.164504 0.049999 27577.9 0.00034743 1 -0.0372365 -0.290784 0.05 28059
0 1197 1 phononTS 0.004 -0.146106 -0.248261 -0.0224897 0 0.00208458 1 0.0594377 -0.202369 0.05 542.498
0 1217 2 phononTF 0.00119471 -2.3494 1.87709 0.0331303 3000.42 0.00069486 1 -0.0896262 -0.175039 0.05 15073.6
0 1269 16 phononTF 0.00040142 1.46801 0.059576 0.049999 35666.9 0.00034743 1 -0.0216188 -0.236821 0.05 36637.4
0 1273 3 phononTS 0.00249819 -0.0181821 -0.502329 -0.0210628 292.461 0.00034743 1 -0.0574561 -0.18533 0.05 551.45
0 1273 13 phononTS 0.000562927 -1.31157 0.068977 0.049999 6094.93 0.00034743 1 0.102215 -0.212849 0.05 10307.2
0 1274 1 phononTS 0.004 0.0816975 -0.758578 0.0172693 0 0.00173715 1 0.056592 -0.243485 0.05 2339.64
0 1332 2 phononTS 0.00122092 -0.855162 -0.438632 0.0448093 17345.8 0.00034743 1 0.0156657 -0.170933 0.05 18561.7
0 1363 2 phononTF 0.00159917 -0.726295 1.91252 -0.0142171 12107.5 0.00069486 1 -0.0967344 -0.156208 0.05 22168
0 1365 3 phononTS 0.00207113 -2.17572 -1.06985 -0.0397346 533.741 0.00104229 1 -0.0161535 -0.160307 0.05 10521.1
0 1378 16 phononTF 0.00113292 -1.18532 -0.267321 0.0187451 10185.9 0.00034743 1 -0.0432964 -0.272727 0.05 10808.5
0 1378 19 phononTS 0.000470892 -0.0432964 -0.272727 0.049999 10808.5 0.00034743 1 -0.0563322 -0.294735 0.05 10869.8
0 1395 7 phononTS 0.000852741 -0.0992368 -0.00301701 0.049999 13460.6 0.00034743 1 -0.0448504 -0.226059 0.05 13649
0 1411 3 phononTS 0.00136258 2.5175 -0.909763 -0.011249 3404.71 0.00034743 1 0.0948381 -0.252044 0.05 14872.6
0 1419 1 phononTF 0.004 0.846327 -0.596161 -0.0072313 0 0.00173715 1 -0.104649 -0.253123 0.05 2223.35
0 1419 7 phononTF 0.000348841 -0.104649 -0.253123 0.049999 2223.35 0.00034743 1 -0.0383638 -0.139303 0.05 2299.44
0 1430 2 phononTS 0.00230957 -0.648047 2.13636 -0.034891 3822.85 0.00069486 1 0.0517418 -0.247646 0.05 10467.3
0 1461 2 phononTS 0.000696977 -1.02701 -0.471535 0.00981694 2554.88 0.00034743 1 0.112225 -0.2351 0.05 27153.2
0 1488 2 phononTS 0.00235034 -2.1988 -0.935878 0.00295116 7824.11 0.00104229 1 -0.0365162 -0.222541 0.05 18056.2
0 1488 23 phononL 0.000582912 -0.0365162 -0.222541 0.049999 18056.2 0.00034743 1 0.0706757 -0.142232 0.05 18107.7
0 1499 3 phononTF 0.00260569 -0.813192 -2.49052 -0.0484788 1805.91 0.00069486 1 -0.0929643 -0.257023 0.05 5373.23
0 1502 3 phononTS 0.000388571 -2.17144 0.0956746 0.049999 36.9676 0.00034743 1 0.0957563 -0.266604 0.05 26888
0 1513 4 phononTS 0.00128037 2.84389 2.01779 -0.0262685 6627.2 0.00034743 1 -0.108759 -0.228017 0.05 9741.46
0 1513 16 phononTS 0.00062664 -0.108759 -0.228017 0.049999 9741.46 0.00034743 1 -0.074199 -0.201643 0.05 9803.89
0 1516 3 phononTS 0.00234535 0.755381 -0.245046 -0.0110878 2272.29 0.00138972 1 -0.0658451 -0.147968 0.05 23148.6
0 1522 3 phononL 0.00156785 1.22931 1.90917 -0.00557838 146.043 0.00069486 1 0.0223037 -0.167925 0.05 37110.8
0 1543 4 phononTS 0.00168709 -1.80906 -2.83913 -0.00543516 5256.52 0.00069486 1 -0.0426853 -0.179955 0.05 10004.3
0 1551 2 phononTF 0.00125451 -1.72771 -0.346049 0.00265851 54.6062 0.00069486 1 -0.0151057 -0.220549 0.05 14309
0 1564 2 phononTS 0.000810744 2.54983 -2.77265 -0.0389473 8515.98 0.00034743 1 0.0474653 -0.143332 0.05 18287.2
0 1573 3 phononL 0.00164778 -1.05167 -2.01741 -0.00412897 521.053 0.00104229 1 -0.0737823 -0.249143 0.05 36017.8
0 1575 4 phononTS 0.000679234 0.190352 0.0207668 0.049998 13545.6 0.00034743 1 0.0225324 -0.20683 0.05 13751.6
0 1588 1 phononTF 0.004 -1.05224 -1.94661 0.0153891 0 0.00208458 1 -0.07134 -0.120966 0.05 11291.2
0 1588 9 phononL 0.000427828 -0.07134 -0.120966 0.049999 11291.2 0.00034743 1 -0.0638521 -0.180297 0.05 11350.6
0 1594 1 phononL 0.004 -0.803478 -1.3319 -0.0138942 0 0.00104229 1 0.0476735 -0.130147 0.05 4732.69
0 1619 2 phononTS 0.00157083 1.20663 1.73517 0.0473884 1495.51 0.00034743 1 -0.0268521 -0.118056 0.05 6795.63
0 1657 3 phononTS 0.00166762 2.40018 -2.59895 0.0268187 6630.28 0.00104229 1 0.034015 -0.270981 0.05 9754.61
0 1685 19 phononTS 0.000520957 1.78472 2.70149 0.00717536 23913.5 0.00034743 1 -0.0152272 -0.203478 0.05 31081.1
0 1706 2 phononTS 0.00174946 -0.507406 -2.83312 -0.0255843 7432.6 0.00104229 1 -0.0744583 -0.226913 0.05 10835.9
0 1752 2 phononTS 0.00199242 1.12029 -1.74674 -0.0265153 10793.1 0.00034743 1 -0.0490445 -0.111008 0.05 25117
0 1752 18 phononTS 0.00154329 -0.0490445 -0.111008 0.049999 25117 0.00069486 1 -0.0706084 -0.150368 0.05 25185
0 1753 3 phononL 0.00242012 -2.17524 -0.87167 0.0454664 9886.69 0.00104229 1 -0.0298166 -0.260923 0.05 29458.5
0 1753 4 phononTF 0.000386491 -0.0298166 -0.260923 0.049998 29458.5 0.00034743 1 -0.0317553 -0.263523 0.05 29517.9
0 1760 3 phononTS 0.00116591 0.857702 2.45035 0.0275354 9938.15 0.00069486 1 0.0442424 -0.199016 0.05 37665.5
0 1776 5 phononL 0.00122945 -0.301637 -0.289791 -0.0360922 314.365 0.00069486 1 0.038022 -0.138007 0.05 991.408
0 1851 1 phononTF 0.004 -0.630734 -0.599062 -0.0019267 0 0.00138972 1 -0.0317311 -0.109129 0.05 765.107
0 1851 12 phononTS 0.000501834 -0.0317311 -0.109129 0.049999 765.107 0.00034743 1 -0.0211725 -0.248149 0.05 1017.76
0 1851 5 phononTS 0.000739839 -0.0317311 -0.109129 0.049999 765.107 0.00034743 1 -0.0391706 -0.197967 0.05 1723.15
0 1851 4 phononTS 0.00095272 -0.0317311 -0.109129 0.049999 765.107 0.00069486 1 -0.0291741 -0.245491 0.05 852.305
0 1858 5 phononTF 0.00201464 -2.64413 2.21567 -0.00638522 7331.57 0.00138972 1 -0.055015 -0.147768 0.05 16836.1
0 1884 3 phononTS 0.00225387 -1.88519 -1.97098 -0.00406063 739.059 0.00069486 1 0.0933565 -0.242235 0.05 3343.59
0 1885 6 phononTS 0.000417417 2.49849 0.0916543 0.049999 3934.78 0.00034743 1 0.0637462 -0.276697 0.05 10376.1
0 1886 2 phononTS 0.00174095 -2.20092 -0.438706 0.0325005 2364.25 0.00069486 1 -0.0257579 -0.221684 0.05 15712
0 1886 4 phononTS 0.00045215 -0.0257579 -0.221684 0.049999 15712 0.00034743 1 -0.021941 -0.222884 0.05 15769.5
0 1891 1 phononL 0.004 -0.593702 -1.64583 0.0390332 0 0.00138972 1 -0.0558675 -0.119094 0.05 4911.94
0 1903 3 phononL 0.00180275 -1.05934 -2.26956 -0.040907 4777.89 0.00069486 1 0.0382674 -0.152162 0.05 49742.3
0 1905 1 phononTS 0.004 -0.24231 -0.619286 0.0182889 0 0.00208458 1 -0.0807342 -0.256741 0.05 1695.25
0 1948 3 phononTS 0.00229641 -2.54455 0.824213 -0.00993465 159.504 0.00069486 1 0.0719616 -0.150105 0.05 3892.84
0 1948 4 phononTS 0.000695186 0.0719616 -0.150105 0.049999 3892.84 0.00034743 1 -0.040903 -0.213458 0.05 4042.57
0 1965 6 phononL 0.00075057 0.217862 -0.000756553 0.049999 3207.65 0.00034743 1 -0.0744581 -0.254015 0.05 3628.77
0 1986 3 phononTS 0.00125169 2.52162 1.20878 -0.0464138 150.995 0.00069486 1 -0.101528 -0.173424 0.05 2541.66
0 2009 1 phononTS 0.004 0.273187 2.286 0.00456161 0 0.00138972 1 -0.0519267 -0.145094 0.05 7680.5
0 2015 13 phononTS 0.00155449 -0.19634 -0.99519 -0.011292 7635.64 0.00069486 1 0.11613 -0.189391 0.05 8370.46
0 2015 12 phononTS 0.00109572 -0.19634 -0.99519 -0.011292 7635.64 0.00034743 1 -0.0362353 -0.153866 0.05 22960.2
0 2046 5 phononL 0.00117752 2.77064 -1.90238 0.0420549 5781.55 0.00069486 1 -0.0120109 -0.180758 0.05 17729
0 2049 4 phononTS 0.00126666 1.4023 0.707242 -0.0204353 6061.6 0.00034743 1 0.0744666 -0.257095 0.05 25485
0 2083 3 phononTS 0.00192859 -1.09352 -1.85051 -0.0220418 5642.17 0.00034743 1 -0.0274303 -0.119527 0.05 23208.7
0 2110 1 phononTF 0.004 -0.50115 -0.180798 0.01222 0 0.00173715 1 0.0766283 -0.215673 0.05 1028.55
0 2110 5 phononTF 0.000682601 0.0766283 -0.215673 0.049999 1028.55 0.00034743 1 0.0281671 -0.188701 0.05 1088.8
0 2177 10 phononTS 0.000388264 -0.108638 0.0404916 0.049999 5.05046 0.00034743 1 0.0317438 -0.176269 0.05 483.598
0 2189 2 phononTF 0.00125355 -1.65752 1.85093 0.0381351 792.89 0.00069486 1 0.0491528 -0.302295 0.05 6602.46
0 2191 2 phononTF 0.00198854 -1.283 -2.73664 -0.0189603 4621.67 0.00138972 1 0.0725973 -0.284577 0.05 28697.6
0 2213 4 phononTS 0.000655101 -0.238572 0.00120455 0.049999 5358.42 0.00034743 1 0.0350794 -0.0954599 0.05 29361.8
0 2251 2 phononTS 0.00247605 -0.000388906 -2.5893 -0.0209417 6667.05 0.00138972 1 0.0562689 -0.292691 0.05 11625.2
0 2256 12 phononTF 0.000432415 -0.0378552 -0.00228793 0.049999 42058.9 0.00034743 1 0.0209954 -0.245726 0.05 42263.1
0 2256 2 phononTF 0.00086103 0.839593 2.62686 0.00488917 2358.5 0.00069486 1 -0.0560566 -0.284301 0.05 7282.85
0 2309 13 phononTS 0.0005964 -1.405 0.0895613 0.049999 2691.13 0.00034743 1 -0.0505977 -0.273189 0.05 9817.24
0 2324 4 phononL 0.000467112 0.374841 0.0491675 0.049999 1551.76 0.00034743 1 0.0482551 -0.161205 0.05 1844.42
0 2328 2 phononL 0.00123284 -2.62179 -0.212272 0.0205569 84.6741 0.00069486 1 0.0563085 -0.193843 0.05 26693.8
0 2338 5 phononTF 0.000471883 -0.418024 2.52615 -8.77067e-05 8760.09 0.00034743 1 -0.0648083 -0.285872 0.05 21857.8
0 2364 1 phononTS 0.004 1.04988 0.161404 -0.0268281 0 0.00138972 1 -0.0298424 -0.215053 0.05 1498.89
0 2364 10 phononTF 0.000900279 -0.0298424 -0.215053 0.049998 1498.89 0.00034743 1 -0.0687871 -0.199971 0.05 1565.11
0 2367 3 phononTS 0.00196537 1.8206 1.90212 -0.0286259 4147.9 0.00104229 1 -0.0758201 -0.205707 0.05 12433.7
0 2420 1 phononL 0.004 -0.0403462 0.0471282 -0.0299004 0 0.00138972 1 -0.0841638 -0.159404 0.05 290.55
0 2422 24 phononTF 0.000767995 1.25958 0.100989 0.049999 12659.9 0.00034743 1 -0.0890024 -0.176062 0.05 14655.1
0 2441 1 phononTS 0.004 0.346076 -0.497892 -0.00814449 0 0.00138972 1 -0.0715502 -0.221658 0.05 335.616
0 2451 2 phononL 0.00188579 -0.593341 1.3895 -0.0166163 4151.67 0.00104229 1 0.0223902 -0.222763 0.05 12062
0 2453 4 phononTS 0.00119614 0.241185 -0.00358691 0.049999 33655.7 0.00069486 1 0.110942 -0.196891 0.05 34104.3
0 2462 1 phononTF 0.004 -1.66124 2.27938 0.00418869 0 0.00138972 1 -0.0717385 -0.190834 0.05 9055
0 2477 2 phononL 0.00211134 -1.78888 -0.384245 -0.0177853 3.63696 0.00104229 1 0.101149 -0.221908 0.05 6097.96
0 2484 3 phononTF 0.00165224 0.214385 1.07976 0.00537414 3338.32 0.00034743 1 -0.100687 -0.253663 0.05 4836.74
0 2484 5 phononTF 0.000444424 -0.100687 -0.253663 0.049999 4836.74 0.00034743 1 0.0221472 -0.161657 0.05 4967.09
0 2488 2 phononTS 0.000475489 -0.359164 0.00870662 0.049999 3911.34 0.00034743 1 0.0353443 -0.123565 0.05 4135.53
0 2495 5 phononL 0.000866762 -0.144996 -0.238646 -0.0315295 43591 0.00069486 1 0.068739 -0.138041 0.05 45752.8
0 2535 5 phononTS 0.000399693 -0.10055 0.0884653 0.049999 23436.7 0.00034743 1 -0.0638271 -0.131254 0.05 23979.6
0 2582 6 phononTS 0.000458218 -0.186364 0.105239 0.049999 1256.36 0.00034743 1 -0.0707326 -0.15178 0.05 1853.26
0 2584 3 phononTS 0.00207794 1.64442 -1.92667 0.0465517 11763.7 0.00138972 1 0.112889 -0.211136 0.05 20855.3
0 2587 4 phononTF 0.0013194 2.71893 -0.753357 0.0374486 3753.42 0.00069486 1 0.0702944 -0.164373 0.05 17329.9
0 2642 2 phononTS 0.000808263 -0.364381 -0.00348897 0.049999 2329.88 0.00034743 1 0.0818513 -0.165567 0.05 2667.1
0 2654 2 phononL 0.00267743 -1.00061 -2.37549 0.0116829 989.929 0.00104229 1 0.114995 -0.233614 0.05 16693.8
0 2678 1 phononTF 0.004 0.0858904 -1.37363 -0.0392956 0 0.00208458 1 0.0693307 -0.144832 0.05 3736.88
0 2678 2 phononTS 0.000604807 0.0693307 -0.144832 0.049999 3736.88 0.00034743 1 0.0496227 -0.182064 0.05 3861.08
0 2694 2 phononTS 0.00276919 1.8153 1.59832 -0.0383713 648.012 0.00138972 1 0.0954105 -0.263853 0.05 5935.18
0 2710 3 phononTS 0.0023026 -0.440853 1.29016 0.041847 19670.1 0.00104229 1 0.0692026 -0.261536 0.05 43882
0 2723 17 phononTF 0.000765549 2.38592 -2.68331 -0.0301728 32546.1 0.00034743 1 0.0601084 -0.162571 0.05 40438.3
0 2739 3 phononTS 0.00187761 0.365564 -0.781162 0.0444592 8463.31 0.00069486 1 0.0224377 -0.138161 0.05 9226.12
0 2743 4 phononTS 0.00110787 0.0554992 0.0592838 0.049999 12416.9 0.00069486 1 0.0713215 -0.139313 0.05 12676
0 2749 2 phononL 0.00159881 1.39091 -2.49015 -0.00509296 287.375 0.00069486 1 -0.102784 -0.189926 0.05 20103.7
0 2750 3 phononTS 0.00226197 1.5793 -1.21453 0.00950342 13.7571 0.00069486 1 -0.0482645 -0.239451 0.05 6218.81
0 2750 6 phononTF 0.000439743 -0.0482645 -0.239451 0.049999 6218.81 0.00034743 1 -0.0385842 -0.149037 0.05 29646.9
0 2770 2 phononTS 0.000659954 -0.743237 -0.932873 0.0385106 34.3056 0.00034743 1 -0.0517279 -0.208426 0.05 9413.9
0 2780 9 phononTS 0.000521067 1.07413 0.0147793 0.049999 178.066 0.00034743 1 -0.0457467 -0.186455 0.05 5401.62
0 2781 3 phononTS 0.00179556 -0.349529 2.63145 -0.0271291 1093.53 0.00104229 1 -0.0857454 -0.172224 0.05 43267.8
0 2783 3 phononTS 0.00140896 -0.329775 1.81897 -0.0368722 2768.17 0.00069486 1 -0.0829715 -0.152296 0.05 21326.1
0 2786 2 phononTS 0.00171517 -1.2588 0.876375 0.00705905 17623.6 0.00034743 1 -0.0724119 -0.247598 0.05 23140.6
0 2786 4 phononTF 0.000873846 -0.0724119 -0.247598 0.049999 23140.6 0.00069486 1 -0.0727953 -0.249183 0.05 23212.7
0 2802 1 phononTS 0.004 0.206155 0.00508449 -0.0115801 0 0.00243201 1 -0.0463071 -0.0987922 0.05 149.728
0 2805 25 phononTF 0.000459449 -0.426238 0.100709 0.049999 15774.3 0.00034743 1 -0.0143729 -0.209778 0.05 16509
0 2840 3 phononTS 0.00209328 1.262 0.763414 -0.0177453 5757.89 0.00069486 1 0.0662099 -0.190241 0.05 21312.8
0 2851 3 phononTS 0.00214125 0.208534 -0.636237 0.0419126 2878.27 0.00034743 1 0.0649634 -0.259082 0.05 6602.09
0 2851 6 phononTF 0.00145684 0.0649634 -0.259082 0.049999 6602.09 0.00069486 1 0.062306 -0.108358 0.05 6676.65
0 2874 4 phononTS 0.000493019 -0.392643 0.0620634 0.049998 14984.9 0.00034743 1 -0.0729684 -0.288274 0.05 15736
0 2889 3 phononL 0.00261312 -0.840886 2.56744 0.041439 24935.3 0.00138972 1 0.0295413 -0.18813 0.05 36703.8
0 2922 2 phononTS 0.00227921 -2.81685 -0.736347 0.0175458 10879.8 0.00138972 1 0.0938634 -0.236172 0.05 52860.1
0 2929 4 phononTF 0.00151533 -1.54717 2.15347 -0.0159214 8697.46 0.00069486 1 0.118898 -0.210189 0.05 28187.3
0 2943 3 phononTS 0.00179987 -1.80951 -1.04514 0.0421938 1524.26 0.00104229 1 0.111476 -0.185419 0.05 3984.26
0 2948 1 phononTS 0.004 1.42342 1.2378 -0.00531427 0 0.00138972 1 0.0593511 -0.152999 0.05 6022.52
0 2955 3 phononTF 0.00283285 0.345191 -0.8888 -0.0454666 3476.64 0.00173715 1 -0.0658933 -0.129703 0.05 5379.06
0 2981 17 phononTS 0.000693514 0.254552 0.0417585 0.049998 333.877 0.00034743 1 0.0923593 -0.150444 0.05 7934.46
0 2982 2 phononTS 0.00105836 0.0919555 0.0681555 0.049999 8135.55 0.00034743 1 0.0760673 -0.224709 0.05 8533.68
0 2994 2 phononTF 0.000762214 1.05211 0.0630126 0.049999 1625.71 0.00034743 1 0.0794467 -0.228806 0.05 5130.45
0 3014 1 phononTS 0.004 -0.765278 -1.40603 0.0358943 0 0.00069486 1 -0.0824584 -0.191416 0.05 3519.87
0 3023 2 phononTS 0.00173316 -0.0758191 -1.65396 -0.00872365 10228.5 0.00069486 1 0.0413742 -0.120731 0.05 13134.2
0 3030 5 phononTS 0.00204166 -0.995268 -0.903771 -0.0442269 8957.86 0.00069486 1 -0.0380689 -0.302109 0.05 16800.6
0 3030 10 phononTS 0.000534118 -0.0380689 -0.302109 0.049999 16800.6 0.00034743 1 -0.0506508 -0.287528 0.05 17504.6
0 3031 5 phononTF 0.00141577 1.23947 0.614341 -0.033048 12713.3 0.00069486 1 -0.0874094 -0.24767 0.05 22701
0 3050 1 phononL 0.004 0.107866 -0.298252 0.0270852 0 0.00208458 1 0.0459978 -0.263547 0.05 629.425
0 3053 2 phononL 0.0018744 2.1446 0.920849 0.00944108 2339.22 0.00104229 1 -0.0915972 -0.204607 0.05 55757.5
0 3072 2 phononTS 0.00112294 -1.01992 -1.36157 0.0402423 10059.1 0.00069486 1 0.0650488 -0.278183 0.05 14897.9
0 3082 3 phononTF 0.00296516 2.36854 2.42137 -0.0398821 7599.74 0.00104229 1 0.0316957 -0.13583 0.05 11250.1
0 3082 4 phononL 0.000354461 0.0316957 -0.13583 0.049999 11250.1 0.00034743 1 0.0476381 -0.145222 0.05 11294
0 3089 2 phononTS 0.00185939 -1.31257 1.1322 0.0285689 2321.93 0.00069486 1 -0.115787 -0.192578 0.05 27516.1
0 3089 8 phononTF 0.000507895 -0.115787 -0.192578 0.049999 27516.1 0.00034743 1 -0.0671853 -0.198705 0.05 27574.6
0 3118 2 phononTF 0.00190502 -1.74272 1.18236 0.0327916 2659.38 0.00069486 1 -0.0864497 -0.14068 0.05 8610.42
0 3147 3 phononTS 0.00221187 1.37396 -1.95766 -0.00132879 3767.61 0.00104229 1 -0.0374366 -0.21456 0.05 22819
0 3153 2 phononTF 0.00126146 1.59834 -2.6567 -0.0356381 330.906 0.00069486 1 0.0993806 -0.236815 0.05 22805.8
0 3230 2 phononTF 0.00166683 0.730334 -2.59853 0.0146183 3547.62 0.00069486 1 -0.0748535 -0.256429 0.05 8840.14
0 3233 3 phononTS 0.00186413 0.625393 1.58236 -0.00791438 17624.3 0.00104229 1 -0.0780641 -0.259512 0.05 24770.3
0 3244 4 phononL 0.00224318 -2.77125 -0.289473 -0.0160709 2324.03 0.00104229 1 -0.0329602 -0.241922 0.05 8854.54
0 3257 1 phononTS 0.004 0.215924 -0.73817 -0.00110758 0 0.00208458 1 0.0505671 -0.296722 0.05 4399.91
0 3257 17 phononTS 0.000450209 0.0505671 -0.296722 0.049999 4399.91 0.00034743 1 -0.0642313 -0.200349 0.05 6859.83
0 3266 4 phononTS 0.000511667 -1.08915 0.0856106 0.049999 2230.82 0.00034743 1 -0.0321164 -0.228202 0.05 5811.43
0 3280 5 phononTS 0.00083559 2.82943 0.0614025 0.049999 25666.7 0.00034743 1 -0.0861044 -0.238481 0.05 29870
0 3288 1 phononTS 0.004 0.271134 -0.482241 0.00882637 0 0.00173715 1 0.0897049 -0.170438 0.05 763.589
0 3342 10 phononTS 0.000381625 0.358981 0.016969 0.049999 13208.4 0.00034743 1 0.0694781 -0.167869 0.05 16625.9
0 3353 2 phononTF 0.00254719 2.62632 -2.34625 0.0356016 12412 0.00138972 1 0.0688864 -0.114034 0.05 49578.4
0 3408 1 phononTF 0.004 -0.938221 -1.9138 0.00707796 0 0.00173715 1 -0.0465305 -0.277571 0.05 2741.15
0 3413 2 phononTS 0.00184695 1.69285 -2.17224 -0.0424426 4753.56 0.00034743 1 -0.0392382 -0.101325 0.05 15378.5
0 3413 18 phononTS 0.000501152 -0.0392382 -0.101325 0.049999 15378.5 0.00034743 1 0.0109197 -0.194079 0.05 15459
0 3426 2 phononL 0.00233896 2.27833 0.987042 -0.0099633 11011.5 0.00104229 1 -0.0572052 -0.110416 0.05 15907.8
0 3475 2 phononTF 0.00157042 -2.6675 -1.54537 -0.0229221 5249.97 0.00069486 1 -0.0689034 -0.264913 0.05 28382.3
0 3484 3 phononTF 0.00279254 0.0645394 -1.62639 -0.0297651 1442.58 0.00138972 1 -0.0840279 -0.260465 0.05 3662.1
0 3487 2 phononTS 0.00127784 0.0830928 0.977666 -0.0322107 8757.18 0.00069486 1 -0.0403367 -0.200288 0.05 9380.76
0 3538 2 phononL 0.00113383 -0.994318 -1.81697 0.00207651 6095.56 0.00069486 1 0.0713749 -0.252557 0.05 8467.62
0 3541 3 phononTS 0.00268407 -0.363096 0.643452 -0.00655996 3784.24 0.00069486 1 -0.11778 -0.190968 0.05 9963.07
0 3546 1 phononL 0.004 0.375176 -0.871251 0.0381982 0 0.00104229 1 0.0863798 -0.170798 0.05 1786.61
0 3550 10 phononTS 0.00050801 0.779819 0.105136 0.049999 35455.5 0.00034743 1 0.0629035 -0.282396 0.05 37982.8
0 3578 4 phononTS 0.000828699 0.215784 0.0015557 0.049999 18079.3 0.00069486 1 0.0117053 -0.201366 0.05 18233.9
0 3586 3 phononTS 0.00193239 -2.06013 -0.744924 -0.0466283 7129.01 0.00069486 1 0.0598752 -0.204717 0.05 17433.7
0 3621 3 phononTS 0.00175337 1.84688 1.77886 -0.0330905 7054.66 0.00034743 1 -0.0242666 -0.243018 0.05 37039.1
0 3621 4 phononTS 0.00126438 -0.0242666 -0.243018 0.049999 37039.1 0.00104229 1 -0.0443338 -0.241749 0.05 37097.9
0 3625 2 phononTS 0.00236049 -2.79031 1.18324 -0.0392033 16.1206 0.00069486 1 -0.0991784 -0.177059 0.05 4166
0 3657 4 phononTF 0.000620128 1.98175 0.0679648 0.049999 6103.61 0.00034743 1 0.0838082 -0.15318 0.05 25809.4
0 3665 2 phononTS 0.00270028 -2.36087 -1.72031 0.0109161 1700.03 0.00104229 1 0.0484206 -0.10484 0.05 14680.8
0 3668 3 phononTS 0.00267975 -2.78812 -1.17649 0.0380435 749.109 0.00104229 1 0.0687306 -0.26118 0.05 9109.79
0 3673 4 phononTS 0.00107864 -0.530762 -0.000375937 0.049999 9822.73 0.00069486 1 0.0473828 -0.235809 0.05 10467.8
0 3692 3 phononL 0.00188311 -1.09479 -0.451513 0.00676768 5139.75 0.00104229 1 -0.0272568 -0.152549 0.05 6218.74
0 3695 3 phononTS 0.00189708 -2.41945 1.27925 0.0487347 20837.3 0.00034743 1 0.0329083 -0.299826 0.05 31342.5
0 3706 4 phononTS 0.000639271 0.171268 0.00796254 0.049999 24259.6 0.00034743 1 0.0393073 -0.102049 0.05 24354.5
0 3730 2 phononTS 0.00246619 0.694703 -2.49472 0.0417071 2372.37 0.00138972 1 0.0916104 -0.242352 0.05 6008.99
0 3732 3 phononL 0.0019529 -0.880776 -1.11782 0.00214215 1716.09 0.00104229 1 -0.0686649 -0.199814 0.05 3360.61
0 3741 3 phononL 0.00214373 -0.713284 1.01445 0.0157373 6.06595 0.00069486 1 0.0518022 -0.133996 0.05 9389.9
0 3792 8 phononTS 0.000402679 -0.205615 0.0431088 0.049999 52081.6 0.00034743 1 -0.0515027 -0.213305 0.05 52340
0 3853 2 phononTS 0.00214903 -1.0567 -1.78302 -0.0421937 11098.3 0.00069486 1 -0.093963 -0.248239 0.05 23442
0 3857 3 phononTS 0.00226204 -1.56737 -0.073136 0.0202896 437.985 0.00138972 1 0.110209 -0.165709 0.05 17662.3
0 3898 3 phononTS 0.00360295 -1.30276 -2.86043 -0.020798 15005.9 0.00173715 1 -0.105553 -0.2079 0.05 36435.9
0 3906 2 phononTS 0.00276343 0.516556 -0.988675 0.0441503 15.7874 0.00104229 1 0.033487 -0.288319 0.05 8188.81
0 3906 4 phononTS 0.00113657 0.033487 -0.288319 0.049999 8188.81 0.00069486 1 -0.0805322 -0.25495 0.05 8272.07
0 3914 3 phononTS 0.00245762 1.00114 1.72301 -0.00286181 20792.8 0.00138972 1 -0.110834 -0.182996 0.05 26546.4
0 3930 2 phononTS 0.00289602 -0.622451 -0.777754 0.0219662 2544.14 0.00069486 1 0.100914 -0.219509 0.05 3090.71
0 3942 2 phononTS 0.00141771 0.558826 -1.71828 0.0436212 7969.36 0.00104229 1 0.0942924 -0.183957 0.05 18635.3
0 3944 3 phononTF 0.00183976 2.63298 -2.68266 0.0456104 3803.17 0.00104229 1 0.0851926 -0.244951 0.05 11203.8
0 3944 2 phononL 0.00216024 2.63298 -2.68266 0.0456104 3803.17 0.00034743 1 0.0313541 -0.278629 0.05 19989.4
0 3958 1 phononL 0.004 0.273835 -1.27109 0.0161828 0 0.00173715 1 -0.107305 -0.172199 0.05 3611.63
0 3958 14 phononTS 0.000548285 -0.107305 -0.172199 0.049999 3611.63 0.00034743 1 -0.0328293 -0.25145 0.05 3688.3
0 3975 2 phononTS 0.00162959 -0.0599803 -1.05709 -0.0299241 6672.34 0.00104229 1 0.115138 -0.190685 0.05 7772.04
0 3987 4 phononTS 0.000480894 2.32418 0.00448364 0.049998 14364.1 0.00034743 1 0.0684257 -0.125096 0.05 15131.7
0 3990 3 phononTS 0.0023385 0.8209 -1.02931 0.0370177 1067.49 0.00104229 1 0.0531215 -0.293702 0.05 2469.08
0 3990 4 phononTS 0.000637472 0.0531215 -0.293702 0.049999 2469.08 0.00034743 1 0.0796393 -0.212077 0.05 10248.8
0 3996 3 phononTF 0.00179984 -1.84924 1.49013 -0.0115704 4827.74 0.00138972 1 0.101433 -0.228082 0.05 7842.7
0 3997 1 phononTF 0.004 0.486566 -0.019252 0.00364038 0 0.00104229 1 -0.0707703 -0.29087 0.05 1051.15
0 4023 2 phononTF 0.00182339 -0.411034 -1.49007 0.0213713 1475.86 0.00069486 1 -0.0224548 -0.144969 0.05 10032.9
0 4023 5 phononTS 0.000577255 -0.0224548 -0.144969 0.049999 10032.9 0.00034743 1 0.0578403 -0.15537 0.05 10238
0 4025 1 phononTS 0.004 0.163715 -0.0882767 -0.0253148 0 0.00138972 1 -0.0553174 -0.251595 0.05 562.906
0 4025 7 phononTS 0.00133791 -0.0553174 -0.251595 0.049999 562.906 0.00069486 1 -0.0216573 -0.247895 0.05 641.704
0 4026 1 phononTS 0.004 0.0661334 -0.549435 0.031814 0 0.00208458 1 0.101642 -0.230691 0.05 1333.31
0 4037 1 phononL 0.004 0.0873874 -0.772292 0.0312815 0 0.00173715 1 -0.0515232 -0.299874 0.05 1755.79
0 4045 3 phononTS 0.00213611 -1.61168 -1.49866 0.00610234 3350.46 0.00069486 1 0.0213666 -0.135465 0.05 4477.66
0 4045 4 phononTF 0.00103323 0.0213666 -0.135465 0.049998 4477.66 0.00069486 1 -0.0221709 -0.210345 0.05 4633.52
0 4054 17 phononL 0.000553838 -0.0993447 0.103408 0.049999 33294.7 0.00034743 1 -0.0557371 -0.247988 0.05 33865.1
0 4065 1 phononTS 0.004 -0.240647 -1.47707 0.0168762 0 0.00104229 1 -0.0166877 -0.189048 0.05 2913.46
0 4065 5 phononTF 0.0019893 -0.0166877 -0.189048 0.049999 2913.46 0.00104229 1 0.0764499 -0.268211 0.05 2967.02
0 4074 2 phononTF 0.00180443 1.21705 0.637433 -0.0482114 1201.34 0.00069486 1 -0.0893521 -0.179184 0.05 24990.2
0 4075 2 phononTS 0.00108692 1.8069 2.32307 -0.0381801 322.007 0.00069486 1 0.0518326 -0.280358 0.05 23736.2
0 4096 1 phononTF 0.004 0.00418324 -0.84659 0.0224091 0 0.00208458 1 -0.0429537 -0.261176 0.05 242.423
0 4099 2 phononTF 0.00232348 0.0744288 -0.56984 -0.0236731 2237.09 0.00104229 1 0.0687334 -0.23986 0.05 3703.12
0 4105 2 phononTS 0.00126419 0.0672909 2.15663 0.0124925 1676.41 0.00069486 1 -0.1027 -0.216512 0.05 18073.5
0 4115 3 phononTF 0.00229718 1.81022 0.749503 0.0302688 8233.19 0.00034743 1 0.0734989 -0.265501 0.05 52644.7
0 4115 4 phononTF 0.00146636 0.0734989 -0.265501 0.049999 52644.7 0.00069486 1 0.0338323 -0.249266 0.05 52703.6
0 4118 8 phononTS 0.000661778 1.76894 0.021656 0.049999 10167.7 0.00034743 1 -0.0843832 -0.157074 0.05 42485.8
0 4139 4 phononTF 0.00114003 -1.98175 1.81809 -0.00483851 15244.1 0.00069486 1 -0.0276868 -0.254163 0.05 20635.6
0 4160 2 phononTS 0.00183887 -0.102531 2.60145 0.0382209 8802.44 0.00104229 1 -0.0435988 -0.262688 0.05 9853.94
0 4163 2 phononTS 0.0024206 1.41166 -0.439736 0.0336193 1536.83 0.00069486 1 0.0204001 -0.207741 0.05 2301.13
0 4196 3 phononTS 0.0024211 -0.655306 -2.11593 -0.000247744 2146 0.00104229 1 -0.0897596 -0.20751 0.05 13397.6
0 4200 2 phononTS 0.00224765 -2.58872 0.294219 0.0393676 8457.51 0.00069486 1 0.0354476 -0.245381 0.05 17983.6
0 4200 8 phononTS 0.000386587 0.0354476 -0.245381 0.049999 17983.6 0.00034743 1 0.0755243 -0.269001 0.05 18070.3
0 4226 1 phononL 0.004 0.0269516 -0.628576 0.000220099 0 0.00208458 1 -0.0606596 -0.273531 0.05 880.791
0 4242 3 phononTS 0.00200422 -2.39057 -2.3115 0.0316775 901.018 0.00104229 1 0.0881739 -0.230786 0.05 8628.31
0 4242 8 phononTS 0.000428235 0.0881739 -0.230786 0.049999 8628.31 0.00034743 1 0.0846122 -0.214345 0.05 8685.58
0 4244 2 phononTF 0.00173908 2.65066 -1.46683 0.0450766 1583.15 0.00104229 1 0.0776189 -0.189949 0.05 14300.9
0 4250 2 phononTS 0.000536888 -1.2887 0.00132925 0.049999 11772.3 0.00034743 1 -0.109342 -0.193338 0.05 30505.9
0 4255 3 phononTS 0.00182761 1.2961 -1.67699 -0.0120383 13941.8 0.00069486 1 0.0781407 -0.261654 0.05 15749.7
0 4269 1 phononTF 0.004 0.469045 -0.537601 -0.0217498 0 0.00104229 1 -0.0622396 -0.173528 0.05 1879.88
0 4269 11 phononTS 0.000547571 -0.0622396 -0.173528 0.049999 1879.88 0.00034743 1 0.0512747 -0.166631 0.05 2362.77
0 4269 6 phononTF 0.000994214 -0.0622396 -0.173528 0.049999 1879.88 0.00069486 1 0.0871797 -0.178258 0.05 1951.84
0 4342 27 phononTS 0.000503545 1.03589 0.0323758 0.049999 16380.5 0.00034743 1 0.100283 -0.168672 0.05 17692.5
0 4353 1 phononL 0.004 -0.402096 -0.410014 0.00519867 0 0.00173715 1 0.0747905 -0.150164 0.05 1788.97
0 4370 3 phononL 0.00263924 0.375492 -0.180855 0.0241483 1171.64 0.00138972 1 0.059 -0.256026 0.05 2010.04
0 4370 27 phononTS 0.000621604 0.216689 -0.00316581 0.049999 2085.17 0.00034743 1 0.0320572 -0.116231 0.05 2324.04
0 4385 2 phononTS 0.00182003 -1.24338 -1.32106 -0.00120068 8428.03 0.00138972 1 0.0359908 -0.12042 0.05 10261.9
0 4403 1 phononL 0.004 0.0979108 -0.261618 0.00568027 0 0.00173715 1 0.0731487 -0.229518 0.05 11.1107
0 4420 1 phononTS 0.004 0.127291 0.171793 -0.0358372 0 0.00208458 1 -0.0870641 -0.254491 0.05 1012.43
0 4427 2 phononTS 0.00204721 -0.106672 -2.21989 -0.00668651 92.2689 0.00069486 1 -0.0384178 -0.300747 0.05 16407.5
0 4430 3 phononTF 0.00266139 0.232754 -1.12103 -0.0106152 192.849 0.00104229 1 0.0844792 -0.262234 0.05 650.607
0 4445 3 phononTF 0.00145632 0.838476 -0.108069 -0.0441763 2177.66 0.00104229 1 0.0920333 -0.231332 0.05 6339.11
0 4446 2 phononTF 0.00109828 0.176851 0.0574057 0.049999 911.74 0.00069486 1 0.0397931 -0.182313 0.05 1115.3
0 4488 2 phononTS 0.0021745 -0.552798 -2.83605 0.0114348 2403.3 0.00104229 1 0.0992104 -0.264909 0.05 5134.4
0 4490 3 phononTF 0.00261424 -0.758716 -1.67507 -0.0372692 1568.97 0.00138972 1 -0.0557866 -0.287643 0.05 11777.1
0 4497 2 phononL 0.00299209 -0.59407 -2.87719 0.0241007 19693.2 0.00138972 1 0.0314304 -0.271226 0.05 32790.2
0 4560 5 phononTS 0.000822656 -0.0810564 -1.22398 -0.0448669 39791.3 0.00034743 1 0.0931389 -0.167624 0.05 46906
0 4633 2 phononTF 0.00147461 -1.62439 -1.092 0.0276345 3027.67 0.00034743 1 -0.0556329 -0.297186 0.05 20211.3
0 4639 1 phononTS 0.004 0.238 -0.348276 -0.0272371 0 0.00138972 1 0.0578097 -0.275111 0.05 928.319
0 4675 3 phononL 0.00208678 1.63472 1.53375 0.0475463 2502.23 0.00069486 1 0.030259 -0.286412 0.05 37518.7
0 4676 7 phononTS 0.00182157 -2.40981 0.0869437 0.049999 9759.78 0.00104229 1 -0.0822075 -0.174437 0.05 11588.5
0 4681 3 phononTS 0.00196572 2.52617 -0.57391 -0.0393505 158.147 0.00034743 1 0.041108 -0.136672 0.05 11168.3
0 4681 4 phononTF 0.00149203 0.041108 -0.136672 0.049999 11168.3 0.00069486 1 -0.0455644 -0.13663 0.05 11229.9
0 4724 10 phononTS 0.00040053 2.81646 0.020532 0.049999 35521.7 0.00034743 1 -0.0713367 -0.22763 0.05 45288.6
0 4734 3 phononTF 0.00305698 -1.44286 0.563809 -0.0430931 1020.31 0.00208458 1 0.0955038 -0.163113 0.05 6049.47
0 4749 1 phononTF 0.004 1.69544 -0.885069 -0.00909178 0 0.00173715 1 -0.113243 -0.1908 0.05 3134.19
0 4761 2 phononTS 0.00171725 0.0114622 -1.37174 0.028188 3624.35 0.00104229 1 -0.0886981 -0.129574 0.05 5615.09
0 4793 3 phononTS 0.000928709 -2.80043 0.0480546 0.049999 1039.72 0.00034743 1 -0.0721362 -0.168193 0.05 14851.7
0 4802 2 phononTS 0.00139724 1.79166 1.16875 -0.00747315 9876.02 0.00069486 1 0.102793 -0.166968 0.05 23763.4
0 4818 3 phononTS 0.00282758 -0.698339 0.705882 0.0099415 16207.1 0.00138972 1 -0.0687221 -0.134094 0.05 46689.5
0 4828 2 phononTS 0.00139437 2.76964 0.812009 0.034857 38.4704 0.00034743 1 0.0665114 -0.137665 0.05 5989.5
0 4833 2 phononTS 0.00185182 1.31021 1.04348 0.00565534 391.053 0.00069486 1 0.0120054 -0.185148 0.05 2396.71
0 4839 18 phononTF 0.000626865 -0.803061 0.0950757 0.049999 3385.03 0.00034743 1 -0.102951 -0.15278 0.05 4108.66
0 4854 1 phononL 0.004 -0.415266 0.215559 0.00245939 0 0.00243201 1 -0.106525 -0.209264 0.05 1953.61
0 4870 3 phononTS 0.0012347 -1.32294 -0.459057 -0.0121861 1601.14 0.00069486 1 0.0431929 -0.188396 0.05 11587.8
0 4899 2 phononTF 0.00214464 2.45556 -2.38482 0.0146304 2117.67 0.00069486 1 -0.0513782 -0.290351 0.05 7524.52
0 4914 5 phononTF 0.0008394 2.68043 0.0845585 0.049999 115.511 0.00069486 1 0.0532232 -0.10463 0.05 18536.9
0 4918 3 phononL 0.00242701 1.86865 2.29762 -0.00245461 18956.8 0.00104229 1 -0.0419573 -0.126776 0.05 22922.7
0 4993 4 phononL 0.000430796 -1.91703 0.0664618 0.049999 18117.5 0.00034743 1 -0.108297 -0.225341 0.05 31616.6
0 5016 3 phononTS 0.00300866 -0.622985 -0.455527 0.0165548 975.384 0.00138972 1 0.0964387 -0.218964 0.05 2298.11
0 5016 10 phononTS 0.00053686 0.0964387 -0.218964 0.049999 2298.11 0.00034743 1 0.0917008 -0.226461 0.05 2493.63
0 5036 4 phononTF 0.000533478 1.38764 0.253176 0.0324159 20931.4 0.00034743 1 0.0205382 -0.256897 0.05 42381.2
0 5055 1 phononTF 0.004 -0.628732 -0.336009 0.0206666 0 0.00208458 1 -0.050445 -0.174096 0.05 2091.25
0 5068 4 phononTS 0.000866705 -0.346415 -0.00695235 0.049999 5358.08 0.00069486 1 0.107592 -0.176802 0.05 47211.4
0 5071 3 phononTF 0.00237355 -0.466173 -2.77667 0.00527376 2094.28 0.00069486 1 -0.0977953 -0.250663 0.05 12666
0 5072 1 phononTS 0.004 0.0661238 -0.24224 -0.034996 0 0.00138972 1 0.0481845 -0.131627 0.05 103.095
0 5072 6 phononTF 0.00066728 0.0481845 -0.131627 0.049999 103.095 0.00034743 1 -0.0385611 -0.134598 0.05 165.455
0 5075 4 phononTS 0.00137771 1.81898 1.78755 0.00240459 10393.2 0.00069486 1 0.0773496 -0.127412 0.05 23780.1
0 5075 6 phononTF 0.000617888 0.0773496 -0.127412 0.049999 23780.1 0.00034743 1 0.0806617 -0.250401 0.05 23847.7
0 5095 5 phononTF 0.000369239 0.665266 0.0436596 0.049999 724.936 0.00034743 1 0.0359251 -0.168104 0.05 1849.96
0 5132 1 phononTS 0.004 0.0562888 -0.269122 0.0234072 0 0.00173715 1 -0.0666021 -0.221379 0.05 56.2671
0 5132 4 phononTS 0.000983666 -0.0666021 -0.221379 0.049999 56.2671 0.00034743 1 -0.0995251 -0.190732 0.05 119.331
0 5135 2 phononTS 0.00216893 -0.0379617 -0.251811 -0.0310246 13656.4 0.00104229 1 -0.0826569 -0.278337 0.05 13762.5
0 5160 4 phononL 0.00220411 0.647272 0.668063 0.032129 19178.5 0.00069486 1 -0.0764622 -0.238392 0.05 23766.4
0 5160 18 phononTS 0.000373321 -0.0764622 -0.238392 0.049999 23766.4 0.00034743 1 -0.0290876 -0.270035 0.05 23833.7
0 5184 4 phononTS 0.000559331 -0.186157 0.0822909 0.049999 71.4739 0.00034743 1 0.0288088 -0.143427 0.05 41039.4
0 5231 2 phononTS 0.00122362 0.0603929 0.865783 -0.0250246 5995.4 0.00069486 1 -0.0284368 -0.253358 0.05 7052.54
0 5256 3 phononTS 0.00199039 2.0008 1.85752 -0.00599784 3043.39 0.00138972 1 0.0299202 -0.124884 0.05 26974.2
0 5256 19 phononL 0.000451256 -0.232476 0.025417 0.049999 7435.81 0.00034743 1 -0.109331 -0.178614 0.05 7574.39
0 5274 4 phononTS 0.000565816 -1.25139 0.831497 0.0401562 812.973 0.00034743 1 0.0647383 -0.19457 0.05 12709.3
0 5283 4 phononTS 0.00105205 2.7104 0.0893249 0.049998 2622.54 0.00034743 1 0.0767838 -0.272794 0.05 7443.52
0 5313 19 phononTF 0.000359132 -1.49597 0.0280876 0.049999 26278.2 0.00034743 1 0.0756701 -0.227877 0.05 52080.2
0 5317 2 phononTF 0.00232642 -1.65898 2.32263 -0.0343912 11825.1 0.00104229 1 -0.040708 -0.232276 0.05 14943.8
0 5325 2 phononTF 0.00100938 0.244339 -1.45848 -0.00624001 954.516 0.00034743 1 0.0788384 -0.1614 0.05 9012.42
0 5338 2 phononTF 0.00145001 0.297185 -1.78743 -0.047318 4091.14 0.00069486 1 -0.0961251 -0.189126 0.05 52546.3
0 5394 3 phononTS 0.00162909 0.90187 1.8917 -0.0257445 6552.42 0.00069486 1 -0.0468553 -0.176146 0.05 27661.2
0 5394 4 phononTS 0.000545674 -0.0468553 -0.176146 0.049999 27661.2 0.00034743 1 -0.060516 -0.164868 0.05 27717.2
0 5407 4 phononTF 0.00114067 -0.186707 0.00833908 0.049999 7854.73 0.00034743 1 -0.0801175 -0.244854 0.05 8158.7
0 5420 5 phononTS 0.00091275 -1.90875 1.85465 -0.0373408 9231.3 0.00069486 1 0.0111237 -0.203176 0.05 11186.8
0 5423 3 phononL 0.00174423 0.384723 0.419059 -0.00482308 886.023 0.00069486 1 -0.0651898 -0.193243 0.05 11972.2
0 5423 2 phononTF 0.00225577 0.384723 0.419059 -0.00482308 886.023 0.00069486 1 0.0976526 -0.223463 0.05 33613.9
0 5501 6 phononTS 0.000811439 0.544755 0.0438116 0.049999 18044.3 0.00034743 1 -0.102597 -0.182572 0.05 18506.4
0 5532 3 phononTF 0.0013883 -2.21892 -2.05701 -0.00102056 14119.5 0.00034743 1 -0.019999 -0.16864 0.05 19949.9
0 5538 3 phononL 0.00255101 -0.614244 -0.813611 -0.014437 5725.12 0.00138972 1 -0.0829924 -0.209788 0.05 6113.51
0 5543 2 phononTS 0.00215143 0.479882 0.0323512 0.0457859 566.621 0.00104229 1 0.0696477 -0.219017 0.05 5759.91
0 5547 20 phononL 0.00108461 0.259229 -2.76736 -0.00736161 6467.95 0.00034743 1 0.0275626 -0.10535 0.05 11540.3
0 5586 3 phononL 0.00337732 -0.104879 0.371901 0.0217719 10.7674 0.00208458 1 -0.0237003 -0.249155 0.05 722.325
0 5650 2 phononL 0.000959725 0.338469 -0.476481 -0.00572008 10.236 0.00069486 1 0.0788095 -0.280236 0.05 765.552
0 5659 6 phononTS 0.000601395 -0.128014 0.040537 0.049999 665.273 0.00034743 1 0.109345 -0.181153 0.05 1050.47
0 5716 27 phononL 0.000364077 0.432695 0.0124338 0.049999 18820.7 0.00034743 1 0.0427238 -0.181639 0.05 18959.9
0 5719 13 phononTF 0.000483704 -2.05893 0.0471584 0.049999 2418.87 0.00034743 1 -0.0258555 -0.1759 0.05 17359.8
0 5777 5 phononTF 0.00157259 1.29772 0.391027 -0.00500776 13051.7 0.00069486 1 0.062696 -0.17812 0.05 28116.1
0 5816 1 phononTS 0.004 -1.05399 -0.575601 -0.0124494 0 0.00138972 1 0.0494152 -0.276195 0.05 2326.32
0 5836 2 phononTF 0.00177643 -2.29656 -1.4411 0.00522017 5054.01 0.00104229 1 0.0864352 -0.211741 0.05 42932.5
0 5883 9 phononTF 0.000527065 0.0425758 0.103569 0.049999 5335.78 0.00034743 1 0.0339401 -0.293269 0.05 5506.42
0 5901 2 phononTS 0.00161692 -0.972722 2.82245 0.0299113 1201.28 0.00104229 1 0.0608579 -0.231755 0.05 18665.5
0 5914 3 phononTF 0.00209472 1.73901 -1.14296 -0.0268223 1512.72 0.00138972 1 -0.0422358 -0.159648 0.05 30675.3
0 5935 2 phononTF 0.000881116 -2.48704 -2.29928 0.0214908 18.311 0.00034743 1 -0.0795459 -0.125851 0.05 27715.1
0 5970 2 phononL 0.00169388 -1.14721 -2.74094 -0.0326865 297.339 0.00104229 1 0.0767014 -0.179731 0.05 4812.4
0 5973 3 phononTS 0.00181557 2.15438 -0.112124 0.0259684 33.0743 0.00104229 1 -0.022504 -0.162115 0.05 1431.66
0 5978 6 phononTF 0.000501788 -2.88413 0.0717302 0.049999 9532.54 0.00034743 1 -0.0735192 -0.233556 0.05 15985.8
0 6039 3 phononTF 0.00182816 0.31557 -1.83181 -0.0343571 1797.19 0.00034743 1 -0.0525188 -0.260718 0.05 2725.42
0 6042 2 phononL 0.00213433 -1.37278 2.15863 0.00454338 382.19 0.00034743 1 -0.0593061 -0.194643 0.05 13659
0 6042 19 phononTF 0.00137549 -0.0593061 -0.194643 0.049999 13659 0.00104229 1 -0.0760894 -0.122948 0.05 13792.4
0 6073 5 phononTS 0.00206572 -2.22378 2.47217 -0.0268738 18318.4 0.00104229 1 -0.0623053 -0.118928 0.05 24765
0 6073 2 phononL 0.00114288 -2.04979 2.8493 -0.0126147 18088.1 0.00069486 1 0.0388799 -0.176447 0.05 21236
0 6091 2 phononTS 0.00235618 -2.0807 -2.37032 0.0301068 2329.51 0.00138972 1 -0.098941 -0.244653 0.05 9360.28
0 6100 3 phononTS 0.000537559 -1.70097 0.0493515 0.049999 1483.26 0.00034743 1 0.0779672 -0.250353 0.05 11823.2
0 6114 2 phononTF 0.00208045 0.641414 2.80757 0.0357397 1219.54 0.00104229 1 0.0691315 -0.134181 0.05 13386.1
0 6116 26 phononTS 0.00037038 -1.06961 0.0737614 0.049999 25140.1 0.00034743 1 -0.0486373 -0.231596 0.05 26452.1
0 6121 12 phononTS 0.000513167 0.213019 0.0978143 0.049999 17141.2 0.00034743 1 0.0774571 -0.266997 0.05 17898.1
0 6125 3 phononTF 0.00272724 0.326196 1.82258 0.0143083 2117.26 0.00138972 1 0.06791 -0.125548 0.05 5948.95
0 6125 12 phononTS 0.000347989 0.06791 -0.125548 0.049999 5948.95 0.00034743 1 0.0635694 -0.123339 0.05 6007.88
0 6143 2 phononTS 0.000516887 0.257686 0.012025 0.049999 9126.21 0.00034743 1 -0.0707319 -0.206172 0.05 9275.92
0 6146 3 phononTF 0.00153139 2.69282 0.938671 -0.0262824 9251.75 0.00104229 1 -0.0375007 -0.250438 0.05 24916.2
0 6176 2 phononTF 0.00152762 -1.55919 -1.65071 -0.00131677 150.338 0.00069486 1 -0.0913461 -0.160424 0.05 1711.21
0 6196 2 phononL 0.0013077 -0.748464 -1.96753 -0.00423529 3940.27 0.00034743 1 0.0971342 -0.146479 0.05 18705.6
0 6204 3 phononTS 0.00284 -1.68056 1.26486 0.017985 71.8971 0.00138972 1 -0.106705 -0.24419 0.05 13285.5
0 6224 2 phononTF 0.00205495 -1.25856 1.21989 0.0229765 6294.43 0.00104229 1 -0.0662713 -0.156038 0.05 32875.4
0 6224 26 phononTS 0.000539557 -0.0662713 -0.156038 0.049999 32875.4 0.00034743 1 -0.0158064 -0.174047 0.05 32944.9
0 6224 23 phononL 0.000366651 -0.0662713 -0.156038 0.049999 32875.4 0.00034743 1 -0.115043 -0.198701 0.05 32921.9
0 6236 2 phononTF 0.000703726 -1.37899 -2.19408 -0.0440774 1537.59 0.00034743 1 -0.0334036 -0.204105 0.05 4676.77
0 6239 3 phononTS 0.00239154 -2.85143 1.95019 -0.013832 1221.04 0.00104229 1 0.103523 -0.187276 0.05 8827.34
0 6242 1 phononTF 0.004 -0.176337 -0.455947 -0.0114419 0 0.00208458 1 0.0579719 -0.23656 0.05 1466.41
0 6256 3 phononTS 0.00121275 -1.6719 -1.84097 0.026114 7003.22 0.00034743 1 -0.0686801 -0.191947 0.05 25086
0 6256 4 phononTS 0.000347458 -0.0686801 -0.191947 0.049998 25086 0.00034743 1 0.0449867 -0.234539 0.05 25235.3
0 6269 2 phononTF 0.000851458 -2.32279 0.100031 0.049999 9509.02 0.00034743 1 0.0948023 -0.172057 0.05 41679.9
0 6274 2 phononL 0.001899 -1.32842 -1.99192 -0.0301791 9888.9 0.00069486 1 0.0774293 -0.244599 0.05 17199.1
0 6280 1 phononTF 0.004 -0.374634 -0.31902 0.0291247 0 0.00312687 1 -0.0749118 -0.162673 0.05 466.419
0 6287 2 phononTS 0.00195129 0.419365 -1.03027 -0.0237113 8097.41 0.00069486 1 0.0379217 -0.136466 0.05 10901.6
0 6307 3 phononL 0.0023735 -0.565377 1.03439 0.0489974 22.1184 0.00034743 1 -0.0824251 -0.136777 0.05 2052.36
0 6330 3 phononTF 0.0021528 0.602803 -0.309523 0.0493689 1024.6 0.00069486 1 0.0715957 -0.1803 0.05 1224.14
0 6330 7 phononTS 0.000418495 0.0715957 -0.1803 0.049999 1224.14 0.00034743 1 0.0284977 -0.203031 0.05 4376.16
0 6339 1 phononTS 0.004 1.09483 -1.96719 -0.00667365 0 0.00173715 1 -0.0396514 -0.15049 0.05 10308
0 6339 2 phononTF 0.00109894 -0.0396514 -0.15049 0.049999 10308 0.00069486 1 0.0813888 -0.237706 0.05 10535
0 6371 3 phononTF 0.00230614 1.44153 -1.17494 -0.0426249 1805.99 0.00138972 1 -0.0415134 -0.133633 0.05 2582.19
0 6405 1 phononL 0.004 -0.12877 -0.45884 -0.0135825 0 0.00104229 1 -0.0488764 -0.264885 0.05 106.011
0 6405 2 phononTS 0.00175844 -0.0488764 -0.264885 0.049999 106.011 0.00104229 1 0.106943 -0.177374 0.05 205.761
0 6405 18 phononTS 0.00043214 0.106943 -0.177374 0.049999 205.761 0.00034743 1 0.113553 -0.199701 0.05 304.724
0 6448 5 phononTF 0.00185124 -1.24517 1.87076 0.0151928 5545.95 0.00104229 1 -0.0966378 -0.222067 0.05 20706.2
0 6448 10 phononTS 0.000430752 -0.0966378 -0.222067 0.049999 20706.2 0.00034743 1 -0.100088 -0.13928 0.05 20842.1
0 6464 5 phononTF 0.000577512 -0.449794 0.104286 0.049999 10753.9 0.00034743 1 0.0700354 -0.291636 0.05 14618.4
0 6478 2 phononTF 0.00143664 -1.6875 -1.79502 -0.0176004 4107.16 0.00034743 1 0.0098137 -0.194465 0.05 17573.4
0 6481 3 phononL 0.00196058 -0.819856 -2.3832 -0.00459266 1003.85 0.00104229 1 -0.0504422 -0.277309 0.05 64841.7
0 6484 1 phononTS 0.004 0.729432 -0.846024 -0.00116593 0 0.00173715 1 0.117273 -0.212989 0.05 2705.51
0 6514 2 phononTS 0.00239026 2.26981 -2.48546 -0.0143459 10654.5 0.00138972 1 0.0313748 -0.229775 0.05 18375.5
0 6516 2 phononTF 0.000524826 0.0547429 0.0194437 0.0218415 3769.93 0.00034743 1 0.0781444 -0.126016 0.05 3855.25
0 6532 3 phononTS 0.002651 1.74194 1.93652 -0.00404693 16431 0.00104229 1 0.0711531 -0.24583 0.05 21806.6
0 6534 3 phononTS 0.00190646 2.11525 -1.51604 0.00365079 2832.17 0.00069486 1 0.0600032 -0.247221 0.05 18675.3
0 6534 7 phononTS 0.000428616 0.0600032 -0.247221 0.049999 18675.3 0.00034743 1 -0.0951123 -0.187216 0.05 18825.3
0 6553 1 phononTS 0.004 -0.933838 -0.922376 -0.0353413 0 0.00138972 1 -0.0869838 -0.256997 0.05 8698.93
0 6555 3 phononTS 0.00231358 -0.438373 2.05755 -0.047652 5987.03 0.00138972 1 0.0466722 -0.256042 0.05 10675
0 6565 2 phononTF 0.00151419 2.37718 -2.84307 -0.0406506 5666.83 0.00104229 1 0.0130008 -0.193102 0.05 8217.43
0 6596 3 phononTS 0.002458 0.871774 0.910724 0.0227094 6630.61 0.00104229 1 -0.0200715 -0.237361 0.05 13235.2
0 6596 4 phononL 0.000737941 -0.0200715 -0.237361 0.049999 13235.2 0.00034743 1 -0.0342704 -0.244332 0.05 13286
0 6603 3 phononTF 0.00196016 -2.00442 1.62788 -0.0375484 12100.5 0.00104229 1 -0.0153507 -0.228635 0.05 31080.7
0 6623 2 phononTS 0.00112444 1.1049 -0.222057 -0.0467793 1205.31 0.00069486 1 -0.0452538 -0.172339 0.05 4786.73
0 6631 4 phononTS 0.00040047 0.0856232 0.0736611 0.049999 12773.2 0.00034743 1 0.0688013 -0.22588 0.05 45274.4
0 6636 1 phononL 0.004 0.391782 -0.387423 0.0177619 0 0.00069486 1 -0.0994863 -0.263305 0.05 2677.48
0 6668 2 phononTF 0.000774019 2.06465 2.49407 -0.0299475 2951.62 0.00034743 1 0.0680352 -0.11599 0.05 7765.61
0 6683 4 phononTS 0.000414603 -2.29939 0.0628663 0.049999 13958.4 0.00034743 1 -0.1046 -0.183279 0.05 46321.4
0 6691 4 phononL 0.000752643 -2.87168 0.0194692 0.049999 22477 0.00034743 1 0.0361271 -0.271036 0.05 32093
0 6695 2 phononTS 0.00144174 0.386793 -2.77174 0.0319268 6116.57 0.00104229 1 0.031902 -0.107358 0.05 21535.4
0 6700 1 phononTS 0.004 0.161694 -0.116964 0.00326437 0 0.00277944 1 0.0254312 -0.228516 0.05 72.3133
0 6728 1 phononTF 0.004 0.185215 0.842449 0.0227821 0 0.00104229 1 0.100882 -0.247085 0.05 4637.51
0 6749 1 phononTF 0.004 -0.0238536 -0.136887 0.0267711 0 0.00138972 1 -0.0276849 -0.26288 0.05 2575.38
0 6772 1 phononTF 0.004 0.312774 -0.328209 0.0222113 0 0.00243201 1 0.0893029 -0.208652 0.05 742.033
0 6782 3 phononTF 0.00267556 -1.852 -1.51744 -0.0273686 6486.27 0.00034743 1 -0.0664009 -0.150088 0.05 17852.2
0 6790 2 phononTS 0.00232935 -0.129969 1.41932 -0.00801666 6697.78 0.00138972 1 0.0594299 -0.199022 0.05 14433.4
0 6792 8 phononTS 0.000451836 0.744171 0.0243402 0.049999 8960.53 0.00034743 1 -0.0960014 -0.175247 0.05 9570
0 6817 4 phononTS 0.0017149 -2.62793 0.0933984 0.049999 13719.8 0.00104229 1 -0.0651375 -0.280682 0.05 30894.7
0 6817 9 phononTS 0.000361868 -0.0651375 -0.280682 0.049999 30894.7 0.00034743 1 -0.0258041 -0.245011 0.05 30963
0 6841 3 phononTS 0.00197237 -0.0668889 -0.106964 0.0113053 3671.3 0.00138972 1 0.0901843 -0.126844 0.05 3781.28
0 6841 2 phononTS 0.00202763 -0.0668889 -0.106964 0.0113053 3671.3 0.00069486 1 -0.0648775 -0.144036 0.05 3737.89
0 6852 9 phononTF 0.000434662 2.63997 0.012296 0.049999 7375.27 0.00034743 1 -0.0509226 -0.282132 0.05 86452
0 6936 1 phononTS 0.004 -2.09803 -2.4903 0.00231953 0 0.00243201 1 0.0672217 -0.216434 0.05 8938.53
0 6945 5 phononTF 0.00144278 1.67216 2.36796 -0.0194183 8012.01 0.00104229 1 -0.0564753 -0.26282 0.05 23552.4
0 6947 23 phononTF 0.00118007 0.499883 -1.82166 0.0442542 15010.9 0.00034743 1 -0.032737 -0.201524 0.05 47605.5
0 6948 3 phononL 0.0022208 1.03695 1.86452 0.0162921 3294.69 0.00138972 1 0.105671 -0.204506 0.05 16825.1
0 6960 4 phononTS 0.000914212 1.47716 0.0166796 0.049999 1742.62 0.00069486 1 -0.111605 -0.241422 0.05 48461.8
0 6970 1 phononTF 0.004 1.6045 -0.86904 0.0156406 0 0.00243201 1 -0.0659941 -0.260434 0.05 10611.4
0 6986 1 phononTF 0.004 -1.04372 1.52686 -0.00499147 0 0.00208458 1 -0.0479991 -0.0999798 0.05 2574.42
0 6986 8 phononL 0.000513886 -0.0479991 -0.0999798 0.049999 2574.42 0.00034743 1 0.0395216 -0.244382 0.05 2813.01
0 7018 5 phononTF 0.00154502 -0.947552 -2.41451 0.00691969 7088.17 0.00034743 1 0.110454 -0.176803 0.05 30350.6
0 7021 4 phononTF 0.000690531 -2.86154 0.0982847 0.049999 56854.1 0.00034743 1 0.0518613 -0.271889 0.05 58847.6
0 7063 20 phononTF 0.000550077 0.914458 0.0810006 0.049999 7155.62 0.00034743 1 -0.0857611 -0.123233 0.05 14879.2
0 7070 2 phononTF 0.00223157 -0.884668 -2.14376 0.0475553 15031.3 0.00104229 1 -0.0847464 -0.147862 0.05 25721.8
0 7071 2 phononL 0.00103312 -0.995535 2.32953 0.0228267 5239.46 0.00034743 1 -0.103852 -0.187323 0.05 52600.7
0 7107 4 phononTS 0.000546401 2.05888 0.862178 -0.0161819 18193.8 0.00034743 1 -0.10626 -0.245586 0.05 44949.8
0 7108 3 phononTS 0.00223316 2.09286 2.69316 0.0287623 10308.4 0.00104229 1 0.108082 -0.155412 0.05 18134.8
0 7120 5 phononTF 0.000819957 0.451918 -1.28947 0.0426798 34935.4 0.00034743 1 0.0175912 -0.223699 0.05 41161.6
0 7124 4 phononTS 0.000426662 0.719176 0.00853881 0.049999 47257.7 0.00034743 1 -0.0512918 -0.160107 0.05 48070.8
0 7134 17 phononTF 0.000604964 0.183408 0.000589319 0.049999 9116.87 0.00034743 1 0.0865195 -0.188693 0.05 9215.29
0 7138 17 phononTF 0.000515645 0.357115 -0.00991856 0.049999 18813.1 0.00034743 1 0.0603449 -0.178361 0.05 19569.8
0 7143 6 phononTS 0.000377472 -1.23264 0.100655 0.049998 11706.6 0.00034743 1 0.081441 -0.154795 0.05 52939.8
0 7146 2 phononL 0.00101534 -1.85133 0.461259 0.0148923 21.1732 0.00034743 1 0.0192007 -0.236276 0.05 17996.9
0 7152 7 phononTS 0.000577176 -0.396017 0.0118475 0.049999 2139.53 0.00034743 1 0.106671 -0.164445 0.05 3043.9
0 7189 2 phononTF 0.00188302 -0.969143 1.85061 0.0347237 1069.17 0.00138972 1 -0.0244513 -0.162515 0.05 5043.85
0 7201 3 phononTF 0.0013433 2.71753 -0.663581 -0.0225981 2057.24 0.00069486 1 0.0320988 -0.25739 0.05 4892.64
0 7223 5 phononTF 0.00144974 1.66822 2.72305 0.049201 24149.7 0.00069486 1 -0.0474708 -0.247899 0.05 34877.9
0 7235 3 phononL 0.00144799 2.75344 1.77246 -0.0440701 121.834 0.00069486 1 0.0941573 -0.261207 0.05 26431.8
0 7238 5 phononTS 0.000474656 -1.98422 0.0258452 0.049999 6310.52 0.00034743 1 -0.0214984 -0.175208 0.05 11452.1
0 7271 4 phononTS 0.000652427 -2.61035 0.0730369 0.049999 12874.3 0.00034743 1 -0.055778 -0.128565 0.05 31405.4
0 7309 2 phononTS 0.00136442 0.190825 0.79063 -0.0269482 6107.29 0.00069486 1 0.0262932 -0.272819 0.05 7132.52
0 7319 22 phononTF 0.000673147 -0.0225853 0.0436681 0.049999 18059.2 0.00034743 1 -0.103038 -0.243045 0.05 18545.9
0 7332 23 phononTS 0.000596886 -1.48112 0.101255 0.049999 1732.28 0.00034743 1 0.0567122 -0.134897 0.05 29088.7
0 7346 2 phononTS 0.000517332 -0.46861 0.0515458 0.049999 1550.39 0.00034743 1 -0.0814741 -0.158291 0.05 1915.95
0 7349 4 phononTF 0.00102724 -0.0819676 0.0553261 0.049999 48572 0.00069486 1 -0.0697921 -0.169162 0.05 48719.4
0 7409 15 phononTF 0.000634173 -1.90318 0.080433 0.049999 2680.95 0.00034743 1 -0.0867192 -0.148363 0.05 24421.5
0 7427 3 phononTF 0.00276472 -0.925804 -2.08793 0.0173215 12264.2 0.00173715 1 -0.0943471 -0.269177 0.05 18374.1
0 7438 5 phononTS 0.00130312 -1.28143 -1.87716 -0.0353269 1866.96 0.00069486 1 -0.0354523 -0.166698 0.05 27869.5
0 7439 2 phononL 0.00220574 2.43358 -1.92709 0.0340874 2205.23 0.00104229 1 -0.0246303 -0.253265 0.05 5920.08
0 7445 1 phononTS 0.004 -0.182074 0.168389 0.0217444 0 0.00173715 1 0.101093 -0.141786 0.05 15051
0 7445 2 phononL 0.000922071 0.101093 -0.141786 0.049999 15051 0.00069486 1 -0.0686308 -0.255631 0.05 15506
0 7504 1 phononTS 0.004 0.0804386 0.210711 0.0030535 0 0.00069486 1 0.0149815 -0.196863 0.05 596.722
0 7506 5 phononTS 0.000651709 -0.511468 0.0792356 0.049999 27196.4 0.00034743 1 0.0199725 -0.223422 0.05 28232
0 7515 3 phononTS 0.00206583 -0.395637 -1.2477 -0.0174699 2254.09 0.00104229 1 -0.0419824 -0.234706 0.05 5395
0 7541 2 phononTS 0.00176082 -1.26816 2.43942 0.00592397 7330.75 0.00104229 1 -0.0470818 -0.11301 0.05 86973.1
0 7545 3 phononTF 0.000842348 1.61342 0.0298522 0.049999 1050.34 0.00034743 1 -0.0676399 -0.27674 0.05 44576.7
0 7545 25 phononTS 0.000391346 -0.0676399 -0.27674 0.049999 44576.7 0.00034743 1 -0.0312878 -0.284099 0.05 44660.7
0 7584 3 phononTF 0.00241958 -1.77561 1.37988 0.00189954 5714.08 0.00138972 1 0.0254936 -0.213744 0.05 11879.8
0 7647 3 phononTS 0.00182035 -1.20585 -0.653909 0.00172781 3827.51 0.00104229 1 -0.105211 -0.253231 0.05 5050.31
0 7655 4 phononTS 0.00040659 0.066448 0.012337 0.049999 21634.3 0.00034743 1 -0.0694265 -0.12293 0.05 21874.9
0 7720 2 phononTF 0.00173058 -2.81677 -1.56937 -0.0463148 1421.14 0.00069486 1 -0.0223226 -0.154068 0.05 35349
0 7726 3 phononTS 0.00195815 -0.155748 -0.665979 0.00105691 2337.37 0.00104229 1 0.0476434 -0.258278 0.05 2497.62
0 7737 2 phononTF 0.00174986 2.57533 1.84076 0.020242 1038.82 0.00034743 1 0.0534117 -0.111238 0.05 15170.1
0 7738 3 phononTS 0.00254665 -2.68868 -1.76525 -0.0367241 838.66 0.00138972 1 -0.0757583 -0.170205 0.05 13655.2
0 7741 2 phononTS 0.00173273 -0.0236233 -2.25386 -0.00796621 419.327 0.00104229 1 -0.0719842 -0.278512 0.05 10279.3
0 7841 4 phononTS 0.00165378 -0.00512322 0.104922 0.049999 11190.4 0.00069486 1 -0.103186 -0.149214 0.05 11328
0 7841 10 phononL 0.000348096 -0.103186 -0.149214 0.049999 11328 0.00034743 1 -0.0878161 -0.162142 0.05 11621.4
0 7845 3 phononL 0.00247511 0.873314 -1.46629 -0.039351 8298.55 0.00138972 1 0.0786497 -0.128982 0.05 8916.73
0 7857 4 phononTF 0.0015182 2.81457 -1.64129 0.0278281 3399.28 0.00069486 1 -0.0669359 -0.20719 0.05 4979.28
0 7882 15 phononTS 0.000370372 2.21787 0.0892111 0.049999 19982.1 0.00034743 1 0.101987 -0.204481 0.05 26084.1
0 7895 2 phononTF 0.00177437 2.36119 -1.48861 0.0150108 9434.17 0.00069486 1 0.0533284 -0.216623 0.05 14902.7
0 7944 2 phononTF 0.00304709 -0.265927 -0.552254 0.0261929 38.8791 0.00138972 1 0.051043 -0.29182 0.05 406.946
0 7954 1 phononTF 0.004 -2.29254 -0.260728 -0.00401105 0 0.00208458 1 -0.113181 -0.175311 0.05 7153.93
0 7974 2 phononTS 0.00217999 0.88147 -1.49147 0.00834685 1279 0.00104229 1 0.0715626 -0.237492 0.05 12987.3
0 7977 1 phononTF 0.004 -0.0361332 -0.50037 0.0277472 0 0.00208458 1 -0.0502404 -0.245388 0.05 206.6
0 7977 9 phononTF 0.000873144 -0.0502404 -0.245388 0.049999 206.6 0.00069486 1 0.0785945 -0.235597 0.05 281.281
0 7978 2 phononTF 0.00187734 -0.666882 2.33335 0.0482313 684.228 0.00069486 1 0.0275585 -0.188999 0.05 9623.51
0 7985 3 phononL 0.00169553 -2.71958 0.0393201 -0.0273017 25.3096 0.00034743 1 0.0322995 -0.224755 0.05 41486.2
0 8012 2 phononTF 0.000960009 -1.60138 1.61295 0.0269603 5414.99 0.00034743 1 0.0999278 -0.199519 0.05 32648
0 8012 30 phononTF 0.000589915 0.0999278 -0.199519 0.049999 32648 0.00034743 1 0.0979735 -0.241627 0.05 32707.2
0 8025 3 phononL 0.00263956 0.209964 -0.675509 -0.0152165 123.754 0.00104229 1 0.107803 -0.15316 0.05 684.508
0 8038 2 phononTS 0.00143061 -0.928735 1.209 -0.045981 2075.28 0.00069486 1 0.0488306 -0.261059 0.05 29960.9
0 8045 3 phononTS 0.0025422 0.797078 0.774782 -0.0335857 183.098 0.00104229 1 -0.0373634 -0.195805 0.05 2826.72
0 8045 6 phononL 0.000415784 -0.0373634 -0.195805 0.049999 2826.72 0.00034743 1 -0.10733 -0.201428 0.05 2931.08
0 8070 3 phononTS 0.00191741 1.57639 2.70845 0.0317695 18646.3 0.00034743 1 0.0333193 -0.27036 0.05 28966.1
0 8092 1 phononTF 0.004 0.724431 -1.56061 0.00438308 0 0.00173715 1 0.0375975 -0.188468 0.05 4448.04
0 8147 9 phononTS 0.000433339 -0.0337857 0.0896597 0.049999 3232.09 0.00034743 1 -0.116545 -0.226288 0.05 3781.44
0 8155 2 phononTS 0.00261169 0.896579 -2.10807 -0.00847089 10830.2 0.00173715 1 -0.045683 -0.140922 0.05 38168
0 8220 1 phononTS 0.004 -0.31939 -0.424328 -0.0393786 0 0.00243201 1 0.0716992 -0.283003 0.05 1119.71
0 8243 2 phononTS 0.00269825 1.58539 -1.95388 -0.0355435 39.2936 0.00173715 1 -0.0597904 -0.278273 0.05 11004.1
0 8260 1 phononTF 0.004 0.182865 2.83883 0.0280008 0 0.00208458 1 -0.0156533 -0.202418 0.05 5474.76
0 8268 3 phononTS 0.00239512 0.456674 -1.34518 0.0402882 356.896 0.00104229 1 0.0498634 -0.275083 0.05 7067.47
0 8284 1 phononL 0.004 0.562065 -0.053513 0.000367723 0 0.00138972 1 0.0695905 -0.291387 0.05 268.874
0 8300 2 phononL 0.00225138 0.221878 0.635703 -0.0281526 1315.69 0.00104229 1 0.0167685 -0.205314 0.05 3680.02
0 8309 10 phononTS 0.000857854 -2.30761 0.0951872 0.049998 11814.9 0.00034743 1 0.0840237 -0.137144 0.05 14119.8
0 8321 11 phononTF 0.000651741 0.848969 0.0676808 0.049999 130.002 0.00034743 1 -0.0607062 -0.226116 0.05 3794.92
0 8326 3 phononTF 0.00173728 -1.62715 -0.0492397 0.0113325 291.717 0.00069486 1 0.0423677 -0.193864 0.05 22097.2
0 8349 1 phononTS 0.004 -0.333654 0.131623 0.00327635 0 0.00277944 1 0.0367815 -0.130622 0.05 338.377
0 8353 11 phononTF 0.000392553 -0.394597 0.035964 0.049999 2841.1 0.00034743 1 -0.0332969 -0.0958677 0.05 4467.36
0 8364 1 phononTF 0.004 -0.754636 -0.919902 -0.0248344 0 0.00243201 1 0.0559901 -0.151886 0.05 12431.4
0 8365 19 phononL 0.00165507 -2.23963 -2.31299 0.00812846 6361.05 0.00069486 1 -0.0587208 -0.275648 0.05 10977.5
0 8395 2 phononTS 0.00140422 2.78334 0.93452 -0.00723972 4301.91 0.00069486 1 -0.0271976 -0.261528 0.05 8993.33
0 8395 6 phononTF 0.000382961 -0.0271976 -0.261528 0.049999 8993.33 0.00034743 1 0.0777921 -0.230301 0.05 9073.14
0 8434 3 phononTS 0.000543944 -0.261602 0.00760404 0.049999 5355.38 0.00034743 1 0.0244464 -0.196159 0.05 5916.05
0 8450 2 phononTS 0.00140535 -2.16116 0.744794 0.0389848 1816.2 0.00069486 1 0.0426236 -0.273254 0.05 9335.26
0 8453 3 phononL 0.00320641 -0.17795 -0.428405 -0.0482052 10737 0.00104229 1 0.0158382 -0.193252 0.05 10971.2
0 8453 2 phononTF 0.000793586 -0.17795 -0.428405 -0.0482052 10737 0.00034743 1 -0.106961 -0.218653 0.05 12067.9
0 8457 1 phononTF 0.004 0.816201 -1.57012 -0.0173472 0 0.00173715 1 0.114137 -0.237189 0.05 7391.55
0 8457 2 phononTS 0.00172134 0.114137 -0.237189 0.049999 7391.55 0.00104229 1 0.0314557 -0.18058 0.05 7465.76
0 8543 1 phononTF 0.004 2.66125 -2.85083 -0.0177435 0 0.00208458 1 0.0800253 -0.258884 0.05 8852.57
0 8553 2 phononTS 0.00118322 1.84594 -1.25031 -0.00803308 2650.63 0.00069486 1 0.0290073 -0.200877 0.05 5126.5
0 8617 5 phononTF 0.00111175 1.53686 1.6694 0.0233511 1233.23 0.00034743 1 -0.0689264 -0.260654 0.05 4894.28
0 8665 4 phononL 0.000537344 1.62433 0.071796 0.049998 32121.2 0.00034743 1 0.0585349 -0.16252 0.05 43895.3
0 8677 3 phononL 0.00087856 0.376081 -2.46869 0.0170102 3466.41 0.00069486 1 -0.0945247 -0.192791 0.05 43203.9
0 8688 2 phononTS 0.00209802 0.170732 -2.35674 -0.0483112 1800.37 0.00138972 1 0.0559569 -0.22123 0.05 4216.57
0 8728 2 phononTS 0.00180258 -2.3493 2.60079 0.0384439 3716.67 0.00069486 1 -0.0549525 -0.253871 0.05 6552.61
0 8728 16 phononTF 0.000482212 -0.0549525 -0.253871 0.049999 6552.61 0.00034743 1 -0.0805864 -0.252183 0.05 6633.96
0 8730 3 phononTS 0.00203298 -2.84691 2.88567 0.00792047 1238.7 0.00069486 1 0.0608256 -0.172326 0.05 17720.8
0 8777 3 phononTS 0.00218439 -0.133441 0.836074 -0.0166587 171.565 0.00138972 1 -0.079669 -0.176629 0.05 11540.5
0 8801 2 phononL 0.00154892 -0.490853 -0.663006 0.0385703 964.811 0.00104229 1 0.0570285 -0.258861 0.05 17489.3
0 8813 3 phononTS 0.00253934 1.15777 -1.18968 -0.0138135 5.41415 0.00069486 1 -0.108924 -0.156788 0.05 8307.67
0 8852 1 phononTS 0.004 0.334697 -0.542002 -0.0230873 0 0.00277944 1 -0.051067 -0.242111 0.05 4107.96
0 8862 2 phononL 0.00211149 0.413605 -1.42461 -0.0358162 1339.59 0.00104229 1 -0.0472731 -0.223092 0.05 5027.1
0 8862 5 phononL 0.00037228 -0.0472731 -0.223092 0.049999 5027.1 0.00034743 1 0.0360108 -0.191974 0.05 9795.18
0 8900 2 phononTF 0.00124955 -0.682262 1.80001 0.0290443 555.779 0.00069486 1 -0.0223028 -0.216961 0.05 3512.39
0 8906 1 phononTS 0.004 -1.00312 -1.34473 0.0135086 0 0.00208458 1 -0.0246028 -0.237553 0.05 2895.26
0 8920 9 phononTS 0.000919328 -2.49222 0.0310282 0.049999 929.027 0.00034743 1 0.087376 -0.127755 0.05 7666.42
0 8924 2 phononTS 0.00126338 0.354642 -0.646923 0.0254461 84.8564 0.00034743 1 0.0641017 -0.290226 0.05 2588.88
0 8925 3 phononL 0.00218567 0.414211 -1.41507 -0.0297357 6794.7 0.00138972 1 -0.0221595 -0.237964 0.05 36419.1
0 8925 4 phononTS 0.00041529 -0.0221595 -0.237964 0.049999 36419.1 0.00034743 1 -0.0865476 -0.18804 0.05 36488.9
0 8968 3 phononTS 0.00212056 2.03586 2.14227 0.0451639 4147.65 0.00104229 1 0.0980362 -0.185822 0.05 37062
0 8968 2 phononTF 0.00187944 2.03586 2.14227 0.0451639 4147.65 0.00034743 1 -0.0771312 -0.239441 0.05 5709.99
0 8974 3 phononTS 0.00221216 -0.0624461 -0.940722 -0.00972599 2045.9 0.00104229 1 -0.0779515 -0.272438 0.05 25193.7
0 8974 2 phononL 0.00178784 -0.0624461 -0.940722 -0.00972599 2045.9 0.00104229 1 -0.0312448 -0.184011 0.05 30817.9
0 8976 22 phononTF 0.000684043 -0.894683 0.0898143 0.049999 35627.7 0.00034743 1 -0.115993 -0.220366 0.05 36475.3
0 8998 4 phononTF 0.000486757 2.79046 0.0798095 0.049999 18915.8 0.00034743 1 -0.0688235 -0.213417 0.05 21873.2
0 9029 5 phononTF 0.000941796 2.7153 0.0417364 0.049999 14206.8 0.00069486 1 -0.0729166 -0.213546 0.05 43138.8
0 9030 1 phononTS 0.004 -0.116807 0.236192 0.0161429 0 0.00138972 1 0.0545776 -0.289903 0.05 1991.07
0 9047 3 phononL 0.00289427 -0.374289 -0.816674 0.00202924 1115.66 0.00173715 1 -0.116352 -0.211103 0.05 3716.28
0 9047 2 phononTS 0.00110573 -0.374289 -0.816674 0.00202924 1115.66 0.00069486 1 0.102045 -0.251797 0.05 29545.1
0 9058 3 phononTS 0.00212885 0.0110608 -1.32895 0.00244371 4813.8 0.00069486 1 0.112583 -0.162398 0.05 5653.77
0 9062 6 phononTF 0.000607401 0.983782 0.0277573 0.049999 23552.2 0.00034743 1 0.0195862 -0.182313 0.05 25606.8
0 9075 7 phononL 0.000822087 0.0370327 0.0546184 0.049999 17981.5 0.00034743 1 -0.0920621 -0.195551 0.05 18179.2
0 9107 3 phononTS 0.000918215 0.24097 -0.213988 0.0264129 3089.83 0.00034743 1 -0.113192 -0.223636 0.05 3813.56
0 9116 1 phononTF 0.004 0.200721 -0.535722 -0.00691789 0 0.00208458 1 0.0689128 -0.278246 0.05 2702.35
0 9116 5 phononTF 0.000365145 0.0689128 -0.278246 0.049999 2702.35 0.00034743 1 0.064048 -0.236335 0.05 2762.31
0 9119 3 phononTS 0.00135981 -2.43419 1.57168 0.00172289 6409.62 0.00034743 1 0.101364 -0.139896 0.05 30951.5
0 9119 4 phononTF 0.000881792 0.101364 -0.139896 0.049998 30951.5 0.00034743 1 0.0155303 -0.205922 0.05 31021.4
0 9130 3 phononTS 0.00204081 0.507442 -1.79532 -0.0440178 5880.28 0.00138972 1 0.0473526 -0.178298 0.05 30615.8
0 9176 6 phononTF 0.000498428 -2.39362 0.0265746 0.049999 25482.7 0.00034743 1 0.0890511 -0.200071 0.05 29934.4
0 9184 5 phononTS 0.001452 -2.44542 -0.656882 0.0119949 264.785 0.00069486 1 -0.0770944 -0.113994 0.05 15674.7
0 9188 19 phononTS 0.001195 0.0632438 0.0798363 0.049999 13379.3 0.00069486 1 0.0403699 -0.162933 0.05 13664.2
0 9227 1 phononL 0.004 -0.0235472 0.00485175 0.0132977 0 0.00173715 1 -0.070094 -0.253149 0.05 552.209
0 9236 2 phononTS 0.00188907 0.599556 -2.73049 0.0149729 65.0201 0.00069486 1 -0.10929 -0.190052 0.05 14562.1
0 9254 6 phononTF 0.00140636 0.747534 0.09647 0.049999 13104.8 0.00069486 1 0.0706279 -0.163619 0.05 33032.9
0 9289 1 phononTF 0.004 0.414147 -0.69443 0.0393775 0 0.00173715 1 -0.0480967 -0.211238 0.05 1904.58
0 9351 1 phononTF 0.004 0.0913578 -0.122152 0.0366494 0 0.00208458 1 0.0736819 -0.192137 0.05 108.144
0 9356 2 phononTF 0.00201212 0.951777 1.4051 0.040384 16878.6 0.00034743 1 0.110495 -0.223511 0.05 19259
0 9375 2 phononTF 0.00106497 -2.40282 -1.28249 -0.0384523 7197.98 0.00034743 1 0.103781 -0.190392 0.05 24955
0 9393 3 phononTF 0.0014258 0.00127364 -0.852008 -0.0062555 13796.2 0.00034743 1 0.0265777 -0.162557 0.05 29020.2
0 9393 4 phononL 0.000758257 0.0265777 -0.162557 0.049999 29020.2 0.00034743 1 -0.0128174 -0.18675 0.05 29412.4
0 9422 2 phononTF 0.00187704 -1.66686 2.71995 -0.047253 4006.46 0.00069486 1 -0.0509911 -0.189366 0.05 6634.71
0 9422 8 phononTF 0.000468389 -0.0509911 -0.189366 0.049999 6634.71 0.00034743 1 0.0860143 -0.224265 0.05 6713.74
0 9464 2 phononTS 0.00144889 0.538191 1.67902 0.00321742 4364.77 0.00069486 1 -0.0576498 -0.110333 0.05 14226.8
0 9486 1 phononTS 0.004 -0.0134833 -0.812543 0.0171445 0 0.00173715 1 -0.030361 -0.290638 0.05 812.105
0 9491 4 phononL 0.00146166 2.49168 2.29361 0.0442068 1854.51 0.00069486 1 0.0403823 -0.243321 0.05 13191.5
0 9495 3 phononTS 0.00216698 -0.0139912 -0.242015 0.0150733 1908.61 0.00069486 1 0.0330578 -0.155911 0.05 1943.18
0 9495 8 phononTS 0.000815314 0.0330578 -0.155911 0.049999 1943.18 0.00034743 1 0.0686209 -0.264728 0.05 2147.86
0 9563 10 phononTF 0.00099562 0.794562 0.0430068 0.049999 857.563 0.00069486 1 0.0710553 -0.220327 0.05 36488.8
0 9570 2 phononTS 0.00180866 -1.80056 -1.427 -0.00470079 21083.1 0.00069486 1 0.0613581 -0.217916 0.05 25846.9
0 9572 2 phononTF 0.0017034 0.622213 2.18696 0.0405515 33663 0.00069486 1 -0.0204244 -0.14085 0.05 66731.4
0 9581 1 phononTS 0.004 -0.143151 -0.338175 0.0373402 0 0.00104229 1 -0.0743731 -0.164131 0.05 356.321
0 9608 1 phononTF 0.004 -0.135096 -0.185711 -0.0283824 0 0.00138972 1 0.0393773 -0.249425 0.05 309.622
0 9614 4 phononTF 0.000745776 1.41863 0.0674053 0.049998 20405.8 0.00034743 1 0.04367 -0.287454 0.05 20960.6
0 9633 1 phononL 0.004 -1.87218 0.298042 -0.0193861 0 0.00208458 1 0.0629669 -0.166405 0.05 3688.38
0 9670 3 phononTF 0.00289723 0.7573 1.43581 0.0460388 10172.1 0.00104229 1 -0.0995086 -0.257141 0.05 15775.8
0 9672 3 phononL 0.00178117 0.520289 2.00539 0.0165542 4828.29 0.00034743 1 -0.0752063 -0.206932 0.05 17040.1
0 9684 1 phononTF 0.004 -0.0948567 -0.264138 0.00720804 0 0.00277944 1 -0.101933 -0.252045 0.05 172.278
0 9690 3 phononTF 0.00133023 -0.091791 -0.219823 0.0163886 7707.24 0.00069486 1 -0.0905717 -0.213959 0.05 7716.9
0 9690 2 phononTF 0.00266977 -0.091791 -0.219823 0.0163886 7707.24 0.00069486 1 0.0285904 -0.150258 0.05 7777.62
0 9732 5 phononTS 0.000601743 -0.218366 0.0408299 0.049999 3198.38 0.00034743 1 -0.0743 -0.248448 0.05 3341.46
0 9749 4 phononL 0.0005909 -0.414577 0.0283498 0.049999 11521.5 0.00034743 1 -0.115642 -0.183446 0.05 17648.5
0 9770 3 phononTF 0.00165467 1.58765 1.1658 -0.0420436 934.593 0.00069486 1 0.0245922 -0.13167 0.05 33729.2
0 9770 2 phononL 0.00234533 1.58765 1.1658 -0.0420436 934.593 0.00069486 1 0.0509606 -0.191205 0.05 44631.9
0 9770 13 phononL 0.000409399 0.0509606 -0.191205 0.049999 44631.9 0.00034743 1 -0.0497677 -0.201596 0.05 44904.1
0 9809 4 phononL 0.000588074 -0.292292 0.0139487 0.049998 22882 0.00034743 1 -0.0985051 -0.225472 0.05 22960.9
0 9816 1 phononTS 0.004 0.343385 -0.478946 0.0325729 0 0.00173715 1 0.0455603 -0.218127 0.05 721.65
0 9816 2 phononTS 0.00122678 0.0455603 -0.218127 0.049999 721.65 0.00104229 1 -0.0434258 -0.116065 0.05 917.731
0 9929 2 phononTS 0.0013402 -0.399649 -1.71377 -0.0197224 771.271 0.00069486 1 0.0380158 -0.284686 0.05 9402.54
0 9932 3 phononTS 0.00232364 0.613398 -1.17182 0.0277502 3513.04 0.00104229 1 0.0953032 -0.266572 0.05 4170.2
0 9932 6 phononL 0.000826774 0.0953032 -0.266572 0.049999 4170.2 0.00034743 1 -0.107888 -0.192339 0.05 13409.4
0 9954 1 phononTS 0.004 -0.278787 0.344131 -0.015678 0 0.00138972 1 0.11777 -0.181958 0.05 937.461
0 9955 3 phononTS 0.00272086 0.891961 -1.54367 0.0351195 1974.62 0.00173715 1 -0.0963425 -0.191981 0.05 6523.73
0 9956 2 phononTS 0.00126272 0.994843 -0.564493 0.0293408 4366.15 0.00069486 1 0.104294 -0.200582 0.05 5494.72
0 9961 2 phononTS 0.00209947 1.45532 -2.2867 -0.0118353 5500.04 0.00069486 1 0.0656071 -0.213903 0.05 39221.7
