Run ID,Event ID,Track ID,Particle Name,Start Energy [eV],Start X [m],Start Y [m],Start Z [m],Start Time [ns],Energy Deposited [eV],Track Weight,End X [m],End Y [m],End Z [m],Final Time [ns]
0,0,1,phononL,0.0075,0,0,0,0,0.00339507,1,-4.58482e-05,2.93897e-05,5e-05,173.697
0,0,19,phononTS,7.15121e-06,-4.58482e-05,2.93897e-05,4.9999e-05,173.697,7.15121e-06,1,-0.000111804,4.93313e-05,5e-05,296.678
0,0,18,phononTF,0.000217743,-4.58482e-05,2.93897e-05,4.9999e-05,173.697,0.000217743,1,-4.76891e-05,0.000276585,5e-05,357.169
0,0,15,phononTS,1.01082e-05,-4.58482e-05,2.93897e-05,4.9999e-05,173.697,1.01082e-05,1,-2.39474e-05,2.67163e-05,5e-05,236.21
0,0,12,phononTS,9.38921e-06,-4.58482e-05,2.93897e-05,4.9999e-05,173.697,9.38921e-06,1,2.42117e-05,1.38696e-05,5e-05,296.178
0,0,11,phononTS,0.000344054,-4.58482e-05,2.93897e-05,4.9999e-05,173.697,0.000344054,1,-1.20731e-05,-6.77853e-06,5e-05,239.426
0,0,4,phononTF,6.69457e-05,-4.58482e-05,2.93897e-05,4.9999e-05,173.697,6.69457e-05,1,0.000516017,-8.82726e-06,5e-05,30846.3
0,0,2,phononTF,0.000274399,-4.58482e-05,2.93897e-05,4.9999e-05,173.697,0.000274399,1,-0.000311525,1.83281e-05,5e-05,308.939
0,1,3,phononTS,0.00264292,0.00010687,-3.615e-05,1.47512e-05,372.988,0.00264292,1,-3.61098e-05,0.000260176,5e-05,540.885
0,1,2,phononTS,0.00485708,0.00010687,-3.615e-05,1.47512e-05,372.988,0.00204386,1,-4.54794e-05,-7.25086e-05,5e-05,571.228
0,1,14,phononTS,0.000253696,-4.54794e-05,-7.25086e-05,4.9999e-05,571.228,0.000253696,1,0.000427362,0.000360083,5e-05,821.847
0,1,12,phononTS,8.51462e-05,-4.54794e-05,-7.25086e-05,4.9999e-05,571.228,8.51462e-05,1,-2.47329e-05,-7.46704e-05,5e-05,627.356
0,1,7,phononTS,0.000376645,-4.54794e-05,-7.25086e-05,4.9999e-05,571.228,0.00034743,1,-0.00023792,0.000102446,5e-05,681.181
0,1,16,phononTS,1.34997e-05,-0.00023792,0.000102446,4.9999e-05,681.181,1.34997e-05,1,-8.86624e-05,0.000330321,5e-05,1519.74
0,2,3,phononL,0.00372278,-4.21186e-05,-2.7054e-05,5.28251e-06,185.486,0.0025706,1,-9.26769e-05,-6.02296e-05,5e-05,199.271
0,2,14,phononTS,0.000204069,-9.26769e-05,-6.02296e-05,4.9999e-05,199.271,0.000204069,1,-8.35857e-05,4.43455e-05,5e-05,498.261
0,2,12,phononTS,1.06107e-05,-9.26769e-05,-6.02296e-05,4.9999e-05,199.271,1.06107e-05,1,0.000222441,0.000781619,5e-05,496.626
0,2,10,phononTF,0.000148285,-9.26769e-05,-6.02296e-05,4.9999e-05,199.271,0.000148285,1,0.000442371,0.00098505,5e-05,46934.7
0,2,4,phononL,0.000308629,-9.26769e-05,-6.02296e-05,4.9999e-05,199.271,0.000308629,1,0.000490112,5.57857e-05,5e-05,387.661
0,2,2,phononTF,0.00377722,-4.21186e-05,-2.7054e-05,5.28251e-06,185.486,0.00377722,1,-9.38179e-06,-1.82324e-05,5e-05,377.694
0,3,3,phononTS,0.00539058,-1.66998e-05,-2.15175e-05,1.20276e-05,86.4698,0.0029696,1,-2.75632e-05,-2.80754e-05,5e-05,98.1836
0,3,22,phononTS,0.000147646,-2.75632e-05,-2.80754e-05,4.9999e-05,98.1836,0.000147646,1,-3.58219e-07,-2.87686e-05,5e-05,154.089
0,3,20,phononTS,4.89063e-05,-2.75632e-05,-2.80754e-05,4.9999e-05,98.1836,4.89063e-05,1,7.49035e-05,-3.6585e-05,5e-05,394.728
0,3,15,phononTS,0.000627363,-2.75632e-05,-2.80754e-05,4.9999e-05,98.1836,0.000627363,1,5.29509e-06,-5.8159e-05,5e-05,212.796
0,3,10,phononTF,2.56626e-05,-2.75632e-05,-2.80754e-05,4.9999e-05,98.1836,2.56626e-05,1,-0.00261223,-4.60058e-05,5e-05,17086.9
0,3,8,phononTS,1.29423e-05,-2.75632e-05,-2.80754e-05,4.9999e-05,98.1836,1.29423e-05,1,-6.40321e-06,0.000856507,5e-05,21246.2
0,3,7,phononTS,0.000104489,-2.75632e-05,-2.80754e-05,4.9999e-05,98.1836,0.000104489,1,6.27682e-05,2.1645e-05,5e-05,324.759
0,3,6,phononTF,9.08802e-05,-2.75632e-05,-2.80754e-05,4.9999e-05,98.1836,9.08802e-05,1,-0.000282121,0.000385654,5e-05,338.573
0,3,5,phononTF,2.51495e-05,-2.75632e-05,-2.80754e-05,4.9999e-05,98.1836,2.51495e-05,1,-3.48406e-05,0.000400086,5e-05,306.429
0,3,24,phononTF,0.00111883,-5.45466e-05,-6.5093e-05,4.9999e-05,109.846,0.00111883,1,-5.45464e-05,-6.50941e-05,5e-05,109.847
0,3,23,phononTS,0.000990585,-5.45466e-05,-6.5093e-05,4.9999e-05,109.846,0.0008772,1,-0.00418525,-6.08296e-05,5e-05,8133.63
0,4,3,phononTF,0.00549382,6.30176e-06,-8.9257e-05,1.60174e-05,91.0744,0.00549382,1,-6.42436e-06,-8.71329e-05,5e-05,105.606
0,4,4,phononTF,0.000553129,3.45517e-06,-0.000169843,-4.9999e-05,120.396,0.000553129,1,-0.00391227,-6.45334e-05,5e-05,3809.98
Run ID,Event ID,Track ID,Particle Name,Start Energy [eV],Start X [m],Start Y [m],Start Z [m],Start Time [ns],Energy Deposited [eV],Track Weight,End X [m],End Y [m],End Z [m],Final Time [ns]
0,0,1,phononL,0.0075,0,0,0,0,0.00339507,1,-4.58482e-05,2.93897e-05,5e-05,173.697
0,0,19,phononTS,7.15121e-06,-4.58482e-05,2.93897e-05,4.9999e-05,173.697,7.15121e-06,1,-0.000111804,4.93313e-05,5e-05,296.678
0,0,18,phononTF,0.000217743,-4.58482e-05,2.93897e-05,4.9999e-05,173.697,0.000217743,1,-4.76891e-05,0.000276585,5e-05,357.169
0,0,15,phononTS,1.01082e-05,-4.58482e-05,2.93897e-05,4.9999e-05,173.697,1.01082e-05,1,-2.39474e-05,2.67163e-05,5e-05,236.21
0,0,12,phononTS,9.38921e-06,-4.58482e-05,2.93897e-05,4.9999e-05,173.697,9.38921e-06,1,2.42117e-05,1.38696e-05,5e-05,296.178
0,0,11,phononTS,0.000344054,-4.58482e-05,2.93897e-05,4.9999e-05,173.697,0.000344054,1,-1.20731e-05,-6.77853e-06,5e-05,239.426
0,0,4,phononTF,6.69457e-05,-4.58482e-05,2.93897e-05,4.9999e-05,173.697,6.69457e-05,1,0.000516017,-8.82726e-06,5e-05,30846.3
0,0,2,phononTF,0.000274399,-4.58482e-05,2.93897e-05,4.9999e-05,173.697,0.000274399,1,-0.000311525,1.83281e-05,5e-05,308.939
0,1,3,phononTS,0.00264292,0.00010687,-3.615e-05,1.47512e-05,372.988,0.00264292,1,-3.61098e-05,0.000260176,5e-05,540.885
0,1,2,phononTS,0.00485708,0.00010687,-3.615e-05,1.47512e-05,372.988,0.00204386,1,-4.54794e-05,-7.25086e-05,5e-05,571.228
0,1,14,phononTS,0.000253696,-4.54794e-05,-7.25086e-05,4.9999e-05,571.228,0.000253696,1,0.000427362,0.000360083,5e-05,821.847
0,1,12,phononTS,8.51462e-05,-4.54794e-05,-7.25086e-05,4.9999e-05,571.228,8.51462e-05,1,-2.47329e-05,-7.46704e-05,5e-05,627.356
0,1,7,phononTS,0.000376645,-4.54794e-05,-7.25086e-05,4.9999e-05,571.228,0.00034743,1,-0.00023792,0.000102446,5e-05,681.181
0,1,16,phononTS,1.34997e-05,-0.00023792,0.000102446,4.9999e-05,681.181,1.34997e-05,1,-8.86624e-05,0.000330321,5e-05,1519.74
0,2,3,phononL,0.00372278,-4.21186e-05,-2.7054e-05,5.28251e-06,185.486,0.0025706,1,-9.26769e-05,-6.02296e-05,5e-05,199.271
0,2,14,phononTS,0.000204069,-9.26769e-05,-6.02296e-05,4.9999e-05,199.271,0.000204069,1,-8.35857e-05,4.43455e-05,5e-05,498.261
0,2,12,phononTS,1.06107e-05,-9.26769e-05,-6.02296e-05,4.9999e-05,199.271,1.06107e-05,1,0.000222441,0.000781619,5e-05,496.626
0,2,10,phononTF,0.000148285,-9.26769e-05,-6.02296e-05,4.9999e-05,199.271,0.000148285,1,0.000442371,0.00098505,5e-05,46934.7
0,2,4,phononL,0.000308629,-9.26769e-05,-6.02296e-05,4.9999e-05,199.271,0.000308629,1,0.000490112,5.57857e-05,5e-05,387.661
0,2,2,phononTF,0.00377722,-4.21186e-05,-2.7054e-05,5.28251e-06,185.486,0.00377722,1,-9.38179e-06,-1.82324e-05,5e-05,377.694
0,3,3,phononTS,0.00539058,-1.66998e-05,-2.15175e-05,1.20276e-05,86.4698,0.0029696,1,-2.75632e-05,-2.80754e-05,5e-05,98.1836
0,3,22,phononTS,0.000147646,-2.75632e-05,-2.80754e-05,4.9999e-05,98.1836,0.000147646,1,-3.58219e-07,-2.87686e-05,5e-05,154.089
0,3,20,phononTS,4.89063e-05,-2.75632e-05,-2.80754e-05,4.9999e-05,98.1836,4.89063e-05,1,7.49035e-05,-3.6585e-05,5e-05,394.728
0,3,15,phononTS,0.000627363,-2.75632e-05,-2.80754e-05,4.9999e-05,98.1836,0.000627363,1,5.29509e-06,-5.8159e-05,5e-05,212.796
0,3,10,phononTF,2.56626e-05,-2.75632e-05,-2.80754e-05,4.9999e-05,98.1836,2.56626e-05,1,-0.00261223,-4.60058e-05,5e-05,17086.9
0,3,8,phononTS,1.29423e-05,-2.75632e-05,-2.80754e-05,4.9999e-05,98.1836,1.29423e-05,1,-6.40321e-06,0.000856507,5e-05,21246.2
0,3,7,phononTS,0.000104489,-2.75632e-05,-2.80754e-05,4.9999e-05,98.1836,0.000104489,1,6.27682e-05,2.1645e-05,5e-05,324.759
0,3,6,phononTF,9.08802e-05,-2.75632e-05,-2.80754e-05,4.9999e-05,98.1836,9.08802e-05,1,-0.000282121,0.000385654,5e-05,338.573
0,3,5,phononTF,2.51495e-05,-2.75632e-05,-2.80754e-05,4.9999e-05,98.1836,2.51495e-05,1,-3.48406e-05,0.000400086,5e-05,306.429
0,3,24,phononTF,0.00111883,-5.45466e-05,-6.5093e-05,4.9999e-05,109.846,0.00111883,1,-5.45464e-05,-6.50941e-05,5e-05,109.847
0,3,23,phononTS,0.000990585,-5.45466e-05,-6.5093e-05,4.9999e-05,109.846,0.0008772,1,-0.00418525,-6.08296e-05,5e-05,8133.63
0,4,3,phononTF,0.00549382,6.30176e-06,-8.9257e-05,1.60174e-05,91.0744,0.00549382,1,-6.42436e-06,-8.71329e-05,5e-05,105.606
0,4,4,phononTF,0.000553129,3.45517e-06,-0.000169843,-4.9999e-05,120.396,0.000553129,1,-0.00391227,-6.45334e-05,5e-05,3809.98
Run ID,Event ID,Track ID,Particle Name,Start Energy [eV],Start X [m],Start Y [m],Start Z [m],Start Time [ns],Energy Deposited [eV],Track Weight,End X [m],End Y [m],End Z [m],Final Time [ns]
Run ID,Event ID,Track ID,Particle Name,Start Energy [eV],Start X [m],Start Y [m],Start Z [m],Start Time [ns],Energy Deposited [eV],Track Weight,End X [m],End Y [m],End Z [m],Final Time [ns]
0,0,1,phononL,0.0075,0,0,0,0,0.00339507,1,-4.58482e-05,2.93897e-05,5e-05,173.697
0,0,19,phononTS,7.15121e-06,-4.58482e-05,2.93897e-05,4.9999e-05,173.697,7.15121e-06,1,-0.000111804,4.93313e-05,5e-05,296.678
0,0,18,phononTF,0.000217743,-4.58482e-05,2.93897e-05,4.9999e-05,173.697,0.000217743,1,-4.76891e-05,0.000276585,5e-05,357.169
0,0,15,phononTS,1.01082e-05,-4.58482e-05,2.93897e-05,4.9999e-05,173.697,1.01082e-05,1,-2.39474e-05,2.67163e-05,5e-05,236.21
0,0,12,phononTS,9.38921e-06,-4.58482e-05,2.93897e-05,4.9999e-05,173.697,9.38921e-06,1,2.42117e-05,1.38696e-05,5e-05,296.178
0,0,11,phononTS,0.000344054,-4.58482e-05,2.93897e-05,4.9999e-05,173.697,0.000344054,1,-1.20731e-05,-6.77853e-06,5e-05,239.426
0,0,4,phononTF,6.69457e-05,-4.58482e-05,2.93897e-05,4.9999e-05,173.697,6.69457e-05,1,0.000516017,-8.82726e-06,5e-05,30846.3
0,0,2,phononTF,0.000274399,-4.58482e-05,2.93897e-05,4.9999e-05,173.697,0.000274399,1,-0.000311525,1.83281e-05,5e-05,308.939
0,1,3,phononTS,0.00264292,0.00010687,-3.615e-05,1.47512e-05,372.988,0.00264292,1,-3.61098e-05,0.000260176,5e-05,540.885
0,1,2,phononTS,0.00485708,0.00010687,-3.615e-05,1.47512e-05,372.988,0.00204386,1,-4.54794e-05,-7.25086e-05,5e-05,571.228
0,1,14,phononTS,0.000253696,-4.54794e-05,-7.25086e-05,4.9999e-05,571.228,0.000253696,1,0.000427362,0.000360083,5e-05,821.847
0,1,12,phononTS,8.51462e-05,-4.54794e-05,-7.25086e-05,4.9999e-05,571.228,8.51462e-05,1,-2.47329e-05,-7.46704e-05,5e-05,627.356
0,1,7,phononTS,0.000376645,-4.54794e-05,-7.25086e-05,4.9999e-05,571.228,0.00034743,1,-0.00023792,0.000102446,5e-05,681.181
0,1,16,phononTS,1.34997e-05,-0.00023792,0.000102446,4.9999e-05,681.181,1.34997e-05,1,-8.86624e-05,0.000330321,5e-05,1519.74
0,2,3,phononL,0.00372278,-4.21186e-05,-2.7054e-05,5.28251e-06,185.486,0.0025706,1,-9.26769e-05,-6.02296e-05,5e-05,199.271
0,2,14,phononTS,0.000204069,-9.26769e-05,-6.02296e-05,4.9999e-05,199.271,0.000204069,1,-8.35857e-05,4.43455e-05,5e-05,498.261
0,2,12,phononTS,1.06107e-05,-9.26769e-05,-6.02296e-05,4.9999e-05,199.271,1.06107e-05,1,0.000222441,0.000781619,5e-05,496.626
0,2,10,phononTF,0.000148285,-9.26769e-05,-6.02296e-05,4.9999e-05,199.271,0.000148285,1,0.000442371,0.00098505,5e-05,46934.7
0,2,4,phononL,0.000308629,-9.26769e-05,-6.02296e-05,4.9999e-05,199.271,0.000308629,1,0.000490112,5.57857e-05,5e-05,387.661
0,2,2,phononTF,0.00377722,-4.21186e-05,-2.7054e-05,5.28251e-06,185.486,0.00377722,1,-9.38179e-06,-1.82324e-05,5e-05,377.694
0,3,3,phononTS,0.00539058,-1.66998e-05,-2.15175e-05,1.20276e-05,86.4698,0.0029696,1,-2.75632e-05,-2.80754e-05,5e-05,98.1836
0,3,22,phononTS,0.000147646,-2.75632e-05,-2.80754e-05,4.9999e-05,98.1836,0.000147646,1,-3.58219e-07,-2.87686e-05,5e-05,154.089
0,3,20,phononTS,4.89063e-05,-2.75632e-05,-2.80754e-05,4.9999e-05,98.1836,4.89063e-05,1,7.49035e-05,-3.6585e-05,5e-05,394.728
0,3,15,phononTS,0.000627363,-2.75632e-05,-2.80754e-05,4.9999e-05,98.1836,0.000627363,1,5.29509e-06,-5.8159e-05,5e-05,212.796
0,3,10,phononTF,2.56626e-05,-2.75632e-05,-2.80754e-05,4.9999e-05,98.1836,2.56626e-05,1,-0.00261223,-4.60058e-05,5e-05,17086.9
0,3,8,phononTS,1.29423e-05,-2.75632e-05,-2.80754e-05,4.9999e-05,98.1836,1.29423e-05,1,-6.40321e-06,0.000856507,5e-05,21246.2
0,3,7,phononTS,0.000104489,-2.75632e-05,-2.80754e-05,4.9999e-05,98.1836,0.000104489,1,6.27682e-05,2.1645e-05,5e-05,324.759
0,3,6,phononTF,9.08802e-05,-2.75632e-05,-2.80754e-05,4.9999e-05,98.1836,9.08802e-05,1,-0.000282121,0.000385654,5e-05,338.573
0,3,5,phononTF,2.51495e-05,-2.75632e-05,-2.80754e-05,4.9999e-05,98.1836,2.51495e-05,1,-3.48406e-05,0.000400086,5e-05,306.429
0,3,24,phononTF,0.00111883,-5.45466e-05,-6.5093e-05,4.9999e-05,109.846,0.00111883,1,-5.45464e-05,-6.50941e-05,5e-05,109.847
0,3,23,phononTS,0.000990585,-5.45466e-05,-6.5093e-05,4.9999e-05,109.846,0.0008772,1,-0.00418525,-6.08296e-05,5e-05,8133.63
0,4,3,phononTF,0.00549382,6.30176e-06,-8.9257e-05,1.60174e-05,91.0744,0.00549382,1,-6.42436e-06,-8.71329e-05,5e-05,105.606
0,4,4,phononTF,0.000553129,3.45517e-06,-0.000169843,-4.9999e-05,120.396,0.000553129,1,-0.00391227,-6.45334e-05,5e-05,3809.98
Run ID,Event ID,Track ID,Particle Name,Start Energy [eV],Start X [m],Start Y [m],Start Z [m],Start Time [ns],Energy Deposited [eV],Track Weight,End X [m],End Y [m],End Z [m],Final Time [ns]
0,0,1,phononL,0.0075,0,0,0,0,0.00339507,1,-4.58482e-05,2.93897e-05,5e-05,173.697
0,0,19,phononTS,7.15121e-06,-4.58482e-05,2.93897e-05,4.9999e-05,173.697,7.15121e-06,1,-0.000111804,4.93313e-05,5e-05,296.678
0,0,18,phononTF,0.000217743,-4.58482e-05,2.93897e-05,4.9999e-05,173.697,0.000217743,1,-4.76891e-05,0.000276585,5e-05,357.169
0,0,15,phononTS,1.01082e-05,-4.58482e-05,2.93897e-05,4.9999e-05,173.697,1.01082e-05,1,-2.39474e-05,2.67163e-05,5e-05,236.21
0,0,12,phononTS,9.38921e-06,-4.58482e-05,2.93897e-05,4.9999e-05,173.697,9.38921e-06,1,2.42117e-05,1.38696e-05,5e-05,296.178
0,0,11,phononTS,0.000344054,-4.58482e-05,2.93897e-05,4.9999e-05,173.697,0.000344054,1,-1.20731e-05,-6.77853e-06,5e-05,239.426
0,0,4,phononTF,6.69457e-05,-4.58482e-05,2.93897e-05,4.9999e-05,173.697,6.69457e-05,1,0.000516017,-8.82726e-06,5e-05,30846.3
0,0,2,phononTF,0.000274399,-4.58482e-05,2.93897e-05,4.9999e-05,173.697,0.000274399,1,-0.000311525,1.83281e-05,5e-05,308.939
0,1,3,phononTS,0.00264292,0.00010687,-3.615e-05,1.47512e-05,372.988,0.00264292,1,-3.61098e-05,0.000260176,5e-05,540.885
0,1,2,phononTS,0.00485708,0.00010687,-3.615e-05,1.47512e-05,372.988,0.00204386,1,-4.54794e-05,-7.25086e-05,5e-05,571.228
0,1,14,phononTS,0.000253696,-4.54794e-05,-7.25086e-05,4.9999e-05,571.228,0.000253696,1,0.000427362,0.000360083,5e-05,821.847
0,1,12,phononTS,8.51462e-05,-4.54794e-05,-7.25086e-05,4.9999e-05,571.228,8.51462e-05,1,-2.47329e-05,-7.46704e-05,5e-05,627.356
0,1,7,phononTS,0.000376645,-4.54794e-05,-7.25086e-05,4.9999e-05,571.228,0.00034743,1,-0.00023792,0.000102446,5e-05,681.181
0,1,16,phononTS,1.34997e-05,-0.00023792,0.000102446,4.9999e-05,681.181,1.34997e-05,1,-8.86624e-05,0.000330321,5e-05,1519.74
0,2,3,phononL,0.00372278,-4.21186e-05,-2.7054e-05,5.28251e-06,185.486,0.0025706,1,-9.26769e-05,-6.02296e-05,5e-05,199.271
0,2,14,phononTS,0.000204069,-9.26769e-05,-6.02296e-05,4.9999e-05,199.271,0.000204069,1,-8.35857e-05,4.43455e-05,5e-05,498.261
0,2,12,phononTS,1.06107e-05,-9.26769e-05,-6.02296e-05,4.9999e-05,199.271,1.06107e-05,1,0.000222441,0.000781619,5e-05,496.626
0,2,10,phononTF,0.000148285,-9.26769e-05,-6.02296e-05,4.9999e-05,199.271,0.000148285,1,0.000442371,0.00098505,5e-05,46934.7
0,2,4,phononL,0.000308629,-9.26769e-05,-6.02296e-05,4.9999e-05,199.271,0.000308629,1,0.000490112,5.57857e-05,5e-05,387.661
0,2,2,phononTF,0.00377722,-4.21186e-05,-2.7054e-05,5.28251e-06,185.486,0.00377722,1,-9.38179e-06,-1.82324e-05,5e-05,377.694
0,3,3,phononTS,0.00539058,-1.66998e-05,-2.15175e-05,1.20276e-05,86.4698,0.0029696,1,-2.75632e-05,-2.80754e-05,5e-05,98.1836
0,3,22,phononTS,0.000147646,-2.75632e-05,-2.80754e-05,4.9999e-05,98.1836,0.000147646,1,-3.58219e-07,-2.87686e-05,5e-05,154.089
0,3,20,phononTS,4.89063e-05,-2.75632e-05,-2.80754e-05,4.9999e-05,98.1836,4.89063e-05,1,7.49035e-05,-3.6585e-05,5e-05,394.728
0,3,15,phononTS,0.000627363,-2.75632e-05,-2.80754e-05,4.9999e-05,98.1836,0.000627363,1,5.29509e-06,-5.8159e-05,5e-05,212.796
0,3,10,phononTF,2.56626e-05,-2.75632e-05,-2.80754e-05,4.9999e-05,98.1836,2.56626e-05,1,-0.00261223,-4.60058e-05,5e-05,17086.9
0,3,8,phononTS,1.29423e-05,-2.75632e-05,-2.80754e-05,4.9999e-05,98.1836,1.29423e-05,1,-6.40321e-06,0.000856507,5e-05,21246.2
0,3,7,phononTS,0.000104489,-2.75632e-05,-2.80754e-05,4.9999e-05,98.1836,0.000104489,1,6.27682e-05,2.1645e-05,5e-05,324.759
0,3,6,phononTF,9.08802e-05,-2.75632e-05,-2.80754e-05,4.9999e-05,98.1836,9.08802e-05,1,-0.000282121,0.000385654,5e-05,338.573
0,3,5,phononTF,2.51495e-05,-2.75632e-05,-2.80754e-05,4.9999e-05,98.1836,2.51495e-05,1,-3.48406e-05,0.000400086,5e-05,306.429
0,3,24,phononTF,0.00111883,-5.45466e-05,-6.5093e-05,4.9999e-05,109.846,0.00111883,1,-5.45464e-05,-6.50941e-05,5e-05,109.847
0,3,23,phononTS,0.000990585,-5.45466e-05,-6.5093e-05,4.9999e-05,109.846,0.0008772,1,-0.00418525,-6.08296e-05,5e-05,8133.63
0,4,3,phononTF,0.00549382,6.30176e-06,-8.9257e-05,1.60174e-05,91.0744,0.00549382,1,-6.42436e-06,-8.71329e-05,5e-05,105.606
0,4,4,phononTF,0.000553129,3.45517e-06,-0.000169843,-4.9999e-05,120.396,0.000553129,1,-0.00391227,-6.45334e-05,5e-05,3809.98
Run ID,Event ID,Track ID,Particle Name,Start Energy [eV],Start X [m],Start Y [m],Start Z [m],Start Time [ns],Energy Deposited [eV],Track Weight,End X [m],End Y [m],End Z [m],Final Time [ns]
0,0,1,phononL,0.0075,0,0,0,0,0.00339507,1,-4.58482e-05,2.93897e-05,5e-05,173.697
0,0,19,phononTS,7.15121e-06,-4.58482e-05,2.93897e-05,4.9999e-05,173.697,7.15121e-06,1,-0.000111804,4.93313e-05,5e-05,296.678
0,0,18,phononTF,0.000217743,-4.58482e-05,2.93897e-05,4.9999e-05,173.697,0.000217743,1,-4.76891e-05,0.000276585,5e-05,357.169
0,0,15,phononTS,1.01082e-05,-4.58482e-05,2.93897e-05,4.9999e-05,173.697,1.01082e-05,1,-2.39474e-05,2.67163e-05,5e-05,236.21
0,0,12,phononTS,9.38921e-06,-4.58482e-05,2.93897e-05,4.9999e-05,173.697,9.38921e-06,1,2.42117e-05,1.38696e-05,5e-05,296.178
0,0,11,phononTS,0.000344054,-4.58482e-05,2.93897e-05,4.9999e-05,173.697,0.000344054,1,-1.20731e-05,-6.77853e-06,5e-05,239.426
0,0,4,phononTF,6.69457e-05,-4.58482e-05,2.93897e-05,4.9999e-05,173.697,6.69457e-05,1,0.000516017,-8.82726e-06,5e-05,30846.3
0,0,2,phononTF,0.000274399,-4.58482e-05,2.93897e-05,4.9999e-05,173.697,0.000274399,1,-0.000311525,1.83281e-05,5e-05,308.939
Run ID,Event ID,Track ID,Particle Name,Start Energy [eV],Start X [m],Start Y [m],Start Z [m],Start Time [ns],Energy Deposited [eV],Track Weight,End X [m],End Y [m],End Z [m],Final Time [ns]
0,0,1,phononL,0.0075,0,0,0,0,0.00339507,1,-4.58482e-05,2.93897e-05,5e-05,173.697
0,0,19,phononTS,7.15121e-06,-4.58482e-05,2.93897e-05,4.9999e-05,173.697,7.15121e-06,1,-0.000111804,4.93313e-05,5e-05,296.678
0,0,18,phononTF,0.000217743,-4.58482e-05,2.93897e-05,4.9999e-05,173.697,0.000217743,1,-4.76891e-05,0.000276585,5e-05,357.169
0,0,15,phononTS,1.01082e-05,-4.58482e-05,2.93897e-05,4.9999e-05,173.697,1.01082e-05,1,-2.39474e-05,2.67163e-05,5e-05,236.21
0,0,12,phononTS,9.38921e-06,-4.58482e-05,2.93897e-05,4.9999e-05,173.697,9.38921e-06,1,2.42117e-05,1.38696e-05,5e-05,296.178
0,0,11,phononTS,0.000344054,-4.58482e-05,2.93897e-05,4.9999e-05,173.697,0.000344054,1,-1.20731e-05,-6.77853e-06,5e-05,239.426
0,0,4,phononTF,6.69457e-05,-4.58482e-05,2.93897e-05,4.9999e-05,173.697,6.69457e-05,1,0.000516017,-8.82726e-06,5e-05,30846.3
0,0,2,phononTF,0.000274399,-4.58482e-05,2.93897e-05,4.9999e-05,173.697,0.000274399,1,-0.000311525,1.83281e-05,5e-05,308.939
Run ID,Event ID,Track ID,Particle Name,Start Energy [eV],Start X [m],Start Y [m],Start Z [m],Start Time [ns],Energy Deposited [eV],Track Weight,End X [m],End Y [m],End Z [m],Final Time [ns]
Run ID,Event ID,Track ID,Particle Name,Start Energy [eV],Start X [m],Start Y [m],Start Z [m],Start Time [ns],Energy Deposited [eV],Track Weight,End X [m],End Y [m],End Z [m],Final Time [ns]
0,0,1,phononL,0.0075,0,0,0,0,0.00339507,1,-4.58482e-05,2.93897e-05,5e-05,173.697
0,0,19,phononTS,7.15121e-06,-4.58482e-05,2.93897e-05,4.9999e-05,173.697,7.15121e-06,1,-0.000111804,4.93313e-05,5e-05,296.678
0,0,15,phononTS,1.01082e-05,-4.58482e-05,2.93897e-05,4.9999e-05,173.697,1.01082e-05,1,-2.39474e-05,2.67163e-05,5e-05,236.21
0,0,4,phononTF,6.69457e-05,-4.58482e-05,2.93897e-05,4.9999e-05,173.697,6.69457e-05,1,-0.00236466,3.27944e-05,5e-05,5029.31
0,0,2,phononTF,0.000274399,-4.58482e-05,2.93897e-05,4.9999e-05,173.697,0.000274399,1,-0.000842879,-3.7952e-06,5e-05,579.424
Run ID,Event ID,Track ID,Particle Name,Start Energy [eV],Start X [m],Start Y [m],Start Z [m],Start Time [ns],Energy Deposited [eV],Track Weight,End X [m],End Y [m],End Z [m],Final Time [ns]
0,0,1,phononL,0.0075,0,0,0,0,0.00339507,1,-4.58482e-05,2.93897e-05,5e-05,173.697
0,0,19,phononTS,7.15121e-06,-4.58482e-05,2.93897e-05,4.9999e-05,173.697,7.15121e-06,1,-0.000111804,4.93313e-05,5e-05,296.678
0,0,15,phononTS,1.01082e-05,-4.58482e-05,2.93897e-05,4.9999e-05,173.697,1.01082e-05,1,-2.39474e-05,2.67163e-05,5e-05,236.21
0,0,4,phononTF,6.69457e-05,-4.58482e-05,2.93897e-05,4.9999e-05,173.697,6.69457e-05,1,-0.00236466,3.27944e-05,5e-05,5029.31
0,0,2,phononTF,0.000274399,-4.58482e-05,2.93897e-05,4.9999e-05,173.697,0.000274399,1,-0.000842879,-3.7952e-06,5e-05,579.424
Run ID,Event ID,Track ID,Particle Name,Start Energy [eV],Start X [m],Start Y [m],Start Z [m],Start Time [ns],Energy Deposited [eV],Track Weight,End X [m],End Y [m],End Z [m],Final Time [ns]
Run ID,Event ID,Track ID,Particle Name,Start Energy [eV],Start X [m],Start Y [m],Start Z [m],Start Time [ns],Energy Deposited [eV],Track Weight,End X [m],End Y [m],End Z [m],Final Time [ns]
Run ID,Event ID,Track ID,Particle Name,Start Energy [eV],Start X [m],Start Y [m],Start Z [m],Start Time [ns],Energy Deposited [eV],Track Weight,End X [m],End Y [m],End Z [m],Final Time [ns]
Run ID,Event ID,Track ID,Particle Name,Start Energy [eV],Start X [m],Start Y [m],Start Z [m],Start Time [ns],Energy Deposited [eV],Track Weight,End X [m],End Y [m],End Z [m],Final Time [ns]
Run ID,Event ID,Track ID,Particle Name,Start Energy [eV],Start X [m],Start Y [m],Start Z [m],Start Time [ns],Energy Deposited [eV],Track Weight,End X [m],End Y [m],End Z [m],Final Time [ns]
Run ID,Event ID,Track ID,Particle Name,Start Energy [eV],Start X [m],Start Y [m],Start Z [m],Start Time [ns],Energy Deposited [eV],Track Weight,End X [m],End Y [m],End Z [m],Final Time [ns]
Run ID,Event ID,Track ID,Particle Name,Start Energy [eV],Start X [m],Start Y [m],Start Z [m],Start Time [ns],Energy Deposited [eV],Track Weight,End X [m],End Y [m],End Z [m],Final Time [ns]
0,0,1,phononL,0.0075,0,0,0,0,0.00339507,1,-4.58482e-05,2.93897e-05,5e-05,173.697
0,0,19,phononTS,7.15121e-06,-4.58482e-05,2.93897e-05,4.9999e-05,173.697,7.15121e-06,1,-0.000111804,4.93313e-05,5e-05,296.678
0,0,15,phononTS,1.01082e-05,-4.58482e-05,2.93897e-05,4.9999e-05,173.697,1.01082e-05,1,-2.39474e-05,2.67163e-05,5e-05,236.21
0,0,4,phononTF,6.69457e-05,-4.58482e-05,2.93897e-05,4.9999e-05,173.697,6.69457e-05,1,-0.00236466,3.27944e-05,5e-05,5029.31
0,0,2,phononTF,0.000274399,-4.58482e-05,2.93897e-05,4.9999e-05,173.697,0.000274399,1,-0.000842879,-3.7952e-06,5e-05,579.424
Run ID,Event ID,Track ID,Particle Name,Start Energy [eV],Start X [m],Start Y [m],Start Z [m],Start Time [ns],Energy Deposited [eV],Track Weight,End X [m],End Y [m],End Z [m],Final Time [ns]
Run ID,Event ID,Track ID,Particle Name,Start Energy [eV],Start X [m],Start Y [m],Start Z [m],Start Time [ns],Energy Deposited [eV],Track Weight,End X [m],End Y [m],End Z [m],Final Time [ns]
Run ID,Event ID,Track ID,Particle Name,Start Energy [eV],Start X [m],Start Y [m],Start Z [m],Start Time [ns],Energy Deposited [eV],Track Weight,End X [m],End Y [m],End Z [m],Final Time [ns]
0,0,1,phononL,0.0075,0,0,0,0,0.00339507,1,-4.58482e-05,2.93897e-05,5e-05,173.697
0,0,19,phononTS,7.15121e-06,-4.58482e-05,2.93897e-05,4.9999e-05,173.697,7.15121e-06,1,-0.000111804,4.93313e-05,5e-05,296.678
0,0,15,phononTS,1.01082e-05,-4.58482e-05,2.93897e-05,4.9999e-05,173.697,1.01082e-05,1,-2.39474e-05,2.67163e-05,5e-05,236.21
0,0,12,phononTS,9.38921e-06,-4.58482e-05,2.93897e-05,4.9999e-05,173.697,9.38921e-06,1,-1.08183e-05,2.16297e-05,5e-05,234.937
0,0,11,phononTS,0.000344054,-4.58482e-05,2.93897e-05,4.9999e-05,173.697,0.000344054,1,0.000123028,-0.000151452,5e-05,502.345
0,0,8,phononTS,7.69331e-05,-4.58482e-05,2.93897e-05,4.9999e-05,173.697,7.69331e-05,1,-1.10035e-05,7.5991e-05,5e-05,239.897
0,0,6,phononTS,0.000343158,-4.58482e-05,2.93897e-05,4.9999e-05,173.697,0.000343158,1,0.00284548,4.11282e-06,5e-05,4429.03
0,0,4,phononTF,6.69457e-05,-4.58482e-05,2.93897e-05,4.9999e-05,173.697,6.69457e-05,1,-0.00236466,3.27944e-05,5e-05,5029.31
Run ID,Event ID,Track ID,Particle Name,Start Energy [eV],Start X [m],Start Y [m],Start Z [m],Start Time [ns],Energy Deposited [eV],Track Weight,End X [m],End Y [m],End Z [m],Final Time [ns]
0,0,1,phononL,0.0075,0,0,0,0,0.00339507,1,-4.58482e-05,2.93897e-05,5e-05,173.697
0,0,19,phononTS,7.15121e-06,-4.58482e-05,2.93897e-05,4.9999e-05,173.697,7.15121e-06,1,-0.000111804,4.93313e-05,5e-05,296.678
0,0,15,phononTS,1.01082e-05,-4.58482e-05,2.93897e-05,4.9999e-05,173.697,1.01082e-05,1,-2.39474e-05,2.67163e-05,5e-05,236.21
0,0,12,phononTS,9.38921e-06,-4.58482e-05,2.93897e-05,4.9999e-05,173.697,9.38921e-06,1,-1.08183e-05,2.16297e-05,5e-05,234.937
0,0,11,phononTS,0.000344054,-4.58482e-05,2.93897e-05,4.9999e-05,173.697,0.000344054,1,0.000123028,-0.000151452,5e-05,502.345
0,0,8,phononTS,7.69331e-05,-4.58482e-05,2.93897e-05,4.9999e-05,173.697,7.69331e-05,1,-1.10035e-05,7.5991e-05,5e-05,239.897
0,0,6,phononTS,0.000343158,-4.58482e-05,2.93897e-05,4.9999e-05,173.697,0.000343158,1,0.00284548,4.11282e-06,5e-05,4429.03
0,0,4,phononTF,6.69457e-05,-4.58482e-05,2.93897e-05,4.9999e-05,173.697,6.69457e-05,1,-0.00236466,3.27944e-05,5e-05,5029.31
Run ID,Event ID,Track ID,Particle Name,Start Energy [eV],Start X [m],Start Y [m],Start Z [m],Start Time [ns],Energy Deposited [eV],Track Weight,End X [m],End Y [m],End Z [m],Final Time [ns]
0,0,1,phononL,0.0075,0,0,0,0,0.00339507,1,-4.58482e-05,2.93897e-05,5e-05,173.697
0,0,19,phononTS,7.15121e-06,-4.58482e-05,2.93897e-05,4.9999e-05,173.697,7.15121e-06,1,-0.000111804,4.93313e-05,5e-05,296.678
0,0,15,phononTS,1.01082e-05,-4.58482e-05,2.93897e-05,4.9999e-05,173.697,1.01082e-05,1,-2.39474e-05,2.67163e-05,5e-05,236.21
0,0,12,phononTS,9.38921e-06,-4.58482e-05,2.93897e-05,4.9999e-05,173.697,9.38921e-06,1,-1.08183e-05,2.16297e-05,5e-05,234.937
0,0,11,phononTS,0.000344054,-4.58482e-05,2.93897e-05,4.9999e-05,173.697,0.000344054,1,0.000123028,-0.000151452,5e-05,502.345
0,0,8,phononTS,7.69331e-05,-4.58482e-05,2.93897e-05,4.9999e-05,173.697,7.69331e-05,1,-1.10035e-05,7.5991e-05,5e-05,239.897
0,0,6,phononTS,0.000343158,-4.58482e-05,2.93897e-05,4.9999e-05,173.697,0.000343158,1,0.00284548,4.11282e-06,5e-05,4429.03
0,0,4,phononTF,6.69457e-05,-4.58482e-05,2.93897e-05,4.9999e-05,173.697,6.69457e-05,1,-0.00236466,3.27944e-05,5e-05,5029.31
0,1,1,phononTS,0.0075,0,0,0,0,0.0075,1,-1.12516e-05,1.09536e-05,5e-05,626.286
0,2,1,phononTF,0.0075,0,0,0,0,0.00208458,1,-7.86329e-06,-5.72116e-05,5e-05,93.1476
0,2,18,phononTS,3.84095e-05,-7.86329e-06,-5.72116e-05,4.9999e-05,93.1476,3.84095e-05,1,0.000102639,-0.000277275,5e-05,204.662
0,2,14,phononTF,0.000327646,-7.86329e-06,-5.72116e-05,4.9999e-05,93.1476,0.000327646,1,-0.00388921,1.86638e-05,5e-05,1298.65
0,2,13,phononL,0.000237549,-7.86329e-06,-5.72116e-05,4.9999e-05,93.1476,0.000237549,1,3.65713e-05,3.9831e-05,5e-05,176.73
0,2,12,phononTS,0.000105996,-7.86329e-06,-5.72116e-05,4.9999e-05,93.1476,0.000105996,1,-9.28222e-06,-7.28371e-05,5e-05,154.648
0,2,10,phononTF,0.000275345,-7.86329e-06,-5.72116e-05,4.9999e-05,93.1476,0.000275345,1,0.000112684,-0.000131723,5e-05,39263.1
0,2,9,phononTS,0.000664192,-7.86329e-06,-5.72116e-05,4.9999e-05,93.1476,0.000664192,1,0.000101919,7.12903e-05,5e-05,237.313
0,2,8,phononTF,0.000696588,-7.86329e-06,-5.72116e-05,4.9999e-05,93.1476,0.000696588,1,-0.00178299,2.59998e-05,5e-05,7806.77
0,2,7,phononTS,0.000328539,-7.86329e-06,-5.72116e-05,4.9999e-05,93.1476,0.000328539,1,0.00012377,-0.000160731,5e-05,180.379
0,2,4,phononTF,7.06636e-05,-7.86329e-06,-5.72116e-05,4.9999e-05,93.1476,7.06636e-05,1,-5.91245e-05,-0.000269931,5e-05,225.892
0,3,1,phononTS,0.0075,0,0,0,0,0.0075,1,-0.000276886,6.79909e-05,5e-05,890.468
0,4,2,phononTS,0.00385475,-5.85391e-05,1.73513e-05,-6.49191e-06,222.945,0.00385475,1,-8.95722e-05,-0.000329034,5e-05,474.116
0,5,3,phononTF,0.00402907,2.31294e-05,-0.000113963,-2.00234e-06,272.023,0.00402907,1,0.000382747,8.25085e-05,5e-05,887.969
0,5,2,phononL,0.00347093,2.31294e-05,-0.000113963,-2.00234e-06,272.023,0.00174176,1,-0.000187114,-0.000235137,5e-05,2106.75
0,5,8,phononTS,8.7279e-05,-0.000187114,-0.000235137,4.9999e-05,2106.75,8.7279e-05,1,0.000838126,7.96249e-05,5e-05,2492.41
0,5,7,phononTF,2.40805e-05,-0.000187114,-0.000235137,4.9999e-05,2106.75,2.40805e-05,1,7.18442e-05,-5.17956e-05,5e-05,4853.83
0,5,5,phononL,0.000110725,-0.000187114,-0.000235137,4.9999e-05,2106.75,0.000110725,1,-6.33984e-05,-0.000113651,5e-05,2155.86
0,6,3,phononTS,0.00484258,-4.45466e-05,-9.39975e-05,-3.18043e-06,257.774,0.00484258,1,-9.22012e-05,-2.60137e-05,5e-05,322.093
0,6,2,phononTS,0.00265742,-4.45466e-05,-9.39975e-05,-3.18043e-06,257.774,0.00114918,1,-2.85536e-05,-0.000334237,5e-05,388.023
0,6,10,phononTF,0.000254384,-2.85536e-05,-0.000334237,4.9999e-05,388.023,0.000254384,1,-0.000180402,-0.000341208,5e-05,458.694
0,6,8,phononTS,0.000689851,-2.85536e-05,-0.000334237,4.9999e-05,388.023,0.00034743,1,0.000437969,6.03071e-05,5e-05,675.117
0,6,7,phononTF,0.000120764,-2.85536e-05,-0.000334237,4.9999e-05,388.023,0.000120764,1,7.43747e-05,-9.86122e-05,5e-05,3752.02
0,6,5,phononTS,7.29702e-05,-2.85536e-05,-0.000334237,4.9999e-05,388.023,7.29702e-05,1,-2.84374e-05,-0.000236541,5e-05,626.13
0,7,3,phononTF,0.0033788,-4.71003e-05,1.74056e-05,-2.74246e-05,38.1045,0.0013959,1,0.000103595,-6.09518e-05,5e-05,401.403
0,7,12,phononL,0.000339146,0.000103595,-6.09518e-05,4.9998e-05,401.403,0.000339146,1,0.000117467,-0.000158188,5e-05,444.938
0,7,11,phononTF,3.46371e-05,0.000103595,-6.09518e-05,4.9998e-05,401.403,3.46371e-05,1,-0.00149823,2.26862e-05,5e-05,1369.52
0,7,10,phononTS,1.31296e-06,0.000103595,-6.09518e-05,4.9998e-05,401.403,1.31296e-06,1,8.96341e-05,-3.95514e-05,5e-05,574.801
0,7,9,phononTS,7.04269e-05,0.000103595,-6.09518e-05,4.9998e-05,401.403,7.04269e-05,1,0.0036365,8.60472e-05,5e-05,23051.1
0,7,6,phononTS,0.000222744,0.000103595,-6.09518e-05,4.9998e-05,401.403,0.000222744,1,0.000224961,6.63465e-05,5e-05,543.662
0,7,5,phononTS,0.000585132,0.000103595,-6.09518e-05,4.9998e-05,401.403,0.000585132,1,0.000116391,-4.96412e-05,5e-05,459.026
0,7,4,phononTS,7.7405e-05,0.000103595,-6.09518e-05,4.9998e-05,401.403,7.7405e-05,1,5.55361e-05,-7.06702e-05,5e-05,578.281
0,8,1,phononTS,0.0075,0,0,0,0,0.0075,1,5.12235e-06,-2.76312e-05,5e-05,591.515
0,9,1,phononTS,0.0075,0,0,0,0,0.0075,1,-1.55293e-06,-5.22445e-05,5e-05,227.053
0,10,9,phononTS,0.00109572,-0.000271838,0.000418665,-4.9999e-05,5463.77,0.00034743,1,-0.00138103,3.26333e-05,5e-05,8913
0,10,8,phononTF,0.000909738,-0.000271838,0.000418665,-4.9999e-05,5463.77,0.000909738,1,-0.00167299,8.11535e-05,5e-05,7828.29
0,10,6,phononTF,0.0007487,-0.000208529,0.000285694,3.0757e-05,5203.46,0.0007487,1,0.000246927,7.36801e-05,5e-05,5482.93
0,11,1,phononTS,0.0075,0,0,0,0,0.0075,1,0.000123619,-5.43583e-06,5e-05,373.595
0,12,3,phononTF,0.005208,0.000134876,-1.54158e-06,1.77663e-05,398.86,0.00262609,1,0.000168217,-6.15175e-05,5e-05,453.265
0,12,16,phononTF,0.000150873,0.000168217,-6.15175e-05,4.9999e-05,453.265,0.000150873,1,9.79813e-05,-6.19815e-05,5e-05,513.012
0,12,15,phononTS,2.76251e-05,0.000168217,-6.15175e-05,4.9999e-05,453.265,2.76251e-05,1,0.000118718,2.14551e-05,5e-05,639.901
0,12,14,phononTF,2.56297e-05,0.000168217,-6.15175e-05,4.9999e-05,453.265,2.56297e-05,1,0.0001636,-0.000158047,5e-05,516.37
0,12,12,phononTF,0.000185486,0.000168217,-6.15175e-05,4.9999e-05,453.265,0.000185486,1,0.000260035,5.27821e-06,5e-05,4159.31
0,12,11,phononTF,0.000296943,0.000168217,-6.15175e-05,4.9999e-05,453.265,0.000296943,1,0.000131113,0.000100218,5e-05,3427.43
0,12,10,phononTF,3.21917e-05,0.000168217,-6.15175e-05,4.9999e-05,453.265,3.21917e-05,1,-0.00142496,8.40451e-05,5e-05,969.264
0,12,9,phononTS,0.000237987,0.000168217,-6.15175e-05,4.9999e-05,453.265,0.000237987,1,0.000147058,-4.93465e-05,5e-05,510.035
0,12,2,phononTS,0.002292,0.000134876,-1.54158e-06,1.77663e-05,398.86,0.00138972,1,0.000103605,-0.000196755,5e-05,462.688
0,12,23,phononTS,8.21214e-07,0.000103605,-0.000196755,4.9999e-05,462.688,8.21214e-07,1,-7.63029e-05,-0.000270552,5e-05,615.488
0,13,3,phononTS,0.00566021,7.60587e-05,-2.08217e-05,1.67016e-05,152.129,0.00566021,1,-2.75212e-05,5.23009e-06,5e-05,213.429
0,13,2,phononTS,0.00183979,7.60587e-05,-2.08217e-05,1.67016e-05,152.129,0.00183979,1,4.88217e-05,-4.31816e-05,5e-05,168.819
0,14,3,phononTS,0.00354622,5.11694e-05,2.35356e-05,1.21969e-05,88.9713,0.00354622,1,0.000793965,2.46656e-05,5e-05,373.738
0,14,2,phononTF,0.00395378,5.11694e-05,2.35356e-05,1.21969e-05,88.9713,0.00186656,1,6.42859e-05,-1.16832e-05,5e-05,187.488
0,14,5,phononTS,0.000416104,6.42859e-05,-1.16832e-05,4.9998e-05,187.488,0.000416104,1,0.000849228,1.70339e-05,5e-05,494.897
0,14,4,phononTS,0.00036055,6.42859e-05,-1.16832e-05,4.9998e-05,187.488,0.00034743,1,1.79598e-05,9.99461e-06,5e-05,251.469
0,15,1,phononTS,0.0075,0,0,0,0,0.0039357,1,7.92513e-06,5.85994e-06,5e-05,189.412
0,15,23,phononTS,0.000325297,7.92513e-06,5.85994e-06,4.9999e-05,189.412,0.000325297,1,0.00312197,5.50472e-07,5e-05,3972.34
0,15,20,phononTS,7.58602e-05,7.92513e-06,5.85994e-06,4.9999e-05,189.412,7.58602e-05,1,7.96355e-05,9.80011e-05,5e-05,265.921
0,15,16,phononTS,0.000235431,7.92513e-06,5.85994e-06,4.9999e-05,189.412,0.000235431,1,4.39206e-06,-6.89266e-06,5e-05,246.955
0,15,12,phononTS,0.000324313,7.92513e-06,5.85994e-06,4.9999e-05,189.412,0.000324313,1,4.71745e-05,7.83745e-05,5e-05,262.28
0,15,11,phononTF,0.000337143,7.92513e-06,5.85994e-06,4.9999e-05,189.412,0.000337143,1,0.000235235,3.51018e-06,5e-05,275.034
0,15,9,phononTF,0.000156711,7.92513e-06,5.85994e-06,4.9999e-05,189.412,0.000156711,1,-4.00754e-05,-0.00036466,5e-05,3857.7
0,15,8,phononTS,9.56931e-05,7.92513e-06,5.85994e-06,4.9999e-05,189.412,9.56931e-05,1,-0.000103535,7.90608e-05,5e-05,323.698
0,15,7,phononTS,7.02974e-06,7.92513e-06,5.85994e-06,4.9999e-05,189.412,7.02974e-06,1,6.58784e-05,9.73242e-05,5e-05,432.945
0,15,5,phononTF,0.000134729,7.92513e-06,5.85994e-06,4.9999e-05,189.412,0.000134729,1,-0.000105684,-3.9013e-06,5e-05,255.274
0,15,3,phononTF,0.000565602,7.92513e-06,5.85994e-06,4.9999e-05,189.412,0.000565602,1,0.000321911,-3.77094e-06,5e-05,294.204
0,16,3,phononTS,0.0021781,9.74291e-05,-7.76763e-05,4.79463e-05,322.085,0.0021781,1,9.74124e-05,-7.76805e-05,5e-05,322.664
0,16,2,phononL,0.0053219,9.74291e-05,-7.76763e-05,4.79463e-05,322.085,0.0053219,1,-0.000180442,4.4758e-06,5e-05,1077.92
0,17,3,phononTS,0.00443347,-1.13367e-05,2.25042e-05,-4.25085e-05,258.933,0.00443347,1,0.000143105,1.87303e-05,5e-05,605.285
0,18,4,phononTF,0.00295977,6.64485e-05,7.30106e-05,-1.35029e-05,970.117,0.00295977,1,8.7346e-05,-8.61375e-05,5e-05,1032.78
0,18,6,phononTS,0.0010271,-0.000128172,-0.000269064,4.9999e-05,919.449,0.00069486,1,-0.000128173,-0.000269067,5e-05,919.45
0,18,8,phononTF,2.52553e-06,-0.000128173,-0.000269067,4.9999e-05,919.45,2.52553e-06,1,-0.000132852,-0.00016563,5e-05,982.865
0,19,1,phononL,0.0075,0,0,0,0,0.00382173,1,-2.77942e-05,7.46451e-05,5e-05,76.577
0,19,25,phononTS,0.000339906,-2.77942e-05,7.46451e-05,4.9999e-05,76.577,0.000339906,1,-0.00011393,-3.63648e-05,5e-05,157.957
0,19,24,phononTF,0.000158906,-2.77942e-05,7.46451e-05,4.9999e-05,76.577,0.000158906,1,-0.000248896,7.76842e-05,5e-05,160.836
0,19,23,phononTS,0.000164332,-2.77942e-05,7.46451e-05,4.9999e-05,76.577,0.000164332,1,0.000325205,7.58497e-05,5e-05,219.3
0,19,21,phononTF,7.48986e-05,-2.77942e-05,7.46451e-05,4.9999e-05,76.577,7.48986e-05,1,-8.53643e-05,3.07507e-05,5e-05,3261.86
0,19,18,phononL,0.000119873,-2.77942e-05,7.46451e-05,4.9999e-05,76.577,0.000119873,1,7.69792e-05,-9.03299e-05,5e-05,128.192
0,19,14,phononTS,0.000152196,-2.77942e-05,7.46451e-05,4.9999e-05,76.577,0.000152196,1,0.00315851,2.43717e-05,5e-05,1014.67
0,19,13,phononTS,1.09471e-05,-2.77942e-05,7.46451e-05,4.9999e-05,76.577,1.09471e-05,1,-6.87209e-05,9.81833e-05,5e-05,190.233
0,19,11,phononL,8.47136e-05,-2.77942e-05,7.46451e-05,4.9999e-05,76.577,8.47136e-05,1,-0.00110887,5.28125e-05,5e-05,4387.97
0,19,7,phononTS,0.000256156,-2.77942e-05,7.46451e-05,4.9999e-05,76.577,0.000256156,1,0.000135313,-0.000107482,5e-05,180.386
0,20,1,phononTS,0.0075,0,0,0,0,0.0075,1,-6.95928e-05,2.21498e-05,5e-05,202.011
0,21,4,phononTS,0.00321375,1.0938e-06,3.04533e-05,-7.3783e-08,545.613,0.00321375,1,0.000156344,-5.27686e-05,5e-05,628.707
0,21,8,phononTS,0.000752598,-5.94226e-05,-3.19626e-05,-4.9999e-05,578.223,0.000752598,1,-9.86931e-05,-5.18349e-05,5e-05,775.066
0,22,3,phononL,0.00604194,4.96465e-05,1.44895e-05,-2.99488e-05,148.707,0.00310314,1,-5.15531e-05,-0.000129079,5e-05,504.191
0,22,21,phononTF,0.000240623,-5.15531e-05,-0.000129079,4.9999e-05,504.191,0.000240623,1,7.39219e-06,-0.000127,5e-05,562.951
0,22,18,phononTS,0.000262397,-5.15531e-05,-0.000129079,4.9999e-05,504.191,0.000262397,1,-2.23484e-05,-0.00035603,5e-05,6488.1
0,22,16,phononTF,0.000357237,-5.15531e-05,-0.000129079,4.9999e-05,504.191,0.00034743,1,-0.000163876,-0.000171978,5e-05,623.988
0,22,15,phononTS,0.000166017,-5.15531e-05,-0.000129079,4.9999e-05,504.191,0.000166017,1,-7.15485e-05,-0.000188112,5e-05,798.677
0,22,13,phononTF,3.07056e-05,-5.15531e-05,-0.000129079,4.9999e-05,504.191,3.07056e-05,1,9.12299e-07,-0.000341704,5e-05,593.267
0,22,10,phononTF,0.000306074,-5.15531e-05,-0.000129079,4.9999e-05,504.191,0.000306074,1,-9.40917e-05,-0.000118697,5e-05,617.821
0,22,7,phononTS,0.000168169,-5.15531e-05,-0.000129079,4.9999e-05,504.191,0.000168169,1,-0.000926605,3.51328e-06,5e-05,8169.41
0,22,5,phononTS,0.000243936,-5.15531e-05,-0.000129079,4.9999e-05,504.191,0.000243936,1,-0.00177828,8.7789e-05,5e-05,6542.97
0,23,3,phononTF,0.00354528,3.48191e-05,-6.16609e-05,-3.88172e-05,68.4866,0.00156602,1,-0.000294405,3.41211e-05,5e-05,221.82
0,23,10,phononTS,0.000289956,-0.000294405,3.41211e-05,4.9999e-05,221.82,0.000289956,1,-0.000336594,5.98581e-05,5e-05,286.249
0,23,8,phononTS,0.00032158,-0.000294405,3.41211e-05,4.9999e-05,221.82,0.00032158,1,-0.00033909,1.79553e-05,5e-05,284.938
0,23,6,phononTS,9.1071e-05,-0.000294405,3.41211e-05,4.9999e-05,221.82,9.1071e-05,1,-0.000319731,9.33504e-05,5e-05,510.149
0,23,4,phononTS,0.000165422,-0.000294405,3.41211e-05,4.9999e-05,221.82,0.000165422,1,-0.00028403,5.00254e-05,5e-05,283.445
0,23,2,phononTS,0.00395472,3.48191e-05,-6.16609e-05,-3.88172e-05,68.4866,0.00208849,1,-4.82751e-05,5.72303e-06,5e-05,222.632
0,23,26,phononL,5.76588e-05,-4.82751e-05,5.72303e-06,4.9999e-05,222.632,5.76588e-05,1,-7.57793e-06,-0.000240387,5e-05,312.984
0,23,25,phononTS,5.22989e-05,-4.82751e-05,5.72303e-06,4.9999e-05,222.632,5.22989e-05,1,-3.77658e-05,5.39245e-05,5e-05,335.094
0,23,24,phononTS,2.89527e-06,-4.82751e-05,5.72303e-06,4.9999e-05,222.632,2.89527e-06,1,-7.71354e-05,-5.05798e-05,5e-05,408.823
0,23,23,phononL,8.42374e-06,-4.82751e-05,5.72303e-06,4.9999e-05,222.632,8.42374e-06,1,-0.000138177,-0.000167162,5e-05,274.313
0,23,19,phononTS,5.27733e-05,-4.82751e-05,5.72303e-06,4.9999e-05,222.632,5.27733e-05,1,5.46882e-05,-0.000143204,5e-05,365.19
0,23,17,phononL,3.5891e-05,-4.82751e-05,5.72303e-06,4.9999e-05,222.632,3.5891e-05,1,0.000107749,9.45641e-05,5e-05,272.537
0,24,1,phononL,0.0075,0,0,0,0,0.00312687,1,6.7048e-06,4.83164e-06,5e-05,221.122
0,24,24,phononTS,3.01619e-05,6.7048e-06,4.83164e-06,4.9999e-05,221.122,3.01619e-05,1,0.000163099,-0.000334044,5e-05,366.895
0,24,23,phononTF,0.0001371,6.7048e-06,4.83164e-06,4.9999e-05,221.122,0.0001371,1,3.85414e-05,4.04784e-05,5e-05,391.125
0,24,17,phononTS,0.000206573,6.7048e-06,4.83164e-06,4.9999e-05,221.122,0.000206573,1,4.01254e-05,-4.21702e-05,5e-05,394.581
0,24,16,phononTS,0.000218008,6.7048e-06,4.83164e-06,4.9999e-05,221.122,0.000218008,1,-0.00016215,-9.81978e-05,5e-05,319.602
0,24,15,phononTF,0.000237045,6.7048e-06,4.83164e-06,4.9999e-05,221.122,0.000237045,1,-0.000983988,1.13358e-06,5e-05,707.179
0,24,14,phononTS,1.55269e-05,6.7048e-06,4.83164e-06,4.9999e-05,221.122,1.55269e-05,1,-0.00017208,-0.000290908,5e-05,357.946
0,24,8,phononTS,5.38355e-07,6.7048e-06,4.83164e-06,4.9999e-05,221.122,5.38355e-07,1,-8.06411e-06,-4.99618e-05,5e-05,333.286
0,25,3,phononTS,0.00484322,-2.80878e-05,3.65345e-05,-1.51324e-06,360.356,0.00243201,1,-5.78368e-05,-6.44638e-06,5e-05,420.638
0,25,16,phononTS,3.89294e-06,-5.78368e-05,-6.44638e-06,4.9999e-05,420.638,3.89294e-06,1,-4.38947e-05,1.2333e-05,5e-05,478.382
0,25,14,phononTF,0.000229197,-5.78368e-05,-6.44638e-06,4.9999e-05,420.638,0.000229197,1,0.000152321,6.48532e-08,5e-05,502.384
0,25,11,phononTF,0.000232864,-5.78368e-05,-6.44638e-06,4.9999e-05,420.638,0.000232864,1,-0.000732577,4.06946e-06,5e-05,763.075
0,25,9,phononTS,0.000115465,-5.78368e-05,-6.44638e-06,4.9999e-05,420.638,0.000115465,1,-3.49856e-05,-6.35909e-06,5e-05,476.692
0,25,2,phononL,0.00265678,-2.80878e-05,3.65345e-05,-1.51324e-06,360.356,0.00265678,1,-4.10287e-05,6.75774e-05,5e-05,459.914
0,26,3,phononTS,0.00383472,-4.48152e-05,5.21165e-05,-3.92163e-05,151.127,0.00383472,1,-0.000341051,3.8059e-05,5e-05,1170.52
0,27,3,phononTS,0.0036861,-4.72356e-06,2.95392e-05,1.13407e-05,21.9467,0.00229698,1,-0.00115927,3.68926e-05,5e-05,2583.06
0,27,6,phononTF,4.67895e-05,-0.00115927,3.68926e-05,4.9999e-05,2583.06,4.67895e-05,1,-0.00119902,3.66259e-05,5e-05,2696.39
0,27,2,phononTS,0.0038139,-4.72356e-06,2.95392e-05,1.13407e-05,21.9467,0.0038139,1,0.000185566,-0.000220461,5e-05,170.926
0,28,2,phononTF,0.00507815,-1.05893e-05,2.02912e-05,-2.66072e-05,6.53996,0.00507815,1,4.6077e-05,-5.45813e-06,5e-05,256.59
0,29,3,phononTS,0.00337387,-5.71091e-07,-6.22045e-05,-3.22642e-05,242.479,0.00173715,1,-3.24697e-05,-7.70485e-05,5e-05,280.437
0,29,7,phononTF,0.000292845,-3.24697e-05,-7.70485e-05,4.9999e-05,280.437,0.000292845,1,-8.48785e-05,-7.59785e-05,5e-05,338.711
0,29,5,phononTF,3.15128e-05,-3.24697e-05,-7.70485e-05,4.9999e-05,280.437,3.15128e-05,1,-5.14329e-05,-8.85052e-05,5e-05,337.351
0,29,2,phononTF,0.00412613,-5.71091e-07,-6.22045e-05,-3.22642e-05,242.479,0.00258158,1,-3.70792e-05,-0.000145489,5e-05,578.943
0,29,26,phononTS,0.000260447,-3.70792e-05,-0.000145489,4.9999e-05,578.943,0.000260447,1,9.0332e-05,-0.000145691,5e-05,858.783
0,29,23,phononTS,6.55456e-05,-3.70792e-05,-0.000145489,4.9999e-05,578.943,6.55456e-05,1,-0.00371256,-4.23874e-06,5e-05,3259.28
0,29,21,phononTS,4.75188e-06,-3.70792e-05,-0.000145489,4.9999e-05,578.943,4.75188e-06,1,2.91921e-05,-0.000222991,5e-05,764.845
0,29,19,phononTF,8.42922e-05,-3.70792e-05,-0.000145489,4.9999e-05,578.943,8.42922e-05,1,-3.63264e-05,-4.76524e-05,5e-05,750.368
0,30,3,phononTS,0.00422094,5.72032e-05,-2.96069e-05,1.71024e-05,187.148,0.00422094,1,-0.000174405,7.2671e-05,5e-05,3435.65
0,30,2,phononTS,0.00327906,5.72032e-05,-2.96069e-05,1.71024e-05,187.148,0.00327906,1,0.000189984,-7.42265e-05,5e-05,1192.78
0,31,3,phononTF,0.00460169,-6.63852e-05,1.60393e-05,3.21364e-05,180.723,0.00460169,1,-3.37434e-05,1.92436e-05,5e-05,211.381
0,31,2,phononTF,0.00289831,-6.63852e-05,1.60393e-05,3.21364e-05,180.723,0.00289831,1,0.000113299,-0.000205751,5e-05,391.977
0,32,3,phononTS,0.00491655,5.44016e-05,-8.12254e-05,-3.79426e-05,160.851,0.00491655,1,0.000154025,-0.000258411,5e-05,292.349
0,33,3,phononTF,0.00455729,-9.09271e-06,-1.67055e-07,1.77164e-05,25.0757,0.00455729,1,0.000786431,3.64387e-05,5e-05,4493.95
0,33,2,phononTF,0.00294271,-9.09271e-06,-1.67055e-07,1.77164e-05,25.0757,0.00221496,1,-0.000440221,1.16054e-05,5e-05,4664.26
0,33,11,phononTS,0.000268555,-0.000440221,1.16054e-05,4.9999e-05,4664.26,0.000268555,1,-0.00062099,0.000103197,5e-05,4920.96
0,33,9,phononTF,7.25117e-05,-0.000440221,1.16054e-05,4.9999e-05,4664.26,7.25117e-05,1,-0.000682993,2.50765e-05,5e-05,4754.64
0,33,5,phononTS,3.69166e-05,-0.000440221,1.16054e-05,4.9999e-05,4664.26,3.69166e-05,1,-7.3262e-05,-0.000354859,5e-05,4986.08
0,34,1,phononTF,0.0075,0,0,0,0,0.0075,1,-2.52808e-05,1.55485e-05,5e-05,102.681
0,35,3,phononTS,0.00393921,4.47302e-05,8.38808e-05,-4.58342e-05,172.599,0.00393921,1,-0.00092596,-5.92213e-06,5e-05,1141.82
0,35,2,phononTF,0.00356079,4.47302e-05,8.38808e-05,-4.58342e-05,172.599,0.00356079,1,5.81915e-05,9.20153e-05,5e-05,244.208
0,36,2,phononTF,0.00379082,8.16582e-06,-7.58383e-05,-3.99252e-05,202.485,0.00379082,1,-9.63847e-05,-5.18247e-05,5e-05,580.886
0,37,3,phononTS,0.00361967,3.27251e-05,4.68963e-06,-7.75424e-06,78.1546,0.00208649,1,0.000234685,4.7644e-05,5e-05,163.786
0,38,3,phononTS,0.00398409,1.89383e-06,3.72793e-05,-4.50962e-06,94.9693,0.00398409,1,3.72414e-05,6.41112e-05,5e-05,205.005
0,38,2,phononTS,0.00351591,1.89383e-06,3.72793e-05,-4.50962e-06,94.9693,0.0021327,1,-0.000591237,5.81965e-05,5e-05,971.889
0,38,12,phononTF,0.000123459,-0.000591237,5.81965e-05,4.9999e-05,971.889,0.000123459,1,-0.000229054,7.50998e-05,5e-05,1169.22
0,38,10,phononTS,8.14889e-05,-0.000591237,5.81965e-05,4.9999e-05,971.889,8.14889e-05,1,-0.000173985,8.91434e-05,5e-05,1180.32
0,38,4,phononTS,0.000310973,-0.000591237,5.81965e-05,4.9999e-05,971.889,0.000310973,1,-0.000591865,3.3768e-05,5e-05,1027.89
0,39,3,phononTF,0.0040962,3.63124e-05,-3.17197e-05,6.81466e-06,23.3127,0.00173905,1,-0.000233332,6.90783e-05,5e-05,324.755
0,39,9,phononTS,0.00023646,-0.000233332,6.90783e-05,4.9999e-05,324.755,0.00023646,1,-0.000205574,6.43131e-05,5e-05,384.006
0,39,8,phononTS,0.000102694,-0.000233332,6.90783e-05,4.9999e-05,324.755,0.000102694,1,-0.000263631,6.52901e-05,5e-05,380.555
0,39,7,phononTS,4.38358e-06,-0.000233332,6.90783e-05,4.9999e-05,324.755,4.38358e-06,1,-0.000252792,-1.27997e-05,5e-05,548.88
0,39,6,phononTF,0.000796144,-0.000233332,6.90783e-05,4.9999e-05,324.755,0.000796144,1,0.000281224,7.18619e-05,5e-05,508.452
0,39,5,phononTS,0.000192275,-0.000233332,6.90783e-05,4.9999e-05,324.755,0.000192275,1,-7.39043e-05,5.69201e-06,5e-05,418.263
0,39,4,phononTF,0.000158803,-0.000233332,6.90783e-05,4.9999e-05,324.755,0.000158803,1,-0.000356462,7.33521e-05,5e-05,390.958
0,40,3,phononTS,0.00276367,8.89918e-06,7.48938e-05,-4.13217e-05,253.935,0.00276367,1,-0.000933198,3.21791e-05,5e-05,3719.24
0,41,3,phononTS,0.00248795,-1.76874e-05,4.56042e-05,3.16763e-05,28.7371,0.00104229,1,-1.77906e-05,4.48756e-05,5e-05,33.8978
0,41,11,phononTS,0.000165193,-1.77906e-05,4.48756e-05,4.9999e-05,33.8978,0.000165193,1,-0.000119776,2.12518e-05,5e-05,314.08
0,41,2,phononTS,0.00501205,-1.76874e-05,4.56042e-05,3.16763e-05,28.7371,0.00501205,1,6.49015e-05,-0.000139821,5e-05,704.324
0,42,3,phononTF,0.00409236,8.01898e-06,5.05342e-06,4.55362e-05,70.2108,0.00200023,1,1.03482e-05,0.000100335,5e-05,139.809
0,42,8,phononTF,0.000419649,1.03482e-05,0.000100335,4.9999e-05,139.809,0.000419649,1,7.83188e-05,-0.000235901,5e-05,3495.81
0,42,6,phononL,0.000248472,1.03482e-05,0.000100335,4.9999e-05,139.809,0.000248472,1,9.01443e-05,4.26833e-05,5e-05,2256.73
0,42,2,phononTF,0.00340764,8.01898e-06,5.05342e-06,4.55362e-05,70.2108,0.00340764,1,0.000277925,6.05877e-05,5e-05,832.642
0,43,3,phononTF,0.00490287,2.14088e-05,5.27911e-06,2.37733e-06,177.684,0.00315322,1,-0.000194485,-9.12606e-05,5e-05,496.657
0,43,9,phononTS,1.32702e-05,-0.000194485,-9.12606e-05,4.9999e-05,496.657,1.32702e-05,1,0.000391419,5.56974e-05,5e-05,801.662
0,43,6,phononTF,0.000146983,-0.000194485,-9.12606e-05,4.9999e-05,496.657,0.000146983,1,-0.000182242,-0.000228248,5e-05,566.398
0,43,5,phononTF,2.2725e-05,-0.000194485,-9.12606e-05,4.9999e-05,496.657,2.2725e-05,1,-0.000147916,1.34102e-05,5e-05,3495.87
0,43,2,phononTS,0.00259713,2.14088e-05,5.27911e-06,2.37733e-06,177.684,0.00139509,1,5.80048e-05,-0.00023001,5e-05,442.88
0,43,26,phononTF,6.6541e-05,5.80048e-05,-0.00023001,4.9999e-05,442.88,6.6541e-05,1,-7.81716e-05,-0.000227143,5e-05,511.194
0,43,25,phononTF,0.000305512,5.80048e-05,-0.00023001,4.9999e-05,442.88,0.000305512,1,-0.00106783,8.03341e-05,5e-05,21570.3
0,43,23,phononTS,2.98407e-05,5.80048e-05,-0.00023001,4.9999e-05,442.88,2.98407e-05,1,-0.0049412,5.45977e-05,5e-05,2274.98
0,44,1,phononTF,0.0075,0,0,0,0,0.00419081,1,6.27424e-06,-2.88497e-05,5e-05,40.3295
0,44,24,phononTF,1.97142e-05,6.27424e-06,-2.88497e-05,4.9999e-05,40.3295,1.97142e-05,1,-0.0015067,1.24558e-05,5e-05,4021.91
0,44,22,phononTF,3.95395e-05,6.27424e-06,-2.88497e-05,4.9999e-05,40.3295,3.95395e-05,1,0.00015729,-0.0003606,5e-05,169.817
0,44,21,phononTS,0.000174775,6.27424e-06,-2.88497e-05,4.9999e-05,40.3295,0.000174775,1,-0.000138015,-0.000155088,5e-05,133.364
0,44,19,phononTF,8.46435e-05,6.27424e-06,-2.88497e-05,4.9999e-05,40.3295,8.46435e-05,1,0.000823101,5.05276e-06,5e-05,496.82
0,44,15,phononTF,0.000738983,6.27424e-06,-2.88497e-05,4.9999e-05,40.3295,0.000738983,1,0.00310082,-7.14297e-06,5e-05,1144.09
0,44,13,phononTS,0.000236807,6.27424e-06,-2.88497e-05,4.9999e-05,40.3295,0.000236807,1,-8.78539e-05,-0.000103905,5e-05,117.812
0,44,7,phononL,0.000124365,6.27424e-06,-2.88497e-05,4.9999e-05,40.3295,0.000124365,1,0.000106364,-0.000172201,5e-05,89.6574
0,44,6,phononTF,4.84961e-05,6.27424e-06,-2.88497e-05,4.9999e-05,40.3295,4.84961e-05,1,0.000194996,9.39679e-05,5e-05,3148.63
0,44,3,phononTS,0.000106349,6.27424e-06,-2.88497e-05,4.9999e-05,40.3295,0.000106349,1,2.41015e-05,-1.22784e-05,5e-05,97.5861
0,44,2,phononL,6.3902e-05,6.27424e-06,-2.88497e-05,4.9999e-05,40.3295,6.3902e-05,1,0.000178611,-0.000101698,5e-05,91.2319
0,45,3,phononL,0.00226226,-2.69803e-06,3.60423e-06,5.61408e-06,1.34487,0.0015637,1,-0.000264161,9.42573e-05,5e-05,1243.21
0,45,6,phononTS,0.000300508,-0.000264161,9.42573e-05,4.9999e-05,1243.21,0.000300508,1,-0.000297839,3.78595e-05,5e-05,1309.92
0,45,9,phononTF,0.00232534,-0.00056386,0.00046281,3.49685e-05,2008.16,0.00113938,1,-0.0011266,1.43567e-05,5e-05,8137.08
0,45,12,phononTS,0.000311002,-0.0011266,1.43567e-05,4.9999e-05,8137.08,0.000311002,1,-0.00117269,4.47593e-06,5e-05,8249.66
0,45,8,phononTF,0.00291239,-0.00056386,0.00046281,3.49685e-05,2008.16,0.00291239,1,-0.000715593,8.48526e-05,5e-05,2179.19
0,46,1,phononTS,0.0075,0,0,0,0,0.00313199,1,2.27785e-05,4.59434e-05,5e-05,302.333
0,46,20,phononTF,9.6367e-05,2.27785e-05,4.59434e-05,4.9999e-05,302.333,9.6367e-05,1,7.54959e-05,-5.19485e-05,5e-05,421.566
0,46,19,phononTS,4.56632e-07,2.27785e-05,4.59434e-05,4.9999e-05,302.333,4.56632e-07,1,-0.00104247,8.76016e-05,5e-05,629.7
0,46,16,phononL,4.02652e-05,2.27785e-05,4.59434e-05,4.9999e-05,302.333,4.02652e-05,1,-0.000154564,-6.68131e-05,5e-05,355.713
0,46,14,phononTS,0.000103948,2.27785e-05,4.59434e-05,4.9999e-05,302.333,0.000103948,1,3.65693e-05,-0.000171845,5e-05,749.689
0,46,2,phononTS,0.00279175,2.27785e-05,4.59434e-05,4.9999e-05,302.333,0.00157968,1,0.000258537,-4.6903e-06,5e-05,1227.9
0,46,26,phononTS,0.000338903,0.000258537,-4.6903e-06,4.9999e-05,1227.9,0.000338903,1,-0.00016523,-0.000258323,5e-05,15940.5
0,46,25,phononTF,0.000194288,0.000258537,-4.6903e-06,4.9999e-05,1227.9,0.000194288,1,0.000122177,4.08512e-06,5e-05,1457.01
0,46,24,phononTF,9.99803e-05,0.000258537,-4.6903e-06,4.9999e-05,1227.9,9.99803e-05,1,0.000151617,1.57114e-05,5e-05,1293.81
0,46,23,phononTF,4.7481e-05,0.000258537,-4.6903e-06,4.9999e-05,1227.9,4.7481e-05,1,0.000408488,9.05687e-05,5e-05,1408.33
0,47,1,phononL,0.0075,0,0,0,0,0.0075,1,-8.54905e-05,3.15027e-05,5e-05,129.784
0,48,3,phononTS,0.00479226,2.84969e-08,-2.15576e-07,-2.61371e-07,0.0638721,0.00479226,1,0.000184808,8.88698e-05,5e-05,166.494
0,48,2,phononTF,0.00270774,2.84969e-08,-2.15576e-07,-2.61371e-07,0.0638721,0.00069486,1,-0.000334904,0.000102911,5e-05,3654.66
0,48,6,phononTF,0.00117611,-0.000334904,0.000102911,4.9999e-05,3654.66,0.00117611,1,-0.000614097,9.44273e-05,5e-05,3792.08
0,49,1,phononTF,0.0075,0,0,0,0,0.0075,1,9.40958e-05,3.54228e-05,5e-05,290.263
0,50,3,phononTF,0.00411369,-8.72608e-06,-8.66325e-06,7.09624e-06,2.5897,0.00234044,1,4.10687e-05,-1.06484e-05,5e-05,295.111
0,50,15,phononTS,0.00018518,4.10687e-05,-1.06484e-05,4.9999e-05,295.111,0.00018518,1,1.90763e-05,7.15315e-05,5e-05,419.4
0,50,14,phononTF,9.97475e-05,4.10687e-05,-1.06484e-05,4.9999e-05,295.111,9.97475e-05,1,0.00105598,-6.32883e-06,5e-05,586.673
0,50,10,phononL,7.22907e-05,4.10687e-05,-1.06484e-05,4.9999e-05,295.111,7.22907e-05,1,0.000590284,8.12355e-05,5e-05,448.191
0,50,8,phononTF,2.4369e-05,4.10687e-05,-1.06484e-05,4.9999e-05,295.111,2.4369e-05,1,6.78449e-05,8.74441e-05,5e-05,467.442
0,50,5,phononTS,0.000421495,4.10687e-05,-1.06484e-05,4.9999e-05,295.111,0.000421495,1,-0.00290276,4.92266e-05,5e-05,5323.28
0,50,2,phononTS,0.00338631,-8.72608e-06,-8.66325e-06,7.09624e-06,2.5897,0.00164535,1,4.40979e-05,-0.000274332,5e-05,284.753
0,50,24,phononTF,0.000260516,4.40979e-05,-0.000274332,4.9999e-05,284.753,0.000260516,1,8.31447e-05,-0.000274721,5e-05,342.241
0,50,19,phononTS,0.000288083,4.40979e-05,-0.000274332,4.9999e-05,284.753,0.000288083,1,0.000255071,4.84751e-06,5e-05,521.613
0,50,17,phononTF,0.000106862,4.40979e-05,-0.000274332,4.9999e-05,284.753,0.000106862,1,0.000544266,9.84533e-05,5e-05,3554.3
0,51,1,phononTF,0.0075,0,0,0,0,0.00389608,1,-0.000108512,3.70305e-05,5e-05,269.714
0,51,23,phononTF,4.33933e-06,-0.000108512,3.70305e-05,4.9999e-05,269.714,4.33933e-06,1,0.000125677,-0.000130829,5e-05,3447.37
0,51,21,phononTS,0.000137346,-0.000108512,3.70305e-05,4.9999e-05,269.714,0.000137346,1,0.000154874,-0.000314076,5e-05,517.151
0,51,15,phononTF,0.000171778,-0.000108512,3.70305e-05,4.9999e-05,269.714,0.000171778,1,-0.000114337,-0.00014436,5e-05,345.807
0,51,14,phononTS,0.000249386,-0.000108512,3.70305e-05,4.9999e-05,269.714,0.000249386,1,-0.00422982,2.59427e-05,5e-05,7342.92
0,51,9,phononTF,0.000135142,-0.000108512,3.70305e-05,4.9999e-05,269.714,0.000135142,1,-0.000177219,-0.00012997,5e-05,352.516
0,51,5,phononL,0.000233425,-0.000108512,3.70305e-05,4.9999e-05,269.714,0.000233425,1,-8.0363e-06,-5.89335e-06,5e-05,313.839
0,52,2,phononTF,0.00423439,8.80794e-06,-3.96932e-05,3.33891e-05,168.04,0.00155458,1,-1.94039e-06,-4.94494e-05,5e-05,183.67
0,52,10,phononTF,0.000150968,-1.94039e-06,-4.94494e-05,4.9999e-05,183.67,0.000150968,1,0.000161905,-4.12012e-05,5e-05,305.421
0,52,9,phononTF,4.50209e-06,-1.94039e-06,-4.94494e-05,4.9999e-05,183.67,4.50209e-06,1,3.2394e-06,-0.000177004,5e-05,250.493
0,52,6,phononTF,0.000260475,-1.94039e-06,-4.94494e-05,4.9999e-05,183.67,0.000260475,1,0.000110373,-5.44203e-05,5e-05,248.265
0,53,3,phononTS,0.00412521,1.57214e-05,6.72086e-05,-1.97946e-05,214.2,0.00208458,1,-5.34918e-05,-2.70671e-05,5e-05,660.497
0,53,13,phononTF,8.67941e-05,-5.34918e-05,-2.70671e-05,4.9999e-05,660.497,8.67941e-05,1,-0.00331516,7.21147e-05,5e-05,2769.85
0,53,9,phononTS,2.15322e-05,-5.34918e-05,-2.70671e-05,4.9999e-05,660.497,2.15322e-05,1,4.74867e-05,4.20335e-05,5e-05,1008.23
0,53,8,phononTS,1.11838e-05,-5.34918e-05,-2.70671e-05,4.9999e-05,660.497,1.11838e-05,1,3.68468e-05,3.70105e-05,5e-05,735.595
0,53,7,phononTF,8.20234e-05,-5.34918e-05,-2.70671e-05,4.9999e-05,660.497,8.20234e-05,1,0.000294526,-1.22868e-05,5e-05,809.714
0,53,4,phononL,0.00115034,-5.34918e-05,-2.70671e-05,4.9999e-05,660.497,0.00115034,1,6.80831e-05,-0.000237868,5e-05,781.165
0,53,2,phononTS,0.00337479,1.57214e-05,6.72086e-05,-1.97946e-05,214.2,0.00337479,1,-8.34346e-05,-0.000137675,5e-05,413.996
0,54,7,phononTS,0.000921067,-3.16706e-05,0.000456614,4.9999e-05,247.126,0.000921067,1,0.000189436,3.91294e-05,5e-05,1323.71
0,54,4,phononTS,0.000251078,-3.16719e-05,0.000456613,4.9999e-05,247.125,0.000251078,1,0.00273128,-6.76348e-08,5e-05,4914.22
0,54,8,phononTF,0.00363466,-0.000270694,0.000438763,3.76411e-05,1142.12,0.00363466,1,-0.000338538,6.51518e-05,5e-05,1548.28
0,55,3,phononTF,0.00435489,-4.89352e-06,2.1769e-06,-1.15089e-05,22.3284,0.00243201,1,1.36209e-05,9.22434e-06,5e-05,40.9039
0,55,18,phononTF,0.000304324,1.36209e-05,9.22434e-06,4.9999e-05,40.9039,0.000304324,1,-0.00012005,8.53446e-06,5e-05,108.707
0,55,11,phononTS,6.35886e-05,1.36209e-05,9.22434e-06,4.9999e-05,40.9039,6.35886e-05,1,-3.09976e-05,1.3471e-05,5e-05,284.115
0,55,10,phononTS,0.000225566,1.36209e-05,9.22434e-06,4.9999e-05,40.9039,0.000225566,1,-1.13476e-05,-6.86298e-05,5e-05,209.588
0,55,9,phononTF,6.06666e-05,1.36209e-05,9.22434e-06,4.9999e-05,40.9039,6.06666e-05,1,0.000755671,9.80731e-05,5e-05,287.273
0,55,8,phononTS,0.00031454,1.36209e-05,9.22434e-06,4.9999e-05,40.9039,0.00031454,1,3.9313e-05,1.02775e-05,5e-05,100.414
0,55,7,phononTS,1.76561e-05,1.36209e-05,9.22434e-06,4.9999e-05,40.9039,1.76561e-05,1,4.07578e-06,3.35395e-05,5e-05,97.2917
0,55,5,phononTS,6.96329e-05,1.36209e-05,9.22434e-06,4.9999e-05,40.9039,6.96329e-05,1,-6.87863e-05,-5.71883e-05,5e-05,170.642
0,56,1,phononTS,0.0075,0,0,0,0,0.0075,1,-2.35399e-06,7.14621e-05,5e-05,142.085
0,57,3,phononTF,0.00425929,-4.38523e-05,2.18226e-05,2.82962e-05,10.5559,0.00425929,1,0.000845857,3.79406e-05,5e-05,1610.78
0,58,6,phononTF,0.000730142,-0.000230215,0.000239009,-4.9999e-05,1905.61,0.000730142,1,-7.48271e-05,-0.000245012,5e-05,4771.05
0,58,2,phononL,0.00327994,7.39182e-07,1.75561e-05,3.12754e-05,97.2378,0.00127526,1,-3.96658e-05,-0.000175768,5e-05,409.876
0,58,13,phononTS,0.000105302,-3.96658e-05,-0.000175768,4.9999e-05,409.876,0.000105302,1,-0.00019628,-0.000327747,5e-05,506.631
0,58,12,phononTF,5.84673e-05,-3.96658e-05,-0.000175768,4.9999e-05,409.876,5.84673e-05,1,-0.00293464,1.01056e-05,5e-05,2156.91
0,58,11,phononTF,4.81934e-05,-3.96658e-05,-0.000175768,4.9999e-05,409.876,4.81934e-05,1,0.00174227,-3.80503e-06,5e-05,3362.06
0,58,10,phononTS,0.000695986,-3.96658e-05,-0.000175768,4.9999e-05,409.876,0.000695986,1,-9.41696e-05,-0.000140951,5e-05,476.628
0,59,1,phononL,0.0075,0,0,0,0,0.00389395,1,-0.000119001,7.71705e-05,5e-05,392.69
0,59,20,phononL,3.95601e-06,-0.000119001,7.71705e-05,4.9999e-05,392.69,3.95601e-06,1,-0.000190529,-6.26794e-05,5e-05,440.397
0,59,15,phononTS,0.000405464,-0.000119001,7.71705e-05,4.9999e-05,392.69,0.000405464,1,-0.000330555,1.13784e-05,5e-05,499.195
0,59,9,phononTF,0.000281308,-0.000119001,7.71705e-05,4.9999e-05,392.69,0.000281308,1,-0.00012325,-8.93458e-05,5e-05,466.011
0,59,8,phononTS,3.16296e-06,-0.000119001,7.71705e-05,4.9999e-05,392.69,3.16296e-06,1,-0.00139508,7.84815e-05,5e-05,775.974
0,59,7,phononTS,0.000700898,-0.000119001,7.71705e-05,4.9999e-05,392.69,0.000700898,1,-0.000188758,3.12706e-05,5e-05,462.576
0,59,6,phononTS,0.000183864,-0.000119001,7.71705e-05,4.9999e-05,392.69,0.000183864,1,-0.000155278,-0.000103556,5e-05,6051.75
0,59,5,phononTF,0.000504208,-0.000119001,7.71705e-05,4.9999e-05,392.69,0.00034743,1,-2.72409e-05,8.16251e-05,5e-05,454.666
0,59,4,phononTF,4.65831e-05,-0.000119001,7.71705e-05,4.9999e-05,392.69,4.65831e-05,1,-0.000606009,6.63032e-05,5e-05,656.614
0,60,3,phononL,0.00359861,2.93643e-05,-8.2496e-05,3.01914e-06,114.586,0.00359861,1,7.02427e-05,4.6828e-05,5e-05,220.566
0,60,2,phononTF,0.00390139,2.93643e-05,-8.2496e-05,3.01914e-06,114.586,0.00069486,1,-0.00019381,-6.65025e-06,5e-05,437.699
0,60,9,phononTS,0.000262307,-0.00019381,-6.65025e-06,4.9999e-05,437.699,0.000262307,1,-0.000184365,-5.41548e-06,5e-05,494.735
0,60,7,phononTS,0.00142083,-0.00019381,-6.65025e-06,4.9999e-05,437.699,0.00142083,1,-0.000196579,1.88787e-05,5e-05,493.883
0,61,5,phononTS,0.00223537,-5.92936e-07,9.64461e-06,3.55589e-05,35.9204,0.00223537,1,7.6813e-06,2.79678e-05,5e-05,43.0574
0,61,6,phononTF,0.00163145,1.7526e-05,-1.1068e-05,4.9999e-05,46.2925,0.00163145,1,3.376e-05,-0.000262655,5e-05,138.887
0,61,2,phononTS,0.0032282,-2.44047e-05,2.08645e-05,7.96845e-06,28.8478,0.0006143,1,-3.87103e-05,4.43548e-05,5e-05,114.514
0,62,1,phononTS,0.0075,0,0,0,0,0.00324124,1,5.9791e-05,-3.36794e-05,5e-05,123.128
0,62,16,phononTF,7.13506e-06,5.9791e-05,-3.36794e-05,4.9999e-05,123.128,7.13506e-06,1,-0.00284584,-4.85365e-06,5e-05,1260.41
0,62,13,phononTS,0.000286514,5.9791e-05,-3.36794e-05,4.9999e-05,123.128,0.000286514,1,2.54204e-05,-1.49431e-05,5e-05,242.838
0,62,11,phononTF,0.000366043,5.9791e-05,-3.36794e-05,4.9999e-05,123.128,0.000366043,1,-0.000175589,-9.53019e-05,5e-05,415.801
0,62,7,phononTS,0.000268656,5.9791e-05,-3.36794e-05,4.9999e-05,123.128,0.000268656,1,5.60731e-05,1.00045e-05,5e-05,295.097
0,63,1,phononTS,0.0075,0,0,0,0,0.00313121,1,-8.54659e-05,3.02488e-05,5e-05,161.358
0,63,22,phononTS,0.000128195,-8.54659e-05,3.02488e-05,4.9999e-05,161.358,0.000128195,1,-4.41043e-05,1.94043e-05,5e-05,223.503
0,63,19,phononTS,7.40435e-05,-8.54659e-05,3.02488e-05,4.9999e-05,161.358,7.40435e-05,1,-0.000109875,4.80016e-05,5e-05,223.641
0,63,10,phononTF,0.00113919,-8.54659e-05,3.02488e-05,4.9999e-05,161.358,0.00113919,1,-0.000147438,2.70191e-05,5e-05,220.348
0,63,8,phononTF,0.000442151,-8.54659e-05,3.02488e-05,4.9999e-05,161.358,0.000442151,1,-8.70726e-05,-4.82359e-05,5e-05,276.382
0,63,6,phononTF,3.22251e-05,-8.54659e-05,3.02488e-05,4.9999e-05,161.358,3.22251e-05,1,0.000733327,4.5442e-05,5e-05,447.796
0,63,3,phononTS,2.72635e-05,-8.54659e-05,3.02488e-05,4.9999e-05,161.358,2.72635e-05,1,-0.00218962,7.80216e-05,5e-05,7561.01
0,64,3,phononTS,0.00445535,-1.50809e-05,4.39217e-05,3.88018e-05,167.976,0.00445535,1,-1.87892e-05,5.07458e-05,5e-05,172.731
0,65,3,phononTS,0.00507679,1.35887e-05,-1.88722e-05,1.62403e-05,16.1553,0.00507679,1,0.000167769,-0.000121674,5e-05,354.65
0,66,9,phononTS,0.00107156,0.000152236,0.000395032,4.9999e-05,5110.88,0.00107156,1,0.00270568,7.01376e-05,5e-05,5913.95
0,66,6,phononTF,0.000294196,7.05429e-05,0.00049836,-4.9998e-05,5080.7,0.000294196,1,-0.000148405,-9.91176e-05,5e-05,5330.55
0,67,5,phononL,0.00278284,0.000317345,1.43509e-05,-4.64286e-05,1016.98,0.00278284,1,0.000262121,7.96951e-05,5e-05,1093.7
0,67,4,phononTF,0.00212406,0.000317345,1.43509e-05,-4.64286e-05,1016.98,0.00069486,1,0.000217486,1.83575e-05,5e-05,1056.05
0,67,10,phononTS,7.08984e-05,0.000217486,1.83575e-05,4.9999e-05,1056.05,7.08984e-05,1,5.48779e-05,-0.000138191,5e-05,16775.5
0,67,6,phononTS,0.000107397,0.000217486,1.83575e-05,4.9999e-05,1056.05,0.000107397,1,-0.00426226,4.99374e-05,5e-05,46672.9
0,68,1,phononTS,0.0075,0,0,0,0,0.0075,1,4.43108e-05,4.45949e-05,5e-05,184.585
0,69,2,phononTF,0.00400999,1.50427e-05,-0.000107315,1.57376e-05,209.509,0.00206591,1,-2.5365e-06,8.33437e-05,5e-05,755.832
0,70,1,phononTF,0.0075,0,0,0,0,0.0075,1,7.4639e-05,4.41979e-05,5e-05,162.151
0,71,1,phononTS,0.0075,0,0,0,0,0.00304486,1,7.18642e-06,-8.12499e-07,5e-05,97.1387
0,71,13,phononTS,2.95675e-05,7.18642e-06,-8.12499e-07,4.9999e-05,97.1387,2.95675e-05,1,1.38572e-05,2.44639e-05,5e-05,156.02
0,71,11,phononTS,0.000710044,7.18642e-06,-8.12499e-07,4.9999e-05,97.1387,0.00034743,1,-1.17526e-05,-1.43024e-05,5e-05,158.574
0,71,22,phononTF,2.57086e-05,-1.17526e-05,-1.43024e-05,4.9999e-05,158.574,2.57086e-05,1,3.32732e-05,-6.96674e-05,5e-05,220.494
0,71,4,phononTS,9.11992e-06,7.18642e-06,-8.12499e-07,4.9999e-05,97.1387,9.11992e-06,1,0.000139288,2.6557e-05,5e-05,182.709
0,72,3,phononTS,0.00289159,-2.88944e-05,1.52864e-05,-4.68189e-05,113.64,0.000725782,1,-8.28014e-05,7.45347e-05,5e-05,234.147
0,72,2,phononTF,0.00460841,-2.88944e-05,1.52864e-05,-4.68189e-05,113.64,0.00460841,1,0.000139873,3.11757e-07,5e-05,534.342
0,73,2,phononTS,0.00268666,-2.6493e-05,-4.95989e-05,-4.55376e-05,112.114,0.00268666,1,-0.00013197,6.37475e-05,5e-05,491.792
0,74,3,phononTS,0.00425147,7.42301e-05,-4.45986e-05,-4.86939e-05,83.2917,0.00425147,1,2.0032e-05,-4.75274e-05,5e-05,481.041
0,74,2,phononTS,0.00324853,7.42301e-05,-4.45986e-05,-4.86939e-05,83.2917,0.00324853,1,0.000200158,-4.16042e-05,5e-05,372.447
0,75,3,phononTF,0.00228478,-1.72818e-05,1.05353e-05,1.38937e-06,9.31062,0.00138972,1,5.80672e-05,1.82048e-05,5e-05,33.3403
0,75,12,phononTF,0.000116722,5.80672e-05,1.82048e-05,4.9999e-05,33.3403,0.000116722,1,0.000116983,1.87323e-05,5e-05,92.1073
0,75,11,phononTF,0.000169535,5.80672e-05,1.82048e-05,4.9999e-05,33.3403,0.000169535,1,5.47519e-05,-0.000118332,5e-05,101.574
0,75,10,phononTF,6.07856e-05,5.80672e-05,1.82048e-05,4.9999e-05,33.3403,6.07856e-05,1,0.000122556,-5.43952e-05,5e-05,151.382
0,75,6,phononTS,6.33934e-05,5.80672e-05,1.82048e-05,4.9999e-05,33.3403,6.33934e-05,1,-3.87201e-05,-0.00011396,5e-05,177.441
0,75,2,phononL,0.00521522,-1.72818e-05,1.05353e-05,1.38937e-06,9.31062,0.00521522,1,-3.28802e-05,3.42238e-05,5e-05,138.291
0,76,3,phononL,0.00353584,9.212e-05,-4.70768e-06,4.14013e-05,147.377,0.00353584,1,0.000110938,3.25727e-05,5e-05,155.62
0,76,2,phononTF,0.00396416,9.212e-05,-4.70768e-06,4.14013e-05,147.377,0.00138972,1,0.000114911,-6.40762e-06,5e-05,154.369
0,76,15,phononTS,0.000208628,0.000114911,-6.40762e-06,4.9999e-05,154.369,0.000208628,1,0.000144916,5.13926e-05,5e-05,458.826
0,76,12,phononTF,0.000323738,0.000114911,-6.40762e-06,4.9999e-05,154.369,0.000323738,1,0.000100813,-1.12332e-05,5e-05,267.231
0,76,5,phononTS,0.000367728,0.000114911,-6.40762e-06,4.9999e-05,154.369,0.000367728,1,0.000163109,1.45728e-05,5e-05,267.261
0,77,5,phononTF,0.00224343,-0.000217171,-0.00021951,-2.96347e-05,520.735,0.00224343,1,-0.000991826,8.78885e-05,5e-05,849.675
0,77,4,phononTF,0.00300561,-0.000217171,-0.00021951,-2.96347e-05,520.735,0.00217856,1,0.000580716,2.93447e-05,5e-05,2508.35
0,78,3,phononTF,0.00443947,-2.25267e-07,1.37571e-07,-8.94861e-09,0.0507076,0.00443947,1,7.81315e-05,-0.000198195,5e-05,432.608
0,78,2,phononTF,0.00306053,-2.25267e-07,1.37571e-07,-8.94861e-09,0.0507076,0.00306053,1,-1.77031e-05,1.15812e-05,5e-05,37.7839
0,79,4,phononTF,0.00283129,0.000390287,-0.000530662,-2.39758e-05,1038.49,0.00283129,1,0.000174878,-0.000323983,5e-05,2165.15
0,80,1,phononTS,0.0075,0,0,0,0,0.0075,1,-8.61994e-05,-6.56982e-05,5e-05,186.66
0,81,3,phononTS,0.00305341,2.19078e-06,-2.19046e-05,2.84646e-06,11.0667,0.000721755,1,-8.07899e-06,-1.27985e-05,5e-05,26.5786
0,81,7,phononTF,0.00117664,-8.07899e-06,-1.27985e-05,4.9999e-05,26.5786,0.00069486,1,-9.5306e-05,-1.38621e-05,5e-05,88.0771
0,81,4,phononTS,0.000495101,-8.07899e-06,-1.27985e-05,4.9999e-05,26.5786,0.00034743,1,-8.03864e-06,-0.000119636,5e-05,265.769
0,81,2,phononTS,0.00444659,2.19078e-06,-2.19046e-05,2.84646e-06,11.0667,0.0031286,1,-0.000424003,6.13043e-05,5e-05,292.581
0,81,28,phononL,9.49115e-08,-0.000424003,6.13043e-05,4.9999e-05,292.581,9.49115e-08,1,-0.000126507,2.27275e-05,5e-05,361.155
0,81,27,phononTS,7.59436e-05,-0.000424003,6.13043e-05,4.9999e-05,292.581,7.59436e-05,1,-0.0004048,6.55371e-05,5e-05,349.099
0,81,26,phononTS,5.21531e-05,-0.000424003,6.13043e-05,4.9999e-05,292.581,5.21531e-05,1,-0.000442835,9.70475e-05,5e-05,357.707
0,81,22,phononTF,9.13387e-06,-0.000424003,6.13043e-05,4.9999e-05,292.581,9.13387e-06,1,-0.000631218,8.89738e-05,5e-05,422.186
0,81,21,phononTS,2.47696e-06,-0.000424003,6.13043e-05,4.9999e-05,292.581,2.47696e-06,1,-0.000375678,9.38376e-05,5e-05,360.447
0,81,17,phononTS,6.10953e-05,-0.000424003,6.13043e-05,4.9999e-05,292.581,6.10953e-05,1,-0.000440191,0.000102357,5e-05,355.369
0,82,3,phononTF,0.00415098,-3.76887e-05,-1.87881e-05,-1.86151e-05,84.3005,0.00415098,1,0.000164583,-0.000195114,5e-05,241.647
0,83,2,phononTF,0.00450272,1.36362e-05,3.85519e-05,3.82019e-05,90.8748,0.00450272,1,1.45508e-05,4.55402e-05,5e-05,104.326
0,84,3,phononL,0.00251425,4.85503e-05,0.000229064,9.86194e-06,1428.69,0.000419524,1,0.00258888,9.49793e-05,5e-05,4413.05
0,84,4,phononTS,0.000190803,0.00258888,9.49793e-05,4.9999e-05,4413.05,0.000190803,1,0.00247169,8.16516e-05,5e-05,4636.53
0,84,2,phononL,0.00498575,4.85503e-05,0.000229064,9.86194e-06,1428.69,0.00498575,1,0.000168685,4.13267e-05,5e-05,3273.2
0,85,3,phononTS,0.00466202,5.26488e-05,2.22648e-05,-8.64797e-06,332.546,0.00466202,1,-9.89944e-05,5.13941e-05,5e-05,639.374
0,85,2,phononL,0.00283798,5.26488e-05,2.22648e-05,-8.64797e-06,332.546,0.00283798,1,6.72495e-05,-0.000152171,5e-05,2805.97
0,86,3,phononTS,0.00449073,5.2706e-06,3.86098e-05,8.58295e-06,357.907,0.00449073,1,2.28276e-05,5.13489e-05,5e-05,378.58
0,86,2,phononTF,0.00300927,5.2706e-06,3.86098e-05,8.58295e-06,357.907,0.00216646,1,4.33246e-05,-3.65233e-05,5e-05,1035.33
0,86,11,phononTF,0.000176769,4.33246e-05,-3.65233e-05,4.9999e-05,1035.33,0.000176769,1,0.00125049,-5.16006e-06,5e-05,1651.55
0,86,6,phononTS,0.000292627,4.33246e-05,-3.65233e-05,4.9999e-05,1035.33,0.000292627,1,-7.85559e-05,1.12864e-05,5e-05,1317.25
0,86,4,phononTS,7.34261e-05,4.33246e-05,-3.65233e-05,4.9999e-05,1035.33,7.34261e-05,1,-0.000179906,-0.000263919,5e-05,4186.11
0,87,3,phononTS,0.00321402,2.78363e-05,3.55971e-05,-3.54742e-05,183.778,0.00208458,1,2.7056e-05,-0.000226521,5e-05,370.374
0,87,13,phononTF,8.2765e-06,2.7056e-05,-0.000226521,4.9999e-05,370.374,8.2765e-06,1,-0.0036059,9.47538e-06,5e-05,3045.46
0,87,11,phononTF,1.18704e-06,2.7056e-05,-0.000226521,4.9999e-05,370.374,1.18704e-06,1,-0.000192045,-0.000222447,5e-05,3882.47
0,87,8,phononTF,6.17786e-06,2.7056e-05,-0.000226521,4.9999e-05,370.374,6.17786e-06,1,2.78983e-05,-0.000265103,5e-05,427.804
0,88,3,phononTF,0.004654,-6.84004e-06,-0.000108166,-6.85803e-07,333.083,0.004654,1,0.000108244,-0.000177566,5e-05,463.065
0,88,2,phononTF,0.002846,-6.84004e-06,-0.000108166,-6.85803e-07,333.083,0.00187432,1,-0.000677006,9.1361e-05,5e-05,3717.24
0,88,10,phononTS,3.74079e-06,-0.000677006,9.1361e-05,4.9999e-05,3717.24,3.74079e-06,1,-0.000604494,7.27992e-05,5e-05,3897.68
0,88,8,phononTS,0.000274162,-0.000677006,9.1361e-05,4.9999e-05,3717.24,0.000274162,1,-0.000669777,7.37329e-05,5e-05,3774.27
0,89,3,phononTS,0.00394175,-0.000118711,7.13556e-05,-2.84924e-05,225.486,0.00177441,1,-7.26589e-05,-0.000233458,5e-05,586.507
0,89,10,phononTF,1.45663e-05,-7.26589e-05,-0.000233458,4.9999e-05,586.507,1.45663e-05,1,-1.8062e-05,-0.000230528,5e-05,644.92
0,89,8,phononTS,0.000514376,-7.26589e-05,-0.000233458,4.9999e-05,586.507,0.000514376,1,-4.86636e-05,-0.000240224,5e-05,642.807
0,89,4,phononTF,0.000813244,-7.26589e-05,-0.000233458,4.9999e-05,586.507,0.000813244,1,0.000183771,-0.000210634,5e-05,4261.7
0,89,2,phononTS,0.00355825,-0.000118711,7.13556e-05,-2.84924e-05,225.486,0.00355825,1,-9.95824e-05,-0.000154359,5e-05,513.334
0,90,3,phononTF,0.0033734,-8.91126e-05,2.27448e-05,-3.19888e-05,361.157,0.00069486,1,-0.000218462,6.66309e-06,5e-05,456.719
0,90,8,phononTF,5.9739e-05,-0.000218462,6.66309e-06,4.9999e-05,456.719,5.9739e-05,1,-0.00024262,6.3923e-05,5e-05,516.931
0,90,12,phononTS,0.000832346,-0.00421451,0.00484805,-4.9998e-05,2427.6,0.000832346,1,1.31079e-05,9.40536e-05,5e-05,5069.72
0,90,16,phononTS,0.00135856,-0.000358302,-0.000100221,-4.9999e-05,1312.39,0.00135856,1,-0.000134835,-0.000155087,5e-05,1767.99
0,90,15,phononTF,0.000688513,-0.000358302,-0.000100221,-4.9999e-05,1312.39,0.00034743,1,-6.45147e-05,-0.000275348,5e-05,9721.04
0,90,20,phononL,0.00143668,-0.000740974,0.00016273,4.9999e-05,1432.55,0.00143668,1,-0.000959727,-4.60533e-06,5e-05,4624.52
0,91,3,phononTF,0.00559825,1.18784e-05,6.74432e-06,5.98331e-06,55.9339,0.00310508,1,-8.1954e-05,1.39364e-05,5e-05,629.339
0,91,19,phononTF,9.17277e-07,-8.1954e-05,1.39364e-05,4.9999e-05,629.339,9.17277e-07,1,-8.12501e-05,9.83666e-05,5e-05,744.643
0,91,18,phononTS,2.66115e-06,-8.1954e-05,1.39364e-05,4.9999e-05,629.339,2.66115e-06,1,-8.01471e-05,3.82988e-05,5e-05,688.67
0,91,17,phononTS,0.000121723,-8.1954e-05,1.39364e-05,4.9999e-05,629.339,0.000121723,1,-0.000128536,6.0673e-05,5e-05,753.019
0,91,14,phononTF,6.33327e-05,-8.1954e-05,1.39364e-05,4.9999e-05,629.339,6.33327e-05,1,8.94339e-05,1.66496e-05,5e-05,703.77
0,91,11,phononTS,4.34087e-05,-8.1954e-05,1.39364e-05,4.9999e-05,629.339,4.34087e-05,1,-0.000147415,-0.000149246,5e-05,937.561
0,91,5,phononTF,0.000164856,-8.1954e-05,1.39364e-05,4.9999e-05,629.339,0.000164856,1,-8.32669e-05,-3.78407e-05,5e-05,687.592
0,91,4,phononTF,0.000595382,-8.1954e-05,1.39364e-05,4.9999e-05,629.339,0.00034743,1,-7.24282e-05,-0.000142198,5e-05,702.091
0,91,21,phononTF,0.000240141,-7.24282e-05,-0.000142198,4.9999e-05,702.091,0.000240141,1,0.000186473,-0.000155545,5e-05,940.154
0,91,20,phononTS,7.81044e-06,-7.24282e-05,-0.000142198,4.9999e-05,702.091,7.81044e-06,1,-1.48093e-06,-1.86588e-05,5e-05,959.093
0,92,3,phononL,0.00366849,3.77619e-05,5.49085e-06,-1.39817e-05,192.877,0.00366849,1,0.000113041,9.17265e-05,5e-05,216.844
0,92,2,phononTF,0.00383151,3.77619e-05,5.49085e-06,-1.39817e-05,192.877,0.00383151,1,-4.36505e-05,-0.000249129,5e-05,1251.34
0,93,3,phononL,0.005696,-8.32329e-06,-1.52957e-05,-3.04033e-05,56.4265,0.00239353,1,9.48999e-05,-1.08775e-05,5e-05,190.952
0,93,16,phononTS,0.00010727,9.48999e-05,-1.08775e-05,4.9999e-05,190.952,0.00010727,1,0.000155657,-6.55898e-06,5e-05,311.391
0,93,15,phononTF,1.70514e-05,9.48999e-05,-1.08775e-05,4.9999e-05,190.952,1.70514e-05,1,0.000143264,-0.00020875,5e-05,276.496
0,93,9,phononTF,0.000112498,9.48999e-05,-1.08775e-05,4.9999e-05,190.952,0.000112498,1,0.000346399,-9.89861e-06,5e-05,282.08
0,93,7,phononTS,0.000789878,9.48999e-05,-1.08775e-05,4.9999e-05,190.952,0.000731494,1,-0.000200722,-0.000363672,5e-05,604.815
0,93,17,phononTF,4.76291e-05,-0.000200722,-0.000363672,4.9999e-05,604.815,4.76291e-05,1,-4.30311e-05,-0.000306311,5e-05,684.063
0,93,6,phononTS,0.000102126,9.48999e-05,-1.08775e-05,4.9999e-05,190.952,0.000102126,1,-6.37645e-05,2.02942e-05,5e-05,282.965
0,93,4,phononTS,0.0013843,9.48999e-05,-1.08775e-05,4.9999e-05,190.952,0.00104229,1,0.000138575,1.95807e-05,5e-05,256.236
0,93,25,phononTS,0.000106208,0.000138575,1.95807e-05,4.9999e-05,256.236,0.000106208,1,9.05478e-05,1.32654e-06,5e-05,319.927
0,93,22,phononTS,5.92392e-05,0.000138575,1.95807e-05,4.9999e-05,256.236,5.92392e-05,1,-8.17384e-05,9.30035e-05,5e-05,473.787
0,93,21,phononTF,1.63219e-06,0.000138575,1.95807e-05,4.9999e-05,256.236,1.63219e-06,1,-0.000184598,1.89145e-05,5e-05,401.899
0,93,2,phononTF,0.001804,-8.32329e-06,-1.52957e-05,-3.04033e-05,56.4265,0.001804,1,8.03329e-05,6.65604e-05,5e-05,353.529
0,94,1,phononTF,0.0075,0,0,0,0,0.00422201,1,-0.000109402,-2.60843e-05,5e-05,97.8356
0,94,15,phononTS,0.000185667,-0.000109402,-2.60843e-05,4.9999e-05,97.8356,0.000185667,1,-4.7984e-05,-7.66788e-05,5e-05,169.104
0,94,14,phononTF,4.52998e-05,-0.000109402,-2.60843e-05,4.9999e-05,97.8356,4.52998e-05,1,-0.000103052,-0.000208764,5e-05,175.183
0,94,13,phononTF,0.000195403,-0.000109402,-2.60843e-05,4.9999e-05,97.8356,0.000195403,1,-0.000115011,-0.00021339,5e-05,176.005
0,94,11,phononTS,1.50407e-05,-0.000109402,-2.60843e-05,4.9999e-05,97.8356,1.50407e-05,1,-8.9005e-05,5.32244e-05,5e-05,221.676
0,94,8,phononTS,0.000233267,-0.000109402,-2.60843e-05,4.9999e-05,97.8356,0.000233267,1,-0.000279815,2.58489e-05,5e-05,193.445
0,94,2,phononTS,0.000200936,-0.000109402,-2.60843e-05,4.9999e-05,97.8356,0.000200936,1,-8.25941e-05,-0.000237622,5e-05,463.019
0,95,3,phononTS,0.00567739,1.00092e-05,-0.000112848,1.84484e-05,182.942,0.00186552,1,2.71429e-05,-0.000174674,5e-05,290.833
0,95,15,phononL,0.000131029,2.71429e-05,-0.000174674,4.9999e-05,290.833,0.000131029,1,-9.8804e-05,-0.000268402,5e-05,338.437
0,95,13,phononTF,0.000304901,2.71429e-05,-0.000174674,4.9999e-05,290.833,0.000304901,1,-5.37187e-05,-0.000140877,5e-05,3811.57
0,95,17,phononL,0.00117578,-0.000119006,-0.000201,-4.9999e-05,354.361,0.00117578,1,-0.000866153,9.50503e-05,5e-05,551.881
0,95,10,phononTF,0.000533998,2.71429e-05,-0.000174674,4.9999e-05,290.833,0.00034743,1,-0.000138671,-0.000182011,5e-05,363.944
0,95,8,phononTF,0.000647666,2.71429e-05,-0.000174674,4.9999e-05,290.833,0.000647666,1,8.03567e-05,-0.000172222,5e-05,349.151
0,95,4,phononTS,8.4143e-07,2.71429e-05,-0.000174674,4.9999e-05,290.833,8.4143e-07,1,1.82703e-05,-0.000247791,5e-05,470.314
0,96,1,phononTF,0.0075,0,0,0,0,0.0075,1,2.43413e-05,-3.27709e-05,5e-05,134.243
0,97,3,phononTS,0.00496482,1.98482e-05,5.12331e-05,-7.35313e-06,408.301,0.00104229,1,8.78226e-05,4.98355e-05,5e-05,518.631
0,97,10,phononTS,1.6491e-05,8.78226e-05,4.98355e-05,4.9999e-05,518.631,1.6491e-05,1,8.50524e-05,7.96547e-05,5e-05,574.456
0,97,9,phononTF,0.000104547,8.78226e-05,4.98355e-05,4.9999e-05,518.631,0.000104547,1,0.000640061,5.01795e-05,5e-05,840.623
0,97,6,phononTS,0.000901609,8.78226e-05,4.98355e-05,4.9999e-05,518.631,0.00034743,1,0.000102518,4.93812e-05,5e-05,575.935
0,97,13,phononTF,0.00027294,0.000102518,4.93812e-05,4.9999e-05,575.935,0.00027294,1,-0.000296796,6.5482e-05,5e-05,734.989
0,97,5,phononTS,0.00211031,8.78226e-05,4.98355e-05,4.9999e-05,518.631,0.000964383,1,8.00463e-05,8.32133e-05,5e-05,583.135
0,97,15,phononTS,2.28813e-05,8.00463e-05,8.32133e-05,4.9999e-05,583.135,2.28813e-05,1,0.00190263,9.46132e-05,5e-05,9018.28
0,97,2,phononTF,0.00253518,1.98482e-05,5.12331e-05,-7.35313e-06,408.301,0.00253518,1,0.00295303,0.000100407,5e-05,5852.35
0,98,1,phononL,0.0075,0,0,0,0,0.0034229,1,-3.64062e-05,-1.27723e-05,5e-05,836.297
0,98,21,phononTS,4.31827e-05,-3.64062e-05,-1.27723e-05,4.9999e-05,836.297,4.31827e-05,1,-7.2625e-05,-5.3936e-05,5e-05,961.363
0,98,20,phononTS,4.18151e-06,-3.64062e-05,-1.27723e-05,4.9999e-05,836.297,4.18151e-06,1,2.41229e-05,-0.00012795,5e-05,968.838
0,98,19,phononTF,0.000128301,-3.64062e-05,-1.27723e-05,4.9999e-05,836.297,0.000128301,1,-0.000278741,-1.05572e-05,5e-05,925.52
0,98,18,phononL,0.000222355,-3.64062e-05,-1.27723e-05,4.9999e-05,836.297,0.000222355,1,-2.27961e-05,8.06171e-05,5e-05,879.634
0,98,16,phononTF,1.01661e-06,-3.64062e-05,-1.27723e-05,4.9999e-05,836.297,1.01661e-06,1,1.97257e-05,6.18846e-05,5e-05,901.822
0,98,15,phononTS,6.52434e-06,-3.64062e-05,-1.27723e-05,4.9999e-05,836.297,6.52434e-06,1,-0.000142249,7.06899e-05,5e-05,916.527
0,98,6,phononTS,0.000258168,-3.64062e-05,-1.27723e-05,4.9999e-05,836.297,0.000258168,1,-9.99438e-05,-4.57733e-05,5e-05,907.102
0,99,3,phononTS,0.0035254,2.00645e-05,5.68598e-05,7.58532e-06,80.5304,0.0035254,1,5.26481e-05,9.22284e-05,5e-05,102.026
0,99,5,phononTS,0.00273606,-0.00106652,0.00028515,-5.86233e-06,3387.17,0.00138972,1,-0.0008043,6.81832e-05,5e-05,6463.57
0,99,11,phononTF,0.000448737,-0.0008043,6.81832e-05,4.9999e-05,6463.57,0.000448737,1,-0.00100757,7.39666e-05,5e-05,6543.88
0,99,10,phononTS,5.13922e-05,-0.0008043,6.81832e-05,4.9999e-05,6463.57,5.13922e-05,1,0.000734591,7.69135e-05,5e-05,11898.3
0,99,8,phononTF,7.4982e-05,-0.0008043,6.81832e-05,4.9999e-05,6463.57,7.4982e-05,1,-0.000570079,7.96017e-05,5e-05,6551.91
0,99,6,phononTS,0.000203685,-0.0008043,6.81832e-05,4.9999e-05,6463.57,0.000203685,1,-0.000845899,8.647e-05,5e-05,6583.87
Run ID,Event ID,Track ID,Particle Name,Start Energy [eV],Start X [m],Start Y [m],Start Z [m],Start Time [ns],Energy Deposited [eV],Track Weight,End X [m],End Y [m],End Z [m],Final Time [ns]
